dataset,n_ensemble,method_weights,compl_measure,loss_selected,loss_train_mean,loss_test_mean,train_acc_mean,test_acc_mean,loss_train_std,loss_test_std,train_acc_std,test_acc_std,conf_matr_train_total,conf_matr_test_total
disclosure_x_bias,1,classic,none,log_loss,0.69075635784667,0.6925401565506732,0.5211479893971012,0.5211442786069652,0.0003233979481278518,0.0022117107953282204,0.0007693568093155724,0.006946687858873804,"[[3105, 0], [2853, 0]]","[[345, 0], [317, 0]]"
disclosure_x_bias,2,classic,none,log_loss,0.6894493265520727,0.6932264002737238,0.5211479893971012,0.5211442786069652,0.0005634907949431313,0.0030554284043809057,0.0007693568093155724,0.006946687858873804,"[[3105, 0], [2853, 0]]","[[345, 0], [317, 0]]"
disclosure_x_bias,3,classic,none,log_loss,0.6882916483712018,0.6935389545428092,0.5260137612091816,0.509023066485753,0.0007723867268022512,0.0039966449155300725,0.015046183547979531,0.03564819662615806,"[[3045, 60], [2764, 89]]","[[331, 14], [311, 6]]"
disclosure_x_bias,4,classic,none,log_loss,0.68720636046003,0.6935976266135186,0.5256781907393829,0.5150836725463591,0.0009406385674444337,0.005274232850004026,0.013986189694098383,0.017094318916949486,"[[3078, 27], [2799, 54]]","[[338, 7], [314, 3]]"
disclosure_x_bias,5,classic,none,log_loss,0.6862177272516159,0.6938038324951352,0.5382620833568327,0.4999321573948439,0.0010736631144458546,0.006190225643295948,0.028705145767510983,0.04145307162665297,"[[2807, 298], [2453, 400]]","[[298, 47], [284, 33]]"
disclosure_x_bias,6,classic,none,log_loss,0.6852584758506778,0.6932373340197131,0.5599185043144774,0.5240615106286748,0.0012063034253953695,0.006613003982872594,0.023545482030200317,0.04109238231252962,"[[2786, 319], [2303, 550]]","[[293, 52], [263, 54]]"
disclosure_x_bias,7,classic,none,log_loss,0.6843351927500934,0.6936744419330131,0.5673010546500479,0.5089099954771596,0.001330423714265628,0.0071777116954498,0.021342000385861124,0.0580171888336075,"[[2696, 409], [2169, 684]]","[[276, 69], [256, 61]]"
disclosure_x_bias,8,classic,none,log_loss,0.6834702504072969,0.6935922297834969,0.5745169477186848,0.5180009045680687,0.0014238559836331772,0.0075142806746757015,0.02289388876603763,0.05602799496680704,"[[2596, 509], [2026, 827]]","[[271, 74], [245, 72]]"
disclosure_x_bias,9,classic,none,log_loss,0.6826300101033095,0.6938260277366173,0.579556708589476,0.5256218905472637,0.0015245800679504534,0.008718126101875681,0.021493002972772516,0.038542020589286546,"[[2566, 539], [1966, 887]]","[[265, 80], [234, 83]]"
disclosure_x_bias,10,classic,none,log_loss,0.6818293099250223,0.6941647570265238,0.5797239298403924,0.5226142017186793,0.0016268933950567594,0.009266407769784348,0.021622159163555272,0.039701505246743526,"[[2571, 534], [1970, 883]]","[[264, 81], [235, 82]]"
disclosure_x_bias,11,classic,none,log_loss,0.6810581669737784,0.6942361112975947,0.5913025210084033,0.5241293532338308,0.0017232800234484238,0.009963010511842306,0.014861048166622788,0.0519266205800562,"[[2436, 669], [1766, 1087]]","[[249, 96], [219, 98]]"
disclosure_x_bias,12,classic,none,log_loss,0.680318806055744,0.6938689015661691,0.5830813264903277,0.5286748077792854,0.0018031188849514323,0.010934106147358427,0.008859465865105038,0.06472797486618831,"[[2490, 615], [1869, 984]]","[[257, 88], [224, 93]]"
disclosure_x_bias,13,classic,none,log_loss,0.6795917002818853,0.693955751618794,0.5899593931532344,0.5301673450927182,0.001889724826057915,0.011169842665237614,0.013362872495271808,0.05536947197779086,"[[2450, 655], [1788, 1065]]","[[252, 93], [218, 99]]"
disclosure_x_bias,14,classic,none,log_loss,0.6788842175179015,0.6938143290566415,0.5931498505442445,0.5210990502035278,0.001966367770878309,0.011594984961016568,0.013360147329850455,0.05661947129067319,"[[2415, 690], [1734, 1119]]","[[244, 101], [216, 101]]"
disclosure_x_bias,15,classic,none,log_loss,0.6781886907650699,0.6941935640492045,0.5921422931588742,0.5226142017186793,0.0020540978796961358,0.012711526342754511,0.01247850841676283,0.055737470293939814,"[[2409, 696], [1734, 1119]]","[[245, 100], [216, 101]]"
disclosure_x_bias,16,classic,none,log_loss,0.677534938953073,0.6939144401891355,0.5928159720263945,0.5302125734961556,0.0021108232634980324,0.013148089202122673,0.013623445052190541,0.06154297104388091,"[[2424, 681], [1745, 1108]]","[[248, 97], [214, 103]]"
disclosure_x_bias,17,classic,none,log_loss,0.6769051168481793,0.6939811186790276,0.5981856635271559,0.5241293532338308,0.0021820191957646513,0.013448095102421277,0.013339850329094564,0.0533941102541396,"[[2387, 718], [1676, 1177]]","[[241, 104], [211, 106]]"
disclosure_x_bias,18,classic,none,log_loss,0.6762846593945946,0.6938404782822298,0.5983509108341323,0.5331976481230212,0.0022493055957585745,0.013696443637242596,0.014652693764134573,0.04789868483067153,"[[2397, 708], [1685, 1168]]","[[244, 101], [208, 109]]"
disclosure_x_bias,19,classic,none,log_loss,0.675679390330093,0.6939878554502374,0.5978492470813829,0.5195612844866576,0.002299182832538473,0.014001790403850111,0.014361044430517516,0.062300677843758104,"[[2399, 706], [1690, 1163]]","[[238, 107], [211, 106]]"
disclosure_x_bias,20,classic,none,log_loss,0.675086440713926,0.6950157309419406,0.5965052732502396,0.5210538218000904,0.0023707277387124406,0.015585583130987837,0.014355915853192987,0.06255419123954423,"[[2410, 695], [1709, 1144]]","[[240, 105], [212, 105]]"
disclosure_x_bias,21,classic,none,log_loss,0.6745152862560307,0.6944639181224289,0.5978475551294343,0.5271144278606965,0.0024215279044950606,0.015928722349321453,0.010933844556531368,0.08640495886440386,"[[2358, 747], [1649, 1204]]","[[236, 109], [204, 113]]"
disclosure_x_bias,22,classic,none,log_loss,0.6739541980432029,0.6939921724610407,0.6003705374767356,0.5286069651741293,0.0024717047806308593,0.016148076971140398,0.00846441886837386,0.0884247900146442,"[[2328, 777], [1604, 1249]]","[[235, 110], [202, 115]]"
disclosure_x_bias,23,classic,none,log_loss,0.6734071003142412,0.69412052329864,0.5995276634143589,0.5241293532338308,0.002523980449958518,0.016658979366092477,0.009345690928616372,0.08566654746823489,"[[2381, 724], [1662, 1191]]","[[237, 108], [207, 110]]"
disclosure_x_bias,24,classic,none,log_loss,0.6728772407886855,0.6940375152714111,0.6027192487733348,0.5317051108095885,0.002567883648156912,0.016902118124237836,0.008722821709140677,0.08053667652117967,"[[2343, 762], [1605, 1248]]","[[235, 110], [200, 117]]"
disclosure_x_bias,25,classic,none,log_loss,0.6723419642441801,0.694044479292798,0.6020481078337375,0.5241293532338308,0.002619054726923519,0.016805823571968272,0.008689864855012734,0.08566654746823489,"[[2358, 747], [1624, 1229]]","[[234, 111], [204, 113]]"
disclosure_x_bias,26,classic,none,log_loss,0.671827452227364,0.6938760078684734,0.6057393830015227,0.5377657168701945,0.0026552667346398484,0.016832461954220588,0.011337113307647828,0.07557941537536743,"[[2295, 810], [1539, 1314]]","[[233, 112], [194, 123]]"
disclosure_x_bias,27,classic,none,log_loss,0.6713358826579532,0.6936290422819937,0.6038914894816987,0.5301447308909996,0.0026933288351146663,0.017362857246510956,0.012082618907324915,0.08528203290289564,"[[2304, 801], [1559, 1294]]","[[231, 114], [197, 120]]"
disclosure_x_bias,28,classic,none,log_loss,0.6708497708632879,0.693440713273072,0.6069135976538267,0.5391677973767526,0.0027277911451190637,0.017512199159254366,0.010547301273567084,0.08448426864941277,"[[2271, 834], [1508, 1345]]","[[228, 117], [188, 129]]"
disclosure_x_bias,29,classic,none,log_loss,0.6703665024632925,0.6940999967923445,0.6116138401669392,0.5376978742650385,0.0027821237121445795,0.01923167167710026,0.00978995948938861,0.07563578495238296,"[[2216, 889], [1425, 1428]]","[[221, 124], [182, 135]]"
disclosure_x_bias,30,classic,none,log_loss,0.6699038790616749,0.693918690721168,0.6094326321132479,0.5331524197195839,0.0028105021740040415,0.01954849657733354,0.010223036270510678,0.08590395449271386,"[[2261, 844], [1483, 1370]]","[[223, 122], [187, 130]]"
disclosure_x_bias,31,classic,none,log_loss,0.6694551825255675,0.6938396138531694,0.6090976256274322,0.5270918136589778,0.0028361685880989975,0.019539399532696032,0.008463604905514559,0.08938252223373412,"[[2278, 827], [1502, 1351]]","[[221, 124], [189, 128]]"
disclosure_x_bias,32,classic,none,log_loss,0.6690057554345276,0.6940364176711857,0.6117821893858214,0.5376978742650385,0.0028486794693425997,0.01954909523714281,0.010201310398539094,0.07989974717267712,"[[2236, 869], [1444, 1409]]","[[221, 124], [182, 135]]"
disclosure_x_bias,33,classic,none,log_loss,0.6685706744384385,0.6938336928275357,0.6114480288759798,0.5407281772953414,0.0028756597817091415,0.019788612579463304,0.012864221284264923,0.0779031040207179,"[[2261, 844], [1471, 1382]]","[[225, 120], [184, 133]]"
disclosure_x_bias,34,classic,none,log_loss,0.6681457464231138,0.6941649966025623,0.6121177598556201,0.536182722749887,0.002903706299884729,0.019928160001962,0.012873340063039654,0.08019865899075199,"[[2250, 855], [1456, 1397]]","[[223, 122], [185, 132]]"
disclosure_x_bias,35,classic,none,log_loss,0.6677268344154157,0.6937828494152812,0.614131182674412,0.5407507914970602,0.0029349582448951177,0.02025082537219472,0.010277358779778496,0.07679428336995887,"[[2194, 911], [1388, 1465]]","[[219, 126], [178, 139]]"
disclosure_x_bias,36,classic,none,log_loss,0.6673149319419912,0.69404671266278,0.614131182674412,0.5392356399819087,0.0029571201367228346,0.020434444540777072,0.01072418132874007,0.07684062235583332,"[[2194, 911], [1388, 1465]]","[[219, 126], [179, 138]]"
disclosure_x_bias,37,classic,none,log_loss,0.6669085308383562,0.6940210369238311,0.6148037335739664,0.542243328810493,0.0029775793832526867,0.020810527188601546,0.010701715091885609,0.0778251177459876,"[[2195, 910], [1385, 1468]]","[[220, 125], [178, 139]]"
disclosure_x_bias,38,classic,none,log_loss,0.6665110579352439,0.6938440334782019,0.61429868591732,0.542243328810493,0.0030036339821102524,0.020785355968510718,0.010452800622560132,0.0778251177459876,"[[2191, 914], [1384, 1469]]","[[220, 125], [178, 139]]"
disclosure_x_bias,39,classic,none,log_loss,0.6661216159668286,0.693775234420798,0.6144667531442106,0.5407507914970602,0.003024911000731669,0.020770910050669868,0.010890765480672256,0.07612707503408256,"[[2204, 901], [1396, 1457]]","[[220, 125], [179, 138]]"
disclosure_x_bias,40,classic,none,log_loss,0.6657363287392022,0.6938134940507856,0.6151378940838079,0.5437810945273631,0.0030345727936459134,0.020789981219666076,0.010726132194690301,0.07626797246265028,"[[2199, 906], [1387, 1466]]","[[221, 124], [178, 139]]"
disclosure_x_bias,41,classic,none,log_loss,0.6653631520614626,0.6938358612926318,0.6153056793187074,0.545273631840796,0.0030571816757315176,0.020582162286108818,0.010894759204040616,0.07724079143247731,"[[2202, 903], [1389, 1464]]","[[222, 123], [178, 139]]"
disclosure_x_bias,42,classic,none,log_loss,0.6649935168777185,0.6939549139690031,0.6166479611979019,0.5467887833559475,0.0030768961173373716,0.02080162151866105,0.010090527051111964,0.07606342766980285,"[[2182, 923], [1361, 1492]]","[[220, 125], [175, 142]]"
disclosure_x_bias,43,classic,none,log_loss,0.664621509188293,0.6947216477446837,0.6163123907281033,0.545273631840796,0.003115370306941511,0.022492999068478712,0.010178318457276606,0.07757032334369769,"[[2174, 931], [1355, 1498]]","[[219, 126], [175, 142]]"
disclosure_x_bias,44,classic,none,log_loss,0.6642702680862616,0.6945526443771647,0.6171527268625571,0.542243328810493,0.003128553032878774,0.022624063472149906,0.011952082925117366,0.07880224971260591,"[[2198, 907], [1374, 1479]]","[[221, 124], [179, 138]]"
disclosure_x_bias,45,classic,none,log_loss,0.6639263210606028,0.6947286803505854,0.6158087530314139,0.5407507914970602,0.003144747570831976,0.022857601169040686,0.011705017903972137,0.07712572308144601,"[[2196, 909], [1380, 1473]]","[[221, 124], [180, 137]]"
disclosure_x_bias,46,classic,none,log_loss,0.6635994980759149,0.6947397728943031,0.6146345383791101,0.5377431026684758,0.0031595233931057324,0.023014126187486876,0.010664806387778954,0.07930150276283535,"[[2184, 921], [1375, 1478]]","[[218, 127], [179, 138]]"
disclosure_x_bias,47,classic,none,log_loss,0.6632697176314876,0.6945278166037336,0.6153056793187074,0.5362279511533243,0.003171449892262845,0.023426363614436202,0.009933188883408323,0.08055918034512831,"[[2184, 921], [1371, 1482]]","[[217, 128], [179, 138]]"
disclosure_x_bias,48,classic,none,log_loss,0.662943625525944,0.6947413656004445,0.6158093170153968,0.5377204884667571,0.0031853911658688873,0.023768230306058326,0.01013569191970932,0.07647173608660571,"[[2176, 929], [1360, 1493]]","[[216, 129], [177, 140]]"
disclosure_x_bias,49,classic,none,log_loss,0.6626185401895739,0.6947844289583338,0.6161454514691782,0.5377204884667571,0.0031953698460578613,0.02373347255830359,0.010166205676639159,0.07647173608660571,"[[2179, 926], [1361, 1492]]","[[216, 129], [177, 140]]"
disclosure_x_bias,50,classic,none,log_loss,0.6622981065602631,0.6948745341334981,0.6158095990073882,0.5407281772953414,0.0032029592868793575,0.023913093403675225,0.009778063544567958,0.07652296349260895,"[[2171, 934], [1355, 1498]]","[[216, 129], [175, 142]]"
disclosure_x_bias,51,classic,none,log_loss,0.6619879764600427,0.6946203621008843,0.6151384580677909,0.5362053369516057,0.0032189730636568085,0.02381994493272028,0.010761557543867517,0.07744603458480438,"[[2165, 940], [1353, 1500]]","[[215, 130], [177, 140]]"
disclosure_x_bias,52,classic,none,log_loss,0.6616761875644068,0.6952041188022301,0.6173199481134736,0.5346901854364541,0.0032366152324808735,0.0240970225256833,0.011149158367722034,0.08671885074070396,"[[2157, 948], [1332, 1521]]","[[213, 132], [176, 141]]"
disclosure_x_bias,53,classic,none,log_loss,0.6613688921071885,0.6951072443597971,0.6169843776436749,0.5392356399819087,0.0032457845972272774,0.02392992642540716,0.011082900653471265,0.08468945578060748,"[[2158, 947], [1335, 1518]]","[[216, 129], [176, 141]]"
disclosure_x_bias,54,classic,none,log_loss,0.6610668162892306,0.6952193818724789,0.6164810219389769,0.5331750339213026,0.0032662216954289767,0.02405683909095595,0.011878949242928533,0.07829087948275348,"[[2169, 936], [1349, 1504]]","[[214, 131], [178, 139]]"
disclosure_x_bias,55,classic,none,log_loss,0.6607820556033516,0.6952078582241792,0.6183266595228696,0.5346901854364541,0.003278472256610407,0.02398511004378346,0.011978604604263048,0.07639801954427092,"[[2161, 944], [1330, 1523]]","[[215, 130], [178, 139]]"
disclosure_x_bias,56,classic,none,log_loss,0.6604759804943883,0.6958859385583438,0.6181585922959788,0.5392356399819087,0.0033131594349603776,0.025128065258879183,0.011987885646947083,0.07612419754648261,"[[2149, 956], [1319, 1534]]","[[216, 129], [176, 141]]"
disclosure_x_bias,57,classic,none,log_loss,0.6601867911958805,0.696057169690143,0.6156418137724888,0.5377204884667571,0.0033153639374839277,0.025326241073603754,0.010591112698957232,0.0768045677198292,"[[2164, 941], [1349, 1504]]","[[215, 130], [176, 141]]"
disclosure_x_bias,58,classic,none,log_loss,0.6599077877988275,0.6958586787640062,0.618326377530878,0.5437810945273631,0.0033207344272982125,0.025681166680773877,0.012297713706943898,0.07314444212594157,"[[2130, 975], [1299, 1554]]","[[214, 131], [171, 146]]"
disclosure_x_bias,59,classic,none,log_loss,0.6596287091537495,0.6957291852622092,0.6188300152275675,0.5407507914970602,0.00331419949398146,0.025734195836143003,0.01196506860538209,0.07334611473095778,"[[2137, 968], [1303, 1550]]","[[212, 133], [171, 146]]"
disclosure_x_bias,60,classic,none,log_loss,0.659358814469443,0.6959193138250817,0.6195011561671648,0.5437810945273631,0.0033283212703714054,0.025851738150767117,0.011910285258101663,0.08233185947593515,"[[2139, 966], [1301, 1552]]","[[216, 129], [173, 144]]"
disclosure_x_bias,61,classic,none,log_loss,0.659102058062935,0.6960206680970006,0.6188300152275675,0.5437810945273631,0.0033377777487562993,0.026241544893766934,0.012823150154332476,0.08233185947593515,"[[2146, 959], [1312, 1541]]","[[215, 130], [172, 145]]"
disclosure_x_bias,62,classic,none,log_loss,0.6588389700889239,0.6958479755492059,0.6189978004624669,0.5407507914970602,0.003346095611389,0.026477061108989057,0.01348023571836001,0.08281964392284652,"[[2153, 952], [1318, 1535]]","[[215, 130], [174, 143]]"
disclosure_x_bias,63,classic,none,log_loss,0.6585768573665347,0.6961994327904422,0.6203400823416615,0.5407507914970602,0.0033522770262337975,0.026478143993713583,0.01306590240464641,0.08281964392284652,"[[2156, 949], [1313, 1540]]","[[215, 130], [174, 143]]"
disclosure_x_bias,64,classic,none,log_loss,0.6583207248430105,0.6959543135034998,0.6184944447577688,0.5422659430122116,0.0033607007880697847,0.026793683787465435,0.012132397901429046,0.0848762571703081,"[[2162, 943], [1330, 1523]]","[[216, 129], [174, 143]]"
disclosure_x_bias,65,classic,none,log_loss,0.6580714707797402,0.6962232886011396,0.6211790085161581,0.5407507914970602,0.0033728650603607026,0.02670687233131416,0.01279096803398425,0.07438210909699916,"[[2157, 948], [1309, 1544]]","[[216, 129], [175, 142]]"
disclosure_x_bias,66,classic,none,log_loss,0.6577987496018839,0.6960776295486429,0.6215145789859567,0.5407507914970602,0.0033833214744918333,0.02681817360790578,0.0126274119141729,0.08373851579230523,"[[2148, 957], [1298, 1555]]","[[213, 132], [172, 145]]"
disclosure_x_bias,67,classic,none,log_loss,0.6575412471068331,0.6959685278884347,0.6218501494557555,0.5422659430122116,0.0033969451131078583,0.026995454313605834,0.012798528247951274,0.08243699055034366,"[[2142, 963], [1290, 1563]]","[[215, 130], [173, 144]]"
disclosure_x_bias,68,classic,none,log_loss,0.6572976061800079,0.6960391017522463,0.6223535051604534,0.5437810945273631,0.003400631503840174,0.02706636771031211,0.01275401690059272,0.08202145988846317,"[[2142, 963], [1287, 1566]]","[[216, 129], [173, 144]]"
disclosure_x_bias,69,classic,none,log_loss,0.657051589826106,0.696114664761484,0.6201722971067622,0.5407507914970602,0.0034117151311445705,0.027257382292785425,0.011865797996992508,0.08343334959455839,"[[2156, 949], [1314, 1539]]","[[216, 129], [175, 142]]"
disclosure_x_bias,70,classic,none,log_loss,0.6568168513609778,0.6961677336819508,0.6223535051604534,0.5437810945273631,0.0034245925105053014,0.02737673960915872,0.012531343507005209,0.08108313187490794,"[[2150, 955], [1295, 1558]]","[[215, 130], [172, 145]]"
disclosure_x_bias,71,classic,none,log_loss,0.6565867188223359,0.6957874845524916,0.6223535051604535,0.5452962460425147,0.0034351368560967856,0.02728366050764391,0.012405909191299072,0.08125924950852495,"[[2131, 974], [1276, 1577]]","[[215, 130], [171, 146]]"
disclosure_x_bias,72,classic,none,log_loss,0.6563406306933462,0.6959731186642862,0.6226890756302521,0.5452962460425147,0.0034533379384083396,0.027247812960170342,0.012124216366680382,0.08125924950852495,"[[2137, 968], [1280, 1573]]","[[215, 130], [171, 146]]"
disclosure_x_bias,73,classic,none,log_loss,0.6561031877973186,0.6957527211004516,0.6223535051604534,0.5407507914970602,0.00347904725737337,0.026995790620760896,0.011651792005588859,0.07299751600976892,"[[2156, 949], [1301, 1552]]","[[216, 129], [175, 142]]"
disclosure_x_bias,74,classic,none,log_loss,0.6558790589923563,0.6959098618134439,0.6230246461000508,0.5422659430122116,0.003484366390250461,0.0271380985912244,0.013271061563179011,0.08366551392968831,"[[2160, 945], [1301, 1552]]","[[215, 130], [173, 144]]"
disclosure_x_bias,75,classic,none,log_loss,0.6556355873317044,0.6965662011725438,0.6243680559472111,0.5437810945273631,0.003517811314621426,0.02841575414342761,0.013613035075061408,0.08233185947593513,"[[2157, 948], [1290, 1563]]","[[217, 128], [174, 143]]"
disclosure_x_bias,76,classic,none,log_loss,0.6554093011406271,0.6963260079780184,0.6245358411821105,0.5422659430122116,0.003515645836208275,0.02845871273510873,0.013643484368330957,0.08243699055034363,"[[2149, 956], [1281, 1572]]","[[215, 130], [173, 144]]"
disclosure_x_bias,77,classic,none,log_loss,0.6551837837693165,0.6962191305810467,0.6245358411821104,0.545273631840796,0.0035236849269335143,0.0284914643300053,0.013574530318659642,0.0829176980047783,"[[2151, 954], [1283, 1570]]","[[217, 128], [173, 144]]"
disclosure_x_bias,78,classic,none,log_loss,0.6549688595393653,0.696539725718651,0.6240324854774124,0.5422659430122116,0.003536888004215028,0.028719430733229686,0.012537626111013394,0.08243699055034363,"[[2146, 959], [1281, 1572]]","[[215, 130], [173, 144]]"
disclosure_x_bias,79,classic,none,log_loss,0.6547439093349547,0.6968432221484929,0.6230257740680164,0.5422659430122116,0.0035331096835489956,0.028842443783922523,0.011943231432834872,0.08243699055034363,"[[2142, 963], [1283, 1570]]","[[215, 130], [173, 144]]"
disclosure_x_bias,80,classic,none,log_loss,0.6545352486690159,0.6968529412908732,0.6233613445378151,0.5392356399819087,0.003546873519906815,0.028881573418627175,0.012830922708326536,0.07374135226847571,"[[2160, 945], [1299, 1554]]","[[215, 130], [175, 142]]"
disclosure_x_bias,81,classic,none,log_loss,0.6543162771447164,0.6968449762794848,0.6240324854774124,0.5377204884667571,0.003545483920703522,0.029125844862911688,0.012906433674062419,0.07580168873474236,"[[2168, 937], [1303, 1550]]","[[213, 132], [174, 143]]"
disclosure_x_bias,82,classic,none,log_loss,0.6541106449005077,0.6966765333602428,0.6258781230613051,0.5392356399819087,0.003558525030837903,0.02909701720760037,0.013105881335124678,0.07374135226847571,"[[2163, 942], [1287, 1566]]","[[214, 131], [174, 143]]"
disclosure_x_bias,83,classic,none,log_loss,0.6538812785083973,0.6968520049538947,0.6255425525915064,0.5392356399819087,0.0035588657723803195,0.029140238643148682,0.012365286584199229,0.07374135226847571,"[[2160, 945], [1286, 1567]]","[[214, 131], [174, 143]]"
disclosure_x_bias,84,classic,none,log_loss,0.6536578075230359,0.6972079799169016,0.625374767356607,0.5362053369516057,0.0035507784835605055,0.029280162712830644,0.01329827166963945,0.07544399948126156,"[[2177, 928], [1304, 1549]]","[[215, 130], [177, 140]]"
disclosure_x_bias,85,classic,none,log_loss,0.6534476665039456,0.6970277788503993,0.6262136935311038,0.5392356399819087,0.0035633050374722884,0.029504186199480986,0.012810253984195531,0.07408645110216698,"[[2153, 952], [1275, 1578]]","[[212, 133], [172, 145]]"
disclosure_x_bias,86,classic,none,log_loss,0.6532494936780147,0.6971004247881976,0.6247027804410354,0.5392356399819087,0.0035724832626203734,0.029342879368846806,0.01297280178218305,0.07374135226847571,"[[2150, 955], [1281, 1572]]","[[214, 131], [174, 143]]"
disclosure_x_bias,87,classic,none,log_loss,0.6530519298502869,0.697146182077258,0.6242005527043032,0.5377204884667571,0.003579510226303121,0.02958221006990744,0.012640019514487913,0.0774659410818105,"[[2181, 924], [1315, 1538]]","[[217, 128], [178, 139]]"
disclosure_x_bias,88,classic,none,log_loss,0.6528529519172385,0.6975073399436711,0.6257106198183972,0.5362053369516057,0.0035788543188394143,0.02965358488434292,0.011668180226015434,0.0747647420424085,"[[2156, 949], [1281, 1572]]","[[212, 133], [174, 143]]"
disclosure_x_bias,89,classic,none,log_loss,0.652659406963241,0.6975859367870882,0.6257106198183972,0.5377204884667571,0.0035909191237738537,0.02956661389977191,0.011748328482105852,0.07410006749245913,"[[2155, 950], [1280, 1573]]","[[213, 132], [174, 143]]"
disclosure_x_bias,90,classic,none,log_loss,0.6524682443926137,0.6973302166874124,0.6253750493485984,0.5437810945273631,0.0036009699143797697,0.02968709969881841,0.011765543781338232,0.0738386065617162,"[[2158, 947], [1285, 1568]]","[[215, 130], [172, 145]]"
disclosure_x_bias,91,classic,none,log_loss,0.6522640870328071,0.6972750674766093,0.6258784050532965,0.5407507914970602,0.003612953637613653,0.029727731689819965,0.011815404168700413,0.07086992400457576,"[[2168, 937], [1292, 1561]]","[[216, 129], [175, 142]]"
disclosure_x_bias,92,classic,none,log_loss,0.6520739674526618,0.6976470075316141,0.6250383509108342,0.5407507914970602,0.003620802863465735,0.029739436461385393,0.012879740565955262,0.07086992400457576,"[[2150, 955], [1279, 1574]]","[[214, 131], [173, 144]]"
disclosure_x_bias,93,classic,none,log_loss,0.6518824415145918,0.69798818767562,0.6238638542665388,0.5377204884667571,0.0036217969486394335,0.02973720958735085,0.012301119970929876,0.07129304581895883,"[[2156, 949], [1292, 1561]]","[[216, 129], [177, 140]]"
disclosure_x_bias,94,classic,none,log_loss,0.6516933338148948,0.6980135009190491,0.6248705656759348,0.5407507914970602,0.003626983203817,0.029791041842208266,0.0118678910814769,0.07050908399549655,"[[2157, 948], [1287, 1566]]","[[216, 129], [175, 142]]"
disclosure_x_bias,95,classic,none,log_loss,0.6515057126430511,0.6979884780022529,0.6248705656759348,0.5331750339213025,0.003632560539600822,0.02958091848120696,0.013355998107795237,0.07183434388999672,"[[2165, 940], [1295, 1558]]","[[215, 130], [179, 138]]"
disclosure_x_bias,96,classic,none,log_loss,0.6513294917185195,0.6982591423623715,0.6262128475551294,0.5331750339213025,0.0036347626389516383,0.029591354467154798,0.012791767284774972,0.07254104608541992,"[[2180, 925], [1302, 1551]]","[[216, 129], [180, 137]]"
disclosure_x_bias,97,classic,none,log_loss,0.651144822678938,0.6983016545920767,0.6252061361457335,0.5362053369516057,0.0036407336717333306,0.02983638552109181,0.012706807454468186,0.07303896658644693,"[[2164, 941], [1292, 1561]]","[[216, 129], [178, 139]]"
disclosure_x_bias,98,classic,none,log_loss,0.650958332304247,0.6984705374508037,0.6258772770853308,0.5331750339213025,0.003654920346348324,0.02981946493611595,0.013626405949183325,0.07254104608541992,"[[2176, 929], [1300, 1553]]","[[216, 129], [180, 137]]"
disclosure_x_bias,99,classic,none,log_loss,0.6507662297811149,0.6990488208813076,0.6270529016975919,0.5331750339213026,0.0036882035620910236,0.03115005696726205,0.010903545306883287,0.07112061977405429,"[[2179, 926], [1296, 1557]]","[[216, 129], [180, 137]]"
disclosure_x_bias,100,classic,none,log_loss,0.6505857378894484,0.6988300857522318,0.6282273983418871,0.5392356399819086,0.0036817363004349453,0.031143368881296554,0.011380389135321734,0.07234449684849574,"[[2178, 927], [1288, 1565]]","[[215, 130], [175, 142]]"
disclosure_x_bias,101,classic,none,log_loss,0.6504030915600522,0.6989440746846167,0.6292341097512831,0.5422659430122116,0.0036937867743948873,0.03120431069171928,0.010748798720812167,0.0711430989272003,"[[2179, 926], [1283, 1570]]","[[216, 129], [174, 143]]"
disclosure_x_bias,102,classic,none,log_loss,0.6502279478050189,0.699039798641512,0.6287307540465851,0.5422659430122116,0.003695825512458847,0.03162093368831181,0.010839229952777073,0.07150073934929461,"[[2187, 918], [1294, 1559]]","[[216, 129], [174, 143]]"
disclosure_x_bias,103,classic,none,log_loss,0.6500582178901371,0.6992359109199608,0.6294024589701652,0.5437810945273631,0.003699370540622462,0.03179910585914553,0.010651605539873179,0.0717359645073083,"[[2189, 916], [1292, 1561]]","[[216, 129], [173, 144]]"
disclosure_x_bias,104,classic,none,log_loss,0.6498854523447214,0.6992590082708817,0.6287313180305679,0.5407507914970602,0.0037117679426792506,0.03169298496416554,0.010642658619811066,0.07158614763678131,"[[2187, 918], [1294, 1559]]","[[216, 129], [175, 142]]"
disclosure_x_bias,105,classic,none,log_loss,0.6497153656675019,0.6995173769273526,0.627555693418307,0.5437810945273631,0.003709888503108118,0.03153330675341312,0.011565867432398912,0.0717359645073083,"[[2170, 935], [1284, 1569]]","[[216, 129], [173, 144]]"
disclosure_x_bias,106,classic,none,log_loss,0.6495361787405703,0.6997084240512447,0.6288979752975015,0.5437810945273631,0.0037089325043078813,0.03166301731228112,0.012591742951506566,0.0717359645073083,"[[2172, 933], [1278, 1575]]","[[216, 129], [173, 144]]"
disclosure_x_bias,107,classic,none,log_loss,0.6493616579875396,0.6995497419914971,0.6294013310021995,0.5452962460425146,0.003708734102831689,0.031757597637969,0.012754163422375954,0.07086320873519442,"[[2161, 944], [1264, 1589]]","[[215, 130], [171, 146]]"
disclosure_x_bias,108,classic,none,log_loss,0.6491931321495172,0.6998885286019427,0.6302413851446619,0.5437810945273631,0.0037103484939095756,0.031778539593646994,0.010987848717498694,0.07102125174011711,"[[2167, 938], [1265, 1588]]","[[215, 130], [172, 145]]"
disclosure_x_bias,109,classic,none,log_loss,0.6490318044848495,0.699850987510161,0.630408324403587,0.5377204884667571,0.00371380856752995,0.03181573444938105,0.01319034782345973,0.06984724455569273,"[[2164, 941], [1261, 1592]]","[[212, 133], [173, 144]]"
disclosure_x_bias,110,classic,none,log_loss,0.6488553339677324,0.6999776259067543,0.6307438948733857,0.5392356399819086,0.003727725744603422,0.031895549079543714,0.012983678526407428,0.07019711539002074,"[[2168, 937], [1263, 1590]]","[[213, 132], [173, 144]]"
disclosure_x_bias,111,classic,none,log_loss,0.6486933158400358,0.7000505258485915,0.6292338277592917,0.5376978742650385,0.0037315182069870383,0.032074299401804486,0.012832472003882918,0.07557581029081267,"[[2167, 938], [1271, 1582]]","[[215, 130], [176, 141]]"
disclosure_x_bias,112,classic,none,log_loss,0.6485163205110439,0.6999734993281755,0.630408324403587,0.5377204884667571,0.0037329191265166083,0.03203590991193857,0.012256123888593443,0.07200506084439394,"[[2165, 940], [1262, 1591]]","[[213, 132], [174, 143]]"
disclosure_x_bias,113,classic,none,log_loss,0.6483394293049336,0.699970430723863,0.6305769556144606,0.5391904115784713,0.0037203911823160065,0.032072298967905526,0.010599302269795767,0.07505795914605723,"[[2163, 942], [1259, 1594]]","[[213, 132], [173, 144]]"
disclosure_x_bias,114,classic,none,log_loss,0.6481811111278218,0.7000428229596376,0.6307444588573684,0.5407281772953414,0.0037201658252820663,0.032024985182096295,0.011314207426564945,0.0765229634926089,"[[2149, 956], [1244, 1609]]","[[214, 131], [173, 144]]"
disclosure_x_bias,115,classic,none,log_loss,0.6480130895853,0.7002721029477171,0.6294021769781738,0.5301221166892809,0.0037218388322344713,0.03195650058495274,0.010397633004294141,0.07580843501403732,"[[2164, 941], [1267, 1586]]","[[211, 134], [177, 140]]"
disclosure_x_bias,116,classic,none,log_loss,0.6478592474569637,0.7003476407798452,0.6309133720602336,0.5392130257801899,0.003720555748860391,0.03191148834811304,0.010626564398433387,0.07139733221464774,"[[2162, 943], [1256, 1597]]","[[213, 132], [173, 144]]"
disclosure_x_bias,117,classic,none,log_loss,0.6477049939415469,0.7004842296117164,0.6315833850318651,0.536182722749887,0.0037255411524849073,0.03193153272624081,0.012661430886257548,0.07521654074543317,"[[2158, 947], [1248, 1605]]","[[211, 134], [173, 144]]"
disclosure_x_bias,118,classic,none,log_loss,0.647551289283237,0.7002016400581549,0.6312478145620665,0.5376978742650385,0.0037269737238463238,0.032147614981628325,0.012603176122818274,0.07822930858288175,"[[2161, 944], [1253, 1600]]","[[214, 131], [175, 142]]"
disclosure_x_bias,119,classic,none,log_loss,0.6473938429260214,0.7002045305436548,0.6324223112063617,0.5377204884667571,0.0037243626391514936,0.032153461890158164,0.012515611106289872,0.07909518342062495,"[[2163, 942], [1248, 1605]]","[[213, 132], [174, 143]]"
disclosure_x_bias,120,classic,none,log_loss,0.6472407103595319,0.7003434157359364,0.6312483785460493,0.5286521935775668,0.0037319011038726454,0.03222802467093662,0.011271272383191047,0.07902642003190997,"[[2166, 939], [1258, 1595]]","[[211, 134], [178, 139]]"
disclosure_x_bias,121,classic,none,log_loss,0.6470866158115036,0.7003718409610736,0.6329267948790254,0.5317051108095885,0.0037285530095611335,0.03222420542590963,0.011297351118469147,0.07886056323299419,"[[2162, 943], [1244, 1609]]","[[210, 135], [175, 142]]"
disclosure_x_bias,122,classic,none,log_loss,0.6469180493590219,0.7002582276038612,0.6334301505837234,0.5317051108095885,0.0037379297348722066,0.0322466073765332,0.011168613922979513,0.07886056323299419,"[[2163, 942], [1242, 1611]]","[[210, 135], [175, 142]]"
disclosure_x_bias,123,classic,none,log_loss,0.6467521825153738,0.7009201641364934,0.634772432462918,0.5347127996381728,0.0037664101707722696,0.03346760084793209,0.011213476140176298,0.0798158701990303,"[[2160, 945], [1231, 1622]]","[[210, 135], [173, 144]]"
disclosure_x_bias,124,classic,none,log_loss,0.6466032118515782,0.7010328537274917,0.633429868591732,0.5362279511533242,0.003771126069732298,0.033319637153499934,0.011401671796871985,0.0769385822964967,"[[2157, 948], [1236, 1617]]","[[211, 134], [173, 144]]"
disclosure_x_bias,125,classic,none,log_loss,0.6464523297889081,0.701055663754987,0.6329256669110597,0.5346901854364541,0.00377213284591972,0.03363705309687715,0.01310836923176619,0.0743677764566393,"[[2149, 956], [1231, 1622]]","[[210, 135], [173, 144]]"
disclosure_x_bias,126,classic,none,log_loss,0.646300010136582,0.7011249803341271,0.6335976538266314,0.5347127996381728,0.0037711636334677723,0.033614484273104595,0.011617077039693953,0.07721691210729438,"[[2157, 948], [1235, 1618]]","[[211, 134], [174, 143]]"
disclosure_x_bias,127,classic,none,log_loss,0.6461538899519917,0.701214971855648,0.6347721504709266,0.5392356399819086,0.003775634132780141,0.03359447023463556,0.011848503397988607,0.08061343526916347,"[[2166, 939], [1237, 1616]]","[[212, 133], [172, 145]]"
disclosure_x_bias,128,classic,none,log_loss,0.6460018650247921,0.7012586681338242,0.6335976538266314,0.5377204884667571,0.0037752725432529076,0.033601597056167096,0.011481658927105575,0.08094170071044456,"[[2155, 950], [1233, 1620]]","[[213, 132], [174, 143]]"
disclosure_x_bias,129,classic,none,log_loss,0.6458528402269056,0.7013412167685084,0.6330942981219334,0.5377204884667571,0.0037748693849656016,0.03362499551912543,0.011588031041234355,0.07902827151543336,"[[2159, 946], [1240, 1613]]","[[214, 131], [175, 142]]"
disclosure_x_bias,130,classic,none,log_loss,0.6457039985815023,0.7014297421421268,0.6337654390615307,0.5362279511533242,0.0037789286373061805,0.03344703977942865,0.011931247552811516,0.0795466345362117,"[[2157, 948], [1234, 1619]]","[[213, 132], [175, 142]]"
disclosure_x_bias,131,classic,none,log_loss,0.6455472057976775,0.7013193582242119,0.6339337882804129,0.5377431026684758,0.003793182234639111,0.03346145309536553,0.011557998535859959,0.07924430248411404,"[[2162, 943], [1238, 1615]]","[[212, 133], [173, 144]]"
disclosure_x_bias,132,classic,none,log_loss,0.6454050246339772,0.701480870598518,0.634436580001128,0.5362279511533242,0.0037892186038190104,0.0334798924147925,0.012527293656419131,0.07825347440156387,"[[2163, 942], [1236, 1617]]","[[213, 132], [175, 142]]"
disclosure_x_bias,133,classic,none,log_loss,0.645264863210639,0.7012326356397863,0.63393322429643,0.5347127996381728,0.0037909664650739223,0.03365283626467966,0.011924056704640166,0.08013481352170734,"[[2156, 949], [1232, 1621]]","[[212, 133], [175, 142]]"
disclosure_x_bias,134,classic,none,log_loss,0.6451223553540484,0.7013286524156725,0.633429868591732,0.5362279511533242,0.0037896767323643637,0.03330325270887389,0.012375185867263773,0.07825347440156388,"[[2154, 951], [1233, 1620]]","[[212, 133], [174, 143]]"
disclosure_x_bias,135,classic,none,log_loss,0.644982452840126,0.701512099429247,0.6335982178106142,0.5256218905472637,0.003790727431171123,0.0332340891290604,0.012070970161644172,0.07883391663920775,"[[2158, 947], [1236, 1617]]","[[208, 137], [177, 140]]"
disclosure_x_bias,136,classic,none,log_loss,0.6448324739853689,0.7015042966523939,0.6349407816818002,0.5377431026684758,0.0037890765132058855,0.03332926675161456,0.012389843935680796,0.07794612669063387,"[[2157, 948], [1227, 1626]]","[[211, 134], [172, 145]]"
disclosure_x_bias,137,classic,none,log_loss,0.6446826875761003,0.7014260462609099,0.6339335062884215,0.5347127996381728,0.003788385129790854,0.033257040156502916,0.01180783722141434,0.08013481352170734,"[[2153, 952], [1229, 1624]]","[[211, 134], [174, 143]]"
disclosure_x_bias,138,classic,none,log_loss,0.6445268309051284,0.7017927071978669,0.6341015735153122,0.5347127996381728,0.0037876583679867055,0.033140743449851365,0.011572913036727528,0.08013481352170734,"[[2155, 950], [1230, 1623]]","[[211, 134], [174, 143]]"
disclosure_x_bias,139,classic,none,log_loss,0.6443863598661038,0.701679986839211,0.6344377079690937,0.5301673450927182,0.0037884731039022567,0.03329837010851943,0.010380297361216978,0.07652777138084238,"[[2153, 952], [1226, 1627]]","[[208, 137], [174, 143]]"
disclosure_x_bias,140,classic,none,log_loss,0.6442456072598126,0.7018844972650571,0.6354447013704811,0.5316824966078697,0.0037885411797168957,0.03320811099583365,0.010649633567258605,0.07601238768224824,"[[2151, 954], [1218, 1635]]","[[208, 137], [173, 144]]"
disclosure_x_bias,141,classic,none,log_loss,0.6441068017247977,0.7019943293748628,0.6344379899610851,0.5317051108095885,0.0037896875693900363,0.03323693176104271,0.010984317713738093,0.0752184897853658,"[[2152, 953], [1225, 1628]]","[[209, 136], [174, 143]]"
disclosure_x_bias,142,classic,none,log_loss,0.6439680527371541,0.7019525961216326,0.6369564604365235,0.5286748077792854,0.003797172890128039,0.033201385572507396,0.010310438188765494,0.07555180333511731,"[[2160, 945], [1218, 1635]]","[[209, 136], [176, 141]]"
disclosure_x_bias,143,classic,none,log_loss,0.6438306793926653,0.7021425844203077,0.6352783260955389,0.5301899592944369,0.0037970615792648353,0.03324629386476504,0.009991414502914974,0.07607581259228807,"[[2141, 964], [1209, 1644]]","[[207, 138], [173, 144]]"
disclosure_x_bias,144,classic,none,log_loss,0.6436886350359141,0.7021112481881808,0.63712368168744,0.5301673450927182,0.0037967729251620957,0.03349455639458058,0.01020617229705712,0.07686036036247057,"[[2166, 939], [1223, 1630]]","[[210, 135], [176, 141]]"
disclosure_x_bias,145,classic,none,log_loss,0.6435540075919841,0.702269152210347,0.6354455473464553,0.5271370420624152,0.0037962875937855092,0.033512595556835244,0.011133929241358207,0.0777781708258421,"[[2152, 953], [1219, 1634]]","[[208, 137], [176, 141]]"
disclosure_x_bias,146,classic,none,log_loss,0.643412614061285,0.7022972574439642,0.63678782922565,0.5286521935775668,0.0037984607525112677,0.03345885395902032,0.011438672062333732,0.07600637720636641,"[[2151, 954], [1210, 1643]]","[[209, 136], [176, 141]]"
disclosure_x_bias,147,classic,none,log_loss,0.6432746279877157,0.702423478836179,0.6364519767638599,0.5286521935775668,0.0037971759811210285,0.033521298032512296,0.011390594428227131,0.07600637720636641,"[[2153, 952], [1214, 1639]]","[[209, 136], [176, 141]]"
disclosure_x_bias,148,classic,none,log_loss,0.6431342722165272,0.7022447957219493,0.6372909029383566,0.5286521935775668,0.0037985224523583586,0.033412171983708716,0.0114896583637723,0.07700659052073089,"[[2161, 944], [1217, 1636]]","[[209, 136], [176, 141]]"
disclosure_x_bias,149,classic,none,log_loss,0.6430023637793758,0.702327833145491,0.6369558964525408,0.5301673450927182,0.003799952642983353,0.03349936321885972,0.011399127464112372,0.07518270401094297,"[[2157, 948], [1215, 1638]]","[[211, 134], [177, 140]]"
disclosure_x_bias,150,classic,none,log_loss,0.6428691761912542,0.702359224292524,0.6367886752016243,0.5271370420624152,0.003802452808789472,0.033575813554084115,0.010641159922400882,0.07711947517944588,"[[2161, 944], [1220, 1633]]","[[209, 136], [177, 140]]"
disclosure_x_bias,151,classic,none,log_loss,0.6427132958251687,0.7022470859202216,0.6379628898539281,0.5256218905472637,0.003800506643635667,0.033691952602466074,0.009871284694101012,0.07347477915714945,"[[2163, 942], [1215, 1638]]","[[209, 136], [178, 139]]"
disclosure_x_bias,152,classic,none,log_loss,0.64258110774848,0.7024311060951961,0.6382993062997011,0.5301673450927182,0.0038012704890874075,0.03349921069833256,0.01012965144507834,0.07585821898421934,"[[2154, 951], [1204, 1649]]","[[209, 136], [175, 142]]"
disclosure_x_bias,153,classic,none,log_loss,0.6424401960718096,0.7022635798475834,0.638634312785517,0.5256218905472637,0.0038005206021063977,0.033711037973550614,0.009805474902412936,0.07347477915714945,"[[2164, 941], [1212, 1641]]","[[209, 136], [178, 139]]"
disclosure_x_bias,154,classic,none,log_loss,0.6423010300076759,0.7023591809615927,0.6396418701708871,0.5286521935775668,0.003801728460293105,0.03360603622570661,0.010192193852574286,0.07151064076864258,"[[2169, 936], [1211, 1642]]","[[211, 134], [178, 139]]"
disclosure_x_bias,155,classic,none,log_loss,0.642160127541737,0.7025098047925128,0.6396418701708871,0.5316824966078697,0.0038022077192652786,0.033654530808604935,0.009591374461608904,0.07080010623721612,"[[2169, 936], [1211, 1642]]","[[211, 134], [176, 141]]"
disclosure_x_bias,156,classic,none,log_loss,0.6420272127790315,0.7024710584594323,0.6396410241949129,0.5316824966078697,0.0037996331058953482,0.03367266957546108,0.010008920958058963,0.07080010623721611,"[[2163, 942], [1205, 1648]]","[[210, 135], [175, 142]]"
disclosure_x_bias,157,classic,none,log_loss,0.641898439841845,0.7025399215860507,0.6386354407534827,0.5316824966078697,0.003801186349149944,0.03351151195488698,0.009854198334159391,0.07634722184655288,"[[2161, 944], [1209, 1644]]","[[210, 135], [175, 142]]"
disclosure_x_bias,158,classic,none,log_loss,0.6417666927170765,0.7027601725919151,0.6391387964581805,0.5316824966078697,0.003806908322658347,0.03383197911829361,0.010652558604243417,0.07634722184655288,"[[2162, 943], [1207, 1646]]","[[210, 135], [175, 142]]"
disclosure_x_bias,159,classic,none,log_loss,0.6416364996684057,0.7028530158759161,0.6393065816930799,0.5316824966078697,0.0038077106363138846,0.033636664193276475,0.010249195164891091,0.07668059393495277,"[[2160, 945], [1204, 1649]]","[[210, 135], [175, 142]]"
disclosure_x_bias,160,classic,none,log_loss,0.641499997803791,0.7028759330864054,0.63930658169308,0.528629579375848,0.0038153542095476244,0.03376509248737088,0.008768929038246581,0.07678128908523761,"[[2173, 932], [1217, 1636]]","[[211, 134], [178, 139]]"
disclosure_x_bias,161,classic,none,log_loss,0.6413705249937919,0.7030941572125969,0.6398105013817608,0.5301447308909996,0.0038134509814745816,0.03376275582083227,0.008523941339903918,0.07225181807979729,"[[2172, 933], [1213, 1640]]","[[211, 134], [177, 140]]"
disclosure_x_bias,162,classic,none,log_loss,0.6412331869545165,0.7032203791364774,0.6393068636850713,0.5286521935775668,0.0038133581814880453,0.03362051564644457,0.008465703403792086,0.0732724215226549,"[[2175, 930], [1219, 1634]]","[[211, 134], [178, 139]]"
disclosure_x_bias,163,classic,none,log_loss,0.6411060192395983,0.7030797903054445,0.6403144210704416,0.528629579375848,0.0038130563558399985,0.03354069727452762,0.007137987951638492,0.07517227336301804,"[[2174, 931], [1212, 1641]]","[[211, 134], [178, 139]]"
disclosure_x_bias,164,classic,none,log_loss,0.6409751350075263,0.7031722855793698,0.63964243415487,0.531659882406151,0.0038257653737976977,0.03340344073007014,0.00913212573942183,0.07517936333775992,"[[2178, 927], [1220, 1633]]","[[210, 135], [175, 142]]"
disclosure_x_bias,165,classic,none,log_loss,0.6408427237040385,0.7030205870957985,0.6399791325926344,0.5241293532338308,0.0038296799908977526,0.03340272274286397,0.007953662110118206,0.07613284087840427,"[[2168, 937], [1208, 1645]]","[[208, 137], [178, 139]]"
disclosure_x_bias,166,classic,none,log_loss,0.6407101141666083,0.7031904396513758,0.6399785686086515,0.5301673450927182,0.003817659698354472,0.03340316932991401,0.007372353523430793,0.07387453577875035,"[[2182, 923], [1222, 1631]]","[[210, 135], [176, 141]]"
disclosure_x_bias,167,classic,none,log_loss,0.6405679293365714,0.7039113756166342,0.6396429981388528,0.5286521935775668,0.0038367183295845977,0.03481006880067414,0.008501632170594603,0.07368128542970863,"[[2180, 925], [1222, 1631]]","[[210, 135], [177, 140]]"
disclosure_x_bias,168,classic,none,log_loss,0.6404347238857391,0.7036091179732621,0.6391399244261463,0.5301673450927182,0.0038408954196457287,0.034593169434503405,0.009048840461724326,0.07212746372827823,"[[2182, 923], [1227, 1626]]","[[211, 134], [177, 140]]"
disclosure_x_bias,169,classic,none,log_loss,0.6403052212565384,0.7037985561643013,0.6403144210704416,0.5331976481230212,0.003836052505472644,0.03497514718922836,0.009306445422108532,0.0680581696833971,"[[2181, 924], [1219, 1634]]","[[212, 133], [176, 141]]"
disclosure_x_bias,170,classic,none,log_loss,0.6401794042926892,0.7037851330285799,0.6398110653657436,0.5346901854364541,0.00383693213285585,0.03476561927269557,0.008996506233811711,0.08062167836991117,"[[2167, 938], [1208, 1645]]","[[212, 133], [175, 142]]"
disclosure_x_bias,171,classic,none,log_loss,0.6400546248565622,0.7038974926296524,0.6389715752072641,0.5362053369516057,0.0038362239674924747,0.03470581031108805,0.009974292276559462,0.07810197614639099,"[[2168, 937], [1214, 1639]]","[[213, 132], [175, 142]]"
disclosure_x_bias,172,classic,none,log_loss,0.6399286308771406,0.7040728238103193,0.6393071456770627,0.5331750339213025,0.0038346145950036814,0.03491512440119945,0.009724864548213624,0.0802218986646736,"[[2169, 936], [1213, 1640]]","[[212, 133], [176, 141]]"
disclosure_x_bias,173,classic,none,log_loss,0.6397984781506402,0.7040878279705699,0.6404816423213581,0.5346901854364541,0.0038243768570801295,0.03495240388308877,0.008371826232093031,0.08062167836991117,"[[2169, 936], [1206, 1647]]","[[213, 132], [176, 141]]"
disclosure_x_bias,174,classic,none,log_loss,0.6396763676250277,0.7041177220613344,0.6399782866166601,0.5347127996381728,0.003825136478287449,0.03496582074737272,0.008417701308278633,0.08139809056900672,"[[2165, 940], [1205, 1648]]","[[210, 135], [173, 144]]"
disclosure_x_bias,175,classic,none,log_loss,0.6395538508992746,0.7039454628903072,0.6416569849416277,0.5286521935775668,0.003827295464219055,0.035136949077342425,0.007023187565341332,0.07430944329884782,"[[2184, 921], [1214, 1639]]","[[212, 133], [179, 138]]"
disclosure_x_bias,176,classic,none,log_loss,0.6394316739016735,0.7039070194007607,0.6408174947831482,0.5301899592944369,0.0038321748438332375,0.03501573577339145,0.00844475941039339,0.07299583850332662,"[[2179, 926], [1214, 1639]]","[[210, 135], [176, 141]]"
disclosure_x_bias,177,classic,none,log_loss,0.6393021302230004,0.7039565102268022,0.641321414471829,0.5316824966078697,0.003824162029546636,0.03506016017988844,0.007184135375834049,0.07499891648260885,"[[2178, 927], [1210, 1643]]","[[210, 135], [175, 142]]"
disclosure_x_bias,178,classic,none,log_loss,0.6391782105515069,0.7039340948685616,0.6403141390784501,0.5301447308909996,0.0038373487176234966,0.03488339576204362,0.007496287258670691,0.07637085600018093,"[[2176, 929], [1214, 1639]]","[[209, 136], [175, 142]]"
disclosure_x_bias,179,classic,none,log_loss,0.6390567515720187,0.7040601266513046,0.6414891997067284,0.5316824966078697,0.0038371156166438943,0.034995161381081455,0.00740803241956588,0.07499891648260885,"[[2178, 927], [1209, 1644]]","[[210, 135], [175, 142]]"
disclosure_x_bias,180,classic,none,log_loss,0.6389187931378931,0.7043103529466277,0.6421603406463257,0.5316824966078697,0.0038313876457600608,0.035178615161826854,0.0072755191264957065,0.07499891648260885,"[[2177, 928], [1204, 1649]]","[[210, 135], [175, 142]]"
disclosure_x_bias,181,classic,none,log_loss,0.6387970178666358,0.704412341277272,0.6418242061925442,0.5346901854364541,0.003831274424186865,0.03501358176677813,0.009005343008427712,0.07531952894880904,"[[2183, 922], [1212, 1641]]","[[210, 135], [173, 144]]"
disclosure_x_bias,182,classic,none,log_loss,0.6386790937482593,0.7043444690415062,0.6419928374034177,0.5316824966078697,0.003832566518731065,0.035137173452061056,0.008386028640663064,0.07499891648260885,"[[2177, 928], [1205, 1648]]","[[211, 134], [176, 141]]"
disclosure_x_bias,183,classic,none,log_loss,0.6385437517772884,0.7046865300526073,0.6414891997067284,0.5331750339213025,0.0038392836879434394,0.035103925528081274,0.008903776991041461,0.07427839106913114,"[[2175, 930], [1206, 1647]]","[[211, 134], [175, 142]]"
disclosure_x_bias,184,classic,none,log_loss,0.6384237862725539,0.7045855607822051,0.6419925554114263,0.5331750339213025,0.0038391784462793394,0.03504229002027299,0.008400058929001381,0.07427839106913114,"[[2176, 929], [1204, 1649]]","[[211, 134], [175, 142]]"
disclosure_x_bias,185,classic,none,log_loss,0.6383063213956804,0.7046643600058028,0.641824770176527,0.531659882406151,0.003842954687299019,0.03491365937389171,0.007744311245463254,0.07517936333775989,"[[2169, 936], [1198, 1655]]","[[209, 136], [174, 143]]"
disclosure_x_bias,186,classic,none,log_loss,0.638183501272724,0.7047274167405329,0.6418250521685185,0.5301673450927182,0.0038417132061177544,0.03493134126444046,0.007313205432965515,0.0758582189842193,"[[2173, 932], [1202, 1651]]","[[209, 136], [175, 142]]"
disclosure_x_bias,187,classic,none,log_loss,0.6380658900115305,0.7047485874827736,0.6413208504878462,0.5346675712347354,0.003844875467161508,0.034944648149323375,0.00787834976900982,0.08412902148149076,"[[2163, 942], [1195, 1658]]","[[209, 136], [172, 145]]"
disclosure_x_bias,188,classic,none,log_loss,0.6379501442820599,0.70470968229809,0.6421600586543342,0.5301447308909996,0.003843351941038849,0.03494873506941527,0.008590131669868441,0.07696725089046529,"[[2176, 929], [1203, 1650]]","[[211, 134], [177, 140]]"
disclosure_x_bias,189,classic,none,log_loss,0.6378376516336683,0.7050331231983453,0.6429989848288309,0.5346901854364541,0.0038413637755204057,0.03496454959995292,0.007812574655924791,0.08366257650144233,"[[2172, 933], [1194, 1659]]","[[210, 135], [173, 144]]"
disclosure_x_bias,190,classic,none,log_loss,0.6377232772264597,0.704909981333387,0.6419922734194349,0.5286521935775668,0.003841586598119202,0.03507442857408043,0.007673786630132041,0.07567003484541353,"[[2180, 925], [1208, 1645]]","[[210, 135], [177, 140]]"
disclosure_x_bias,191,classic,none,log_loss,0.6376086923384595,0.7049448867973694,0.6433373752185438,0.5331750339213026,0.0038398085887551177,0.03501702258411282,0.008231819321040942,0.08419127221175904,"[[2164, 941], [1184, 1669]]","[[208, 137], [172, 145]]"
disclosure_x_bias,192,classic,none,log_loss,0.6374866938034286,0.7050242911496073,0.6426662342789464,0.5301447308909996,0.003835746618297676,0.03512557989880207,0.00895669790248706,0.07925316477812296,"[[2168, 937], [1192, 1661]]","[[206, 139], [172, 145]]"
disclosure_x_bias,193,classic,none,log_loss,0.637367551223796,0.7048871286525312,0.6436732276803339,0.5377204884667571,0.003835567002394805,0.03495671507484618,0.008697460603842763,0.0834246997845483,"[[2163, 942], [1181, 1672]]","[[209, 136], [170, 147]]"
disclosure_x_bias,194,classic,none,log_loss,0.6372486750943658,0.704929789165923,0.6428340195138458,0.5316372682044324,0.0038428822948874232,0.03511231523569757,0.009007002624739165,0.08108413049819414,"[[2165, 940], [1188, 1665]]","[[206, 139], [171, 146]]"
disclosure_x_bias,195,classic,none,log_loss,0.6371287269869816,0.7049866714961113,0.6438410129152332,0.5331750339213026,0.003840093142162494,0.03506718139608289,0.008545835054216697,0.08598989203282344,"[[2163, 942], [1180, 1673]]","[[206, 139], [170, 147]]"
disclosure_x_bias,196,classic,none,log_loss,0.6370105788357329,0.7052462017154809,0.6441763013930404,0.536182722749887,0.0038407440630301233,0.03495626507784055,0.00864348728215354,0.07138880005908144,"[[2171, 934], [1186, 1667]]","[[208, 137], [170, 147]]"
disclosure_x_bias,197,classic,none,log_loss,0.6368937837037526,0.7053868680489332,0.6424984490440472,0.5316372682044324,0.0038445189203569615,0.034928607181620976,0.008434345506530144,0.07426579821499957,"[[2160, 945], [1185, 1668]]","[[204, 141], [169, 148]]"
disclosure_x_bias,198,classic,none,log_loss,0.6367807480553473,0.705555955623308,0.6433376572105353,0.5346901854364541,0.003846013286192078,0.03458358287636616,0.008947714380734533,0.07220730308145637,"[[2165, 940], [1185, 1668]]","[[207, 138], [170, 147]]"
disclosure_x_bias,199,classic,none,log_loss,0.6366669570500729,0.705505497953038,0.6436729456883424,0.536182722749887,0.003842637787856455,0.03476175015913251,0.008491504706067066,0.07138880005908144,"[[2164, 941], [1182, 1671]]","[[208, 137], [170, 147]]"
disclosure_x_bias,200,classic,none,log_loss,0.6365537584543915,0.7054746324923137,0.6431695899836445,0.5376978742650385,0.0038467116417850705,0.034831258444377254,0.007385773690052522,0.0788787368459742,"[[2156, 949], [1177, 1676]]","[[208, 137], [169, 148]]"
disclosure_x_bias,201,classic,none,log_loss,0.6364307303667138,0.7055274941137177,0.6436729456883425,0.536182722749887,0.0038494230712422333,0.03487699034391539,0.00826753091919203,0.07138880005908144,"[[2166, 939], [1184, 1669]]","[[208, 137], [170, 147]]"
disclosure_x_bias,202,classic,none,log_loss,0.6363171092013304,0.7055141463451235,0.6433373752185438,0.5376978742650385,0.0038484015689762598,0.03497194456157828,0.007640607806376094,0.0788787368459742,"[[2160, 945], [1180, 1673]]","[[208, 137], [169, 148]]"
disclosure_x_bias,203,classic,none,log_loss,0.6362066989498268,0.7056172178438918,0.6435051604534431,0.5331524197195839,0.003848933943477844,0.034806197059054446,0.008345821224014385,0.07300556439081798,"[[2166, 939], [1185, 1668]]","[[207, 138], [171, 146]]"
disclosure_x_bias,204,classic,none,log_loss,0.6360930532123799,0.7057359666853305,0.6435054424454345,0.5346675712347354,0.0038466942610833523,0.03484384444080943,0.008370484968033328,0.0723957523915622,"[[2167, 938], [1186, 1667]]","[[208, 137], [171, 146]]"
disclosure_x_bias,205,classic,none,log_loss,0.6359823708970753,0.7057493079690902,0.6435054424454345,0.5316372682044324,0.003846268421786414,0.034824172394742545,0.007909352012228693,0.07252815158170833,"[[2167, 938], [1186, 1667]]","[[208, 137], [173, 144]]"
disclosure_x_bias,206,classic,none,log_loss,0.6358703920264495,0.7057857154317329,0.6436732276803339,0.5376978742650385,0.003852694185853012,0.03478948316115465,0.007624243731656429,0.0788787368459742,"[[2158, 947], [1176, 1677]]","[[208, 137], [169, 148]]"
disclosure_x_bias,207,classic,none,log_loss,0.6357617574692594,0.7058663942360306,0.6443446506119226,0.5316372682044324,0.003852914948518426,0.03472401846900172,0.008153369001632455,0.07252815158170833,"[[2166, 939], [1180, 1673]]","[[208, 137], [173, 144]]"
disclosure_x_bias,208,classic,none,log_loss,0.6356523024809544,0.7058049599955515,0.6441768653770233,0.5392130257801899,0.0038519882150013004,0.03473931635862099,0.00967874139603153,0.07789010139578392,"[[2157, 948], [1172, 1681]]","[[208, 137], [168, 149]]"
disclosure_x_bias,209,classic,none,log_loss,0.6355441575534713,0.7060152659922245,0.644848288308612,0.5392130257801899,0.0038534276986241034,0.034527623196863616,0.009618661854840541,0.07789010139578392,"[[2160, 945], [1171, 1682]]","[[207, 138], [167, 150]]"
disclosure_x_bias,210,classic,none,log_loss,0.6354340835530171,0.706100645327376,0.6455191472562178,0.5346901854364541,0.0038533482099550437,0.034659245837358084,0.009527759802379174,0.07572731993954422,"[[2162, 943], [1169, 1684]]","[[206, 139], [169, 148]]"
disclosure_x_bias,211,classic,none,log_loss,0.6353188020256093,0.7061045151397687,0.6455194292482094,0.536182722749887,0.0038468992358201685,0.034866762630726605,0.009079376436716732,0.07722447291430048,"[[2165, 940], [1172, 1681]]","[[207, 138], [169, 148]]"
disclosure_x_bias,212,classic,none,log_loss,0.6351963327289365,0.7059165761797465,0.6458547177260165,0.536182722749887,0.0038505051781392956,0.034877125276654715,0.009765798897132874,0.07722447291430048,"[[2158, 947], [1163, 1690]]","[[206, 139], [168, 149]]"
disclosure_x_bias,213,classic,none,log_loss,0.6350773472674005,0.7061361306667244,0.6461905701878067,0.5376978742650385,0.0038514765691898996,0.03486656173278601,0.009975090286246834,0.07790256426347843,"[[2165, 940], [1168, 1685]]","[[207, 138], [168, 149]]"
disclosure_x_bias,214,classic,none,log_loss,0.6349689696647354,0.7063019204964481,0.6458552817099994,0.5376978742650385,0.0038543147363701716,0.03503843906961927,0.010183817999475701,0.07790256426347843,"[[2160, 945], [1165, 1688]]","[[206, 139], [167, 150]]"
disclosure_x_bias,215,classic,none,log_loss,0.6348603653047267,0.7063528969462638,0.6448474423326378,0.5376978742650385,0.0038548971629399627,0.03492767340571371,0.010312573355121969,0.07855469383739007,"[[2159, 946], [1170, 1683]]","[[206, 139], [167, 150]]"
disclosure_x_bias,216,classic,none,log_loss,0.6347517214981904,0.7062705667981083,0.6456874964751,0.5286069651741293,0.0038568055713846935,0.03499810574030806,0.009594861483964592,0.07425759564527906,"[[2171, 934], [1177, 1676]]","[[204, 141], [171, 146]]"
disclosure_x_bias,217,classic,none,log_loss,0.6346465411164812,0.7064115222009544,0.6450160735435114,0.5346675712347354,0.003856699598199564,0.03493674784840708,0.00840821502060236,0.07945101772461963,"[[2158, 947], [1168, 1685]]","[[204, 141], [167, 150]]"
disclosure_x_bias,218,classic,none,log_loss,0.6345289990931422,0.7064226441977871,0.6455197112402008,0.5331524197195839,0.003853765704847961,0.03502134399542652,0.00853369287672705,0.07015476328645857,"[[2170, 935], [1177, 1676]]","[[205, 140], [169, 148]]"
disclosure_x_bias,219,classic,none,log_loss,0.634420271628822,0.706505085570942,0.6446810670576956,0.5301447308909996,0.003855741232271835,0.035066464561029784,0.00984637662152088,0.07357856810466137,"[[2165, 940], [1177, 1676]]","[[203, 142], [169, 148]]"
disclosure_x_bias,220,classic,none,log_loss,0.6343141704037717,0.7063732950709145,0.6445121538548305,0.536182722749887,0.0038564846026405545,0.03492882393801578,0.008631189639630674,0.07689345885289058,"[[2157, 948], [1170, 1683]]","[[205, 140], [167, 150]]"
disclosure_x_bias,221,classic,none,log_loss,0.6342065320827354,0.7065531878086599,0.6470300603462862,0.5316372682044324,0.0038586990747503337,0.03493057413379352,0.009290005384626439,0.0714652864282247,"[[2180, 925], [1178, 1675]]","[[206, 139], [171, 146]]"
disclosure_x_bias,222,classic,none,log_loss,0.6340972468981486,0.7064113684134019,0.6446810670576956,0.5331524197195839,0.003853537868356867,0.03487851271929695,0.008735354421506676,0.07194975208039847,"[[2163, 942], [1175, 1678]]","[[205, 140], [169, 148]]"
disclosure_x_bias,223,classic,none,log_loss,0.6339916272025441,0.7064750533741828,0.6463586374146975,0.536182722749887,0.0038567832291053245,0.03504065026492721,0.009558312016878644,0.07788228053897907,"[[2167, 938], [1169, 1684]]","[[206, 139], [168, 149]]"
disclosure_x_bias,224,classic,none,log_loss,0.6338882854780855,0.706429701139386,0.6456874964751,0.5316372682044324,0.003856816439754749,0.034837122000469,0.008487770534040776,0.07287899542659475,"[[2172, 933], [1178, 1675]]","[[206, 139], [171, 146]]"
disclosure_x_bias,225,classic,none,log_loss,0.6337830122320707,0.7066304702104819,0.6453510800293272,0.5331524197195839,0.0038577356860856797,0.03494953862095401,0.008868708971911696,0.07194975208039847,"[[2168, 937], [1176, 1677]]","[[205, 140], [169, 148]]"
disclosure_x_bias,226,classic,none,log_loss,0.6336749506680629,0.7064517235220255,0.6456866504991259,0.5346675712347354,0.0038600592236789143,0.03495336283966473,0.009300534236141838,0.07133091445333725,"[[2172, 933], [1178, 1675]]","[[206, 139], [169, 148]]"
disclosure_x_bias,227,classic,none,log_loss,0.6335723782539194,0.7063407940430353,0.6465264226495967,0.5376978742650385,0.003859974791930577,0.03517503487032339,0.008922598629212299,0.07790256426347843,"[[2164, 941], [1165, 1688]]","[[207, 138], [168, 149]]"
disclosure_x_bias,228,classic,none,log_loss,0.6334655394409912,0.7063911357591678,0.6470297783542948,0.5316372682044324,0.0038612759141423234,0.034976820334039815,0.008783415366669088,0.07217560231358588,"[[2174, 931], [1172, 1681]]","[[205, 140], [170, 147]]"
disclosure_x_bias,229,classic,none,log_loss,0.6333500183455385,0.7070792901046585,0.6465264226495967,0.536182722749887,0.003888089150263291,0.036405553094845854,0.009400592031136572,0.0710305960227362,"[[2174, 931], [1175, 1678]]","[[208, 137], [170, 147]]"
disclosure_x_bias,230,classic,none,log_loss,0.6332406792437661,0.7071018958374677,0.6460230669448987,0.5392130257801899,0.0038850018587985704,0.03650415042450138,0.009468203429578744,0.07756192811499175,"[[2162, 943], [1166, 1687]]","[[208, 137], [168, 149]]"
disclosure_x_bias,231,classic,none,log_loss,0.6331392059265865,0.7071961893143854,0.646861711127404,0.5331524197195839,0.003886935106977065,0.03632863068631243,0.009249929124847662,0.07159435467898605,"[[2177, 928], [1176, 1677]]","[[207, 138], [171, 146]]"
disclosure_x_bias,232,classic,none,log_loss,0.6330363546663723,0.7071374113878063,0.6465261406576053,0.5376978742650385,0.0038909163706570726,0.036378938284028384,0.009211269294436398,0.0788787368459742,"[[2163, 942], [1164, 1689]]","[[207, 138], [168, 149]]"
disclosure_x_bias,233,classic,none,log_loss,0.6329333665198652,0.7070921015241398,0.6456872144831086,0.5392130257801899,0.0038944849626282177,0.03648148860132191,0.00957419343291583,0.06810611003864175,"[[2173, 932], [1179, 1674]]","[[209, 136], [169, 148]]"
disclosure_x_bias,234,classic,none,log_loss,0.6328253318073854,0.7071363371030761,0.6463583554227059,0.5376752600633198,0.0038963665546159995,0.036471922422191355,0.008533653159982776,0.07293072847332847,"[[2171, 934], [1173, 1680]]","[[208, 137], [169, 148]]"
disclosure_x_bias,235,classic,none,log_loss,0.6327207070023744,0.7072963071480549,0.6466939258925046,0.5392130257801899,0.0038969460765302323,0.03633435578288534,0.00951594417670721,0.06885109025757172,"[[2174, 931], [1174, 1679]]","[[209, 136], [169, 148]]"
disclosure_x_bias,236,classic,none,log_loss,0.6326181524847382,0.7075308606898846,0.6483717782414979,0.5391904115784713,0.003897224840918075,0.03663096875874705,0.0088942334622578,0.07831518955381186,"[[2164, 941], [1154, 1699]]","[[207, 138], [167, 150]]"
disclosure_x_bias,237,classic,none,log_loss,0.6325097143953546,0.7074602145111382,0.6480362077716992,0.5361601085481682,0.0038976930932271055,0.036598225833314305,0.010039425811874635,0.07185130137369004,"[[2169, 936], [1161, 1692]]","[[206, 139], [168, 149]]"
disclosure_x_bias,238,classic,none,log_loss,0.6324045373393098,0.7073876082815462,0.6485395634763973,0.5361601085481682,0.0038998860305411547,0.03659308161370663,0.009506887908575325,0.07185130137369004,"[[2173, 932], [1162, 1691]]","[[206, 139], [168, 149]]"
disclosure_x_bias,239,classic,none,log_loss,0.6323024955905555,0.7074066327806059,0.6483714962495065,0.5407055630936228,0.0039021556027827352,0.03648869399512229,0.009012068484848642,0.0779441255694073,"[[2166, 939], [1156, 1697]]","[[208, 137], [167, 150]]"
disclosure_x_bias,240,classic,none,log_loss,0.6321972080657845,0.7074837776098102,0.6492101404320116,0.5391904115784713,0.0039028315021162304,0.03632121738676057,0.010015737287264702,0.080562865717165,"[[2173, 932], [1158, 1695]]","[[207, 138], [167, 150]]"
disclosure_x_bias,241,classic,none,log_loss,0.6320870655305091,0.7075527178965855,0.6483706502735322,0.5437358661239259,0.0039087292979835785,0.03641612410002557,0.008806271308770534,0.07937962055586442,"[[2172, 933], [1162, 1691]]","[[210, 135], [167, 150]]"
disclosure_x_bias,242,classic,none,log_loss,0.631982568101437,0.7075589611060012,0.648874569962213,0.5437358661239259,0.003906075153490294,0.036489914547845816,0.009559113641275239,0.08001971360017306,"[[2170, 935], [1157, 1696]]","[[210, 135], [167, 150]]"
disclosure_x_bias,243,classic,none,log_loss,0.6318675207562581,0.7075718100815656,0.6488742879702216,0.5407055630936228,0.0038908051060465763,0.036422154996826224,0.009954394767219578,0.07956357661286542,"[[2177, 928], [1164, 1689]]","[[209, 136], [168, 149]]"
disclosure_x_bias,244,classic,none,log_loss,0.6317683762723556,0.7076865598888995,0.6492098584400203,0.5407055630936227,0.003890819728361473,0.03626366698424972,0.010363639922213126,0.07001383472272737,"[[2192, 913], [1177, 1676]]","[[211, 134], [170, 147]]"
disclosure_x_bias,245,classic,none,log_loss,0.6316605317242446,0.7075448094233925,0.6493782076589024,0.5391904115784713,0.0038875721103715445,0.036317385231228565,0.009639872407936444,0.07960734717958448,"[[2178, 927], [1162, 1691]]","[[207, 138], [167, 150]]"
disclosure_x_bias,246,classic,none,log_loss,0.6315585134095538,0.7077469521369668,0.6502176978173819,0.5391904115784713,0.0038912199166214836,0.036316755896438326,0.008837444034011113,0.07006357151987741,"[[2186, 919], [1165, 1688]]","[[209, 136], [169, 148]]"
disclosure_x_bias,247,classic,none,log_loss,0.6314609351930033,0.7077329147596214,0.6498824093395748,0.5422207146087743,0.0038940044897153494,0.036337746929358,0.008233843274324236,0.07654513295347713,"[[2175, 930], [1156, 1697]]","[[209, 136], [167, 150]]"
disclosure_x_bias,248,classic,none,log_loss,0.6313560494293219,0.70792901520451,0.6512252552027522,0.5392130257801899,0.0039046324050243156,0.036180546020539446,0.009713855065112771,0.07095401345828242,"[[2192, 913], [1165, 1688]]","[[210, 135], [170, 147]]"
disclosure_x_bias,249,classic,none,log_loss,0.6312533476334514,0.7078378393939962,0.651057469967853,0.5407281772953414,0.0038996552138518496,0.036247140282011904,0.00846019379047224,0.07743847706587427,"[[2182, 923], [1156, 1697]]","[[208, 137], [167, 150]]"
disclosure_x_bias,250,classic,none,log_loss,0.6311541058332271,0.7079722914139174,0.6512252552027522,0.5346675712347354,0.0039001243951475298,0.03617478643297306,0.009319431896810604,0.07124610542162309,"[[2188, 917], [1161, 1692]]","[[206, 139], [169, 148]]"
disclosure_x_bias,251,classic,none,log_loss,0.6310537275681748,0.7080699070620456,0.6518963961423496,0.5392130257801899,0.003901698388825938,0.03607582443062714,0.009703512672680492,0.07781244165585098,"[[2182, 923], [1151, 1702]]","[[207, 138], [167, 150]]"
disclosure_x_bias,252,classic,none,log_loss,0.6309561023097294,0.7079902520620538,0.6512246912187694,0.5392130257801899,0.0039026189467500963,0.03611016989513653,0.008789504964596675,0.07781244165585098,"[[2181, 924], [1154, 1699]]","[[207, 138], [167, 150]]"
disclosure_x_bias,253,classic,none,log_loss,0.6308610297241897,0.7082066537441014,0.6525675370819469,0.5407281772953414,0.003904389409600265,0.0360696772896077,0.009207459579173065,0.0777671713051998,"[[2187, 918], [1152, 1701]]","[[206, 139], [165, 152]]"
disclosure_x_bias,254,classic,none,log_loss,0.6307617260508903,0.7083176765872391,0.6517280469234674,0.5407281772953414,0.0039050757883145166,0.036011017294013424,0.00922906381477056,0.07743847706587428,"[[2179, 926], [1149, 1704]]","[[208, 137], [167, 150]]"
disclosure_x_bias,255,classic,none,log_loss,0.6306667522744126,0.7081163852779133,0.6523991878630647,0.5437584803256446,0.0039061784439405702,0.036202361290595675,0.00934627777741029,0.0775779742245654,"[[2184, 921], [1150, 1703]]","[[208, 137], [165, 152]]"
disclosure_x_bias,256,classic,none,log_loss,0.6305625062107915,0.7082394452098866,0.6513921944616773,0.5392130257801899,0.0039061518918005775,0.036086713253564204,0.008989806113788192,0.07878973082855578,"[[2176, 929], [1148, 1705]]","[[208, 137], [168, 149]]"
disclosure_x_bias,257,classic,none,log_loss,0.63046617615681,0.7081411280979968,0.653070328802662,0.542243328810493,0.003906405567982203,0.03611554103033045,0.008085922105071548,0.07899144940465232,"[[2187, 918], [1149, 1704]]","[[208, 137], [166, 151]]"
disclosure_x_bias,258,classic,none,log_loss,0.6303681189230697,0.708071335163296,0.653406181264452,0.536182722749887,0.0039060006608198214,0.03622366957845058,0.009671496143628317,0.07813176694202112,"[[2185, 920], [1145, 1708]]","[[208, 137], [170, 147]]"
disclosure_x_bias,259,classic,none,log_loss,0.6302643508988404,0.7080690871704647,0.6530706107946533,0.542243328810493,0.0039024357684252567,0.0365222804456082,0.008954758138017117,0.07899144940465232,"[[2186, 919], [1148, 1705]]","[[208, 137], [166, 151]]"
disclosure_x_bias,260,classic,none,log_loss,0.6301664724080778,0.7081299544330182,0.6534064632564436,0.5392130257801899,0.003905800145492026,0.036374601262073133,0.00877605349852357,0.0784653202472654,"[[2189, 916], [1149, 1704]]","[[208, 137], [168, 149]]"
disclosure_x_bias,261,classic,none,log_loss,0.6300701207501938,0.7081266616891783,0.6540784501720152,0.5392356399819087,0.003901671655743601,0.03636224861456105,0.008899395225874112,0.08021164159266365,"[[2192, 913], [1148, 1705]]","[[207, 138], [167, 150]]"
disclosure_x_bias,262,classic,none,log_loss,0.6299745518280451,0.7080183504475792,0.6539098189611415,0.5392130257801899,0.0039033172939232108,0.036430004586240926,0.00945412330109451,0.07878973082855578,"[[2190, 915], [1147, 1706]]","[[207, 138], [167, 150]]"
disclosure_x_bias,263,classic,none,log_loss,0.6298806266719984,0.708266504256968,0.6542467993908974,0.5392356399819087,0.003904870302008859,0.03636031517959778,0.008609705996634865,0.07957309244920184,"[[2191, 914], [1146, 1707]]","[[208, 137], [168, 149]]"
disclosure_x_bias,264,classic,none,log_loss,0.6297842438522238,0.7080945482799222,0.6539106649371158,0.536182722749887,0.003904813627412967,0.03633764478540199,0.009583565746113562,0.07845755672981831,"[[2193, 912], [1150, 1703]]","[[208, 137], [170, 147]]"
disclosure_x_bias,265,classic,none,log_loss,0.6296829493742955,0.7083755223211263,0.6547495911116125,0.5392130257801899,0.003899280520677575,0.03637240677197528,0.007806270101320181,0.07813956282815746,"[[2192, 913], [1144, 1709]]","[[209, 136], [169, 148]]"
disclosure_x_bias,266,classic,none,log_loss,0.6295814621278295,0.7082591849807852,0.6545818058767131,0.5376978742650385,0.003896937828488118,0.03634316608925876,0.008951628659941554,0.07782491695996276,"[[2189, 916], [1142, 1711]]","[[209, 136], [170, 147]]"
disclosure_x_bias,267,classic,none,log_loss,0.6294871204846861,0.7083101346567744,0.6540784501720152,0.5331524197195839,0.0038965045245087106,0.03649519185859318,0.008201877322146339,0.0776655229071854,"[[2190, 915], [1146, 1707]]","[[207, 138], [171, 146]]"
disclosure_x_bias,268,classic,none,log_loss,0.6293858148616958,0.7083036201536175,0.6544140206418138,0.536182722749887,0.003897902984574809,0.03664106588713466,0.009144559177600623,0.07166089698995937,"[[2195, 910], [1149, 1704]]","[[208, 137], [170, 147]]"
disclosure_x_bias,269,classic,none,log_loss,0.6292902679467971,0.708161528807407,0.6544140206418139,0.5407281772953414,0.003898991884780164,0.03673717520473391,0.007404778710215689,0.07874502232143536,"[[2185, 920], [1139, 1714]]","[[208, 137], [167, 150]]"
disclosure_x_bias,270,classic,none,log_loss,0.6291954006998995,0.7081830572119798,0.6552529468163104,0.5376978742650385,0.003899985316504124,0.036679183236930465,0.008620796741025012,0.07847769176578656,"[[2189, 916], [1138, 1715]]","[[206, 139], [167, 150]]"
disclosure_x_bias,271,classic,none,log_loss,0.6291005337461396,0.7080931824850655,0.6552532288083018,0.5376978742650385,0.0039016108528227124,0.036781226615599585,0.007766026615314555,0.07847769176578656,"[[2186, 919], [1135, 1718]]","[[206, 139], [167, 150]]"
disclosure_x_bias,272,classic,none,log_loss,0.629006344530922,0.708068258456833,0.6547495911116125,0.5407281772953414,0.0039030396883341033,0.03683761136006196,0.008928869906235957,0.07939023205321957,"[[2189, 916], [1141, 1712]]","[[207, 138], [166, 151]]"
disclosure_x_bias,273,classic,none,log_loss,0.6289070544833142,0.7081060467104321,0.6552540747842761,0.5376978742650385,0.003906868587841955,0.03671948377151955,0.007723967500615257,0.07847769176578656,"[[2189, 916], [1138, 1715]]","[[207, 138], [168, 149]]"
disclosure_x_bias,274,classic,none,log_loss,0.6288090898018834,0.7079558852927812,0.6557565845129998,0.5407281772953414,0.003898315614478356,0.036751952566282574,0.008697668143815044,0.07939023205321957,"[[2189, 916], [1135, 1718]]","[[207, 138], [166, 151]]"
disclosure_x_bias,275,classic,none,log_loss,0.6287180575321933,0.7082309461137087,0.6552540747842761,0.5346675712347354,0.0038993009292045016,0.03665577420614052,0.008534101836621674,0.07937488518717702,"[[2187, 918], [1136, 1717]]","[[208, 137], [171, 146]]"
disclosure_x_bias,276,classic,none,log_loss,0.6286241298220461,0.70796620089227,0.6545820878687045,0.5392130257801899,0.00389890226294963,0.036921983648368614,0.008728773850122837,0.0810242439134655,"[[2186, 919], [1139, 1714]]","[[208, 137], [168, 149]]"
disclosure_x_bias,277,classic,none,log_loss,0.6285321248737051,0.7081634130961649,0.6544145846257966,0.5331524197195839,0.003900415206025634,0.03683085774944883,0.00887760695077335,0.0799314698110764,"[[2188, 917], [1142, 1711]]","[[206, 139], [170, 147]]"
disclosure_x_bias,278,classic,none,log_loss,0.6284390555639392,0.7080381906024086,0.6550860075573854,0.5376978742650385,0.003898254503474593,0.03691624226659352,0.009113375453325826,0.08166333406241348,"[[2190, 915], [1140, 1713]]","[[206, 139], [167, 150]]"
disclosure_x_bias,279,classic,none,log_loss,0.6283475152886553,0.7079958184536623,0.6544145846257966,0.5316372682044324,0.003896138317131099,0.036595374178209114,0.008771266318824106,0.07981588443741491,"[[2195, 910], [1149, 1704]]","[[206, 139], [171, 146]]"
disclosure_x_bias,280,classic,none,log_loss,0.6282474602415093,0.7078750941755243,0.6545820878687045,0.5376978742650385,0.00390776613708518,0.03655858662019772,0.007450429124639837,0.08040422451630218,"[[2195, 910], [1148, 1705]]","[[207, 138], [168, 149]]"
disclosure_x_bias,281,classic,none,log_loss,0.628155455204667,0.7081026648397841,0.6545826518526874,0.5346675712347354,0.003907849495426295,0.036329111065400814,0.009720676515946696,0.07775150407436349,"[[2197, 908], [1150, 1703]]","[[206, 139], [169, 148]]"
disclosure_x_bias,282,classic,none,log_loss,0.6280598500240147,0.7082020754056546,0.6547504370875867,0.536182722749887,0.0039078196489445004,0.03626739919735212,0.008891063963499264,0.07714614311740567,"[[2194, 911], [1146, 1707]]","[[207, 138], [169, 148]]"
disclosure_x_bias,283,classic,none,log_loss,0.6279691882248308,0.708230864326014,0.6544134566578309,0.5331524197195839,0.003909725977139646,0.03632237992135225,0.0074771091531544995,0.07929066440066143,"[[2194, 911], [1148, 1705]]","[[207, 138], [171, 146]]"
disclosure_x_bias,284,classic,none,log_loss,0.6278695417953887,0.7081979472135701,0.6555890812700919,0.5376978742650385,0.0039029043250537973,0.03622754243287229,0.00688490362567008,0.08040422451630218,"[[2195, 910], [1142, 1711]]","[[207, 138], [168, 149]]"
disclosure_x_bias,285,classic,none,log_loss,0.6277788500510763,0.7082945355160065,0.6554212960351926,0.536182722749887,0.0039043034866486992,0.03627556946980451,0.007332882336186191,0.07714614311740567,"[[2200, 905], [1148, 1705]]","[[207, 138], [169, 148]]"
disclosure_x_bias,286,classic,none,log_loss,0.6276858077668162,0.7083067236457697,0.655589081270092,0.5376978742650385,0.003903716770173304,0.03629921647126834,0.00651130696329707,0.08351641362852856,"[[2199, 906], [1146, 1707]]","[[206, 139], [167, 150]]"
disclosure_x_bias,287,classic,none,log_loss,0.6275930818038694,0.7085336560738312,0.6549176583385032,0.5376978742650385,0.0039017750220661455,0.03614350545533942,0.008036871078914239,0.07782491695996274,"[[2194, 911], [1145, 1708]]","[[207, 138], [168, 149]]"
disclosure_x_bias,288,classic,none,log_loss,0.6274971693999006,0.7084026284995011,0.6554212960351926,0.536182722749887,0.0039062225613208704,0.0363204187811811,0.00833133239616355,0.08038457204709608,"[[2193, 912], [1141, 1712]]","[[206, 139], [168, 149]]"
disclosure_x_bias,289,classic,none,log_loss,0.6274008376142819,0.7083668608864646,0.6550862895493769,0.5346675712347354,0.0039090654832010865,0.03612420213912707,0.008458672442382912,0.08159337483025204,"[[2190, 915], [1140, 1713]]","[[205, 140], [168, 149]]"
disclosure_x_bias,290,classic,none,log_loss,0.627306333217466,0.7084218848489142,0.6544137386498223,0.5346675712347354,0.00391362724772305,0.03633401593022474,0.008807758603393376,0.08159337483025204,"[[2191, 914], [1145, 1708]]","[[205, 140], [168, 149]]"
disclosure_x_bias,291,classic,none,log_loss,0.6272175645315441,0.7085141961851332,0.6550851615814111,0.5346675712347354,0.003912642231993953,0.03613680220555653,0.008132629156631767,0.08159337483025204,"[[2198, 907], [1148, 1705]]","[[205, 140], [168, 149]]"
disclosure_x_bias,292,classic,none,log_loss,0.6271293663515851,0.7084868206130569,0.6555887992781005,0.5316372682044324,0.003914693730947449,0.03639665931807637,0.008989377626730782,0.08013482770342191,"[[2197, 908], [1144, 1709]]","[[205, 140], [170, 147]]"
disclosure_x_bias,293,classic,none,log_loss,0.6270381689585737,0.7085551899158438,0.6549176583385032,0.5316372682044324,0.003914213558726847,0.03619277576065008,0.007840659232821116,0.08013482770342191,"[[2194, 911], [1145, 1708]]","[[205, 140], [170, 147]]"
disclosure_x_bias,294,classic,none,log_loss,0.6269436973416006,0.7086555365702801,0.655924933731882,0.5316372682044324,0.003914914947826072,0.0362223296488302,0.008136341430280549,0.08013482770342191,"[[2194, 911], [1139, 1714]]","[[205, 140], [170, 147]]"
disclosure_x_bias,295,classic,none,log_loss,0.6268506858825444,0.7088334520870151,0.655589081270092,0.5316372682044324,0.003915562882628045,0.03608409913169766,0.008622458177494704,0.08013482770342191,"[[2195, 910], [1142, 1711]]","[[205, 140], [170, 147]]"
disclosure_x_bias,296,classic,none,log_loss,0.6267616557960467,0.7089077952895538,0.6560930009587728,0.5331524197195839,0.0039140278716356565,0.036186000215825534,0.009293141621699901,0.08088315939520463,"[[2191, 914], [1135, 1718]]","[[205, 140], [169, 148]]"
disclosure_x_bias,297,classic,none,log_loss,0.6266734758915382,0.7088364764993269,0.6560924369747899,0.5331524197195839,0.003913651787518582,0.03598510438090281,0.0087968823074273,0.08024995369898583,"[[2197, 908], [1141, 1712]]","[[205, 140], [169, 148]]"
disclosure_x_bias,298,classic,none,log_loss,0.6265842895702478,0.7089918927867014,0.6569322091252608,0.528629579375848,0.003917867575619322,0.03620943948367535,0.010091311841538834,0.07535052917593936,"[[2205, 900], [1144, 1709]]","[[205, 140], [172, 145]]"
disclosure_x_bias,299,classic,none,log_loss,0.6264965744721309,0.7089094801128295,0.6555887992781005,0.5316372682044325,0.0039186274775231955,0.03626634027438222,0.009628930768168339,0.07520879319003733,"[[2203, 902], [1150, 1703]]","[[206, 139], [171, 146]]"
disclosure_x_bias,300,classic,none,log_loss,0.626406733399606,0.7090858239208472,0.6562607861936721,0.5346675712347354,0.003918618055022446,0.036115332174780995,0.009273550613001981,0.07840489009549384,"[[2193, 912], [1136, 1717]]","[[207, 138], [170, 147]]"
disclosure_x_bias,1,classic,none,exponential,1.0207736660318003,1.0209790256349196,0.5211479893971012,0.5211442786069652,0.0007347678315934103,0.0012496290104017298,0.0007693568093155724,0.006946687858873804,"[[3105, 0], [2853, 0]]","[[345, 0], [317, 0]]"
disclosure_x_bias,2,classic,none,exponential,1.0208809221799,1.020728881451681,0.5211479893971012,0.5211442786069652,0.0007568736393820067,0.001704534139676124,0.0007693568093155724,0.006946687858873804,"[[3105, 0], [2853, 0]]","[[345, 0], [317, 0]]"
disclosure_x_bias,3,classic,none,exponential,1.020993704168548,1.0206408247506935,0.5260137612091816,0.509023066485753,0.0007486857246754615,0.0016273078763593364,0.015046183547979531,0.03564819662615806,"[[3045, 60], [2764, 89]]","[[331, 14], [311, 6]]"
disclosure_x_bias,4,classic,none,exponential,1.0211130665185955,1.0213041399007685,0.5256781907393829,0.5150836725463591,0.0007604936247217167,0.0021356076985519223,0.013986189694098383,0.017094318916949486,"[[3078, 27], [2799, 54]]","[[338, 7], [314, 3]]"
disclosure_x_bias,5,classic,none,exponential,1.0212342479051535,1.0210933986532402,0.5382620833568327,0.4999321573948439,0.0007661772835744081,0.002508234764292328,0.028705145767510983,0.04145307162665297,"[[2807, 298], [2453, 400]]","[[298, 47], [284, 33]]"
disclosure_x_bias,6,classic,none,exponential,1.0213262093156532,1.0210727975224743,0.5592473633748801,0.5225463591135233,0.0007395151270213037,0.00229998435445068,0.02461132489954201,0.041116000626264505,"[[2786, 319], [2307, 546]]","[[293, 52], [264, 53]]"
disclosure_x_bias,7,classic,none,exponential,1.021420377110911,1.0216991003943585,0.5673010546500479,0.5089099954771596,0.0007322904456878573,0.0024323579120737416,0.021342000385861124,0.0580171888336075,"[[2696, 409], [2169, 684]]","[[276, 69], [256, 61]]"
disclosure_x_bias,8,classic,none,exponential,1.0215586819286808,1.0218160588795884,0.5723357396649935,0.5134554500226142,0.000695995443215282,0.0036348587248836665,0.02276244672810755,0.055393485955883684,"[[2625, 480], [2068, 785]]","[[273, 72], [250, 67]]"
disclosure_x_bias,9,classic,none,exponential,1.021676812966859,1.0220427375892702,0.579556708589476,0.5256218905472637,0.0007262470247184177,0.0039651835098759676,0.021493002972772516,0.038542020589286546,"[[2566, 539], [1966, 887]]","[[265, 80], [234, 83]]"
disclosure_x_bias,10,classic,none,exponential,1.021809117626462,1.0221137752414642,0.5797239298403924,0.5226142017186793,0.000681136518733744,0.0040343538257630205,0.021622159163555272,0.039701505246743526,"[[2571, 534], [1970, 883]]","[[264, 81], [235, 82]]"
disclosure_x_bias,11,classic,none,exponential,1.0218907173572649,1.0220845004433161,0.5871078901359201,0.5301899592944369,0.0006953122434462272,0.00438575019154046,0.01350833375123661,0.06004970750779723,"[[2478, 627], [1833, 1020]]","[[256, 89], [222, 95]]"
disclosure_x_bias,12,classic,none,exponential,1.0220513865781071,1.022940098599689,0.5852616885680446,0.5195838986883763,0.0006637472469521484,0.005849181742947718,0.009088725321807505,0.05876059522367809,"[[2480, 625], [1846, 1007]]","[[252, 93], [225, 92]]"
disclosure_x_bias,13,classic,none,exponential,1.0222057578138946,1.0231706010815635,0.5902952456150246,0.5256445047489823,0.000738498024214743,0.005988160226037948,0.013105941659076466,0.05426028351938442,"[[2453, 652], [1789, 1064]]","[[250, 95], [219, 98]]"
disclosure_x_bias,14,classic,none,exponential,1.0223063834554167,1.023255573443097,0.5929820653093453,0.5241293532338308,0.0007496764797578382,0.006336706662452445,0.012686857688072515,0.05525830564338357,"[[2424, 681], [1744, 1109]]","[[246, 99], [216, 101]]"
disclosure_x_bias,15,classic,none,exponential,1.0224145693345665,1.0235813988400433,0.5929820653093453,0.5241293532338308,0.0007364741185363146,0.006583364286435664,0.012002717482606602,0.05525830564338357,"[[2421, 684], [1741, 1112]]","[[246, 99], [216, 101]]"
disclosure_x_bias,16,classic,none,exponential,1.0225444139654036,1.023866144951595,0.5926481867914951,0.531727725011307,0.0006842068085517863,0.00670440096134071,0.013777971489744818,0.06005612278776011,"[[2431, 674], [1753, 1100]]","[[250, 95], [215, 102]]"
disclosure_x_bias,17,classic,none,exponential,1.0227120115124373,1.0238664966653368,0.5976817438384749,0.522636815920398,0.0006938410050356741,0.0067636987506099295,0.013968502412330311,0.05319285098203751,"[[2380, 725], [1672, 1181]]","[[240, 105], [211, 106]]"
disclosure_x_bias,18,classic,none,exponential,1.0227895213952816,1.0236779600179127,0.5980153403643337,0.5331976481230212,0.0006742210901713576,0.00655147912596396,0.014329651842155027,0.04789868483067153,"[[2399, 706], [1689, 1164]]","[[244, 101], [208, 109]]"
disclosure_x_bias,19,classic,none,exponential,1.022980567931185,1.0241260453326617,0.5981848175511816,0.5256218905472637,0.0008252710136115388,0.008174321588044627,0.014408094973004588,0.05491760580192483,"[[2407, 698], [1696, 1157]]","[[242, 103], [211, 106]]"
disclosure_x_bias,20,classic,none,exponential,1.0231141436047,1.0241712313000482,0.5983526027860808,0.5271370420624152,0.0008202876557343549,0.008583800238922024,0.014406615337984065,0.05572860023366548,"[[2373, 732], [1661, 1192]]","[[238, 107], [206, 111]]"
disclosure_x_bias,21,classic,none,exponential,1.0232867278139637,1.0242727296398573,0.5980153403643337,0.528629579375848,0.0008516629271325722,0.008724390887894999,0.010937644713355153,0.0848140234718011,"[[2356, 749], [1646, 1207]]","[[237, 108], [204, 113]]"
disclosure_x_bias,22,classic,none,exponential,1.023403145896798,1.0245623672867235,0.6005366307596864,0.5300995024875622,0.0008485296580083733,0.008873223081312376,0.009038886234624633,0.08843412018732229,"[[2311, 794], [1586, 1267]]","[[233, 112], [199, 118]]"
disclosure_x_bias,23,classic,none,exponential,1.0234624404299728,1.024640399400686,0.6001988043539563,0.5241293532338308,0.0008149516843635159,0.008803952963949292,0.009959017407888631,0.08566654746823489,"[[2347, 758], [1624, 1229]]","[[233, 112], [203, 114]]"
disclosure_x_bias,24,classic,none,exponential,1.0235942354372827,1.0250369593338136,0.5993598781794597,0.5241293532338308,0.0008568635965338238,0.008818663713014256,0.009569550008115104,0.08566654746823489,"[[2379, 726], [1661, 1192]]","[[237, 108], [207, 110]]"
disclosure_x_bias,25,classic,none,exponential,1.0237381057794466,1.0253841659745062,0.6017125373639389,0.5241293532338308,0.0009098983562530425,0.008682765430653936,0.008071846049035237,0.08566654746823489,"[[2356, 749], [1624, 1229]]","[[234, 111], [204, 113]]"
disclosure_x_bias,26,classic,none,exponential,1.0238641947440674,1.0253211814354284,0.6043971011223281,0.5362505653550429,0.0008660971543215302,0.008712308149336878,0.011028458954411888,0.07589684947624321,"[[2311, 794], [1563, 1290]]","[[233, 112], [195, 122]]"
disclosure_x_bias,27,classic,none,exponential,1.0240684924728634,1.0255242618228722,0.6060763634312785,0.5331298055178653,0.0009064629626304949,0.008963416068435301,0.011522852511183346,0.08862967305668448,"[[2271, 834], [1513, 1340]]","[[229, 116], [193, 124]]"
disclosure_x_bias,28,classic,none,exponential,1.024341057481556,1.0259562367153738,0.6064102419491286,0.5391677973767526,0.0010844542019800788,0.010791259784763866,0.01078807978582341,0.08448426864941277,"[[2271, 834], [1511, 1342]]","[[228, 117], [188, 129]]"
disclosure_x_bias,29,classic,none,exponential,1.0244389446772302,1.0260755499033931,0.608590886018837,0.5362279511533242,0.001090239655941085,0.010757809189255698,0.012811417545454848,0.07802375168585665,"[[2265, 840], [1492, 1361]]","[[226, 119], [188, 129]]"
disclosure_x_bias,30,classic,none,exponential,1.024583807090177,1.0260176685813691,0.6079225649991541,0.5331524197195839,0.0011530749127968293,0.010919502963619489,0.012393001546995876,0.08590395449271386,"[[2286, 819], [1517, 1336]]","[[226, 119], [190, 127]]"
disclosure_x_bias,31,classic,none,exponential,1.0247147301642503,1.0262741240243545,0.6082581354689527,0.5301221166892809,0.0011321707547933115,0.011166141441640257,0.008615880350581409,0.08829833398621907,"[[2277, 828], [1506, 1347]]","[[222, 123], [188, 129]]"
disclosure_x_bias,32,classic,none,exponential,1.024869710565746,1.0262655321370227,0.6085942699227342,0.5286069651741293,0.0012306791271492212,0.011645693975834294,0.007933924629872647,0.08871278764453451,"[[2278, 827], [1505, 1348]]","[[221, 124], [188, 129]]"
disclosure_x_bias,33,classic,none,exponential,1.025058071916488,1.0264862950074591,0.6085942699227342,0.536182722749887,0.001184149093314109,0.011479291378396981,0.010361688022098308,0.0817734731839531,"[[2284, 821], [1511, 1342]]","[[224, 121], [186, 131]]"
disclosure_x_bias,34,classic,none,exponential,1.0252045343651164,1.0267741223508646,0.6122869550504766,0.5392130257801899,0.0011947140359274998,0.011550123871889258,0.013737527853824469,0.07794829542520933,"[[2249, 856], [1454, 1399]]","[[224, 121], [184, 133]]"
disclosure_x_bias,35,classic,none,exponential,1.0253635044720761,1.0270785559158286,0.6112788336811235,0.5392130257801899,0.0011757646643741936,0.011455156153437427,0.013146491913951135,0.07794829542520933,"[[2249, 856], [1460, 1393]]","[[224, 121], [184, 133]]"
disclosure_x_bias,36,classic,none,exponential,1.025480974387465,1.0271354266435255,0.6129566860301168,0.5377204884667571,0.0012232617398985728,0.011361235261874304,0.010874947534360262,0.07685375078358249,"[[2214, 891], [1415, 1438]]","[[220, 125], [181, 136]]"
disclosure_x_bias,37,classic,none,exponential,1.0256379171920291,1.0271151286948916,0.6151393040437652,0.542243328810493,0.0012615411286820484,0.011858260071152664,0.011073873020535951,0.07683556041694345,"[[2199, 906], [1387, 1466]]","[[221, 124], [179, 138]]"
disclosure_x_bias,38,classic,none,exponential,1.0258028011092888,1.0274147670005154,0.6144664711522193,0.5437584803256444,0.0012598417708334336,0.011727794188301516,0.010581522389766819,0.07672325045543092,"[[2191, 914], [1383, 1470]]","[[221, 124], [178, 139]]"
disclosure_x_bias,39,classic,none,exponential,1.0259238445200451,1.0273968866517706,0.6146345383791101,0.5407507914970602,0.00122889693828859,0.011739587777001941,0.011039894951661543,0.07612707503408256,"[[2204, 901], [1395, 1458]]","[[220, 125], [179, 138]]"
disclosure_x_bias,40,classic,none,exponential,1.0262499555770916,1.0280555716629531,0.6148023236140093,0.5407507914970602,0.0015473128889915747,0.013824118209360674,0.011212173118242795,0.07679428336995887,"[[2200, 905], [1390, 1463]]","[[219, 126], [178, 139]]"
disclosure_x_bias,41,classic,none,exponential,1.0263567677465129,1.0280428626218816,0.6154734645536066,0.5437810945273631,0.0015505109784615318,0.014040537583298207,0.011086238409446569,0.07626797246265028,"[[2198, 907], [1384, 1469]]","[[221, 124], [178, 139]]"
disclosure_x_bias,42,classic,none,exponential,1.0264866691173453,1.0283015417957715,0.6161451694771868,0.5422659430122116,0.0015227893957098226,0.013785206694606948,0.011396390490923189,0.0763814502991132,"[[2205, 900], [1387, 1466]]","[[221, 124], [179, 138]]"
disclosure_x_bias,43,classic,none,exponential,1.0266464099345165,1.0284446784266907,0.6173196661214821,0.5422659430122116,0.0014751692688124186,0.01365895755766043,0.011216351850980596,0.07803333878828761,"[[2172, 933], [1347, 1506]]","[[217, 128], [175, 142]]"
disclosure_x_bias,44,classic,none,exponential,1.0268657773526708,1.0287378224545103,0.6169838136596921,0.5437810945273631,0.0015461547311748233,0.01368839054002686,0.011133125311006417,0.0759327888400869,"[[2169, 936], [1346, 1507]]","[[218, 127], [175, 142]]"
disclosure_x_bias,45,classic,none,exponential,1.0270319914290211,1.0291751779247433,0.6148023236140093,0.5422659430122116,0.00155575206197786,0.013907441269122557,0.010491562795619797,0.07704645582281258,"[[2193, 912], [1383, 1470]]","[[219, 126], [177, 140]]"
disclosure_x_bias,46,classic,none,exponential,1.0272478024001983,1.0293421835015981,0.6146348203711015,0.5362279511533243,0.001615236852281855,0.014118250150166952,0.009204297487727614,0.0792825373443452,"[[2203, 902], [1394, 1459]]","[[218, 127], [180, 137]]"
disclosure_x_bias,47,classic,none,exponential,1.0273871854069387,1.0296147406760265,0.6142998138852857,0.5362053369516057,0.0015722996312095786,0.013989164785843302,0.009395455101571812,0.08067242588526921,"[[2190, 915], [1383, 1470]]","[[216, 129], [178, 139]]"
disclosure_x_bias,48,classic,none,exponential,1.0275769543035858,1.029693799503111,0.6137961761885962,0.5346901854364541,0.0015279739372669777,0.014043136796306522,0.010928274298705139,0.08062167836991116,"[[2209, 896], [1405, 1448]]","[[219, 126], [182, 135]]"
disclosure_x_bias,49,classic,none,exponential,1.0278722603041064,1.0303710340350258,0.6156418137724888,0.5377204884667571,0.0019397809138688182,0.016336377961667668,0.009664561285190228,0.0806915364396668,"[[2181, 924], [1366, 1487]]","[[217, 128], [178, 139]]"
disclosure_x_bias,50,classic,none,exponential,1.0279998831877393,1.0303380397175792,0.6163129547120862,0.5392130257801899,0.0018462367003257052,0.01615868077508833,0.010061307882573995,0.08203697659190091,"[[2185, 920], [1366, 1487]]","[[218, 127], [178, 139]]"
disclosure_x_bias,51,classic,none,exponential,1.0281072891515506,1.0303205898087637,0.6161451694771868,0.5392130257801899,0.001860418010188814,0.015976078875019593,0.010775061239980809,0.07656896946755966,"[[2170, 935], [1352, 1501]]","[[215, 130], [175, 142]]"
disclosure_x_bias,52,classic,none,exponential,1.0282408829379395,1.0304379004084212,0.6178230218261802,0.5407507914970602,0.0018493322773747538,0.015990542139312752,0.011661053645789765,0.08373851579230526,"[[2152, 953], [1324, 1529]]","[[216, 129], [175, 142]]"
disclosure_x_bias,53,classic,none,exponential,1.0283812677823114,1.0305965010842033,0.6179910890530709,0.5422659430122116,0.001874401275107594,0.016304503677602597,0.01165688928852574,0.0830535238027753,"[[2154, 951], [1325, 1528]]","[[217, 128], [175, 142]]"
disclosure_x_bias,54,classic,none,exponential,1.0285771234253942,1.0308806633199403,0.6173199481134736,0.5422659430122116,0.0019498768880262746,0.01649619155913603,0.0113438491892069,0.08336008048573677,"[[2165, 940], [1340, 1513]]","[[219, 126], [177, 140]]"
disclosure_x_bias,55,classic,none,exponential,1.0287208714651592,1.0310427974002672,0.6173199481134736,0.5377204884667571,0.0018934749742780413,0.01663004089337351,0.011343849189206898,0.08439968295768843,"[[2166, 939], [1341, 1512]]","[[217, 128], [178, 139]]"
disclosure_x_bias,56,classic,none,exponential,1.0288876311715598,1.0311345553501945,0.6169838136596921,0.5422659430122116,0.0018707949071279874,0.016441823973735482,0.011573483280381021,0.07291376096195547,"[[2157, 948], [1334, 1519]]","[[217, 128], [175, 142]]"
disclosure_x_bias,57,classic,none,exponential,1.0290031606863688,1.0312398287354774,0.6178233038181716,0.5407507914970602,0.0018468368922751534,0.016600527631756085,0.011704360625101804,0.07299751600976892,"[[2151, 954], [1323, 1530]]","[[215, 130], [174, 143]]"
disclosure_x_bias,58,classic,none,exponential,1.0291768379419524,1.031675970209927,0.6184941627657775,0.5407507914970602,0.001865542320405039,0.016378362468916437,0.012116485106722386,0.07299751600976892,"[[2143, 962], [1311, 1542]]","[[215, 130], [174, 143]]"
disclosure_x_bias,59,classic,none,exponential,1.0294751964806559,1.0321748166342104,0.6173196661214821,0.5422659430122116,0.0018363562672789456,0.01676749453441446,0.011271429192528265,0.07221070649534234,"[[2136, 969], [1311, 1542]]","[[215, 130], [173, 144]]"
disclosure_x_bias,60,classic,none,exponential,1.0295681575719258,1.0321108159950572,0.6184944447577688,0.5452962460425147,0.0017614831572860521,0.01666098425084588,0.012955299863071385,0.08094473687744226,"[[2143, 962], [1311, 1542]]","[[217, 128], [173, 144]]"
disclosure_x_bias,61,classic,none,exponential,1.0297679752691795,1.032319495985396,0.6186622299926683,0.5407507914970602,0.0018479325018652102,0.016986067724252756,0.012633249538627026,0.07299751600976892,"[[2153, 952], [1320, 1533]]","[[217, 128], [176, 141]]"
disclosure_x_bias,62,classic,none,exponential,1.0298885347145121,1.0327002102676512,0.6174877333483729,0.5422659430122116,0.0018789543600686255,0.017025101864249853,0.012586336986435577,0.08366551392968832,"[[2163, 942], [1337, 1516]]","[[216, 129], [174, 143]]"
disclosure_x_bias,63,classic,none,exponential,1.0300156104156104,1.0326370361891277,0.6181588742879702,0.5437810945273631,0.001858800096794422,0.01733124098442041,0.013360514195649,0.08170988116320096,"[[2142, 963], [1312, 1541]]","[[216, 129], [173, 144]]"
disclosure_x_bias,64,classic,none,exponential,1.030128461278144,1.032648149413364,0.6166488071738763,0.5422659430122116,0.0018337302330081464,0.017298605356645458,0.012841309267044895,0.0833600804857368,"[[2157, 948], [1336, 1517]]","[[216, 129], [174, 143]]"
disclosure_x_bias,65,classic,none,exponential,1.0302666438148376,1.0324452568036224,0.6203400823416615,0.5437810945273631,0.0019549235201072254,0.017289007125518435,0.012945648628784206,0.0717359645073083,"[[2148, 957], [1305, 1548]]","[[216, 129], [173, 144]]"
disclosure_x_bias,66,classic,none,exponential,1.0304163519721632,1.0327642799402772,0.6195011561671648,0.5452962460425147,0.0019365617210930052,0.017122072694204436,0.012297920824788248,0.08125924950852495,"[[2136, 969], [1298, 1555]]","[[216, 129], [172, 145]]"
disclosure_x_bias,67,classic,none,exponential,1.0306820089288558,1.0337426642025567,0.6211790085161581,0.5437810945273631,0.002476279413385344,0.019484668569077296,0.012618624375401748,0.08233185947593513,"[[2139, 966], [1291, 1562]]","[[215, 130], [172, 145]]"
disclosure_x_bias,68,classic,none,exponential,1.0307486789217664,1.0338309471825924,0.6198367266369635,0.5392356399819087,0.0023988421776601895,0.019336941650387064,0.013071121908537457,0.08499011191277384,"[[2160, 945], [1320, 1533]]","[[215, 130], [175, 142]]"
disclosure_x_bias,69,classic,none,exponential,1.0309171275545708,1.0338471054977945,0.6193333709322655,0.5437810945273631,0.002447985239106244,0.019700246127007853,0.012566449921745474,0.08294917413588779,"[[2151, 954], [1314, 1539]]","[[217, 128], [174, 143]]"
disclosure_x_bias,70,classic,none,exponential,1.0310191827468063,1.0337699091351074,0.6226890756302521,0.5468113975576662,0.0024181385722775923,0.019640153109507986,0.013970240721413453,0.08045812487803583,"[[2143, 962], [1286, 1567]]","[[217, 128], [172, 145]]"
disclosure_x_bias,71,classic,none,exponential,1.0311511052743803,1.033946159412419,0.6225212903953528,0.5468113975576662,0.0024896494400797413,0.019545756723748968,0.013412157264886235,0.08045812487803583,"[[2144, 961], [1288, 1565]]","[[216, 129], [171, 146]]"
disclosure_x_bias,72,classic,none,exponential,1.031298178591952,1.0344204739165535,0.6223535051604534,0.5452962460425147,0.0024559782341639393,0.019663530863495305,0.013836272243505043,0.08188465079457455,"[[2140, 965], [1285, 1568]]","[[215, 130], [171, 146]]"
disclosure_x_bias,73,classic,none,exponential,1.0315183195374629,1.0347369115251805,0.6231924313349502,0.5422659430122116,0.0024384562432851853,0.01950367739352463,0.012988208154169605,0.08243699055034363,"[[2154, 951], [1294, 1559]]","[[215, 130], [173, 144]]"
disclosure_x_bias,74,classic,none,exponential,1.0316331114246473,1.0348969514325694,0.6233602165698494,0.5422659430122116,0.0024466565983594715,0.019799312250922234,0.012770288160042286,0.07256308520926344,"[[2157, 948], [1296, 1557]]","[[215, 130], [173, 144]]"
disclosure_x_bias,75,classic,none,exponential,1.0316679226882335,1.034941484528085,0.6230246461000508,0.5437810945273631,0.0024456102291721365,0.019661531294845273,0.01341173589387476,0.08202145988846321,"[[2143, 962], [1284, 1569]]","[[214, 131], [171, 146]]"
disclosure_x_bias,76,classic,none,exponential,1.0318872699210895,1.0349770568805252,0.6231924313349501,0.5483265490728177,0.0023955683074094536,0.0198035007428322,0.013274061940595463,0.08120300843866098,"[[2143, 962], [1283, 1570]]","[[215, 130], [169, 148]]"
disclosure_x_bias,77,classic,none,exponential,1.0319951500773192,1.035065712760801,0.6231924313349502,0.5422659430122116,0.0024465893431414886,0.01985138360735624,0.013895749401629954,0.08243699055034363,"[[2156, 949], [1296, 1557]]","[[215, 130], [173, 144]]"
disclosure_x_bias,78,classic,none,exponential,1.0320726831927731,1.035056148273614,0.6231924313349502,0.5422659430122116,0.0024250954503856935,0.02016119924115242,0.014207400032051851,0.08243699055034363,"[[2154, 951], [1294, 1559]]","[[215, 130], [173, 144]]"
disclosure_x_bias,79,classic,none,exponential,1.0322481918433943,1.0349739281439325,0.6242002707123118,0.5422659430122116,0.002450253832875516,0.020081056066775894,0.013943879717826936,0.08243699055034363,"[[2151, 954], [1285, 1568]]","[[215, 130], [173, 144]]"
disclosure_x_bias,80,classic,none,exponential,1.0324639112081957,1.0350966525727527,0.6233602165698494,0.5392356399819087,0.0023850155969292407,0.020126578199062828,0.013873836514528374,0.07374135226847571,"[[2169, 936], [1308, 1545]]","[[215, 130], [175, 142]]"
disclosure_x_bias,81,classic,none,exponential,1.032599338331109,1.0356612499996771,0.6238647002425132,0.5407507914970602,0.0024204738937032063,0.020074289230171894,0.012939675480163601,0.08343334959455838,"[[2149, 956], [1285, 1568]]","[[214, 131], [173, 144]]"
disclosure_x_bias,82,classic,none,exponential,1.0327638570636415,1.0356907875765862,0.6253747673566071,0.5362053369516057,0.002440424333140509,0.019911708445209238,0.013737917632057076,0.07544399948126156,"[[2161, 944], [1288, 1565]]","[[213, 132], [175, 142]]"
disclosure_x_bias,83,classic,none,exponential,1.0329157614004483,1.0357256354564823,0.6248714116519091,0.5377204884667571,0.002465070281383683,0.020036213646351598,0.013420495543629356,0.07546443408989706,"[[2165, 940], [1295, 1558]]","[[214, 131], [175, 142]]"
disclosure_x_bias,84,classic,none,exponential,1.033315391756828,1.0368988643206127,0.6247036264170098,0.5362053369516057,0.0030757592240924273,0.022801702572668874,0.013808172666639779,0.07611719557885264,"[[2166, 939], [1297, 1556]]","[[214, 131], [176, 141]]"
disclosure_x_bias,85,classic,none,exponential,1.033482572470345,1.0368220194604751,0.6245358411821104,0.5392356399819087,0.003158874663872281,0.022769646283727244,0.012619190764458318,0.07374135226847571,"[[2155, 950], [1287, 1566]]","[[214, 131], [174, 143]]"
disclosure_x_bias,86,classic,none,exponential,1.0336386218692122,1.0369857081472518,0.6245358411821104,0.5392356399819087,0.0031558936023125604,0.02288264399236183,0.012419307387503731,0.07374135226847571,"[[2155, 950], [1287, 1566]]","[[214, 131], [174, 143]]"
disclosure_x_bias,87,classic,none,exponential,1.0337848645348322,1.0372745479939145,0.6247027804410354,0.5407507914970602,0.003116865315967225,0.022556746733600447,0.014303084909288655,0.0750648290398279,"[[2160, 945], [1291, 1562]]","[[217, 128], [176, 141]]"
disclosure_x_bias,88,classic,none,exponential,1.0338555149732704,1.0373032240213622,0.6243672099712368,0.5392356399819087,0.0030967504379522492,0.022756522331829673,0.013778343040709302,0.07545106392248684,"[[2157, 948], [1290, 1563]]","[[216, 129], [176, 141]]"
disclosure_x_bias,89,classic,none,exponential,1.0339896101330097,1.0373642092409086,0.6247036264170098,0.5392356399819086,0.0031207819617285085,0.022642421761859956,0.012698919341833505,0.08499011191277381,"[[2159, 946], [1290, 1563]]","[[215, 130], [175, 142]]"
disclosure_x_bias,90,classic,none,exponential,1.034209076079159,1.0379264740854353,0.6250391968868084,0.5331750339213025,0.003184014985336404,0.02280704542488884,0.013444402670142911,0.07254104608541993,"[[2164, 941], [1293, 1560]]","[[213, 132], [177, 140]]"
disclosure_x_bias,91,classic,none,exponential,1.0343086753726047,1.0380910993573675,0.6245358411821105,0.5422659430122116,0.0031291941139829104,0.022617899797963123,0.012742525761307747,0.07699739585194702,"[[2172, 933], [1304, 1549]]","[[217, 128], [175, 142]]"
disclosure_x_bias,92,classic,none,exponential,1.0344578391293766,1.0380261844594272,0.6241994247363375,0.5437810945273631,0.0030896411261675852,0.022655328188105325,0.013353455112706051,0.07520771655287332,"[[2159, 946], [1293, 1560]]","[[217, 128], [174, 143]]"
disclosure_x_bias,93,classic,none,exponential,1.0345707960190946,1.0380360620180884,0.6253750493485986,0.5422659430122116,0.0030672775583369017,0.022633388338968902,0.012028466025482751,0.08636582103987697,"[[2160, 945], [1287, 1566]]","[[216, 129], [174, 143]]"
disclosure_x_bias,94,classic,none,exponential,1.0346191282109798,1.038039147842713,0.6235282837967402,0.5377204884667571,0.0031204110558409473,0.022863081356850463,0.013407023357480424,0.0761374495079072,"[[2172, 933], [1310, 1543]]","[[216, 129], [177, 140]]"
disclosure_x_bias,95,classic,none,exponential,1.0347384982423768,1.0380577762956438,0.6253750493485986,0.5422659430122116,0.003098319993936397,0.022726148930246003,0.012760341721421393,0.0759970615247088,"[[2162, 943], [1289, 1564]]","[[216, 129], [174, 143]]"
disclosure_x_bias,96,classic,none,exponential,1.0347796609285553,1.0382676940685438,0.6257106198183972,0.5346901854364541,0.0030883152503962457,0.022960975777230917,0.013035669980750703,0.07367859777468602,"[[2179, 926], [1304, 1549]]","[[216, 129], [179, 138]]"
disclosure_x_bias,97,classic,none,exponential,1.0348725516444168,1.0382563192562888,0.6250394788787998,0.5271144278606965,0.00308713394123179,0.023146602730892748,0.011087950383207734,0.07729349405984158,"[[2191, 914], [1320, 1533]]","[[215, 130], [183, 134]]"
disclosure_x_bias,98,classic,none,exponential,1.035118703556153,1.0384086516455857,0.6253739213806327,0.5331750339213025,0.0031468460351130076,0.023167762021812262,0.01485888872110419,0.07597601853526251,"[[2165, 940], [1292, 1561]]","[[215, 130], [179, 138]]"
disclosure_x_bias,99,classic,none,exponential,1.0352120748165485,1.0386003322718518,0.6248705656759348,0.5331750339213026,0.003153415409157211,0.02325028428145974,0.01480022024893089,0.07218855979056973,"[[2165, 940], [1295, 1558]]","[[216, 129], [180, 137]]"
disclosure_x_bias,100,classic,none,exponential,1.0354154618966127,1.0385195444038013,0.6253739213806327,0.531659882406151,0.0031244905190026466,0.02322962385972689,0.014410032188353624,0.07276558427002731,"[[2162, 943], [1289, 1564]]","[[215, 130], [180, 137]]"
disclosure_x_bias,101,classic,none,exponential,1.035551128140066,1.0384004447649766,0.6268837065027353,0.5376978742650385,0.003200945509801081,0.02311098100092693,0.013660446134475136,0.07253712940687639,"[[2183, 922], [1301, 1552]]","[[218, 127], [179, 138]]"
disclosure_x_bias,102,classic,none,exponential,1.0357121573775534,1.038496228511943,0.6280582031470306,0.536182722749887,0.0031814258249381086,0.023299752587208476,0.01443296573738002,0.07493718478451977,"[[2189, 916], [1300, 1553]]","[[216, 129], [178, 139]]"
disclosure_x_bias,103,classic,none,exponential,1.0358352586374067,1.0389335769552697,0.6267170492358016,0.5392130257801899,0.0032512880047761523,0.02328292526144188,0.01172346328687016,0.07860004557731771,"[[2197, 908], [1316, 1537]]","[[217, 128], [177, 140]]"
disclosure_x_bias,104,classic,none,exponential,1.035927792601342,1.0388635982181542,0.6265481360329367,0.5407507914970602,0.0033228606629599833,0.023321092591629285,0.013730002526769298,0.06760892465138267,"[[2175, 930], [1295, 1558]]","[[215, 130], [174, 143]]"
disclosure_x_bias,105,classic,none,exponential,1.0362916006262632,1.0399755084484053,0.6272198409565168,0.542243328810493,0.004017322080376424,0.026353495726942046,0.014714489169673831,0.0706075753658161,"[[2170, 935], [1286, 1567]]","[[214, 131], [172, 145]]"
disclosure_x_bias,106,classic,none,exponential,1.036332973706775,1.0400230774004735,0.6277226326772319,0.5407281772953414,0.003990177968703609,0.02622414649791265,0.014442614978255223,0.0706935241937008,"[[2177, 928], [1290, 1563]]","[[215, 130], [174, 143]]"
disclosure_x_bias,107,classic,none,exponential,1.0365466254507587,1.0402701634794345,0.6273879081834075,0.5331750339213025,0.0038615682570730687,0.026080770539036225,0.013681607392223781,0.07289182786634844,"[[2181, 924], [1296, 1557]]","[[212, 133], [176, 141]]"
disclosure_x_bias,108,classic,none,exponential,1.0366375851199243,1.04042004073404,0.6285626868196943,0.5422659430122116,0.0038121493879851643,0.02642913856624656,0.014025065308034584,0.07078365151950738,"[[2163, 942], [1271, 1582]]","[[214, 131], [172, 145]]"
disclosure_x_bias,109,classic,none,exponential,1.0367190272395492,1.040485255481506,0.6267167672438102,0.5377204884667571,0.003836362281426776,0.026554334932995968,0.011299891266633909,0.0758016887347424,"[[2170, 935], [1289, 1564]]","[[212, 133], [173, 144]]"
disclosure_x_bias,110,classic,none,exponential,1.0367712233038304,1.0406190473201824,0.6287307540465851,0.5377204884667571,0.003912560937900827,0.02643945138148835,0.013349837442193192,0.0734083755257279,"[[2159, 946], [1266, 1587]]","[[212, 133], [173, 144]]"
disclosure_x_bias,111,classic,none,exponential,1.0369119742737882,1.0407865002682501,0.6292343917432744,0.5377204884667571,0.004041679297329772,0.02640407524636883,0.012263144157267463,0.0734083755257279,"[[2156, 949], [1260, 1593]]","[[212, 133], [173, 144]]"
disclosure_x_bias,112,classic,none,exponential,1.0369651830385809,1.041068284653949,0.6297377474479725,0.5346901854364541,0.004097664785494035,0.026497704868072354,0.011821013183001784,0.07538973260793368,"[[2165, 940], [1266, 1587]]","[[211, 134], [174, 143]]"
disclosure_x_bias,113,classic,none,exponential,1.0371294542066927,1.0414269650166246,0.631080029327167,0.5362053369516057,0.004063180308822618,0.026405567283768184,0.012718643858012406,0.07303896658644696,"[[2161, 944], [1254, 1599]]","[[210, 135], [172, 145]]"
disclosure_x_bias,114,classic,none,exponential,1.0371671482326836,1.0414120413969843,0.6290668885003666,0.5346901854364541,0.004046757124595235,0.026404920976896076,0.011310615468731662,0.07673117093344241,"[[2173, 932], [1278, 1575]]","[[212, 133], [175, 142]]"
disclosure_x_bias,115,classic,none,exponential,1.0372844709785334,1.0413975203770671,0.6285635327956686,0.5362053369516057,0.004020081200602384,0.02645279102339422,0.011388380303232628,0.07303896658644696,"[[2165, 940], [1273, 1580]]","[[211, 134], [173, 144]]"
disclosure_x_bias,116,classic,none,exponential,1.0373370424124961,1.041296548398594,0.6288991032654673,0.531659882406151,0.004052712277108403,0.02637318066115786,0.012069823531763144,0.07517936333775994,"[[2157, 948], [1263, 1590]]","[[209, 136], [174, 143]]"
disclosure_x_bias,117,classic,none,exponential,1.0374871880357104,1.0414518029051711,0.629906378658846,0.5331750339213025,0.004140736086804057,0.02675910410796398,0.011524427784630665,0.07796439320390225,"[[2169, 936], [1269, 1584]]","[[211, 134], [175, 142]]"
disclosure_x_bias,118,classic,none,exponential,1.0376051535446649,1.041449406249888,0.6314164457729401,0.5422659430122116,0.00413220300007901,0.026613829999417617,0.011914960899779732,0.07699739585194704,"[[2162, 943], [1253, 1600]]","[[213, 132], [171, 146]]"
disclosure_x_bias,119,classic,none,exponential,1.0376501886857974,1.0414543684003061,0.6329267948790255,0.5346901854364541,0.004103654081463277,0.026609931302926267,0.011325005065762084,0.07863322113695986,"[[2168, 937], [1250, 1603]]","[[211, 134], [174, 143]]"
disclosure_x_bias,120,classic,none,exponential,1.0377709367161905,1.0416473307319527,0.6330945801139248,0.5362053369516057,0.004101586861674522,0.026439633184548544,0.011817683676126284,0.08060682326322631,"[[2158, 947], [1239, 1614]]","[[211, 134], [173, 144]]"
disclosure_x_bias,121,classic,none,exponential,1.0379342297953134,1.0418667825166776,0.6325912244092268,0.5331750339213025,0.0039791923116596,0.02663407339352037,0.0114963009357828,0.07887275748709748,"[[2173, 932], [1257, 1596]]","[[212, 133], [176, 141]]"
disclosure_x_bias,122,classic,none,exponential,1.0380131682591491,1.0419391779352363,0.6288991032654673,0.5271144278606965,0.003994007210565992,0.026757047704577614,0.011780051085099382,0.07629704198976328,"[[2166, 939], [1272, 1581]]","[[207, 138], [175, 142]]"
disclosure_x_bias,123,classic,none,exponential,1.0380074929542449,1.041992299655802,0.6300747278777282,0.5301673450927182,0.004036548844723917,0.026853062653052366,0.010743776734621397,0.07719151635755829,"[[2173, 932], [1272, 1581]]","[[210, 135], [176, 141]]"
disclosure_x_bias,124,classic,none,exponential,1.0381184759326205,1.0420578556536344,0.6300744458857368,0.5331976481230212,0.004060123996176156,0.026942305392839136,0.012993639643706456,0.0734034987882674,"[[2159, 946], [1258, 1595]]","[[211, 134], [175, 142]]"
disclosure_x_bias,125,classic,none,exponential,1.0381592187780921,1.0421219496406817,0.6302425131126277,0.5286521935775668,0.004132943345738753,0.027065731921092268,0.012516850213358162,0.07533219080164702,"[[2153, 952], [1251, 1602]]","[[210, 135], [177, 140]]"
disclosure_x_bias,126,classic,none,exponential,1.0381914674032893,1.0420589139103933,0.6317525802267216,0.5286521935775668,0.004116784520280761,0.027001595763087437,0.012978867957237652,0.07465191602306695,"[[2154, 951], [1243, 1610]]","[[207, 138], [174, 143]]"
disclosure_x_bias,127,classic,none,exponential,1.0381873618779411,1.0421592041429217,0.6312492245220236,0.5241067390321121,0.004138071368052943,0.027131299260221457,0.012677080801098056,0.07691482708369703,"[[2154, 951], [1246, 1607]]","[[207, 138], [177, 140]]"
disclosure_x_bias,128,classic,none,exponential,1.0383631618927882,1.0425276092512819,0.6315847949918222,0.5256218905472637,0.004084502284097589,0.026865819264956046,0.01307430587663595,0.077528869478125,"[[2150, 955], [1240, 1613]]","[[206, 139], [175, 142]]"
disclosure_x_bias,129,classic,none,exponential,1.0383739053396268,1.0425631943247402,0.6315853589758051,0.5301673450927182,0.004109193608442698,0.027102361609859526,0.012815054462016017,0.07518270401094297,"[[2155, 950], [1245, 1608]]","[[210, 135], [176, 141]]"
disclosure_x_bias,130,classic,none,exponential,1.0384147588990404,1.0424410435326266,0.6309128080762506,0.5301447308909996,0.004064338098878473,0.027044223222757496,0.013313322913697962,0.07502297538807004,"[[2146, 959], [1240, 1613]]","[[206, 139], [172, 145]]"
disclosure_x_bias,131,classic,none,exponential,1.0384994361657167,1.0427420306957684,0.6317525802267216,0.5301673450927182,0.004058011229966113,0.027149987112354567,0.012335494870911156,0.07652777138084238,"[[2151, 954], [1240, 1613]]","[[209, 136], [175, 142]]"
disclosure_x_bias,132,classic,none,exponential,1.0385377798917095,1.0426887830538376,0.6325915064012182,0.5271370420624152,0.004056866868572469,0.02703348396560216,0.012477374124788302,0.07777817082584211,"[[2150, 955], [1234, 1619]]","[[207, 138], [175, 142]]"
disclosure_x_bias,133,classic,none,exponential,1.038685145835545,1.0427030117618605,0.6325912244092268,0.5286521935775668,0.004027152958954074,0.02727738345846162,0.012760063089128772,0.07700659052073089,"[[2153, 952], [1237, 1616]]","[[208, 137], [175, 142]]"
disclosure_x_bias,134,classic,none,exponential,1.0387337415334348,1.0428006786475243,0.6327598556201004,0.5286521935775668,0.004079092374939758,0.02737686660227115,0.012962510456850696,0.07600637720636641,"[[2158, 947], [1241, 1612]]","[[208, 137], [175, 142]]"
disclosure_x_bias,135,classic,none,exponential,1.038942296713555,1.0427786970430677,0.6315853589758051,0.5301673450927182,0.003999004611641369,0.027679586079640342,0.01136349530045063,0.07484266016027699,"[[2147, 958], [1237, 1616]]","[[208, 137], [174, 143]]"
disclosure_x_bias,136,classic,none,exponential,1.0391257871970856,1.0428408361605859,0.6310814392871242,0.5271370420624152,0.003963046303670635,0.027660082183642937,0.01254415146359933,0.07544758073855913,"[[2146, 959], [1239, 1614]]","[[208, 137], [176, 141]]"
disclosure_x_bias,137,classic,none,exponential,1.0392667791249441,1.0428875756837328,0.6317525802267216,0.5271370420624152,0.003929128401009375,0.027585546511067715,0.01179096634519428,0.07544758073855913,"[[2148, 957], [1237, 1616]]","[[208, 137], [176, 141]]"
disclosure_x_bias,138,classic,none,exponential,1.039466420548573,1.0429784193296339,0.6324240031583103,0.5225915875169607,0.004025154108543127,0.027718535929084822,0.01173063454415322,0.07758875522872027,"[[2158, 947], [1243, 1610]]","[[206, 139], [177, 140]]"
disclosure_x_bias,139,classic,none,exponential,1.039742147950769,1.0442727246826964,0.6337668490214878,0.5225915875169607,0.004878645897936409,0.031134172037326654,0.010269046832673817,0.07758875522872027,"[[2160, 945], [1237, 1616]]","[[206, 139], [177, 140]]"
disclosure_x_bias,140,classic,none,exponential,1.0397831160451,1.0440886375759093,0.6327601376120918,0.5210764360018091,0.0047755167059506136,0.030856394988211217,0.01121680335114622,0.07854968448597893,"[[2160, 945], [1243, 1610]]","[[206, 139], [178, 139]]"
disclosure_x_bias,141,classic,none,exponential,1.0398072916666816,1.0441145864510275,0.6332632113247983,0.5256218905472637,0.004831327803147574,0.03107291227708848,0.010164837400676988,0.07653548193462349,"[[2153, 952], [1233, 1620]]","[[207, 138], [176, 141]]"
disclosure_x_bias,142,classic,none,exponential,1.03990654153234,1.044247785585553,0.633264339292764,0.5256218905472637,0.0047383840192939735,0.030944766331975553,0.010147641208683363,0.07653548193462349,"[[2152, 953], [1232, 1621]]","[[208, 137], [177, 140]]"
disclosure_x_bias,143,classic,none,exponential,1.0399522494225606,1.0442138896524136,0.6339354802323613,0.5271370420624152,0.004798063228953743,0.031052647821146983,0.009227335912934651,0.07777817082584211,"[[2143, 962], [1219, 1634]]","[[206, 139], [174, 143]]"
disclosure_x_bias,144,classic,none,exponential,1.0399477115834361,1.044270852353227,0.6346074671479329,0.5271370420624152,0.0047398021509688195,0.031023777116029112,0.010812385917583506,0.07777817082584211,"[[2150, 955], [1222, 1631]]","[[207, 138], [175, 142]]"
disclosure_x_bias,145,classic,none,exponential,1.0400873081878137,1.0443489427544796,0.6344396819130337,0.5256218905472637,0.004777884968880484,0.03093554191042558,0.011612379304965033,0.07785718210342894,"[[2144, 961], [1217, 1636]]","[[206, 139], [175, 142]]"
disclosure_x_bias,146,classic,none,exponential,1.0400948796306035,1.0445106969111069,0.6352786080875303,0.5271370420624152,0.004791256971865857,0.03084331497280166,0.010791994368890835,0.07777817082584211,"[[2147, 958], [1215, 1638]]","[[206, 139], [174, 143]]"
disclosure_x_bias,147,classic,none,exponential,1.0401074785708713,1.0444464244954437,0.635446675314421,0.5271370420624152,0.004787704416744913,0.03103039926745556,0.010776256255169548,0.07777817082584211,"[[2156, 949], [1223, 1630]]","[[206, 139], [174, 143]]"
disclosure_x_bias,148,classic,none,exponential,1.0401535418499472,1.044583278200188,0.6356144605493205,0.5256218905472637,0.004826280188816901,0.031222358617021974,0.01065140871033998,0.07719916061736543,"[[2152, 953], [1218, 1635]]","[[206, 139], [175, 142]]"
disclosure_x_bias,149,classic,none,exponential,1.0402582966752296,1.0446822084779417,0.635110822852631,0.5256218905472637,0.004787723661719596,0.03106259208297902,0.010136645184893807,0.07719916061736543,"[[2153, 952], [1222, 1631]]","[[206, 139], [175, 142]]"
disclosure_x_bias,150,classic,none,exponential,1.040411100892873,1.0448028340991622,0.6356144605493204,0.5316824966078697,0.004804721502383885,0.03085296058972814,0.010200986588005868,0.07533825506404898,"[[2148, 957], [1214, 1639]]","[[208, 137], [173, 144]]"
disclosure_x_bias,151,classic,none,exponential,1.0404543462562579,1.0448305075789848,0.6359497490271276,0.5331976481230212,0.004803553684656234,0.03084367610776047,0.010459722072833551,0.07375017855496709,"[[2157, 948], [1221, 1632]]","[[209, 136], [173, 144]]"
disclosure_x_bias,152,classic,none,exponential,1.0405057731704583,1.0447532344541322,0.6364533867238171,0.5316824966078697,0.00470275045392994,0.03084385413500368,0.010112672335357493,0.07533825506404898,"[[2155, 950], [1216, 1637]]","[[208, 137], [173, 144]]"
disclosure_x_bias,153,classic,none,exponential,1.0405985970446172,1.0450676271369743,0.63678980316959,0.5316824966078697,0.004798815394901854,0.030779925819403458,0.010568358363269163,0.07533825506404898,"[[2157, 948], [1216, 1637]]","[[208, 137], [173, 144]]"
disclosure_x_bias,154,classic,none,exponential,1.0406445360136738,1.045110051189197,0.6359503130111105,0.5286521935775668,0.004849055707878114,0.030971217715596123,0.01113339396880324,0.07600637720636644,"[[2151, 954], [1215, 1638]]","[[208, 137], [175, 142]]"
disclosure_x_bias,155,classic,none,exponential,1.0406404573153611,1.0449614924505095,0.6364536687158084,0.5301673450927182,0.004746457364972724,0.030637353624067276,0.0101938756513615,0.07752125773044156,"[[2155, 950], [1216, 1637]]","[[208, 137], [174, 143]]"
disclosure_x_bias,156,classic,none,exponential,1.040773311486095,1.0450170896238384,0.6357819637922283,0.5301673450927182,0.004897854239034234,0.030540818106496514,0.01059223623564442,0.07752125773044156,"[[2158, 947], [1223, 1630]]","[[208, 137], [174, 143]]"
disclosure_x_bias,157,classic,none,exponential,1.0409412390640953,1.0451769827232862,0.6364531047318256,0.5286521935775668,0.005014188021204584,0.030963220965918716,0.011647005800613347,0.07766624355978743,"[[2153, 952], [1214, 1639]]","[[208, 137], [175, 142]]"
disclosure_x_bias,158,classic,none,exponential,1.0409954273084785,1.045128323344741,0.6366211719587164,0.5301673450927182,0.004948606840710027,0.030960105030385498,0.010976607175336616,0.0761937306475285,"[[2168, 937], [1228, 1625]]","[[210, 135], [176, 141]]"
disclosure_x_bias,159,classic,none,exponential,1.041040800141241,1.045223193797578,0.6367900851615814,0.5301447308909996,0.004907555033696047,0.030870457508427516,0.011735702961952938,0.07502297538807,"[[2165, 940], [1224, 1629]]","[[210, 135], [176, 141]]"
disclosure_x_bias,160,classic,none,exponential,1.0410923698417307,1.0452860791933376,0.636956742428515,0.5286521935775668,0.004935747585218702,0.030878096914886233,0.0109465749528613,0.07567003484541357,"[[2163, 942], [1221, 1632]]","[[210, 135], [177, 140]]"
disclosure_x_bias,161,classic,none,exponential,1.0411930665117661,1.0453210104334627,0.6369570244205065,0.5316824966078697,0.004945689058456455,0.03128761447469836,0.011575322704601113,0.07431559101900916,"[[2160, 945], [1218, 1635]]","[[210, 135], [175, 142]]"
disclosure_x_bias,162,classic,none,exponential,1.041206144203488,1.0453814409680686,0.6369575884044892,0.5317051108095885,0.00487103190262121,0.03128263720461922,0.010653837853246468,0.07350336858225891,"[[2164, 941], [1222, 1631]]","[[211, 134], [176, 141]]"
disclosure_x_bias,163,classic,none,exponential,1.04127974351996,1.0454001335924858,0.6379642998138852,0.5286748077792854,0.004925369073730272,0.031195883913723407,0.010783399435090017,0.07487352390616815,"[[2153, 952], [1205, 1648]]","[[208, 137], [175, 142]]"
disclosure_x_bias,164,classic,none,exponential,1.041283023467296,1.0453137376725303,0.6381329310247589,0.5286748077792854,0.004979749625956332,0.031198319799632206,0.011732415817875737,0.07487352390616815,"[[2159, 946], [1210, 1643]]","[[208, 137], [175, 142]]"
disclosure_x_bias,165,classic,none,exponential,1.0413609602892646,1.0454962835699335,0.6376290113360781,0.5286748077792854,0.005022174615546623,0.03135798901688251,0.011066130503484572,0.07487352390616815,"[[2155, 950], [1209, 1644]]","[[209, 136], [176, 141]]"
disclosure_x_bias,166,classic,none,exponential,1.041362860666154,1.0453219954072934,0.638635722745474,0.5271370420624152,0.0049335635399166905,0.031098197977416763,0.008800023352139176,0.0731047186290949,"[[2169, 936], [1217, 1636]]","[[209, 136], [177, 140]]"
disclosure_x_bias,167,classic,none,exponential,1.0414066036665353,1.0454248326034,0.6391399244261463,0.5301447308909996,0.005006978703575696,0.031310362558090624,0.009186071166934288,0.07433987107211207,"[[2176, 929], [1221, 1632]]","[[211, 134], [177, 140]]"
disclosure_x_bias,168,classic,none,exponential,1.041552615139848,1.0457643792112379,0.6394754948959449,0.531659882406151,0.0049382381763787495,0.031122979399007784,0.008364262418445461,0.07449769303012148,"[[2178, 927], [1221, 1632]]","[[212, 133], [177, 140]]"
disclosure_x_bias,169,classic,none,exponential,1.0416032380291524,1.0458307200000485,0.6391396424341549,0.5286521935775668,0.004977183125405704,0.03132329541065747,0.00830553444699751,0.07539235926289856,"[[2175, 930], [1220, 1633]]","[[209, 136], [176, 141]]"
disclosure_x_bias,170,classic,none,exponential,1.041711412539843,1.046194867584636,0.6388040719643563,0.5331750339213026,0.004952456743989868,0.031019234664265507,0.010985914509050957,0.0786160099007409,"[[2170, 935], [1217, 1636]]","[[209, 136], [173, 144]]"
disclosure_x_bias,171,classic,none,exponential,1.041756760821322,1.046277871890171,0.6384685014945576,0.5376978742650385,0.00497535579090243,0.031259506668394846,0.01240992215328571,0.0785546938373901,"[[2159, 946], [1208, 1645]]","[[212, 133], [173, 144]]"
disclosure_x_bias,172,classic,none,exponential,1.0418115785724722,1.046360499392198,0.6398107833737522,0.5392130257801899,0.004964315165494903,0.03138875039692641,0.009614376428562997,0.07589978050207638,"[[2169, 936], [1210, 1643]]","[[212, 133], [172, 145]]"
disclosure_x_bias,173,classic,none,exponential,1.0418258806818883,1.0464542448648315,0.639642998138853,0.5301447308909996,0.004948072282292779,0.031283648672351165,0.009475994831139518,0.07670412536970046,"[[2167, 938], [1209, 1644]]","[[210, 135], [176, 141]]"
disclosure_x_bias,174,classic,none,exponential,1.0419535775366735,1.0464483526824568,0.6409852800180474,0.528629579375848,0.004934206458248016,0.03129117574346436,0.007399315913720985,0.07685015741829085,"[[2177, 928], [1211, 1642]]","[[210, 135], [177, 140]]"
disclosure_x_bias,175,classic,none,exponential,1.0420655945209583,1.046817103484892,0.6394752129039535,0.531659882406151,0.004863227404214822,0.031654825126831855,0.009790226068010364,0.07517936333775989,"[[2172, 933], [1215, 1638]]","[[210, 135], [175, 142]]"
disclosure_x_bias,176,classic,none,exponential,1.0421363920166737,1.0466742027407543,0.6394757768879364,0.5301447308909996,0.004851763474503422,0.03168571470191235,0.009473329040593509,0.07670412536970046,"[[2170, 935], [1213, 1640]]","[[209, 136], [175, 142]]"
disclosure_x_bias,177,classic,none,exponential,1.042126296136196,1.0466309048110607,0.6393079916530371,0.528629579375848,0.004746624855172848,0.03133275781772427,0.00942624475459093,0.07584788123359162,"[[2172, 933], [1216, 1637]]","[[210, 135], [177, 140]]"
disclosure_x_bias,178,classic,none,exponential,1.0421878382322387,1.0467685775051858,0.6377976425469517,0.5301673450927182,0.004897286172531093,0.031752517655813696,0.011409421125814806,0.07658700057299997,"[[2155, 950], [1208, 1645]]","[[208, 137], [174, 143]]"
disclosure_x_bias,179,classic,none,exponential,1.0424039034316386,1.0468014899727542,0.6386365687214484,0.5286521935775668,0.0048558909642535016,0.031766223678236734,0.010333716393456153,0.07298562473195312,"[[2167, 938], [1215, 1638]]","[[208, 137], [175, 142]]"
disclosure_x_bias,180,classic,none,exponential,1.0424016907126752,1.0468096929464887,0.6401466358355423,0.5301447308909996,0.004826474734336323,0.03172381211777993,0.008200615303788473,0.07433987107211207,"[[2177, 928], [1216, 1637]]","[[209, 136], [175, 142]]"
disclosure_x_bias,181,classic,none,exponential,1.0424861694761112,1.0469445499337033,0.6394757768879364,0.5286521935775668,0.0047610226737374315,0.03181150018390765,0.010018938051803703,0.07499282477974403,"[[2171, 934], [1214, 1639]]","[[208, 137], [175, 142]]"
disclosure_x_bias,182,classic,none,exponential,1.0425675843026103,1.0470128337185738,0.6393077096610457,0.5301447308909996,0.004713312558850748,0.03172781394114616,0.00995413747150416,0.07433987107211207,"[[2169, 936], [1213, 1640]]","[[209, 136], [175, 142]]"
disclosure_x_bias,183,classic,none,exponential,1.0425832780903084,1.0471008814819036,0.6396435621228357,0.5301447308909996,0.004725519316154886,0.03181975959404281,0.010152990949267374,0.07433987107211207,"[[2171, 934], [1213, 1640]]","[[209, 136], [175, 142]]"
disclosure_x_bias,184,classic,none,exponential,1.0426438912189933,1.0470648698959708,0.6396432801308443,0.5301447308909996,0.004720534002193522,0.03177996989916335,0.010194618013712157,0.07433987107211207,"[[2169, 936], [1211, 1642]]","[[209, 136], [175, 142]]"
disclosure_x_bias,185,classic,none,exponential,1.0426678392907847,1.0470652869857964,0.6406502735322317,0.5331976481230212,0.00472144430145109,0.03191092947039931,0.011258439856313338,0.07619228385376184,"[[2170, 935], [1206, 1647]]","[[208, 137], [172, 145]]"
disclosure_x_bias,186,classic,none,exponential,1.042736988917076,1.0473334701483534,0.6388043539563476,0.5377204884667571,0.004704781113026016,0.03172455385878906,0.012815212899494926,0.07580168873474238,"[[2163, 942], [1210, 1643]]","[[212, 133], [173, 144]]"
disclosure_x_bias,187,classic,none,exponential,1.0427664991584242,1.0472961013931659,0.6416567029496363,0.5362053369516057,0.004723466986279207,0.031781865428742596,0.009398663771828906,0.07055199658623157,"[[2179, 926], [1209, 1644]]","[[212, 133], [174, 143]]"
disclosure_x_bias,188,classic,none,exponential,1.042755813103568,1.0472486910962204,0.6399791325926344,0.5347127996381728,0.004796144976992617,0.03176390790571209,0.010933978387048298,0.07138062112625247,"[[2171, 934], [1211, 1642]]","[[212, 133], [175, 142]]"
disclosure_x_bias,189,classic,none,exponential,1.0428512366491498,1.0475584739022459,0.640314703062433,0.5347127996381728,0.004754340261892901,0.03182313626414439,0.01162571859246234,0.07138062112625247,"[[2175, 930], [1213, 1640]]","[[212, 133], [175, 142]]"
disclosure_x_bias,190,classic,none,exponential,1.0428878063040874,1.0475088880394867,0.6404824882973323,0.5347127996381728,0.004752867200507999,0.03173612473144756,0.010927319601673377,0.07138062112625247,"[[2172, 933], [1209, 1644]]","[[212, 133], [175, 142]]"
disclosure_x_bias,191,classic,none,exponential,1.0429701304156447,1.0476585822482207,0.6403149850544245,0.5331976481230212,0.004816874262381988,0.031812097815661376,0.010363841500910907,0.0720000890571515,"[[2174, 931], [1212, 1641]]","[[211, 134], [175, 142]]"
disclosure_x_bias,192,classic,none,exponential,1.0433251339727285,1.0487813064813212,0.6411536292369296,0.5331976481230212,0.005855851153844055,0.0356956989884773,0.01034773551611545,0.06947594120647285,"[[2174, 931], [1207, 1646]]","[[211, 134], [175, 142]]"
disclosure_x_bias,193,classic,none,exponential,1.0433662712095972,1.0488044167196469,0.641991709435452,0.5391904115784713,0.005732420241056298,0.03530030771871354,0.008802950364350767,0.07532683513912088,"[[2174, 931], [1202, 1651]]","[[211, 134], [171, 146]]"
disclosure_x_bias,194,classic,none,exponential,1.0433857496843597,1.0487613758755567,0.6408177767751396,0.5346901854364541,0.005825470537974166,0.035603278163108626,0.00960887900898534,0.07263256957077109,"[[2170, 935], [1205, 1648]]","[[210, 135], [173, 144]]"
disclosure_x_bias,195,classic,none,exponential,1.043435330509669,1.0486470133637695,0.6419922734194349,0.5301447308909996,0.0057762420480868435,0.035539693152424244,0.00884822271054756,0.07295447635955477,"[[2181, 924], [1209, 1644]]","[[211, 134], [177, 140]]"
disclosure_x_bias,196,classic,none,exponential,1.0435502977978115,1.0489522462009306,0.6414889177147369,0.5362053369516057,0.0058383962690713755,0.03562036908414242,0.010007223928764677,0.08067242588526922,"[[2163, 942], [1194, 1659]]","[[210, 135], [172, 145]]"
disclosure_x_bias,197,classic,none,exponential,1.0435670092379918,1.048946012461315,0.6436732276803339,0.5346901854364541,0.005816359423375879,0.03547972935113534,0.009651420710815298,0.07263256957077109,"[[2158, 947], [1176, 1677]]","[[207, 138], [170, 147]]"
disclosure_x_bias,198,classic,none,exponential,1.0435797188812963,1.0489437201739569,0.641824770176527,0.5346901854364541,0.005814064459969544,0.03570156535854118,0.009150651993381179,0.07263256957077109,"[[2170, 935], [1199, 1654]]","[[210, 135], [173, 144]]"
disclosure_x_bias,199,classic,none,exponential,1.04369624527876,1.0490043798449575,0.6443438046359484,0.5286069651741293,0.0058092384276587075,0.03576026021440356,0.008078042511434687,0.07425759564527906,"[[2169, 936], [1183, 1670]]","[[206, 139], [173, 144]]"
disclosure_x_bias,200,classic,none,exponential,1.0437979042068801,1.0490145410456353,0.6443440866279397,0.5331524197195839,0.005758788207924333,0.03566682972170299,0.007071906640318023,0.07541166255781889,"[[2165, 940], [1179, 1674]]","[[207, 138], [171, 146]]"
disclosure_x_bias,201,classic,none,exponential,1.0439604436798413,1.0490161305586663,0.6440082341661497,0.5285843509724106,0.005705430827295005,0.03583987577324548,0.00783659592228936,0.07537963213514084,"[[2167, 938], [1183, 1670]]","[[206, 139], [173, 144]]"
disclosure_x_bias,202,classic,none,exponential,1.0440883179259344,1.0491657563929795,0.6440085161581411,0.5331524197195839,0.0056388106786412606,0.035791730523043984,0.008058378373701606,0.07335412486392447,"[[2163, 942], [1179, 1674]]","[[206, 139], [170, 147]]"
disclosure_x_bias,203,classic,none,exponential,1.044170150944795,1.0492657444157998,0.6443440866279397,0.5346675712347354,0.005599495274956166,0.03587028009705309,0.008442877274864978,0.07650704147138765,"[[2169, 936], [1183, 1670]]","[[208, 137], [171, 146]]"
disclosure_x_bias,204,classic,none,exponential,1.044374622188489,1.049250363245148,0.6443440866279397,0.5376978742650385,0.00558082666639782,0.03575163913392248,0.008589794320044765,0.08204880956918255,"[[2154, 951], [1168, 1685]]","[[207, 138], [168, 149]]"
disclosure_x_bias,205,classic,none,exponential,1.0443903939622223,1.0492208561921232,0.6436729456883425,0.5346675712347354,0.005588866866655946,0.03595342672057601,0.007959100950189797,0.07650704147138765,"[[2162, 943], [1180, 1673]]","[[207, 138], [170, 147]]"
disclosure_x_bias,206,classic,none,exponential,1.0444199541205899,1.0493348324191194,0.6436729456883425,0.5346675712347354,0.005511909602309763,0.035647536500003914,0.008114781433751246,0.08412902148149076,"[[2150, 955], [1168, 1685]]","[[205, 140], [168, 149]]"
disclosure_x_bias,207,classic,none,exponential,1.0445476387044983,1.0496121893953765,0.6431695899836445,0.5331524197195839,0.005528311284972253,0.035484053051489065,0.00803487474262296,0.07574915215541823,"[[2162, 943], [1183, 1670]]","[[207, 138], [171, 146]]"
disclosure_x_bias,208,classic,none,exponential,1.044582484643377,1.0496884122227699,0.6436729456883425,0.5301221166892809,0.0054758915379638775,0.03554191733871196,0.00784031221308376,0.07341534173158243,"[[2159, 946], [1177, 1676]]","[[205, 140], [171, 146]]"
disclosure_x_bias,209,classic,none,exponential,1.0446046654866143,1.049544693341333,0.6435054424454345,0.5316372682044324,0.005553438682491711,0.03545478318747666,0.008257616257939715,0.07663233783608267,"[[2162, 943], [1181, 1672]]","[[206, 139], [171, 146]]"
disclosure_x_bias,210,classic,none,exponential,1.0447177183553675,1.0495797003135663,0.6443443686199312,0.5301221166892809,0.005511672915262911,0.035380742778477504,0.007814011843389214,0.0741069686778898,"[[2159, 946], [1173, 1680]]","[[204, 141], [170, 147]]"
disclosure_x_bias,211,classic,none,exponential,1.0450018946618074,1.0495314641835973,0.6436732276803339,0.5316372682044324,0.005738648286683888,0.035314927964161996,0.008441957050143823,0.07426579821499954,"[[2161, 944], [1179, 1674]]","[[205, 140], [170, 147]]"
disclosure_x_bias,212,classic,none,exponential,1.0450491023720065,1.049533159350201,0.6436732276803339,0.5301221166892809,0.0057316516078777776,0.03524747675307101,0.008769094357259342,0.07513247243513821,"[[2165, 940], [1183, 1670]]","[[205, 140], [171, 146]]"
disclosure_x_bias,213,classic,none,exponential,1.0451272983847917,1.0496257189667961,0.6446802210817213,0.536182722749887,0.0057238530864183864,0.03533120274965971,0.008446255255633672,0.07982318483457272,"[[2153, 952], [1165, 1688]]","[[205, 140], [167, 150]]"
disclosure_x_bias,214,classic,none,exponential,1.045219540324206,1.0497222846549301,0.6445118718628391,0.5316372682044324,0.005761310498401589,0.035565663421209176,0.008234479553994289,0.073228158360838,"[[2161, 944], [1174, 1679]]","[[204, 141], [169, 148]]"
disclosure_x_bias,215,classic,none,exponential,1.0452122940797683,1.0496989496244136,0.6443446506119226,0.5331524197195839,0.005746382363775695,0.03544199459058008,0.008268806440736635,0.07641966014924047,"[[2161, 944], [1175, 1678]]","[[205, 140], [169, 148]]"
disclosure_x_bias,216,classic,none,exponential,1.045281589170962,1.0498935493742088,0.6446799390897299,0.536182722749887,0.005765481523838796,0.03556577669249689,0.008081716230811681,0.08326408628555444,"[[2155, 950], [1167, 1686]]","[[205, 140], [167, 150]]"
disclosure_x_bias,217,classic,none,exponential,1.0452809138449652,1.0498985705861645,0.644848288308612,0.5346675712347354,0.005806119456946535,0.036031342610226294,0.008551323585585375,0.07516160312675092,"[[2163, 942], [1174, 1679]]","[[206, 139], [169, 148]]"
disclosure_x_bias,218,classic,none,exponential,1.0453058839844493,1.0499423941854693,0.64501579155152,0.5301221166892809,0.005805616979692366,0.03607943970704024,0.008195943194830026,0.07236550831697355,"[[2165, 940], [1175, 1678]]","[[204, 141], [170, 147]]"
disclosure_x_bias,219,classic,none,exponential,1.0453325679886916,1.0499535544757443,0.6456872144831086,0.5316372682044324,0.005768895352955098,0.036003282310830845,0.008930721262511673,0.0718213225080028,"[[2166, 939], [1172, 1681]]","[[205, 140], [170, 147]]"
disclosure_x_bias,220,classic,none,exponential,1.0453366753557733,1.0500284131061877,0.6451835767864192,0.5346675712347354,0.0057677765436026955,0.036061209021833025,0.007602789166936133,0.07061210202004053,"[[2161, 944], [1170, 1683]]","[[205, 140], [168, 149]]"
disclosure_x_bias,221,classic,none,exponential,1.0453450595763296,1.0498848168109105,0.6450160735435114,0.5331524197195839,0.005752740173086879,0.03591392538185183,0.008066455406350332,0.07051741638992023,"[[2162, 943], [1172, 1681]]","[[205, 140], [169, 148]]"
disclosure_x_bias,222,classic,none,exponential,1.0453982196792009,1.0500377382423398,0.6455194292482094,0.5316372682044324,0.005772770532787981,0.036067707442762074,0.007577016474654564,0.07002304159451217,"[[2161, 944], [1168, 1685]]","[[204, 141], [169, 148]]"
disclosure_x_bias,223,classic,none,exponential,1.045431401840871,1.0499865433436795,0.6460225029609159,0.5331524197195839,0.005710033313028498,0.03575635893401762,0.007377399060871119,0.07051741638992023,"[[2163, 942], [1167, 1686]]","[[204, 141], [168, 149]]"
disclosure_x_bias,224,classic,none,exponential,1.0454990219423554,1.0501965303582015,0.645015227567537,0.5301221166892809,0.005817126688539619,0.036183277067888237,0.008109314719516026,0.07130021869800193,"[[2165, 940], [1175, 1678]]","[[204, 141], [170, 147]]"
disclosure_x_bias,225,classic,none,exponential,1.0455774563388611,1.0501871309731967,0.6446796570977384,0.5316372682044324,0.005860421210971533,0.03602807213857919,0.008096117929104207,0.07002304159451217,"[[2164, 941], [1176, 1677]]","[[205, 140], [170, 147]]"
disclosure_x_bias,226,classic,none,exponential,1.0456372032498347,1.0507114331566754,0.6455185832722351,0.5331524197195839,0.005809837761573315,0.03593273901122219,0.008731994804041762,0.07015476328645859,"[[2167, 938], [1174, 1679]]","[[205, 140], [169, 148]]"
disclosure_x_bias,227,classic,none,exponential,1.0457893231602964,1.0506455013176752,0.6448474423326378,0.5316372682044324,0.005863156840257809,0.0358884988196313,0.009847091322891459,0.07002304159451217,"[[2163, 942], [1174, 1679]]","[[204, 141], [169, 148]]"
disclosure_x_bias,228,classic,none,exponential,1.0457507781959074,1.05053357152827,0.645182730810445,0.5301221166892809,0.00582580880522865,0.035962505702010025,0.008966505721469358,0.07058109365348623,"[[2166, 939], [1175, 1678]]","[[204, 141], [170, 147]]"
disclosure_x_bias,229,classic,none,exponential,1.04575061097196,1.0505039226337864,0.6443438046359484,0.5301221166892809,0.005881908493047527,0.036114247381090994,0.010356756382090396,0.07058109365348623,"[[2158, 947], [1172, 1681]]","[[203, 142], [169, 148]]"
disclosure_x_bias,230,classic,none,exponential,1.0458218309945482,1.050546784352317,0.6455185832722351,0.5331524197195839,0.005873488407254009,0.036096766938851506,0.008980772538054042,0.07051741638992023,"[[2164, 941], [1171, 1682]]","[[205, 140], [169, 148]]"
disclosure_x_bias,231,classic,none,exponential,1.0458663196577531,1.0505742739374846,0.645015227567537,0.5331524197195839,0.00592521743514076,0.03596551842777806,0.008919164143910566,0.0712371842465022,"[[2160, 945], [1170, 1683]]","[[204, 141], [168, 149]]"
disclosure_x_bias,232,classic,none,exponential,1.0459373093017166,1.0506966948844443,0.6445115898708477,0.5331524197195839,0.005928632749851087,0.03588292179989836,0.009219779231126306,0.07051741638992023,"[[2159, 946], [1172, 1681]]","[[205, 140], [169, 148]]"
disclosure_x_bias,233,classic,none,exponential,1.0459926302836973,1.050594151008936,0.6451830128024364,0.5316372682044324,0.005923211875357439,0.035845351533280216,0.008954896800290029,0.07110746769318846,"[[2163, 942], [1172, 1681]]","[[204, 141], [169, 148]]"
disclosure_x_bias,234,classic,none,exponential,1.046025246261641,1.0507914366214242,0.6460222209689245,0.5331524197195839,0.005897354225502198,0.035915564452096135,0.009032368871862526,0.0712371842465022,"[[2161, 944], [1165, 1688]]","[[204, 141], [168, 149]]"
disclosure_x_bias,235,classic,none,exponential,1.0460480118190427,1.0507853821229576,0.6458544357340251,0.5331298055178653,0.005928084714024384,0.03584004256555645,0.00894464693174939,0.07169960160559312,"[[2162, 943], [1167, 1686]]","[[204, 141], [168, 149]]"
disclosure_x_bias,236,classic,none,exponential,1.0461887119212092,1.051104090192474,0.6460222209689245,0.5316146540027138,0.005875237632227389,0.03598844429109577,0.009438795303645341,0.07436675259091269,"[[2163, 942], [1167, 1686]]","[[204, 141], [169, 148]]"
disclosure_x_bias,237,classic,none,exponential,1.0462402185816313,1.0510418363577172,0.6470292143703119,0.5300995024875622,0.005950394616887979,0.036077540325134015,0.009850475821862598,0.07386309341213,"[[2176, 929], [1174, 1679]]","[[203, 142], [169, 148]]"
disclosure_x_bias,238,classic,none,exponential,1.0462698976425044,1.050988160689846,0.6463577914387232,0.5346449570330167,0.005861093583988712,0.036110718992711094,0.008705837201174358,0.07250036106761143,"[[2157, 948], [1159, 1694]]","[[205, 140], [168, 149]]"
disclosure_x_bias,239,classic,none,exponential,1.0463095318430926,1.051203275627486,0.6453502340533529,0.5346449570330167,0.0058815446683836885,0.03596424982888667,0.009682747224269152,0.07250036106761143,"[[2157, 948], [1165, 1688]]","[[205, 140], [168, 149]]"
disclosure_x_bias,240,classic,none,exponential,1.0463722253302334,1.0512302234520416,0.6470289323783205,0.5331524197195839,0.00585179407545668,0.03587351945927725,0.00966878429263491,0.06756170804580476,"[[2172, 933], [1170, 1683]]","[[206, 139], [170, 147]]"
disclosure_x_bias,241,classic,none,exponential,1.04636574378311,1.0512003502975846,0.6468611471434211,0.5316372682044324,0.005880342379348304,0.03602737954137616,0.010331294651624147,0.07314554913266891,"[[2164, 941], [1163, 1690]]","[[204, 141], [169, 148]]"
disclosure_x_bias,242,classic,none,exponential,1.046546696815302,1.0514071651978405,0.6470297783542948,0.5301221166892809,0.005934084106770018,0.03597561113163235,0.007599662143218106,0.07165707493969638,"[[2170, 935], [1168, 1685]]","[[205, 140], [171, 146]]"
disclosure_x_bias,243,classic,none,exponential,1.046519079264519,1.0514422457067174,0.6488759799221702,0.5316372682044324,0.005923175491077427,0.035958128454251156,0.008742735436770826,0.07314554913266891,"[[2172, 933], [1159, 1694]]","[[204, 141], [169, 148]]"
disclosure_x_bias,244,classic,none,exponential,1.046577078356883,1.0514949627986871,0.6492115503919689,0.5301221166892809,0.005923295354148259,0.035920200775765125,0.010206581627121472,0.08156654121527772,"[[2164, 941], [1149, 1704]]","[[202, 143], [168, 149]]"
disclosure_x_bias,245,classic,none,exponential,1.0465609602665569,1.051504256206623,0.6485389994924144,0.5331298055178653,0.005911581250108446,0.035865254659871365,0.011870022004630252,0.07380327963974832,"[[2169, 936], [1158, 1695]]","[[202, 143], [166, 151]]"
disclosure_x_bias,246,classic,none,exponential,1.0466414715319516,1.0514913616634656,0.6490426371891038,0.5316146540027138,0.0059525676528152036,0.0359310174803107,0.011278967624428546,0.08093650561721269,"[[2167, 938], [1153, 1700]]","[[202, 143], [167, 150]]"
disclosure_x_bias,247,classic,none,exponential,1.046657883474841,1.0515770502781667,0.6493782076589024,0.5331298055178653,0.005993672506570992,0.03609492519725912,0.01264256688657123,0.07914017517082308,"[[2167, 938], [1151, 1702]]","[[202, 143], [166, 151]]"
disclosure_x_bias,248,classic,none,exponential,1.0467981874683105,1.051421435795035,0.6492104224240032,0.5316146540027138,0.0059028122690696246,0.03599663671646238,0.011863426800230318,0.08093650561721269,"[[2171, 934], [1156, 1697]]","[[202, 143], [167, 150]]"
disclosure_x_bias,249,classic,none,exponential,1.0468298170146157,1.0517385201306877,0.648875133946196,0.5285843509724106,0.005971377665250561,0.03609847335880126,0.01144149804141995,0.07401370231725843,"[[2171, 934], [1158, 1695]]","[[201, 144], [168, 149]]"
disclosure_x_bias,250,classic,none,exponential,1.0469141803960307,1.0518302903619265,0.6492104224240032,0.5346449570330167,0.005925632022344493,0.03595140098015322,0.01255515935679657,0.0795463488041498,"[[2164, 941], [1149, 1704]]","[[202, 143], [165, 152]]"
disclosure_x_bias,251,classic,none,exponential,1.046951426456475,1.0518604719395483,0.6498815633636005,0.5346449570330167,0.005942013539731521,0.03608806675181669,0.012442097814059052,0.07922503648179095,"[[2165, 940], [1146, 1707]]","[[202, 143], [165, 152]]"
disclosure_x_bias,252,classic,none,exponential,1.047016678222929,1.0517633893629632,0.6495457109018103,0.5316146540027138,0.005815136918911921,0.03584072091461527,0.012131312692387172,0.08030372056427024,"[[2166, 939], [1149, 1704]]","[[202, 143], [167, 150]]"
disclosure_x_bias,253,classic,none,exponential,1.0470183964152737,1.0518835805011502,0.6508885567649878,0.5331524197195839,0.005964282050354764,0.036196775498165204,0.012080993100566094,0.07993146981107642,"[[2167, 938], [1142, 1711]]","[[201, 144], [165, 152]]"
disclosure_x_bias,254,classic,none,exponential,1.046987455895323,1.0517128452062847,0.6500504765664654,0.5301221166892809,0.005922247591152567,0.03610020672470583,0.010819489499674664,0.08093868198063825,"[[2169, 936], [1149, 1704]]","[[202, 143], [168, 149]]"
disclosure_x_bias,255,classic,none,exponential,1.0471070627181984,1.0519125169847203,0.6498815633636005,0.5286069651741293,0.005913165649323522,0.03618536680398125,0.012366446768491423,0.08107661774614751,"[[2164, 941], [1145, 1708]]","[[201, 144], [168, 149]]"
disclosure_x_bias,256,classic,none,exponential,1.047216260637955,1.0517914482706054,0.6500493485984997,0.5301221166892809,0.005832184962494182,0.03624465511859889,0.012419969414657074,0.0799876530045221,"[[2160, 945], [1140, 1713]]","[[201, 144], [167, 150]]"
disclosure_x_bias,257,classic,none,exponential,1.0472087609629541,1.051801238262431,0.6498826913315662,0.5301447308909996,0.0058196754586531795,0.036101777806754595,0.01207440169990341,0.08139144456689208,"[[2161, 944], [1142, 1711]]","[[200, 145], [166, 151]]"
disclosure_x_bias,258,classic,none,exponential,1.0472431161343396,1.0518404495260907,0.6503857650442727,0.5346675712347354,0.0058608735966421905,0.03624854158139765,0.012641071676242696,0.08096572368063726,"[[2164, 941], [1142, 1711]]","[[202, 143], [165, 152]]"
disclosure_x_bias,259,classic,none,exponential,1.0473166063687604,1.0519762220708038,0.6505529862951892,0.5331298055178653,0.005871945420635666,0.036319606863998204,0.011967018019631334,0.07718209708790265,"[[2164, 941], [1141, 1712]]","[[202, 143], [166, 151]]"
disclosure_x_bias,260,classic,none,exponential,1.047282673071591,1.0519394538218765,0.6505532682871806,0.5331524197195839,0.00582461532663756,0.035986481088832116,0.011585279300644642,0.0821349273078847,"[[2168, 937], [1145, 1708]]","[[202, 143], [166, 151]]"
disclosure_x_bias,261,classic,none,exponential,1.0477453178880585,1.0535470432376473,0.6510566239918786,0.5346675712347354,0.00694569248911558,0.040330467349720615,0.01179658918116558,0.0806500663893028,"[[2163, 942], [1137, 1716]]","[[202, 143], [165, 152]]"
disclosure_x_bias,262,classic,none,exponential,1.0477580783583391,1.053465807597538,0.6503857650442727,0.542243328810493,0.006958710427934425,0.04021209145002923,0.010681892351550535,0.08027272194942166,"[[2174, 931], [1152, 1701]]","[[207, 138], [165, 152]]"
disclosure_x_bias,263,classic,none,exponential,1.0478675125784143,1.0535292357777235,0.6505538322711635,0.5331524197195839,0.006956783929364073,0.04034822369568555,0.011069843221249293,0.07634050457211505,"[[2164, 941], [1141, 1712]]","[[203, 142], [167, 150]]"
disclosure_x_bias,264,classic,none,exponential,1.0478298993922555,1.0536632842738576,0.651057469967853,0.5392130257801899,0.007009675736700369,0.04074064701216054,0.008001337893201604,0.07748393945789572,"[[2172, 933], [1146, 1707]]","[[206, 139], [166, 151]]"
disclosure_x_bias,265,classic,none,exponential,1.0478616760434627,1.0536357441165478,0.6508894027409622,0.536182722749887,0.007041423289363699,0.04078856917178733,0.010041661494258124,0.07714614311740563,"[[2170, 935], [1145, 1708]]","[[204, 141], [166, 151]]"
disclosure_x_bias,266,classic,none,exponential,1.048059491478464,1.0536898679542044,0.652903389543737,0.5376978742650385,0.007027325225743901,0.04098875257094475,0.009528208551472267,0.07749646764398195,"[[2177, 928], [1140, 1713]]","[[204, 141], [165, 152]]"
disclosure_x_bias,267,classic,none,exponential,1.0481011172937438,1.0535868544292448,0.6522319666121482,0.5301221166892809,0.007004791405744423,0.04087179436770134,0.010041437037718875,0.07049538256029195,"[[2182, 923], [1149, 1704]]","[[204, 141], [170, 147]]"
disclosure_x_bias,268,classic,none,exponential,1.0481364654165461,1.053663961411611,0.6515611076645423,0.5316372682044324,0.0070427018139526875,0.04098686113713878,0.009588532752654942,0.0713806370472267,"[[2188, 917], [1159, 1694]]","[[204, 141], [169, 148]]"
disclosure_x_bias,269,classic,none,exponential,1.0481422285203594,1.0536347176770482,0.6518972421183238,0.5331524197195839,0.006997744739468512,0.0409325636577272,0.010414714506661737,0.07667390586669935,"[[2174, 931], [1143, 1710]]","[[204, 141], [168, 149]]"
disclosure_x_bias,270,classic,none,exponential,1.0482079428232751,1.0536086351773917,0.6529031075517455,0.5376978742650385,0.006956035066651955,0.040831697330058474,0.010447909224409935,0.07683535704500913,"[[2179, 926], [1142, 1711]]","[[205, 140], [166, 151]]"
disclosure_x_bias,271,classic,none,exponential,1.0481921594821617,1.053723113103347,0.652400033839039,0.5301447308909996,0.0069650106447448025,0.04089411990409848,0.011063145696336872,0.07137304233935134,"[[2185, 920], [1151, 1702]]","[[204, 141], [170, 147]]"
disclosure_x_bias,272,classic,none,exponential,1.0482654170199086,1.0536670877795722,0.6532392420055271,0.5376978742650385,0.006989294103834567,0.04082681105355494,0.010107273630563617,0.07683535704500913,"[[2182, 923], [1143, 1710]]","[[205, 140], [166, 151]]"
disclosure_x_bias,273,classic,none,exponential,1.0483257782950075,1.0536661512162946,0.6525675370819469,0.5301221166892809,0.006892324605519957,0.04082815168333929,0.011032162405745205,0.07049538256029195,"[[2187, 918], [1152, 1701]]","[[204, 141], [170, 147]]"
disclosure_x_bias,274,classic,none,exponential,1.048329638198846,1.0537751697389137,0.6532383960295528,0.5392130257801899,0.006936819280059015,0.04090915456383284,0.01020284152128674,0.07411888321211615,"[[2178, 927], [1139, 1714]]","[[206, 139], [166, 151]]"
disclosure_x_bias,275,classic,none,exponential,1.0483662041830704,1.0536450015587122,0.6525681010659297,0.5392356399819087,0.006910934936815554,0.04081705631480263,0.01087060258643537,0.07860554327996316,"[[2174, 931], [1139, 1714]]","[[205, 140], [165, 152]]"
disclosure_x_bias,276,classic,none,exponential,1.0485712945546095,1.0539186229619901,0.6522316846201568,0.5362053369516057,0.006765856392636389,0.040878367229563596,0.010085063623683083,0.06901407878510707,"[[2179, 926], [1146, 1707]]","[[206, 139], [168, 149]]"
disclosure_x_bias,277,classic,none,exponential,1.0485661129429347,1.0539651898802966,0.6535748124753257,0.5301447308909996,0.0067791099305573735,0.04084014839380415,0.011060683175555999,0.06882590177442183,"[[2186, 919], [1145, 1708]]","[[204, 141], [170, 147]]"
disclosure_x_bias,278,classic,none,exponential,1.048563574077975,1.0540238943256024,0.6525672550899555,0.536182722749887,0.006749126359683218,0.040839876546438524,0.010462104742022678,0.06800832399127353,"[[2189, 916], [1154, 1699]]","[[206, 139], [168, 149]]"
disclosure_x_bias,279,classic,none,exponential,1.048596045743767,1.053932886231054,0.6530711747786363,0.5376978742650385,0.006772985703284524,0.04081062402879732,0.009734650582965963,0.07782491695996273,"[[2184, 921], [1146, 1707]]","[[206, 139], [167, 150]]"
disclosure_x_bias,280,classic,none,exponential,1.0486596510272386,1.0540467563436207,0.6527356043088377,0.536182722749887,0.006747797982136411,0.04078293151105366,0.009515640856059092,0.06912436429865441,"[[2187, 918], [1151, 1702]]","[[207, 138], [169, 148]]"
disclosure_x_bias,281,classic,none,exponential,1.048996071144695,1.0543110448271131,0.6527350403248547,0.536182722749887,0.006730530015928767,0.04069106077715249,0.009829343181170881,0.07272090321906508,"[[2194, 911], [1158, 1695]]","[[207, 138], [169, 148]]"
disclosure_x_bias,282,classic,none,exponential,1.0490399464931315,1.0543487094856925,0.6527353223168462,0.536182722749887,0.0066838941451821555,0.0407019905155684,0.009624483381638906,0.06912436429865441,"[[2191, 914], [1155, 1698]]","[[208, 137], [170, 147]]"
disclosure_x_bias,283,classic,none,exponential,1.0490309741056847,1.0543928471462893,0.6532395239975185,0.5346675712347354,0.0066908597255666,0.040931407409620174,0.009816839160484637,0.0730142694985083,"[[2190, 915], [1151, 1702]]","[[206, 139], [169, 148]]"
disclosure_x_bias,284,classic,none,exponential,1.049161057327676,1.0545177228870313,0.6527356043088377,0.5361601085481682,0.006886759496549554,0.04086408791539455,0.009145638207808025,0.07113774739216948,"[[2191, 914], [1155, 1698]]","[[208, 137], [170, 147]]"
disclosure_x_bias,285,classic,none,exponential,1.0490819530465583,1.0543769556497462,0.653742597710225,0.536182722749887,0.006867726603985346,0.040880954823542134,0.01007912996271647,0.0702226697533222,"[[2192, 913], [1150, 1703]]","[[207, 138], [169, 148]]"
disclosure_x_bias,286,classic,none,exponential,1.0491635840091686,1.0544152502697695,0.6540781681800236,0.5286069651741293,0.006886051930666661,0.04081221399907492,0.009587303494725124,0.07172860150808048,"[[2197, 908], [1153, 1700]]","[[207, 138], [174, 143]]"
disclosure_x_bias,287,classic,none,exponential,1.0492430050531225,1.05459517404412,0.6542462354069144,0.5407281772953414,0.0068953044536991664,0.04088391352401097,0.008526726262785009,0.0831564271468436,"[[2182, 923], [1137, 1716]]","[[207, 138], [166, 151]]"
disclosure_x_bias,288,classic,none,exponential,1.0492679035564256,1.0546441246382312,0.6540784501720152,0.536182722749887,0.006928093748680086,0.04104301115026889,0.008648520248873198,0.07341907225004511,"[[2190, 915], [1146, 1707]]","[[208, 137], [170, 147]]"
disclosure_x_bias,289,classic,none,exponential,1.0493225593388156,1.0545546848822558,0.6550857255653939,0.536182722749887,0.006895493268741114,0.04098711236616902,0.00902239997784988,0.08257593984271241,"[[2185, 920], [1135, 1718]]","[[206, 139], [168, 149]]"
disclosure_x_bias,290,classic,none,exponential,1.0493000996852777,1.0545324037027222,0.6537434436861993,0.5346675712347354,0.006899596442626951,0.04105840220979514,0.009601795078422343,0.0737096598517556,"[[2191, 914], [1149, 1704]]","[[206, 139], [169, 148]]"
disclosure_x_bias,291,classic,none,exponential,1.0493959574945773,1.0549114288198056,0.6550857255653939,0.5392130257801899,0.006898350053300962,0.0409743878243509,0.008375138646029468,0.08039214947174907,"[[2184, 921], [1134, 1719]]","[[207, 138], [167, 150]]"
disclosure_x_bias,292,classic,none,exponential,1.0494844252355162,1.0550015827551873,0.6539109469291071,0.5392130257801899,0.0068813051185161135,0.04106321286506626,0.008931529737318623,0.07682272104562651,"[[2180, 925], [1137, 1716]]","[[207, 138], [167, 150]]"
disclosure_x_bias,293,classic,none,exponential,1.0494802452421843,1.0549746530437525,0.654582369860696,0.536182722749887,0.006899594512978614,0.041166303127596574,0.00917174163130323,0.07094542798760792,"[[2192, 913], [1145, 1708]]","[[207, 138], [169, 148]]"
disclosure_x_bias,294,classic,none,exponential,1.0495238546448866,1.0550546948147665,0.6549176583385032,0.5392130257801899,0.006879243978106116,0.04106425803440916,0.009029559155627132,0.07682272104562651,"[[2183, 922], [1134, 1719]]","[[207, 138], [167, 150]]"
disclosure_x_bias,295,classic,none,exponential,1.0496107038485918,1.0550959310787849,0.6544143026338052,0.5286069651741293,0.006890818281140769,0.041209453153302,0.009236518931189028,0.07383145325325192,"[[2192, 913], [1146, 1707]]","[[204, 141], [171, 146]]"
disclosure_x_bias,296,classic,none,exponential,1.049636678987818,1.0550772939170432,0.6544137386498223,0.536182722749887,0.006863943029223003,0.04112502529215617,0.008220942124351125,0.07845755672981826,"[[2181, 924], [1135, 1718]]","[[205, 140], [167, 150]]"
disclosure_x_bias,297,classic,none,exponential,1.0496235010357273,1.0551973076711587,0.6550845975974282,0.5346675712347354,0.006899149187781222,0.04121393902062238,0.00780896143958607,0.08001501611284122,"[[2186, 919], [1136, 1717]]","[[206, 139], [169, 148]]"
disclosure_x_bias,298,classic,none,exponential,1.049809658454578,1.0557202521600928,0.655756020529017,0.5316372682044324,0.006992430938909601,0.041111408983346934,0.008050049239952705,0.07621947376289653,"[[2201, 904], [1147, 1706]]","[[205, 140], [170, 147]]"
disclosure_x_bias,299,classic,none,exponential,1.0500146126619885,1.05568212441469,0.6555887992781005,0.5376978742650385,0.007011594744104478,0.04124534005812856,0.00878075321296756,0.08103622477095436,"[[2184, 921], [1131, 1722]]","[[206, 139], [167, 150]]"
disclosure_x_bias,300,classic,none,exponential,1.0502093203254503,1.0556493657509816,0.6560924369747899,0.536182722749887,0.006984677494940985,0.04108458272181696,0.008690885844737773,0.08349749366596775,"[[2188, 917], [1132, 1721]]","[[206, 139], [168, 149]]"
disclosure_x_bias,1,init_easy,Hostility,log_loss,0.6425103956347165,0.8974948755609164,0.6181583103039874,0.5468566259611036,0.006762623238129577,0.2806540742380735,0.02399627250590758,0.024994530524254606,"[[2030, 1075], [1200, 1653]]","[[209, 136], [164, 153]]"
disclosure_x_bias,2,init_easy,Hostility,log_loss,0.6416981009370419,0.8972420148569278,0.6189986464384412,0.5468566259611036,0.0067078064589824495,0.2806181268595453,0.022542693543351464,0.024994530524254606,"[[2037, 1068], [1202, 1651]]","[[209, 136], [164, 153]]"
disclosure_x_bias,3,init_easy,Hostility,log_loss,0.640986949987836,0.8971473419714965,0.6216846201567876,0.5483717774762551,0.006672246729868829,0.28091247877535247,0.023567853171152977,0.02634345820143053,"[[2054, 1051], [1203, 1650]]","[[210, 135], [164, 153]]"
disclosure_x_bias,4,init_easy,Hostility,log_loss,0.6402811407790996,0.8964834780129609,0.6225235463312841,0.5483717774762551,0.006648821840535468,0.2810583743134441,0.024269206599310325,0.02634345820143053,"[[2059, 1046], [1203, 1650]]","[[210, 135], [164, 153]]"
disclosure_x_bias,5,init_easy,Hostility,log_loss,0.6396642171127638,0.8970450981358808,0.6247081382888726,0.5423790140208051,0.0066285505663089776,0.2812685019387889,0.022077652845517142,0.030334366460042173,"[[2089, 1016], [1220, 1633]]","[[210, 135], [168, 149]]"
disclosure_x_bias,6,init_easy,Hostility,log_loss,0.6390354777614663,0.8971663451373552,0.6248756415317805,0.5423790140208051,0.0066480892630754055,0.2812836995914513,0.021654932822298304,0.030334366460042173,"[[2089, 1016], [1219, 1634]]","[[210, 135], [168, 149]]"
disclosure_x_bias,7,init_easy,Hostility,log_loss,0.6384708717171581,0.8969210167999859,0.6255473464553607,0.5423790140208051,0.006646081196389079,0.28145763120019884,0.021462926398950966,0.030334366460042173,"[[2093, 1012], [1219, 1634]]","[[210, 135], [168, 149]]"
disclosure_x_bias,8,init_easy,Hostility,log_loss,0.6379464604974279,0.896493537978802,0.6255473464553607,0.5438941655359566,0.006640513105340892,0.28174216789870243,0.02122846321516982,0.030878567880708453,"[[2098, 1007], [1224, 1629]]","[[211, 134], [168, 149]]"
disclosure_x_bias,9,init_easy,Hostility,log_loss,0.6373967315571131,0.8961944074844613,0.6280641249788507,0.5529850746268656,0.006640398356466164,0.2818979473344323,0.016252076106795264,0.05321427545875726,"[[2073, 1032], [1184, 1669]]","[[209, 136], [160, 157]]"
disclosure_x_bias,10,init_easy,Hostility,log_loss,0.6369138094625981,0.8965240282571315,0.6280641249788507,0.5529850746268656,0.006641893641406476,0.28178716164171297,0.016252076106795264,0.05321427545875726,"[[2071, 1034], [1182, 1671]]","[[209, 136], [160, 157]]"
disclosure_x_bias,11,init_easy,Hostility,log_loss,0.6364104812606282,0.8967368224171312,0.6292386216231459,0.5529850746268656,0.006671529158196069,0.28199757532538927,0.014964813592615474,0.05321427545875726,"[[2095, 1010], [1199, 1654]]","[[211, 134], [162, 155]]"
disclosure_x_bias,12,init_easy,Hostility,log_loss,0.6359237248004498,0.89643816178535,0.6295741920929446,0.5545002261420172,0.006693064315838096,0.28220956703678296,0.015125888453232074,0.05461141130067686,"[[2097, 1008], [1199, 1654]]","[[212, 133], [162, 155]]"
disclosure_x_bias,13,init_easy,Hostility,log_loss,0.6354862270336082,0.8961929236298827,0.6302453330325418,0.5575305291723203,0.006691671406284392,0.28194025846417664,0.015049077773094213,0.054427058818320065,"[[2102, 1003], [1200, 1653]]","[[214, 131], [162, 155]]"
disclosure_x_bias,14,init_easy,Hostility,log_loss,0.6350112812886903,0.8960010602580175,0.6304134002594326,0.5575305291723203,0.006731144429153465,0.28176520069882727,0.014827508648930543,0.054427058818320065,"[[2104, 1001], [1201, 1652]]","[[214, 131], [162, 155]]"
disclosure_x_bias,15,init_easy,Hostility,log_loss,0.6345888542570455,0.8959891370246034,0.6304134002594326,0.5575305291723203,0.006738860283630503,0.2816955748756409,0.014827508648930543,0.054427058818320065,"[[2106, 999], [1203, 1650]]","[[214, 131], [162, 155]]"
disclosure_x_bias,16,init_easy,Hostility,log_loss,0.634163871721053,0.8960163868217361,0.6304134002594326,0.5575305291723203,0.006757700832240251,0.28192125418785985,0.014827508648930543,0.054427058818320065,"[[2104, 1001], [1201, 1652]]","[[214, 131], [162, 155]]"
disclosure_x_bias,17,init_easy,Hostility,log_loss,0.6337648660582802,0.8962596001755916,0.6304134002594326,0.5575305291723203,0.006765273685471711,0.28222720487233804,0.014827508648930543,0.054427058818320065,"[[2104, 1001], [1201, 1652]]","[[214, 131], [162, 155]]"
disclosure_x_bias,18,init_easy,Hostility,log_loss,0.6333767414794524,0.8960302964012291,0.6310845411990299,0.5560153776571687,0.006774722386226679,0.2823058677183075,0.01516735907785623,0.054542701143771764,"[[2109, 996], [1202, 1651]]","[[214, 131], [163, 154]]"
disclosure_x_bias,19,init_easy,Hostility,log_loss,0.6329926728316719,0.8957932992482652,0.6310845411990299,0.5560153776571687,0.006788488536011508,0.2820041524463008,0.01516735907785623,0.054542701143771764,"[[2109, 996], [1202, 1651]]","[[214, 131], [163, 154]]"
disclosure_x_bias,20,init_easy,Hostility,log_loss,0.6326076785189654,0.8960230453625236,0.6322593198353167,0.5560153776571687,0.006818848100432514,0.2821351283205511,0.013293751960174467,0.054542701143771764,"[[2086, 1019], [1172, 1681]]","[[211, 134], [160, 157]]"
disclosure_x_bias,21,init_easy,Hostility,log_loss,0.6322362909726317,0.8959603541822604,0.632427105070216,0.5560153776571687,0.006832719602005412,0.2820608997481221,0.013378739079275816,0.054542701143771764,"[[2087, 1018], [1172, 1681]]","[[211, 134], [160, 157]]"
disclosure_x_bias,22,init_easy,Hostility,log_loss,0.6318544698118896,0.895846720383384,0.6325948903051153,0.5560153776571687,0.006854549636999594,0.28223841680331874,0.013622558493117536,0.054542701143771764,"[[2089, 1016], [1173, 1680]]","[[211, 134], [160, 157]]"
disclosure_x_bias,23,init_easy,Hostility,log_loss,0.6315100938646369,0.8958389665403018,0.6317559641306187,0.5560153776571687,0.0068600940394441205,0.2821885513250368,0.015316989342932267,0.054542701143771764,"[[2113, 992], [1202, 1651]]","[[214, 131], [163, 154]]"
disclosure_x_bias,24,init_easy,Hostility,log_loss,0.631162104817413,0.8952683060311853,0.632930460774914,0.5560153776571687,0.006873803951696818,0.28246192425223055,0.013776608346070793,0.054542701143771764,"[[2096, 1009], [1178, 1675]]","[[212, 133], [161, 156]]"
disclosure_x_bias,25,init_easy,Hostility,log_loss,0.6308266453032537,0.8950420349285088,0.632930460774914,0.5560153776571687,0.006882547892156077,0.28249914356189226,0.013776608346070793,0.054542701143771764,"[[2096, 1009], [1178, 1675]]","[[212, 133], [161, 156]]"
disclosure_x_bias,26,init_easy,Hostility,log_loss,0.6304861241393291,0.8951611593321452,0.6327626755400146,0.5560153776571687,0.006903966193187524,0.2825121935596089,0.013746526596675867,0.054542701143771764,"[[2095, 1010], [1178, 1675]]","[[212, 133], [161, 156]]"
disclosure_x_bias,27,init_easy,Hostility,log_loss,0.6301418806587157,0.8952023994773217,0.6325948903051153,0.5560153776571687,0.006931683279671647,0.2825652315729738,0.013507261479315724,0.054542701143771764,"[[2095, 1010], [1179, 1674]]","[[212, 133], [161, 156]]"
disclosure_x_bias,28,init_easy,Hostility,log_loss,0.6298066782428058,0.8945339132781273,0.6325948903051153,0.5560153776571687,0.006955479036979158,0.28274105042690234,0.013507261479315724,0.054542701143771764,"[[2095, 1010], [1179, 1674]]","[[212, 133], [161, 156]]"
disclosure_x_bias,29,init_easy,Hostility,log_loss,0.629506669964924,0.8949691455958938,0.6325948903051153,0.5560153776571687,0.006959767452600397,0.28279697378728696,0.013507261479315724,0.054542701143771764,"[[2095, 1010], [1179, 1674]]","[[212, 133], [161, 156]]"
disclosure_x_bias,30,init_easy,Hostility,log_loss,0.6292056267231311,0.8946378235486266,0.6332668772206869,0.5575305291723203,0.0069635662310212195,0.2829353646671335,0.014384516330233004,0.054427058818320065,"[[2099, 1006], [1179, 1674]]","[[212, 133], [160, 157]]"
disclosure_x_bias,31,init_easy,Hostility,log_loss,0.628901841760484,0.8945699549372843,0.6336024476904856,0.5575305291723203,0.006974980466641313,0.28294360527453055,0.014448434051123388,0.054427058818320065,"[[2101, 1004], [1179, 1674]]","[[212, 133], [160, 157]]"
disclosure_x_bias,32,init_easy,Hostility,log_loss,0.6286224181725265,0.8949530653710346,0.6336024476904856,0.559023066485753,0.0069753378674278985,0.28282971000576745,0.014448434051123388,0.05262143276816594,"[[2100, 1005], [1178, 1675]]","[[212, 133], [159, 158]]"
disclosure_x_bias,33,init_easy,Hostility,log_loss,0.6283368772078866,0.894793832373308,0.6336021656984941,0.5575079149706015,0.006973313709541797,0.2829634167340788,0.014390390891490539,0.05278865485291557,"[[2099, 1006], [1177, 1676]]","[[212, 133], [160, 157]]"
disclosure_x_bias,34,init_easy,Hostility,log_loss,0.6280098765759174,0.8946349569900592,0.6339380181602843,0.5575079149706015,0.006985388466781102,0.2829897551977047,0.014717537785987311,0.05278865485291557,"[[2102, 1003], [1178, 1675]]","[[212, 133], [160, 157]]"
disclosure_x_bias,35,init_easy,Hostility,log_loss,0.6277253652364172,0.8945504712426198,0.6336024476904856,0.5575079149706015,0.007007372483555333,0.2831801163740773,0.014620602795170438,0.05278865485291557,"[[2100, 1005], [1178, 1675]]","[[212, 133], [160, 157]]"
disclosure_x_bias,36,init_easy,Hostility,log_loss,0.6274622855701891,0.8946233294347662,0.6336024476904856,0.5590230664857531,0.007009963890094503,0.2832837733834088,0.014620602795170438,0.056816828575236386,"[[2092, 1013], [1170, 1683]]","[[212, 133], [159, 158]]"
disclosure_x_bias,37,init_easy,Hostility,log_loss,0.6272042731088092,0.8944328849758003,0.634273588630083,0.5575079149706015,0.007018942929063807,0.28343379362823545,0.014549653004275834,0.058735336162099645,"[[2097, 1008], [1171, 1682]]","[[212, 133], [160, 157]]"
disclosure_x_bias,38,init_easy,Hostility,log_loss,0.6269349488028813,0.8947313113181199,0.6341058033951835,0.5575079149706015,0.007022572485914347,0.2834187136364288,0.014516874816402254,0.058735336162099645,"[[2096, 1009], [1171, 1682]]","[[212, 133], [160, 157]]"
disclosure_x_bias,39,init_easy,Hostility,log_loss,0.6266500470974303,0.8947345262972025,0.6359514409790762,0.5575079149706015,0.007060723081239602,0.2834212607277745,0.01417349521683008,0.05741771596366218,"[[2094, 1011], [1158, 1695]]","[[211, 134], [159, 158]]"
disclosure_x_bias,40,init_easy,Hostility,log_loss,0.6263927400790573,0.8948634966942196,0.6359514409790762,0.5575079149706015,0.007066413801795603,0.28341092964158987,0.013973460188924591,0.05741771596366218,"[[2094, 1011], [1158, 1695]]","[[211, 134], [159, 158]]"
disclosure_x_bias,41,init_easy,Hostility,log_loss,0.6261415256065813,0.8949406509537944,0.6357833737521854,0.5575079149706015,0.00707640210073587,0.2833414792574835,0.013720536788135972,0.05741771596366218,"[[2094, 1011], [1159, 1694]]","[[211, 134], [159, 158]]"
disclosure_x_bias,42,init_easy,Hostility,log_loss,0.6258995624962529,0.8948996722821507,0.6366237098866392,0.5575079149706015,0.0070736827903790335,0.2833524493876862,0.012343412357652423,0.05741771596366218,"[[2102, 1003], [1162, 1691]]","[[211, 134], [159, 158]]"
disclosure_x_bias,43,init_easy,Hostility,log_loss,0.6256656073954955,0.8948011013214078,0.6366237098866392,0.5575079149706015,0.007078120276176775,0.28326682204201487,0.012113193287527526,0.05741771596366218,"[[2102, 1003], [1162, 1691]]","[[211, 134], [159, 158]]"
disclosure_x_bias,44,init_easy,Hostility,log_loss,0.6254096251898242,0.8945329446517789,0.6367914951215385,0.5575079149706015,0.007092343651693198,0.2834698165912295,0.01231861041502541,0.05741771596366218,"[[2103, 1002], [1162, 1691]]","[[211, 134], [159, 158]]"
disclosure_x_bias,45,init_easy,Hostility,log_loss,0.6251460726154995,0.8942745391515843,0.6369592803564379,0.5575079149706015,0.007092143469990798,0.2834421654900692,0.012342006791031352,0.05741771596366218,"[[2104, 1001], [1162, 1691]]","[[211, 134], [159, 158]]"
disclosure_x_bias,46,init_easy,Hostility,log_loss,0.6249095651503329,0.8943439137607305,0.6369592803564379,0.5575079149706015,0.007106029645634294,0.28356673211981376,0.012342006791031352,0.05741771596366218,"[[2104, 1001], [1162, 1691]]","[[211, 134], [159, 158]]"
disclosure_x_bias,47,init_easy,Hostility,log_loss,0.6246771889437599,0.8945541413345548,0.637295132818228,0.5575079149706015,0.007104406357079218,0.28358061196516626,0.012296722667890857,0.05741771596366218,"[[2106, 999], [1162, 1691]]","[[211, 134], [159, 158]]"
disclosure_x_bias,48,init_easy,Hostility,log_loss,0.6244426113113297,0.8943044448285876,0.6371273475833286,0.5590230664857531,0.007120758952033961,0.28327713618404693,0.012580334386517534,0.05591173047122658,"[[2106, 999], [1163, 1690]]","[[212, 133], [159, 158]]"
disclosure_x_bias,49,init_easy,Hostility,log_loss,0.6241855730151086,0.8942044151403363,0.6372951328182279,0.5575079149706015,0.0071609699511460696,0.28328674733110887,0.012498566635238805,0.05741771596366218,"[[2106, 999], [1162, 1691]]","[[211, 134], [159, 158]]"
disclosure_x_bias,50,init_easy,Hostility,log_loss,0.6239656553087819,0.8940451034133947,0.6374629180531273,0.5575079149706015,0.007162931463682959,0.2833994717321662,0.012712518719615876,0.05741771596366218,"[[2107, 998], [1162, 1691]]","[[211, 134], [159, 158]]"
disclosure_x_bias,51,init_easy,Hostility,log_loss,0.6237218350328024,0.8940650078948187,0.6379662737578252,0.5575079149706015,0.007189853581479917,0.2834150746822517,0.012545738250678982,0.05741771596366218,"[[2110, 995], [1162, 1691]]","[[211, 134], [159, 158]]"
disclosure_x_bias,52,init_easy,Hostility,log_loss,0.623506563233098,0.8940918103639957,0.6381340589927247,0.5590230664857531,0.007190077445537563,0.2834497000764615,0.012501331892314511,0.06155744664280422,"[[2114, 991], [1165, 1688]]","[[212, 133], [159, 158]]"
disclosure_x_bias,53,init_easy,Hostility,log_loss,0.6232888002494433,0.894270286990808,0.6384696294625233,0.5590230664857531,0.007186733018736573,0.2834053415763319,0.012479900393805775,0.06155744664280422,"[[2115, 990], [1164, 1689]]","[[212, 133], [159, 158]]"
disclosure_x_bias,54,init_easy,Hostility,log_loss,0.6230706060791882,0.8942388716556342,0.6386374146974225,0.5544776119402985,0.0072050166545930255,0.2833514892143645,0.01284846846933222,0.04949227103215141,"[[2125, 980], [1173, 1680]]","[[211, 134], [161, 156]]"
disclosure_x_bias,55,init_easy,Hostility,log_loss,0.622848987692332,0.8943609566043473,0.6386374146974225,0.5544776119402985,0.007221600211723639,0.28310347040854233,0.0126769065583249,0.04949227103215141,"[[2126, 979], [1174, 1679]]","[[211, 134], [161, 156]]"
disclosure_x_bias,56,init_easy,Hostility,log_loss,0.6226348199240452,0.8945614607384904,0.6393099655969771,0.5575305291723203,0.007228939866191166,0.2833706397631215,0.011175886394523478,0.06310791378440547,"[[2121, 984], [1165, 1688]]","[[212, 133], [160, 157]]"
disclosure_x_bias,57,init_easy,Hostility,log_loss,0.6224350996487511,0.8944058575779341,0.6394777508318763,0.5575305291723203,0.007224508087831086,0.2833198193353775,0.011243450141738526,0.06310791378440547,"[[2121, 984], [1164, 1689]]","[[212, 133], [160, 157]]"
disclosure_x_bias,58,init_easy,Hostility,log_loss,0.6222322410221176,0.8943137991882978,0.639813321301675,0.5560153776571687,0.007213557831245263,0.2830645634555787,0.010891363737131059,0.0590343821290809,"[[2122, 983], [1163, 1690]]","[[211, 134], [160, 157]]"
disclosure_x_bias,59,init_easy,Hostility,log_loss,0.6220331475309763,0.8942196298664058,0.6401488917714737,0.5545002261420172,0.007214010442125692,0.28280668315284635,0.011178861269775846,0.057788516696348755,"[[2127, 978], [1166, 1687]]","[[211, 134], [161, 156]]"
disclosure_x_bias,60,init_easy,Hostility,log_loss,0.6218158225427541,0.8943003564366279,0.6399811065365744,0.5575305291723203,0.007239970046768152,0.2825481650094186,0.011150248487195896,0.0576143311106304,"[[2125, 980], [1165, 1688]]","[[212, 133], [160, 157]]"
disclosure_x_bias,61,init_easy,Hostility,log_loss,0.6216171906146425,0.8940590716929881,0.6399811065365744,0.5575305291723203,0.007246175726423922,0.2825390387151179,0.011150248487195896,0.0576143311106304,"[[2125, 980], [1165, 1688]]","[[212, 133], [160, 157]]"
disclosure_x_bias,62,init_easy,Hostility,log_loss,0.6214073768947518,0.8942069142377284,0.6403166770063731,0.5560153776571687,0.007263929079884417,0.28255321893103813,0.011148635908302762,0.0590343821290809,"[[2126, 979], [1164, 1689]]","[[211, 134], [160, 157]]"
disclosure_x_bias,63,init_easy,Hostility,log_loss,0.6212151357365563,0.8943458552369845,0.6406522474761717,0.5560153776571687,0.007261971378208536,0.2824996081319766,0.011657282547532552,0.0590343821290809,"[[2126, 979], [1162, 1691]]","[[211, 134], [160, 157]]"
disclosure_x_bias,64,init_easy,Hostility,log_loss,0.6210095328080529,0.8943560503558736,0.6404844622412724,0.5560153776571687,0.0072727406167484515,0.2825815173654786,0.01163791294279155,0.0590343821290809,"[[2125, 980], [1162, 1691]]","[[211, 134], [160, 157]]"
disclosure_x_bias,65,init_easy,Hostility,log_loss,0.6208231757550767,0.8943902694927133,0.6406522474761717,0.5499547715965626,0.007274539986552407,0.28277545033412166,0.011737505217450959,0.048601591341723795,"[[2140, 965], [1176, 1677]]","[[211, 134], [164, 153]]"
disclosure_x_bias,66,init_easy,Hostility,log_loss,0.620618177642111,0.894315384265221,0.6406522474761717,0.5514699231117142,0.00729456840839722,0.2828589273662187,0.011657282547532552,0.04971870523831893,"[[2138, 967], [1174, 1679]]","[[211, 134], [163, 154]]"
disclosure_x_bias,67,init_easy,Hostility,log_loss,0.6204266005534007,0.8943112918401775,0.6411556031808697,0.5499547715965626,0.007298738995230764,0.2827847943271196,0.011858504070331594,0.048601591341723795,"[[2140, 965], [1173, 1680]]","[[211, 134], [164, 153]]"
disclosure_x_bias,68,init_easy,Hostility,log_loss,0.6202437205521556,0.8943612885145462,0.6414914556426597,0.5514699231117142,0.007293338108486783,0.2828845671641674,0.010727479844620988,0.04920299226718318,"[[2141, 964], [1172, 1681]]","[[212, 133], [164, 153]]"
disclosure_x_bias,69,init_easy,Hostility,log_loss,0.6200424796942459,0.8943632987822788,0.6416592408775591,0.5514699231117142,0.007298333863973255,0.28295769165660783,0.011215602324909967,0.04920299226718318,"[[2142, 963], [1172, 1681]]","[[212, 133], [164, 153]]"
disclosure_x_bias,70,init_easy,Hostility,log_loss,0.6198426665398056,0.8941854466739756,0.6418270261124583,0.5514699231117142,0.0072891521454234096,0.28309298664153704,0.011327193856708736,0.04920299226718318,"[[2143, 962], [1172, 1681]]","[[212, 133], [164, 153]]"
disclosure_x_bias,71,init_easy,Hostility,log_loss,0.6196606706818127,0.8940595564099525,0.6414914556426597,0.5499547715965626,0.007290161561125298,0.28298752169791497,0.01151501421156065,0.048601591341723795,"[[2141, 964], [1172, 1681]]","[[211, 134], [164, 153]]"
disclosure_x_bias,72,init_easy,Hostility,log_loss,0.6194649655125968,0.8945761939276032,0.6418270261124583,0.5499547715965626,0.007282838182824844,0.2830461340626635,0.01189297553281897,0.048601591341723795,"[[2142, 963], [1171, 1682]]","[[211, 134], [164, 153]]"
disclosure_x_bias,73,init_easy,Hostility,log_loss,0.6192688627496582,0.8946701748368548,0.6423306638091478,0.5514699231117142,0.007290108907479328,0.2830369405286447,0.011412200373937004,0.04920299226718318,"[[2143, 962], [1169, 1684]]","[[212, 133], [164, 153]]"
disclosure_x_bias,74,init_easy,Hostility,log_loss,0.6190838704788965,0.8946011914736847,0.6424981670520558,0.5499547715965626,0.007296857890768746,0.28294324164025186,0.01132952347480812,0.045343394951919955,"[[2142, 963], [1167, 1686]]","[[211, 134], [164, 153]]"
disclosure_x_bias,75,init_easy,Hostility,log_loss,0.6188874546331468,0.8947019231062917,0.642666516270938,0.5499547715965626,0.007316612904215142,0.282716098064891,0.011489011216421716,0.045343394951919955,"[[2141, 964], [1165, 1688]]","[[211, 134], [164, 153]]"
disclosure_x_bias,76,init_easy,Hostility,log_loss,0.6186951940781545,0.8945389767196534,0.6428343015058372,0.5499547715965626,0.007339305292473183,0.2829744284957416,0.011418573048434863,0.045343394951919955,"[[2143, 962], [1166, 1687]]","[[211, 134], [164, 153]]"
disclosure_x_bias,77,init_easy,Hostility,log_loss,0.6185216165863777,0.8945260107625537,0.6431698719756358,0.5469244685662595,0.007341291233470281,0.28298820615404846,0.011351025813917196,0.04443078407302662,"[[2145, 960], [1166, 1687]]","[[210, 135], [165, 152]]"
disclosure_x_bias,78,init_easy,Hostility,log_loss,0.618327893217409,0.8946731524264477,0.6448499802605606,0.5514246947082768,0.00734520479961666,0.2831134037240092,0.01075157014711438,0.04135675251873549,"[[2173, 932], [1184, 1669]]","[[214, 131], [166, 151]]"
disclosure_x_bias,79,init_easy,Hostility,log_loss,0.6181433609820137,0.8945055574293843,0.6451855507303592,0.5514246947082768,0.007350545225864978,0.28323107053336305,0.010726486415790779,0.04135675251873549,"[[2169, 936], [1178, 1675]]","[[213, 132], [165, 152]]"
disclosure_x_bias,80,init_easy,Hostility,log_loss,0.6179738211359014,0.8947793420285167,0.6455211212001579,0.5514246947082768,0.007345184223691732,0.28299657650033333,0.009643557896372355,0.04135675251873549,"[[2168, 937], [1175, 1678]]","[[213, 132], [165, 152]]"
disclosure_x_bias,81,init_easy,Hostility,log_loss,0.6178029168933826,0.8947124263409588,0.6458566916699565,0.5514246947082768,0.007332229576089167,0.28300302549245243,0.009458149468147468,0.04135675251873549,"[[2172, 933], [1177, 1676]]","[[214, 131], [166, 151]]"
disclosure_x_bias,82,init_easy,Hostility,log_loss,0.6176431753098255,0.8948347496485807,0.646024476904856,0.5514246947082768,0.0073313915252477095,0.28291151746574383,0.009409056230243894,0.04135675251873549,"[[2172, 933], [1176, 1677]]","[[214, 131], [166, 151]]"
disclosure_x_bias,83,init_easy,Hostility,log_loss,0.6174750912138907,0.8946340755521011,0.6458566916699565,0.5514246947082768,0.007335488107213565,0.28298952724166215,0.009458149468147468,0.04135675251873549,"[[2172, 933], [1177, 1676]]","[[214, 131], [166, 151]]"
disclosure_x_bias,84,init_easy,Hostility,log_loss,0.6173127205563068,0.8948292055032436,0.6458566916699565,0.5529398462234283,0.00733686409280269,0.2829539026538937,0.00958952455255528,0.04550101894582413,"[[2160, 945], [1165, 1688]]","[[213, 132], [164, 153]]"
disclosure_x_bias,85,init_easy,Hostility,log_loss,0.6171449198250192,0.894604495345888,0.6466956178444532,0.5499095431931252,0.007337581995127014,0.2826925044207702,0.009444814047460507,0.04594067642499291,"[[2163, 942], [1163, 1690]]","[[212, 133], [165, 152]]"
disclosure_x_bias,86,init_easy,Hostility,log_loss,0.6169675183052001,0.8946143125927992,0.6468634030793525,0.5499095431931252,0.007354249148025966,0.28251756327948885,0.009412282342554354,0.04594067642499291,"[[2162, 943], [1161, 1692]]","[[212, 133], [165, 152]]"
disclosure_x_bias,87,init_easy,Hostility,log_loss,0.6167964606476068,0.8945952254958381,0.6470311883142519,0.5514246947082768,0.007351553456552414,0.2823280836875233,0.009207988837333324,0.045469631586460134,"[[2164, 941], [1162, 1691]]","[[213, 132], [165, 152]]"
disclosure_x_bias,88,init_easy,Hostility,log_loss,0.6166117896143818,0.8946164734175932,0.6470311883142519,0.5499095431931252,0.00735549393785922,0.2825374835048999,0.009704175395769742,0.04594067642499291,"[[2162, 943], [1160, 1693]]","[[212, 133], [165, 152]]"
disclosure_x_bias,89,init_easy,Hostility,log_loss,0.616448059528245,0.8947864922628668,0.6468634030793525,0.5499095431931252,0.007357930458791828,0.28227825762290915,0.009412282342554354,0.04594067642499291,"[[2163, 942], [1162, 1691]]","[[212, 133], [165, 152]]"
disclosure_x_bias,90,init_easy,Hostility,log_loss,0.6162954857737821,0.8948028254426419,0.6470309063222605,0.5514246947082768,0.0073542666477660204,0.2823634335225525,0.009151808177732312,0.045469631586460134,"[[2164, 941], [1162, 1691]]","[[213, 132], [165, 152]]"
disclosure_x_bias,91,init_easy,Hostility,log_loss,0.6161044191960218,0.8948329739574001,0.6471986915571598,0.5499095431931252,0.007347824604949431,0.2819750363920608,0.009281439129142614,0.04594067642499291,"[[2164, 941], [1161, 1692]]","[[212, 133], [165, 152]]"
disclosure_x_bias,92,init_easy,Hostility,log_loss,0.6159547946624098,0.8949695818958234,0.6480376177316565,0.5483943916779738,0.007342623557938102,0.28178061219974393,0.01026094926708943,0.04232488825972103,"[[2160, 945], [1152, 1701]]","[[210, 135], [164, 153]]"
disclosure_x_bias,93,init_easy,Hostility,log_loss,0.6157929196365197,0.8949431021104838,0.6482056849585472,0.5483943916779738,0.0073524990512476365,0.2817514573024631,0.010256899290822186,0.04232488825972103,"[[2159, 946], [1150, 1703]]","[[210, 135], [164, 153]]"
disclosure_x_bias,94,init_easy,Hostility,log_loss,0.6156275683103746,0.8955511489067621,0.6482056849585472,0.5483943916779738,0.007332829267546698,0.28182375185166136,0.010256899290822186,0.04232488825972103,"[[2160, 945], [1151, 1702]]","[[210, 135], [164, 153]]"
disclosure_x_bias,95,init_easy,Hostility,log_loss,0.6154643517186287,0.895475034814722,0.6482056849585472,0.5483943916779738,0.007345632749770083,0.28184292520980064,0.010256899290822186,0.04232488825972103,"[[2159, 946], [1150, 1703]]","[[210, 135], [164, 153]]"
disclosure_x_bias,96,init_easy,Hostility,log_loss,0.6153177944097672,0.8955897543788544,0.6482059669505386,0.5483943916779738,0.007343428148852462,0.28180849415671977,0.010576728890375892,0.04232488825972103,"[[2159, 946], [1150, 1703]]","[[210, 135], [164, 153]]"
disclosure_x_bias,97,init_easy,Hostility,log_loss,0.6151640257446124,0.8954643228199128,0.6473659128080762,0.5513794663048394,0.007338512833539107,0.2818684864319739,0.010934922927838013,0.041327834323559444,"[[2167, 938], [1163, 1690]]","[[212, 133], [164, 153]]"
disclosure_x_bias,98,init_easy,Hostility,log_loss,0.6150014982001913,0.8955534800381034,0.6482048389825729,0.5513794663048394,0.007334764196433685,0.28167841149382133,0.010618534005458508,0.041327834323559444,"[[2169, 936], [1160, 1693]]","[[212, 133], [164, 153]]"
disclosure_x_bias,99,init_easy,Hostility,log_loss,0.6148559719550637,0.8953851281430152,0.6487090406632452,0.5483943916779738,0.007328448194334043,0.28167120399044304,0.010105069405279098,0.04232488825972103,"[[2162, 943], [1150, 1703]]","[[210, 135], [164, 153]]"
disclosure_x_bias,100,init_easy,Hostility,log_loss,0.6147107249968208,0.8957133481405641,0.6482051209745643,0.5528946178199909,0.007322143704995868,0.28163953564223954,0.009874930454036908,0.04011193210880474,"[[2169, 936], [1160, 1693]]","[[213, 132], [164, 153]]"
disclosure_x_bias,101,init_easy,Hostility,log_loss,0.6145600377352324,0.8958085205459826,0.6487093226552366,0.5483943916779738,0.007320702207461077,0.2815541444979358,0.010094243474154064,0.04232488825972103,"[[2162, 943], [1150, 1703]]","[[210, 135], [164, 153]]"
disclosure_x_bias,102,init_easy,Hostility,log_loss,0.6144135657517702,0.895973442102272,0.6482051209745643,0.5513794663048394,0.007317300816056144,0.2816965039758504,0.010125168197938723,0.041327834323559444,"[[2170, 935], [1161, 1692]]","[[212, 133], [164, 153]]"
disclosure_x_bias,103,init_easy,Hostility,log_loss,0.6142664310772676,0.8957661703213311,0.6482051209745643,0.5513794663048394,0.0073183577714725405,0.2818689249419825,0.010278473537658801,0.041327834323559444,"[[2173, 932], [1164, 1689]]","[[212, 133], [164, 153]]"
disclosure_x_bias,104,init_easy,Hostility,log_loss,0.6141035505725663,0.8958629335678083,0.648540691444363,0.5513794663048394,0.007326640063966285,0.2818552335191513,0.01006752722174236,0.041327834323559444,"[[2172, 933], [1161, 1692]]","[[212, 133], [164, 153]]"
disclosure_x_bias,105,init_easy,Hostility,log_loss,0.6139486957210514,0.8959490692220278,0.6490440471490609,0.5528946178199909,0.007335462398628238,0.2817019478826734,0.009956907966950085,0.04011193210880474,"[[2172, 933], [1158, 1695]]","[[213, 132], [164, 153]]"
disclosure_x_bias,106,init_easy,Hostility,log_loss,0.6137966903841259,0.8959022620297421,0.6490440471490609,0.5513794663048394,0.007336130828564749,0.28170687595738353,0.010447467415181632,0.041327834323559444,"[[2171, 934], [1157, 1696]]","[[212, 133], [164, 153]]"
disclosure_x_bias,107,init_easy,Hostility,log_loss,0.6136026266021501,0.8957723630618597,0.6492118323839604,0.5528946178199909,0.007350652852520264,0.2818022429110057,0.010007663384151187,0.041364205571509154,"[[2167, 938], [1152, 1701]]","[[212, 133], [163, 154]]"
disclosure_x_bias,108,init_easy,Hostility,log_loss,0.6134457429877862,0.8957433015692488,0.6497151880886582,0.5544097693351425,0.007343958017317654,0.2816949060224929,0.010562966563683236,0.040085822804762486,"[[2173, 932], [1155, 1698]]","[[213, 132], [163, 154]]"
disclosure_x_bias,109,init_easy,Hostility,log_loss,0.6133033843928224,0.8956922137568469,0.6502185437933563,0.5544097693351425,0.0073433686411434,0.2815113173466674,0.010150992085856398,0.040085822804762486,"[[2172, 933], [1151, 1702]]","[[213, 132], [163, 154]]"
disclosure_x_bias,110,init_easy,Hostility,log_loss,0.6131597697650879,0.8958845688286494,0.6493796176188595,0.5544097693351425,0.007346739432982503,0.2814352953671958,0.010270504317365035,0.040085822804762486,"[[2175, 930], [1159, 1694]]","[[213, 132], [163, 154]]"
disclosure_x_bias,111,init_easy,Hostility,log_loss,0.6130227176498273,0.896044338508311,0.6507218994980543,0.5544097693351425,0.007348440592267726,0.28130164386246687,0.010557590103969679,0.040085822804762486,"[[2173, 932], [1149, 1704]]","[[212, 133], [162, 155]]"
disclosure_x_bias,112,init_easy,Hostility,log_loss,0.6128844449394423,0.8960925560230002,0.6503863290282557,0.5544097693351425,0.007348548076452295,0.2813994338797404,0.010148518848474012,0.040085822804762486,"[[2171, 934], [1149, 1704]]","[[212, 133], [162, 155]]"
disclosure_x_bias,113,init_easy,Hostility,log_loss,0.6127405378083364,0.8963763277374923,0.6512252552027522,0.5544097693351425,0.007341072729122259,0.2813352516501347,0.009774816450831923,0.040085822804762486,"[[2177, 928], [1150, 1703]]","[[212, 133], [162, 155]]"
disclosure_x_bias,114,init_easy,Hostility,log_loss,0.6126061959434921,0.8961519092884256,0.650050758558457,0.5544097693351425,0.007339631785034838,0.28153976937749065,0.010807100901452772,0.040085822804762486,"[[2174, 931], [1154, 1699]]","[[212, 133], [162, 155]]"
disclosure_x_bias,115,init_easy,Hostility,log_loss,0.6124695663166221,0.8961022407652145,0.6515608256725509,0.5544097693351425,0.007337856171912063,0.28159553687492583,0.010967353564904954,0.04133888720074022,"[[2176, 929], [1147, 1706]]","[[212, 133], [162, 155]]"
disclosure_x_bias,116,init_easy,Hostility,log_loss,0.6123205645865586,0.8962550417999708,0.6513930404376516,0.5528946178199909,0.007336086492682621,0.28147815163792445,0.011102853584599537,0.041364205571509154,"[[2176, 929], [1148, 1705]]","[[211, 134], [162, 155]]"
disclosure_x_bias,117,init_easy,Hostility,log_loss,0.6121640079561314,0.896205750571502,0.651057469967853,0.5544097693351425,0.0073507685080237,0.28146609591762645,0.010322073311793986,0.040085822804762486,"[[2181, 924], [1155, 1698]]","[[213, 132], [163, 154]]"
disclosure_x_bias,118,init_easy,Hostility,log_loss,0.61202162226889,0.8963215586314632,0.6518963961423496,0.555924920850294,0.007355825015609678,0.2817133106419538,0.010594212837225865,0.03999597182361288,"[[2178, 927], [1147, 1706]]","[[213, 132], [162, 155]]"
disclosure_x_bias,119,init_easy,Hostility,log_loss,0.6118843651815558,0.8963023541833948,0.6517286109074503,0.5528946178199909,0.0073528012064107365,0.28147955305524885,0.010141056637341302,0.03236973694158581,"[[2176, 929], [1146, 1707]]","[[211, 134], [162, 155]]"
disclosure_x_bias,120,init_easy,Hostility,log_loss,0.6117415253032623,0.8965448577411955,0.6522319666121482,0.5498643147896879,0.00735825497444697,0.28115253845022964,0.010040598630421524,0.032197563945762224,"[[2178, 927], [1145, 1708]]","[[210, 135], [163, 154]]"
disclosure_x_bias,121,init_easy,Hostility,log_loss,0.6116103980647012,0.8963593854004053,0.6529031075517455,0.5513794663048394,0.007356096344616288,0.2814998009752193,0.009733045917481717,0.029862127342001468,"[[2177, 928], [1140, 1713]]","[[210, 135], [162, 155]]"
disclosure_x_bias,122,init_easy,Hostility,log_loss,0.6114813053250732,0.8964823872441627,0.653406745248435,0.5513794663048394,0.007355076089769465,0.28146214982652096,0.009315900814026973,0.029862127342001468,"[[2171, 934], [1131, 1722]]","[[209, 136], [161, 156]]"
disclosure_x_bias,123,init_easy,Hostility,log_loss,0.6113487373530304,0.8965508929997019,0.6532389600135355,0.5528946178199909,0.007350429878989468,0.2813786600395955,0.009576845968473881,0.029912443264909053,"[[2176, 929], [1137, 1716]]","[[210, 135], [161, 156]]"
disclosure_x_bias,124,init_easy,Hostility,log_loss,0.6112152054132246,0.8965156599614993,0.6532389600135355,0.5513794663048394,0.007342934133148326,0.2813789648937022,0.009378826900551694,0.031524229640874965,"[[2176, 929], [1137, 1716]]","[[209, 136], [161, 156]]"
disclosure_x_bias,125,init_easy,Hostility,log_loss,0.6110890629665585,0.8965949168265175,0.6537423157182336,0.5544097693351425,0.00733662879031692,0.28127837955205165,0.009643854046672458,0.03944436572445375,"[[2179, 926], [1137, 1716]]","[[211, 134], [161, 156]]"
disclosure_x_bias,126,init_easy,Hostility,log_loss,0.6109387911584341,0.8964621505288074,0.6530711747786363,0.555924920850294,0.007350786707810795,0.2813934524200961,0.010048013326291372,0.039353050194170236,"[[2176, 929], [1138, 1715]]","[[212, 133], [161, 156]]"
disclosure_x_bias,127,init_easy,Hostility,log_loss,0.6107895642569483,0.8970187463463384,0.6532389600135355,0.5544097693351425,0.007335710818205846,0.2814396833059271,0.010481331242982901,0.03944436572445375,"[[2175, 930], [1136, 1717]]","[[211, 134], [161, 156]]"
disclosure_x_bias,128,init_easy,Hostility,log_loss,0.6106635695702858,0.8969538494572703,0.6534067452484349,0.5528946178199909,0.007335977331205822,0.2815051850522397,0.010779104226146656,0.03236973694158582,"[[2173, 932], [1133, 1720]]","[[209, 136], [160, 157]]"
disclosure_x_bias,129,init_easy,Hostility,log_loss,0.6105391893603253,0.8969219906918818,0.6534067452484349,0.5498643147896879,0.007330984670066744,0.2814395569733442,0.01120593814017998,0.03139534872415173,"[[2171, 934], [1131, 1722]]","[[208, 137], [161, 156]]"
disclosure_x_bias,130,init_easy,Hostility,log_loss,0.6104101285219129,0.8973331864246594,0.653910100953133,0.5513794663048394,0.007329390481841016,0.2812079051405502,0.011030346004230057,0.031524229640874986,"[[2169, 936], [1126, 1727]]","[[208, 137], [160, 157]]"
disclosure_x_bias,131,init_easy,Hostility,log_loss,0.6102622809410597,0.897300438398078,0.6547490271276295,0.5468340117593848,0.007324402609669196,0.2812869209527644,0.010876074314138354,0.03170426307932876,"[[2171, 934], [1123, 1730]]","[[207, 138], [162, 155]]"
disclosure_x_bias,132,init_easy,Hostility,log_loss,0.610138929963382,0.8975221899711181,0.6547490271276295,0.5483491632745364,0.007319789230687005,0.2812955506312598,0.011018937322376528,0.03277937878269265,"[[2167, 938], [1119, 1734]]","[[207, 138], [161, 156]]"
disclosure_x_bias,133,init_easy,Hostility,log_loss,0.6100071974988575,0.8974299164609411,0.654916812362529,0.5483491632745363,0.007311271916393882,0.2811999971246415,0.009920042480285914,0.03199175629515963,"[[2170, 935], [1121, 1732]]","[[208, 137], [162, 155]]"
disclosure_x_bias,134,init_easy,Hostility,log_loss,0.6098705125188991,0.8975113131068939,0.6552523828323276,0.5483491632745363,0.007316299093782202,0.2811158452700348,0.010506219691523965,0.030355264218717933,"[[2167, 938], [1116, 1737]]","[[208, 137], [162, 155]]"
disclosure_x_bias,135,init_easy,Hostility,log_loss,0.6097365926356335,0.8975218434153748,0.654916812362529,0.5483491632745363,0.00731238045510957,0.28123649654148686,0.010138364016427941,0.03199175629515963,"[[2167, 938], [1118, 1735]]","[[208, 137], [162, 155]]"
disclosure_x_bias,136,init_easy,Hostility,log_loss,0.6096057521902745,0.8974012516237279,0.6554204500592183,0.5483491632745364,0.0073130169544669,0.2811046828429546,0.009654751370110605,0.03503617103751925,"[[2166, 939], [1114, 1739]]","[[207, 138], [161, 156]]"
disclosure_x_bias,137,init_easy,Hostility,log_loss,0.6094802027587016,0.8976826174390057,0.6545815238847217,0.5498643147896879,0.007313691005142515,0.2809539644826843,0.009986104217610016,0.03139534872415173,"[[2167, 938], [1120, 1733]]","[[208, 137], [161, 156]]"
disclosure_x_bias,138,init_easy,Hostility,log_loss,0.6093495601188006,0.8976626544180913,0.6545815238847217,0.5498643147896879,0.00730755535578233,0.28101193302600874,0.009667797214948369,0.03374482966473764,"[[2167, 938], [1120, 1733]]","[[208, 137], [161, 156]]"
disclosure_x_bias,139,init_easy,Hostility,log_loss,0.6092247944634848,0.8974928577020924,0.6545815238847217,0.5528946178199909,0.007301825369850971,0.2810082835801676,0.009570240887913004,0.032369736941585826,"[[2163, 942], [1116, 1737]]","[[209, 136], [160, 157]]"
disclosure_x_bias,140,init_easy,Hostility,log_loss,0.6090966908440552,0.897714842811822,0.6555879533021262,0.5498643147896879,0.007301320182677696,0.28109266521218634,0.009725098201024403,0.03374482966473764,"[[2166, 939], [1113, 1740]]","[[208, 137], [161, 156]]"
disclosure_x_bias,141,init_easy,Hostility,log_loss,0.608974276323508,0.8975900205717936,0.6544137386498223,0.5498643147896879,0.00729964999664986,0.2812088903589807,0.01046276510513827,0.030572090523559872,"[[2168, 937], [1122, 1731]]","[[209, 136], [162, 155]]"
disclosure_x_bias,142,init_easy,Hostility,log_loss,0.6088403193668188,0.8976582816214643,0.6554201680672269,0.5498643147896879,0.007310376033088758,0.28121212962068404,0.010651681969654117,0.03374482966473764,"[[2167, 938], [1115, 1738]]","[[208, 137], [161, 156]]"
disclosure_x_bias,143,init_easy,Hostility,log_loss,0.6087082459338533,0.8977097493554445,0.655252664824319,0.5498643147896879,0.007319036744204702,0.28105934775845887,0.010933422726956854,0.03374482966473764,"[[2168, 937], [1117, 1736]]","[[208, 137], [161, 156]]"
disclosure_x_bias,144,init_easy,Hostility,log_loss,0.6085878240895053,0.8979629548496348,0.6552523828323276,0.5498643147896879,0.007315911750850456,0.2811725073547744,0.010565597337476343,0.03374482966473764,"[[2166, 939], [1115, 1738]]","[[208, 137], [161, 156]]"
disclosure_x_bias,145,init_easy,Hostility,log_loss,0.6084683938689818,0.8979754289190914,0.6562599402176978,0.5498643147896879,0.007311193174041965,0.28121687769810627,0.010857033509671685,0.03374482966473764,"[[2165, 940], [1108, 1745]]","[[208, 137], [161, 156]]"
disclosure_x_bias,146,init_easy,Hostility,log_loss,0.6083316717244639,0.8979763020113871,0.6562596582257064,0.5468340117593848,0.007319243411588753,0.281111275898668,0.01148319785617619,0.034773856667397504,"[[2164, 941], [1107, 1746]]","[[206, 139], [161, 156]]"
disclosure_x_bias,147,init_easy,Hostility,log_loss,0.608213560143033,0.8980761604646906,0.6560918729908071,0.5453188602442334,0.007319473684179618,0.2807711290842596,0.010998472559558,0.03368667705927253,"[[2169, 936], [1113, 1740]]","[[207, 138], [163, 154]]"
disclosure_x_bias,148,init_easy,Hostility,log_loss,0.6080929815087383,0.8979776785662998,0.6560918729908071,0.5468340117593848,0.007311493562897754,0.2807733302496568,0.011139765970214672,0.034773856667397504,"[[2166, 939], [1110, 1743]]","[[207, 138], [162, 155]]"
disclosure_x_bias,149,init_easy,Hostility,log_loss,0.6079606674190428,0.8982214449361253,0.6565955106874964,0.5468340117593848,0.007314027413573785,0.2805949893345314,0.01121244897561441,0.034773856667397504,"[[2164, 941], [1105, 1748]]","[[206, 139], [161, 156]]"
disclosure_x_bias,150,init_easy,Hostility,log_loss,0.6078406919347655,0.8982767783019365,0.6574347188539845,0.5468340117593848,0.0073100795122461315,0.2805527779276415,0.011302394759002913,0.034773856667397504,"[[2168, 937], [1104, 1749]]","[[206, 139], [161, 156]]"
disclosure_x_bias,151,init_easy,Hostility,log_loss,0.6077237684480419,0.8981464419643854,0.6569313631492866,0.5468340117593848,0.007303646048570079,0.28055230459238434,0.010662797894473572,0.032498853824921924,"[[2162, 943], [1101, 1752]]","[[205, 140], [160, 157]]"
disclosure_x_bias,152,init_easy,Hostility,log_loss,0.6076038556475626,0.898401067729351,0.6565957926794879,0.5483491632745364,0.007301651164911664,0.2804665307507269,0.011368772065908727,0.0357567963260225,"[[2163, 942], [1104, 1749]]","[[206, 139], [160, 157]]"
disclosure_x_bias,153,init_easy,Hostility,log_loss,0.6074629501943252,0.8983839270882946,0.6570991483841858,0.5468340117593848,0.007314683567797409,0.2804526372717849,0.011397809495755628,0.034773856667397476,"[[2172, 933], [1110, 1743]]","[[206, 139], [161, 156]]"
disclosure_x_bias,154,init_easy,Hostility,log_loss,0.6073531350907285,0.8984085003054506,0.6579380745586826,0.5453188602442334,0.0073089956932435324,0.28055209725849867,0.010663192314340769,0.03368667705927253,"[[2176, 929], [1109, 1744]]","[[206, 139], [162, 155]]"
disclosure_x_bias,155,init_easy,Hostility,log_loss,0.6072337154800345,0.8985877242793773,0.6574347188539845,0.5468340117593848,0.007309753847051643,0.28055488751699786,0.011357610760166859,0.034773856667397504,"[[2167, 938], [1103, 1750]]","[[206, 139], [161, 156]]"
disclosure_x_bias,156,init_easy,Hostility,log_loss,0.6071120722994444,0.8985072007302419,0.6582736450284812,0.5453188602442334,0.007312719403538146,0.2804575277557461,0.009401629158485029,0.028787167212381174,"[[2170, 935], [1101, 1752]]","[[206, 139], [162, 155]]"
disclosure_x_bias,157,init_easy,Hostility,log_loss,0.6069984012037982,0.8983524704937549,0.6564277254525972,0.5498643147896879,0.007307944608843511,0.28043773969240676,0.010633438294591064,0.034492444558664015,"[[2169, 936], [1111, 1742]]","[[208, 137], [161, 156]]"
disclosure_x_bias,158,init_easy,Hostility,log_loss,0.6068827050180252,0.8984551360230688,0.6564277254525972,0.5468340117593848,0.007306808998565591,0.2803767894633738,0.010808496409688045,0.034773856667397476,"[[2170, 935], [1112, 1741]]","[[207, 138], [162, 155]]"
disclosure_x_bias,159,init_easy,Hostility,log_loss,0.6067594823878617,0.8983459140074931,0.6564277254525972,0.5468340117593848,0.007304182678708372,0.28047942146840127,0.0114274554665757,0.034773856667397476,"[[2170, 935], [1112, 1741]]","[[207, 138], [162, 155]]"
disclosure_x_bias,160,init_easy,Hostility,log_loss,0.6066420495319477,0.8984568131337977,0.6569313631492866,0.5453188602442334,0.007300593668517863,0.2803618857956853,0.011400034759726113,0.03368667705927253,"[[2173, 932], [1112, 1741]]","[[207, 138], [163, 154]]"
disclosure_x_bias,161,init_easy,Hostility,log_loss,0.6065134010771406,0.8987715261927148,0.6569313631492866,0.5438037087290819,0.007285974120780093,0.2806124942471841,0.010952225043067518,0.03003691374330314,"[[2173, 932], [1112, 1741]]","[[206, 139], [163, 154]]"
disclosure_x_bias,162,init_easy,Hostility,log_loss,0.6064005010177153,0.8986608393166214,0.6579380745586826,0.5422885572139303,0.007283117863620673,0.2807671571007422,0.008834286385196425,0.026749838231788774,"[[2169, 936], [1102, 1751]]","[[205, 140], [163, 154]]"
disclosure_x_bias,163,init_easy,Hostility,log_loss,0.6062804661979516,0.8987176810353692,0.6579380745586826,0.5422885572139303,0.007281404315319852,0.2806054433289564,0.008834286385196425,0.026749838231788774,"[[2168, 937], [1101, 1752]]","[[205, 140], [163, 154]]"
disclosure_x_bias,164,init_easy,Hostility,log_loss,0.6061634057017746,0.8988267279437026,0.6584419942473634,0.5422885572139303,0.007274869675679138,0.2805756294759822,0.009009187862201003,0.026749838231788774,"[[2170, 935], [1100, 1753]]","[[205, 140], [163, 154]]"
disclosure_x_bias,165,init_easy,Hostility,log_loss,0.6060534441413178,0.8990457700635055,0.658274209012464,0.5453188602442334,0.007270519845532482,0.2806305907493814,0.009005070124857392,0.03368667705927253,"[[2168, 937], [1099, 1754]]","[[205, 140], [161, 156]]"
disclosure_x_bias,166,init_easy,Hostility,log_loss,0.6059467161359249,0.8989275126391127,0.6584419942473634,0.5438037087290819,0.007265936351349313,0.2806743450669674,0.009009187862201003,0.025438949950240927,"[[2171, 934], [1101, 1752]]","[[206, 139], [163, 154]]"
disclosure_x_bias,167,init_easy,Hostility,log_loss,0.605836990310882,0.8989195095453134,0.658274209012464,0.5438037087290819,0.007263056967229896,0.28071415394439714,0.009005070124857392,0.025438949950240927,"[[2172, 933], [1103, 1750]]","[[206, 139], [163, 154]]"
disclosure_x_bias,168,init_easy,Hostility,log_loss,0.6057222797466328,0.8990483035784871,0.6584419942473634,0.5438037087290819,0.007267893698899369,0.28065018912251605,0.009009187862201003,0.025438949950240927,"[[2171, 934], [1101, 1752]]","[[206, 139], [163, 154]]"
disclosure_x_bias,169,init_easy,Hostility,log_loss,0.6056103893417992,0.8990988397419428,0.6579386385426653,0.5468340117593848,0.007265236454541953,0.28072821573988666,0.008594979979796562,0.03249885382492192,"[[2169, 936], [1102, 1751]]","[[206, 139], [161, 156]]"
disclosure_x_bias,170,init_easy,Hostility,log_loss,0.6054990566452993,0.8994128642434038,0.6586097794822627,0.5438037087290819,0.007264238618302923,0.2807855236839357,0.009079002096366418,0.028287555252476754,"[[2169, 936], [1098, 1755]]","[[205, 140], [162, 155]]"
disclosure_x_bias,171,init_easy,Hostility,log_loss,0.6053864599317713,0.8993675083325027,0.6581064237775648,0.5422885572139303,0.007262041512665126,0.28062850692487434,0.008786408000590983,0.026749838231788774,"[[2172, 933], [1104, 1749]]","[[205, 140], [163, 154]]"
disclosure_x_bias,172,init_easy,Hostility,log_loss,0.6052823667358368,0.8995942241047825,0.6581064237775648,0.5468340117593848,0.0072588241093510504,0.28074505745809397,0.008678950006548473,0.034773856667397504,"[[2167, 938], [1099, 1754]]","[[205, 140], [160, 157]]"
disclosure_x_bias,173,init_easy,Hostility,log_loss,0.6051649079872892,0.8996393794440565,0.658274209012464,0.5453188602442334,0.007261027763422584,0.28072832065325204,0.008865037967846337,0.037280936468220456,"[[2166, 939], [1097, 1756]]","[[204, 141], [160, 157]]"
disclosure_x_bias,174,init_easy,Hostility,log_loss,0.6050584059659527,0.8996766449190667,0.658274209012464,0.5498417005879692,0.0072595741816738535,0.2807386144558539,0.008430998091841259,0.036245360125381605,"[[2163, 942], [1094, 1759]]","[[205, 140], [158, 159]]"
disclosure_x_bias,175,init_easy,Hostility,log_loss,0.6049451938401813,0.899522428057978,0.658441712255372,0.5468113975576662,0.007256553962037819,0.2809225498136455,0.008811166585686946,0.040486509327259404,"[[2161, 944], [1091, 1762]]","[[204, 141], [159, 158]]"
disclosure_x_bias,176,init_easy,Hostility,log_loss,0.6048399180294934,0.8996248616757019,0.65928092042186,0.5468113975576662,0.007252706244456566,0.2807250324591348,0.00951979308347176,0.037203244816205135,"[[2169, 936], [1094, 1759]]","[[205, 140], [160, 157]]"
disclosure_x_bias,177,init_easy,Hostility,log_loss,0.6047323636544844,0.8995319299558769,0.6589453499520614,0.5468113975576662,0.007246869417548927,0.28074044198205084,0.00934278103211762,0.035086120008679104,"[[2172, 933], [1099, 1754]]","[[205, 140], [160, 157]]"
disclosure_x_bias,178,init_easy,Hostility,log_loss,0.6046264075330094,0.8997009750322558,0.6589450679600699,0.5468340117593848,0.00724053989881077,0.2805522896181672,0.009420451238091234,0.034773856667397476,"[[2168, 937], [1095, 1758]]","[[205, 140], [160, 157]]"
disclosure_x_bias,179,init_easy,Hostility,log_loss,0.6045126946708141,0.899554452491811,0.6589453499520614,0.5513342379014021,0.00723944332687293,0.28077351560554614,0.009173852526953628,0.03732903870147658,"[[2164, 941], [1091, 1762]]","[[206, 139], [158, 159]]"
disclosure_x_bias,180,init_easy,Hostility,log_loss,0.6044075109306078,0.8996582538197238,0.6589450679600699,0.5468113975576662,0.007238036354782598,0.28065994780872056,0.009586132427294065,0.035086120008679104,"[[2172, 933], [1099, 1754]]","[[206, 139], [161, 156]]"
disclosure_x_bias,181,init_easy,Hostility,log_loss,0.6043023958011176,0.8995606044241914,0.6594487056567593,0.5468340117593848,0.007231471600868242,0.28073999636904573,0.009795695834276157,0.03621120700260367,"[[2168, 937], [1092, 1761]]","[[204, 141], [159, 158]]"
disclosure_x_bias,182,init_easy,Hostility,log_loss,0.6041862086297595,0.8995804912995314,0.65928092042186,0.5483265490728177,0.007227435453675083,0.28073916189242215,0.009779122655770333,0.0367621345661955,"[[2168, 937], [1093, 1760]]","[[205, 140], [159, 158]]"
disclosure_x_bias,183,init_easy,Hostility,log_loss,0.6040725396767848,0.8994739013966534,0.6591134171789521,0.5513116236996833,0.00721435515566582,0.2805897939898013,0.00945455922382762,0.03956666079337159,"[[2168, 937], [1094, 1759]]","[[205, 140], [157, 160]]"
disclosure_x_bias,184,init_easy,Hostility,log_loss,0.6039722165883487,0.8996316536844914,0.6592812024138515,0.5482813206693804,0.007209670522881248,0.2805482073485137,0.00924101615414254,0.03863584870447795,"[[2172, 933], [1097, 1756]]","[[205, 140], [159, 158]]"
disclosure_x_bias,185,init_easy,Hostility,log_loss,0.6038584716571196,0.8998712832550304,0.6591134171789521,0.5513116236996833,0.007200456796320427,0.28048963245188085,0.009651024546141572,0.03956666079337159,"[[2169, 936], [1095, 1758]]","[[205, 140], [157, 160]]"
disclosure_x_bias,186,init_easy,Hostility,log_loss,0.6037567072508179,0.899849681820417,0.6601204105803395,0.5467661691542288,0.007196161116218525,0.28056969665902975,0.009646252671901251,0.04096643767172271,"[[2176, 929], [1096, 1757]]","[[204, 141], [159, 158]]"
disclosure_x_bias,187,init_easy,Hostility,log_loss,0.6036535932988404,0.8998576435265135,0.6597848401105408,0.5497964721845319,0.007193220906897301,0.2804603703676599,0.009169587298881487,0.04196717642681755,"[[2168, 937], [1090, 1763]]","[[204, 141], [157, 160]]"
disclosure_x_bias,188,init_easy,Hostility,log_loss,0.6035310020767755,0.8992672810273241,0.6602890417912131,0.5497964721845319,0.0071385789533778745,0.2786931890632612,0.009647738102383275,0.04196717642681755,"[[2168, 937], [1087, 1766]]","[[204, 141], [157, 160]]"
disclosure_x_bias,189,init_easy,Hostility,log_loss,0.6034177985316367,0.8994095872060418,0.6606243302690203,0.5482813206693804,0.007127436936346406,0.2787645265784299,0.009486108620919127,0.04119210622481848,"[[2172, 933], [1089, 1764]]","[[204, 141], [158, 159]]"
disclosure_x_bias,190,init_easy,Hostility,log_loss,0.6033080412244106,0.8992266606505808,0.6606243302690203,0.5482813206693804,0.007122266844667155,0.2788663320726102,0.009999790792653824,0.04119210622481848,"[[2171, 934], [1088, 1765]]","[[204, 141], [158, 159]]"
disclosure_x_bias,191,init_easy,Hostility,log_loss,0.6031960900824027,0.8995064280193951,0.6604565450341211,0.5467661691542288,0.007128741276630033,0.2789419042800373,0.009879643107681118,0.04096643767172271,"[[2175, 930], [1093, 1760]]","[[204, 141], [159, 158]]"
disclosure_x_bias,192,init_easy,Hostility,log_loss,0.6030752467345872,0.8996352149165135,0.6606243302690203,0.5482813206693804,0.007146239904786327,0.278798977857924,0.009905504710016699,0.04119210622481848,"[[2169, 936], [1086, 1767]]","[[204, 141], [158, 159]]"
disclosure_x_bias,193,init_easy,Hostility,log_loss,0.6029585313840082,0.8995666091151767,0.6609601827308105,0.5467661691542288,0.007160708131875891,0.2789017970793247,0.010186185604594522,0.04096643767172271,"[[2172, 933], [1087, 1766]]","[[204, 141], [159, 158]]"
disclosure_x_bias,194,init_easy,Hostility,log_loss,0.6028541876311426,0.8997249013309411,0.6606246122610118,0.5482813206693804,0.007158095060918886,0.27867484933603787,0.010328431638594123,0.04119210622481848,"[[2169, 936], [1086, 1767]]","[[204, 141], [158, 159]]"
disclosure_x_bias,195,init_easy,Hostility,log_loss,0.6027559571253462,0.8994614645208368,0.6611279679657097,0.5467661691542288,0.00715382175269517,0.27899533770823576,0.010563590193058952,0.04096643767172271,"[[2173, 932], [1087, 1766]]","[[204, 141], [159, 158]]"
disclosure_x_bias,196,init_easy,Hostility,log_loss,0.60265574005892,0.899675665112523,0.6607923974959111,0.5482813206693804,0.007149171095955445,0.2788630198217931,0.010440416811019643,0.04119210622481848,"[[2169, 936], [1085, 1768]]","[[204, 141], [158, 159]]"
disclosure_x_bias,197,init_easy,Hostility,log_loss,0.6025543854511588,0.8998010156028403,0.6609599007388189,0.5467661691542288,0.007142825690510849,0.2789104811063256,0.009263754596261022,0.04096643767172271,"[[2166, 939], [1081, 1772]]","[[204, 141], [159, 158]]"
disclosure_x_bias,198,init_easy,Hostility,log_loss,0.602456188129121,0.8998836526273155,0.6612951892166262,0.5482813206693804,0.007139909730220781,0.2787294071499788,0.009733383879397768,0.04119210622481848,"[[2171, 934], [1084, 1769]]","[[204, 141], [158, 159]]"
disclosure_x_bias,199,init_easy,Hostility,log_loss,0.6023460880548094,0.9000958716150921,0.6616318876543905,0.5513116236996833,0.007126722603316811,0.278823547068118,0.0099323452883718,0.042066393432990484,"[[2165, 940], [1076, 1777]]","[[204, 141], [156, 161]]"
disclosure_x_bias,200,init_easy,Hostility,log_loss,0.60224190190006,0.9001708658589933,0.6617993908972986,0.5497964721845319,0.0071205744486176935,0.2787373943142391,0.010039877093568366,0.041354911373490774,"[[2167, 938], [1077, 1776]]","[[204, 141], [157, 160]]"
disclosure_x_bias,201,init_easy,Hostility,log_loss,0.6021337803122837,0.9003157312371608,0.6616318876543906,0.5513116236996833,0.007120074129588639,0.27883220710327383,0.010088581176520504,0.042066393432990484,"[[2165, 940], [1076, 1777]]","[[204, 141], [156, 161]]"
disclosure_x_bias,202,init_easy,Hostility,log_loss,0.6020196626815542,0.9002459026434545,0.6617999548812814,0.5513116236996833,0.007119589605398334,0.2788597207326106,0.010327748125342248,0.042066393432990484,"[[2163, 942], [1073, 1780]]","[[204, 141], [156, 161]]"
disclosure_x_bias,203,init_easy,Hostility,log_loss,0.6019187185296748,0.9004091737622361,0.6619671761321978,0.5513116236996833,0.007122291520285074,0.27872482558055595,0.010196345750757911,0.042066393432990484,"[[2164, 941], [1073, 1780]]","[[204, 141], [156, 161]]"
disclosure_x_bias,204,init_easy,Hostility,log_loss,0.6018226879582194,0.9005242220811395,0.6612954712086176,0.5513116236996833,0.007116617385269558,0.2788063335761602,0.01049884736363596,0.042066393432990484,"[[2161, 944], [1074, 1779]]","[[204, 141], [156, 161]]"
disclosure_x_bias,205,init_easy,Hostility,log_loss,0.6017260873400364,0.9006353834858487,0.6614638204274998,0.5513116236996833,0.007111117294269245,0.27883854487332066,0.01027723784004676,0.042066393432990484,"[[2162, 943], [1074, 1779]]","[[204, 141], [156, 161]]"
disclosure_x_bias,206,init_easy,Hostility,log_loss,0.6016301493365327,0.9007187192491986,0.6623030285939879,0.5497964721845319,0.007107313415312747,0.2787171549351028,0.010480011756841634,0.041354911373490774,"[[2166, 939], [1073, 1780]]","[[204, 141], [157, 160]]"
disclosure_x_bias,207,init_easy,Hostility,log_loss,0.6015281033826633,0.9007133389749772,0.6619671761321978,0.5497964721845319,0.007104806279047784,0.2787186575372236,0.010675908663807857,0.041354911373490774,"[[2168, 937], [1077, 1776]]","[[204, 141], [157, 160]]"
disclosure_x_bias,208,init_easy,Hostility,log_loss,0.601434222601398,0.9006958286729088,0.6624708138288873,0.5513116236996833,0.007101475315338681,0.2786378301796861,0.009856059076524456,0.04020616680147565,"[[2171, 934], [1077, 1776]]","[[205, 140], [157, 160]]"
disclosure_x_bias,209,init_easy,Hostility,log_loss,0.6013321327831466,0.9007520261133518,0.6624705318368959,0.5513116236996833,0.007098733842354074,0.2787371312100946,0.009835725618967853,0.04020616680147565,"[[2171, 934], [1077, 1776]]","[[205, 140], [157, 160]]"
disclosure_x_bias,210,init_easy,Hostility,log_loss,0.6012327751458607,0.9007699295637707,0.6624705318368959,0.5513116236996833,0.007096697708606609,0.2786449917435845,0.009545214583317425,0.04020616680147565,"[[2171, 934], [1077, 1776]]","[[205, 140], [157, 160]]"
disclosure_x_bias,211,init_easy,Hostility,log_loss,0.6011289808887765,0.9007971052675037,0.6626385990637866,0.5513116236996833,0.0070938627448932715,0.278606963175265,0.009907256869291165,0.04020616680147565,"[[2170, 935], [1075, 1778]]","[[205, 140], [157, 160]]"
disclosure_x_bias,212,init_easy,Hostility,log_loss,0.6010291858681628,0.9006886944347045,0.6626385990637866,0.5497964721845319,0.007096593905265241,0.27844451847164453,0.009781656992098034,0.04010234768250568,"[[2174, 931], [1079, 1774]]","[[204, 141], [157, 160]]"
disclosure_x_bias,213,init_easy,Hostility,log_loss,0.6009327169112052,0.9008893977882245,0.6626385990637866,0.5513116236996833,0.0070965037853288546,0.2785081811624706,0.009454912714365457,0.04020616680147565,"[[2169, 936], [1074, 1779]]","[[205, 140], [157, 160]]"
disclosure_x_bias,214,init_easy,Hostility,log_loss,0.6008380606500109,0.9009150823925047,0.6634772432462918,0.5482813206693804,0.0070916780689685216,0.2785081401284523,0.009284797570241624,0.04119210622481848,"[[2175, 930], [1075, 1778]]","[[204, 141], [158, 159]]"
disclosure_x_bias,215,init_easy,Hostility,log_loss,0.600746449398699,0.9009518252032931,0.6638133777000733,0.5482813206693804,0.007088145124992093,0.2782162881429732,0.009089350093629916,0.04119210622481848,"[[2173, 932], [1071, 1782]]","[[204, 141], [158, 159]]"
disclosure_x_bias,216,init_easy,Hostility,log_loss,0.6006526403800249,0.9007868844689296,0.6643172973887541,0.5482813206693804,0.007084419272465269,0.2783402964765888,0.009104646721212174,0.04119210622481848,"[[2175, 930], [1070, 1783]]","[[204, 141], [158, 159]]"
disclosure_x_bias,217,init_easy,Hostility,log_loss,0.600557165096444,0.9010968323439673,0.6643172973887541,0.5467661691542288,0.007082385844861416,0.27816728494093995,0.008646492070533193,0.042793628300276276,"[[2172, 933], [1067, 1786]]","[[203, 142], [158, 159]]"
disclosure_x_bias,218,init_easy,Hostility,log_loss,0.6004615910743926,0.9010238017385446,0.6653237268061587,0.5482813206693804,0.007081567794125595,0.2780966749548672,0.00804378589242262,0.04119210622481848,"[[2175, 930], [1064, 1789]]","[[204, 141], [158, 159]]"
disclosure_x_bias,219,init_easy,Hostility,log_loss,0.6003640706355388,0.9012241728062504,0.6649884383283514,0.5467661691542288,0.007077602620822933,0.27820972646990133,0.007501164339773031,0.040338986266151886,"[[2175, 930], [1066, 1787]]","[[203, 142], [158, 159]]"
disclosure_x_bias,220,init_easy,Hostility,log_loss,0.6002687995517098,0.9010217890927403,0.66465230387457,0.5482813206693804,0.0070804552760389385,0.2782072663377842,0.00829963107880596,0.04119210622481848,"[[2172, 933], [1065, 1788]]","[[204, 141], [158, 159]]"
disclosure_x_bias,221,init_easy,Hostility,log_loss,0.6001776618151948,0.901078891545555,0.6653242907901415,0.5482813206693804,0.007077043632630754,0.27811258489853125,0.008325270496286575,0.04056814529537153,"[[2176, 929], [1065, 1788]]","[[204, 141], [158, 159]]"
disclosure_x_bias,222,init_easy,Hostility,log_loss,0.6000837620279347,0.9008639932021252,0.6648200891094693,0.5482813206693804,0.007071872020864022,0.2782428622642145,0.008423723921964886,0.04119210622481848,"[[2178, 927], [1070, 1783]]","[[205, 140], [159, 158]]"
disclosure_x_bias,223,init_easy,Hostility,log_loss,0.5999880144902747,0.901020403665105,0.6648209350854436,0.5482813206693804,0.007074888066354241,0.2784350998512066,0.007519390440384417,0.04300971079683969,"[[2170, 935], [1062, 1791]]","[[203, 142], [157, 160]]"
disclosure_x_bias,224,init_easy,Hostility,log_loss,0.5998967191246779,0.9009167194913313,0.6651559415712593,0.5467661691542288,0.007072883685272339,0.27830342861895546,0.008424300572681372,0.042193357540871904,"[[2172, 933], [1062, 1791]]","[[203, 142], [158, 159]]"
disclosure_x_bias,225,init_easy,Hostility,log_loss,0.5998050571765198,0.9009161208790065,0.6659959957137217,0.5467661691542288,0.007070596773582687,0.27845467528272433,0.008340428765080416,0.042793628300276276,"[[2174, 931], [1059, 1794]]","[[202, 143], [157, 160]]"
disclosure_x_bias,226,init_easy,Hostility,log_loss,0.5997081412722841,0.9010821494472161,0.6656598612599403,0.5467661691542288,0.0070692171856748705,0.2785544001101357,0.008862989902797474,0.04096643767172271,"[[2180, 925], [1067, 1786]]","[[204, 141], [159, 158]]"
disclosure_x_bias,227,init_easy,Hostility,log_loss,0.5996038315824418,0.9011271767061206,0.6656598612599403,0.5482813206693804,0.00706475354303286,0.2784903717778963,0.008465873736119888,0.04300971079683969,"[[2174, 931], [1061, 1792]]","[[203, 142], [157, 160]]"
disclosure_x_bias,228,init_easy,Hostility,log_loss,0.5994968634606738,0.9013892035931491,0.6658276464948395,0.5452510176390774,0.007068491170261865,0.2785022403657747,0.00885298664039374,0.041912257164142735,"[[2179, 926], [1065, 1788]]","[[202, 143], [158, 159]]"
disclosure_x_bias,229,init_easy,Hostility,log_loss,0.5994004861494162,0.9014161077043518,0.6658273645028482,0.5452510176390774,0.007067711994354657,0.27835689603676433,0.00879472951631798,0.041912257164142735,"[[2180, 925], [1066, 1787]]","[[202, 143], [158, 159]]"
disclosure_x_bias,230,init_easy,Hostility,log_loss,0.5993037456212568,0.9014638968936757,0.6661632169646382,0.5452510176390774,0.007075088945667483,0.2783665905103944,0.009237988279049111,0.041912257164142735,"[[2180, 925], [1064, 1789]]","[[202, 143], [158, 159]]"
disclosure_x_bias,231,init_easy,Hostility,log_loss,0.5992001801683504,0.9015044933326035,0.6663318481755118,0.5452510176390774,0.007084047616360196,0.27813920117409874,0.008362368124403599,0.041912257164142735,"[[2180, 925], [1063, 1790]]","[[202, 143], [158, 159]]"
disclosure_x_bias,232,init_easy,Hostility,log_loss,0.5991080238282931,0.9014008608603643,0.6659951497377474,0.5452510176390774,0.007085032549069201,0.2782749032455117,0.009727503460634716,0.041912257164142735,"[[2178, 927], [1063, 1790]]","[[202, 143], [158, 159]]"
disclosure_x_bias,233,init_easy,Hostility,log_loss,0.5990184104451369,0.9013766511183847,0.6670029891151091,0.5452510176390774,0.007079931506300188,0.27820808940973796,0.009373466411537036,0.040044870994949765,"[[2185, 920], [1064, 1789]]","[[203, 142], [159, 158]]"
disclosure_x_bias,234,init_easy,Hostility,log_loss,0.5989248281713246,0.9015623628472442,0.6666665726693362,0.5437358661239258,0.0070748883508944,0.278080121827234,0.009030817683944033,0.041567940294914514,"[[2185, 920], [1066, 1787]]","[[202, 143], [159, 158]]"
disclosure_x_bias,235,init_easy,Hostility,log_loss,0.5988356700624847,0.9016238942909446,0.6663304382155546,0.5437358661239258,0.007072324785728421,0.278260585608889,0.009736960872246146,0.041567940294914514,"[[2181, 924], [1064, 1789]]","[[202, 143], [159, 158]]"
disclosure_x_bias,236,init_easy,Hostility,log_loss,0.5987469687182663,0.901870219117515,0.6670021431391349,0.5437358661239258,0.007069781690058625,0.2781138269337729,0.009441732916952043,0.041567940294914514,"[[2181, 924], [1060, 1793]]","[[202, 143], [159, 158]]"
disclosure_x_bias,237,init_easy,Hostility,log_loss,0.5986433214803843,0.9019285370285959,0.6673377136089335,0.5437358661239258,0.007072852097348272,0.2780964054012982,0.00923179180393285,0.041567940294914514,"[[2182, 923], [1059, 1794]]","[[202, 143], [159, 158]]"
disclosure_x_bias,238,init_easy,Hostility,log_loss,0.5985458478628704,0.9019159456945088,0.6668340759122441,0.5437358661239258,0.007074713129846706,0.27809173172720464,0.009808862893170374,0.041567940294914514,"[[2180, 925], [1060, 1793]]","[[202, 143], [159, 158]]"
disclosure_x_bias,239,init_easy,Hostility,log_loss,0.5984481245884348,0.9018620900350192,0.6671702103660256,0.5437358661239258,0.007073748477443601,0.2783020373023493,0.009225985656118468,0.041567940294914514,"[[2182, 923], [1060, 1793]]","[[202, 143], [159, 158]]"
disclosure_x_bias,240,init_easy,Hostility,log_loss,0.5983328221453191,0.9012934002904227,0.6673374316169421,0.5437358661239258,0.007032156277542022,0.2765346589167081,0.00967381944666241,0.041567940294914514,"[[2179, 926], [1056, 1797]]","[[202, 143], [159, 158]]"
disclosure_x_bias,241,init_easy,Hostility,log_loss,0.5982444198255552,0.901294202631504,0.6664982234504541,0.5437358661239258,0.007030505287714887,0.27643262750097275,0.009583804378781733,0.041567940294914514,"[[2178, 927], [1060, 1793]]","[[202, 143], [159, 158]]"
disclosure_x_bias,242,init_easy,Hostility,log_loss,0.5981560705433322,0.9013011620811376,0.6670018611471434,0.5452284034373587,0.007025043193082122,0.2763878274927432,0.009385712081601714,0.04389628269406333,"[[2175, 930], [1054, 1799]]","[[202, 143], [158, 159]]"
disclosure_x_bias,243,init_easy,Hostility,log_loss,0.598062187309408,0.9012652570292772,0.6680091365405223,0.542243328810493,0.007020221067013349,0.2762755764274293,0.009690500886860135,0.039666825421324284,"[[2187, 918], [1060, 1793]]","[[202, 143], [160, 157]]"
disclosure_x_bias,244,init_easy,Hostility,log_loss,0.59797177717494,0.9013633222313656,0.6675054988438329,0.5452284034373587,0.007018797411147609,0.27625096207672123,0.009014983210623604,0.04389628269406333,"[[2180, 925], [1056, 1797]]","[[202, 143], [158, 159]]"
disclosure_x_bias,245,init_easy,Hostility,log_loss,0.5978762458069374,0.9013491069008124,0.6681774857594045,0.542243328810493,0.007018462896041697,0.2762744727010208,0.00934951746246054,0.039666825421324284,"[[2189, 916], [1061, 1792]]","[[202, 143], [160, 157]]"
disclosure_x_bias,246,init_easy,Hostility,log_loss,0.5977852037016971,0.9012457360473627,0.6680094185325137,0.545273631840796,0.007019424366752118,0.27645059999332167,0.008940051486236956,0.04107199481478666,"[[2184, 921], [1057, 1796]]","[[202, 143], [158, 159]]"
disclosure_x_bias,247,init_easy,Hostility,log_loss,0.5976820545910471,0.9014947539622933,0.6680099825164966,0.5437584803256444,0.007020987810854603,0.27639654269298186,0.008916915649482096,0.040090223962921216,"[[2184, 921], [1057, 1796]]","[[202, 143], [159, 158]]"
disclosure_x_bias,248,init_easy,Hostility,log_loss,0.5975897789834967,0.9014677541050921,0.6676732840787322,0.5467435549525101,0.00701354666894291,0.2763434426048008,0.009070906232140812,0.044165618940857965,"[[2177, 928], [1052, 1801]]","[[202, 143], [157, 160]]"
disclosure_x_bias,249,init_easy,Hostility,log_loss,0.5975048866582768,0.9014734832877004,0.6686808414641024,0.542243328810493,0.007010356674776584,0.276242375641264,0.009159527914413539,0.039666825421324284,"[[2189, 916], [1058, 1795]]","[[202, 143], [160, 157]]"
disclosure_x_bias,250,init_easy,Hostility,log_loss,0.5974201480435335,0.9014488154850124,0.6685127742372117,0.5482587064676616,0.007008220804799432,0.27627782069360607,0.009240222633300658,0.04494701147772049,"[[2180, 925], [1050, 1803]]","[[202, 143], [156, 161]]"
disclosure_x_bias,251,init_easy,Hostility,log_loss,0.5973165414308598,0.9015327488106051,0.6688489086909932,0.542243328810493,0.007015301916829292,0.2765224724523739,0.008831624799286023,0.039666825421324284,"[[2191, 914], [1059, 1794]]","[[202, 143], [160, 157]]"
disclosure_x_bias,252,init_easy,Hostility,log_loss,0.5972245748089476,0.9014811749894955,0.6690166939258925,0.5452510176390774,0.007015974079616314,0.27633320630706965,0.009138539008952878,0.04251649683503552,"[[2190, 915], [1057, 1796]]","[[202, 143], [158, 159]]"
disclosure_x_bias,253,init_easy,Hostility,log_loss,0.5971390046263869,0.9013404760185567,0.669016975917884,0.5437358661239258,0.007013559925054237,0.27637983893706675,0.00795482317512427,0.041567940294914514,"[[2192, 913], [1059, 1794]]","[[202, 143], [159, 158]]"
disclosure_x_bias,254,init_easy,Hostility,log_loss,0.5970377466815534,0.9014019066635444,0.6688491906829845,0.5437358661239258,0.007001024178251592,0.2763514261124062,0.007763144211553361,0.041567940294914514,"[[2192, 913], [1060, 1793]]","[[202, 143], [159, 158]]"
disclosure_x_bias,255,init_easy,Hostility,log_loss,0.5969484476366678,0.9013835565148443,0.6695208956065648,0.5422207146087743,0.007000923136073774,0.27635492807010764,0.008156516974570262,0.038600358673922586,"[[2192, 913], [1056, 1797]]","[[202, 143], [160, 157]]"
disclosure_x_bias,256,init_easy,Hostility,log_loss,0.5968564756849198,0.901404399764089,0.6690172579098753,0.5437358661239258,0.006998911138580369,0.2765283576887808,0.007981803389242762,0.041567940294914514,"[[2192, 913], [1059, 1794]]","[[202, 143], [159, 158]]"
disclosure_x_bias,257,init_easy,Hostility,log_loss,0.5967683936412105,0.901548296660531,0.6691847611527832,0.5437358661239258,0.006992731271537444,0.27658773409042886,0.008252650970308847,0.041567940294914514,"[[2190, 915], [1056, 1797]]","[[202, 143], [159, 158]]"
disclosure_x_bias,258,init_easy,Hostility,log_loss,0.5966834786150326,0.9015705405046279,0.669352828379674,0.5437358661239258,0.006991224319886575,0.27659965166214817,0.008813607094404074,0.041567940294914514,"[[2191, 914], [1056, 1797]]","[[202, 143], [159, 158]]"
disclosure_x_bias,259,init_easy,Hostility,log_loss,0.5965848351174348,0.9018352018170914,0.6693525463876826,0.542243328810493,0.006977732169630423,0.27651164444366705,0.008681769080416214,0.039666825421324284,"[[2191, 914], [1056, 1797]]","[[201, 144], [159, 158]]"
disclosure_x_bias,260,init_easy,Hostility,log_loss,0.5964992607421308,0.901916850054916,0.6695206136145734,0.542243328810493,0.006975090618519179,0.2764944900307404,0.008433310598640735,0.039666825421324284,"[[2191, 914], [1055, 1798]]","[[201, 144], [159, 158]]"
disclosure_x_bias,261,init_easy,Hostility,log_loss,0.5964131139465281,0.9019516460976078,0.6693525463876826,0.542243328810493,0.006975398695949927,0.27652570334080906,0.008161785964347763,0.039666825421324284,"[[2191, 914], [1056, 1797]]","[[201, 144], [159, 158]]"
disclosure_x_bias,262,init_easy,Hostility,log_loss,0.596317967307602,0.9017251070447827,0.669856184084372,0.542243328810493,0.006982447765084114,0.2765715127204639,0.008715359408421752,0.039666825421324284,"[[2192, 913], [1054, 1799]]","[[201, 144], [159, 158]]"
disclosure_x_bias,263,init_easy,Hostility,log_loss,0.5962270571549105,0.9019475982201648,0.6696878348654899,0.542243328810493,0.006985869738910526,0.27644027637273405,0.0086184326014675,0.039666825421324284,"[[2193, 912], [1056, 1797]]","[[201, 144], [159, 158]]"
disclosure_x_bias,264,init_easy,Hostility,log_loss,0.5961403016802395,0.9018771079906023,0.6698559020923807,0.5437358661239258,0.006983785895184342,0.27648221030538706,0.008762376197367475,0.041567940294914514,"[[2192, 913], [1054, 1799]]","[[202, 143], [159, 158]]"
disclosure_x_bias,265,init_easy,Hostility,log_loss,0.5960569750996034,0.9020301787830917,0.6696878348654899,0.542243328810493,0.006982815810238008,0.27660140444161874,0.007698249269320013,0.039666825421324284,"[[2194, 911], [1057, 1796]]","[[201, 144], [159, 158]]"
disclosure_x_bias,266,init_easy,Hostility,log_loss,0.5959733276006993,0.901963479615348,0.6701914725621793,0.542243328810493,0.006980449889784519,0.2765434065224729,0.008809789170137992,0.039666825421324284,"[[2195, 910], [1055, 1798]]","[[201, 144], [159, 158]]"
disclosure_x_bias,267,init_easy,Hostility,log_loss,0.5958899297438325,0.9020456522641954,0.6700234053352885,0.5407281772953414,0.0069780709016626615,0.27660200835291776,0.008491635393155485,0.036476371670439024,"[[2191, 914], [1052, 1801]]","[[201, 144], [160, 157]]"
disclosure_x_bias,268,init_easy,Hostility,log_loss,0.595803424098861,0.9021683254982662,0.6706948282668772,0.5407281772953414,0.006974264067890448,0.2764917441596544,0.009217466203552183,0.036476371670439024,"[[2195, 910], [1052, 1801]]","[[201, 144], [160, 157]]"
disclosure_x_bias,269,init_easy,Hostility,log_loss,0.5957196278528277,0.9021439124510794,0.6706948282668772,0.542243328810493,0.006972093449265675,0.2764038248790588,0.008871623794887915,0.03700535405700643,"[[2191, 914], [1048, 1805]]","[[201, 144], [159, 158]]"
disclosure_x_bias,270,init_easy,Hostility,log_loss,0.5956241371225179,0.9021999712254514,0.6708620495177937,0.5407281772953414,0.006968843511657077,0.2764442778273675,0.009023869979855138,0.036476371670439024,"[[2195, 910], [1051, 1802]]","[[201, 144], [160, 157]]"
disclosure_x_bias,271,init_easy,Hostility,log_loss,0.5955397696365066,0.9022290926632767,0.6717026676442389,0.542243328810493,0.0069670561765628565,0.2762189088900905,0.008564356586354165,0.037688346095507544,"[[2200, 905], [1051, 1802]]","[[201, 144], [159, 158]]"
disclosure_x_bias,272,init_easy,Hostility,log_loss,0.5954588466898012,0.9021739316559471,0.6710301167446844,0.5407281772953414,0.006963975337166994,0.27654974096503787,0.00910306731714753,0.036476371670439024,"[[2197, 908], [1052, 1801]]","[[201, 144], [160, 157]]"
disclosure_x_bias,273,init_easy,Hostility,log_loss,0.5953753875225216,0.9023708677562512,0.6717026676442389,0.542243328810493,0.0069620367469863135,0.27649256308680276,0.008152707025096781,0.03700535405700643,"[[2199, 906], [1050, 1803]]","[[201, 144], [159, 158]]"
disclosure_x_bias,274,init_easy,Hostility,log_loss,0.5952889873332137,0.9022778208919077,0.6711981839715752,0.542243328810493,0.006956437181323109,0.27653919579255043,0.00897064418948195,0.037688346095507544,"[[2196, 909], [1050, 1803]]","[[201, 144], [159, 158]]"
disclosure_x_bias,275,init_easy,Hostility,log_loss,0.5952096755319316,0.9024677634979075,0.6717023856522475,0.542243328810493,0.006954203352900228,0.2766013561950779,0.007892602538977007,0.037688346095507544,"[[2200, 905], [1051, 1802]]","[[201, 144], [159, 158]]"
disclosure_x_bias,276,init_easy,Hostility,log_loss,0.595118451329232,0.9022967171244856,0.6718704528791382,0.5437584803256444,0.00696266990260113,0.2766087593405432,0.007884131204667582,0.03677159290465143,"[[2200, 905], [1050, 1803]]","[[202, 143], [159, 158]]"
disclosure_x_bias,277,init_easy,Hostility,log_loss,0.595030839173534,0.9026575442692885,0.6713659692064745,0.545273631840796,0.006965460879846353,0.27629515631607526,0.007670509860323669,0.035039576699678804,"[[2195, 910], [1048, 1805]]","[[202, 143], [158, 159]]"
disclosure_x_bias,278,init_easy,Hostility,log_loss,0.5949370949491449,0.9027225635190625,0.6720382381140375,0.545273631840796,0.006974145724847681,0.27645549255942115,0.007601964096416634,0.035039576699678804,"[[2200, 905], [1049, 1804]]","[[202, 143], [158, 159]]"
disclosure_x_bias,279,init_easy,Hostility,log_loss,0.5948531636526015,0.9027750073807284,0.6722063053409283,0.545273631840796,0.006972303064837419,0.2764923918536488,0.007204631141229426,0.03850776477471062,"[[2202, 903], [1050, 1803]]","[[201, 144], [157, 160]]"
disclosure_x_bias,280,init_easy,Hostility,log_loss,0.5947591276110873,0.9026683264418413,0.672541875810727,0.5483039348710991,0.006971869729850332,0.2765355293634968,0.007482774470201321,0.03491113244052487,"[[2202, 903], [1048, 1805]]","[[202, 143], [156, 161]]"
disclosure_x_bias,281,init_easy,Hostility,log_loss,0.5946786495268684,0.902763772606575,0.6722063053409283,0.5467887833559475,0.0069710262491705565,0.2765783031234811,0.007204631141229426,0.0381496883774872,"[[2201, 904], [1049, 1804]]","[[201, 144], [156, 161]]"
disclosure_x_bias,282,init_easy,Hostility,log_loss,0.5945926259973933,0.902871635648163,0.672541875810727,0.5467887833559475,0.006970082667966902,0.2765639217425111,0.007482774470201321,0.035374254948733065,"[[2201, 904], [1047, 1806]]","[[201, 144], [156, 161]]"
disclosure_x_bias,283,init_easy,Hostility,log_loss,0.5945115674201908,0.9028746799223886,0.6725415938187356,0.5483039348710991,0.006970076787140222,0.27662638424734326,0.007783145051956627,0.03491113244052487,"[[2201, 904], [1047, 1806]]","[[202, 143], [156, 161]]"
disclosure_x_bias,284,init_easy,Hostility,log_loss,0.5944220280996482,0.9030084445843958,0.6727093790536348,0.545273631840796,0.006967219027838332,0.2764918437540157,0.007847790657402374,0.03715935337009699,"[[2201, 904], [1046, 1807]]","[[201, 144], [157, 160]]"
disclosure_x_bias,285,init_easy,Hostility,log_loss,0.5943407139471383,0.9029188093420055,0.672541875810727,0.5467887833559475,0.006964736143960736,0.276582928544288,0.007524460858922542,0.03881254856138329,"[[2200, 905], [1046, 1807]]","[[200, 145], [155, 162]]"
disclosure_x_bias,286,init_easy,Hostility,log_loss,0.5942516889110099,0.9029335872875748,0.6723738085838362,0.545273631840796,0.00696954015081852,0.2764557061277612,0.00775434802534593,0.0404461809759031,"[[2198, 907], [1045, 1808]]","[[200, 145], [156, 161]]"
disclosure_x_bias,287,init_easy,Hostility,log_loss,0.5941681647755799,0.9029301422360925,0.6718704528791382,0.545273631840796,0.006969801733324258,0.27659215042348445,0.007764602138081517,0.041071994814786635,"[[2200, 905], [1050, 1803]]","[[200, 145], [156, 161]]"
disclosure_x_bias,288,init_easy,Hostility,log_loss,0.5940858679587329,0.9029976661808284,0.6725415938187356,0.545273631840796,0.006958212506172983,0.27649402469066825,0.007742851506663206,0.03981053067977306,"[[2202, 903], [1048, 1805]]","[[201, 144], [157, 160]]"
disclosure_x_bias,289,init_easy,Hostility,log_loss,0.5939997733961019,0.9030565560372829,0.6720382381140375,0.545273631840796,0.006959557512258806,0.27652054926194214,0.007683817606784305,0.041071994814786635,"[[2200, 905], [1049, 1804]]","[[200, 145], [156, 161]]"
disclosure_x_bias,290,init_easy,Hostility,log_loss,0.5939185958251435,0.9030700591795636,0.6720382381140375,0.5483039348710991,0.00695890730129141,0.2765967890678383,0.007925369052160337,0.040962470519404166,"[[2197, 908], [1046, 1807]]","[[201, 144], [155, 162]]"
disclosure_x_bias,291,init_easy,Hostility,log_loss,0.5938409465183029,0.9030141033466188,0.6722060233489369,0.5467887833559475,0.006956186441172307,0.2766010481807834,0.008344049690289438,0.041357886018885875,"[[2197, 908], [1045, 1808]]","[[200, 145], [155, 162]]"
disclosure_x_bias,292,init_easy,Hostility,log_loss,0.5937634089285222,0.90320911141258,0.6725421578027184,0.5483039348710991,0.006953661291886439,0.2766110975518629,0.00738531557604103,0.039049691208279655,"[[2200, 905], [1046, 1807]]","[[201, 144], [155, 162]]"
disclosure_x_bias,293,init_easy,Hostility,log_loss,0.5936784476467606,0.9030343384973897,0.6722060233489369,0.5467887833559475,0.006957289593589766,0.2766337856451903,0.007921357660137735,0.03946427661012033,"[[2205, 900], [1053, 1800]]","[[200, 145], [155, 162]]"
disclosure_x_bias,294,init_easy,Hostility,log_loss,0.5935954258061594,0.9032128851645913,0.6722063053409284,0.5483039348710991,0.006957998765689855,0.27651613405811915,0.0077887787309064175,0.039049691208279655,"[[2203, 902], [1051, 1802]]","[[201, 144], [155, 162]]"
disclosure_x_bias,295,init_easy,Hostility,log_loss,0.5935153046524927,0.903142939004827,0.6720382381140376,0.5483039348710991,0.0069532380941437115,0.2765983591262383,0.008042247439077095,0.039049691208279655,"[[2199, 906], [1048, 1805]]","[[201, 144], [155, 162]]"
disclosure_x_bias,296,init_easy,Hostility,log_loss,0.5934288721636835,0.9033922825098815,0.6727090970616435,0.5513116236996833,0.006947796849282048,0.2763611812445433,0.008620222021733114,0.04083565906653688,"[[2201, 904], [1046, 1807]]","[[202, 143], [154, 163]]"
disclosure_x_bias,297,init_easy,Hostility,log_loss,0.5933406231440019,0.9032860616457044,0.6720379561220462,0.5513342379014021,0.006934217126544202,0.2763827324530136,0.007818708283253576,0.03996896221442021,"[[2195, 910], [1044, 1809]]","[[201, 144], [153, 164]]"
disclosure_x_bias,298,init_easy,Hostility,log_loss,0.5932449922608952,0.9033197353172685,0.6723735265918448,0.5483039348710991,0.006942679649149989,0.2763191950336796,0.0084245664682647,0.039049691208279655,"[[2204, 901], [1051, 1802]]","[[201, 144], [155, 162]]"
disclosure_x_bias,299,init_easy,Hostility,log_loss,0.5931477751661764,0.9032250495422709,0.672541875810727,0.5483039348710991,0.006944313612274467,0.2763221865191664,0.008201285646446605,0.039049691208279655,"[[2200, 905], [1046, 1807]]","[[201, 144], [155, 162]]"
disclosure_x_bias,300,init_easy,Hostility,log_loss,0.5930683098241297,0.9031503347212263,0.6727093790536349,0.5483039348710991,0.006944451398615525,0.2761380624293367,0.007887548139185756,0.039049691208279655,"[[2202, 903], [1047, 1806]]","[[201, 144], [155, 162]]"
disclosure_x_bias,1,init_easy,Hostility,exponential,27.0765760990323,30.113200949768732,0.6181583103039874,0.5468566259611036,14.862008298231043,33.90156910793008,0.02399627250590758,0.024994530524254606,"[[2030, 1075], [1200, 1653]]","[[209, 136], [164, 153]]"
disclosure_x_bias,2,init_easy,Hostility,exponential,27.091928534652446,30.21332883974108,0.6189986464384412,0.5468566259611036,14.858642343937564,34.15156882910767,0.022542693543351464,0.024994530524254606,"[[2037, 1068], [1202, 1651]]","[[209, 136], [164, 153]]"
disclosure_x_bias,3,init_easy,Hostility,exponential,27.039807444762015,30.03869485183457,0.6206779087473916,0.5483717774762551,14.869903726332176,34.055596162364466,0.022940269284554365,0.02634345820143053,"[[2048, 1057], [1203, 1650]]","[[210, 135], [164, 153]]"
disclosure_x_bias,4,init_easy,Hostility,exponential,26.92708521637786,30.125893301411075,0.6215165529298968,0.5483717774762551,14.804428410944043,34.29302418585275,0.02314324904939431,0.02634345820143053,"[[2053, 1052], [1203, 1650]]","[[210, 135], [164, 153]]"
disclosure_x_bias,5,init_easy,Hostility,exponential,26.9331620350072,30.097949856646107,0.6240364333652925,0.5438715513342378,14.812372239908905,34.26563212556051,0.02136093757999801,0.027877195430870284,"[[2084, 1021], [1219, 1634]]","[[210, 135], [167, 150]]"
disclosure_x_bias,6,init_easy,Hostility,exponential,26.82278885900704,29.9945092048553,0.6242045005921832,0.5438715513342378,14.764195899155641,34.501382719555345,0.02158236055978644,0.027877195430870284,"[[2085, 1020], [1219, 1634]]","[[210, 135], [167, 150]]"
disclosure_x_bias,7,init_easy,Hostility,exponential,26.54034154015192,29.710333410502066,0.6253792792284699,0.5438715513342378,14.696578837459928,34.49706912303537,0.02158905402542831,0.027877195430870284,"[[2092, 1013], [1219, 1634]]","[[210, 135], [167, 150]]"
disclosure_x_bias,8,init_easy,Hostility,exponential,26.529131383026247,29.68900233198343,0.6255470644633693,0.5438715513342378,14.681208180723852,34.47845268588792,0.021425055084503125,0.027877195430870284,"[[2097, 1008], [1223, 1630]]","[[210, 135], [167, 150]]"
disclosure_x_bias,9,init_easy,Hostility,exponential,26.540209651192093,29.757106274474843,0.6272249168123626,0.5544776119402985,14.677899460726248,34.679117918744495,0.017445556613574057,0.05151257809546473,"[[2066, 1039], [1182, 1671]]","[[209, 136], [159, 158]]"
disclosure_x_bias,10,init_easy,Hostility,exponential,26.503955068197246,29.721715521941668,0.6278960577519599,0.5544776119402985,14.65568725827079,34.64361442110977,0.016446884057227936,0.05151257809546473,"[[2073, 1032], [1185, 1668]]","[[209, 136], [159, 158]]"
disclosure_x_bias,11,init_easy,Hostility,exponential,26.29107694015193,29.46735945655464,0.6277279905250691,0.5544776119402985,14.625871682779154,34.64712353885495,0.016197842294226335,0.05151257809546473,"[[2070, 1035], [1183, 1670]]","[[209, 136], [159, 158]]"
disclosure_x_bias,12,init_easy,Hostility,exponential,26.247971022970184,29.3989925740174,0.6289024871693644,0.5544776119402985,14.626799017074564,34.87332443442563,0.014935296163352938,0.05151257809546473,"[[2094, 1011], [1200, 1653]]","[[211, 134], [161, 156]]"
disclosure_x_bias,13,init_easy,Hostility,exponential,26.213007440491726,29.389895602752432,0.6295739101009532,0.5575079149706015,14.599275601567118,34.884366423272425,0.015216766502907826,0.05278865485291557,"[[2099, 1006], [1201, 1652]]","[[213, 132], [161, 156]]"
disclosure_x_bias,14,init_easy,Hostility,exponential,26.197485237155973,29.385964367982133,0.630077265805651,0.559023066485753,14.587258137994157,34.88669669621131,0.01528592171778537,0.05262143276816594,"[[2104, 1001], [1203, 1650]]","[[214, 131], [161, 156]]"
disclosure_x_bias,15,init_easy,Hostility,exponential,25.998175872700035,29.249870998590808,0.630077265805651,0.559023066485753,14.546112731694027,34.93189048958187,0.01528592171778537,0.05262143276816594,"[[2105, 1000], [1204, 1649]]","[[214, 131], [161, 156]]"
disclosure_x_bias,16,init_easy,Hostility,exponential,25.971945418119816,29.245907799945115,0.6304131182674413,0.559023066485753,14.515611600343398,34.9229856761305,0.015107656744900746,0.05262143276816594,"[[2107, 998], [1204, 1649]]","[[214, 131], [161, 156]]"
disclosure_x_bias,17,init_easy,Hostility,exponential,25.88921323046153,29.145022092381303,0.6304131182674413,0.559023066485753,14.488041903226428,35.09625937970572,0.01510765674490076,0.05262143276816594,"[[2111, 994], [1208, 1645]]","[[215, 130], [162, 155]]"
disclosure_x_bias,18,init_easy,Hostility,exponential,25.884589729167583,29.01966211146841,0.630581185494332,0.5575305291723203,14.522737143457707,35.02675707350938,0.014884854663322485,0.054427058818320065,"[[2105, 1000], [1201, 1652]]","[[214, 131], [162, 155]]"
disclosure_x_bias,19,init_easy,Hostility,exponential,25.898708475108663,29.036203426464795,0.6307492527212227,0.5575305291723203,14.52719220975767,35.05558704092801,0.014677923430438486,0.054427058818320065,"[[2105, 1000], [1200, 1653]]","[[214, 131], [162, 155]]"
disclosure_x_bias,20,init_easy,Hostility,exponential,25.791767244975187,29.013724415542463,0.6304134002594326,0.5575305291723203,14.49418079250691,35.03438536264133,0.014376135414239828,0.054427058818320065,"[[2103, 1002], [1200, 1653]]","[[214, 131], [162, 155]]"
disclosure_x_bias,21,init_easy,Hostility,exponential,25.677257223983695,28.863980122382976,0.6305814674863234,0.5575305291723203,14.4562867466637,35.06029086616996,0.014621908750319703,0.054427058818320065,"[[2106, 999], [1202, 1651]]","[[214, 131], [162, 155]]"
disclosure_x_bias,22,init_easy,Hostility,exponential,25.674136858221953,28.940669203302196,0.6309170379561221,0.5575305291723203,14.435068787695633,35.230549589376956,0.014774007313641048,0.054427058818320065,"[[2106, 999], [1200, 1653]]","[[214, 131], [162, 155]]"
disclosure_x_bias,23,init_easy,Hostility,exponential,25.68551372900719,28.924475802250566,0.6312526084259207,0.5575305291723203,14.434977203224326,35.2147553682284,0.015083000672632135,0.054427058818320065,"[[2109, 996], [1201, 1652]]","[[214, 131], [162, 155]]"
disclosure_x_bias,24,init_easy,Hostility,exponential,25.602831695412032,28.75898056443129,0.6317559641306187,0.5560153776571687,14.427351222333066,35.210912225734475,0.015316989342932267,0.054542701143771764,"[[2113, 992], [1202, 1651]]","[[214, 131], [163, 154]]"
disclosure_x_bias,25,init_easy,Hostility,exponential,25.591323837499328,28.741949474741197,0.6332665952286956,0.5560153776571687,14.427337963625092,35.175712899751275,0.014282472067502718,0.054542701143771764,"[[2098, 1007], [1178, 1675]]","[[212, 133], [161, 156]]"
disclosure_x_bias,26,init_easy,Hostility,exponential,25.586054944170435,28.720548538499806,0.6332665952286956,0.5560153776571687,14.439646822374787,35.10756621446046,0.014282472067502718,0.054542701143771764,"[[2099, 1006], [1179, 1674]]","[[212, 133], [161, 156]]"
disclosure_x_bias,27,init_easy,Hostility,exponential,25.57362356010909,28.67739709973419,0.6334343804635949,0.5575079149706015,14.456308204985936,35.203903752025305,0.014062271899917746,0.05278865485291557,"[[2098, 1007], [1177, 1676]]","[[212, 133], [160, 157]]"
disclosure_x_bias,28,init_easy,Hostility,exponential,25.49841959139506,28.563740085186243,0.6336021656984941,0.5575079149706015,14.44398582546479,35.25571609539386,0.014104984339502368,0.05278865485291557,"[[2100, 1005], [1178, 1675]]","[[212, 133], [160, 157]]"
disclosure_x_bias,29,init_easy,Hostility,exponential,25.380048667656695,28.534065106120824,0.6325954542890981,0.5575079149706015,14.392292261133852,35.19314151416029,0.015659521430448808,0.05278865485291557,"[[2123, 982], [1207, 1646]]","[[215, 130], [163, 154]]"
disclosure_x_bias,30,init_easy,Hostility,exponential,25.401089949633388,28.590587567125475,0.6327632395239975,0.5575079149706015,14.39655035230153,35.33009534175243,0.01572774935677121,0.05278865485291557,"[[2123, 982], [1206, 1647]]","[[215, 130], [163, 154]]"
disclosure_x_bias,31,init_easy,Hostility,exponential,25.315965624208896,28.476746494113286,0.6329310247588968,0.5575079149706015,14.372212794834796,35.349822458291946,0.015951357561288532,0.05278865485291557,"[[2125, 980], [1207, 1646]]","[[215, 130], [163, 154]]"
disclosure_x_bias,32,init_easy,Hostility,exponential,25.290425324167465,28.41051866210774,0.6339377361682927,0.5575079149706015,14.36975111690658,35.25417308593747,0.014227448236976366,0.05278865485291557,"[[2102, 1003], [1178, 1675]]","[[212, 133], [160, 157]]"
disclosure_x_bias,33,init_easy,Hostility,exponential,25.169285622499206,28.392952741179084,0.6339377361682927,0.5575079149706015,14.346999263353231,35.42873405851371,0.014227448236976366,0.05278865485291557,"[[2102, 1003], [1178, 1675]]","[[212, 133], [160, 157]]"
disclosure_x_bias,34,init_easy,Hostility,exponential,25.165505523122004,28.40763196083273,0.6334343804635949,0.5544776119402985,14.345412416123736,35.41955532499437,0.014946470695625665,0.045181448313186066,"[[2115, 990], [1194, 1659]]","[[212, 133], [162, 155]]"
disclosure_x_bias,35,init_easy,Hostility,exponential,25.177922034234868,28.414757710258026,0.6337699509333935,0.552962460425147,14.350887967864132,35.42922088346159,0.014623756682390932,0.047410404086498256,"[[2118, 987], [1195, 1658]]","[[212, 133], [163, 154]]"
disclosure_x_bias,36,init_easy,Hostility,exponential,25.172346179937247,28.339523571883614,0.6341055214031922,0.552962460425147,14.3734905556717,35.40226068267484,0.014822322015026455,0.047410404086498256,"[[2119, 986], [1194, 1659]]","[[212, 133], [163, 154]]"
disclosure_x_bias,37,init_easy,Hostility,exponential,25.06917691508755,28.290841970115974,0.6344410918729908,0.5544776119402985,14.44151476170229,35.30222514787085,0.013996245261102512,0.05101500269049291,"[[2108, 997], [1181, 1672]]","[[212, 133], [162, 155]]"
disclosure_x_bias,38,init_easy,Hostility,exponential,25.07678172642535,28.351266188780095,0.6346088771078902,0.5544776119402985,14.448946008022489,35.41531787007528,0.014070316629810084,0.05101500269049291,"[[2109, 996], [1181, 1672]]","[[212, 133], [162, 155]]"
disclosure_x_bias,39,init_easy,Hostility,exponential,25.079622355063158,28.328979238763004,0.6346088771078902,0.5575079149706015,14.447955124791363,35.42383837888311,0.014225083204749061,0.058735336162099645,"[[2098, 1007], [1170, 1683]]","[[212, 133], [160, 157]]"
disclosure_x_bias,40,init_easy,Hostility,exponential,25.009126054608362,28.241839586797,0.6352800180474875,0.5575079149706015,14.428630547341664,35.392211152662064,0.01373946127779829,0.058735336162099645,"[[2099, 1006], [1167, 1686]]","[[212, 133], [160, 157]]"
disclosure_x_bias,41,init_easy,Hostility,exponential,24.763535785430395,28.216291761454414,0.6356155885172861,0.55599276345545,14.31481980757854,35.57982108723965,0.013955102511432702,0.05927377405697906,"[[2101, 1004], [1167, 1686]]","[[212, 133], [161, 156]]"
disclosure_x_bias,42,init_easy,Hostility,exponential,24.748351396239286,28.172474795116255,0.6359511589870848,0.55599276345545,14.312144443246599,35.488836582164,0.014224750590556225,0.05927377405697906,"[[2103, 1002], [1167, 1686]]","[[212, 133], [161, 156]]"
disclosure_x_bias,43,init_easy,Hostility,exponential,24.739839369938483,28.19172133147717,0.6364545146917828,0.5590230664857531,14.313967214906269,35.46598371741705,0.013686124439628595,0.056816828575236386,"[[2097, 1008], [1158, 1695]]","[[211, 134], [158, 159]]"
disclosure_x_bias,44,init_easy,Hostility,exponential,24.70469925350241,28.126625351947713,0.6367900851615814,0.5544776119402985,14.294761427722303,35.49102673874662,0.01384848938361619,0.04949227103215141,"[[2110, 995], [1169, 1684]]","[[211, 134], [161, 156]]"
disclosure_x_bias,45,init_easy,Hostility,exponential,24.730465305359964,28.156949128349652,0.6366222999266821,0.55599276345545,14.288338250290888,35.58509179671176,0.013825360887830172,0.04784365611268964,"[[2110, 995], [1170, 1683]]","[[211, 134], [160, 157]]"
disclosure_x_bias,46,init_easy,Hostility,exponential,24.720209651974848,28.120186917056383,0.6367900851615814,0.5544776119402985,14.285671189987761,35.505179959259195,0.01384848938361619,0.04949227103215141,"[[2110, 995], [1169, 1684]]","[[211, 134], [161, 156]]"
disclosure_x_bias,47,init_easy,Hostility,exponential,24.66892965153705,28.029047369202704,0.6367900851615814,0.55599276345545,14.284365734494736,35.515327770309334,0.013916086035405653,0.04784365611268964,"[[2111, 994], [1170, 1683]]","[[212, 133], [161, 156]]"
disclosure_x_bias,48,init_easy,Hostility,exponential,24.593626645134755,28.019662276075554,0.6367900851615814,0.55599276345545,14.27692808955737,35.50610872097311,0.013916086035405653,0.04784365611268964,"[[2111, 994], [1170, 1683]]","[[212, 133], [161, 156]]"
disclosure_x_bias,49,init_easy,Hostility,exponential,24.579752607576786,28.042832265679596,0.6377982065309344,0.55599276345545,14.271825995449008,35.51244264951616,0.012768318020116314,0.04784365611268964,"[[2120, 985], [1173, 1680]]","[[212, 133], [161, 156]]"
disclosure_x_bias,50,init_easy,Hostility,exponential,24.588127215188475,28.05690628974507,0.637798488522926,0.55599276345545,14.283312812374271,35.512106256437185,0.013217820216182292,0.04784365611268964,"[[2120, 985], [1173, 1680]]","[[212, 133], [161, 156]]"
disclosure_x_bias,51,init_easy,Hostility,exponential,24.589562242857504,28.143123479143185,0.6379662737578252,0.55599276345545,14.300308766711922,35.65318377418615,0.013178053036739648,0.04784365611268964,"[[2121, 984], [1173, 1680]]","[[212, 133], [161, 156]]"
disclosure_x_bias,52,init_easy,Hostility,exponential,24.57206778519946,28.098293390238744,0.6383018442276239,0.5544776119402985,14.297568905645049,35.55248648175444,0.012776590192879333,0.04949227103215141,"[[2122, 983], [1172, 1681]]","[[211, 134], [161, 156]]"
disclosure_x_bias,53,init_easy,Hostility,exponential,24.415622511327758,27.95462517854679,0.6383018442276239,0.5544776119402985,14.232188171570616,35.6559431335569,0.012727531656439096,0.04949227103215141,"[[2122, 983], [1172, 1681]]","[[211, 134], [161, 156]]"
disclosure_x_bias,54,init_easy,Hostility,exponential,24.406330397741172,27.919645083841726,0.6383018442276239,0.5544776119402985,14.233438168117754,35.59389568342966,0.012727531656439096,0.04949227103215141,"[[2123, 982], [1173, 1680]]","[[211, 134], [161, 156]]"
disclosure_x_bias,55,init_easy,Hostility,exponential,24.335867830594957,27.906809304310237,0.6386374146974225,0.5544776119402985,14.293805066985964,35.57474694289901,0.01267690655832489,0.04949227103215141,"[[2124, 981], [1172, 1681]]","[[211, 134], [161, 156]]"
disclosure_x_bias,56,init_easy,Hostility,exponential,24.241462199996565,27.86044979530066,0.6396455360667758,0.5529850746268656,14.283567799434453,35.477660185093946,0.012057531845587794,0.05126107980211769,"[[2131, 974], [1173, 1680]]","[[211, 134], [162, 155]]"
disclosure_x_bias,57,init_easy,Hostility,exponential,24.25538083320273,27.929768857044046,0.6393099655969771,0.5529850746268656,14.30222983244216,35.6118039748622,0.01185497249437164,0.05126107980211769,"[[2130, 975], [1174, 1679]]","[[211, 134], [162, 155]]"
disclosure_x_bias,58,init_easy,Hostility,exponential,24.24924225800596,27.969386258706198,0.6396455360667758,0.5529850746268656,14.298037042713784,35.70643215163949,0.012057531845587794,0.05126107980211769,"[[2131, 974], [1173, 1680]]","[[211, 134], [162, 155]]"
disclosure_x_bias,59,init_easy,Hostility,exponential,24.25441605466485,27.966743445420366,0.6394777508318763,0.5514699231117142,14.30764679578044,35.633115538610895,0.011866082434302065,0.04971870523831893,"[[2132, 973], [1175, 1678]]","[[211, 134], [163, 154]]"
disclosure_x_bias,60,init_easy,Hostility,exponential,24.262669929777477,27.942308395349066,0.6394777508318763,0.5514699231117142,14.316232071973245,35.64748879072507,0.011866082434302065,0.04971870523831893,"[[2132, 973], [1175, 1678]]","[[211, 134], [163, 154]]"
disclosure_x_bias,61,init_easy,Hostility,exponential,24.201275585284755,27.858222499671804,0.6404844622412724,0.5529850746268656,14.318819767694098,35.66697974049578,0.011611004272604263,0.050256023493889475,"[[2136, 969], [1173, 1680]]","[[212, 133], [163, 154]]"
disclosure_x_bias,62,init_easy,Hostility,exponential,24.175014669559474,27.84571395440567,0.6403166770063731,0.5514699231117142,14.302281045008307,35.666127627642794,0.011064144353686666,0.046538784206215766,"[[2135, 970], [1173, 1680]]","[[211, 134], [163, 154]]"
disclosure_x_bias,63,init_easy,Hostility,exponential,24.180345366004172,27.798600026756567,0.6401488917714737,0.5514699231117142,14.316122774222475,35.65352887672976,0.011038068312032318,0.046538784206215766,"[[2134, 971], [1173, 1680]]","[[211, 134], [163, 154]]"
disclosure_x_bias,64,init_easy,Hostility,exponential,24.199859883628147,27.79630217699928,0.6401488917714737,0.5514699231117142,14.338647790698237,35.633029255596725,0.011038068312032318,0.046538784206215766,"[[2134, 971], [1173, 1680]]","[[211, 134], [163, 154]]"
disclosure_x_bias,65,init_easy,Hostility,exponential,24.18795824079083,27.80566524663743,0.6403169589983644,0.5514699231117142,14.354788213995999,35.60767571869337,0.011306664779990634,0.046538784206215766,"[[2135, 970], [1173, 1680]]","[[211, 134], [163, 154]]"
disclosure_x_bias,66,init_easy,Hostility,exponential,24.12659136473198,27.739883524601897,0.6404847442332638,0.5514699231117142,14.346809676670448,35.727107700448954,0.011629097715617789,0.046538784206215766,"[[2135, 970], [1172, 1681]]","[[211, 134], [163, 154]]"
disclosure_x_bias,67,init_easy,Hostility,exponential,24.049609975958834,27.798023159890988,0.6406525294681631,0.5514699231117142,14.3381683495264,35.83168930277308,0.01132165438084227,0.046538784206215766,"[[2137, 968], [1173, 1680]]","[[211, 134], [163, 154]]"
disclosure_x_bias,68,init_easy,Hostility,exponential,24.055732833035535,27.780106589029607,0.6406525294681631,0.5514699231117142,14.310921034349025,35.75988351746545,0.01148622838849237,0.046538784206215766,"[[2136, 969], [1172, 1681]]","[[211, 134], [163, 154]]"
disclosure_x_bias,69,init_easy,Hostility,exponential,24.068666876500522,27.81480016038198,0.641155885172861,0.5514699231117142,14.309432335799329,35.766155918786936,0.011981092665510689,0.046538784206215766,"[[2137, 968], [1170, 1683]]","[[211, 134], [163, 154]]"
disclosure_x_bias,70,init_easy,Hostility,exponential,23.9785865511701,27.829917305456682,0.6413236704077605,0.5529850746268656,14.258502868746998,35.781853379785126,0.011645372011044873,0.050256023493889475,"[[2139, 966], [1171, 1682]]","[[212, 133], [163, 154]]"
disclosure_x_bias,71,init_easy,Hostility,exponential,23.918967593270786,27.808545432364486,0.6413236704077605,0.5529850746268656,14.248475806050125,35.740109403624444,0.011645372011044873,0.050256023493889475,"[[2139, 966], [1171, 1682]]","[[212, 133], [163, 154]]"
disclosure_x_bias,72,init_easy,Hostility,exponential,23.910288536498218,27.773633952725977,0.6413236704077605,0.5499547715965626,14.2653898295217,35.74554709773661,0.011752322283611413,0.049640155982920015,"[[2137, 968], [1169, 1684]]","[[210, 135], [163, 154]]"
disclosure_x_bias,73,init_easy,Hostility,exponential,23.822352255992698,27.785449242571907,0.6430037786926851,0.5514246947082768,14.332674382362299,35.760121047710335,0.011693228317393448,0.04257242515944614,"[[2162, 943], [1184, 1669]]","[[212, 133], [164, 153]]"
disclosure_x_bias,74,init_easy,Hostility,exponential,23.804345760488175,27.77899896228187,0.6433393491624837,0.5514246947082768,14.32889549423714,35.75426083734746,0.011321908494112295,0.04257242515944614,"[[2164, 941], [1184, 1669]]","[[212, 133], [164, 153]]"
disclosure_x_bias,75,init_easy,Hostility,exponential,23.818811135574375,27.772554205859997,0.6435071343973832,0.5529398462234283,14.343530905004972,35.71583447135551,0.011014372169268467,0.042605946914209956,"[[2165, 940], [1184, 1669]]","[[213, 132], [164, 153]]"
disclosure_x_bias,76,init_easy,Hostility,exponential,23.882598034734432,28.14704024730517,0.6440104901020811,0.5529398462234283,14.277298721380735,35.87061518914916,0.010827027008752904,0.042605946914209956,"[[2165, 940], [1181, 1672]]","[[213, 132], [164, 153]]"
disclosure_x_bias,77,init_easy,Hostility,exponential,23.883342635010287,28.133555741157814,0.6443460605718798,0.5514246947082768,14.276121998911917,35.78440019002622,0.01083105636876477,0.04257242515944614,"[[2168, 937], [1182, 1671]]","[[212, 133], [164, 153]]"
disclosure_x_bias,78,init_easy,Hostility,exponential,23.781461589945675,28.037305695509694,0.6448496982685692,0.5514246947082768,14.277156240660307,35.917931352473666,0.010732615045545617,0.04257242515944614,"[[2172, 933], [1183, 1670]]","[[213, 132], [165, 152]]"
disclosure_x_bias,79,init_easy,Hostility,exponential,23.80520973201955,28.032640308707915,0.6445141277987705,0.5514246947082768,14.282252233136889,35.86539509900465,0.011089837492032762,0.04257242515944614,"[[2166, 939], [1179, 1674]]","[[212, 133], [164, 153]]"
disclosure_x_bias,80,init_easy,Hostility,exponential,23.793050523770635,28.026945531828705,0.6431695899836445,0.5469244685662595,14.285501045835979,35.975623049532835,0.011767068255603223,0.046120929966068314,"[[2142, 963], [1163, 1690]]","[[209, 136], [164, 153]]"
disclosure_x_bias,81,init_easy,Hostility,exponential,23.748648639922003,27.98779280741967,0.6445141277987705,0.5499095431931252,14.257927349997079,35.898426537306605,0.011313234513797527,0.04307516381552285,"[[2169, 936], [1182, 1671]]","[[212, 133], [165, 152]]"
disclosure_x_bias,82,init_easy,Hostility,exponential,23.701595305227123,27.93005084345245,0.6446821950256613,0.5499095431931252,14.261291761177105,35.911429675068,0.011422492542446547,0.04307516381552285,"[[2169, 936], [1181, 1672]]","[[212, 133], [165, 152]]"
disclosure_x_bias,83,init_easy,Hostility,exponential,23.711828366140534,27.93116334431579,0.6450177654954599,0.5529398462234283,14.278480552732338,35.943536314705256,0.011126712502602772,0.046608723756062585,"[[2159, 946], [1169, 1684]]","[[212, 133], [163, 154]]"
disclosure_x_bias,84,init_easy,Hostility,exponential,23.705776653304717,27.963791221620237,0.6446821950256613,0.5499095431931252,14.268203808207469,35.97929261383629,0.01190521271974325,0.04307516381552285,"[[2156, 949], [1168, 1685]]","[[210, 135], [163, 154]]"
disclosure_x_bias,85,init_easy,Hostility,exponential,23.68928621806217,27.923785950772505,0.6446819130336698,0.5483943916779738,14.267846679840808,35.937092495931516,0.011914375656870167,0.04171787343175004,"[[2158, 947], [1170, 1683]]","[[210, 135], [164, 153]]"
disclosure_x_bias,86,init_easy,Hostility,exponential,23.709805164849868,27.97391722517268,0.646024476904856,0.5483943916779738,14.294301464001329,35.97821596563116,0.01131118818755145,0.04171787343175004,"[[2162, 943], [1166, 1687]]","[[210, 135], [164, 153]]"
disclosure_x_bias,87,init_easy,Hostility,exponential,23.681871167482164,27.991524568462637,0.6463600473746546,0.5483943916779738,14.319411248870708,35.98042946051233,0.011136696198065215,0.04171787343175004,"[[2166, 939], [1168, 1685]]","[[211, 134], [165, 152]]"
disclosure_x_bias,88,init_easy,Hostility,exponential,23.6643911490661,27.989549420084224,0.6453533359652586,0.5514246947082768,14.311296262071094,35.96726434095878,0.01156611509543359,0.04257242515944614,"[[2164, 941], [1172, 1681]]","[[212, 133], [164, 153]]"
disclosure_x_bias,89,init_easy,Hostility,exponential,23.666562820490515,28.012108612772785,0.6455211212001579,0.5514246947082768,14.313501465919357,36.006347336153674,0.011534142595640048,0.04257242515944614,"[[2164, 941], [1171, 1682]]","[[212, 133], [164, 153]]"
disclosure_x_bias,90,init_easy,Hostility,exponential,23.72713007164821,28.437534452098095,0.6471995375331341,0.5499095431931252,14.2459029939511,36.24397207044703,0.00948003713929629,0.04307516381552285,"[[2163, 942], [1160, 1693]]","[[211, 134], [164, 153]]"
disclosure_x_bias,91,init_easy,Hostility,exponential,23.707397553613582,28.353945509076517,0.6463600473746546,0.5514246947082768,14.244259032524171,36.15876112915248,0.009727431432123098,0.04257242515944614,"[[2163, 942], [1165, 1688]]","[[212, 133], [164, 153]]"
disclosure_x_bias,92,init_easy,Hostility,exponential,23.71259376603368,28.38424664243154,0.6471995375331341,0.5483943916779738,14.245082238072262,36.15452124973191,0.009578512227852434,0.04171787343175004,"[[2165, 940], [1162, 1691]]","[[211, 134], [165, 152]]"
disclosure_x_bias,93,init_easy,Hostility,exponential,23.710750549166967,28.38138255861163,0.6473670407760419,0.5483943916779738,14.234902862221167,36.13751619326024,0.00934926198176744,0.04171787343175004,"[[2166, 939], [1162, 1691]]","[[211, 134], [165, 152]]"
disclosure_x_bias,94,init_easy,Hostility,exponential,23.682640221784247,28.377720029812377,0.6473670407760419,0.5468792401628223,14.234560321632433,36.17197757857353,0.00934926198176744,0.041499651497435196,"[[2166, 939], [1162, 1691]]","[[210, 135], [165, 152]]"
disclosure_x_bias,95,init_easy,Hostility,exponential,23.68252919279814,28.348569000484048,0.6470314703062433,0.5483943916779738,14.234911536162095,36.08695746478175,0.009530236510094223,0.04292331963779388,"[[2163, 942], [1161, 1692]]","[[210, 135], [164, 153]]"
disclosure_x_bias,96,init_easy,Hostility,exponential,23.61415737272033,28.38784924443197,0.6480384637076307,0.5499095431931252,14.290302035663064,36.18783924094623,0.011052105724095951,0.042478871632892656,"[[2163, 942], [1155, 1698]]","[[210, 135], [163, 154]]"
disclosure_x_bias,97,init_easy,Hostility,exponential,23.608294667260356,28.38567375767257,0.64820624894253,0.5499095431931252,14.30354492107784,36.16959905232479,0.011001586212912376,0.04126044267992124,"[[2165, 940], [1156, 1697]]","[[211, 134], [164, 153]]"
disclosure_x_bias,98,init_easy,Hostility,exponential,23.56426172037458,28.30437224858257,0.649212960351926,0.5483943916779738,14.310893904320432,36.28006875968338,0.009612053809788277,0.0371923990346823,"[[2163, 942], [1148, 1705]]","[[210, 135], [164, 153]]"
disclosure_x_bias,99,init_easy,Hostility,exponential,23.589671305519722,28.30592431364649,0.648709604647228,0.5483943916779738,14.267504349035544,36.22655502807306,0.00992719457634631,0.0371923990346823,"[[2161, 944], [1149, 1704]]","[[210, 135], [164, 153]]"
disclosure_x_bias,100,init_easy,Hostility,exponential,23.460910209886883,28.296620745782086,0.6482059669505386,0.5468792401628223,14.222351336089615,36.18861400310668,0.010030276167704605,0.03830332964321515,"[[2160, 945], [1151, 1702]]","[[209, 136], [164, 153]]"
disclosure_x_bias,101,init_easy,Hostility,exponential,23.45884389364506,28.289244265808257,0.6485415374203373,0.5483943916779738,14.224014299847298,36.190997866925834,0.00987750424617212,0.0371923990346823,"[[2163, 942], [1152, 1701]]","[[210, 135], [164, 153]]"
disclosure_x_bias,102,init_easy,Hostility,exponential,23.44806112299586,28.215806694567334,0.6485415374203373,0.5483943916779738,14.250308721224787,36.12837408642488,0.00987750424617212,0.0371923990346823,"[[2163, 942], [1152, 1701]]","[[210, 135], [164, 153]]"
disclosure_x_bias,103,init_easy,Hostility,exponential,23.420890159005204,28.235094461734075,0.6493804635948339,0.5468792401628223,14.227911869363044,36.1638521724297,0.010509521007499304,0.03694745805459556,"[[2165, 940], [1149, 1704]]","[[208, 137], [163, 154]]"
disclosure_x_bias,104,init_easy,Hostility,exponential,23.43375519250781,28.291307095180382,0.6495482488297333,0.5514246947082768,14.251247313796716,36.25558401831601,0.010901608889772433,0.04546963158646014,"[[2171, 934], [1154, 1699]]","[[211, 134], [163, 154]]"
disclosure_x_bias,105,init_easy,Hostility,exponential,23.434899256047867,28.282848656104267,0.6483729062094636,0.5544097693351425,14.247264572552156,36.197659986566364,0.010902269424342257,0.044316809538224804,"[[2176, 929], [1166, 1687]]","[[213, 132], [163, 154]]"
disclosure_x_bias,106,init_easy,Hostility,exponential,23.4734288093305,28.347867134208208,0.6490440471490609,0.5544097693351425,14.316784163484607,36.29719522889259,0.010973164056523137,0.044316809538224804,"[[2177, 928], [1163, 1690]]","[[213, 132], [163, 154]]"
disclosure_x_bias,107,init_easy,Hostility,exponential,23.481164324333964,28.309976276999958,0.6487084766792623,0.5544097693351425,14.322641133643936,36.21661587192332,0.011127731435086639,0.044316809538224804,"[[2176, 929], [1164, 1689]]","[[213, 132], [163, 154]]"
disclosure_x_bias,108,init_easy,Hostility,exponential,23.473169552583023,28.338918385938506,0.6488762619141617,0.5528946178199909,14.332734893988162,36.243039073068225,0.010779910588258442,0.04011193210880474,"[[2174, 931], [1161, 1692]]","[[212, 133], [163, 154]]"
disclosure_x_bias,109,init_easy,Hostility,exponential,23.475473130067964,28.368343461729694,0.6493796176188597,0.5528946178199909,14.340036140694677,36.29615496253172,0.010541045296509217,0.04011193210880474,"[[2173, 932], [1157, 1696]]","[[212, 133], [163, 154]]"
disclosure_x_bias,110,init_easy,Hostility,exponential,23.39785916852342,28.35754060022133,0.6492118323839603,0.5513794663048394,14.383808464847037,36.249173471229305,0.010818708677130277,0.041327834323559444,"[[2172, 933], [1157, 1696]]","[[211, 134], [163, 154]]"
disclosure_x_bias,111,init_easy,Hostility,exponential,23.345303790277185,28.361177841790493,0.6498829733235576,0.5528946178199909,14.403440333188605,36.323760283016576,0.010510116148680297,0.04011193210880474,"[[2175, 930], [1156, 1697]]","[[212, 133], [163, 154]]"
disclosure_x_bias,112,init_easy,Hostility,exponential,23.362421043849107,28.330997313206694,0.649547402853759,0.5528946178199909,14.41047292354406,36.24497009596122,0.010700664296404903,0.04011193210880474,"[[2173, 932], [1156, 1697]]","[[212, 133], [163, 154]]"
disclosure_x_bias,113,init_easy,Hostility,exponential,23.335194572708858,28.312788648497282,0.6503863290282557,0.5544097693351425,14.414490516528836,36.354180807173876,0.010834259368582807,0.04008582280476247,"[[2170, 935], [1148, 1705]]","[[212, 133], [162, 155]]"
disclosure_x_bias,114,init_easy,Hostility,exponential,23.444615421273365,28.7485262896128,0.6505541142631549,0.555924920850294,14.332810093608781,36.558048352179426,0.010712890414339152,0.03999597182361288,"[[2170, 935], [1147, 1706]]","[[212, 133], [161, 156]]"
disclosure_x_bias,115,init_easy,Hostility,exponential,23.417489964304124,28.695851042743165,0.6502185437933563,0.555924920850294,14.340562698276512,36.562244261832845,0.011344255621022486,0.03999597182361288,"[[2171, 934], [1150, 1703]]","[[212, 133], [161, 156]]"
disclosure_x_bias,116,init_easy,Hostility,exponential,23.43195730562027,28.73499507062063,0.6512252552027522,0.555924920850294,14.338757768628493,36.55592215202958,0.010779227817935362,0.03999597182361288,"[[2176, 929], [1149, 1704]]","[[212, 133], [161, 156]]"
disclosure_x_bias,117,init_easy,Hostility,exponential,23.43536182256258,28.737531823295832,0.6515608256725509,0.555924920850294,14.335883759678419,36.564378040093594,0.01099583746984258,0.03999597182361288,"[[2169, 936], [1140, 1713]]","[[211, 134], [160, 157]]"
disclosure_x_bias,118,init_easy,Hostility,exponential,23.4391877353028,28.76702348694571,0.6515608256725509,0.555924920850294,14.348062647977924,36.601827159956486,0.01099583746984258,0.03999597182361288,"[[2170, 935], [1141, 1712]]","[[211, 134], [160, 157]]"
disclosure_x_bias,119,init_easy,Hostility,exponential,23.423765522149765,28.76261740875655,0.6515608256725509,0.555924920850294,14.336005929457313,36.58135881494622,0.01099583746984258,0.03999597182361288,"[[2170, 935], [1141, 1712]]","[[211, 134], [160, 157]]"
disclosure_x_bias,120,init_easy,Hostility,exponential,23.36042165963673,28.770359129541767,0.6515608256725509,0.555924920850294,14.30836001448318,36.58102558092621,0.01099583746984258,0.03999597182361288,"[[2169, 936], [1140, 1713]]","[[211, 134], [160, 157]]"
disclosure_x_bias,121,init_easy,Hostility,exponential,23.318769977405637,28.796719928995895,0.6517286109074503,0.5544097693351425,14.350864356739159,36.63145319880597,0.011168569304811724,0.04133888720074022,"[[2169, 936], [1139, 1714]]","[[210, 135], [160, 157]]"
disclosure_x_bias,122,init_easy,Hostility,exponential,23.305706946349282,28.799104046399787,0.6520641813772489,0.5544097693351425,14.344786158350601,36.66223160720562,0.011306063694768729,0.04133888720074022,"[[2169, 936], [1137, 1716]]","[[210, 135], [160, 157]]"
disclosure_x_bias,123,init_easy,Hostility,exponential,23.30286857583793,28.745681623618715,0.6520641813772489,0.5544097693351425,14.365658318794605,36.60378825425356,0.011660181948085315,0.04133888720074022,"[[2168, 937], [1136, 1717]]","[[210, 135], [160, 157]]"
disclosure_x_bias,124,init_easy,Hostility,exponential,23.291628944615802,28.778510801149167,0.6520641813772489,0.5544097693351425,14.346875743083105,36.642379751132836,0.011660181948085315,0.04133888720074022,"[[2168, 937], [1136, 1717]]","[[210, 135], [160, 157]]"
disclosure_x_bias,125,init_easy,Hostility,exponential,23.28372193532914,28.770767283597035,0.6530708927866449,0.5544097693351425,14.338488454459759,36.59267705300673,0.010425706695619088,0.04133888720074022,"[[2170, 935], [1132, 1721]]","[[210, 135], [160, 157]]"
disclosure_x_bias,126,init_easy,Hostility,exponential,23.319777682692866,28.79903118603575,0.6529031075517455,0.555924920850294,14.327588950183847,36.663035301745055,0.010234341305661854,0.039353050194170236,"[[2165, 940], [1128, 1725]]","[[210, 135], [159, 158]]"
disclosure_x_bias,127,init_easy,Hostility,exponential,23.316378738520847,28.76731104522625,0.6527350403248547,0.5574400723654456,14.318130086112271,36.63325778897685,0.010384346348239563,0.03984194791978198,"[[2165, 940], [1129, 1724]]","[[211, 134], [159, 158]]"
disclosure_x_bias,128,init_easy,Hostility,exponential,23.32826919059574,28.75712814476853,0.6525675370819469,0.5574400723654456,14.336014378328723,36.627983384528115,0.010357701628113997,0.03984194791978198,"[[2165, 940], [1130, 1723]]","[[211, 134], [159, 158]]"
disclosure_x_bias,129,init_easy,Hostility,exponential,23.311895561110763,28.749421397538896,0.6525672550899555,0.5574400723654456,14.329576603592958,36.61240706088096,0.010724577396170247,0.03984194791978198,"[[2165, 940], [1130, 1723]]","[[211, 134], [159, 158]]"
disclosure_x_bias,130,init_easy,Hostility,exponential,23.304049522005492,28.779345786858563,0.6532386780215442,0.5574400723654456,14.330290342395553,36.67159829686764,0.010610674742956818,0.03984194791978198,"[[2164, 941], [1125, 1728]]","[[211, 134], [159, 158]]"
disclosure_x_bias,131,init_easy,Hostility,exponential,23.269175293001158,28.68055529669808,0.6534064632564436,0.5574400723654456,14.341636082801863,36.633459558228544,0.010435887494951444,0.03984194791978198,"[[2165, 940], [1125, 1728]]","[[211, 134], [159, 158]]"
disclosure_x_bias,132,init_easy,Hostility,exponential,23.26596450413573,28.7171611778599,0.6537420337262422,0.5574400723654456,14.339469041954027,36.72391171267366,0.010523625272212456,0.03984194791978198,"[[2168, 937], [1126, 1727]]","[[211, 134], [159, 158]]"
disclosure_x_bias,133,init_easy,Hostility,exponential,23.194977076681678,28.704430040452717,0.6542456714229317,0.5589326096788783,14.376714789359474,36.65375862804198,0.01051760221591863,0.039904964505714395,"[[2166, 939], [1121, 1732]]","[[211, 134], [158, 159]]"
disclosure_x_bias,134,init_easy,Hostility,exponential,23.179788273596706,28.689176812069423,0.653910100953133,0.5559023066485753,14.371600021421637,36.63760937013522,0.01103034600423008,0.03256964993026546,"[[2163, 942], [1120, 1733]]","[[209, 136], [158, 159]]"
disclosure_x_bias,135,init_easy,Hostility,exponential,23.193869582296294,28.728097612468833,0.6537423157182336,0.5559023066485753,14.377307108407171,36.720205416913736,0.011007079809093089,0.03256964993026546,"[[2161, 944], [1119, 1734]]","[[209, 136], [158, 159]]"
disclosure_x_bias,136,init_easy,Hostility,exponential,23.17672422076799,28.65049986035178,0.6544134566578309,0.5543871551334238,14.382977567775834,36.617049408138264,0.010503304562962916,0.03494205188447516,"[[2162, 943], [1116, 1737]]","[[208, 137], [158, 159]]"
disclosure_x_bias,137,init_easy,Hostility,exponential,23.2217681785247,28.729290806815307,0.6544134566578309,0.5498643147896879,14.433200569138553,36.653841512098985,0.011195255487741671,0.034492444558664015,"[[2164, 941], [1118, 1735]]","[[207, 138], [160, 157]]"
disclosure_x_bias,138,init_easy,Hostility,exponential,23.251789929834292,28.83735274240309,0.6545812418927303,0.5498643147896879,14.426718713011876,36.94715635018306,0.011234848951028957,0.034492444558664015,"[[2164, 941], [1117, 1736]]","[[207, 138], [160, 157]]"
disclosure_x_bias,139,init_easy,Hostility,exponential,23.239498278444906,28.82074715311159,0.6544137386498223,0.5513568521031208,14.433884373976774,36.92338140202489,0.011185230877559568,0.034926794880016536,"[[2164, 941], [1118, 1735]]","[[207, 138], [159, 158]]"
disclosure_x_bias,140,init_easy,Hostility,exponential,23.239449824528762,28.784430230297147,0.6557560205290169,0.5498417005879692,14.44514648097191,36.88200345577812,0.009343197321402102,0.031743265670634443,"[[2160, 945], [1106, 1747]]","[[206, 139], [159, 158]]"
disclosure_x_bias,141,init_easy,Hostility,exponential,23.207188519301166,28.823368092306197,0.6555882352941176,0.5498417005879692,14.42750399169046,36.94274567471712,0.009081084291285131,0.031743265670634443,"[[2158, 947], [1105, 1748]]","[[206, 139], [159, 158]]"
disclosure_x_bias,142,init_easy,Hostility,exponential,23.20929808937759,28.828838095560997,0.6557560205290169,0.5483265490728177,14.427082998962428,36.98097614838077,0.009140117696905899,0.034618043420621046,"[[2158, 947], [1104, 1749]]","[[205, 140], [159, 158]]"
disclosure_x_bias,143,init_easy,Hostility,exponential,23.182577577234902,28.863409064005026,0.6559238057639163,0.5483265490728177,14.452143620542996,37.013322542036946,0.009023683513333127,0.034618043420621046,"[[2158, 947], [1103, 1750]]","[[205, 140], [159, 158]]"
disclosure_x_bias,144,init_easy,Hostility,exponential,23.180244950257215,28.877276327526907,0.6554204500592183,0.5498417005879692,14.458244420714742,37.05691482556519,0.007869838101297042,0.0348094200692556,"[[2159, 946], [1107, 1746]]","[[207, 138], [160, 157]]"
disclosure_x_bias,145,init_easy,Hostility,exponential,23.175441190759962,28.846936848072907,0.6557560205290169,0.5483265490728177,14.45235725429246,36.994328027842684,0.009071414257003781,0.034618043420621046,"[[2157, 948], [1103, 1750]]","[[205, 140], [159, 158]]"
disclosure_x_bias,146,init_easy,Hostility,exponential,23.178515542527677,28.87018964115926,0.6557560205290169,0.5483265490728177,14.446816349293416,37.00251072144994,0.009071414257003781,0.034618043420621046,"[[2157, 948], [1103, 1750]]","[[205, 140], [159, 158]]"
disclosure_x_bias,147,init_easy,Hostility,exponential,23.192215650833642,28.866557612276473,0.6559238057639163,0.5483265490728177,14.462336545795397,36.97610310527048,0.009127083679110295,0.034618043420621046,"[[2157, 948], [1102, 1751]]","[[205, 140], [159, 158]]"
disclosure_x_bias,148,init_easy,Hostility,exponential,23.179242617090487,28.881324222013557,0.6559238057639163,0.5483265490728177,14.452674597537904,37.01472476420104,0.009127083679110295,0.034618043420621046,"[[2157, 948], [1102, 1751]]","[[205, 140], [159, 158]]"
disclosure_x_bias,149,init_easy,Hostility,exponential,23.22145367059011,28.868278468897905,0.6559238057639163,0.5498417005879692,14.479380073762,36.9979440482382,0.009127083679110295,0.036245360125381584,"[[2157, 948], [1102, 1751]]","[[206, 139], [159, 158]]"
disclosure_x_bias,150,init_easy,Hostility,exponential,23.220057991975445,28.871791987888884,0.6560913090068242,0.5483265490728177,14.487890175750422,37.01575303712776,0.008259180957906155,0.033873200730690466,"[[2166, 939], [1110, 1743]]","[[207, 138], [161, 156]]"
disclosure_x_bias,151,init_easy,Hostility,exponential,23.12673250859732,28.762743522697292,0.6557560205290169,0.5468340117593848,14.524225242657755,36.833132747441205,0.007930765146553989,0.030052119598167778,"[[2166, 939], [1112, 1741]]","[[207, 138], [162, 155]]"
disclosure_x_bias,152,init_easy,Hostility,exponential,23.103038181184793,28.816515518124113,0.656259376233715,0.5453188602442334,14.469209608843151,36.94232631366481,0.008261419124357565,0.032920768653926714,"[[2167, 938], [1110, 1743]]","[[206, 139], [162, 155]]"
disclosure_x_bias,153,init_easy,Hostility,exponential,23.173235724028793,28.810266053969617,0.6562599402176978,0.5498417005879692,14.519731386457236,36.8980077579052,0.007926070995191086,0.0348094200692556,"[[2161, 944], [1104, 1749]]","[[207, 138], [160, 157]]"
disclosure_x_bias,154,init_easy,Hostility,exponential,23.243606148028444,29.31616487338696,0.6564277254525972,0.5483265490728177,14.444164794787515,37.25508584338224,0.008171646039409569,0.033873200730690466,"[[2166, 939], [1108, 1745]]","[[207, 138], [161, 156]]"
disclosure_x_bias,155,init_easy,Hostility,exponential,23.238036448739827,29.28273348068779,0.655589081270092,0.5498417005879692,14.461310982897523,37.22138949658927,0.009484358033686873,0.0348094200692556,"[[2165, 940], [1112, 1741]]","[[207, 138], [160, 157]]"
disclosure_x_bias,156,init_easy,Hostility,exponential,23.22561419309766,29.29452635899089,0.6562599402176978,0.5483265490728177,14.45847102540952,37.25629161675841,0.010080160864071609,0.033873200730690466,"[[2171, 934], [1114, 1739]]","[[207, 138], [161, 156]]"
disclosure_x_bias,157,init_easy,Hostility,exponential,23.22326323308225,29.274182816687954,0.6567632959223958,0.5483265490728177,14.458764909995399,37.21939682747214,0.007671673791676516,0.032332078848736914,"[[2161, 944], [1101, 1752]]","[[206, 139], [160, 157]]"
disclosure_x_bias,158,init_easy,Hostility,exponential,23.21448072339867,29.29700763285511,0.6574344368619931,0.5498417005879692,14.459361921355203,37.263608940496404,0.00824080800918212,0.03406876168908316,"[[2161, 944], [1097, 1756]]","[[207, 138], [160, 157]]"
disclosure_x_bias,159,init_easy,Hostility,exponential,23.20711735608484,29.253581518131664,0.6576025040888839,0.5513568521031208,14.455182601428776,37.18453168665136,0.008976965434722622,0.03635809958800731,"[[2162, 943], [1097, 1756]]","[[208, 137], [160, 157]]"
disclosure_x_bias,160,init_easy,Hostility,exponential,23.18248855632966,29.296881264233207,0.6574347188539845,0.5498643147896879,14.482734341925374,37.2907593108843,0.00834047749539613,0.0359410508568297,"[[2160, 945], [1096, 1757]]","[[208, 137], [161, 156]]"
disclosure_x_bias,161,init_easy,Hostility,exponential,23.047849995425985,29.227834799501828,0.6574347188539845,0.5498417005879692,14.464291386345094,37.27984583740845,0.00845223977345,0.0348094200692556,"[[2163, 942], [1099, 1754]]","[[208, 137], [161, 156]]"
disclosure_x_bias,162,init_easy,Hostility,exponential,23.06238613454636,29.205661544001327,0.6576027860808753,0.5483491632745364,14.446748564486851,37.22903613496787,0.008084680116339449,0.0335485152564103,"[[2161, 944], [1096, 1757]]","[[207, 138], [161, 156]]"
disclosure_x_bias,163,init_easy,Hostility,exponential,23.118172809917326,29.24227200379956,0.6574347188539845,0.5498417005879692,14.486341847047383,37.302337912576995,0.009231372232762294,0.03762654030972432,"[[2159, 946], [1095, 1758]]","[[206, 139], [159, 158]]"
disclosure_x_bias,164,init_easy,Hostility,exponential,23.100834846688677,29.176749890808377,0.6567635779143872,0.5498417005879692,14.483832725850466,37.15382653777788,0.009147102565181375,0.03762654030972432,"[[2160, 945], [1100, 1753]]","[[206, 139], [159, 158]]"
disclosure_x_bias,165,init_easy,Hostility,exponential,23.126070992055524,29.276222075435953,0.6570991483841859,0.5468113975576662,14.495108809419628,37.41752053714077,0.00785714146780082,0.032046450772932944,"[[2164, 941], [1102, 1751]]","[[206, 139], [161, 156]]"
disclosure_x_bias,166,init_easy,Hostility,exponential,23.104414938541904,29.274101629337707,0.6574347188539845,0.5468113975576662,14.494239033565586,37.405608110136555,0.007996744346967517,0.032046450772932944,"[[2165, 940], [1101, 1752]]","[[206, 139], [161, 156]]"
disclosure_x_bias,167,init_easy,Hostility,exponential,23.102060983721852,29.2818386661368,0.6577705713157747,0.5498643147896879,14.4995278262724,37.42870289795011,0.007419664285699753,0.038675831559445935,"[[2159, 946], [1093, 1760]]","[[206, 139], [159, 158]]"
disclosure_x_bias,168,init_easy,Hostility,exponential,23.107657433652797,29.28906719687733,0.6576025040888839,0.5483491632745364,14.504034752609096,37.430239435105946,0.007620966650341623,0.03715614200319196,"[[2163, 942], [1098, 1755]]","[[206, 139], [160, 157]]"
disclosure_x_bias,169,init_easy,Hostility,exponential,23.11403589197107,29.295709549950935,0.6576025040888839,0.5468340117593848,14.516719541963887,37.4599734073609,0.007620966650341623,0.03327447523949848,"[[2161, 944], [1096, 1757]]","[[206, 139], [161, 156]]"
disclosure_x_bias,170,init_easy,Hostility,exponential,23.11167719580753,29.30908921605294,0.6576025040888839,0.5498643147896879,14.510695620803574,37.45044843414041,0.007620966650341623,0.038675831559445935,"[[2159, 946], [1094, 1759]]","[[206, 139], [159, 158]]"
disclosure_x_bias,171,init_easy,Hostility,exponential,23.096793139599693,29.275334680534154,0.6581067057695561,0.5452962460425147,14.508483042285576,37.41733606160644,0.00826056763342527,0.03086211218986316,"[[2167, 938], [1099, 1754]]","[[205, 140], [161, 156]]"
disclosure_x_bias,172,init_easy,Hostility,exponential,23.051242262920457,29.267477155901577,0.6579386385426653,0.5498417005879692,14.50529469081354,37.42487739911587,0.00810924506977823,0.03762654030972432,"[[2166, 939], [1099, 1754]]","[[206, 139], [159, 158]]"
disclosure_x_bias,173,init_easy,Hostility,exponential,23.035511703667925,29.270407325925568,0.6577708533077661,0.5483265490728177,14.493004767918219,37.41687394836789,0.00847077167918179,0.036762134566195495,"[[2165, 940], [1099, 1754]]","[[205, 140], [159, 158]]"
disclosure_x_bias,174,init_easy,Hostility,exponential,23.059558851940498,29.283350792993808,0.6576030680728667,0.5483265490728177,14.481357719289251,37.431661695454395,0.009127754781183788,0.036762134566195495,"[[2167, 938], [1102, 1751]]","[[205, 140], [159, 158]]"
disclosure_x_bias,175,init_easy,Hostility,exponential,23.02540382799378,29.239410463920525,0.6584419942473634,0.5483265490728177,14.532878852882854,37.44340352147377,0.00894053760051452,0.036762134566195495,"[[2165, 940], [1095, 1758]]","[[205, 140], [159, 158]]"
disclosure_x_bias,176,init_easy,Hostility,exponential,23.005752936923354,29.239505706539763,0.6584419942473634,0.5483265490728177,14.511254101155057,37.40425124002505,0.00894053760051452,0.036762134566195495,"[[2167, 938], [1097, 1756]]","[[205, 140], [159, 158]]"
disclosure_x_bias,177,init_easy,Hostility,exponential,23.01116726710628,29.24989047483063,0.6584419942473634,0.5498417005879692,14.518165703160927,37.445307692831165,0.00894053760051452,0.03762654030972432,"[[2166, 939], [1096, 1757]]","[[206, 139], [159, 158]]"
disclosure_x_bias,178,init_easy,Hostility,exponential,23.016407387709734,29.26750109677905,0.6582739270204726,0.5513342379014021,14.523435801892335,37.43230108480529,0.009156385426992137,0.0386715339162677,"[[2167, 938], [1098, 1755]]","[[207, 138], [159, 158]]"
disclosure_x_bias,179,init_easy,Hostility,exponential,23.008357062347354,29.27318543874093,0.6584419942473634,0.5498417005879692,14.526615148577868,37.495954456026304,0.00894053760051452,0.03762654030972432,"[[2166, 939], [1096, 1757]]","[[206, 139], [159, 158]]"
disclosure_x_bias,180,init_easy,Hostility,exponential,23.00704887177326,29.268913090126755,0.6582739270204726,0.5513342379014021,14.53869307233179,37.4513497034895,0.009156385426992137,0.0386715339162677,"[[2166, 939], [1097, 1756]]","[[207, 138], [159, 158]]"
disclosure_x_bias,181,init_easy,Hostility,exponential,23.005676251377896,29.28499664251968,0.6587781287011449,0.5513342379014021,14.54205651371982,37.50017772502238,0.009722644350628471,0.0386715339162677,"[[2164, 941], [1092, 1761]]","[[207, 138], [159, 158]]"
disclosure_x_bias,182,init_easy,Hostility,exponential,22.98152168270645,29.231197155298986,0.6589461959280356,0.5513116236996833,14.548333986222005,37.49210996802677,0.009509748737428481,0.03956666079337157,"[[2166, 939], [1093, 1760]]","[[206, 139], [158, 159]]"
disclosure_x_bias,183,init_easy,Hostility,exponential,23.01868858613829,29.247756645215624,0.6589461959280356,0.5498190863862505,14.555721591755713,37.49536261707937,0.009343839351209988,0.03789737346809807,"[[2166, 939], [1093, 1760]]","[[206, 139], [159, 158]]"
disclosure_x_bias,184,init_easy,Hostility,exponential,23.031238813904213,29.257533090722298,0.6584428402233377,0.5513116236996833,14.558772095028125,37.44706673255298,0.0093185571402634,0.041455593759211665,"[[2166, 939], [1096, 1757]]","[[206, 139], [158, 159]]"
disclosure_x_bias,185,init_easy,Hostility,exponential,23.017954983203058,29.210569954866276,0.6591142631549264,0.5513116236996833,14.553528407685677,37.44835802670597,0.00915301991457081,0.04083565906653688,"[[2165, 940], [1091, 1762]]","[[205, 140], [157, 160]]"
disclosure_x_bias,186,init_easy,Hostility,exponential,23.0009989329524,29.242406719417914,0.6594495516327337,0.5528041610131162,14.532718320573855,37.51792751171648,0.009065654295897452,0.0435020612974351,"[[2166, 939], [1090, 1763]]","[[206, 139], [157, 160]]"
disclosure_x_bias,187,init_easy,Hostility,exponential,23.02310939582693,29.267178115182087,0.6594495516327337,0.5513116236996833,14.5836377003615,37.50122421783905,0.009168581141561973,0.03956666079337157,"[[2168, 937], [1092, 1761]]","[[206, 139], [158, 159]]"
disclosure_x_bias,188,init_easy,Hostility,exponential,23.017474274168798,29.265167127845825,0.6592817663978343,0.5528267752148349,14.556356506855156,37.53476889719826,0.009778810258987749,0.04024638974907638,"[[2168, 937], [1093, 1760]]","[[207, 138], [158, 159]]"
disclosure_x_bias,189,init_easy,Hostility,exponential,23.00769017909176,29.214049042988346,0.6594495516327337,0.5497964721845319,14.555227321345125,37.38981823903325,0.009404364001267127,0.04073344439375246,"[[2168, 937], [1092, 1761]]","[[205, 140], [158, 159]]"
disclosure_x_bias,190,init_easy,Hostility,exponential,23.01988889022787,29.24211355787857,0.6594495516327337,0.5528267752148349,14.567021191720556,37.44007061188475,0.009236561862539879,0.04024638974907638,"[[2168, 937], [1092, 1761]]","[[207, 138], [158, 159]]"
disclosure_x_bias,191,init_easy,Hostility,exponential,22.980524642060413,29.204022546986558,0.6592817663978343,0.5528267752148349,14.557510265627805,37.393175956014005,0.00925286825542845,0.04024638974907638,"[[2167, 938], [1092, 1761]]","[[207, 138], [158, 159]]"
disclosure_x_bias,192,init_easy,Hostility,exponential,22.973270831206108,29.204102143544326,0.6592820483898257,0.5528041610131162,14.556692076165723,37.41340711516879,0.009474785270931296,0.0435020612974351,"[[2167, 938], [1092, 1761]]","[[206, 139], [157, 160]]"
disclosure_x_bias,193,init_easy,Hostility,exponential,22.91655297279325,29.14673960246135,0.659617336867633,0.5512890094979647,14.5974333932949,37.40572491998235,0.009871216851980827,0.04404693358902919,"[[2167, 938], [1090, 1763]]","[[205, 140], [157, 160]]"
disclosure_x_bias,194,init_easy,Hostility,exponential,22.957094249123664,29.16352688265486,0.6597856860865152,0.5512890094979647,14.615119490390788,37.475376971926686,0.009538401403978625,0.042873091252388626,"[[2168, 937], [1090, 1763]]","[[205, 140], [157, 160]]"
disclosure_x_bias,195,init_easy,Hostility,exponential,22.966279720353164,29.195890288257782,0.6604562630421296,0.5528041610131162,14.638836683769506,37.554447608106884,0.00899550464879167,0.04291170160452097,"[[2166, 939], [1084, 1769]]","[[206, 139], [157, 160]]"
disclosure_x_bias,196,init_easy,Hostility,exponential,22.9724693383208,29.183327582324846,0.6604565450341211,0.5512890094979647,14.608848591321962,37.505837519167784,0.009053585576783275,0.04404693358902919,"[[2166, 939], [1084, 1769]]","[[205, 140], [157, 160]]"
disclosure_x_bias,197,init_easy,Hostility,exponential,22.939178745787338,29.17813701135983,0.6602884778072303,0.5497738579828132,14.618445783751971,37.451452585567296,0.008893456498084186,0.043367078005707896,"[[2166, 939], [1085, 1768]]","[[204, 141], [157, 160]]"
disclosure_x_bias,198,init_easy,Hostility,exponential,22.94752671652764,29.190473015169268,0.660792961479894,0.5528041610131162,14.634783967148906,37.50351693537168,0.009072281011333097,0.04291170160452097,"[[2166, 939], [1082, 1771]]","[[206, 139], [157, 160]]"
disclosure_x_bias,199,init_easy,Hostility,exponential,22.933506206119855,29.206562442770498,0.660792961479894,0.5512890094979647,14.624257173908804,37.47243172041166,0.009673005570590976,0.04227394884565772,"[[2167, 938], [1083, 1770]]","[[205, 140], [157, 160]]"
disclosure_x_bias,200,init_easy,Hostility,exponential,22.731965447467697,28.42592578673367,0.6607932434718855,0.5512890094979647,14.567627395263907,35.67689612106683,0.01001258331020059,0.04404693358902919,"[[2165, 940], [1081, 1772]]","[[205, 140], [157, 160]]"
disclosure_x_bias,201,init_easy,Hostility,exponential,22.83961071026154,29.03960608852982,0.6602890417912131,0.5497738579828132,14.493807223672738,36.30582283962147,0.009384778682936204,0.04565921883776122,"[[2162, 943], [1081, 1772]]","[[203, 142], [156, 161]]"
disclosure_x_bias,202,init_easy,Hostility,exponential,22.840086493581058,29.021729565932038,0.6611288139416841,0.5512890094979647,14.532561370366487,36.21716277729643,0.009795751955161172,0.04404693358902919,"[[2168, 937], [1082, 1771]]","[[205, 140], [157, 160]]"
disclosure_x_bias,203,init_easy,Hostility,exponential,22.84535722646408,29.03862890988531,0.6606243302690203,0.5512890094979647,14.52830179876379,36.2678335992905,0.008907923450128395,0.04404693358902919,"[[2168, 937], [1085, 1768]]","[[205, 140], [157, 160]]"
disclosure_x_bias,204,init_easy,Hostility,exponential,22.834423669653713,29.033406113998247,0.660792961479894,0.5497738579828132,14.50685230128326,36.23518846670048,0.009575502307033442,0.043367078005707854,"[[2166, 939], [1082, 1771]]","[[204, 141], [157, 160]]"
disclosure_x_bias,205,init_easy,Hostility,exponential,22.907978480280555,29.033947810163397,0.6606246122610118,0.5543193125282677,14.561701131600023,36.27721562327803,0.008965509536161907,0.04168446221725198,"[[2162, 943], [1079, 1774]]","[[206, 139], [156, 161]]"
disclosure_x_bias,206,init_easy,Hostility,exponential,22.839189334781427,29.016574004784893,0.6614638204274998,0.5543193125282677,14.514966087682755,36.236448363995315,0.009934260664185146,0.0434814902910718,"[[2163, 942], [1075, 1778]]","[[205, 140], [155, 162]]"
disclosure_x_bias,207,init_easy,Hostility,exponential,22.837863346671586,29.032203027868086,0.6612957532006091,0.5528041610131162,14.52004645242938,36.28066103844055,0.00809540067836129,0.04231310591371295,"[[2165, 940], [1078, 1775]]","[[205, 140], [156, 161]]"
disclosure_x_bias,208,init_easy,Hostility,exponential,22.839623868639894,29.045010992313344,0.6617993908972986,0.5558344640434193,14.518050433648712,36.263734031263915,0.009260758208067453,0.0422104102494349,"[[2168, 937], [1078, 1775]]","[[207, 138], [156, 161]]"
disclosure_x_bias,209,init_easy,Hostility,exponential,22.835425904512668,29.051750219695073,0.6623024646100051,0.5543193125282677,14.524800498987497,36.323750406759345,0.007915918096209106,0.04289084745493165,"[[2166, 939], [1073, 1780]]","[[206, 139], [156, 161]]"
disclosure_x_bias,210,init_easy,Hostility,exponential,22.865514823047896,29.100042940699364,0.6619668941402064,0.5543193125282677,14.584358427321161,36.35676806750755,0.010355900353039503,0.04289084745493165,"[[2163, 942], [1072, 1781]]","[[206, 139], [156, 161]]"
disclosure_x_bias,211,init_easy,Hostility,exponential,22.85945697127939,29.043331546608936,0.6629741695335852,0.5543193125282677,14.592931242396556,36.32663258206265,0.008508837151717944,0.04168446221725197,"[[2167, 938], [1070, 1783]]","[[206, 139], [156, 161]]"
disclosure_x_bias,212,init_easy,Hostility,exponential,22.86117520254358,29.06815141365508,0.6629741695335852,0.5543193125282677,14.604388733944015,36.344253843051895,0.009933549334854911,0.04168446221725197,"[[2165, 940], [1068, 1785]]","[[206, 139], [156, 161]]"
disclosure_x_bias,213,init_easy,Hostility,exponential,22.84070794184848,29.005380619559496,0.6626385990637866,0.5528041610131162,14.573110174609681,36.207937024157566,0.009284624318667011,0.04231310591371295,"[[2166, 939], [1071, 1782]]","[[205, 140], [156, 161]]"
disclosure_x_bias,214,init_easy,Hostility,exponential,22.85473631325098,29.05907446950486,0.6631419547684846,0.5528041610131162,14.585082359998946,36.2791268729179,0.009225552561262316,0.04231310591371295,"[[2166, 939], [1068, 1785]]","[[205, 140], [156, 161]]"
disclosure_x_bias,215,init_easy,Hostility,exponential,22.837887245935228,29.039891479749446,0.6633097400033839,0.5512890094979647,14.574906929486115,36.23782088397072,0.009727835497910809,0.041666191912327774,"[[2171, 934], [1072, 1781]]","[[205, 140], [157, 160]]"
disclosure_x_bias,216,init_easy,Hostility,exponential,22.83091851025527,29.041261451458023,0.6633097400033839,0.5528041610131162,14.590602034271921,36.2393105642947,0.008992643642004382,0.04231310591371295,"[[2163, 942], [1064, 1789]]","[[205, 140], [156, 161]]"
disclosure_x_bias,217,init_easy,Hostility,exponential,22.814926669200812,29.034466067948113,0.6636453104731825,0.5528041610131162,14.58848192811183,36.2528939312076,0.008533416496744493,0.04108976182705836,"[[2170, 935], [1069, 1784]]","[[206, 139], [157, 160]]"
disclosure_x_bias,218,init_easy,Hostility,exponential,22.846570736879816,29.1419318289228,0.663309176019401,0.5528041610131162,14.600698250707639,36.48861369182668,0.00887728386465193,0.04108976182705836,"[[2170, 935], [1071, 1782]]","[[206, 139], [157, 160]]"
disclosure_x_bias,219,init_easy,Hostility,exponential,22.843735738430972,29.141889262812548,0.6636453104731825,0.5528041610131162,14.60460722284913,36.4736874388025,0.008533416496744493,0.04108976182705836,"[[2169, 936], [1068, 1785]]","[[206, 139], [157, 160]]"
disclosure_x_bias,220,init_easy,Hostility,exponential,22.825735839289106,29.130471013278775,0.6639811629349726,0.5528041610131162,14.600965034715175,36.48808356588976,0.00869357685420802,0.04108976182705836,"[[2170, 935], [1067, 1786]]","[[206, 139], [157, 160]]"
disclosure_x_bias,221,init_easy,Hostility,exponential,22.831066551923062,29.132312358354323,0.6636450284811911,0.5497738579828132,14.591538970771996,36.49911861302928,0.008361269485333922,0.0415651037188901,"[[2170, 935], [1069, 1784]]","[[204, 141], [157, 160]]"
disclosure_x_bias,222,init_easy,Hostility,exponential,22.825954348240455,29.130852535124767,0.6636450284811911,0.5512890094979647,14.610216552565994,36.49536132625075,0.008727359386548778,0.04104943782738782,"[[2169, 936], [1068, 1785]]","[[205, 140], [157, 160]]"
disclosure_x_bias,223,init_easy,Hostility,exponential,22.82447802088347,29.12339522916316,0.6639808809429812,0.5512890094979647,14.611759656650756,36.457371684749354,0.008561291767403594,0.04104943782738782,"[[2173, 932], [1070, 1783]]","[[205, 140], [157, 160]]"
disclosure_x_bias,224,init_easy,Hostility,exponential,22.841628071158638,29.14111934096785,0.6639805989509898,0.5512890094979647,14.622387224856327,36.511264115194884,0.00889545303082036,0.04104943782738782,"[[2166, 939], [1063, 1790]]","[[205, 140], [157, 160]]"
disclosure_x_bias,225,init_easy,Hostility,exponential,22.799441396331968,29.123006212730342,0.6643161694207884,0.5497738579828132,14.637640789227397,36.50208616687323,0.008326414564243507,0.043367078005707854,"[[2161, 944], [1056, 1797]]","[[203, 142], [156, 161]]"
disclosure_x_bias,226,init_easy,Hostility,exponential,22.796528059206242,29.099887001012387,0.6641483841858891,0.5512890094979647,14.627223268323434,36.470603421171695,0.008671724632402006,0.0446222765121492,"[[2157, 948], [1053, 1800]]","[[203, 142], [155, 162]]"
disclosure_x_bias,227,init_easy,Hostility,exponential,22.788694558764753,29.115976898036166,0.664148948169872,0.5497738579828132,14.633207382533872,36.48439598024599,0.009606898948950183,0.043367078005707854,"[[2161, 944], [1057, 1796]]","[[203, 142], [156, 161]]"
disclosure_x_bias,228,init_easy,Hostility,exponential,22.79629869187968,29.074619738177823,0.6644839546556878,0.5497738579828132,14.635687146148644,36.39972387423671,0.009098929165506529,0.043367078005707854,"[[2164, 941], [1058, 1795]]","[[203, 142], [156, 161]]"
disclosure_x_bias,229,init_easy,Hostility,exponential,22.812445043942194,29.13994101143158,0.6649878743443687,0.5482587064676616,14.642156948757734,36.473593143005246,0.009176798249788043,0.04261658163974348,"[[2171, 934], [1062, 1791]]","[[202, 143], [156, 161]]"
disclosure_x_bias,230,init_easy,Hostility,exponential,22.794277002293448,29.07510627288034,0.6644842366476792,0.5497738579828132,14.648430428673691,36.39677114570315,0.009086823907147011,0.043367078005707854,"[[2162, 943], [1056, 1797]]","[[202, 143], [155, 162]]"
disclosure_x_bias,231,init_easy,Hostility,exponential,22.793831383487795,29.06812029530837,0.6654909480570752,0.5497738579828132,14.651134145463272,36.37638475489838,0.008948223993641445,0.043367078005707854,"[[2169, 936], [1057, 1796]]","[[203, 142], [156, 161]]"
disclosure_x_bias,232,init_easy,Hostility,exponential,22.754040197109948,29.02141069795831,0.665491512041058,0.5482587064676616,14.653190075322515,36.43037161362516,0.009469662164904637,0.04261658163974348,"[[2171, 934], [1059, 1794]]","[[202, 143], [156, 161]]"
disclosure_x_bias,233,init_easy,Hostility,exponential,22.754500079217657,29.026969239925016,0.6658273645028482,0.5497738579828132,14.652004556251025,36.432525400924284,0.009342771220441517,0.043367078005707854,"[[2171, 934], [1057, 1796]]","[[203, 142], [156, 161]]"
disclosure_x_bias,234,init_easy,Hostility,exponential,22.74803887711909,29.034086940817637,0.6663310021995376,0.5482587064676616,14.653591983283171,36.45815630360113,0.010183179880099435,0.04261658163974348,"[[2173, 932], [1056, 1797]]","[[202, 143], [156, 161]]"
disclosure_x_bias,235,init_easy,Hostility,exponential,22.765520354603957,29.025259954309057,0.6664990694264283,0.5482587064676616,14.675993503615675,36.41858469616529,0.010027467753481836,0.04261658163974348,"[[2174, 931], [1056, 1797]]","[[202, 143], [156, 161]]"
disclosure_x_bias,236,init_easy,Hostility,exponential,22.75659277885011,29.045477955276834,0.6664985054424454,0.5482587064676616,14.664051769050316,36.47190186937384,0.009828907623367758,0.04261658163974348,"[[2175, 930], [1057, 1796]]","[[202, 143], [156, 161]]"
disclosure_x_bias,237,init_easy,Hostility,exponential,22.691446304598212,29.04618843058959,0.6666662906773448,0.5497738579828132,14.698790153341937,36.44259134434719,0.010659936322602434,0.043367078005707854,"[[2172, 933], [1053, 1800]]","[[203, 142], [156, 161]]"
disclosure_x_bias,238,init_easy,Hostility,exponential,22.668363276665698,29.047685072584436,0.6663298742315719,0.5482587064676616,14.65539325841745,36.474779679104216,0.010646357448966824,0.04261658163974348,"[[2174, 931], [1057, 1796]]","[[202, 143], [156, 161]]"
disclosure_x_bias,239,init_easy,Hostility,exponential,22.713113117098203,29.00496616422451,0.6670018611471434,0.5497738579828132,14.686062220311284,36.36419811507399,0.011512444133069677,0.043367078005707854,"[[2173, 932], [1052, 1801]]","[[203, 142], [156, 161]]"
disclosure_x_bias,240,init_easy,Hostility,exponential,22.697113717276643,28.990981927931433,0.6668343579042355,0.5497738579828132,14.683038102469409,36.33177753415877,0.011171164361893336,0.043367078005707854,"[[2173, 932], [1053, 1800]]","[[203, 142], [156, 161]]"
disclosure_x_bias,241,init_easy,Hostility,exponential,22.689948374898098,28.992448195102327,0.6666662906773448,0.5482587064676616,14.647010083600529,36.3512293845286,0.011372101358882575,0.04261658163974348,"[[2173, 932], [1054, 1799]]","[[202, 143], [156, 161]]"
disclosure_x_bias,242,init_easy,Hostility,exponential,22.703683768368894,29.02677640817858,0.6670018611471434,0.5482587064676616,14.688949772619498,36.39088544525425,0.010724721042589239,0.04261658163974348,"[[2174, 931], [1053, 1800]]","[[202, 143], [156, 161]]"
disclosure_x_bias,243,init_easy,Hostility,exponential,22.704148704132287,28.991804029164804,0.667001579155152,0.5482587064676616,14.699088388132958,36.355012563360745,0.011548092174930507,0.04261658163974348,"[[2176, 929], [1055, 1798]]","[[202, 143], [156, 161]]"
disclosure_x_bias,244,init_easy,Hostility,exponential,22.700992862832255,28.997275698807094,0.6663298742315719,0.5497738579828132,14.701895039912225,36.374961433967975,0.010994615086354012,0.043367078005707854,"[[2171, 934], [1054, 1799]]","[[203, 142], [156, 161]]"
disclosure_x_bias,245,init_easy,Hostility,exponential,22.69913706751959,28.986234977673423,0.6670027071231177,0.5482813206693804,14.698331456564615,36.365085573670335,0.009995760383262314,0.04119210622481848,"[[2177, 928], [1056, 1797]]","[[203, 142], [157, 160]]"
disclosure_x_bias,246,init_easy,Hostility,exponential,22.70582208742866,28.970959274051705,0.6668340759122441,0.5482813206693804,14.708407524199803,36.32566155042608,0.010276076729006186,0.03929050785680515,"[[2177, 928], [1057, 1796]]","[[203, 142], [157, 160]]"
disclosure_x_bias,247,init_easy,Hostility,exponential,22.699383368054246,29.00917518877001,0.6675057808358242,0.5482813206693804,14.70215519100103,36.386653256838315,0.009540748162240454,0.04119210622481848,"[[2180, 925], [1056, 1797]]","[[203, 142], [157, 160]]"
disclosure_x_bias,248,init_easy,Hostility,exponential,22.666711071297264,28.955508002753874,0.668177203767413,0.5482813206693804,14.7078025857184,36.40362042315411,0.01049629338101859,0.04119210622481848,"[[2183, 922], [1055, 1798]]","[[203, 142], [157, 160]]"
disclosure_x_bias,249,init_easy,Hostility,exponential,22.671252327353223,28.980323803368538,0.6680091365405223,0.5482813206693804,14.710030747602065,36.43125999347282,0.009623977280553926,0.04119210622481848,"[[2182, 923], [1055, 1798]]","[[203, 142], [157, 160]]"
disclosure_x_bias,250,init_easy,Hostility,exponential,22.675974632299656,28.957637189782826,0.6680085725565393,0.5497964721845319,14.724785847150354,36.40275298456866,0.009934057412736895,0.04010234768250568,"[[2182, 923], [1055, 1798]]","[[204, 141], [157, 160]]"
disclosure_x_bias,251,init_easy,Hostility,exponential,22.676111503268267,29.011054663048448,0.6680091365405223,0.5482813206693804,14.717799875972473,36.4931919248644,0.009785138012538223,0.04119210622481848,"[[2180, 925], [1053, 1800]]","[[203, 142], [157, 160]]"
disclosure_x_bias,252,init_easy,Hostility,exponential,22.679472809576453,29.0034016298661,0.6675052168518414,0.5482813206693804,14.758104693805615,36.470326793756996,0.00991670295586104,0.0430097107968397,"[[2180, 925], [1056, 1797]]","[[203, 142], [157, 160]]"
disclosure_x_bias,253,init_easy,Hostility,exponential,22.680968075135233,29.021242451352787,0.6680085725565394,0.5482813206693804,14.738214600294677,36.50629217216678,0.009548734331461249,0.04119210622481848,"[[2183, 922], [1056, 1797]]","[[203, 142], [157, 160]]"
disclosure_x_bias,254,init_easy,Hostility,exponential,22.67999266834762,29.020364735702778,0.6675052168518414,0.5482813206693804,14.756805536818298,36.47431701311183,0.00991670295586104,0.0430097107968397,"[[2180, 925], [1056, 1797]]","[[203, 142], [157, 160]]"
disclosure_x_bias,255,init_easy,Hostility,exponential,22.64211000325385,29.039279371589874,0.6678407873216401,0.5497964721845319,14.809115138895017,36.53132059156367,0.00972990782145283,0.04010234768250568,"[[2182, 923], [1056, 1797]]","[[204, 141], [157, 160]]"
disclosure_x_bias,256,init_easy,Hostility,exponential,22.64629829056714,29.013959477066937,0.6688474987310361,0.5497964721845319,14.798219636637652,36.47658662660515,0.008994932103749322,0.04010234768250568,"[[2186, 919], [1054, 1799]]","[[204, 141], [157, 160]]"
disclosure_x_bias,257,init_easy,Hostility,exponential,22.636907175716733,29.0335222298644,0.6693511364277255,0.5483039348710991,14.812414557142494,36.49920960673374,0.008918121158693924,0.03839092576288883,"[[2186, 919], [1051, 1802]]","[[203, 142], [157, 160]]"
disclosure_x_bias,258,init_easy,Hostility,exponential,22.64771210784092,29.043519092749413,0.6686799954881282,0.5483039348710991,14.783232413120531,36.54184332156872,0.010100126056393932,0.03839092576288883,"[[2181, 924], [1050, 1803]]","[[203, 142], [157, 160]]"
disclosure_x_bias,259,init_easy,Hostility,exponential,22.64859810731445,29.02625094510366,0.6696869888895155,0.5483039348710991,14.783011235289104,36.4986831173132,0.00941584412529657,0.03839092576288883,"[[2185, 920], [1048, 1805]]","[[203, 142], [157, 160]]"
disclosure_x_bias,260,init_easy,Hostility,exponential,22.665156791770723,29.57106020077211,0.6696869888895155,0.5483039348710991,14.631430519151689,36.96946981863248,0.00964634827384946,0.03839092576288883,"[[2187, 918], [1050, 1803]]","[[203, 142], [157, 160]]"
disclosure_x_bias,261,init_easy,Hostility,exponential,22.710403326349443,29.501137887060686,0.6696875528734985,0.5498190863862505,14.685618785353473,36.9052216202697,0.009123376460500588,0.03856457076528738,"[[2186, 919], [1049, 1804]]","[[203, 142], [156, 161]]"
disclosure_x_bias,262,init_easy,Hostility,exponential,22.691716709596285,29.531951503331705,0.670190626586205,0.5483039348710991,14.713070614612448,36.91860480330794,0.009880295537018984,0.03839092576288883,"[[2189, 916], [1049, 1804]]","[[203, 142], [157, 160]]"
disclosure_x_bias,263,init_easy,Hostility,exponential,22.69220899076394,29.48753400029828,0.6695192036546163,0.5498190863862505,14.702720948891953,36.899159644824664,0.009567666623681692,0.03856457076528738,"[[2187, 918], [1051, 1802]]","[[203, 142], [156, 161]]"
disclosure_x_bias,264,init_easy,Hostility,exponential,22.69775768163279,29.51358497531253,0.6701909085781963,0.5483039348710991,14.709931393012077,36.91600674217463,0.010213725314213358,0.03839092576288883,"[[2188, 917], [1048, 1805]]","[[203, 142], [157, 160]]"
disclosure_x_bias,265,init_easy,Hostility,exponential,22.68432484684179,29.493259966505907,0.6698553381083977,0.5483039348710991,14.696893943883769,36.89534690889753,0.010768699581988351,0.03772065718411182,"[[2185, 920], [1047, 1806]]","[[202, 143], [156, 161]]"
disclosure_x_bias,266,init_easy,Hostility,exponential,22.7102443451815,29.556781350781442,0.6693514184197169,0.5498190863862505,14.757111351098137,36.96988541688472,0.010397510298149509,0.03986548034793464,"[[2185, 920], [1050, 1803]]","[[203, 142], [156, 161]]"
disclosure_x_bias,267,init_easy,Hostility,exponential,22.688389920069604,29.524612721620418,0.6703586938130958,0.5513342379014021,14.72037767882486,36.93034480011867,0.009481978482368458,0.039968962214420235,"[[2188, 917], [1047, 1806]]","[[203, 142], [155, 162]]"
disclosure_x_bias,268,init_easy,Hostility,exponential,22.694639289445863,29.558774049003887,0.6693514184197169,0.5498190863862505,14.727055403808235,36.975133377773034,0.010030007530076877,0.03986548034793464,"[[2185, 920], [1050, 1803]]","[[203, 142], [156, 161]]"
disclosure_x_bias,269,init_easy,Hostility,exponential,22.7041537898282,29.541973457593446,0.6706953922508601,0.5498190863862505,14.728196258228811,36.93343827733177,0.009021748117932094,0.041740892790675055,"[[2191, 914], [1048, 1805]]","[[203, 142], [156, 161]]"
disclosure_x_bias,270,init_easy,Hostility,exponential,22.70014439389924,29.575776946954484,0.6698547741244149,0.545273631840796,14.736127890626648,37.001026478804555,0.009688945671680084,0.042894689247702046,"[[2189, 916], [1051, 1802]]","[[201, 144], [157, 160]]"
disclosure_x_bias,271,init_easy,Hostility,exponential,22.708065355373193,29.59869119464248,0.6708631774857594,0.5498190863862505,14.73813386486083,37.054125992075505,0.009149665312270119,0.041740892790675055,"[[2192, 913], [1048, 1805]]","[[203, 142], [156, 161]]"
disclosure_x_bias,272,init_easy,Hostility,exponential,22.70187279634173,29.5244579361973,0.6701903445942136,0.5467887833559475,14.745433276558051,36.92073875694336,0.009954337752216482,0.0401054152314927,"[[2189, 916], [1049, 1804]]","[[202, 143], [157, 160]]"
disclosure_x_bias,273,init_easy,Hostility,exponential,22.714990266871787,29.62884571524607,0.6708631774857594,0.5467887833559475,14.743291387198287,37.14505831712406,0.009485375574122726,0.0401054152314927,"[[2192, 913], [1048, 1805]]","[[202, 143], [157, 160]]"
disclosure_x_bias,274,init_easy,Hostility,exponential,22.556307421561947,28.960493133655234,0.6713668151824488,0.5483039348710991,14.692116668904038,35.64872489891039,0.009393862157140687,0.04033495740077957,"[[2195, 910], [1048, 1805]]","[[202, 143], [156, 161]]"
disclosure_x_bias,275,init_easy,Hostility,exponential,22.524160493847315,28.8913350516305,0.6715346004173481,0.545273631840796,14.703571165258118,35.64863833378328,0.009731285652408887,0.03916456498513423,"[[2199, 906], [1051, 1802]]","[[202, 143], [158, 159]]"
disclosure_x_bias,276,init_easy,Hostility,exponential,22.533959258306076,28.91134880038254,0.6710303987366759,0.5483039348710991,14.720845982054572,35.680290077976665,0.009461667987051932,0.04033495740077957,"[[2196, 909], [1051, 1802]]","[[202, 143], [156, 161]]"
disclosure_x_bias,277,init_easy,Hostility,exponential,22.4895697662404,28.897828260460464,0.6710306807286673,0.5483039348710991,14.709469271365112,35.64012696034634,0.008905284314194439,0.04033495740077957,"[[2199, 906], [1054, 1799]]","[[202, 143], [156, 161]]"
disclosure_x_bias,278,init_easy,Hostility,exponential,22.50090848154444,28.912707244672994,0.6710306807286673,0.5483039348710991,14.722673935391938,35.682453582508025,0.008619704702143438,0.04033495740077957,"[[2198, 907], [1053, 1800]]","[[202, 143], [156, 161]]"
disclosure_x_bias,279,init_easy,Hostility,exponential,22.48861430626679,28.90617258104112,0.6706948282668772,0.5483039348710991,14.72174915734961,35.66538571482575,0.009483733831684502,0.04033495740077957,"[[2197, 908], [1054, 1799]]","[[202, 143], [156, 161]]"
disclosure_x_bias,280,init_easy,Hostility,exponential,22.48154851976448,28.899734793828298,0.6705270430319779,0.5467887833559475,14.729991560251099,35.6835181133522,0.008662681584040103,0.0401054152314927,"[[2196, 909], [1054, 1799]]","[[202, 143], [157, 160]]"
disclosure_x_bias,281,init_easy,Hostility,exponential,22.486828948872862,28.890629007329984,0.6703592577970785,0.5498190863862505,14.73107346329078,35.65892287991296,0.009623481931571762,0.0398654803479347,"[[2194, 911], [1053, 1800]]","[[202, 143], [155, 162]]"
disclosure_x_bias,282,init_easy,Hostility,exponential,22.503732578197564,28.89330812762097,0.6727102250296092,0.5513342379014021,14.727442609088403,35.64060127780899,0.009307231507436496,0.04060213224731065,"[[2202, 903], [1047, 1806]]","[[202, 143], [154, 163]]"
disclosure_x_bias,283,init_easy,Hostility,exponential,22.52376307463119,28.914511600031272,0.6715343184253567,0.5498190863862505,14.755100066540765,35.67260057947338,0.00918001050688681,0.0398654803479347,"[[2200, 905], [1052, 1801]]","[[202, 143], [155, 162]]"
disclosure_x_bias,284,init_easy,Hostility,exponential,22.522285762937294,28.893039786306936,0.6713662511984659,0.5498190863862505,14.750755494943215,35.62781988699896,0.009281312542267403,0.0398654803479347,"[[2199, 906], [1052, 1801]]","[[202, 143], [155, 162]]"
disclosure_x_bias,285,init_easy,Hostility,exponential,22.52879240504975,28.896121231295275,0.6717023856522475,0.5498190863862505,14.754628629131645,35.652885395910175,0.009277623415088017,0.0398654803479347,"[[2199, 906], [1050, 1803]]","[[202, 143], [155, 162]]"
disclosure_x_bias,286,init_easy,Hostility,exponential,22.512445122044696,28.862164566501303,0.6717023856522475,0.5483039348710991,14.75359885755135,35.57126632824328,0.009444696049105665,0.039697526194869444,"[[2199, 906], [1050, 1803]]","[[202, 143], [156, 161]]"
disclosure_x_bias,287,init_easy,Hostility,exponential,22.574906934141463,28.956433700582085,0.6715343184253568,0.5483039348710991,14.776033595829496,35.77145628463354,0.008831748497647425,0.039049691208279634,"[[2198, 907], [1050, 1803]]","[[202, 143], [156, 161]]"
disclosure_x_bias,288,init_easy,Hostility,exponential,22.564221449368706,28.961961365441745,0.6717023856522475,0.5483039348710991,14.77007189479248,35.758966664803005,0.009038534953921809,0.039049691208279634,"[[2198, 907], [1049, 1804]]","[[202, 143], [156, 161]]"
disclosure_x_bias,289,init_easy,Hostility,exponential,22.559725149336053,28.957635488284694,0.6720382381140376,0.5467887833559475,14.776175069190513,35.78073071709021,0.008714269785325158,0.04602821261133207,"[[2198, 907], [1047, 1806]]","[[200, 145], [155, 162]]"
disclosure_x_bias,290,init_easy,Hostility,exponential,22.55697245380492,28.97747154167656,0.6718701708871468,0.5467887833559475,14.764370481443642,35.81148112240083,0.00876142196367032,0.04602821261133207,"[[2199, 906], [1049, 1804]]","[[200, 145], [155, 162]]"
disclosure_x_bias,291,init_easy,Hostility,exponential,22.557358966920788,28.964638972970892,0.6722060233489369,0.5467887833559475,14.771806912925031,35.80617328604406,0.008818290416700661,0.04602821261133207,"[[2197, 908], [1045, 1808]]","[[200, 145], [155, 162]]"
disclosure_x_bias,292,init_easy,Hostility,exponential,22.565702842620702,28.998400964595994,0.6718698888951554,0.5497964721845319,14.78861710134329,35.851319866939996,0.008664809569789251,0.048191400945329754,"[[2197, 908], [1047, 1806]]","[[201, 144], [154, 163]]"
disclosure_x_bias,293,init_easy,Hostility,exponential,22.571305882604612,29.011833085003747,0.6722057413569454,0.5467887833559475,14.828632640339363,35.871393799020325,0.008614917664318012,0.04602821261133207,"[[2198, 907], [1046, 1807]]","[[200, 145], [155, 162]]"
disclosure_x_bias,294,init_easy,Hostility,exponential,22.556160331678623,29.0191663017263,0.672541311826744,0.545273631840796,14.80073519839129,35.8900796757328,0.009297053168380837,0.04577150181399661,"[[2202, 903], [1048, 1805]]","[[200, 145], [156, 161]]"
disclosure_x_bias,295,init_easy,Hostility,exponential,22.563355279632525,28.995618711397004,0.67321414471829,0.545273631840796,14.802861502320434,35.845352701953296,0.00932760757484165,0.04577150181399661,"[[2204, 901], [1046, 1807]]","[[200, 145], [156, 161]]"
disclosure_x_bias,296,init_easy,Hostility,exponential,22.51675278270634,29.01826802837894,0.6735497151880887,0.545273631840796,14.784436347447928,35.891724679402074,0.009032139538837122,0.04577150181399661,"[[2205, 900], [1045, 1808]]","[[200, 145], [156, 161]]"
disclosure_x_bias,297,init_easy,Hostility,exponential,22.52108967450732,29.01472998461469,0.6730460774913992,0.5437584803256444,14.776660369970788,35.8886409171953,0.009158594882804056,0.044892623866733546,"[[2204, 901], [1047, 1806]]","[[200, 145], [157, 160]]"
disclosure_x_bias,298,init_easy,Hostility,exponential,22.54758111914387,29.000669793160846,0.672541311826744,0.5483039348710991,14.774874017572904,35.865315444601336,0.008741694345154585,0.0467768748032251,"[[2194, 911], [1040, 1813]]","[[200, 145], [154, 163]]"
disclosure_x_bias,299,init_easy,Hostility,exponential,22.54541920176161,29.029605443561167,0.6720371101460719,0.5483039348710991,14.773554383659825,35.9269417609848,0.008580427037450941,0.0467768748032251,"[[2193, 912], [1042, 1811]]","[[200, 145], [154, 163]]"
disclosure_x_bias,300,init_easy,Hostility,exponential,22.5452450993673,29.008681941019894,0.6727093790536349,0.5483039348710991,14.778796625630124,35.88433737757732,0.00864499205537307,0.0467768748032251,"[[2198, 907], [1043, 1810]]","[[200, 145], [154, 163]]"
disclosure_x_bias,1,init_easy,kDN,log_loss,0.6425103956347165,0.8974948755609164,0.6181583103039874,0.5468566259611036,0.006762623238129577,0.2806540742380735,0.02399627250590758,0.024994530524254606,"[[2030, 1075], [1200, 1653]]","[[209, 136], [164, 153]]"
disclosure_x_bias,2,init_easy,kDN,log_loss,0.6416981009370419,0.8972420148569278,0.6189986464384412,0.5468566259611036,0.0067078064589824495,0.2806181268595453,0.022542693543351464,0.024994530524254606,"[[2037, 1068], [1202, 1651]]","[[209, 136], [164, 153]]"
disclosure_x_bias,3,init_easy,kDN,log_loss,0.640986949987836,0.8971473419714965,0.6216846201567876,0.5483717774762551,0.006672246729868829,0.28091247877535247,0.023567853171152977,0.02634345820143053,"[[2054, 1051], [1203, 1650]]","[[210, 135], [164, 153]]"
disclosure_x_bias,4,init_easy,kDN,log_loss,0.6402811407790996,0.8964834780129609,0.6225235463312841,0.5483717774762551,0.006648821840535468,0.2810583743134441,0.024269206599310325,0.02634345820143053,"[[2059, 1046], [1203, 1650]]","[[210, 135], [164, 153]]"
disclosure_x_bias,5,init_easy,kDN,log_loss,0.6396642171127638,0.8970450981358808,0.6247081382888726,0.5423790140208051,0.0066285505663089776,0.2812685019387889,0.022077652845517142,0.030334366460042173,"[[2089, 1016], [1220, 1633]]","[[210, 135], [168, 149]]"
disclosure_x_bias,6,init_easy,kDN,log_loss,0.6390354777614663,0.8971663451373552,0.6248756415317805,0.5423790140208051,0.0066480892630754055,0.2812836995914513,0.021654932822298304,0.030334366460042173,"[[2089, 1016], [1219, 1634]]","[[210, 135], [168, 149]]"
disclosure_x_bias,7,init_easy,kDN,log_loss,0.6384708717171581,0.8969210167999859,0.6255473464553607,0.5423790140208051,0.006646081196389079,0.28145763120019884,0.021462926398950966,0.030334366460042173,"[[2093, 1012], [1219, 1634]]","[[210, 135], [168, 149]]"
disclosure_x_bias,8,init_easy,kDN,log_loss,0.6379464604974279,0.896493537978802,0.6255473464553607,0.5438941655359566,0.006640513105340892,0.28174216789870243,0.02122846321516982,0.030878567880708453,"[[2098, 1007], [1224, 1629]]","[[211, 134], [168, 149]]"
disclosure_x_bias,9,init_easy,kDN,log_loss,0.6373967315571131,0.8961944074844613,0.6280641249788507,0.5529850746268656,0.006640398356466164,0.2818979473344323,0.016252076106795264,0.05321427545875726,"[[2073, 1032], [1184, 1669]]","[[209, 136], [160, 157]]"
disclosure_x_bias,10,init_easy,kDN,log_loss,0.6369138094625981,0.8965240282571315,0.6280641249788507,0.5529850746268656,0.006641893641406476,0.28178716164171297,0.016252076106795264,0.05321427545875726,"[[2071, 1034], [1182, 1671]]","[[209, 136], [160, 157]]"
disclosure_x_bias,11,init_easy,kDN,log_loss,0.6364104812606282,0.8967368224171312,0.6292386216231459,0.5529850746268656,0.006671529158196069,0.28199757532538927,0.014964813592615474,0.05321427545875726,"[[2095, 1010], [1199, 1654]]","[[211, 134], [162, 155]]"
disclosure_x_bias,12,init_easy,kDN,log_loss,0.6359237248004498,0.89643816178535,0.6295741920929446,0.5545002261420172,0.006693064315838096,0.28220956703678296,0.015125888453232074,0.05461141130067686,"[[2097, 1008], [1199, 1654]]","[[212, 133], [162, 155]]"
disclosure_x_bias,13,init_easy,kDN,log_loss,0.6354862270336082,0.8961929236298827,0.6302453330325418,0.5575305291723203,0.006691671406284392,0.28194025846417664,0.015049077773094213,0.054427058818320065,"[[2102, 1003], [1200, 1653]]","[[214, 131], [162, 155]]"
disclosure_x_bias,14,init_easy,kDN,log_loss,0.6350112812886903,0.8960010602580175,0.6304134002594326,0.5575305291723203,0.006731144429153465,0.28176520069882727,0.014827508648930543,0.054427058818320065,"[[2104, 1001], [1201, 1652]]","[[214, 131], [162, 155]]"
disclosure_x_bias,15,init_easy,kDN,log_loss,0.6345888542570455,0.8959891370246034,0.6304134002594326,0.5575305291723203,0.006738860283630503,0.2816955748756409,0.014827508648930543,0.054427058818320065,"[[2106, 999], [1203, 1650]]","[[214, 131], [162, 155]]"
disclosure_x_bias,16,init_easy,kDN,log_loss,0.634163871721053,0.8960163868217361,0.6304134002594326,0.5575305291723203,0.006757700832240251,0.28192125418785985,0.014827508648930543,0.054427058818320065,"[[2104, 1001], [1201, 1652]]","[[214, 131], [162, 155]]"
disclosure_x_bias,17,init_easy,kDN,log_loss,0.6337648660582802,0.8962596001755916,0.6304134002594326,0.5575305291723203,0.006765273685471711,0.28222720487233804,0.014827508648930543,0.054427058818320065,"[[2104, 1001], [1201, 1652]]","[[214, 131], [162, 155]]"
disclosure_x_bias,18,init_easy,kDN,log_loss,0.6333767414794524,0.8960302964012291,0.6310845411990299,0.5560153776571687,0.006774722386226679,0.2823058677183075,0.01516735907785623,0.054542701143771764,"[[2109, 996], [1202, 1651]]","[[214, 131], [163, 154]]"
disclosure_x_bias,19,init_easy,kDN,log_loss,0.6329926728316719,0.8957932992482652,0.6310845411990299,0.5560153776571687,0.006788488536011508,0.2820041524463008,0.01516735907785623,0.054542701143771764,"[[2109, 996], [1202, 1651]]","[[214, 131], [163, 154]]"
disclosure_x_bias,20,init_easy,kDN,log_loss,0.6326076785189654,0.8960230453625236,0.6322593198353167,0.5560153776571687,0.006818848100432514,0.2821351283205511,0.013293751960174467,0.054542701143771764,"[[2086, 1019], [1172, 1681]]","[[211, 134], [160, 157]]"
disclosure_x_bias,21,init_easy,kDN,log_loss,0.6322362909726317,0.8959603541822604,0.632427105070216,0.5560153776571687,0.006832719602005412,0.2820608997481221,0.013378739079275816,0.054542701143771764,"[[2087, 1018], [1172, 1681]]","[[211, 134], [160, 157]]"
disclosure_x_bias,22,init_easy,kDN,log_loss,0.6318544698118896,0.895846720383384,0.6325948903051153,0.5560153776571687,0.006854549636999594,0.28223841680331874,0.013622558493117536,0.054542701143771764,"[[2089, 1016], [1173, 1680]]","[[211, 134], [160, 157]]"
disclosure_x_bias,23,init_easy,kDN,log_loss,0.6315100938646369,0.8958389665403018,0.6317559641306187,0.5560153776571687,0.0068600940394441205,0.2821885513250368,0.015316989342932267,0.054542701143771764,"[[2113, 992], [1202, 1651]]","[[214, 131], [163, 154]]"
disclosure_x_bias,24,init_easy,kDN,log_loss,0.631162104817413,0.8952683060311853,0.632930460774914,0.5560153776571687,0.006873803951696818,0.28246192425223055,0.013776608346070793,0.054542701143771764,"[[2096, 1009], [1178, 1675]]","[[212, 133], [161, 156]]"
disclosure_x_bias,25,init_easy,kDN,log_loss,0.6308266453032537,0.8950420349285088,0.632930460774914,0.5560153776571687,0.006882547892156077,0.28249914356189226,0.013776608346070793,0.054542701143771764,"[[2096, 1009], [1178, 1675]]","[[212, 133], [161, 156]]"
disclosure_x_bias,26,init_easy,kDN,log_loss,0.6304861241393291,0.8951611593321452,0.6327626755400146,0.5560153776571687,0.006903966193187524,0.2825121935596089,0.013746526596675867,0.054542701143771764,"[[2095, 1010], [1178, 1675]]","[[212, 133], [161, 156]]"
disclosure_x_bias,27,init_easy,kDN,log_loss,0.6301418806587157,0.8952023994773217,0.6325948903051153,0.5560153776571687,0.006931683279671647,0.2825652315729738,0.013507261479315724,0.054542701143771764,"[[2095, 1010], [1179, 1674]]","[[212, 133], [161, 156]]"
disclosure_x_bias,28,init_easy,kDN,log_loss,0.6298066782428058,0.8945339132781273,0.6325948903051153,0.5560153776571687,0.006955479036979158,0.28274105042690234,0.013507261479315724,0.054542701143771764,"[[2095, 1010], [1179, 1674]]","[[212, 133], [161, 156]]"
disclosure_x_bias,29,init_easy,kDN,log_loss,0.629506669964924,0.8949691455958938,0.6325948903051153,0.5560153776571687,0.006959767452600397,0.28279697378728696,0.013507261479315724,0.054542701143771764,"[[2095, 1010], [1179, 1674]]","[[212, 133], [161, 156]]"
disclosure_x_bias,30,init_easy,kDN,log_loss,0.6292056267231311,0.8946378235486266,0.6332668772206869,0.5575305291723203,0.0069635662310212195,0.2829353646671335,0.014384516330233004,0.054427058818320065,"[[2099, 1006], [1179, 1674]]","[[212, 133], [160, 157]]"
disclosure_x_bias,31,init_easy,kDN,log_loss,0.628901841760484,0.8945699549372843,0.6336024476904856,0.5575305291723203,0.006974980466641313,0.28294360527453055,0.014448434051123388,0.054427058818320065,"[[2101, 1004], [1179, 1674]]","[[212, 133], [160, 157]]"
disclosure_x_bias,32,init_easy,kDN,log_loss,0.6286224181725265,0.8949530653710346,0.6336024476904856,0.559023066485753,0.0069753378674278985,0.28282971000576745,0.014448434051123388,0.05262143276816594,"[[2100, 1005], [1178, 1675]]","[[212, 133], [159, 158]]"
disclosure_x_bias,33,init_easy,kDN,log_loss,0.6283368772078866,0.894793832373308,0.6336021656984941,0.5575079149706015,0.006973313709541797,0.2829634167340788,0.014390390891490539,0.05278865485291557,"[[2099, 1006], [1177, 1676]]","[[212, 133], [160, 157]]"
disclosure_x_bias,34,init_easy,kDN,log_loss,0.6280098765759174,0.8946349569900592,0.6339380181602843,0.5575079149706015,0.006985388466781102,0.2829897551977047,0.014717537785987311,0.05278865485291557,"[[2102, 1003], [1178, 1675]]","[[212, 133], [160, 157]]"
disclosure_x_bias,35,init_easy,kDN,log_loss,0.6277253652364172,0.8945504712426198,0.6336024476904856,0.5575079149706015,0.007007372483555333,0.2831801163740773,0.014620602795170438,0.05278865485291557,"[[2100, 1005], [1178, 1675]]","[[212, 133], [160, 157]]"
disclosure_x_bias,36,init_easy,kDN,log_loss,0.6274622855701891,0.8946233294347662,0.6336024476904856,0.5590230664857531,0.007009963890094503,0.2832837733834088,0.014620602795170438,0.056816828575236386,"[[2092, 1013], [1170, 1683]]","[[212, 133], [159, 158]]"
disclosure_x_bias,37,init_easy,kDN,log_loss,0.6272042731088092,0.8944328849758003,0.634273588630083,0.5575079149706015,0.007018942929063807,0.28343379362823545,0.014549653004275834,0.058735336162099645,"[[2097, 1008], [1171, 1682]]","[[212, 133], [160, 157]]"
disclosure_x_bias,38,init_easy,kDN,log_loss,0.6269349488028813,0.8947313113181199,0.6341058033951835,0.5575079149706015,0.007022572485914347,0.2834187136364288,0.014516874816402254,0.058735336162099645,"[[2096, 1009], [1171, 1682]]","[[212, 133], [160, 157]]"
disclosure_x_bias,39,init_easy,kDN,log_loss,0.6266500470974303,0.8947345262972025,0.6359514409790762,0.5575079149706015,0.007060723081239602,0.2834212607277745,0.01417349521683008,0.05741771596366218,"[[2094, 1011], [1158, 1695]]","[[211, 134], [159, 158]]"
disclosure_x_bias,40,init_easy,kDN,log_loss,0.6263927400790573,0.8948634966942196,0.6359514409790762,0.5575079149706015,0.007066413801795603,0.28341092964158987,0.013973460188924591,0.05741771596366218,"[[2094, 1011], [1158, 1695]]","[[211, 134], [159, 158]]"
disclosure_x_bias,41,init_easy,kDN,log_loss,0.6261415256065813,0.8949406509537944,0.6357833737521854,0.5575079149706015,0.00707640210073587,0.2833414792574835,0.013720536788135972,0.05741771596366218,"[[2094, 1011], [1159, 1694]]","[[211, 134], [159, 158]]"
disclosure_x_bias,42,init_easy,kDN,log_loss,0.6258995624962529,0.8948996722821507,0.6366237098866392,0.5575079149706015,0.0070736827903790335,0.2833524493876862,0.012343412357652423,0.05741771596366218,"[[2102, 1003], [1162, 1691]]","[[211, 134], [159, 158]]"
disclosure_x_bias,43,init_easy,kDN,log_loss,0.6256656073954955,0.8948011013214078,0.6366237098866392,0.5575079149706015,0.007078120276176775,0.28326682204201487,0.012113193287527526,0.05741771596366218,"[[2102, 1003], [1162, 1691]]","[[211, 134], [159, 158]]"
disclosure_x_bias,44,init_easy,kDN,log_loss,0.6254096251898242,0.8945329446517789,0.6367914951215385,0.5575079149706015,0.007092343651693198,0.2834698165912295,0.01231861041502541,0.05741771596366218,"[[2103, 1002], [1162, 1691]]","[[211, 134], [159, 158]]"
disclosure_x_bias,45,init_easy,kDN,log_loss,0.6251460726154995,0.8942745391515843,0.6369592803564379,0.5575079149706015,0.007092143469990798,0.2834421654900692,0.012342006791031352,0.05741771596366218,"[[2104, 1001], [1162, 1691]]","[[211, 134], [159, 158]]"
disclosure_x_bias,46,init_easy,kDN,log_loss,0.6249095651503329,0.8943439137607305,0.6369592803564379,0.5575079149706015,0.007106029645634294,0.28356673211981376,0.012342006791031352,0.05741771596366218,"[[2104, 1001], [1162, 1691]]","[[211, 134], [159, 158]]"
disclosure_x_bias,47,init_easy,kDN,log_loss,0.6246771889437599,0.8945541413345548,0.637295132818228,0.5575079149706015,0.007104406357079218,0.28358061196516626,0.012296722667890857,0.05741771596366218,"[[2106, 999], [1162, 1691]]","[[211, 134], [159, 158]]"
disclosure_x_bias,48,init_easy,kDN,log_loss,0.6244426113113297,0.8943044448285876,0.6371273475833286,0.5590230664857531,0.007120758952033961,0.28327713618404693,0.012580334386517534,0.05591173047122658,"[[2106, 999], [1163, 1690]]","[[212, 133], [159, 158]]"
disclosure_x_bias,49,init_easy,kDN,log_loss,0.6241855730151086,0.8942044151403363,0.6372951328182279,0.5575079149706015,0.0071609699511460696,0.28328674733110887,0.012498566635238805,0.05741771596366218,"[[2106, 999], [1162, 1691]]","[[211, 134], [159, 158]]"
disclosure_x_bias,50,init_easy,kDN,log_loss,0.6239656553087819,0.8940451034133947,0.6374629180531273,0.5575079149706015,0.007162931463682959,0.2833994717321662,0.012712518719615876,0.05741771596366218,"[[2107, 998], [1162, 1691]]","[[211, 134], [159, 158]]"
disclosure_x_bias,51,init_easy,kDN,log_loss,0.6237218350328024,0.8940650078948187,0.6379662737578252,0.5575079149706015,0.007189853581479917,0.2834150746822517,0.012545738250678982,0.05741771596366218,"[[2110, 995], [1162, 1691]]","[[211, 134], [159, 158]]"
disclosure_x_bias,52,init_easy,kDN,log_loss,0.623506563233098,0.8940918103639957,0.6381340589927247,0.5590230664857531,0.007190077445537563,0.2834497000764615,0.012501331892314511,0.06155744664280422,"[[2114, 991], [1165, 1688]]","[[212, 133], [159, 158]]"
disclosure_x_bias,53,init_easy,kDN,log_loss,0.6232888002494433,0.894270286990808,0.6384696294625233,0.5590230664857531,0.007186733018736573,0.2834053415763319,0.012479900393805775,0.06155744664280422,"[[2115, 990], [1164, 1689]]","[[212, 133], [159, 158]]"
disclosure_x_bias,54,init_easy,kDN,log_loss,0.6230706060791882,0.8942388716556342,0.6386374146974225,0.5544776119402985,0.0072050166545930255,0.2833514892143645,0.01284846846933222,0.04949227103215141,"[[2125, 980], [1173, 1680]]","[[211, 134], [161, 156]]"
disclosure_x_bias,55,init_easy,kDN,log_loss,0.622848987692332,0.8943609566043473,0.6386374146974225,0.5544776119402985,0.007221600211723639,0.28310347040854233,0.0126769065583249,0.04949227103215141,"[[2126, 979], [1174, 1679]]","[[211, 134], [161, 156]]"
disclosure_x_bias,56,init_easy,kDN,log_loss,0.6226348199240452,0.8945614607384904,0.6393099655969771,0.5575305291723203,0.007228939866191166,0.2833706397631215,0.011175886394523478,0.06310791378440547,"[[2121, 984], [1165, 1688]]","[[212, 133], [160, 157]]"
disclosure_x_bias,57,init_easy,kDN,log_loss,0.6224350996487511,0.8944058575779341,0.6394777508318763,0.5575305291723203,0.007224508087831086,0.2833198193353775,0.011243450141738526,0.06310791378440547,"[[2121, 984], [1164, 1689]]","[[212, 133], [160, 157]]"
disclosure_x_bias,58,init_easy,kDN,log_loss,0.6222322410221176,0.8943137991882978,0.639813321301675,0.5560153776571687,0.007213557831245263,0.2830645634555787,0.010891363737131059,0.0590343821290809,"[[2122, 983], [1163, 1690]]","[[211, 134], [160, 157]]"
disclosure_x_bias,59,init_easy,kDN,log_loss,0.6220331475309763,0.8942196298664058,0.6401488917714737,0.5545002261420172,0.007214010442125692,0.28280668315284635,0.011178861269775846,0.057788516696348755,"[[2127, 978], [1166, 1687]]","[[211, 134], [161, 156]]"
disclosure_x_bias,60,init_easy,kDN,log_loss,0.6218158225427541,0.8943003564366279,0.6399811065365744,0.5575305291723203,0.007239970046768152,0.2825481650094186,0.011150248487195896,0.0576143311106304,"[[2125, 980], [1165, 1688]]","[[212, 133], [160, 157]]"
disclosure_x_bias,61,init_easy,kDN,log_loss,0.6216171906146425,0.8940590716929881,0.6399811065365744,0.5575305291723203,0.007246175726423922,0.2825390387151179,0.011150248487195896,0.0576143311106304,"[[2125, 980], [1165, 1688]]","[[212, 133], [160, 157]]"
disclosure_x_bias,62,init_easy,kDN,log_loss,0.6214073768947518,0.8942069142377284,0.6403166770063731,0.5560153776571687,0.007263929079884417,0.28255321893103813,0.011148635908302762,0.0590343821290809,"[[2126, 979], [1164, 1689]]","[[211, 134], [160, 157]]"
disclosure_x_bias,63,init_easy,kDN,log_loss,0.6212151357365563,0.8943458552369845,0.6406522474761717,0.5560153776571687,0.007261971378208536,0.2824996081319766,0.011657282547532552,0.0590343821290809,"[[2126, 979], [1162, 1691]]","[[211, 134], [160, 157]]"
disclosure_x_bias,64,init_easy,kDN,log_loss,0.6210095328080529,0.8943560503558736,0.6404844622412724,0.5560153776571687,0.0072727406167484515,0.2825815173654786,0.01163791294279155,0.0590343821290809,"[[2125, 980], [1162, 1691]]","[[211, 134], [160, 157]]"
disclosure_x_bias,65,init_easy,kDN,log_loss,0.6208231757550767,0.8943902694927133,0.6406522474761717,0.5499547715965626,0.007274539986552407,0.28277545033412166,0.011737505217450959,0.048601591341723795,"[[2140, 965], [1176, 1677]]","[[211, 134], [164, 153]]"
disclosure_x_bias,66,init_easy,kDN,log_loss,0.620618177642111,0.894315384265221,0.6406522474761717,0.5514699231117142,0.00729456840839722,0.2828589273662187,0.011657282547532552,0.04971870523831893,"[[2138, 967], [1174, 1679]]","[[211, 134], [163, 154]]"
disclosure_x_bias,67,init_easy,kDN,log_loss,0.6204266005534007,0.8943112918401775,0.6411556031808697,0.5499547715965626,0.007298738995230764,0.2827847943271196,0.011858504070331594,0.048601591341723795,"[[2140, 965], [1173, 1680]]","[[211, 134], [164, 153]]"
disclosure_x_bias,68,init_easy,kDN,log_loss,0.6202437205521556,0.8943612885145462,0.6414914556426597,0.5514699231117142,0.007293338108486783,0.2828845671641674,0.010727479844620988,0.04920299226718318,"[[2141, 964], [1172, 1681]]","[[212, 133], [164, 153]]"
disclosure_x_bias,69,init_easy,kDN,log_loss,0.6200424796942459,0.8943632987822788,0.6416592408775591,0.5514699231117142,0.007298333863973255,0.28295769165660783,0.011215602324909967,0.04920299226718318,"[[2142, 963], [1172, 1681]]","[[212, 133], [164, 153]]"
disclosure_x_bias,70,init_easy,kDN,log_loss,0.6198426665398056,0.8941854466739756,0.6418270261124583,0.5514699231117142,0.0072891521454234096,0.28309298664153704,0.011327193856708736,0.04920299226718318,"[[2143, 962], [1172, 1681]]","[[212, 133], [164, 153]]"
disclosure_x_bias,71,init_easy,kDN,log_loss,0.6196606706818127,0.8940595564099525,0.6414914556426597,0.5499547715965626,0.007290161561125298,0.28298752169791497,0.01151501421156065,0.048601591341723795,"[[2141, 964], [1172, 1681]]","[[211, 134], [164, 153]]"
disclosure_x_bias,72,init_easy,kDN,log_loss,0.6194649655125968,0.8945761939276032,0.6418270261124583,0.5499547715965626,0.007282838182824844,0.2830461340626635,0.01189297553281897,0.048601591341723795,"[[2142, 963], [1171, 1682]]","[[211, 134], [164, 153]]"
disclosure_x_bias,73,init_easy,kDN,log_loss,0.6192688627496582,0.8946701748368548,0.6423306638091478,0.5514699231117142,0.007290108907479328,0.2830369405286447,0.011412200373937004,0.04920299226718318,"[[2143, 962], [1169, 1684]]","[[212, 133], [164, 153]]"
disclosure_x_bias,74,init_easy,kDN,log_loss,0.6190838704788965,0.8946011914736847,0.6424981670520558,0.5499547715965626,0.007296857890768746,0.28294324164025186,0.01132952347480812,0.045343394951919955,"[[2142, 963], [1167, 1686]]","[[211, 134], [164, 153]]"
disclosure_x_bias,75,init_easy,kDN,log_loss,0.6188874546331468,0.8947019231062917,0.642666516270938,0.5499547715965626,0.007316612904215142,0.282716098064891,0.011489011216421716,0.045343394951919955,"[[2141, 964], [1165, 1688]]","[[211, 134], [164, 153]]"
disclosure_x_bias,76,init_easy,kDN,log_loss,0.6186951940781545,0.8945389767196534,0.6428343015058372,0.5499547715965626,0.007339305292473183,0.2829744284957416,0.011418573048434863,0.045343394951919955,"[[2143, 962], [1166, 1687]]","[[211, 134], [164, 153]]"
disclosure_x_bias,77,init_easy,kDN,log_loss,0.6185216165863777,0.8945260107625537,0.6431698719756358,0.5469244685662595,0.007341291233470281,0.28298820615404846,0.011351025813917196,0.04443078407302662,"[[2145, 960], [1166, 1687]]","[[210, 135], [165, 152]]"
disclosure_x_bias,78,init_easy,kDN,log_loss,0.618327893217409,0.8946731524264477,0.6448499802605606,0.5514246947082768,0.00734520479961666,0.2831134037240092,0.01075157014711438,0.04135675251873549,"[[2173, 932], [1184, 1669]]","[[214, 131], [166, 151]]"
disclosure_x_bias,79,init_easy,kDN,log_loss,0.6181433609820137,0.8945055574293843,0.6451855507303592,0.5514246947082768,0.007350545225864978,0.28323107053336305,0.010726486415790779,0.04135675251873549,"[[2169, 936], [1178, 1675]]","[[213, 132], [165, 152]]"
disclosure_x_bias,80,init_easy,kDN,log_loss,0.6179738211359014,0.8947793420285167,0.6455211212001579,0.5514246947082768,0.007345184223691732,0.28299657650033333,0.009643557896372355,0.04135675251873549,"[[2168, 937], [1175, 1678]]","[[213, 132], [165, 152]]"
disclosure_x_bias,81,init_easy,kDN,log_loss,0.6178029168933826,0.8947124263409588,0.6458566916699565,0.5514246947082768,0.007332229576089167,0.28300302549245243,0.009458149468147468,0.04135675251873549,"[[2172, 933], [1177, 1676]]","[[214, 131], [166, 151]]"
disclosure_x_bias,82,init_easy,kDN,log_loss,0.6176431753098255,0.8948347496485807,0.646024476904856,0.5514246947082768,0.0073313915252477095,0.28291151746574383,0.009409056230243894,0.04135675251873549,"[[2172, 933], [1176, 1677]]","[[214, 131], [166, 151]]"
disclosure_x_bias,83,init_easy,kDN,log_loss,0.6174750912138907,0.8946340755521011,0.6458566916699565,0.5514246947082768,0.007335488107213565,0.28298952724166215,0.009458149468147468,0.04135675251873549,"[[2172, 933], [1177, 1676]]","[[214, 131], [166, 151]]"
disclosure_x_bias,84,init_easy,kDN,log_loss,0.6173127205563068,0.8948292055032436,0.6458566916699565,0.5529398462234283,0.00733686409280269,0.2829539026538937,0.00958952455255528,0.04550101894582413,"[[2160, 945], [1165, 1688]]","[[213, 132], [164, 153]]"
disclosure_x_bias,85,init_easy,kDN,log_loss,0.6171449198250192,0.894604495345888,0.6466956178444532,0.5499095431931252,0.007337581995127014,0.2826925044207702,0.009444814047460507,0.04594067642499291,"[[2163, 942], [1163, 1690]]","[[212, 133], [165, 152]]"
disclosure_x_bias,86,init_easy,kDN,log_loss,0.6169675183052001,0.8946143125927992,0.6468634030793525,0.5499095431931252,0.007354249148025966,0.28251756327948885,0.009412282342554354,0.04594067642499291,"[[2162, 943], [1161, 1692]]","[[212, 133], [165, 152]]"
disclosure_x_bias,87,init_easy,kDN,log_loss,0.6167964606476068,0.8945952254958381,0.6470311883142519,0.5514246947082768,0.007351553456552414,0.2823280836875233,0.009207988837333324,0.045469631586460134,"[[2164, 941], [1162, 1691]]","[[213, 132], [165, 152]]"
disclosure_x_bias,88,init_easy,kDN,log_loss,0.6166117896143818,0.8946164734175932,0.6470311883142519,0.5499095431931252,0.00735549393785922,0.2825374835048999,0.009704175395769742,0.04594067642499291,"[[2162, 943], [1160, 1693]]","[[212, 133], [165, 152]]"
disclosure_x_bias,89,init_easy,kDN,log_loss,0.616448059528245,0.8947864922628668,0.6468634030793525,0.5499095431931252,0.007357930458791828,0.28227825762290915,0.009412282342554354,0.04594067642499291,"[[2163, 942], [1162, 1691]]","[[212, 133], [165, 152]]"
disclosure_x_bias,90,init_easy,kDN,log_loss,0.6162954857737821,0.8948028254426419,0.6470309063222605,0.5514246947082768,0.0073542666477660204,0.2823634335225525,0.009151808177732312,0.045469631586460134,"[[2164, 941], [1162, 1691]]","[[213, 132], [165, 152]]"
disclosure_x_bias,91,init_easy,kDN,log_loss,0.6161044191960218,0.8948329739574001,0.6471986915571598,0.5499095431931252,0.007347824604949431,0.2819750363920608,0.009281439129142614,0.04594067642499291,"[[2164, 941], [1161, 1692]]","[[212, 133], [165, 152]]"
disclosure_x_bias,92,init_easy,kDN,log_loss,0.6159547946624098,0.8949695818958234,0.6480376177316565,0.5483943916779738,0.007342623557938102,0.28178061219974393,0.01026094926708943,0.04232488825972103,"[[2160, 945], [1152, 1701]]","[[210, 135], [164, 153]]"
disclosure_x_bias,93,init_easy,kDN,log_loss,0.6157929196365197,0.8949431021104838,0.6482056849585472,0.5483943916779738,0.0073524990512476365,0.2817514573024631,0.010256899290822186,0.04232488825972103,"[[2159, 946], [1150, 1703]]","[[210, 135], [164, 153]]"
disclosure_x_bias,94,init_easy,kDN,log_loss,0.6156275683103746,0.8955511489067621,0.6482056849585472,0.5483943916779738,0.007332829267546698,0.28182375185166136,0.010256899290822186,0.04232488825972103,"[[2160, 945], [1151, 1702]]","[[210, 135], [164, 153]]"
disclosure_x_bias,95,init_easy,kDN,log_loss,0.6154643517186287,0.895475034814722,0.6482056849585472,0.5483943916779738,0.007345632749770083,0.28184292520980064,0.010256899290822186,0.04232488825972103,"[[2159, 946], [1150, 1703]]","[[210, 135], [164, 153]]"
disclosure_x_bias,96,init_easy,kDN,log_loss,0.6153177944097672,0.8955897543788544,0.6482059669505386,0.5483943916779738,0.007343428148852462,0.28180849415671977,0.010576728890375892,0.04232488825972103,"[[2159, 946], [1150, 1703]]","[[210, 135], [164, 153]]"
disclosure_x_bias,97,init_easy,kDN,log_loss,0.6151640257446124,0.8954643228199128,0.6473659128080762,0.5513794663048394,0.007338512833539107,0.2818684864319739,0.010934922927838013,0.041327834323559444,"[[2167, 938], [1163, 1690]]","[[212, 133], [164, 153]]"
disclosure_x_bias,98,init_easy,kDN,log_loss,0.6150014982001913,0.8955534800381034,0.6482048389825729,0.5513794663048394,0.007334764196433685,0.28167841149382133,0.010618534005458508,0.041327834323559444,"[[2169, 936], [1160, 1693]]","[[212, 133], [164, 153]]"
disclosure_x_bias,99,init_easy,kDN,log_loss,0.6148559719550637,0.8953851281430152,0.6487090406632452,0.5483943916779738,0.007328448194334043,0.28167120399044304,0.010105069405279098,0.04232488825972103,"[[2162, 943], [1150, 1703]]","[[210, 135], [164, 153]]"
disclosure_x_bias,100,init_easy,kDN,log_loss,0.6147107249968208,0.8957133481405641,0.6482051209745643,0.5528946178199909,0.007322143704995868,0.28163953564223954,0.009874930454036908,0.04011193210880474,"[[2169, 936], [1160, 1693]]","[[213, 132], [164, 153]]"
disclosure_x_bias,101,init_easy,kDN,log_loss,0.6145600377352324,0.8958085205459826,0.6487093226552366,0.5483943916779738,0.007320702207461077,0.2815541444979358,0.010094243474154064,0.04232488825972103,"[[2162, 943], [1150, 1703]]","[[210, 135], [164, 153]]"
disclosure_x_bias,102,init_easy,kDN,log_loss,0.6144135657517702,0.895973442102272,0.6482051209745643,0.5513794663048394,0.007317300816056144,0.2816965039758504,0.010125168197938723,0.041327834323559444,"[[2170, 935], [1161, 1692]]","[[212, 133], [164, 153]]"
disclosure_x_bias,103,init_easy,kDN,log_loss,0.6142664310772676,0.8957661703213311,0.6482051209745643,0.5513794663048394,0.0073183577714725405,0.2818689249419825,0.010278473537658801,0.041327834323559444,"[[2173, 932], [1164, 1689]]","[[212, 133], [164, 153]]"
disclosure_x_bias,104,init_easy,kDN,log_loss,0.6141035505725663,0.8958629335678083,0.648540691444363,0.5513794663048394,0.007326640063966285,0.2818552335191513,0.01006752722174236,0.041327834323559444,"[[2172, 933], [1161, 1692]]","[[212, 133], [164, 153]]"
disclosure_x_bias,105,init_easy,kDN,log_loss,0.6139486957210514,0.8959490692220278,0.6490440471490609,0.5528946178199909,0.007335462398628238,0.2817019478826734,0.009956907966950085,0.04011193210880474,"[[2172, 933], [1158, 1695]]","[[213, 132], [164, 153]]"
disclosure_x_bias,106,init_easy,kDN,log_loss,0.6137966903841259,0.8959022620297421,0.6490440471490609,0.5513794663048394,0.007336130828564749,0.28170687595738353,0.010447467415181632,0.041327834323559444,"[[2171, 934], [1157, 1696]]","[[212, 133], [164, 153]]"
disclosure_x_bias,107,init_easy,kDN,log_loss,0.6136026266021501,0.8957723630618597,0.6492118323839604,0.5528946178199909,0.007350652852520264,0.2818022429110057,0.010007663384151187,0.041364205571509154,"[[2167, 938], [1152, 1701]]","[[212, 133], [163, 154]]"
disclosure_x_bias,108,init_easy,kDN,log_loss,0.6134457429877862,0.8957433015692488,0.6497151880886582,0.5544097693351425,0.007343958017317654,0.2816949060224929,0.010562966563683236,0.040085822804762486,"[[2173, 932], [1155, 1698]]","[[213, 132], [163, 154]]"
disclosure_x_bias,109,init_easy,kDN,log_loss,0.6133033843928224,0.8956922137568469,0.6502185437933563,0.5544097693351425,0.0073433686411434,0.2815113173466674,0.010150992085856398,0.040085822804762486,"[[2172, 933], [1151, 1702]]","[[213, 132], [163, 154]]"
disclosure_x_bias,110,init_easy,kDN,log_loss,0.6131597697650879,0.8958845688286494,0.6493796176188595,0.5544097693351425,0.007346739432982503,0.2814352953671958,0.010270504317365035,0.040085822804762486,"[[2175, 930], [1159, 1694]]","[[213, 132], [163, 154]]"
disclosure_x_bias,111,init_easy,kDN,log_loss,0.6130227176498273,0.896044338508311,0.6507218994980543,0.5544097693351425,0.007348440592267726,0.28130164386246687,0.010557590103969679,0.040085822804762486,"[[2173, 932], [1149, 1704]]","[[212, 133], [162, 155]]"
disclosure_x_bias,112,init_easy,kDN,log_loss,0.6128844449394423,0.8960925560230002,0.6503863290282557,0.5544097693351425,0.007348548076452295,0.2813994338797404,0.010148518848474012,0.040085822804762486,"[[2171, 934], [1149, 1704]]","[[212, 133], [162, 155]]"
disclosure_x_bias,113,init_easy,kDN,log_loss,0.6127405378083364,0.8963763277374923,0.6512252552027522,0.5544097693351425,0.007341072729122259,0.2813352516501347,0.009774816450831923,0.040085822804762486,"[[2177, 928], [1150, 1703]]","[[212, 133], [162, 155]]"
disclosure_x_bias,114,init_easy,kDN,log_loss,0.6126061959434921,0.8961519092884256,0.650050758558457,0.5544097693351425,0.007339631785034838,0.28153976937749065,0.010807100901452772,0.040085822804762486,"[[2174, 931], [1154, 1699]]","[[212, 133], [162, 155]]"
disclosure_x_bias,115,init_easy,kDN,log_loss,0.6124695663166221,0.8961022407652145,0.6515608256725509,0.5544097693351425,0.007337856171912063,0.28159553687492583,0.010967353564904954,0.04133888720074022,"[[2176, 929], [1147, 1706]]","[[212, 133], [162, 155]]"
disclosure_x_bias,116,init_easy,kDN,log_loss,0.6123205645865586,0.8962550417999708,0.6513930404376516,0.5528946178199909,0.007336086492682621,0.28147815163792445,0.011102853584599537,0.041364205571509154,"[[2176, 929], [1148, 1705]]","[[211, 134], [162, 155]]"
disclosure_x_bias,117,init_easy,kDN,log_loss,0.6121640079561314,0.896205750571502,0.651057469967853,0.5544097693351425,0.0073507685080237,0.28146609591762645,0.010322073311793986,0.040085822804762486,"[[2181, 924], [1155, 1698]]","[[213, 132], [163, 154]]"
disclosure_x_bias,118,init_easy,kDN,log_loss,0.61202162226889,0.8963215586314632,0.6518963961423496,0.555924920850294,0.007355825015609678,0.2817133106419538,0.010594212837225865,0.03999597182361288,"[[2178, 927], [1147, 1706]]","[[213, 132], [162, 155]]"
disclosure_x_bias,119,init_easy,kDN,log_loss,0.6118843651815558,0.8963023541833948,0.6517286109074503,0.5528946178199909,0.0073528012064107365,0.28147955305524885,0.010141056637341302,0.03236973694158581,"[[2176, 929], [1146, 1707]]","[[211, 134], [162, 155]]"
disclosure_x_bias,120,init_easy,kDN,log_loss,0.6117415253032623,0.8965448577411955,0.6522319666121482,0.5498643147896879,0.00735825497444697,0.28115253845022964,0.010040598630421524,0.032197563945762224,"[[2178, 927], [1145, 1708]]","[[210, 135], [163, 154]]"
disclosure_x_bias,121,init_easy,kDN,log_loss,0.6116103980647012,0.8963593854004053,0.6529031075517455,0.5513794663048394,0.007356096344616288,0.2814998009752193,0.009733045917481717,0.029862127342001468,"[[2177, 928], [1140, 1713]]","[[210, 135], [162, 155]]"
disclosure_x_bias,122,init_easy,kDN,log_loss,0.6114813053250732,0.8964823872441627,0.653406745248435,0.5513794663048394,0.007355076089769465,0.28146214982652096,0.009315900814026973,0.029862127342001468,"[[2171, 934], [1131, 1722]]","[[209, 136], [161, 156]]"
disclosure_x_bias,123,init_easy,kDN,log_loss,0.6113487373530304,0.8965508929997019,0.6532389600135355,0.5528946178199909,0.007350429878989468,0.2813786600395955,0.009576845968473881,0.029912443264909053,"[[2176, 929], [1137, 1716]]","[[210, 135], [161, 156]]"
disclosure_x_bias,124,init_easy,kDN,log_loss,0.6112152054132246,0.8965156599614993,0.6532389600135355,0.5513794663048394,0.007342934133148326,0.2813789648937022,0.009378826900551694,0.031524229640874965,"[[2176, 929], [1137, 1716]]","[[209, 136], [161, 156]]"
disclosure_x_bias,125,init_easy,kDN,log_loss,0.6110890629665585,0.8965949168265175,0.6537423157182336,0.5544097693351425,0.00733662879031692,0.28127837955205165,0.009643854046672458,0.03944436572445375,"[[2179, 926], [1137, 1716]]","[[211, 134], [161, 156]]"
disclosure_x_bias,126,init_easy,kDN,log_loss,0.6109387911584341,0.8964621505288074,0.6530711747786363,0.555924920850294,0.007350786707810795,0.2813934524200961,0.010048013326291372,0.039353050194170236,"[[2176, 929], [1138, 1715]]","[[212, 133], [161, 156]]"
disclosure_x_bias,127,init_easy,kDN,log_loss,0.6107895642569483,0.8970187463463384,0.6532389600135355,0.5544097693351425,0.007335710818205846,0.2814396833059271,0.010481331242982901,0.03944436572445375,"[[2175, 930], [1136, 1717]]","[[211, 134], [161, 156]]"
disclosure_x_bias,128,init_easy,kDN,log_loss,0.6106635695702858,0.8969538494572703,0.6534067452484349,0.5528946178199909,0.007335977331205822,0.2815051850522397,0.010779104226146656,0.03236973694158582,"[[2173, 932], [1133, 1720]]","[[209, 136], [160, 157]]"
disclosure_x_bias,129,init_easy,kDN,log_loss,0.6105391893603253,0.8969219906918818,0.6534067452484349,0.5498643147896879,0.007330984670066744,0.2814395569733442,0.01120593814017998,0.03139534872415173,"[[2171, 934], [1131, 1722]]","[[208, 137], [161, 156]]"
disclosure_x_bias,130,init_easy,kDN,log_loss,0.6104101285219129,0.8973331864246594,0.653910100953133,0.5513794663048394,0.007329390481841016,0.2812079051405502,0.011030346004230057,0.031524229640874986,"[[2169, 936], [1126, 1727]]","[[208, 137], [160, 157]]"
disclosure_x_bias,131,init_easy,kDN,log_loss,0.6102622809410597,0.897300438398078,0.6547490271276295,0.5468340117593848,0.007324402609669196,0.2812869209527644,0.010876074314138354,0.03170426307932876,"[[2171, 934], [1123, 1730]]","[[207, 138], [162, 155]]"
disclosure_x_bias,132,init_easy,kDN,log_loss,0.610138929963382,0.8975221899711181,0.6547490271276295,0.5483491632745364,0.007319789230687005,0.2812955506312598,0.011018937322376528,0.03277937878269265,"[[2167, 938], [1119, 1734]]","[[207, 138], [161, 156]]"
disclosure_x_bias,133,init_easy,kDN,log_loss,0.6100071974988575,0.8974299164609411,0.654916812362529,0.5483491632745363,0.007311271916393882,0.2811999971246415,0.009920042480285914,0.03199175629515963,"[[2170, 935], [1121, 1732]]","[[208, 137], [162, 155]]"
disclosure_x_bias,134,init_easy,kDN,log_loss,0.6098705125188991,0.8975113131068939,0.6552523828323276,0.5483491632745363,0.007316299093782202,0.2811158452700348,0.010506219691523965,0.030355264218717933,"[[2167, 938], [1116, 1737]]","[[208, 137], [162, 155]]"
disclosure_x_bias,135,init_easy,kDN,log_loss,0.6097365926356335,0.8975218434153748,0.654916812362529,0.5483491632745363,0.00731238045510957,0.28123649654148686,0.010138364016427941,0.03199175629515963,"[[2167, 938], [1118, 1735]]","[[208, 137], [162, 155]]"
disclosure_x_bias,136,init_easy,kDN,log_loss,0.6096057521902745,0.8974012516237279,0.6554204500592183,0.5483491632745364,0.0073130169544669,0.2811046828429546,0.009654751370110605,0.03503617103751925,"[[2166, 939], [1114, 1739]]","[[207, 138], [161, 156]]"
disclosure_x_bias,137,init_easy,kDN,log_loss,0.6094802027587016,0.8976826174390057,0.6545815238847217,0.5498643147896879,0.007313691005142515,0.2809539644826843,0.009986104217610016,0.03139534872415173,"[[2167, 938], [1120, 1733]]","[[208, 137], [161, 156]]"
disclosure_x_bias,138,init_easy,kDN,log_loss,0.6093495601188006,0.8976626544180913,0.6545815238847217,0.5498643147896879,0.00730755535578233,0.28101193302600874,0.009667797214948369,0.03374482966473764,"[[2167, 938], [1120, 1733]]","[[208, 137], [161, 156]]"
disclosure_x_bias,139,init_easy,kDN,log_loss,0.6092247944634848,0.8974928577020924,0.6545815238847217,0.5528946178199909,0.007301825369850971,0.2810082835801676,0.009570240887913004,0.032369736941585826,"[[2163, 942], [1116, 1737]]","[[209, 136], [160, 157]]"
disclosure_x_bias,140,init_easy,kDN,log_loss,0.6090966908440552,0.897714842811822,0.6555879533021262,0.5498643147896879,0.007301320182677696,0.28109266521218634,0.009725098201024403,0.03374482966473764,"[[2166, 939], [1113, 1740]]","[[208, 137], [161, 156]]"
disclosure_x_bias,141,init_easy,kDN,log_loss,0.608974276323508,0.8975900205717936,0.6544137386498223,0.5498643147896879,0.00729964999664986,0.2812088903589807,0.01046276510513827,0.030572090523559872,"[[2168, 937], [1122, 1731]]","[[209, 136], [162, 155]]"
disclosure_x_bias,142,init_easy,kDN,log_loss,0.6088403193668188,0.8976582816214643,0.6554201680672269,0.5498643147896879,0.007310376033088758,0.28121212962068404,0.010651681969654117,0.03374482966473764,"[[2167, 938], [1115, 1738]]","[[208, 137], [161, 156]]"
disclosure_x_bias,143,init_easy,kDN,log_loss,0.6087082459338533,0.8977097493554445,0.655252664824319,0.5498643147896879,0.007319036744204702,0.28105934775845887,0.010933422726956854,0.03374482966473764,"[[2168, 937], [1117, 1736]]","[[208, 137], [161, 156]]"
disclosure_x_bias,144,init_easy,kDN,log_loss,0.6085878240895053,0.8979629548496348,0.6552523828323276,0.5498643147896879,0.007315911750850456,0.2811725073547744,0.010565597337476343,0.03374482966473764,"[[2166, 939], [1115, 1738]]","[[208, 137], [161, 156]]"
disclosure_x_bias,145,init_easy,kDN,log_loss,0.6084683938689818,0.8979754289190914,0.6562599402176978,0.5498643147896879,0.007311193174041965,0.28121687769810627,0.010857033509671685,0.03374482966473764,"[[2165, 940], [1108, 1745]]","[[208, 137], [161, 156]]"
disclosure_x_bias,146,init_easy,kDN,log_loss,0.6083316717244639,0.8979763020113871,0.6562596582257064,0.5468340117593848,0.007319243411588753,0.281111275898668,0.01148319785617619,0.034773856667397504,"[[2164, 941], [1107, 1746]]","[[206, 139], [161, 156]]"
disclosure_x_bias,147,init_easy,kDN,log_loss,0.608213560143033,0.8980761604646906,0.6560918729908071,0.5453188602442334,0.007319473684179618,0.2807711290842596,0.010998472559558,0.03368667705927253,"[[2169, 936], [1113, 1740]]","[[207, 138], [163, 154]]"
disclosure_x_bias,148,init_easy,kDN,log_loss,0.6080929815087383,0.8979776785662998,0.6560918729908071,0.5468340117593848,0.007311493562897754,0.2807733302496568,0.011139765970214672,0.034773856667397504,"[[2166, 939], [1110, 1743]]","[[207, 138], [162, 155]]"
disclosure_x_bias,149,init_easy,kDN,log_loss,0.6079606674190428,0.8982214449361253,0.6565955106874964,0.5468340117593848,0.007314027413573785,0.2805949893345314,0.01121244897561441,0.034773856667397504,"[[2164, 941], [1105, 1748]]","[[206, 139], [161, 156]]"
disclosure_x_bias,150,init_easy,kDN,log_loss,0.6078406919347655,0.8982767783019365,0.6574347188539845,0.5468340117593848,0.0073100795122461315,0.2805527779276415,0.011302394759002913,0.034773856667397504,"[[2168, 937], [1104, 1749]]","[[206, 139], [161, 156]]"
disclosure_x_bias,151,init_easy,kDN,log_loss,0.6077237684480419,0.8981464419643854,0.6569313631492866,0.5468340117593848,0.007303646048570079,0.28055230459238434,0.010662797894473572,0.032498853824921924,"[[2162, 943], [1101, 1752]]","[[205, 140], [160, 157]]"
disclosure_x_bias,152,init_easy,kDN,log_loss,0.6076038556475626,0.898401067729351,0.6565957926794879,0.5483491632745364,0.007301651164911664,0.2804665307507269,0.011368772065908727,0.0357567963260225,"[[2163, 942], [1104, 1749]]","[[206, 139], [160, 157]]"
disclosure_x_bias,153,init_easy,kDN,log_loss,0.6074629501943252,0.8983839270882946,0.6570991483841858,0.5468340117593848,0.007314683567797409,0.2804526372717849,0.011397809495755628,0.034773856667397476,"[[2172, 933], [1110, 1743]]","[[206, 139], [161, 156]]"
disclosure_x_bias,154,init_easy,kDN,log_loss,0.6073531350907285,0.8984085003054506,0.6579380745586826,0.5453188602442334,0.0073089956932435324,0.28055209725849867,0.010663192314340769,0.03368667705927253,"[[2176, 929], [1109, 1744]]","[[206, 139], [162, 155]]"
disclosure_x_bias,155,init_easy,kDN,log_loss,0.6072337154800345,0.8985877242793773,0.6574347188539845,0.5468340117593848,0.007309753847051643,0.28055488751699786,0.011357610760166859,0.034773856667397504,"[[2167, 938], [1103, 1750]]","[[206, 139], [161, 156]]"
disclosure_x_bias,156,init_easy,kDN,log_loss,0.6071120722994444,0.8985072007302419,0.6582736450284812,0.5453188602442334,0.007312719403538146,0.2804575277557461,0.009401629158485029,0.028787167212381174,"[[2170, 935], [1101, 1752]]","[[206, 139], [162, 155]]"
disclosure_x_bias,157,init_easy,kDN,log_loss,0.6069984012037982,0.8983524704937549,0.6564277254525972,0.5498643147896879,0.007307944608843511,0.28043773969240676,0.010633438294591064,0.034492444558664015,"[[2169, 936], [1111, 1742]]","[[208, 137], [161, 156]]"
disclosure_x_bias,158,init_easy,kDN,log_loss,0.6068827050180252,0.8984551360230688,0.6564277254525972,0.5468340117593848,0.007306808998565591,0.2803767894633738,0.010808496409688045,0.034773856667397476,"[[2170, 935], [1112, 1741]]","[[207, 138], [162, 155]]"
disclosure_x_bias,159,init_easy,kDN,log_loss,0.6067594823878617,0.8983459140074931,0.6564277254525972,0.5468340117593848,0.007304182678708372,0.28047942146840127,0.0114274554665757,0.034773856667397476,"[[2170, 935], [1112, 1741]]","[[207, 138], [162, 155]]"
disclosure_x_bias,160,init_easy,kDN,log_loss,0.6066420495319477,0.8984568131337977,0.6569313631492866,0.5453188602442334,0.007300593668517863,0.2803618857956853,0.011400034759726113,0.03368667705927253,"[[2173, 932], [1112, 1741]]","[[207, 138], [163, 154]]"
disclosure_x_bias,161,init_easy,kDN,log_loss,0.6065134010771406,0.8987715261927148,0.6569313631492866,0.5438037087290819,0.007285974120780093,0.2806124942471841,0.010952225043067518,0.03003691374330314,"[[2173, 932], [1112, 1741]]","[[206, 139], [163, 154]]"
disclosure_x_bias,162,init_easy,kDN,log_loss,0.6064005010177153,0.8986608393166214,0.6579380745586826,0.5422885572139303,0.007283117863620673,0.2807671571007422,0.008834286385196425,0.026749838231788774,"[[2169, 936], [1102, 1751]]","[[205, 140], [163, 154]]"
disclosure_x_bias,163,init_easy,kDN,log_loss,0.6062804661979516,0.8987176810353692,0.6579380745586826,0.5422885572139303,0.007281404315319852,0.2806054433289564,0.008834286385196425,0.026749838231788774,"[[2168, 937], [1101, 1752]]","[[205, 140], [163, 154]]"
disclosure_x_bias,164,init_easy,kDN,log_loss,0.6061634057017746,0.8988267279437026,0.6584419942473634,0.5422885572139303,0.007274869675679138,0.2805756294759822,0.009009187862201003,0.026749838231788774,"[[2170, 935], [1100, 1753]]","[[205, 140], [163, 154]]"
disclosure_x_bias,165,init_easy,kDN,log_loss,0.6060534441413178,0.8990457700635055,0.658274209012464,0.5453188602442334,0.007270519845532482,0.2806305907493814,0.009005070124857392,0.03368667705927253,"[[2168, 937], [1099, 1754]]","[[205, 140], [161, 156]]"
disclosure_x_bias,166,init_easy,kDN,log_loss,0.6059467161359249,0.8989275126391127,0.6584419942473634,0.5438037087290819,0.007265936351349313,0.2806743450669674,0.009009187862201003,0.025438949950240927,"[[2171, 934], [1101, 1752]]","[[206, 139], [163, 154]]"
disclosure_x_bias,167,init_easy,kDN,log_loss,0.605836990310882,0.8989195095453134,0.658274209012464,0.5438037087290819,0.007263056967229896,0.28071415394439714,0.009005070124857392,0.025438949950240927,"[[2172, 933], [1103, 1750]]","[[206, 139], [163, 154]]"
disclosure_x_bias,168,init_easy,kDN,log_loss,0.6057222797466328,0.8990483035784871,0.6584419942473634,0.5438037087290819,0.007267893698899369,0.28065018912251605,0.009009187862201003,0.025438949950240927,"[[2171, 934], [1101, 1752]]","[[206, 139], [163, 154]]"
disclosure_x_bias,169,init_easy,kDN,log_loss,0.6056103893417992,0.8990988397419428,0.6579386385426653,0.5468340117593848,0.007265236454541953,0.28072821573988666,0.008594979979796562,0.03249885382492192,"[[2169, 936], [1102, 1751]]","[[206, 139], [161, 156]]"
disclosure_x_bias,170,init_easy,kDN,log_loss,0.6054990566452993,0.8994128642434038,0.6586097794822627,0.5438037087290819,0.007264238618302923,0.2807855236839357,0.009079002096366418,0.028287555252476754,"[[2169, 936], [1098, 1755]]","[[205, 140], [162, 155]]"
disclosure_x_bias,171,init_easy,kDN,log_loss,0.6053864599317713,0.8993675083325027,0.6581064237775648,0.5422885572139303,0.007262041512665126,0.28062850692487434,0.008786408000590983,0.026749838231788774,"[[2172, 933], [1104, 1749]]","[[205, 140], [163, 154]]"
disclosure_x_bias,172,init_easy,kDN,log_loss,0.6052823667358368,0.8995942241047825,0.6581064237775648,0.5468340117593848,0.0072588241093510504,0.28074505745809397,0.008678950006548473,0.034773856667397504,"[[2167, 938], [1099, 1754]]","[[205, 140], [160, 157]]"
disclosure_x_bias,173,init_easy,kDN,log_loss,0.6051649079872892,0.8996393794440565,0.658274209012464,0.5453188602442334,0.007261027763422584,0.28072832065325204,0.008865037967846337,0.037280936468220456,"[[2166, 939], [1097, 1756]]","[[204, 141], [160, 157]]"
disclosure_x_bias,174,init_easy,kDN,log_loss,0.6050584059659527,0.8996766449190667,0.658274209012464,0.5498417005879692,0.0072595741816738535,0.2807386144558539,0.008430998091841259,0.036245360125381605,"[[2163, 942], [1094, 1759]]","[[205, 140], [158, 159]]"
disclosure_x_bias,175,init_easy,kDN,log_loss,0.6049451938401813,0.899522428057978,0.658441712255372,0.5468113975576662,0.007256553962037819,0.2809225498136455,0.008811166585686946,0.040486509327259404,"[[2161, 944], [1091, 1762]]","[[204, 141], [159, 158]]"
disclosure_x_bias,176,init_easy,kDN,log_loss,0.6048399180294934,0.8996248616757019,0.65928092042186,0.5468113975576662,0.007252706244456566,0.2807250324591348,0.00951979308347176,0.037203244816205135,"[[2169, 936], [1094, 1759]]","[[205, 140], [160, 157]]"
disclosure_x_bias,177,init_easy,kDN,log_loss,0.6047323636544844,0.8995319299558769,0.6589453499520614,0.5468113975576662,0.007246869417548927,0.28074044198205084,0.00934278103211762,0.035086120008679104,"[[2172, 933], [1099, 1754]]","[[205, 140], [160, 157]]"
disclosure_x_bias,178,init_easy,kDN,log_loss,0.6046264075330094,0.8997009750322558,0.6589450679600699,0.5468340117593848,0.00724053989881077,0.2805522896181672,0.009420451238091234,0.034773856667397476,"[[2168, 937], [1095, 1758]]","[[205, 140], [160, 157]]"
disclosure_x_bias,179,init_easy,kDN,log_loss,0.6045126946708141,0.899554452491811,0.6589453499520614,0.5513342379014021,0.00723944332687293,0.28077351560554614,0.009173852526953628,0.03732903870147658,"[[2164, 941], [1091, 1762]]","[[206, 139], [158, 159]]"
disclosure_x_bias,180,init_easy,kDN,log_loss,0.6044075109306078,0.8996582538197238,0.6589450679600699,0.5468113975576662,0.007238036354782598,0.28065994780872056,0.009586132427294065,0.035086120008679104,"[[2172, 933], [1099, 1754]]","[[206, 139], [161, 156]]"
disclosure_x_bias,181,init_easy,kDN,log_loss,0.6043023958011176,0.8995606044241914,0.6594487056567593,0.5468340117593848,0.007231471600868242,0.28073999636904573,0.009795695834276157,0.03621120700260367,"[[2168, 937], [1092, 1761]]","[[204, 141], [159, 158]]"
disclosure_x_bias,182,init_easy,kDN,log_loss,0.6041862086297595,0.8995804912995314,0.65928092042186,0.5483265490728177,0.007227435453675083,0.28073916189242215,0.009779122655770333,0.0367621345661955,"[[2168, 937], [1093, 1760]]","[[205, 140], [159, 158]]"
disclosure_x_bias,183,init_easy,kDN,log_loss,0.6040725396767848,0.8994739013966534,0.6591134171789521,0.5513116236996833,0.00721435515566582,0.2805897939898013,0.00945455922382762,0.03956666079337159,"[[2168, 937], [1094, 1759]]","[[205, 140], [157, 160]]"
disclosure_x_bias,184,init_easy,kDN,log_loss,0.6039722165883487,0.8996316536844914,0.6592812024138515,0.5482813206693804,0.007209670522881248,0.2805482073485137,0.00924101615414254,0.03863584870447795,"[[2172, 933], [1097, 1756]]","[[205, 140], [159, 158]]"
disclosure_x_bias,185,init_easy,kDN,log_loss,0.6038584716571196,0.8998712832550304,0.6591134171789521,0.5513116236996833,0.007200456796320427,0.28048963245188085,0.009651024546141572,0.03956666079337159,"[[2169, 936], [1095, 1758]]","[[205, 140], [157, 160]]"
disclosure_x_bias,186,init_easy,kDN,log_loss,0.6037567072508179,0.899849681820417,0.6601204105803395,0.5467661691542288,0.007196161116218525,0.28056969665902975,0.009646252671901251,0.04096643767172271,"[[2176, 929], [1096, 1757]]","[[204, 141], [159, 158]]"
disclosure_x_bias,187,init_easy,kDN,log_loss,0.6036535932988404,0.8998576435265135,0.6597848401105408,0.5497964721845319,0.007193220906897301,0.2804603703676599,0.009169587298881487,0.04196717642681755,"[[2168, 937], [1090, 1763]]","[[204, 141], [157, 160]]"
disclosure_x_bias,188,init_easy,kDN,log_loss,0.6035310020767755,0.8992672810273241,0.6602890417912131,0.5497964721845319,0.0071385789533778745,0.2786931890632612,0.009647738102383275,0.04196717642681755,"[[2168, 937], [1087, 1766]]","[[204, 141], [157, 160]]"
disclosure_x_bias,189,init_easy,kDN,log_loss,0.6034177985316367,0.8994095872060418,0.6606243302690203,0.5482813206693804,0.007127436936346406,0.2787645265784299,0.009486108620919127,0.04119210622481848,"[[2172, 933], [1089, 1764]]","[[204, 141], [158, 159]]"
disclosure_x_bias,190,init_easy,kDN,log_loss,0.6033080412244106,0.8992266606505808,0.6606243302690203,0.5482813206693804,0.007122266844667155,0.2788663320726102,0.009999790792653824,0.04119210622481848,"[[2171, 934], [1088, 1765]]","[[204, 141], [158, 159]]"
disclosure_x_bias,191,init_easy,kDN,log_loss,0.6031960900824027,0.8995064280193951,0.6604565450341211,0.5467661691542288,0.007128741276630033,0.2789419042800373,0.009879643107681118,0.04096643767172271,"[[2175, 930], [1093, 1760]]","[[204, 141], [159, 158]]"
disclosure_x_bias,192,init_easy,kDN,log_loss,0.6030752467345872,0.8996352149165135,0.6606243302690203,0.5482813206693804,0.007146239904786327,0.278798977857924,0.009905504710016699,0.04119210622481848,"[[2169, 936], [1086, 1767]]","[[204, 141], [158, 159]]"
disclosure_x_bias,193,init_easy,kDN,log_loss,0.6029585313840082,0.8995666091151767,0.6609601827308105,0.5467661691542288,0.007160708131875891,0.2789017970793247,0.010186185604594522,0.04096643767172271,"[[2172, 933], [1087, 1766]]","[[204, 141], [159, 158]]"
disclosure_x_bias,194,init_easy,kDN,log_loss,0.6028541876311426,0.8997249013309411,0.6606246122610118,0.5482813206693804,0.007158095060918886,0.27867484933603787,0.010328431638594123,0.04119210622481848,"[[2169, 936], [1086, 1767]]","[[204, 141], [158, 159]]"
disclosure_x_bias,195,init_easy,kDN,log_loss,0.6027559571253462,0.8994614645208368,0.6611279679657097,0.5467661691542288,0.00715382175269517,0.27899533770823576,0.010563590193058952,0.04096643767172271,"[[2173, 932], [1087, 1766]]","[[204, 141], [159, 158]]"
disclosure_x_bias,196,init_easy,kDN,log_loss,0.60265574005892,0.899675665112523,0.6607923974959111,0.5482813206693804,0.007149171095955445,0.2788630198217931,0.010440416811019643,0.04119210622481848,"[[2169, 936], [1085, 1768]]","[[204, 141], [158, 159]]"
disclosure_x_bias,197,init_easy,kDN,log_loss,0.6025543854511588,0.8998010156028403,0.6609599007388189,0.5467661691542288,0.007142825690510849,0.2789104811063256,0.009263754596261022,0.04096643767172271,"[[2166, 939], [1081, 1772]]","[[204, 141], [159, 158]]"
disclosure_x_bias,198,init_easy,kDN,log_loss,0.602456188129121,0.8998836526273155,0.6612951892166262,0.5482813206693804,0.007139909730220781,0.2787294071499788,0.009733383879397768,0.04119210622481848,"[[2171, 934], [1084, 1769]]","[[204, 141], [158, 159]]"
disclosure_x_bias,199,init_easy,kDN,log_loss,0.6023460880548094,0.9000958716150921,0.6616318876543905,0.5513116236996833,0.007126722603316811,0.278823547068118,0.0099323452883718,0.042066393432990484,"[[2165, 940], [1076, 1777]]","[[204, 141], [156, 161]]"
disclosure_x_bias,200,init_easy,kDN,log_loss,0.60224190190006,0.9001708658589933,0.6617993908972986,0.5497964721845319,0.0071205744486176935,0.2787373943142391,0.010039877093568366,0.041354911373490774,"[[2167, 938], [1077, 1776]]","[[204, 141], [157, 160]]"
disclosure_x_bias,201,init_easy,kDN,log_loss,0.6021337803122837,0.9003157312371608,0.6616318876543906,0.5513116236996833,0.007120074129588639,0.27883220710327383,0.010088581176520504,0.042066393432990484,"[[2165, 940], [1076, 1777]]","[[204, 141], [156, 161]]"
disclosure_x_bias,202,init_easy,kDN,log_loss,0.6020196626815542,0.9002459026434545,0.6617999548812814,0.5513116236996833,0.007119589605398334,0.2788597207326106,0.010327748125342248,0.042066393432990484,"[[2163, 942], [1073, 1780]]","[[204, 141], [156, 161]]"
disclosure_x_bias,203,init_easy,kDN,log_loss,0.6019187185296748,0.9004091737622361,0.6619671761321978,0.5513116236996833,0.007122291520285074,0.27872482558055595,0.010196345750757911,0.042066393432990484,"[[2164, 941], [1073, 1780]]","[[204, 141], [156, 161]]"
disclosure_x_bias,204,init_easy,kDN,log_loss,0.6018226879582194,0.9005242220811395,0.6612954712086176,0.5513116236996833,0.007116617385269558,0.2788063335761602,0.01049884736363596,0.042066393432990484,"[[2161, 944], [1074, 1779]]","[[204, 141], [156, 161]]"
disclosure_x_bias,205,init_easy,kDN,log_loss,0.6017260873400364,0.9006353834858487,0.6614638204274998,0.5513116236996833,0.007111117294269245,0.27883854487332066,0.01027723784004676,0.042066393432990484,"[[2162, 943], [1074, 1779]]","[[204, 141], [156, 161]]"
disclosure_x_bias,206,init_easy,kDN,log_loss,0.6016301493365327,0.9007187192491986,0.6623030285939879,0.5497964721845319,0.007107313415312747,0.2787171549351028,0.010480011756841634,0.041354911373490774,"[[2166, 939], [1073, 1780]]","[[204, 141], [157, 160]]"
disclosure_x_bias,207,init_easy,kDN,log_loss,0.6015281033826633,0.9007133389749772,0.6619671761321978,0.5497964721845319,0.007104806279047784,0.2787186575372236,0.010675908663807857,0.041354911373490774,"[[2168, 937], [1077, 1776]]","[[204, 141], [157, 160]]"
disclosure_x_bias,208,init_easy,kDN,log_loss,0.601434222601398,0.9006958286729088,0.6624708138288873,0.5513116236996833,0.007101475315338681,0.2786378301796861,0.009856059076524456,0.04020616680147565,"[[2171, 934], [1077, 1776]]","[[205, 140], [157, 160]]"
disclosure_x_bias,209,init_easy,kDN,log_loss,0.6013321327831466,0.9007520261133518,0.6624705318368959,0.5513116236996833,0.007098733842354074,0.2787371312100946,0.009835725618967853,0.04020616680147565,"[[2171, 934], [1077, 1776]]","[[205, 140], [157, 160]]"
disclosure_x_bias,210,init_easy,kDN,log_loss,0.6012327751458607,0.9007699295637707,0.6624705318368959,0.5513116236996833,0.007096697708606609,0.2786449917435845,0.009545214583317425,0.04020616680147565,"[[2171, 934], [1077, 1776]]","[[205, 140], [157, 160]]"
disclosure_x_bias,211,init_easy,kDN,log_loss,0.6011289808887765,0.9007971052675037,0.6626385990637866,0.5513116236996833,0.0070938627448932715,0.278606963175265,0.009907256869291165,0.04020616680147565,"[[2170, 935], [1075, 1778]]","[[205, 140], [157, 160]]"
disclosure_x_bias,212,init_easy,kDN,log_loss,0.6010291858681628,0.9006886944347045,0.6626385990637866,0.5497964721845319,0.007096593905265241,0.27844451847164453,0.009781656992098034,0.04010234768250568,"[[2174, 931], [1079, 1774]]","[[204, 141], [157, 160]]"
disclosure_x_bias,213,init_easy,kDN,log_loss,0.6009327169112052,0.9008893977882245,0.6626385990637866,0.5513116236996833,0.0070965037853288546,0.2785081811624706,0.009454912714365457,0.04020616680147565,"[[2169, 936], [1074, 1779]]","[[205, 140], [157, 160]]"
disclosure_x_bias,214,init_easy,kDN,log_loss,0.6008380606500109,0.9009150823925047,0.6634772432462918,0.5482813206693804,0.0070916780689685216,0.2785081401284523,0.009284797570241624,0.04119210622481848,"[[2175, 930], [1075, 1778]]","[[204, 141], [158, 159]]"
disclosure_x_bias,215,init_easy,kDN,log_loss,0.600746449398699,0.9009518252032931,0.6638133777000733,0.5482813206693804,0.007088145124992093,0.2782162881429732,0.009089350093629916,0.04119210622481848,"[[2173, 932], [1071, 1782]]","[[204, 141], [158, 159]]"
disclosure_x_bias,216,init_easy,kDN,log_loss,0.6006526403800249,0.9007868844689296,0.6643172973887541,0.5482813206693804,0.007084419272465269,0.2783402964765888,0.009104646721212174,0.04119210622481848,"[[2175, 930], [1070, 1783]]","[[204, 141], [158, 159]]"
disclosure_x_bias,217,init_easy,kDN,log_loss,0.600557165096444,0.9010968323439673,0.6643172973887541,0.5467661691542288,0.007082385844861416,0.27816728494093995,0.008646492070533193,0.042793628300276276,"[[2172, 933], [1067, 1786]]","[[203, 142], [158, 159]]"
disclosure_x_bias,218,init_easy,kDN,log_loss,0.6004615910743926,0.9010238017385446,0.6653237268061587,0.5482813206693804,0.007081567794125595,0.2780966749548672,0.00804378589242262,0.04119210622481848,"[[2175, 930], [1064, 1789]]","[[204, 141], [158, 159]]"
disclosure_x_bias,219,init_easy,kDN,log_loss,0.6003640706355388,0.9012241728062504,0.6649884383283514,0.5467661691542288,0.007077602620822933,0.27820972646990133,0.007501164339773031,0.040338986266151886,"[[2175, 930], [1066, 1787]]","[[203, 142], [158, 159]]"
disclosure_x_bias,220,init_easy,kDN,log_loss,0.6002687995517098,0.9010217890927403,0.66465230387457,0.5482813206693804,0.0070804552760389385,0.2782072663377842,0.00829963107880596,0.04119210622481848,"[[2172, 933], [1065, 1788]]","[[204, 141], [158, 159]]"
disclosure_x_bias,221,init_easy,kDN,log_loss,0.6001776618151948,0.901078891545555,0.6653242907901415,0.5482813206693804,0.007077043632630754,0.27811258489853125,0.008325270496286575,0.04056814529537153,"[[2176, 929], [1065, 1788]]","[[204, 141], [158, 159]]"
disclosure_x_bias,222,init_easy,kDN,log_loss,0.6000837620279347,0.9008639932021252,0.6648200891094693,0.5482813206693804,0.007071872020864022,0.2782428622642145,0.008423723921964886,0.04119210622481848,"[[2178, 927], [1070, 1783]]","[[205, 140], [159, 158]]"
disclosure_x_bias,223,init_easy,kDN,log_loss,0.5999880144902747,0.901020403665105,0.6648209350854436,0.5482813206693804,0.007074888066354241,0.2784350998512066,0.007519390440384417,0.04300971079683969,"[[2170, 935], [1062, 1791]]","[[203, 142], [157, 160]]"
disclosure_x_bias,224,init_easy,kDN,log_loss,0.5998967191246779,0.9009167194913313,0.6651559415712593,0.5467661691542288,0.007072883685272339,0.27830342861895546,0.008424300572681372,0.042193357540871904,"[[2172, 933], [1062, 1791]]","[[203, 142], [158, 159]]"
disclosure_x_bias,225,init_easy,kDN,log_loss,0.5998050571765198,0.9009161208790065,0.6659959957137217,0.5467661691542288,0.007070596773582687,0.27845467528272433,0.008340428765080416,0.042793628300276276,"[[2174, 931], [1059, 1794]]","[[202, 143], [157, 160]]"
disclosure_x_bias,226,init_easy,kDN,log_loss,0.5997081412722841,0.9010821494472161,0.6656598612599403,0.5467661691542288,0.0070692171856748705,0.2785544001101357,0.008862989902797474,0.04096643767172271,"[[2180, 925], [1067, 1786]]","[[204, 141], [159, 158]]"
disclosure_x_bias,227,init_easy,kDN,log_loss,0.5996038315824418,0.9011271767061206,0.6656598612599403,0.5482813206693804,0.00706475354303286,0.2784903717778963,0.008465873736119888,0.04300971079683969,"[[2174, 931], [1061, 1792]]","[[203, 142], [157, 160]]"
disclosure_x_bias,228,init_easy,kDN,log_loss,0.5994968634606738,0.9013892035931491,0.6658276464948395,0.5452510176390774,0.007068491170261865,0.2785022403657747,0.00885298664039374,0.041912257164142735,"[[2179, 926], [1065, 1788]]","[[202, 143], [158, 159]]"
disclosure_x_bias,229,init_easy,kDN,log_loss,0.5994004861494162,0.9014161077043518,0.6658273645028482,0.5452510176390774,0.007067711994354657,0.27835689603676433,0.00879472951631798,0.041912257164142735,"[[2180, 925], [1066, 1787]]","[[202, 143], [158, 159]]"
disclosure_x_bias,230,init_easy,kDN,log_loss,0.5993037456212568,0.9014638968936757,0.6661632169646382,0.5452510176390774,0.007075088945667483,0.2783665905103944,0.009237988279049111,0.041912257164142735,"[[2180, 925], [1064, 1789]]","[[202, 143], [158, 159]]"
disclosure_x_bias,231,init_easy,kDN,log_loss,0.5992001801683504,0.9015044933326035,0.6663318481755118,0.5452510176390774,0.007084047616360196,0.27813920117409874,0.008362368124403599,0.041912257164142735,"[[2180, 925], [1063, 1790]]","[[202, 143], [158, 159]]"
disclosure_x_bias,232,init_easy,kDN,log_loss,0.5991080238282931,0.9014008608603643,0.6659951497377474,0.5452510176390774,0.007085032549069201,0.2782749032455117,0.009727503460634716,0.041912257164142735,"[[2178, 927], [1063, 1790]]","[[202, 143], [158, 159]]"
disclosure_x_bias,233,init_easy,kDN,log_loss,0.5990184104451369,0.9013766511183847,0.6670029891151091,0.5452510176390774,0.007079931506300188,0.27820808940973796,0.009373466411537036,0.040044870994949765,"[[2185, 920], [1064, 1789]]","[[203, 142], [159, 158]]"
disclosure_x_bias,234,init_easy,kDN,log_loss,0.5989248281713246,0.9015623628472442,0.6666665726693362,0.5437358661239258,0.0070748883508944,0.278080121827234,0.009030817683944033,0.041567940294914514,"[[2185, 920], [1066, 1787]]","[[202, 143], [159, 158]]"
disclosure_x_bias,235,init_easy,kDN,log_loss,0.5988356700624847,0.9016238942909446,0.6663304382155546,0.5437358661239258,0.007072324785728421,0.278260585608889,0.009736960872246146,0.041567940294914514,"[[2181, 924], [1064, 1789]]","[[202, 143], [159, 158]]"
disclosure_x_bias,236,init_easy,kDN,log_loss,0.5987469687182663,0.901870219117515,0.6670021431391349,0.5437358661239258,0.007069781690058625,0.2781138269337729,0.009441732916952043,0.041567940294914514,"[[2181, 924], [1060, 1793]]","[[202, 143], [159, 158]]"
disclosure_x_bias,237,init_easy,kDN,log_loss,0.5986433214803843,0.9019285370285959,0.6673377136089335,0.5437358661239258,0.007072852097348272,0.2780964054012982,0.00923179180393285,0.041567940294914514,"[[2182, 923], [1059, 1794]]","[[202, 143], [159, 158]]"
disclosure_x_bias,238,init_easy,kDN,log_loss,0.5985458478628704,0.9019159456945088,0.6668340759122441,0.5437358661239258,0.007074713129846706,0.27809173172720464,0.009808862893170374,0.041567940294914514,"[[2180, 925], [1060, 1793]]","[[202, 143], [159, 158]]"
disclosure_x_bias,239,init_easy,kDN,log_loss,0.5984481245884348,0.9018620900350192,0.6671702103660256,0.5437358661239258,0.007073748477443601,0.2783020373023493,0.009225985656118468,0.041567940294914514,"[[2182, 923], [1060, 1793]]","[[202, 143], [159, 158]]"
disclosure_x_bias,240,init_easy,kDN,log_loss,0.5983328221453191,0.9012934002904227,0.6673374316169421,0.5437358661239258,0.007032156277542022,0.2765346589167081,0.00967381944666241,0.041567940294914514,"[[2179, 926], [1056, 1797]]","[[202, 143], [159, 158]]"
disclosure_x_bias,241,init_easy,kDN,log_loss,0.5982444198255552,0.901294202631504,0.6664982234504541,0.5437358661239258,0.007030505287714887,0.27643262750097275,0.009583804378781733,0.041567940294914514,"[[2178, 927], [1060, 1793]]","[[202, 143], [159, 158]]"
disclosure_x_bias,242,init_easy,kDN,log_loss,0.5981560705433322,0.9013011620811376,0.6670018611471434,0.5452284034373587,0.007025043193082122,0.2763878274927432,0.009385712081601714,0.04389628269406333,"[[2175, 930], [1054, 1799]]","[[202, 143], [158, 159]]"
disclosure_x_bias,243,init_easy,kDN,log_loss,0.598062187309408,0.9012652570292772,0.6680091365405223,0.542243328810493,0.007020221067013349,0.2762755764274293,0.009690500886860135,0.039666825421324284,"[[2187, 918], [1060, 1793]]","[[202, 143], [160, 157]]"
disclosure_x_bias,244,init_easy,kDN,log_loss,0.59797177717494,0.9013633222313656,0.6675054988438329,0.5452284034373587,0.007018797411147609,0.27625096207672123,0.009014983210623604,0.04389628269406333,"[[2180, 925], [1056, 1797]]","[[202, 143], [158, 159]]"
disclosure_x_bias,245,init_easy,kDN,log_loss,0.5978762458069374,0.9013491069008124,0.6681774857594045,0.542243328810493,0.007018462896041697,0.2762744727010208,0.00934951746246054,0.039666825421324284,"[[2189, 916], [1061, 1792]]","[[202, 143], [160, 157]]"
disclosure_x_bias,246,init_easy,kDN,log_loss,0.5977852037016971,0.9012457360473627,0.6680094185325137,0.545273631840796,0.007019424366752118,0.27645059999332167,0.008940051486236956,0.04107199481478666,"[[2184, 921], [1057, 1796]]","[[202, 143], [158, 159]]"
disclosure_x_bias,247,init_easy,kDN,log_loss,0.5976820545910471,0.9014947539622933,0.6680099825164966,0.5437584803256444,0.007020987810854603,0.27639654269298186,0.008916915649482096,0.040090223962921216,"[[2184, 921], [1057, 1796]]","[[202, 143], [159, 158]]"
disclosure_x_bias,248,init_easy,kDN,log_loss,0.5975897789834967,0.9014677541050921,0.6676732840787322,0.5467435549525101,0.00701354666894291,0.2763434426048008,0.009070906232140812,0.044165618940857965,"[[2177, 928], [1052, 1801]]","[[202, 143], [157, 160]]"
disclosure_x_bias,249,init_easy,kDN,log_loss,0.5975048866582768,0.9014734832877004,0.6686808414641024,0.542243328810493,0.007010356674776584,0.276242375641264,0.009159527914413539,0.039666825421324284,"[[2189, 916], [1058, 1795]]","[[202, 143], [160, 157]]"
disclosure_x_bias,250,init_easy,kDN,log_loss,0.5974201480435335,0.9014488154850124,0.6685127742372117,0.5482587064676616,0.007008220804799432,0.27627782069360607,0.009240222633300658,0.04494701147772049,"[[2180, 925], [1050, 1803]]","[[202, 143], [156, 161]]"
disclosure_x_bias,251,init_easy,kDN,log_loss,0.5973165414308598,0.9015327488106051,0.6688489086909932,0.542243328810493,0.007015301916829292,0.2765224724523739,0.008831624799286023,0.039666825421324284,"[[2191, 914], [1059, 1794]]","[[202, 143], [160, 157]]"
disclosure_x_bias,252,init_easy,kDN,log_loss,0.5972245748089476,0.9014811749894955,0.6690166939258925,0.5452510176390774,0.007015974079616314,0.27633320630706965,0.009138539008952878,0.04251649683503552,"[[2190, 915], [1057, 1796]]","[[202, 143], [158, 159]]"
disclosure_x_bias,253,init_easy,kDN,log_loss,0.5971390046263869,0.9013404760185567,0.669016975917884,0.5437358661239258,0.007013559925054237,0.27637983893706675,0.00795482317512427,0.041567940294914514,"[[2192, 913], [1059, 1794]]","[[202, 143], [159, 158]]"
disclosure_x_bias,254,init_easy,kDN,log_loss,0.5970377466815534,0.9014019066635444,0.6688491906829845,0.5437358661239258,0.007001024178251592,0.2763514261124062,0.007763144211553361,0.041567940294914514,"[[2192, 913], [1060, 1793]]","[[202, 143], [159, 158]]"
disclosure_x_bias,255,init_easy,kDN,log_loss,0.5969484476366678,0.9013835565148443,0.6695208956065648,0.5422207146087743,0.007000923136073774,0.27635492807010764,0.008156516974570262,0.038600358673922586,"[[2192, 913], [1056, 1797]]","[[202, 143], [160, 157]]"
disclosure_x_bias,256,init_easy,kDN,log_loss,0.5968564756849198,0.901404399764089,0.6690172579098753,0.5437358661239258,0.006998911138580369,0.2765283576887808,0.007981803389242762,0.041567940294914514,"[[2192, 913], [1059, 1794]]","[[202, 143], [159, 158]]"
disclosure_x_bias,257,init_easy,kDN,log_loss,0.5967683936412105,0.901548296660531,0.6691847611527832,0.5437358661239258,0.006992731271537444,0.27658773409042886,0.008252650970308847,0.041567940294914514,"[[2190, 915], [1056, 1797]]","[[202, 143], [159, 158]]"
disclosure_x_bias,258,init_easy,kDN,log_loss,0.5966834786150326,0.9015705405046279,0.669352828379674,0.5437358661239258,0.006991224319886575,0.27659965166214817,0.008813607094404074,0.041567940294914514,"[[2191, 914], [1056, 1797]]","[[202, 143], [159, 158]]"
disclosure_x_bias,259,init_easy,kDN,log_loss,0.5965848351174348,0.9018352018170914,0.6693525463876826,0.542243328810493,0.006977732169630423,0.27651164444366705,0.008681769080416214,0.039666825421324284,"[[2191, 914], [1056, 1797]]","[[201, 144], [159, 158]]"
disclosure_x_bias,260,init_easy,kDN,log_loss,0.5964992607421308,0.901916850054916,0.6695206136145734,0.542243328810493,0.006975090618519179,0.2764944900307404,0.008433310598640735,0.039666825421324284,"[[2191, 914], [1055, 1798]]","[[201, 144], [159, 158]]"
disclosure_x_bias,261,init_easy,kDN,log_loss,0.5964131139465281,0.9019516460976078,0.6693525463876826,0.542243328810493,0.006975398695949927,0.27652570334080906,0.008161785964347763,0.039666825421324284,"[[2191, 914], [1056, 1797]]","[[201, 144], [159, 158]]"
disclosure_x_bias,262,init_easy,kDN,log_loss,0.596317967307602,0.9017251070447827,0.669856184084372,0.542243328810493,0.006982447765084114,0.2765715127204639,0.008715359408421752,0.039666825421324284,"[[2192, 913], [1054, 1799]]","[[201, 144], [159, 158]]"
disclosure_x_bias,263,init_easy,kDN,log_loss,0.5962270571549105,0.9019475982201648,0.6696878348654899,0.542243328810493,0.006985869738910526,0.27644027637273405,0.0086184326014675,0.039666825421324284,"[[2193, 912], [1056, 1797]]","[[201, 144], [159, 158]]"
disclosure_x_bias,264,init_easy,kDN,log_loss,0.5961403016802395,0.9018771079906023,0.6698559020923807,0.5437358661239258,0.006983785895184342,0.27648221030538706,0.008762376197367475,0.041567940294914514,"[[2192, 913], [1054, 1799]]","[[202, 143], [159, 158]]"
disclosure_x_bias,265,init_easy,kDN,log_loss,0.5960569750996034,0.9020301787830917,0.6696878348654899,0.542243328810493,0.006982815810238008,0.27660140444161874,0.007698249269320013,0.039666825421324284,"[[2194, 911], [1057, 1796]]","[[201, 144], [159, 158]]"
disclosure_x_bias,266,init_easy,kDN,log_loss,0.5959733276006993,0.901963479615348,0.6701914725621793,0.542243328810493,0.006980449889784519,0.2765434065224729,0.008809789170137992,0.039666825421324284,"[[2195, 910], [1055, 1798]]","[[201, 144], [159, 158]]"
disclosure_x_bias,267,init_easy,kDN,log_loss,0.5958899297438325,0.9020456522641954,0.6700234053352885,0.5407281772953414,0.0069780709016626615,0.27660200835291776,0.008491635393155485,0.036476371670439024,"[[2191, 914], [1052, 1801]]","[[201, 144], [160, 157]]"
disclosure_x_bias,268,init_easy,kDN,log_loss,0.595803424098861,0.9021683254982662,0.6706948282668772,0.5407281772953414,0.006974264067890448,0.2764917441596544,0.009217466203552183,0.036476371670439024,"[[2195, 910], [1052, 1801]]","[[201, 144], [160, 157]]"
disclosure_x_bias,269,init_easy,kDN,log_loss,0.5957196278528277,0.9021439124510794,0.6706948282668772,0.542243328810493,0.006972093449265675,0.2764038248790588,0.008871623794887915,0.03700535405700643,"[[2191, 914], [1048, 1805]]","[[201, 144], [159, 158]]"
disclosure_x_bias,270,init_easy,kDN,log_loss,0.5956241371225179,0.9021999712254514,0.6708620495177937,0.5407281772953414,0.006968843511657077,0.2764442778273675,0.009023869979855138,0.036476371670439024,"[[2195, 910], [1051, 1802]]","[[201, 144], [160, 157]]"
disclosure_x_bias,271,init_easy,kDN,log_loss,0.5955397696365066,0.9022290926632767,0.6717026676442389,0.542243328810493,0.0069670561765628565,0.2762189088900905,0.008564356586354165,0.037688346095507544,"[[2200, 905], [1051, 1802]]","[[201, 144], [159, 158]]"
disclosure_x_bias,272,init_easy,kDN,log_loss,0.5954588466898012,0.9021739316559471,0.6710301167446844,0.5407281772953414,0.006963975337166994,0.27654974096503787,0.00910306731714753,0.036476371670439024,"[[2197, 908], [1052, 1801]]","[[201, 144], [160, 157]]"
disclosure_x_bias,273,init_easy,kDN,log_loss,0.5953753875225216,0.9023708677562512,0.6717026676442389,0.542243328810493,0.0069620367469863135,0.27649256308680276,0.008152707025096781,0.03700535405700643,"[[2199, 906], [1050, 1803]]","[[201, 144], [159, 158]]"
disclosure_x_bias,274,init_easy,kDN,log_loss,0.5952889873332137,0.9022778208919077,0.6711981839715752,0.542243328810493,0.006956437181323109,0.27653919579255043,0.00897064418948195,0.037688346095507544,"[[2196, 909], [1050, 1803]]","[[201, 144], [159, 158]]"
disclosure_x_bias,275,init_easy,kDN,log_loss,0.5952096755319316,0.9024677634979075,0.6717023856522475,0.542243328810493,0.006954203352900228,0.2766013561950779,0.007892602538977007,0.037688346095507544,"[[2200, 905], [1051, 1802]]","[[201, 144], [159, 158]]"
disclosure_x_bias,276,init_easy,kDN,log_loss,0.595118451329232,0.9022967171244856,0.6718704528791382,0.5437584803256444,0.00696266990260113,0.2766087593405432,0.007884131204667582,0.03677159290465143,"[[2200, 905], [1050, 1803]]","[[202, 143], [159, 158]]"
disclosure_x_bias,277,init_easy,kDN,log_loss,0.595030839173534,0.9026575442692885,0.6713659692064745,0.545273631840796,0.006965460879846353,0.27629515631607526,0.007670509860323669,0.035039576699678804,"[[2195, 910], [1048, 1805]]","[[202, 143], [158, 159]]"
disclosure_x_bias,278,init_easy,kDN,log_loss,0.5949370949491449,0.9027225635190625,0.6720382381140375,0.545273631840796,0.006974145724847681,0.27645549255942115,0.007601964096416634,0.035039576699678804,"[[2200, 905], [1049, 1804]]","[[202, 143], [158, 159]]"
disclosure_x_bias,279,init_easy,kDN,log_loss,0.5948531636526015,0.9027750073807284,0.6722063053409283,0.545273631840796,0.006972303064837419,0.2764923918536488,0.007204631141229426,0.03850776477471062,"[[2202, 903], [1050, 1803]]","[[201, 144], [157, 160]]"
disclosure_x_bias,280,init_easy,kDN,log_loss,0.5947591276110873,0.9026683264418413,0.672541875810727,0.5483039348710991,0.006971869729850332,0.2765355293634968,0.007482774470201321,0.03491113244052487,"[[2202, 903], [1048, 1805]]","[[202, 143], [156, 161]]"
disclosure_x_bias,281,init_easy,kDN,log_loss,0.5946786495268684,0.902763772606575,0.6722063053409283,0.5467887833559475,0.0069710262491705565,0.2765783031234811,0.007204631141229426,0.0381496883774872,"[[2201, 904], [1049, 1804]]","[[201, 144], [156, 161]]"
disclosure_x_bias,282,init_easy,kDN,log_loss,0.5945926259973933,0.902871635648163,0.672541875810727,0.5467887833559475,0.006970082667966902,0.2765639217425111,0.007482774470201321,0.035374254948733065,"[[2201, 904], [1047, 1806]]","[[201, 144], [156, 161]]"
disclosure_x_bias,283,init_easy,kDN,log_loss,0.5945115674201908,0.9028746799223886,0.6725415938187356,0.5483039348710991,0.006970076787140222,0.27662638424734326,0.007783145051956627,0.03491113244052487,"[[2201, 904], [1047, 1806]]","[[202, 143], [156, 161]]"
disclosure_x_bias,284,init_easy,kDN,log_loss,0.5944220280996482,0.9030084445843958,0.6727093790536348,0.545273631840796,0.006967219027838332,0.2764918437540157,0.007847790657402374,0.03715935337009699,"[[2201, 904], [1046, 1807]]","[[201, 144], [157, 160]]"
disclosure_x_bias,285,init_easy,kDN,log_loss,0.5943407139471383,0.9029188093420055,0.672541875810727,0.5467887833559475,0.006964736143960736,0.276582928544288,0.007524460858922542,0.03881254856138329,"[[2200, 905], [1046, 1807]]","[[200, 145], [155, 162]]"
disclosure_x_bias,286,init_easy,kDN,log_loss,0.5942516889110099,0.9029335872875748,0.6723738085838362,0.545273631840796,0.00696954015081852,0.2764557061277612,0.00775434802534593,0.0404461809759031,"[[2198, 907], [1045, 1808]]","[[200, 145], [156, 161]]"
disclosure_x_bias,287,init_easy,kDN,log_loss,0.5941681647755799,0.9029301422360925,0.6718704528791382,0.545273631840796,0.006969801733324258,0.27659215042348445,0.007764602138081517,0.041071994814786635,"[[2200, 905], [1050, 1803]]","[[200, 145], [156, 161]]"
disclosure_x_bias,288,init_easy,kDN,log_loss,0.5940858679587329,0.9029976661808284,0.6725415938187356,0.545273631840796,0.006958212506172983,0.27649402469066825,0.007742851506663206,0.03981053067977306,"[[2202, 903], [1048, 1805]]","[[201, 144], [157, 160]]"
disclosure_x_bias,289,init_easy,kDN,log_loss,0.5939997733961019,0.9030565560372829,0.6720382381140375,0.545273631840796,0.006959557512258806,0.27652054926194214,0.007683817606784305,0.041071994814786635,"[[2200, 905], [1049, 1804]]","[[200, 145], [156, 161]]"
disclosure_x_bias,290,init_easy,kDN,log_loss,0.5939185958251435,0.9030700591795636,0.6720382381140375,0.5483039348710991,0.00695890730129141,0.2765967890678383,0.007925369052160337,0.040962470519404166,"[[2197, 908], [1046, 1807]]","[[201, 144], [155, 162]]"
disclosure_x_bias,291,init_easy,kDN,log_loss,0.5938409465183029,0.9030141033466188,0.6722060233489369,0.5467887833559475,0.006956186441172307,0.2766010481807834,0.008344049690289438,0.041357886018885875,"[[2197, 908], [1045, 1808]]","[[200, 145], [155, 162]]"
disclosure_x_bias,292,init_easy,kDN,log_loss,0.5937634089285222,0.90320911141258,0.6725421578027184,0.5483039348710991,0.006953661291886439,0.2766110975518629,0.00738531557604103,0.039049691208279655,"[[2200, 905], [1046, 1807]]","[[201, 144], [155, 162]]"
disclosure_x_bias,293,init_easy,kDN,log_loss,0.5936784476467606,0.9030343384973897,0.6722060233489369,0.5467887833559475,0.006957289593589766,0.2766337856451903,0.007921357660137735,0.03946427661012033,"[[2205, 900], [1053, 1800]]","[[200, 145], [155, 162]]"
disclosure_x_bias,294,init_easy,kDN,log_loss,0.5935954258061594,0.9032128851645913,0.6722063053409284,0.5483039348710991,0.006957998765689855,0.27651613405811915,0.0077887787309064175,0.039049691208279655,"[[2203, 902], [1051, 1802]]","[[201, 144], [155, 162]]"
disclosure_x_bias,295,init_easy,kDN,log_loss,0.5935153046524927,0.903142939004827,0.6720382381140376,0.5483039348710991,0.0069532380941437115,0.2765983591262383,0.008042247439077095,0.039049691208279655,"[[2199, 906], [1048, 1805]]","[[201, 144], [155, 162]]"
disclosure_x_bias,296,init_easy,kDN,log_loss,0.5934288721636835,0.9033922825098815,0.6727090970616435,0.5513116236996833,0.006947796849282048,0.2763611812445433,0.008620222021733114,0.04083565906653688,"[[2201, 904], [1046, 1807]]","[[202, 143], [154, 163]]"
disclosure_x_bias,297,init_easy,kDN,log_loss,0.5933406231440019,0.9032860616457044,0.6720379561220462,0.5513342379014021,0.006934217126544202,0.2763827324530136,0.007818708283253576,0.03996896221442021,"[[2195, 910], [1044, 1809]]","[[201, 144], [153, 164]]"
disclosure_x_bias,298,init_easy,kDN,log_loss,0.5932449922608952,0.9033197353172685,0.6723735265918448,0.5483039348710991,0.006942679649149989,0.2763191950336796,0.0084245664682647,0.039049691208279655,"[[2204, 901], [1051, 1802]]","[[201, 144], [155, 162]]"
disclosure_x_bias,299,init_easy,kDN,log_loss,0.5931477751661764,0.9032250495422709,0.672541875810727,0.5483039348710991,0.006944313612274467,0.2763221865191664,0.008201285646446605,0.039049691208279655,"[[2200, 905], [1046, 1807]]","[[201, 144], [155, 162]]"
disclosure_x_bias,300,init_easy,kDN,log_loss,0.5930683098241297,0.9031503347212263,0.6727093790536349,0.5483039348710991,0.006944451398615525,0.2761380624293367,0.007887548139185756,0.039049691208279655,"[[2202, 903], [1047, 1806]]","[[201, 144], [155, 162]]"
disclosure_x_bias,1,init_easy,kDN,exponential,27.0765760990323,30.113200949768732,0.6181583103039874,0.5468566259611036,14.862008298231043,33.90156910793008,0.02399627250590758,0.024994530524254606,"[[2030, 1075], [1200, 1653]]","[[209, 136], [164, 153]]"
disclosure_x_bias,2,init_easy,kDN,exponential,27.091928534652446,30.21332883974108,0.6189986464384412,0.5468566259611036,14.858642343937564,34.15156882910767,0.022542693543351464,0.024994530524254606,"[[2037, 1068], [1202, 1651]]","[[209, 136], [164, 153]]"
disclosure_x_bias,3,init_easy,kDN,exponential,27.039807444762015,30.03869485183457,0.6206779087473916,0.5483717774762551,14.869903726332176,34.055596162364466,0.022940269284554365,0.02634345820143053,"[[2048, 1057], [1203, 1650]]","[[210, 135], [164, 153]]"
disclosure_x_bias,4,init_easy,kDN,exponential,26.92708521637786,30.125893301411075,0.6215165529298968,0.5483717774762551,14.804428410944043,34.29302418585275,0.02314324904939431,0.02634345820143053,"[[2053, 1052], [1203, 1650]]","[[210, 135], [164, 153]]"
disclosure_x_bias,5,init_easy,kDN,exponential,26.9331620350072,30.097949856646107,0.6240364333652925,0.5438715513342378,14.812372239908905,34.26563212556051,0.02136093757999801,0.027877195430870284,"[[2084, 1021], [1219, 1634]]","[[210, 135], [167, 150]]"
disclosure_x_bias,6,init_easy,kDN,exponential,26.82278885900704,29.9945092048553,0.6242045005921832,0.5438715513342378,14.764195899155641,34.501382719555345,0.02158236055978644,0.027877195430870284,"[[2085, 1020], [1219, 1634]]","[[210, 135], [167, 150]]"
disclosure_x_bias,7,init_easy,kDN,exponential,26.54034154015192,29.710333410502066,0.6253792792284699,0.5438715513342378,14.696578837459928,34.49706912303537,0.02158905402542831,0.027877195430870284,"[[2092, 1013], [1219, 1634]]","[[210, 135], [167, 150]]"
disclosure_x_bias,8,init_easy,kDN,exponential,26.529131383026247,29.68900233198343,0.6255470644633693,0.5438715513342378,14.681208180723852,34.47845268588792,0.021425055084503125,0.027877195430870284,"[[2097, 1008], [1223, 1630]]","[[210, 135], [167, 150]]"
disclosure_x_bias,9,init_easy,kDN,exponential,26.540209651192093,29.757106274474843,0.6272249168123626,0.5544776119402985,14.677899460726248,34.679117918744495,0.017445556613574057,0.05151257809546473,"[[2066, 1039], [1182, 1671]]","[[209, 136], [159, 158]]"
disclosure_x_bias,10,init_easy,kDN,exponential,26.503955068197246,29.721715521941668,0.6278960577519599,0.5544776119402985,14.65568725827079,34.64361442110977,0.016446884057227936,0.05151257809546473,"[[2073, 1032], [1185, 1668]]","[[209, 136], [159, 158]]"
disclosure_x_bias,11,init_easy,kDN,exponential,26.29107694015193,29.46735945655464,0.6277279905250691,0.5544776119402985,14.625871682779154,34.64712353885495,0.016197842294226335,0.05151257809546473,"[[2070, 1035], [1183, 1670]]","[[209, 136], [159, 158]]"
disclosure_x_bias,12,init_easy,kDN,exponential,26.247971022970184,29.3989925740174,0.6289024871693644,0.5544776119402985,14.626799017074564,34.87332443442563,0.014935296163352938,0.05151257809546473,"[[2094, 1011], [1200, 1653]]","[[211, 134], [161, 156]]"
disclosure_x_bias,13,init_easy,kDN,exponential,26.213007440491726,29.389895602752432,0.6295739101009532,0.5575079149706015,14.599275601567118,34.884366423272425,0.015216766502907826,0.05278865485291557,"[[2099, 1006], [1201, 1652]]","[[213, 132], [161, 156]]"
disclosure_x_bias,14,init_easy,kDN,exponential,26.197485237155973,29.385964367982133,0.630077265805651,0.559023066485753,14.587258137994157,34.88669669621131,0.01528592171778537,0.05262143276816594,"[[2104, 1001], [1203, 1650]]","[[214, 131], [161, 156]]"
disclosure_x_bias,15,init_easy,kDN,exponential,25.998175872700035,29.249870998590808,0.630077265805651,0.559023066485753,14.546112731694027,34.93189048958187,0.01528592171778537,0.05262143276816594,"[[2105, 1000], [1204, 1649]]","[[214, 131], [161, 156]]"
disclosure_x_bias,16,init_easy,kDN,exponential,25.971945418119816,29.245907799945115,0.6304131182674413,0.559023066485753,14.515611600343398,34.9229856761305,0.015107656744900746,0.05262143276816594,"[[2107, 998], [1204, 1649]]","[[214, 131], [161, 156]]"
disclosure_x_bias,17,init_easy,kDN,exponential,25.88921323046153,29.145022092381303,0.6304131182674413,0.559023066485753,14.488041903226428,35.09625937970572,0.01510765674490076,0.05262143276816594,"[[2111, 994], [1208, 1645]]","[[215, 130], [162, 155]]"
disclosure_x_bias,18,init_easy,kDN,exponential,25.884589729167583,29.01966211146841,0.630581185494332,0.5575305291723203,14.522737143457707,35.02675707350938,0.014884854663322485,0.054427058818320065,"[[2105, 1000], [1201, 1652]]","[[214, 131], [162, 155]]"
disclosure_x_bias,19,init_easy,kDN,exponential,25.898708475108663,29.036203426464795,0.6307492527212227,0.5575305291723203,14.52719220975767,35.05558704092801,0.014677923430438486,0.054427058818320065,"[[2105, 1000], [1200, 1653]]","[[214, 131], [162, 155]]"
disclosure_x_bias,20,init_easy,kDN,exponential,25.791767244975187,29.013724415542463,0.6304134002594326,0.5575305291723203,14.49418079250691,35.03438536264133,0.014376135414239828,0.054427058818320065,"[[2103, 1002], [1200, 1653]]","[[214, 131], [162, 155]]"
disclosure_x_bias,21,init_easy,kDN,exponential,25.677257223983695,28.863980122382976,0.6305814674863234,0.5575305291723203,14.4562867466637,35.06029086616996,0.014621908750319703,0.054427058818320065,"[[2106, 999], [1202, 1651]]","[[214, 131], [162, 155]]"
disclosure_x_bias,22,init_easy,kDN,exponential,25.674136858221953,28.940669203302196,0.6309170379561221,0.5575305291723203,14.435068787695633,35.230549589376956,0.014774007313641048,0.054427058818320065,"[[2106, 999], [1200, 1653]]","[[214, 131], [162, 155]]"
disclosure_x_bias,23,init_easy,kDN,exponential,25.68551372900719,28.924475802250566,0.6312526084259207,0.5575305291723203,14.434977203224326,35.2147553682284,0.015083000672632135,0.054427058818320065,"[[2109, 996], [1201, 1652]]","[[214, 131], [162, 155]]"
disclosure_x_bias,24,init_easy,kDN,exponential,25.602831695412032,28.75898056443129,0.6317559641306187,0.5560153776571687,14.427351222333066,35.210912225734475,0.015316989342932267,0.054542701143771764,"[[2113, 992], [1202, 1651]]","[[214, 131], [163, 154]]"
disclosure_x_bias,25,init_easy,kDN,exponential,25.591323837499328,28.741949474741197,0.6332665952286956,0.5560153776571687,14.427337963625092,35.175712899751275,0.014282472067502718,0.054542701143771764,"[[2098, 1007], [1178, 1675]]","[[212, 133], [161, 156]]"
disclosure_x_bias,26,init_easy,kDN,exponential,25.586054944170435,28.720548538499806,0.6332665952286956,0.5560153776571687,14.439646822374787,35.10756621446046,0.014282472067502718,0.054542701143771764,"[[2099, 1006], [1179, 1674]]","[[212, 133], [161, 156]]"
disclosure_x_bias,27,init_easy,kDN,exponential,25.57362356010909,28.67739709973419,0.6334343804635949,0.5575079149706015,14.456308204985936,35.203903752025305,0.014062271899917746,0.05278865485291557,"[[2098, 1007], [1177, 1676]]","[[212, 133], [160, 157]]"
disclosure_x_bias,28,init_easy,kDN,exponential,25.49841959139506,28.563740085186243,0.6336021656984941,0.5575079149706015,14.44398582546479,35.25571609539386,0.014104984339502368,0.05278865485291557,"[[2100, 1005], [1178, 1675]]","[[212, 133], [160, 157]]"
disclosure_x_bias,29,init_easy,kDN,exponential,25.380048667656695,28.534065106120824,0.6325954542890981,0.5575079149706015,14.392292261133852,35.19314151416029,0.015659521430448808,0.05278865485291557,"[[2123, 982], [1207, 1646]]","[[215, 130], [163, 154]]"
disclosure_x_bias,30,init_easy,kDN,exponential,25.401089949633388,28.590587567125475,0.6327632395239975,0.5575079149706015,14.39655035230153,35.33009534175243,0.01572774935677121,0.05278865485291557,"[[2123, 982], [1206, 1647]]","[[215, 130], [163, 154]]"
disclosure_x_bias,31,init_easy,kDN,exponential,25.315965624208896,28.476746494113286,0.6329310247588968,0.5575079149706015,14.372212794834796,35.349822458291946,0.015951357561288532,0.05278865485291557,"[[2125, 980], [1207, 1646]]","[[215, 130], [163, 154]]"
disclosure_x_bias,32,init_easy,kDN,exponential,25.290425324167465,28.41051866210774,0.6339377361682927,0.5575079149706015,14.36975111690658,35.25417308593747,0.014227448236976366,0.05278865485291557,"[[2102, 1003], [1178, 1675]]","[[212, 133], [160, 157]]"
disclosure_x_bias,33,init_easy,kDN,exponential,25.169285622499206,28.392952741179084,0.6339377361682927,0.5575079149706015,14.346999263353231,35.42873405851371,0.014227448236976366,0.05278865485291557,"[[2102, 1003], [1178, 1675]]","[[212, 133], [160, 157]]"
disclosure_x_bias,34,init_easy,kDN,exponential,25.165505523122004,28.40763196083273,0.6334343804635949,0.5544776119402985,14.345412416123736,35.41955532499437,0.014946470695625665,0.045181448313186066,"[[2115, 990], [1194, 1659]]","[[212, 133], [162, 155]]"
disclosure_x_bias,35,init_easy,kDN,exponential,25.177922034234868,28.414757710258026,0.6337699509333935,0.552962460425147,14.350887967864132,35.42922088346159,0.014623756682390932,0.047410404086498256,"[[2118, 987], [1195, 1658]]","[[212, 133], [163, 154]]"
disclosure_x_bias,36,init_easy,kDN,exponential,25.172346179937247,28.339523571883614,0.6341055214031922,0.552962460425147,14.3734905556717,35.40226068267484,0.014822322015026455,0.047410404086498256,"[[2119, 986], [1194, 1659]]","[[212, 133], [163, 154]]"
disclosure_x_bias,37,init_easy,kDN,exponential,25.06917691508755,28.290841970115974,0.6344410918729908,0.5544776119402985,14.44151476170229,35.30222514787085,0.013996245261102512,0.05101500269049291,"[[2108, 997], [1181, 1672]]","[[212, 133], [162, 155]]"
disclosure_x_bias,38,init_easy,kDN,exponential,25.07678172642535,28.351266188780095,0.6346088771078902,0.5544776119402985,14.448946008022489,35.41531787007528,0.014070316629810084,0.05101500269049291,"[[2109, 996], [1181, 1672]]","[[212, 133], [162, 155]]"
disclosure_x_bias,39,init_easy,kDN,exponential,25.079622355063158,28.328979238763004,0.6346088771078902,0.5575079149706015,14.447955124791363,35.42383837888311,0.014225083204749061,0.058735336162099645,"[[2098, 1007], [1170, 1683]]","[[212, 133], [160, 157]]"
disclosure_x_bias,40,init_easy,kDN,exponential,25.009126054608362,28.241839586797,0.6352800180474875,0.5575079149706015,14.428630547341664,35.392211152662064,0.01373946127779829,0.058735336162099645,"[[2099, 1006], [1167, 1686]]","[[212, 133], [160, 157]]"
disclosure_x_bias,41,init_easy,kDN,exponential,24.763535785430395,28.216291761454414,0.6356155885172861,0.55599276345545,14.31481980757854,35.57982108723965,0.013955102511432702,0.05927377405697906,"[[2101, 1004], [1167, 1686]]","[[212, 133], [161, 156]]"
disclosure_x_bias,42,init_easy,kDN,exponential,24.748351396239286,28.172474795116255,0.6359511589870848,0.55599276345545,14.312144443246599,35.488836582164,0.014224750590556225,0.05927377405697906,"[[2103, 1002], [1167, 1686]]","[[212, 133], [161, 156]]"
disclosure_x_bias,43,init_easy,kDN,exponential,24.739839369938483,28.19172133147717,0.6364545146917828,0.5590230664857531,14.313967214906269,35.46598371741705,0.013686124439628595,0.056816828575236386,"[[2097, 1008], [1158, 1695]]","[[211, 134], [158, 159]]"
disclosure_x_bias,44,init_easy,kDN,exponential,24.70469925350241,28.126625351947713,0.6367900851615814,0.5544776119402985,14.294761427722303,35.49102673874662,0.01384848938361619,0.04949227103215141,"[[2110, 995], [1169, 1684]]","[[211, 134], [161, 156]]"
disclosure_x_bias,45,init_easy,kDN,exponential,24.730465305359964,28.156949128349652,0.6366222999266821,0.55599276345545,14.288338250290888,35.58509179671176,0.013825360887830172,0.04784365611268964,"[[2110, 995], [1170, 1683]]","[[211, 134], [160, 157]]"
disclosure_x_bias,46,init_easy,kDN,exponential,24.720209651974848,28.120186917056383,0.6367900851615814,0.5544776119402985,14.285671189987761,35.505179959259195,0.01384848938361619,0.04949227103215141,"[[2110, 995], [1169, 1684]]","[[211, 134], [161, 156]]"
disclosure_x_bias,47,init_easy,kDN,exponential,24.66892965153705,28.029047369202704,0.6367900851615814,0.55599276345545,14.284365734494736,35.515327770309334,0.013916086035405653,0.04784365611268964,"[[2111, 994], [1170, 1683]]","[[212, 133], [161, 156]]"
disclosure_x_bias,48,init_easy,kDN,exponential,24.593626645134755,28.019662276075554,0.6367900851615814,0.55599276345545,14.27692808955737,35.50610872097311,0.013916086035405653,0.04784365611268964,"[[2111, 994], [1170, 1683]]","[[212, 133], [161, 156]]"
disclosure_x_bias,49,init_easy,kDN,exponential,24.579752607576786,28.042832265679596,0.6377982065309344,0.55599276345545,14.271825995449008,35.51244264951616,0.012768318020116314,0.04784365611268964,"[[2120, 985], [1173, 1680]]","[[212, 133], [161, 156]]"
disclosure_x_bias,50,init_easy,kDN,exponential,24.588127215188475,28.05690628974507,0.637798488522926,0.55599276345545,14.283312812374271,35.512106256437185,0.013217820216182292,0.04784365611268964,"[[2120, 985], [1173, 1680]]","[[212, 133], [161, 156]]"
disclosure_x_bias,51,init_easy,kDN,exponential,24.589562242857504,28.143123479143185,0.6379662737578252,0.55599276345545,14.300308766711922,35.65318377418615,0.013178053036739648,0.04784365611268964,"[[2121, 984], [1173, 1680]]","[[212, 133], [161, 156]]"
disclosure_x_bias,52,init_easy,kDN,exponential,24.57206778519946,28.098293390238744,0.6383018442276239,0.5544776119402985,14.297568905645049,35.55248648175444,0.012776590192879333,0.04949227103215141,"[[2122, 983], [1172, 1681]]","[[211, 134], [161, 156]]"
disclosure_x_bias,53,init_easy,kDN,exponential,24.415622511327758,27.95462517854679,0.6383018442276239,0.5544776119402985,14.232188171570616,35.6559431335569,0.012727531656439096,0.04949227103215141,"[[2122, 983], [1172, 1681]]","[[211, 134], [161, 156]]"
disclosure_x_bias,54,init_easy,kDN,exponential,24.406330397741172,27.919645083841726,0.6383018442276239,0.5544776119402985,14.233438168117754,35.59389568342966,0.012727531656439096,0.04949227103215141,"[[2123, 982], [1173, 1680]]","[[211, 134], [161, 156]]"
disclosure_x_bias,55,init_easy,kDN,exponential,24.335867830594957,27.906809304310237,0.6386374146974225,0.5544776119402985,14.293805066985964,35.57474694289901,0.01267690655832489,0.04949227103215141,"[[2124, 981], [1172, 1681]]","[[211, 134], [161, 156]]"
disclosure_x_bias,56,init_easy,kDN,exponential,24.241462199996565,27.86044979530066,0.6396455360667758,0.5529850746268656,14.283567799434453,35.477660185093946,0.012057531845587794,0.05126107980211769,"[[2131, 974], [1173, 1680]]","[[211, 134], [162, 155]]"
disclosure_x_bias,57,init_easy,kDN,exponential,24.25538083320273,27.929768857044046,0.6393099655969771,0.5529850746268656,14.30222983244216,35.6118039748622,0.01185497249437164,0.05126107980211769,"[[2130, 975], [1174, 1679]]","[[211, 134], [162, 155]]"
disclosure_x_bias,58,init_easy,kDN,exponential,24.24924225800596,27.969386258706198,0.6396455360667758,0.5529850746268656,14.298037042713784,35.70643215163949,0.012057531845587794,0.05126107980211769,"[[2131, 974], [1173, 1680]]","[[211, 134], [162, 155]]"
disclosure_x_bias,59,init_easy,kDN,exponential,24.25441605466485,27.966743445420366,0.6394777508318763,0.5514699231117142,14.30764679578044,35.633115538610895,0.011866082434302065,0.04971870523831893,"[[2132, 973], [1175, 1678]]","[[211, 134], [163, 154]]"
disclosure_x_bias,60,init_easy,kDN,exponential,24.262669929777477,27.942308395349066,0.6394777508318763,0.5514699231117142,14.316232071973245,35.64748879072507,0.011866082434302065,0.04971870523831893,"[[2132, 973], [1175, 1678]]","[[211, 134], [163, 154]]"
disclosure_x_bias,61,init_easy,kDN,exponential,24.201275585284755,27.858222499671804,0.6404844622412724,0.5529850746268656,14.318819767694098,35.66697974049578,0.011611004272604263,0.050256023493889475,"[[2136, 969], [1173, 1680]]","[[212, 133], [163, 154]]"
disclosure_x_bias,62,init_easy,kDN,exponential,24.175014669559474,27.84571395440567,0.6403166770063731,0.5514699231117142,14.302281045008307,35.666127627642794,0.011064144353686666,0.046538784206215766,"[[2135, 970], [1173, 1680]]","[[211, 134], [163, 154]]"
disclosure_x_bias,63,init_easy,kDN,exponential,24.180345366004172,27.798600026756567,0.6401488917714737,0.5514699231117142,14.316122774222475,35.65352887672976,0.011038068312032318,0.046538784206215766,"[[2134, 971], [1173, 1680]]","[[211, 134], [163, 154]]"
disclosure_x_bias,64,init_easy,kDN,exponential,24.199859883628147,27.79630217699928,0.6401488917714737,0.5514699231117142,14.338647790698237,35.633029255596725,0.011038068312032318,0.046538784206215766,"[[2134, 971], [1173, 1680]]","[[211, 134], [163, 154]]"
disclosure_x_bias,65,init_easy,kDN,exponential,24.18795824079083,27.80566524663743,0.6403169589983644,0.5514699231117142,14.354788213995999,35.60767571869337,0.011306664779990634,0.046538784206215766,"[[2135, 970], [1173, 1680]]","[[211, 134], [163, 154]]"
disclosure_x_bias,66,init_easy,kDN,exponential,24.12659136473198,27.739883524601897,0.6404847442332638,0.5514699231117142,14.346809676670448,35.727107700448954,0.011629097715617789,0.046538784206215766,"[[2135, 970], [1172, 1681]]","[[211, 134], [163, 154]]"
disclosure_x_bias,67,init_easy,kDN,exponential,24.049609975958834,27.798023159890988,0.6406525294681631,0.5514699231117142,14.3381683495264,35.83168930277308,0.01132165438084227,0.046538784206215766,"[[2137, 968], [1173, 1680]]","[[211, 134], [163, 154]]"
disclosure_x_bias,68,init_easy,kDN,exponential,24.055732833035535,27.780106589029607,0.6406525294681631,0.5514699231117142,14.310921034349025,35.75988351746545,0.01148622838849237,0.046538784206215766,"[[2136, 969], [1172, 1681]]","[[211, 134], [163, 154]]"
disclosure_x_bias,69,init_easy,kDN,exponential,24.068666876500522,27.81480016038198,0.641155885172861,0.5514699231117142,14.309432335799329,35.766155918786936,0.011981092665510689,0.046538784206215766,"[[2137, 968], [1170, 1683]]","[[211, 134], [163, 154]]"
disclosure_x_bias,70,init_easy,kDN,exponential,23.9785865511701,27.829917305456682,0.6413236704077605,0.5529850746268656,14.258502868746998,35.781853379785126,0.011645372011044873,0.050256023493889475,"[[2139, 966], [1171, 1682]]","[[212, 133], [163, 154]]"
disclosure_x_bias,71,init_easy,kDN,exponential,23.918967593270786,27.808545432364486,0.6413236704077605,0.5529850746268656,14.248475806050125,35.740109403624444,0.011645372011044873,0.050256023493889475,"[[2139, 966], [1171, 1682]]","[[212, 133], [163, 154]]"
disclosure_x_bias,72,init_easy,kDN,exponential,23.910288536498218,27.773633952725977,0.6413236704077605,0.5499547715965626,14.2653898295217,35.74554709773661,0.011752322283611413,0.049640155982920015,"[[2137, 968], [1169, 1684]]","[[210, 135], [163, 154]]"
disclosure_x_bias,73,init_easy,kDN,exponential,23.822352255992698,27.785449242571907,0.6430037786926851,0.5514246947082768,14.332674382362299,35.760121047710335,0.011693228317393448,0.04257242515944614,"[[2162, 943], [1184, 1669]]","[[212, 133], [164, 153]]"
disclosure_x_bias,74,init_easy,kDN,exponential,23.804345760488175,27.77899896228187,0.6433393491624837,0.5514246947082768,14.32889549423714,35.75426083734746,0.011321908494112295,0.04257242515944614,"[[2164, 941], [1184, 1669]]","[[212, 133], [164, 153]]"
disclosure_x_bias,75,init_easy,kDN,exponential,23.818811135574375,27.772554205859997,0.6435071343973832,0.5529398462234283,14.343530905004972,35.71583447135551,0.011014372169268467,0.042605946914209956,"[[2165, 940], [1184, 1669]]","[[213, 132], [164, 153]]"
disclosure_x_bias,76,init_easy,kDN,exponential,23.882598034734432,28.14704024730517,0.6440104901020811,0.5529398462234283,14.277298721380735,35.87061518914916,0.010827027008752904,0.042605946914209956,"[[2165, 940], [1181, 1672]]","[[213, 132], [164, 153]]"
disclosure_x_bias,77,init_easy,kDN,exponential,23.883342635010287,28.133555741157814,0.6443460605718798,0.5514246947082768,14.276121998911917,35.78440019002622,0.01083105636876477,0.04257242515944614,"[[2168, 937], [1182, 1671]]","[[212, 133], [164, 153]]"
disclosure_x_bias,78,init_easy,kDN,exponential,23.781461589945675,28.037305695509694,0.6448496982685692,0.5514246947082768,14.277156240660307,35.917931352473666,0.010732615045545617,0.04257242515944614,"[[2172, 933], [1183, 1670]]","[[213, 132], [165, 152]]"
disclosure_x_bias,79,init_easy,kDN,exponential,23.80520973201955,28.032640308707915,0.6445141277987705,0.5514246947082768,14.282252233136889,35.86539509900465,0.011089837492032762,0.04257242515944614,"[[2166, 939], [1179, 1674]]","[[212, 133], [164, 153]]"
disclosure_x_bias,80,init_easy,kDN,exponential,23.793050523770635,28.026945531828705,0.6431695899836445,0.5469244685662595,14.285501045835979,35.975623049532835,0.011767068255603223,0.046120929966068314,"[[2142, 963], [1163, 1690]]","[[209, 136], [164, 153]]"
disclosure_x_bias,81,init_easy,kDN,exponential,23.748648639922003,27.98779280741967,0.6445141277987705,0.5499095431931252,14.257927349997079,35.898426537306605,0.011313234513797527,0.04307516381552285,"[[2169, 936], [1182, 1671]]","[[212, 133], [165, 152]]"
disclosure_x_bias,82,init_easy,kDN,exponential,23.701595305227123,27.93005084345245,0.6446821950256613,0.5499095431931252,14.261291761177105,35.911429675068,0.011422492542446547,0.04307516381552285,"[[2169, 936], [1181, 1672]]","[[212, 133], [165, 152]]"
disclosure_x_bias,83,init_easy,kDN,exponential,23.711828366140534,27.93116334431579,0.6450177654954599,0.5529398462234283,14.278480552732338,35.943536314705256,0.011126712502602772,0.046608723756062585,"[[2159, 946], [1169, 1684]]","[[212, 133], [163, 154]]"
disclosure_x_bias,84,init_easy,kDN,exponential,23.705776653304717,27.963791221620237,0.6446821950256613,0.5499095431931252,14.268203808207469,35.97929261383629,0.01190521271974325,0.04307516381552285,"[[2156, 949], [1168, 1685]]","[[210, 135], [163, 154]]"
disclosure_x_bias,85,init_easy,kDN,exponential,23.68928621806217,27.923785950772505,0.6446819130336698,0.5483943916779738,14.267846679840808,35.937092495931516,0.011914375656870167,0.04171787343175004,"[[2158, 947], [1170, 1683]]","[[210, 135], [164, 153]]"
disclosure_x_bias,86,init_easy,kDN,exponential,23.709805164849868,27.97391722517268,0.646024476904856,0.5483943916779738,14.294301464001329,35.97821596563116,0.01131118818755145,0.04171787343175004,"[[2162, 943], [1166, 1687]]","[[210, 135], [164, 153]]"
disclosure_x_bias,87,init_easy,kDN,exponential,23.681871167482164,27.991524568462637,0.6463600473746546,0.5483943916779738,14.319411248870708,35.98042946051233,0.011136696198065215,0.04171787343175004,"[[2166, 939], [1168, 1685]]","[[211, 134], [165, 152]]"
disclosure_x_bias,88,init_easy,kDN,exponential,23.6643911490661,27.989549420084224,0.6453533359652586,0.5514246947082768,14.311296262071094,35.96726434095878,0.01156611509543359,0.04257242515944614,"[[2164, 941], [1172, 1681]]","[[212, 133], [164, 153]]"
disclosure_x_bias,89,init_easy,kDN,exponential,23.666562820490515,28.012108612772785,0.6455211212001579,0.5514246947082768,14.313501465919357,36.006347336153674,0.011534142595640048,0.04257242515944614,"[[2164, 941], [1171, 1682]]","[[212, 133], [164, 153]]"
disclosure_x_bias,90,init_easy,kDN,exponential,23.72713007164821,28.437534452098095,0.6471995375331341,0.5499095431931252,14.2459029939511,36.24397207044703,0.00948003713929629,0.04307516381552285,"[[2163, 942], [1160, 1693]]","[[211, 134], [164, 153]]"
disclosure_x_bias,91,init_easy,kDN,exponential,23.707397553613582,28.353945509076517,0.6463600473746546,0.5514246947082768,14.244259032524171,36.15876112915248,0.009727431432123098,0.04257242515944614,"[[2163, 942], [1165, 1688]]","[[212, 133], [164, 153]]"
disclosure_x_bias,92,init_easy,kDN,exponential,23.71259376603368,28.38424664243154,0.6471995375331341,0.5483943916779738,14.245082238072262,36.15452124973191,0.009578512227852434,0.04171787343175004,"[[2165, 940], [1162, 1691]]","[[211, 134], [165, 152]]"
disclosure_x_bias,93,init_easy,kDN,exponential,23.710750549166967,28.38138255861163,0.6473670407760419,0.5483943916779738,14.234902862221167,36.13751619326024,0.00934926198176744,0.04171787343175004,"[[2166, 939], [1162, 1691]]","[[211, 134], [165, 152]]"
disclosure_x_bias,94,init_easy,kDN,exponential,23.682640221784247,28.377720029812377,0.6473670407760419,0.5468792401628223,14.234560321632433,36.17197757857353,0.00934926198176744,0.041499651497435196,"[[2166, 939], [1162, 1691]]","[[210, 135], [165, 152]]"
disclosure_x_bias,95,init_easy,kDN,exponential,23.68252919279814,28.348569000484048,0.6470314703062433,0.5483943916779738,14.234911536162095,36.08695746478175,0.009530236510094223,0.04292331963779388,"[[2163, 942], [1161, 1692]]","[[210, 135], [164, 153]]"
disclosure_x_bias,96,init_easy,kDN,exponential,23.61415737272033,28.38784924443197,0.6480384637076307,0.5499095431931252,14.290302035663064,36.18783924094623,0.011052105724095951,0.042478871632892656,"[[2163, 942], [1155, 1698]]","[[210, 135], [163, 154]]"
disclosure_x_bias,97,init_easy,kDN,exponential,23.608294667260356,28.38567375767257,0.64820624894253,0.5499095431931252,14.30354492107784,36.16959905232479,0.011001586212912376,0.04126044267992124,"[[2165, 940], [1156, 1697]]","[[211, 134], [164, 153]]"
disclosure_x_bias,98,init_easy,kDN,exponential,23.56426172037458,28.30437224858257,0.649212960351926,0.5483943916779738,14.310893904320432,36.28006875968338,0.009612053809788277,0.0371923990346823,"[[2163, 942], [1148, 1705]]","[[210, 135], [164, 153]]"
disclosure_x_bias,99,init_easy,kDN,exponential,23.589671305519722,28.30592431364649,0.648709604647228,0.5483943916779738,14.267504349035544,36.22655502807306,0.00992719457634631,0.0371923990346823,"[[2161, 944], [1149, 1704]]","[[210, 135], [164, 153]]"
disclosure_x_bias,100,init_easy,kDN,exponential,23.460910209886883,28.296620745782086,0.6482059669505386,0.5468792401628223,14.222351336089615,36.18861400310668,0.010030276167704605,0.03830332964321515,"[[2160, 945], [1151, 1702]]","[[209, 136], [164, 153]]"
disclosure_x_bias,101,init_easy,kDN,exponential,23.45884389364506,28.289244265808257,0.6485415374203373,0.5483943916779738,14.224014299847298,36.190997866925834,0.00987750424617212,0.0371923990346823,"[[2163, 942], [1152, 1701]]","[[210, 135], [164, 153]]"
disclosure_x_bias,102,init_easy,kDN,exponential,23.44806112299586,28.215806694567334,0.6485415374203373,0.5483943916779738,14.250308721224787,36.12837408642488,0.00987750424617212,0.0371923990346823,"[[2163, 942], [1152, 1701]]","[[210, 135], [164, 153]]"
disclosure_x_bias,103,init_easy,kDN,exponential,23.420890159005204,28.235094461734075,0.6493804635948339,0.5468792401628223,14.227911869363044,36.1638521724297,0.010509521007499304,0.03694745805459556,"[[2165, 940], [1149, 1704]]","[[208, 137], [163, 154]]"
disclosure_x_bias,104,init_easy,kDN,exponential,23.43375519250781,28.291307095180382,0.6495482488297333,0.5514246947082768,14.251247313796716,36.25558401831601,0.010901608889772433,0.04546963158646014,"[[2171, 934], [1154, 1699]]","[[211, 134], [163, 154]]"
disclosure_x_bias,105,init_easy,kDN,exponential,23.434899256047867,28.282848656104267,0.6483729062094636,0.5544097693351425,14.247264572552156,36.197659986566364,0.010902269424342257,0.044316809538224804,"[[2176, 929], [1166, 1687]]","[[213, 132], [163, 154]]"
disclosure_x_bias,106,init_easy,kDN,exponential,23.4734288093305,28.347867134208208,0.6490440471490609,0.5544097693351425,14.316784163484607,36.29719522889259,0.010973164056523137,0.044316809538224804,"[[2177, 928], [1163, 1690]]","[[213, 132], [163, 154]]"
disclosure_x_bias,107,init_easy,kDN,exponential,23.481164324333964,28.309976276999958,0.6487084766792623,0.5544097693351425,14.322641133643936,36.21661587192332,0.011127731435086639,0.044316809538224804,"[[2176, 929], [1164, 1689]]","[[213, 132], [163, 154]]"
disclosure_x_bias,108,init_easy,kDN,exponential,23.473169552583023,28.338918385938506,0.6488762619141617,0.5528946178199909,14.332734893988162,36.243039073068225,0.010779910588258442,0.04011193210880474,"[[2174, 931], [1161, 1692]]","[[212, 133], [163, 154]]"
disclosure_x_bias,109,init_easy,kDN,exponential,23.475473130067964,28.368343461729694,0.6493796176188597,0.5528946178199909,14.340036140694677,36.29615496253172,0.010541045296509217,0.04011193210880474,"[[2173, 932], [1157, 1696]]","[[212, 133], [163, 154]]"
disclosure_x_bias,110,init_easy,kDN,exponential,23.39785916852342,28.35754060022133,0.6492118323839603,0.5513794663048394,14.383808464847037,36.249173471229305,0.010818708677130277,0.041327834323559444,"[[2172, 933], [1157, 1696]]","[[211, 134], [163, 154]]"
disclosure_x_bias,111,init_easy,kDN,exponential,23.345303790277185,28.361177841790493,0.6498829733235576,0.5528946178199909,14.403440333188605,36.323760283016576,0.010510116148680297,0.04011193210880474,"[[2175, 930], [1156, 1697]]","[[212, 133], [163, 154]]"
disclosure_x_bias,112,init_easy,kDN,exponential,23.362421043849107,28.330997313206694,0.649547402853759,0.5528946178199909,14.41047292354406,36.24497009596122,0.010700664296404903,0.04011193210880474,"[[2173, 932], [1156, 1697]]","[[212, 133], [163, 154]]"
disclosure_x_bias,113,init_easy,kDN,exponential,23.335194572708858,28.312788648497282,0.6503863290282557,0.5544097693351425,14.414490516528836,36.354180807173876,0.010834259368582807,0.04008582280476247,"[[2170, 935], [1148, 1705]]","[[212, 133], [162, 155]]"
disclosure_x_bias,114,init_easy,kDN,exponential,23.444615421273365,28.7485262896128,0.6505541142631549,0.555924920850294,14.332810093608781,36.558048352179426,0.010712890414339152,0.03999597182361288,"[[2170, 935], [1147, 1706]]","[[212, 133], [161, 156]]"
disclosure_x_bias,115,init_easy,kDN,exponential,23.417489964304124,28.695851042743165,0.6502185437933563,0.555924920850294,14.340562698276512,36.562244261832845,0.011344255621022486,0.03999597182361288,"[[2171, 934], [1150, 1703]]","[[212, 133], [161, 156]]"
disclosure_x_bias,116,init_easy,kDN,exponential,23.43195730562027,28.73499507062063,0.6512252552027522,0.555924920850294,14.338757768628493,36.55592215202958,0.010779227817935362,0.03999597182361288,"[[2176, 929], [1149, 1704]]","[[212, 133], [161, 156]]"
disclosure_x_bias,117,init_easy,kDN,exponential,23.43536182256258,28.737531823295832,0.6515608256725509,0.555924920850294,14.335883759678419,36.564378040093594,0.01099583746984258,0.03999597182361288,"[[2169, 936], [1140, 1713]]","[[211, 134], [160, 157]]"
disclosure_x_bias,118,init_easy,kDN,exponential,23.4391877353028,28.76702348694571,0.6515608256725509,0.555924920850294,14.348062647977924,36.601827159956486,0.01099583746984258,0.03999597182361288,"[[2170, 935], [1141, 1712]]","[[211, 134], [160, 157]]"
disclosure_x_bias,119,init_easy,kDN,exponential,23.423765522149765,28.76261740875655,0.6515608256725509,0.555924920850294,14.336005929457313,36.58135881494622,0.01099583746984258,0.03999597182361288,"[[2170, 935], [1141, 1712]]","[[211, 134], [160, 157]]"
disclosure_x_bias,120,init_easy,kDN,exponential,23.36042165963673,28.770359129541767,0.6515608256725509,0.555924920850294,14.30836001448318,36.58102558092621,0.01099583746984258,0.03999597182361288,"[[2169, 936], [1140, 1713]]","[[211, 134], [160, 157]]"
disclosure_x_bias,121,init_easy,kDN,exponential,23.318769977405637,28.796719928995895,0.6517286109074503,0.5544097693351425,14.350864356739159,36.63145319880597,0.011168569304811724,0.04133888720074022,"[[2169, 936], [1139, 1714]]","[[210, 135], [160, 157]]"
disclosure_x_bias,122,init_easy,kDN,exponential,23.305706946349282,28.799104046399787,0.6520641813772489,0.5544097693351425,14.344786158350601,36.66223160720562,0.011306063694768729,0.04133888720074022,"[[2169, 936], [1137, 1716]]","[[210, 135], [160, 157]]"
disclosure_x_bias,123,init_easy,kDN,exponential,23.30286857583793,28.745681623618715,0.6520641813772489,0.5544097693351425,14.365658318794605,36.60378825425356,0.011660181948085315,0.04133888720074022,"[[2168, 937], [1136, 1717]]","[[210, 135], [160, 157]]"
disclosure_x_bias,124,init_easy,kDN,exponential,23.291628944615802,28.778510801149167,0.6520641813772489,0.5544097693351425,14.346875743083105,36.642379751132836,0.011660181948085315,0.04133888720074022,"[[2168, 937], [1136, 1717]]","[[210, 135], [160, 157]]"
disclosure_x_bias,125,init_easy,kDN,exponential,23.28372193532914,28.770767283597035,0.6530708927866449,0.5544097693351425,14.338488454459759,36.59267705300673,0.010425706695619088,0.04133888720074022,"[[2170, 935], [1132, 1721]]","[[210, 135], [160, 157]]"
disclosure_x_bias,126,init_easy,kDN,exponential,23.319777682692866,28.79903118603575,0.6529031075517455,0.555924920850294,14.327588950183847,36.663035301745055,0.010234341305661854,0.039353050194170236,"[[2165, 940], [1128, 1725]]","[[210, 135], [159, 158]]"
disclosure_x_bias,127,init_easy,kDN,exponential,23.316378738520847,28.76731104522625,0.6527350403248547,0.5574400723654456,14.318130086112271,36.63325778897685,0.010384346348239563,0.03984194791978198,"[[2165, 940], [1129, 1724]]","[[211, 134], [159, 158]]"
disclosure_x_bias,128,init_easy,kDN,exponential,23.32826919059574,28.75712814476853,0.6525675370819469,0.5574400723654456,14.336014378328723,36.627983384528115,0.010357701628113997,0.03984194791978198,"[[2165, 940], [1130, 1723]]","[[211, 134], [159, 158]]"
disclosure_x_bias,129,init_easy,kDN,exponential,23.311895561110763,28.749421397538896,0.6525672550899555,0.5574400723654456,14.329576603592958,36.61240706088096,0.010724577396170247,0.03984194791978198,"[[2165, 940], [1130, 1723]]","[[211, 134], [159, 158]]"
disclosure_x_bias,130,init_easy,kDN,exponential,23.304049522005492,28.779345786858563,0.6532386780215442,0.5574400723654456,14.330290342395553,36.67159829686764,0.010610674742956818,0.03984194791978198,"[[2164, 941], [1125, 1728]]","[[211, 134], [159, 158]]"
disclosure_x_bias,131,init_easy,kDN,exponential,23.269175293001158,28.68055529669808,0.6534064632564436,0.5574400723654456,14.341636082801863,36.633459558228544,0.010435887494951444,0.03984194791978198,"[[2165, 940], [1125, 1728]]","[[211, 134], [159, 158]]"
disclosure_x_bias,132,init_easy,kDN,exponential,23.26596450413573,28.7171611778599,0.6537420337262422,0.5574400723654456,14.339469041954027,36.72391171267366,0.010523625272212456,0.03984194791978198,"[[2168, 937], [1126, 1727]]","[[211, 134], [159, 158]]"
disclosure_x_bias,133,init_easy,kDN,exponential,23.194977076681678,28.704430040452717,0.6542456714229317,0.5589326096788783,14.376714789359474,36.65375862804198,0.01051760221591863,0.039904964505714395,"[[2166, 939], [1121, 1732]]","[[211, 134], [158, 159]]"
disclosure_x_bias,134,init_easy,kDN,exponential,23.179788273596706,28.689176812069423,0.653910100953133,0.5559023066485753,14.371600021421637,36.63760937013522,0.01103034600423008,0.03256964993026546,"[[2163, 942], [1120, 1733]]","[[209, 136], [158, 159]]"
disclosure_x_bias,135,init_easy,kDN,exponential,23.193869582296294,28.728097612468833,0.6537423157182336,0.5559023066485753,14.377307108407171,36.720205416913736,0.011007079809093089,0.03256964993026546,"[[2161, 944], [1119, 1734]]","[[209, 136], [158, 159]]"
disclosure_x_bias,136,init_easy,kDN,exponential,23.17672422076799,28.65049986035178,0.6544134566578309,0.5543871551334238,14.382977567775834,36.617049408138264,0.010503304562962916,0.03494205188447516,"[[2162, 943], [1116, 1737]]","[[208, 137], [158, 159]]"
disclosure_x_bias,137,init_easy,kDN,exponential,23.2217681785247,28.729290806815307,0.6544134566578309,0.5498643147896879,14.433200569138553,36.653841512098985,0.011195255487741671,0.034492444558664015,"[[2164, 941], [1118, 1735]]","[[207, 138], [160, 157]]"
disclosure_x_bias,138,init_easy,kDN,exponential,23.251789929834292,28.83735274240309,0.6545812418927303,0.5498643147896879,14.426718713011876,36.94715635018306,0.011234848951028957,0.034492444558664015,"[[2164, 941], [1117, 1736]]","[[207, 138], [160, 157]]"
disclosure_x_bias,139,init_easy,kDN,exponential,23.239498278444906,28.82074715311159,0.6544137386498223,0.5513568521031208,14.433884373976774,36.92338140202489,0.011185230877559568,0.034926794880016536,"[[2164, 941], [1118, 1735]]","[[207, 138], [159, 158]]"
disclosure_x_bias,140,init_easy,kDN,exponential,23.239449824528762,28.784430230297147,0.6557560205290169,0.5498417005879692,14.44514648097191,36.88200345577812,0.009343197321402102,0.031743265670634443,"[[2160, 945], [1106, 1747]]","[[206, 139], [159, 158]]"
disclosure_x_bias,141,init_easy,kDN,exponential,23.207188519301166,28.823368092306197,0.6555882352941176,0.5498417005879692,14.42750399169046,36.94274567471712,0.009081084291285131,0.031743265670634443,"[[2158, 947], [1105, 1748]]","[[206, 139], [159, 158]]"
disclosure_x_bias,142,init_easy,kDN,exponential,23.20929808937759,28.828838095560997,0.6557560205290169,0.5483265490728177,14.427082998962428,36.98097614838077,0.009140117696905899,0.034618043420621046,"[[2158, 947], [1104, 1749]]","[[205, 140], [159, 158]]"
disclosure_x_bias,143,init_easy,kDN,exponential,23.182577577234902,28.863409064005026,0.6559238057639163,0.5483265490728177,14.452143620542996,37.013322542036946,0.009023683513333127,0.034618043420621046,"[[2158, 947], [1103, 1750]]","[[205, 140], [159, 158]]"
disclosure_x_bias,144,init_easy,kDN,exponential,23.180244950257215,28.877276327526907,0.6554204500592183,0.5498417005879692,14.458244420714742,37.05691482556519,0.007869838101297042,0.0348094200692556,"[[2159, 946], [1107, 1746]]","[[207, 138], [160, 157]]"
disclosure_x_bias,145,init_easy,kDN,exponential,23.175441190759962,28.846936848072907,0.6557560205290169,0.5483265490728177,14.45235725429246,36.994328027842684,0.009071414257003781,0.034618043420621046,"[[2157, 948], [1103, 1750]]","[[205, 140], [159, 158]]"
disclosure_x_bias,146,init_easy,kDN,exponential,23.178515542527677,28.87018964115926,0.6557560205290169,0.5483265490728177,14.446816349293416,37.00251072144994,0.009071414257003781,0.034618043420621046,"[[2157, 948], [1103, 1750]]","[[205, 140], [159, 158]]"
disclosure_x_bias,147,init_easy,kDN,exponential,23.192215650833642,28.866557612276473,0.6559238057639163,0.5483265490728177,14.462336545795397,36.97610310527048,0.009127083679110295,0.034618043420621046,"[[2157, 948], [1102, 1751]]","[[205, 140], [159, 158]]"
disclosure_x_bias,148,init_easy,kDN,exponential,23.179242617090487,28.881324222013557,0.6559238057639163,0.5483265490728177,14.452674597537904,37.01472476420104,0.009127083679110295,0.034618043420621046,"[[2157, 948], [1102, 1751]]","[[205, 140], [159, 158]]"
disclosure_x_bias,149,init_easy,kDN,exponential,23.22145367059011,28.868278468897905,0.6559238057639163,0.5498417005879692,14.479380073762,36.9979440482382,0.009127083679110295,0.036245360125381584,"[[2157, 948], [1102, 1751]]","[[206, 139], [159, 158]]"
disclosure_x_bias,150,init_easy,kDN,exponential,23.220057991975445,28.871791987888884,0.6560913090068242,0.5483265490728177,14.487890175750422,37.01575303712776,0.008259180957906155,0.033873200730690466,"[[2166, 939], [1110, 1743]]","[[207, 138], [161, 156]]"
disclosure_x_bias,151,init_easy,kDN,exponential,23.12673250859732,28.762743522697292,0.6557560205290169,0.5468340117593848,14.524225242657755,36.833132747441205,0.007930765146553989,0.030052119598167778,"[[2166, 939], [1112, 1741]]","[[207, 138], [162, 155]]"
disclosure_x_bias,152,init_easy,kDN,exponential,23.103038181184793,28.816515518124113,0.656259376233715,0.5453188602442334,14.469209608843151,36.94232631366481,0.008261419124357565,0.032920768653926714,"[[2167, 938], [1110, 1743]]","[[206, 139], [162, 155]]"
disclosure_x_bias,153,init_easy,kDN,exponential,23.173235724028793,28.810266053969617,0.6562599402176978,0.5498417005879692,14.519731386457236,36.8980077579052,0.007926070995191086,0.0348094200692556,"[[2161, 944], [1104, 1749]]","[[207, 138], [160, 157]]"
disclosure_x_bias,154,init_easy,kDN,exponential,23.243606148028444,29.31616487338696,0.6564277254525972,0.5483265490728177,14.444164794787515,37.25508584338224,0.008171646039409569,0.033873200730690466,"[[2166, 939], [1108, 1745]]","[[207, 138], [161, 156]]"
disclosure_x_bias,155,init_easy,kDN,exponential,23.238036448739827,29.28273348068779,0.655589081270092,0.5498417005879692,14.461310982897523,37.22138949658927,0.009484358033686873,0.0348094200692556,"[[2165, 940], [1112, 1741]]","[[207, 138], [160, 157]]"
disclosure_x_bias,156,init_easy,kDN,exponential,23.22561419309766,29.29452635899089,0.6562599402176978,0.5483265490728177,14.45847102540952,37.25629161675841,0.010080160864071609,0.033873200730690466,"[[2171, 934], [1114, 1739]]","[[207, 138], [161, 156]]"
disclosure_x_bias,157,init_easy,kDN,exponential,23.22326323308225,29.274182816687954,0.6567632959223958,0.5483265490728177,14.458764909995399,37.21939682747214,0.007671673791676516,0.032332078848736914,"[[2161, 944], [1101, 1752]]","[[206, 139], [160, 157]]"
disclosure_x_bias,158,init_easy,kDN,exponential,23.21448072339867,29.29700763285511,0.6574344368619931,0.5498417005879692,14.459361921355203,37.263608940496404,0.00824080800918212,0.03406876168908316,"[[2161, 944], [1097, 1756]]","[[207, 138], [160, 157]]"
disclosure_x_bias,159,init_easy,kDN,exponential,23.20711735608484,29.253581518131664,0.6576025040888839,0.5513568521031208,14.455182601428776,37.18453168665136,0.008976965434722622,0.03635809958800731,"[[2162, 943], [1097, 1756]]","[[208, 137], [160, 157]]"
disclosure_x_bias,160,init_easy,kDN,exponential,23.18248855632966,29.296881264233207,0.6574347188539845,0.5498643147896879,14.482734341925374,37.2907593108843,0.00834047749539613,0.0359410508568297,"[[2160, 945], [1096, 1757]]","[[208, 137], [161, 156]]"
disclosure_x_bias,161,init_easy,kDN,exponential,23.047849995425985,29.227834799501828,0.6574347188539845,0.5498417005879692,14.464291386345094,37.27984583740845,0.00845223977345,0.0348094200692556,"[[2163, 942], [1099, 1754]]","[[208, 137], [161, 156]]"
disclosure_x_bias,162,init_easy,kDN,exponential,23.06238613454636,29.205661544001327,0.6576027860808753,0.5483491632745364,14.446748564486851,37.22903613496787,0.008084680116339449,0.0335485152564103,"[[2161, 944], [1096, 1757]]","[[207, 138], [161, 156]]"
disclosure_x_bias,163,init_easy,kDN,exponential,23.118172809917326,29.24227200379956,0.6574347188539845,0.5498417005879692,14.486341847047383,37.302337912576995,0.009231372232762294,0.03762654030972432,"[[2159, 946], [1095, 1758]]","[[206, 139], [159, 158]]"
disclosure_x_bias,164,init_easy,kDN,exponential,23.100834846688677,29.176749890808377,0.6567635779143872,0.5498417005879692,14.483832725850466,37.15382653777788,0.009147102565181375,0.03762654030972432,"[[2160, 945], [1100, 1753]]","[[206, 139], [159, 158]]"
disclosure_x_bias,165,init_easy,kDN,exponential,23.126070992055524,29.276222075435953,0.6570991483841859,0.5468113975576662,14.495108809419628,37.41752053714077,0.00785714146780082,0.032046450772932944,"[[2164, 941], [1102, 1751]]","[[206, 139], [161, 156]]"
disclosure_x_bias,166,init_easy,kDN,exponential,23.104414938541904,29.274101629337707,0.6574347188539845,0.5468113975576662,14.494239033565586,37.405608110136555,0.007996744346967517,0.032046450772932944,"[[2165, 940], [1101, 1752]]","[[206, 139], [161, 156]]"
disclosure_x_bias,167,init_easy,kDN,exponential,23.102060983721852,29.2818386661368,0.6577705713157747,0.5498643147896879,14.4995278262724,37.42870289795011,0.007419664285699753,0.038675831559445935,"[[2159, 946], [1093, 1760]]","[[206, 139], [159, 158]]"
disclosure_x_bias,168,init_easy,kDN,exponential,23.107657433652797,29.28906719687733,0.6576025040888839,0.5483491632745364,14.504034752609096,37.430239435105946,0.007620966650341623,0.03715614200319196,"[[2163, 942], [1098, 1755]]","[[206, 139], [160, 157]]"
disclosure_x_bias,169,init_easy,kDN,exponential,23.11403589197107,29.295709549950935,0.6576025040888839,0.5468340117593848,14.516719541963887,37.4599734073609,0.007620966650341623,0.03327447523949848,"[[2161, 944], [1096, 1757]]","[[206, 139], [161, 156]]"
disclosure_x_bias,170,init_easy,kDN,exponential,23.11167719580753,29.30908921605294,0.6576025040888839,0.5498643147896879,14.510695620803574,37.45044843414041,0.007620966650341623,0.038675831559445935,"[[2159, 946], [1094, 1759]]","[[206, 139], [159, 158]]"
disclosure_x_bias,171,init_easy,kDN,exponential,23.096793139599693,29.275334680534154,0.6581067057695561,0.5452962460425147,14.508483042285576,37.41733606160644,0.00826056763342527,0.03086211218986316,"[[2167, 938], [1099, 1754]]","[[205, 140], [161, 156]]"
disclosure_x_bias,172,init_easy,kDN,exponential,23.051242262920457,29.267477155901577,0.6579386385426653,0.5498417005879692,14.50529469081354,37.42487739911587,0.00810924506977823,0.03762654030972432,"[[2166, 939], [1099, 1754]]","[[206, 139], [159, 158]]"
disclosure_x_bias,173,init_easy,kDN,exponential,23.035511703667925,29.270407325925568,0.6577708533077661,0.5483265490728177,14.493004767918219,37.41687394836789,0.00847077167918179,0.036762134566195495,"[[2165, 940], [1099, 1754]]","[[205, 140], [159, 158]]"
disclosure_x_bias,174,init_easy,kDN,exponential,23.059558851940498,29.283350792993808,0.6576030680728667,0.5483265490728177,14.481357719289251,37.431661695454395,0.009127754781183788,0.036762134566195495,"[[2167, 938], [1102, 1751]]","[[205, 140], [159, 158]]"
disclosure_x_bias,175,init_easy,kDN,exponential,23.02540382799378,29.239410463920525,0.6584419942473634,0.5483265490728177,14.532878852882854,37.44340352147377,0.00894053760051452,0.036762134566195495,"[[2165, 940], [1095, 1758]]","[[205, 140], [159, 158]]"
disclosure_x_bias,176,init_easy,kDN,exponential,23.005752936923354,29.239505706539763,0.6584419942473634,0.5483265490728177,14.511254101155057,37.40425124002505,0.00894053760051452,0.036762134566195495,"[[2167, 938], [1097, 1756]]","[[205, 140], [159, 158]]"
disclosure_x_bias,177,init_easy,kDN,exponential,23.01116726710628,29.24989047483063,0.6584419942473634,0.5498417005879692,14.518165703160927,37.445307692831165,0.00894053760051452,0.03762654030972432,"[[2166, 939], [1096, 1757]]","[[206, 139], [159, 158]]"
disclosure_x_bias,178,init_easy,kDN,exponential,23.016407387709734,29.26750109677905,0.6582739270204726,0.5513342379014021,14.523435801892335,37.43230108480529,0.009156385426992137,0.0386715339162677,"[[2167, 938], [1098, 1755]]","[[207, 138], [159, 158]]"
disclosure_x_bias,179,init_easy,kDN,exponential,23.008357062347354,29.27318543874093,0.6584419942473634,0.5498417005879692,14.526615148577868,37.495954456026304,0.00894053760051452,0.03762654030972432,"[[2166, 939], [1096, 1757]]","[[206, 139], [159, 158]]"
disclosure_x_bias,180,init_easy,kDN,exponential,23.00704887177326,29.268913090126755,0.6582739270204726,0.5513342379014021,14.53869307233179,37.4513497034895,0.009156385426992137,0.0386715339162677,"[[2166, 939], [1097, 1756]]","[[207, 138], [159, 158]]"
disclosure_x_bias,181,init_easy,kDN,exponential,23.005676251377896,29.28499664251968,0.6587781287011449,0.5513342379014021,14.54205651371982,37.50017772502238,0.009722644350628471,0.0386715339162677,"[[2164, 941], [1092, 1761]]","[[207, 138], [159, 158]]"
disclosure_x_bias,182,init_easy,kDN,exponential,22.98152168270645,29.231197155298986,0.6589461959280356,0.5513116236996833,14.548333986222005,37.49210996802677,0.009509748737428481,0.03956666079337157,"[[2166, 939], [1093, 1760]]","[[206, 139], [158, 159]]"
disclosure_x_bias,183,init_easy,kDN,exponential,23.01868858613829,29.247756645215624,0.6589461959280356,0.5498190863862505,14.555721591755713,37.49536261707937,0.009343839351209988,0.03789737346809807,"[[2166, 939], [1093, 1760]]","[[206, 139], [159, 158]]"
disclosure_x_bias,184,init_easy,kDN,exponential,23.031238813904213,29.257533090722298,0.6584428402233377,0.5513116236996833,14.558772095028125,37.44706673255298,0.0093185571402634,0.041455593759211665,"[[2166, 939], [1096, 1757]]","[[206, 139], [158, 159]]"
disclosure_x_bias,185,init_easy,kDN,exponential,23.017954983203058,29.210569954866276,0.6591142631549264,0.5513116236996833,14.553528407685677,37.44835802670597,0.00915301991457081,0.04083565906653688,"[[2165, 940], [1091, 1762]]","[[205, 140], [157, 160]]"
disclosure_x_bias,186,init_easy,kDN,exponential,23.0009989329524,29.242406719417914,0.6594495516327337,0.5528041610131162,14.532718320573855,37.51792751171648,0.009065654295897452,0.0435020612974351,"[[2166, 939], [1090, 1763]]","[[206, 139], [157, 160]]"
disclosure_x_bias,187,init_easy,kDN,exponential,23.02310939582693,29.267178115182087,0.6594495516327337,0.5513116236996833,14.5836377003615,37.50122421783905,0.009168581141561973,0.03956666079337157,"[[2168, 937], [1092, 1761]]","[[206, 139], [158, 159]]"
disclosure_x_bias,188,init_easy,kDN,exponential,23.017474274168798,29.265167127845825,0.6592817663978343,0.5528267752148349,14.556356506855156,37.53476889719826,0.009778810258987749,0.04024638974907638,"[[2168, 937], [1093, 1760]]","[[207, 138], [158, 159]]"
disclosure_x_bias,189,init_easy,kDN,exponential,23.00769017909176,29.214049042988346,0.6594495516327337,0.5497964721845319,14.555227321345125,37.38981823903325,0.009404364001267127,0.04073344439375246,"[[2168, 937], [1092, 1761]]","[[205, 140], [158, 159]]"
disclosure_x_bias,190,init_easy,kDN,exponential,23.01988889022787,29.24211355787857,0.6594495516327337,0.5528267752148349,14.567021191720556,37.44007061188475,0.009236561862539879,0.04024638974907638,"[[2168, 937], [1092, 1761]]","[[207, 138], [158, 159]]"
disclosure_x_bias,191,init_easy,kDN,exponential,22.980524642060413,29.204022546986558,0.6592817663978343,0.5528267752148349,14.557510265627805,37.393175956014005,0.00925286825542845,0.04024638974907638,"[[2167, 938], [1092, 1761]]","[[207, 138], [158, 159]]"
disclosure_x_bias,192,init_easy,kDN,exponential,22.973270831206108,29.204102143544326,0.6592820483898257,0.5528041610131162,14.556692076165723,37.41340711516879,0.009474785270931296,0.0435020612974351,"[[2167, 938], [1092, 1761]]","[[206, 139], [157, 160]]"
disclosure_x_bias,193,init_easy,kDN,exponential,22.91655297279325,29.14673960246135,0.659617336867633,0.5512890094979647,14.5974333932949,37.40572491998235,0.009871216851980827,0.04404693358902919,"[[2167, 938], [1090, 1763]]","[[205, 140], [157, 160]]"
disclosure_x_bias,194,init_easy,kDN,exponential,22.957094249123664,29.16352688265486,0.6597856860865152,0.5512890094979647,14.615119490390788,37.475376971926686,0.009538401403978625,0.042873091252388626,"[[2168, 937], [1090, 1763]]","[[205, 140], [157, 160]]"
disclosure_x_bias,195,init_easy,kDN,exponential,22.966279720353164,29.195890288257782,0.6604562630421296,0.5528041610131162,14.638836683769506,37.554447608106884,0.00899550464879167,0.04291170160452097,"[[2166, 939], [1084, 1769]]","[[206, 139], [157, 160]]"
disclosure_x_bias,196,init_easy,kDN,exponential,22.9724693383208,29.183327582324846,0.6604565450341211,0.5512890094979647,14.608848591321962,37.505837519167784,0.009053585576783275,0.04404693358902919,"[[2166, 939], [1084, 1769]]","[[205, 140], [157, 160]]"
disclosure_x_bias,197,init_easy,kDN,exponential,22.939178745787338,29.17813701135983,0.6602884778072303,0.5497738579828132,14.618445783751971,37.451452585567296,0.008893456498084186,0.043367078005707896,"[[2166, 939], [1085, 1768]]","[[204, 141], [157, 160]]"
disclosure_x_bias,198,init_easy,kDN,exponential,22.94752671652764,29.190473015169268,0.660792961479894,0.5528041610131162,14.634783967148906,37.50351693537168,0.009072281011333097,0.04291170160452097,"[[2166, 939], [1082, 1771]]","[[206, 139], [157, 160]]"
disclosure_x_bias,199,init_easy,kDN,exponential,22.933506206119855,29.206562442770498,0.660792961479894,0.5512890094979647,14.624257173908804,37.47243172041166,0.009673005570590976,0.04227394884565772,"[[2167, 938], [1083, 1770]]","[[205, 140], [157, 160]]"
disclosure_x_bias,200,init_easy,kDN,exponential,22.731965447467697,28.42592578673367,0.6607932434718855,0.5512890094979647,14.567627395263907,35.67689612106683,0.01001258331020059,0.04404693358902919,"[[2165, 940], [1081, 1772]]","[[205, 140], [157, 160]]"
disclosure_x_bias,201,init_easy,kDN,exponential,22.83961071026154,29.03960608852982,0.6602890417912131,0.5497738579828132,14.493807223672738,36.30582283962147,0.009384778682936204,0.04565921883776122,"[[2162, 943], [1081, 1772]]","[[203, 142], [156, 161]]"
disclosure_x_bias,202,init_easy,kDN,exponential,22.840086493581058,29.021729565932038,0.6611288139416841,0.5512890094979647,14.532561370366487,36.21716277729643,0.009795751955161172,0.04404693358902919,"[[2168, 937], [1082, 1771]]","[[205, 140], [157, 160]]"
disclosure_x_bias,203,init_easy,kDN,exponential,22.84535722646408,29.03862890988531,0.6606243302690203,0.5512890094979647,14.52830179876379,36.2678335992905,0.008907923450128395,0.04404693358902919,"[[2168, 937], [1085, 1768]]","[[205, 140], [157, 160]]"
disclosure_x_bias,204,init_easy,kDN,exponential,22.834423669653713,29.033406113998247,0.660792961479894,0.5497738579828132,14.50685230128326,36.23518846670048,0.009575502307033442,0.043367078005707854,"[[2166, 939], [1082, 1771]]","[[204, 141], [157, 160]]"
disclosure_x_bias,205,init_easy,kDN,exponential,22.907978480280555,29.033947810163397,0.6606246122610118,0.5543193125282677,14.561701131600023,36.27721562327803,0.008965509536161907,0.04168446221725198,"[[2162, 943], [1079, 1774]]","[[206, 139], [156, 161]]"
disclosure_x_bias,206,init_easy,kDN,exponential,22.839189334781427,29.016574004784893,0.6614638204274998,0.5543193125282677,14.514966087682755,36.236448363995315,0.009934260664185146,0.0434814902910718,"[[2163, 942], [1075, 1778]]","[[205, 140], [155, 162]]"
disclosure_x_bias,207,init_easy,kDN,exponential,22.837863346671586,29.032203027868086,0.6612957532006091,0.5528041610131162,14.52004645242938,36.28066103844055,0.00809540067836129,0.04231310591371295,"[[2165, 940], [1078, 1775]]","[[205, 140], [156, 161]]"
disclosure_x_bias,208,init_easy,kDN,exponential,22.839623868639894,29.045010992313344,0.6617993908972986,0.5558344640434193,14.518050433648712,36.263734031263915,0.009260758208067453,0.0422104102494349,"[[2168, 937], [1078, 1775]]","[[207, 138], [156, 161]]"
disclosure_x_bias,209,init_easy,kDN,exponential,22.835425904512668,29.051750219695073,0.6623024646100051,0.5543193125282677,14.524800498987497,36.323750406759345,0.007915918096209106,0.04289084745493165,"[[2166, 939], [1073, 1780]]","[[206, 139], [156, 161]]"
disclosure_x_bias,210,init_easy,kDN,exponential,22.865514823047896,29.100042940699364,0.6619668941402064,0.5543193125282677,14.584358427321161,36.35676806750755,0.010355900353039503,0.04289084745493165,"[[2163, 942], [1072, 1781]]","[[206, 139], [156, 161]]"
disclosure_x_bias,211,init_easy,kDN,exponential,22.85945697127939,29.043331546608936,0.6629741695335852,0.5543193125282677,14.592931242396556,36.32663258206265,0.008508837151717944,0.04168446221725197,"[[2167, 938], [1070, 1783]]","[[206, 139], [156, 161]]"
disclosure_x_bias,212,init_easy,kDN,exponential,22.86117520254358,29.06815141365508,0.6629741695335852,0.5543193125282677,14.604388733944015,36.344253843051895,0.009933549334854911,0.04168446221725197,"[[2165, 940], [1068, 1785]]","[[206, 139], [156, 161]]"
disclosure_x_bias,213,init_easy,kDN,exponential,22.84070794184848,29.005380619559496,0.6626385990637866,0.5528041610131162,14.573110174609681,36.207937024157566,0.009284624318667011,0.04231310591371295,"[[2166, 939], [1071, 1782]]","[[205, 140], [156, 161]]"
disclosure_x_bias,214,init_easy,kDN,exponential,22.85473631325098,29.05907446950486,0.6631419547684846,0.5528041610131162,14.585082359998946,36.2791268729179,0.009225552561262316,0.04231310591371295,"[[2166, 939], [1068, 1785]]","[[205, 140], [156, 161]]"
disclosure_x_bias,215,init_easy,kDN,exponential,22.837887245935228,29.039891479749446,0.6633097400033839,0.5512890094979647,14.574906929486115,36.23782088397072,0.009727835497910809,0.041666191912327774,"[[2171, 934], [1072, 1781]]","[[205, 140], [157, 160]]"
disclosure_x_bias,216,init_easy,kDN,exponential,22.83091851025527,29.041261451458023,0.6633097400033839,0.5528041610131162,14.590602034271921,36.2393105642947,0.008992643642004382,0.04231310591371295,"[[2163, 942], [1064, 1789]]","[[205, 140], [156, 161]]"
disclosure_x_bias,217,init_easy,kDN,exponential,22.814926669200812,29.034466067948113,0.6636453104731825,0.5528041610131162,14.58848192811183,36.2528939312076,0.008533416496744493,0.04108976182705836,"[[2170, 935], [1069, 1784]]","[[206, 139], [157, 160]]"
disclosure_x_bias,218,init_easy,kDN,exponential,22.846570736879816,29.1419318289228,0.663309176019401,0.5528041610131162,14.600698250707639,36.48861369182668,0.00887728386465193,0.04108976182705836,"[[2170, 935], [1071, 1782]]","[[206, 139], [157, 160]]"
disclosure_x_bias,219,init_easy,kDN,exponential,22.843735738430972,29.141889262812548,0.6636453104731825,0.5528041610131162,14.60460722284913,36.4736874388025,0.008533416496744493,0.04108976182705836,"[[2169, 936], [1068, 1785]]","[[206, 139], [157, 160]]"
disclosure_x_bias,220,init_easy,kDN,exponential,22.825735839289106,29.130471013278775,0.6639811629349726,0.5528041610131162,14.600965034715175,36.48808356588976,0.00869357685420802,0.04108976182705836,"[[2170, 935], [1067, 1786]]","[[206, 139], [157, 160]]"
disclosure_x_bias,221,init_easy,kDN,exponential,22.831066551923062,29.132312358354323,0.6636450284811911,0.5497738579828132,14.591538970771996,36.49911861302928,0.008361269485333922,0.0415651037188901,"[[2170, 935], [1069, 1784]]","[[204, 141], [157, 160]]"
disclosure_x_bias,222,init_easy,kDN,exponential,22.825954348240455,29.130852535124767,0.6636450284811911,0.5512890094979647,14.610216552565994,36.49536132625075,0.008727359386548778,0.04104943782738782,"[[2169, 936], [1068, 1785]]","[[205, 140], [157, 160]]"
disclosure_x_bias,223,init_easy,kDN,exponential,22.82447802088347,29.12339522916316,0.6639808809429812,0.5512890094979647,14.611759656650756,36.457371684749354,0.008561291767403594,0.04104943782738782,"[[2173, 932], [1070, 1783]]","[[205, 140], [157, 160]]"
disclosure_x_bias,224,init_easy,kDN,exponential,22.841628071158638,29.14111934096785,0.6639805989509898,0.5512890094979647,14.622387224856327,36.511264115194884,0.00889545303082036,0.04104943782738782,"[[2166, 939], [1063, 1790]]","[[205, 140], [157, 160]]"
disclosure_x_bias,225,init_easy,kDN,exponential,22.799441396331968,29.123006212730342,0.6643161694207884,0.5497738579828132,14.637640789227397,36.50208616687323,0.008326414564243507,0.043367078005707854,"[[2161, 944], [1056, 1797]]","[[203, 142], [156, 161]]"
disclosure_x_bias,226,init_easy,kDN,exponential,22.796528059206242,29.099887001012387,0.6641483841858891,0.5512890094979647,14.627223268323434,36.470603421171695,0.008671724632402006,0.0446222765121492,"[[2157, 948], [1053, 1800]]","[[203, 142], [155, 162]]"
disclosure_x_bias,227,init_easy,kDN,exponential,22.788694558764753,29.115976898036166,0.664148948169872,0.5497738579828132,14.633207382533872,36.48439598024599,0.009606898948950183,0.043367078005707854,"[[2161, 944], [1057, 1796]]","[[203, 142], [156, 161]]"
disclosure_x_bias,228,init_easy,kDN,exponential,22.79629869187968,29.074619738177823,0.6644839546556878,0.5497738579828132,14.635687146148644,36.39972387423671,0.009098929165506529,0.043367078005707854,"[[2164, 941], [1058, 1795]]","[[203, 142], [156, 161]]"
disclosure_x_bias,229,init_easy,kDN,exponential,22.812445043942194,29.13994101143158,0.6649878743443687,0.5482587064676616,14.642156948757734,36.473593143005246,0.009176798249788043,0.04261658163974348,"[[2171, 934], [1062, 1791]]","[[202, 143], [156, 161]]"
disclosure_x_bias,230,init_easy,kDN,exponential,22.794277002293448,29.07510627288034,0.6644842366476792,0.5497738579828132,14.648430428673691,36.39677114570315,0.009086823907147011,0.043367078005707854,"[[2162, 943], [1056, 1797]]","[[202, 143], [155, 162]]"
disclosure_x_bias,231,init_easy,kDN,exponential,22.793831383487795,29.06812029530837,0.6654909480570752,0.5497738579828132,14.651134145463272,36.37638475489838,0.008948223993641445,0.043367078005707854,"[[2169, 936], [1057, 1796]]","[[203, 142], [156, 161]]"
disclosure_x_bias,232,init_easy,kDN,exponential,22.754040197109948,29.02141069795831,0.665491512041058,0.5482587064676616,14.653190075322515,36.43037161362516,0.009469662164904637,0.04261658163974348,"[[2171, 934], [1059, 1794]]","[[202, 143], [156, 161]]"
disclosure_x_bias,233,init_easy,kDN,exponential,22.754500079217657,29.026969239925016,0.6658273645028482,0.5497738579828132,14.652004556251025,36.432525400924284,0.009342771220441517,0.043367078005707854,"[[2171, 934], [1057, 1796]]","[[203, 142], [156, 161]]"
disclosure_x_bias,234,init_easy,kDN,exponential,22.74803887711909,29.034086940817637,0.6663310021995376,0.5482587064676616,14.653591983283171,36.45815630360113,0.010183179880099435,0.04261658163974348,"[[2173, 932], [1056, 1797]]","[[202, 143], [156, 161]]"
disclosure_x_bias,235,init_easy,kDN,exponential,22.765520354603957,29.025259954309057,0.6664990694264283,0.5482587064676616,14.675993503615675,36.41858469616529,0.010027467753481836,0.04261658163974348,"[[2174, 931], [1056, 1797]]","[[202, 143], [156, 161]]"
disclosure_x_bias,236,init_easy,kDN,exponential,22.75659277885011,29.045477955276834,0.6664985054424454,0.5482587064676616,14.664051769050316,36.47190186937384,0.009828907623367758,0.04261658163974348,"[[2175, 930], [1057, 1796]]","[[202, 143], [156, 161]]"
disclosure_x_bias,237,init_easy,kDN,exponential,22.691446304598212,29.04618843058959,0.6666662906773448,0.5497738579828132,14.698790153341937,36.44259134434719,0.010659936322602434,0.043367078005707854,"[[2172, 933], [1053, 1800]]","[[203, 142], [156, 161]]"
disclosure_x_bias,238,init_easy,kDN,exponential,22.668363276665698,29.047685072584436,0.6663298742315719,0.5482587064676616,14.65539325841745,36.474779679104216,0.010646357448966824,0.04261658163974348,"[[2174, 931], [1057, 1796]]","[[202, 143], [156, 161]]"
disclosure_x_bias,239,init_easy,kDN,exponential,22.713113117098203,29.00496616422451,0.6670018611471434,0.5497738579828132,14.686062220311284,36.36419811507399,0.011512444133069677,0.043367078005707854,"[[2173, 932], [1052, 1801]]","[[203, 142], [156, 161]]"
disclosure_x_bias,240,init_easy,kDN,exponential,22.697113717276643,28.990981927931433,0.6668343579042355,0.5497738579828132,14.683038102469409,36.33177753415877,0.011171164361893336,0.043367078005707854,"[[2173, 932], [1053, 1800]]","[[203, 142], [156, 161]]"
disclosure_x_bias,241,init_easy,kDN,exponential,22.689948374898098,28.992448195102327,0.6666662906773448,0.5482587064676616,14.647010083600529,36.3512293845286,0.011372101358882575,0.04261658163974348,"[[2173, 932], [1054, 1799]]","[[202, 143], [156, 161]]"
disclosure_x_bias,242,init_easy,kDN,exponential,22.703683768368894,29.02677640817858,0.6670018611471434,0.5482587064676616,14.688949772619498,36.39088544525425,0.010724721042589239,0.04261658163974348,"[[2174, 931], [1053, 1800]]","[[202, 143], [156, 161]]"
disclosure_x_bias,243,init_easy,kDN,exponential,22.704148704132287,28.991804029164804,0.667001579155152,0.5482587064676616,14.699088388132958,36.355012563360745,0.011548092174930507,0.04261658163974348,"[[2176, 929], [1055, 1798]]","[[202, 143], [156, 161]]"
disclosure_x_bias,244,init_easy,kDN,exponential,22.700992862832255,28.997275698807094,0.6663298742315719,0.5497738579828132,14.701895039912225,36.374961433967975,0.010994615086354012,0.043367078005707854,"[[2171, 934], [1054, 1799]]","[[203, 142], [156, 161]]"
disclosure_x_bias,245,init_easy,kDN,exponential,22.69913706751959,28.986234977673423,0.6670027071231177,0.5482813206693804,14.698331456564615,36.365085573670335,0.009995760383262314,0.04119210622481848,"[[2177, 928], [1056, 1797]]","[[203, 142], [157, 160]]"
disclosure_x_bias,246,init_easy,kDN,exponential,22.70582208742866,28.970959274051705,0.6668340759122441,0.5482813206693804,14.708407524199803,36.32566155042608,0.010276076729006186,0.03929050785680515,"[[2177, 928], [1057, 1796]]","[[203, 142], [157, 160]]"
disclosure_x_bias,247,init_easy,kDN,exponential,22.699383368054246,29.00917518877001,0.6675057808358242,0.5482813206693804,14.70215519100103,36.386653256838315,0.009540748162240454,0.04119210622481848,"[[2180, 925], [1056, 1797]]","[[203, 142], [157, 160]]"
disclosure_x_bias,248,init_easy,kDN,exponential,22.666711071297264,28.955508002753874,0.668177203767413,0.5482813206693804,14.7078025857184,36.40362042315411,0.01049629338101859,0.04119210622481848,"[[2183, 922], [1055, 1798]]","[[203, 142], [157, 160]]"
disclosure_x_bias,249,init_easy,kDN,exponential,22.671252327353223,28.980323803368538,0.6680091365405223,0.5482813206693804,14.710030747602065,36.43125999347282,0.009623977280553926,0.04119210622481848,"[[2182, 923], [1055, 1798]]","[[203, 142], [157, 160]]"
disclosure_x_bias,250,init_easy,kDN,exponential,22.675974632299656,28.957637189782826,0.6680085725565393,0.5497964721845319,14.724785847150354,36.40275298456866,0.009934057412736895,0.04010234768250568,"[[2182, 923], [1055, 1798]]","[[204, 141], [157, 160]]"
disclosure_x_bias,251,init_easy,kDN,exponential,22.676111503268267,29.011054663048448,0.6680091365405223,0.5482813206693804,14.717799875972473,36.4931919248644,0.009785138012538223,0.04119210622481848,"[[2180, 925], [1053, 1800]]","[[203, 142], [157, 160]]"
disclosure_x_bias,252,init_easy,kDN,exponential,22.679472809576453,29.0034016298661,0.6675052168518414,0.5482813206693804,14.758104693805615,36.470326793756996,0.00991670295586104,0.0430097107968397,"[[2180, 925], [1056, 1797]]","[[203, 142], [157, 160]]"
disclosure_x_bias,253,init_easy,kDN,exponential,22.680968075135233,29.021242451352787,0.6680085725565394,0.5482813206693804,14.738214600294677,36.50629217216678,0.009548734331461249,0.04119210622481848,"[[2183, 922], [1056, 1797]]","[[203, 142], [157, 160]]"
disclosure_x_bias,254,init_easy,kDN,exponential,22.67999266834762,29.020364735702778,0.6675052168518414,0.5482813206693804,14.756805536818298,36.47431701311183,0.00991670295586104,0.0430097107968397,"[[2180, 925], [1056, 1797]]","[[203, 142], [157, 160]]"
disclosure_x_bias,255,init_easy,kDN,exponential,22.64211000325385,29.039279371589874,0.6678407873216401,0.5497964721845319,14.809115138895017,36.53132059156367,0.00972990782145283,0.04010234768250568,"[[2182, 923], [1056, 1797]]","[[204, 141], [157, 160]]"
disclosure_x_bias,256,init_easy,kDN,exponential,22.64629829056714,29.013959477066937,0.6688474987310361,0.5497964721845319,14.798219636637652,36.47658662660515,0.008994932103749322,0.04010234768250568,"[[2186, 919], [1054, 1799]]","[[204, 141], [157, 160]]"
disclosure_x_bias,257,init_easy,kDN,exponential,22.636907175716733,29.0335222298644,0.6693511364277255,0.5483039348710991,14.812414557142494,36.49920960673374,0.008918121158693924,0.03839092576288883,"[[2186, 919], [1051, 1802]]","[[203, 142], [157, 160]]"
disclosure_x_bias,258,init_easy,kDN,exponential,22.64771210784092,29.043519092749413,0.6686799954881282,0.5483039348710991,14.783232413120531,36.54184332156872,0.010100126056393932,0.03839092576288883,"[[2181, 924], [1050, 1803]]","[[203, 142], [157, 160]]"
disclosure_x_bias,259,init_easy,kDN,exponential,22.64859810731445,29.02625094510366,0.6696869888895155,0.5483039348710991,14.783011235289104,36.4986831173132,0.00941584412529657,0.03839092576288883,"[[2185, 920], [1048, 1805]]","[[203, 142], [157, 160]]"
disclosure_x_bias,260,init_easy,kDN,exponential,22.665156791770723,29.57106020077211,0.6696869888895155,0.5483039348710991,14.631430519151689,36.96946981863248,0.00964634827384946,0.03839092576288883,"[[2187, 918], [1050, 1803]]","[[203, 142], [157, 160]]"
disclosure_x_bias,261,init_easy,kDN,exponential,22.710403326349443,29.501137887060686,0.6696875528734985,0.5498190863862505,14.685618785353473,36.9052216202697,0.009123376460500588,0.03856457076528738,"[[2186, 919], [1049, 1804]]","[[203, 142], [156, 161]]"
disclosure_x_bias,262,init_easy,kDN,exponential,22.691716709596285,29.531951503331705,0.670190626586205,0.5483039348710991,14.713070614612448,36.91860480330794,0.009880295537018984,0.03839092576288883,"[[2189, 916], [1049, 1804]]","[[203, 142], [157, 160]]"
disclosure_x_bias,263,init_easy,kDN,exponential,22.69220899076394,29.48753400029828,0.6695192036546163,0.5498190863862505,14.702720948891953,36.899159644824664,0.009567666623681692,0.03856457076528738,"[[2187, 918], [1051, 1802]]","[[203, 142], [156, 161]]"
disclosure_x_bias,264,init_easy,kDN,exponential,22.69775768163279,29.51358497531253,0.6701909085781963,0.5483039348710991,14.709931393012077,36.91600674217463,0.010213725314213358,0.03839092576288883,"[[2188, 917], [1048, 1805]]","[[203, 142], [157, 160]]"
disclosure_x_bias,265,init_easy,kDN,exponential,22.68432484684179,29.493259966505907,0.6698553381083977,0.5483039348710991,14.696893943883769,36.89534690889753,0.010768699581988351,0.03772065718411182,"[[2185, 920], [1047, 1806]]","[[202, 143], [156, 161]]"
disclosure_x_bias,266,init_easy,kDN,exponential,22.7102443451815,29.556781350781442,0.6693514184197169,0.5498190863862505,14.757111351098137,36.96988541688472,0.010397510298149509,0.03986548034793464,"[[2185, 920], [1050, 1803]]","[[203, 142], [156, 161]]"
disclosure_x_bias,267,init_easy,kDN,exponential,22.688389920069604,29.524612721620418,0.6703586938130958,0.5513342379014021,14.72037767882486,36.93034480011867,0.009481978482368458,0.039968962214420235,"[[2188, 917], [1047, 1806]]","[[203, 142], [155, 162]]"
disclosure_x_bias,268,init_easy,kDN,exponential,22.694639289445863,29.558774049003887,0.6693514184197169,0.5498190863862505,14.727055403808235,36.975133377773034,0.010030007530076877,0.03986548034793464,"[[2185, 920], [1050, 1803]]","[[203, 142], [156, 161]]"
disclosure_x_bias,269,init_easy,kDN,exponential,22.7041537898282,29.541973457593446,0.6706953922508601,0.5498190863862505,14.728196258228811,36.93343827733177,0.009021748117932094,0.041740892790675055,"[[2191, 914], [1048, 1805]]","[[203, 142], [156, 161]]"
disclosure_x_bias,270,init_easy,kDN,exponential,22.70014439389924,29.575776946954484,0.6698547741244149,0.545273631840796,14.736127890626648,37.001026478804555,0.009688945671680084,0.042894689247702046,"[[2189, 916], [1051, 1802]]","[[201, 144], [157, 160]]"
disclosure_x_bias,271,init_easy,kDN,exponential,22.708065355373193,29.59869119464248,0.6708631774857594,0.5498190863862505,14.73813386486083,37.054125992075505,0.009149665312270119,0.041740892790675055,"[[2192, 913], [1048, 1805]]","[[203, 142], [156, 161]]"
disclosure_x_bias,272,init_easy,kDN,exponential,22.70187279634173,29.5244579361973,0.6701903445942136,0.5467887833559475,14.745433276558051,36.92073875694336,0.009954337752216482,0.0401054152314927,"[[2189, 916], [1049, 1804]]","[[202, 143], [157, 160]]"
disclosure_x_bias,273,init_easy,kDN,exponential,22.714990266871787,29.62884571524607,0.6708631774857594,0.5467887833559475,14.743291387198287,37.14505831712406,0.009485375574122726,0.0401054152314927,"[[2192, 913], [1048, 1805]]","[[202, 143], [157, 160]]"
disclosure_x_bias,274,init_easy,kDN,exponential,22.556307421561947,28.960493133655234,0.6713668151824488,0.5483039348710991,14.692116668904038,35.64872489891039,0.009393862157140687,0.04033495740077957,"[[2195, 910], [1048, 1805]]","[[202, 143], [156, 161]]"
disclosure_x_bias,275,init_easy,kDN,exponential,22.524160493847315,28.8913350516305,0.6715346004173481,0.545273631840796,14.703571165258118,35.64863833378328,0.009731285652408887,0.03916456498513423,"[[2199, 906], [1051, 1802]]","[[202, 143], [158, 159]]"
disclosure_x_bias,276,init_easy,kDN,exponential,22.533959258306076,28.91134880038254,0.6710303987366759,0.5483039348710991,14.720845982054572,35.680290077976665,0.009461667987051932,0.04033495740077957,"[[2196, 909], [1051, 1802]]","[[202, 143], [156, 161]]"
disclosure_x_bias,277,init_easy,kDN,exponential,22.4895697662404,28.897828260460464,0.6710306807286673,0.5483039348710991,14.709469271365112,35.64012696034634,0.008905284314194439,0.04033495740077957,"[[2199, 906], [1054, 1799]]","[[202, 143], [156, 161]]"
disclosure_x_bias,278,init_easy,kDN,exponential,22.50090848154444,28.912707244672994,0.6710306807286673,0.5483039348710991,14.722673935391938,35.682453582508025,0.008619704702143438,0.04033495740077957,"[[2198, 907], [1053, 1800]]","[[202, 143], [156, 161]]"
disclosure_x_bias,279,init_easy,kDN,exponential,22.48861430626679,28.90617258104112,0.6706948282668772,0.5483039348710991,14.72174915734961,35.66538571482575,0.009483733831684502,0.04033495740077957,"[[2197, 908], [1054, 1799]]","[[202, 143], [156, 161]]"
disclosure_x_bias,280,init_easy,kDN,exponential,22.48154851976448,28.899734793828298,0.6705270430319779,0.5467887833559475,14.729991560251099,35.6835181133522,0.008662681584040103,0.0401054152314927,"[[2196, 909], [1054, 1799]]","[[202, 143], [157, 160]]"
disclosure_x_bias,281,init_easy,kDN,exponential,22.486828948872862,28.890629007329984,0.6703592577970785,0.5498190863862505,14.73107346329078,35.65892287991296,0.009623481931571762,0.0398654803479347,"[[2194, 911], [1053, 1800]]","[[202, 143], [155, 162]]"
disclosure_x_bias,282,init_easy,kDN,exponential,22.503732578197564,28.89330812762097,0.6727102250296092,0.5513342379014021,14.727442609088403,35.64060127780899,0.009307231507436496,0.04060213224731065,"[[2202, 903], [1047, 1806]]","[[202, 143], [154, 163]]"
disclosure_x_bias,283,init_easy,kDN,exponential,22.52376307463119,28.914511600031272,0.6715343184253567,0.5498190863862505,14.755100066540765,35.67260057947338,0.00918001050688681,0.0398654803479347,"[[2200, 905], [1052, 1801]]","[[202, 143], [155, 162]]"
disclosure_x_bias,284,init_easy,kDN,exponential,22.522285762937294,28.893039786306936,0.6713662511984659,0.5498190863862505,14.750755494943215,35.62781988699896,0.009281312542267403,0.0398654803479347,"[[2199, 906], [1052, 1801]]","[[202, 143], [155, 162]]"
disclosure_x_bias,285,init_easy,kDN,exponential,22.52879240504975,28.896121231295275,0.6717023856522475,0.5498190863862505,14.754628629131645,35.652885395910175,0.009277623415088017,0.0398654803479347,"[[2199, 906], [1050, 1803]]","[[202, 143], [155, 162]]"
disclosure_x_bias,286,init_easy,kDN,exponential,22.512445122044696,28.862164566501303,0.6717023856522475,0.5483039348710991,14.75359885755135,35.57126632824328,0.009444696049105665,0.039697526194869444,"[[2199, 906], [1050, 1803]]","[[202, 143], [156, 161]]"
disclosure_x_bias,287,init_easy,kDN,exponential,22.574906934141463,28.956433700582085,0.6715343184253568,0.5483039348710991,14.776033595829496,35.77145628463354,0.008831748497647425,0.039049691208279634,"[[2198, 907], [1050, 1803]]","[[202, 143], [156, 161]]"
disclosure_x_bias,288,init_easy,kDN,exponential,22.564221449368706,28.961961365441745,0.6717023856522475,0.5483039348710991,14.77007189479248,35.758966664803005,0.009038534953921809,0.039049691208279634,"[[2198, 907], [1049, 1804]]","[[202, 143], [156, 161]]"
disclosure_x_bias,289,init_easy,kDN,exponential,22.559725149336053,28.957635488284694,0.6720382381140376,0.5467887833559475,14.776175069190513,35.78073071709021,0.008714269785325158,0.04602821261133207,"[[2198, 907], [1047, 1806]]","[[200, 145], [155, 162]]"
disclosure_x_bias,290,init_easy,kDN,exponential,22.55697245380492,28.97747154167656,0.6718701708871468,0.5467887833559475,14.764370481443642,35.81148112240083,0.00876142196367032,0.04602821261133207,"[[2199, 906], [1049, 1804]]","[[200, 145], [155, 162]]"
disclosure_x_bias,291,init_easy,kDN,exponential,22.557358966920788,28.964638972970892,0.6722060233489369,0.5467887833559475,14.771806912925031,35.80617328604406,0.008818290416700661,0.04602821261133207,"[[2197, 908], [1045, 1808]]","[[200, 145], [155, 162]]"
disclosure_x_bias,292,init_easy,kDN,exponential,22.565702842620702,28.998400964595994,0.6718698888951554,0.5497964721845319,14.78861710134329,35.851319866939996,0.008664809569789251,0.048191400945329754,"[[2197, 908], [1047, 1806]]","[[201, 144], [154, 163]]"
disclosure_x_bias,293,init_easy,kDN,exponential,22.571305882604612,29.011833085003747,0.6722057413569454,0.5467887833559475,14.828632640339363,35.871393799020325,0.008614917664318012,0.04602821261133207,"[[2198, 907], [1046, 1807]]","[[200, 145], [155, 162]]"
disclosure_x_bias,294,init_easy,kDN,exponential,22.556160331678623,29.0191663017263,0.672541311826744,0.545273631840796,14.80073519839129,35.8900796757328,0.009297053168380837,0.04577150181399661,"[[2202, 903], [1048, 1805]]","[[200, 145], [156, 161]]"
disclosure_x_bias,295,init_easy,kDN,exponential,22.563355279632525,28.995618711397004,0.67321414471829,0.545273631840796,14.802861502320434,35.845352701953296,0.00932760757484165,0.04577150181399661,"[[2204, 901], [1046, 1807]]","[[200, 145], [156, 161]]"
disclosure_x_bias,296,init_easy,kDN,exponential,22.51675278270634,29.01826802837894,0.6735497151880887,0.545273631840796,14.784436347447928,35.891724679402074,0.009032139538837122,0.04577150181399661,"[[2205, 900], [1045, 1808]]","[[200, 145], [156, 161]]"
disclosure_x_bias,297,init_easy,kDN,exponential,22.52108967450732,29.01472998461469,0.6730460774913992,0.5437584803256444,14.776660369970788,35.8886409171953,0.009158594882804056,0.044892623866733546,"[[2204, 901], [1047, 1806]]","[[200, 145], [157, 160]]"
disclosure_x_bias,298,init_easy,kDN,exponential,22.54758111914387,29.000669793160846,0.672541311826744,0.5483039348710991,14.774874017572904,35.865315444601336,0.008741694345154585,0.0467768748032251,"[[2194, 911], [1040, 1813]]","[[200, 145], [154, 163]]"
disclosure_x_bias,299,init_easy,kDN,exponential,22.54541920176161,29.029605443561167,0.6720371101460719,0.5483039348710991,14.773554383659825,35.9269417609848,0.008580427037450941,0.0467768748032251,"[[2193, 912], [1042, 1811]]","[[200, 145], [154, 163]]"
disclosure_x_bias,300,init_easy,kDN,exponential,22.5452450993673,29.008681941019894,0.6727093790536349,0.5483039348710991,14.778796625630124,35.88433737757732,0.00864499205537307,0.0467768748032251,"[[2198, 907], [1043, 1810]]","[[200, 145], [154, 163]]"
disclosure_x_bias,1,init_easy,DCP,log_loss,0.6425103956347165,0.8974948755609164,0.6181583103039874,0.5468566259611036,0.006762623238129577,0.2806540742380735,0.02399627250590758,0.024994530524254606,"[[2030, 1075], [1200, 1653]]","[[209, 136], [164, 153]]"
disclosure_x_bias,2,init_easy,DCP,log_loss,0.6416981009370419,0.8972420148569278,0.6189986464384412,0.5468566259611036,0.0067078064589824495,0.2806181268595453,0.022542693543351464,0.024994530524254606,"[[2037, 1068], [1202, 1651]]","[[209, 136], [164, 153]]"
disclosure_x_bias,3,init_easy,DCP,log_loss,0.640986949987836,0.8971473419714965,0.6216846201567876,0.5483717774762551,0.006672246729868829,0.28091247877535247,0.023567853171152977,0.02634345820143053,"[[2054, 1051], [1203, 1650]]","[[210, 135], [164, 153]]"
disclosure_x_bias,4,init_easy,DCP,log_loss,0.6402811407790996,0.8964834780129609,0.6225235463312841,0.5483717774762551,0.006648821840535468,0.2810583743134441,0.024269206599310325,0.02634345820143053,"[[2059, 1046], [1203, 1650]]","[[210, 135], [164, 153]]"
disclosure_x_bias,5,init_easy,DCP,log_loss,0.6396642171127638,0.8970450981358808,0.6247081382888726,0.5423790140208051,0.0066285505663089776,0.2812685019387889,0.022077652845517142,0.030334366460042173,"[[2089, 1016], [1220, 1633]]","[[210, 135], [168, 149]]"
disclosure_x_bias,6,init_easy,DCP,log_loss,0.6390354777614663,0.8971663451373552,0.6248756415317805,0.5423790140208051,0.0066480892630754055,0.2812836995914513,0.021654932822298304,0.030334366460042173,"[[2089, 1016], [1219, 1634]]","[[210, 135], [168, 149]]"
disclosure_x_bias,7,init_easy,DCP,log_loss,0.6384708717171581,0.8969210167999859,0.6255473464553607,0.5423790140208051,0.006646081196389079,0.28145763120019884,0.021462926398950966,0.030334366460042173,"[[2093, 1012], [1219, 1634]]","[[210, 135], [168, 149]]"
disclosure_x_bias,8,init_easy,DCP,log_loss,0.6379464604974279,0.896493537978802,0.6255473464553607,0.5438941655359566,0.006640513105340892,0.28174216789870243,0.02122846321516982,0.030878567880708453,"[[2098, 1007], [1224, 1629]]","[[211, 134], [168, 149]]"
disclosure_x_bias,9,init_easy,DCP,log_loss,0.6373967315571131,0.8961944074844613,0.6280641249788507,0.5529850746268656,0.006640398356466164,0.2818979473344323,0.016252076106795264,0.05321427545875726,"[[2073, 1032], [1184, 1669]]","[[209, 136], [160, 157]]"
disclosure_x_bias,10,init_easy,DCP,log_loss,0.6369138094625981,0.8965240282571315,0.6280641249788507,0.5529850746268656,0.006641893641406476,0.28178716164171297,0.016252076106795264,0.05321427545875726,"[[2071, 1034], [1182, 1671]]","[[209, 136], [160, 157]]"
disclosure_x_bias,11,init_easy,DCP,log_loss,0.6364104812606282,0.8967368224171312,0.6292386216231459,0.5529850746268656,0.006671529158196069,0.28199757532538927,0.014964813592615474,0.05321427545875726,"[[2095, 1010], [1199, 1654]]","[[211, 134], [162, 155]]"
disclosure_x_bias,12,init_easy,DCP,log_loss,0.6359237248004498,0.89643816178535,0.6295741920929446,0.5545002261420172,0.006693064315838096,0.28220956703678296,0.015125888453232074,0.05461141130067686,"[[2097, 1008], [1199, 1654]]","[[212, 133], [162, 155]]"
disclosure_x_bias,13,init_easy,DCP,log_loss,0.6354862270336082,0.8961929236298827,0.6302453330325418,0.5575305291723203,0.006691671406284392,0.28194025846417664,0.015049077773094213,0.054427058818320065,"[[2102, 1003], [1200, 1653]]","[[214, 131], [162, 155]]"
disclosure_x_bias,14,init_easy,DCP,log_loss,0.6350112812886903,0.8960010602580175,0.6304134002594326,0.5575305291723203,0.006731144429153465,0.28176520069882727,0.014827508648930543,0.054427058818320065,"[[2104, 1001], [1201, 1652]]","[[214, 131], [162, 155]]"
disclosure_x_bias,15,init_easy,DCP,log_loss,0.6345888542570455,0.8959891370246034,0.6304134002594326,0.5575305291723203,0.006738860283630503,0.2816955748756409,0.014827508648930543,0.054427058818320065,"[[2106, 999], [1203, 1650]]","[[214, 131], [162, 155]]"
disclosure_x_bias,16,init_easy,DCP,log_loss,0.634163871721053,0.8960163868217361,0.6304134002594326,0.5575305291723203,0.006757700832240251,0.28192125418785985,0.014827508648930543,0.054427058818320065,"[[2104, 1001], [1201, 1652]]","[[214, 131], [162, 155]]"
disclosure_x_bias,17,init_easy,DCP,log_loss,0.6337648660582802,0.8962596001755916,0.6304134002594326,0.5575305291723203,0.006765273685471711,0.28222720487233804,0.014827508648930543,0.054427058818320065,"[[2104, 1001], [1201, 1652]]","[[214, 131], [162, 155]]"
disclosure_x_bias,18,init_easy,DCP,log_loss,0.6333767414794524,0.8960302964012291,0.6310845411990299,0.5560153776571687,0.006774722386226679,0.2823058677183075,0.01516735907785623,0.054542701143771764,"[[2109, 996], [1202, 1651]]","[[214, 131], [163, 154]]"
disclosure_x_bias,19,init_easy,DCP,log_loss,0.6329926728316719,0.8957932992482652,0.6310845411990299,0.5560153776571687,0.006788488536011508,0.2820041524463008,0.01516735907785623,0.054542701143771764,"[[2109, 996], [1202, 1651]]","[[214, 131], [163, 154]]"
disclosure_x_bias,20,init_easy,DCP,log_loss,0.6326076785189654,0.8960230453625236,0.6322593198353167,0.5560153776571687,0.006818848100432514,0.2821351283205511,0.013293751960174467,0.054542701143771764,"[[2086, 1019], [1172, 1681]]","[[211, 134], [160, 157]]"
disclosure_x_bias,21,init_easy,DCP,log_loss,0.6322362909726317,0.8959603541822604,0.632427105070216,0.5560153776571687,0.006832719602005412,0.2820608997481221,0.013378739079275816,0.054542701143771764,"[[2087, 1018], [1172, 1681]]","[[211, 134], [160, 157]]"
disclosure_x_bias,22,init_easy,DCP,log_loss,0.6318544698118896,0.895846720383384,0.6325948903051153,0.5560153776571687,0.006854549636999594,0.28223841680331874,0.013622558493117536,0.054542701143771764,"[[2089, 1016], [1173, 1680]]","[[211, 134], [160, 157]]"
disclosure_x_bias,23,init_easy,DCP,log_loss,0.6315100938646369,0.8958389665403018,0.6317559641306187,0.5560153776571687,0.0068600940394441205,0.2821885513250368,0.015316989342932267,0.054542701143771764,"[[2113, 992], [1202, 1651]]","[[214, 131], [163, 154]]"
disclosure_x_bias,24,init_easy,DCP,log_loss,0.631162104817413,0.8952683060311853,0.632930460774914,0.5560153776571687,0.006873803951696818,0.28246192425223055,0.013776608346070793,0.054542701143771764,"[[2096, 1009], [1178, 1675]]","[[212, 133], [161, 156]]"
disclosure_x_bias,25,init_easy,DCP,log_loss,0.6308266453032537,0.8950420349285088,0.632930460774914,0.5560153776571687,0.006882547892156077,0.28249914356189226,0.013776608346070793,0.054542701143771764,"[[2096, 1009], [1178, 1675]]","[[212, 133], [161, 156]]"
disclosure_x_bias,26,init_easy,DCP,log_loss,0.6304861241393291,0.8951611593321452,0.6327626755400146,0.5560153776571687,0.006903966193187524,0.2825121935596089,0.013746526596675867,0.054542701143771764,"[[2095, 1010], [1178, 1675]]","[[212, 133], [161, 156]]"
disclosure_x_bias,27,init_easy,DCP,log_loss,0.6301418806587157,0.8952023994773217,0.6325948903051153,0.5560153776571687,0.006931683279671647,0.2825652315729738,0.013507261479315724,0.054542701143771764,"[[2095, 1010], [1179, 1674]]","[[212, 133], [161, 156]]"
disclosure_x_bias,28,init_easy,DCP,log_loss,0.6298066782428058,0.8945339132781273,0.6325948903051153,0.5560153776571687,0.006955479036979158,0.28274105042690234,0.013507261479315724,0.054542701143771764,"[[2095, 1010], [1179, 1674]]","[[212, 133], [161, 156]]"
disclosure_x_bias,29,init_easy,DCP,log_loss,0.629506669964924,0.8949691455958938,0.6325948903051153,0.5560153776571687,0.006959767452600397,0.28279697378728696,0.013507261479315724,0.054542701143771764,"[[2095, 1010], [1179, 1674]]","[[212, 133], [161, 156]]"
disclosure_x_bias,30,init_easy,DCP,log_loss,0.6292056267231311,0.8946378235486266,0.6332668772206869,0.5575305291723203,0.0069635662310212195,0.2829353646671335,0.014384516330233004,0.054427058818320065,"[[2099, 1006], [1179, 1674]]","[[212, 133], [160, 157]]"
disclosure_x_bias,31,init_easy,DCP,log_loss,0.628901841760484,0.8945699549372843,0.6336024476904856,0.5575305291723203,0.006974980466641313,0.28294360527453055,0.014448434051123388,0.054427058818320065,"[[2101, 1004], [1179, 1674]]","[[212, 133], [160, 157]]"
disclosure_x_bias,32,init_easy,DCP,log_loss,0.6286224181725265,0.8949530653710346,0.6336024476904856,0.559023066485753,0.0069753378674278985,0.28282971000576745,0.014448434051123388,0.05262143276816594,"[[2100, 1005], [1178, 1675]]","[[212, 133], [159, 158]]"
disclosure_x_bias,33,init_easy,DCP,log_loss,0.6283368772078866,0.894793832373308,0.6336021656984941,0.5575079149706015,0.006973313709541797,0.2829634167340788,0.014390390891490539,0.05278865485291557,"[[2099, 1006], [1177, 1676]]","[[212, 133], [160, 157]]"
disclosure_x_bias,34,init_easy,DCP,log_loss,0.6280098765759174,0.8946349569900592,0.6339380181602843,0.5575079149706015,0.006985388466781102,0.2829897551977047,0.014717537785987311,0.05278865485291557,"[[2102, 1003], [1178, 1675]]","[[212, 133], [160, 157]]"
disclosure_x_bias,35,init_easy,DCP,log_loss,0.6277253652364172,0.8945504712426198,0.6336024476904856,0.5575079149706015,0.007007372483555333,0.2831801163740773,0.014620602795170438,0.05278865485291557,"[[2100, 1005], [1178, 1675]]","[[212, 133], [160, 157]]"
disclosure_x_bias,36,init_easy,DCP,log_loss,0.6274622855701891,0.8946233294347662,0.6336024476904856,0.5590230664857531,0.007009963890094503,0.2832837733834088,0.014620602795170438,0.056816828575236386,"[[2092, 1013], [1170, 1683]]","[[212, 133], [159, 158]]"
disclosure_x_bias,37,init_easy,DCP,log_loss,0.6272042731088092,0.8944328849758003,0.634273588630083,0.5575079149706015,0.007018942929063807,0.28343379362823545,0.014549653004275834,0.058735336162099645,"[[2097, 1008], [1171, 1682]]","[[212, 133], [160, 157]]"
disclosure_x_bias,38,init_easy,DCP,log_loss,0.6269349488028813,0.8947313113181199,0.6341058033951835,0.5575079149706015,0.007022572485914347,0.2834187136364288,0.014516874816402254,0.058735336162099645,"[[2096, 1009], [1171, 1682]]","[[212, 133], [160, 157]]"
disclosure_x_bias,39,init_easy,DCP,log_loss,0.6266500470974303,0.8947345262972025,0.6359514409790762,0.5575079149706015,0.007060723081239602,0.2834212607277745,0.01417349521683008,0.05741771596366218,"[[2094, 1011], [1158, 1695]]","[[211, 134], [159, 158]]"
disclosure_x_bias,40,init_easy,DCP,log_loss,0.6263927400790573,0.8948634966942196,0.6359514409790762,0.5575079149706015,0.007066413801795603,0.28341092964158987,0.013973460188924591,0.05741771596366218,"[[2094, 1011], [1158, 1695]]","[[211, 134], [159, 158]]"
disclosure_x_bias,41,init_easy,DCP,log_loss,0.6261415256065813,0.8949406509537944,0.6357833737521854,0.5575079149706015,0.00707640210073587,0.2833414792574835,0.013720536788135972,0.05741771596366218,"[[2094, 1011], [1159, 1694]]","[[211, 134], [159, 158]]"
disclosure_x_bias,42,init_easy,DCP,log_loss,0.6258995624962529,0.8948996722821507,0.6366237098866392,0.5575079149706015,0.0070736827903790335,0.2833524493876862,0.012343412357652423,0.05741771596366218,"[[2102, 1003], [1162, 1691]]","[[211, 134], [159, 158]]"
disclosure_x_bias,43,init_easy,DCP,log_loss,0.6256656073954955,0.8948011013214078,0.6366237098866392,0.5575079149706015,0.007078120276176775,0.28326682204201487,0.012113193287527526,0.05741771596366218,"[[2102, 1003], [1162, 1691]]","[[211, 134], [159, 158]]"
disclosure_x_bias,44,init_easy,DCP,log_loss,0.6254096251898242,0.8945329446517789,0.6367914951215385,0.5575079149706015,0.007092343651693198,0.2834698165912295,0.01231861041502541,0.05741771596366218,"[[2103, 1002], [1162, 1691]]","[[211, 134], [159, 158]]"
disclosure_x_bias,45,init_easy,DCP,log_loss,0.6251460726154995,0.8942745391515843,0.6369592803564379,0.5575079149706015,0.007092143469990798,0.2834421654900692,0.012342006791031352,0.05741771596366218,"[[2104, 1001], [1162, 1691]]","[[211, 134], [159, 158]]"
disclosure_x_bias,46,init_easy,DCP,log_loss,0.6249095651503329,0.8943439137607305,0.6369592803564379,0.5575079149706015,0.007106029645634294,0.28356673211981376,0.012342006791031352,0.05741771596366218,"[[2104, 1001], [1162, 1691]]","[[211, 134], [159, 158]]"
disclosure_x_bias,47,init_easy,DCP,log_loss,0.6246771889437599,0.8945541413345548,0.637295132818228,0.5575079149706015,0.007104406357079218,0.28358061196516626,0.012296722667890857,0.05741771596366218,"[[2106, 999], [1162, 1691]]","[[211, 134], [159, 158]]"
disclosure_x_bias,48,init_easy,DCP,log_loss,0.6244426113113297,0.8943044448285876,0.6371273475833286,0.5590230664857531,0.007120758952033961,0.28327713618404693,0.012580334386517534,0.05591173047122658,"[[2106, 999], [1163, 1690]]","[[212, 133], [159, 158]]"
disclosure_x_bias,49,init_easy,DCP,log_loss,0.6241855730151086,0.8942044151403363,0.6372951328182279,0.5575079149706015,0.0071609699511460696,0.28328674733110887,0.012498566635238805,0.05741771596366218,"[[2106, 999], [1162, 1691]]","[[211, 134], [159, 158]]"
disclosure_x_bias,50,init_easy,DCP,log_loss,0.6239656553087819,0.8940451034133947,0.6374629180531273,0.5575079149706015,0.007162931463682959,0.2833994717321662,0.012712518719615876,0.05741771596366218,"[[2107, 998], [1162, 1691]]","[[211, 134], [159, 158]]"
disclosure_x_bias,51,init_easy,DCP,log_loss,0.6237218350328024,0.8940650078948187,0.6379662737578252,0.5575079149706015,0.007189853581479917,0.2834150746822517,0.012545738250678982,0.05741771596366218,"[[2110, 995], [1162, 1691]]","[[211, 134], [159, 158]]"
disclosure_x_bias,52,init_easy,DCP,log_loss,0.623506563233098,0.8940918103639957,0.6381340589927247,0.5590230664857531,0.007190077445537563,0.2834497000764615,0.012501331892314511,0.06155744664280422,"[[2114, 991], [1165, 1688]]","[[212, 133], [159, 158]]"
disclosure_x_bias,53,init_easy,DCP,log_loss,0.6232888002494433,0.894270286990808,0.6384696294625233,0.5590230664857531,0.007186733018736573,0.2834053415763319,0.012479900393805775,0.06155744664280422,"[[2115, 990], [1164, 1689]]","[[212, 133], [159, 158]]"
disclosure_x_bias,54,init_easy,DCP,log_loss,0.6230706060791882,0.8942388716556342,0.6386374146974225,0.5544776119402985,0.0072050166545930255,0.2833514892143645,0.01284846846933222,0.04949227103215141,"[[2125, 980], [1173, 1680]]","[[211, 134], [161, 156]]"
disclosure_x_bias,55,init_easy,DCP,log_loss,0.622848987692332,0.8943609566043473,0.6386374146974225,0.5544776119402985,0.007221600211723639,0.28310347040854233,0.0126769065583249,0.04949227103215141,"[[2126, 979], [1174, 1679]]","[[211, 134], [161, 156]]"
disclosure_x_bias,56,init_easy,DCP,log_loss,0.6226348199240452,0.8945614607384904,0.6393099655969771,0.5575305291723203,0.007228939866191166,0.2833706397631215,0.011175886394523478,0.06310791378440547,"[[2121, 984], [1165, 1688]]","[[212, 133], [160, 157]]"
disclosure_x_bias,57,init_easy,DCP,log_loss,0.6224350996487511,0.8944058575779341,0.6394777508318763,0.5575305291723203,0.007224508087831086,0.2833198193353775,0.011243450141738526,0.06310791378440547,"[[2121, 984], [1164, 1689]]","[[212, 133], [160, 157]]"
disclosure_x_bias,58,init_easy,DCP,log_loss,0.6222322410221176,0.8943137991882978,0.639813321301675,0.5560153776571687,0.007213557831245263,0.2830645634555787,0.010891363737131059,0.0590343821290809,"[[2122, 983], [1163, 1690]]","[[211, 134], [160, 157]]"
disclosure_x_bias,59,init_easy,DCP,log_loss,0.6220331475309763,0.8942196298664058,0.6401488917714737,0.5545002261420172,0.007214010442125692,0.28280668315284635,0.011178861269775846,0.057788516696348755,"[[2127, 978], [1166, 1687]]","[[211, 134], [161, 156]]"
disclosure_x_bias,60,init_easy,DCP,log_loss,0.6218158225427541,0.8943003564366279,0.6399811065365744,0.5575305291723203,0.007239970046768152,0.2825481650094186,0.011150248487195896,0.0576143311106304,"[[2125, 980], [1165, 1688]]","[[212, 133], [160, 157]]"
disclosure_x_bias,61,init_easy,DCP,log_loss,0.6216171906146425,0.8940590716929881,0.6399811065365744,0.5575305291723203,0.007246175726423922,0.2825390387151179,0.011150248487195896,0.0576143311106304,"[[2125, 980], [1165, 1688]]","[[212, 133], [160, 157]]"
disclosure_x_bias,62,init_easy,DCP,log_loss,0.6214073768947518,0.8942069142377284,0.6403166770063731,0.5560153776571687,0.007263929079884417,0.28255321893103813,0.011148635908302762,0.0590343821290809,"[[2126, 979], [1164, 1689]]","[[211, 134], [160, 157]]"
disclosure_x_bias,63,init_easy,DCP,log_loss,0.6212151357365563,0.8943458552369845,0.6406522474761717,0.5560153776571687,0.007261971378208536,0.2824996081319766,0.011657282547532552,0.0590343821290809,"[[2126, 979], [1162, 1691]]","[[211, 134], [160, 157]]"
disclosure_x_bias,64,init_easy,DCP,log_loss,0.6210095328080529,0.8943560503558736,0.6404844622412724,0.5560153776571687,0.0072727406167484515,0.2825815173654786,0.01163791294279155,0.0590343821290809,"[[2125, 980], [1162, 1691]]","[[211, 134], [160, 157]]"
disclosure_x_bias,65,init_easy,DCP,log_loss,0.6208231757550767,0.8943902694927133,0.6406522474761717,0.5499547715965626,0.007274539986552407,0.28277545033412166,0.011737505217450959,0.048601591341723795,"[[2140, 965], [1176, 1677]]","[[211, 134], [164, 153]]"
disclosure_x_bias,66,init_easy,DCP,log_loss,0.620618177642111,0.894315384265221,0.6406522474761717,0.5514699231117142,0.00729456840839722,0.2828589273662187,0.011657282547532552,0.04971870523831893,"[[2138, 967], [1174, 1679]]","[[211, 134], [163, 154]]"
disclosure_x_bias,67,init_easy,DCP,log_loss,0.6204266005534007,0.8943112918401775,0.6411556031808697,0.5499547715965626,0.007298738995230764,0.2827847943271196,0.011858504070331594,0.048601591341723795,"[[2140, 965], [1173, 1680]]","[[211, 134], [164, 153]]"
disclosure_x_bias,68,init_easy,DCP,log_loss,0.6202437205521556,0.8943612885145462,0.6414914556426597,0.5514699231117142,0.007293338108486783,0.2828845671641674,0.010727479844620988,0.04920299226718318,"[[2141, 964], [1172, 1681]]","[[212, 133], [164, 153]]"
disclosure_x_bias,69,init_easy,DCP,log_loss,0.6200424796942459,0.8943632987822788,0.6416592408775591,0.5514699231117142,0.007298333863973255,0.28295769165660783,0.011215602324909967,0.04920299226718318,"[[2142, 963], [1172, 1681]]","[[212, 133], [164, 153]]"
disclosure_x_bias,70,init_easy,DCP,log_loss,0.6198426665398056,0.8941854466739756,0.6418270261124583,0.5514699231117142,0.0072891521454234096,0.28309298664153704,0.011327193856708736,0.04920299226718318,"[[2143, 962], [1172, 1681]]","[[212, 133], [164, 153]]"
disclosure_x_bias,71,init_easy,DCP,log_loss,0.6196606706818127,0.8940595564099525,0.6414914556426597,0.5499547715965626,0.007290161561125298,0.28298752169791497,0.01151501421156065,0.048601591341723795,"[[2141, 964], [1172, 1681]]","[[211, 134], [164, 153]]"
disclosure_x_bias,72,init_easy,DCP,log_loss,0.6194649655125968,0.8945761939276032,0.6418270261124583,0.5499547715965626,0.007282838182824844,0.2830461340626635,0.01189297553281897,0.048601591341723795,"[[2142, 963], [1171, 1682]]","[[211, 134], [164, 153]]"
disclosure_x_bias,73,init_easy,DCP,log_loss,0.6192688627496582,0.8946701748368548,0.6423306638091478,0.5514699231117142,0.007290108907479328,0.2830369405286447,0.011412200373937004,0.04920299226718318,"[[2143, 962], [1169, 1684]]","[[212, 133], [164, 153]]"
disclosure_x_bias,74,init_easy,DCP,log_loss,0.6190838704788965,0.8946011914736847,0.6424981670520558,0.5499547715965626,0.007296857890768746,0.28294324164025186,0.01132952347480812,0.045343394951919955,"[[2142, 963], [1167, 1686]]","[[211, 134], [164, 153]]"
disclosure_x_bias,75,init_easy,DCP,log_loss,0.6188874546331468,0.8947019231062917,0.642666516270938,0.5499547715965626,0.007316612904215142,0.282716098064891,0.011489011216421716,0.045343394951919955,"[[2141, 964], [1165, 1688]]","[[211, 134], [164, 153]]"
disclosure_x_bias,76,init_easy,DCP,log_loss,0.6186951940781545,0.8945389767196534,0.6428343015058372,0.5499547715965626,0.007339305292473183,0.2829744284957416,0.011418573048434863,0.045343394951919955,"[[2143, 962], [1166, 1687]]","[[211, 134], [164, 153]]"
disclosure_x_bias,77,init_easy,DCP,log_loss,0.6185216165863777,0.8945260107625537,0.6431698719756358,0.5469244685662595,0.007341291233470281,0.28298820615404846,0.011351025813917196,0.04443078407302662,"[[2145, 960], [1166, 1687]]","[[210, 135], [165, 152]]"
disclosure_x_bias,78,init_easy,DCP,log_loss,0.618327893217409,0.8946731524264477,0.6448499802605606,0.5514246947082768,0.00734520479961666,0.2831134037240092,0.01075157014711438,0.04135675251873549,"[[2173, 932], [1184, 1669]]","[[214, 131], [166, 151]]"
disclosure_x_bias,79,init_easy,DCP,log_loss,0.6181433609820137,0.8945055574293843,0.6451855507303592,0.5514246947082768,0.007350545225864978,0.28323107053336305,0.010726486415790779,0.04135675251873549,"[[2169, 936], [1178, 1675]]","[[213, 132], [165, 152]]"
disclosure_x_bias,80,init_easy,DCP,log_loss,0.6179738211359014,0.8947793420285167,0.6455211212001579,0.5514246947082768,0.007345184223691732,0.28299657650033333,0.009643557896372355,0.04135675251873549,"[[2168, 937], [1175, 1678]]","[[213, 132], [165, 152]]"
disclosure_x_bias,81,init_easy,DCP,log_loss,0.6178029168933826,0.8947124263409588,0.6458566916699565,0.5514246947082768,0.007332229576089167,0.28300302549245243,0.009458149468147468,0.04135675251873549,"[[2172, 933], [1177, 1676]]","[[214, 131], [166, 151]]"
disclosure_x_bias,82,init_easy,DCP,log_loss,0.6176431753098255,0.8948347496485807,0.646024476904856,0.5514246947082768,0.0073313915252477095,0.28291151746574383,0.009409056230243894,0.04135675251873549,"[[2172, 933], [1176, 1677]]","[[214, 131], [166, 151]]"
disclosure_x_bias,83,init_easy,DCP,log_loss,0.6174750912138907,0.8946340755521011,0.6458566916699565,0.5514246947082768,0.007335488107213565,0.28298952724166215,0.009458149468147468,0.04135675251873549,"[[2172, 933], [1177, 1676]]","[[214, 131], [166, 151]]"
disclosure_x_bias,84,init_easy,DCP,log_loss,0.6173127205563068,0.8948292055032436,0.6458566916699565,0.5529398462234283,0.00733686409280269,0.2829539026538937,0.00958952455255528,0.04550101894582413,"[[2160, 945], [1165, 1688]]","[[213, 132], [164, 153]]"
disclosure_x_bias,85,init_easy,DCP,log_loss,0.6171449198250192,0.894604495345888,0.6466956178444532,0.5499095431931252,0.007337581995127014,0.2826925044207702,0.009444814047460507,0.04594067642499291,"[[2163, 942], [1163, 1690]]","[[212, 133], [165, 152]]"
disclosure_x_bias,86,init_easy,DCP,log_loss,0.6169675183052001,0.8946143125927992,0.6468634030793525,0.5499095431931252,0.007354249148025966,0.28251756327948885,0.009412282342554354,0.04594067642499291,"[[2162, 943], [1161, 1692]]","[[212, 133], [165, 152]]"
disclosure_x_bias,87,init_easy,DCP,log_loss,0.6167964606476068,0.8945952254958381,0.6470311883142519,0.5514246947082768,0.007351553456552414,0.2823280836875233,0.009207988837333324,0.045469631586460134,"[[2164, 941], [1162, 1691]]","[[213, 132], [165, 152]]"
disclosure_x_bias,88,init_easy,DCP,log_loss,0.6166117896143818,0.8946164734175932,0.6470311883142519,0.5499095431931252,0.00735549393785922,0.2825374835048999,0.009704175395769742,0.04594067642499291,"[[2162, 943], [1160, 1693]]","[[212, 133], [165, 152]]"
disclosure_x_bias,89,init_easy,DCP,log_loss,0.616448059528245,0.8947864922628668,0.6468634030793525,0.5499095431931252,0.007357930458791828,0.28227825762290915,0.009412282342554354,0.04594067642499291,"[[2163, 942], [1162, 1691]]","[[212, 133], [165, 152]]"
disclosure_x_bias,90,init_easy,DCP,log_loss,0.6162954857737821,0.8948028254426419,0.6470309063222605,0.5514246947082768,0.0073542666477660204,0.2823634335225525,0.009151808177732312,0.045469631586460134,"[[2164, 941], [1162, 1691]]","[[213, 132], [165, 152]]"
disclosure_x_bias,91,init_easy,DCP,log_loss,0.6161044191960218,0.8948329739574001,0.6471986915571598,0.5499095431931252,0.007347824604949431,0.2819750363920608,0.009281439129142614,0.04594067642499291,"[[2164, 941], [1161, 1692]]","[[212, 133], [165, 152]]"
disclosure_x_bias,92,init_easy,DCP,log_loss,0.6159547946624098,0.8949695818958234,0.6480376177316565,0.5483943916779738,0.007342623557938102,0.28178061219974393,0.01026094926708943,0.04232488825972103,"[[2160, 945], [1152, 1701]]","[[210, 135], [164, 153]]"
disclosure_x_bias,93,init_easy,DCP,log_loss,0.6157929196365197,0.8949431021104838,0.6482056849585472,0.5483943916779738,0.0073524990512476365,0.2817514573024631,0.010256899290822186,0.04232488825972103,"[[2159, 946], [1150, 1703]]","[[210, 135], [164, 153]]"
disclosure_x_bias,94,init_easy,DCP,log_loss,0.6156275683103746,0.8955511489067621,0.6482056849585472,0.5483943916779738,0.007332829267546698,0.28182375185166136,0.010256899290822186,0.04232488825972103,"[[2160, 945], [1151, 1702]]","[[210, 135], [164, 153]]"
disclosure_x_bias,95,init_easy,DCP,log_loss,0.6154643517186287,0.895475034814722,0.6482056849585472,0.5483943916779738,0.007345632749770083,0.28184292520980064,0.010256899290822186,0.04232488825972103,"[[2159, 946], [1150, 1703]]","[[210, 135], [164, 153]]"
disclosure_x_bias,96,init_easy,DCP,log_loss,0.6153177944097672,0.8955897543788544,0.6482059669505386,0.5483943916779738,0.007343428148852462,0.28180849415671977,0.010576728890375892,0.04232488825972103,"[[2159, 946], [1150, 1703]]","[[210, 135], [164, 153]]"
disclosure_x_bias,97,init_easy,DCP,log_loss,0.6151640257446124,0.8954643228199128,0.6473659128080762,0.5513794663048394,0.007338512833539107,0.2818684864319739,0.010934922927838013,0.041327834323559444,"[[2167, 938], [1163, 1690]]","[[212, 133], [164, 153]]"
disclosure_x_bias,98,init_easy,DCP,log_loss,0.6150014982001913,0.8955534800381034,0.6482048389825729,0.5513794663048394,0.007334764196433685,0.28167841149382133,0.010618534005458508,0.041327834323559444,"[[2169, 936], [1160, 1693]]","[[212, 133], [164, 153]]"
disclosure_x_bias,99,init_easy,DCP,log_loss,0.6148559719550637,0.8953851281430152,0.6487090406632452,0.5483943916779738,0.007328448194334043,0.28167120399044304,0.010105069405279098,0.04232488825972103,"[[2162, 943], [1150, 1703]]","[[210, 135], [164, 153]]"
disclosure_x_bias,100,init_easy,DCP,log_loss,0.6147107249968208,0.8957133481405641,0.6482051209745643,0.5528946178199909,0.007322143704995868,0.28163953564223954,0.009874930454036908,0.04011193210880474,"[[2169, 936], [1160, 1693]]","[[213, 132], [164, 153]]"
disclosure_x_bias,101,init_easy,DCP,log_loss,0.6145600377352324,0.8958085205459826,0.6487093226552366,0.5483943916779738,0.007320702207461077,0.2815541444979358,0.010094243474154064,0.04232488825972103,"[[2162, 943], [1150, 1703]]","[[210, 135], [164, 153]]"
disclosure_x_bias,102,init_easy,DCP,log_loss,0.6144135657517702,0.895973442102272,0.6482051209745643,0.5513794663048394,0.007317300816056144,0.2816965039758504,0.010125168197938723,0.041327834323559444,"[[2170, 935], [1161, 1692]]","[[212, 133], [164, 153]]"
disclosure_x_bias,103,init_easy,DCP,log_loss,0.6142664310772676,0.8957661703213311,0.6482051209745643,0.5513794663048394,0.0073183577714725405,0.2818689249419825,0.010278473537658801,0.041327834323559444,"[[2173, 932], [1164, 1689]]","[[212, 133], [164, 153]]"
disclosure_x_bias,104,init_easy,DCP,log_loss,0.6141035505725663,0.8958629335678083,0.648540691444363,0.5513794663048394,0.007326640063966285,0.2818552335191513,0.01006752722174236,0.041327834323559444,"[[2172, 933], [1161, 1692]]","[[212, 133], [164, 153]]"
disclosure_x_bias,105,init_easy,DCP,log_loss,0.6139486957210514,0.8959490692220278,0.6490440471490609,0.5528946178199909,0.007335462398628238,0.2817019478826734,0.009956907966950085,0.04011193210880474,"[[2172, 933], [1158, 1695]]","[[213, 132], [164, 153]]"
disclosure_x_bias,106,init_easy,DCP,log_loss,0.6137966903841259,0.8959022620297421,0.6490440471490609,0.5513794663048394,0.007336130828564749,0.28170687595738353,0.010447467415181632,0.041327834323559444,"[[2171, 934], [1157, 1696]]","[[212, 133], [164, 153]]"
disclosure_x_bias,107,init_easy,DCP,log_loss,0.6136026266021501,0.8957723630618597,0.6492118323839604,0.5528946178199909,0.007350652852520264,0.2818022429110057,0.010007663384151187,0.041364205571509154,"[[2167, 938], [1152, 1701]]","[[212, 133], [163, 154]]"
disclosure_x_bias,108,init_easy,DCP,log_loss,0.6134457429877862,0.8957433015692488,0.6497151880886582,0.5544097693351425,0.007343958017317654,0.2816949060224929,0.010562966563683236,0.040085822804762486,"[[2173, 932], [1155, 1698]]","[[213, 132], [163, 154]]"
disclosure_x_bias,109,init_easy,DCP,log_loss,0.6133033843928224,0.8956922137568469,0.6502185437933563,0.5544097693351425,0.0073433686411434,0.2815113173466674,0.010150992085856398,0.040085822804762486,"[[2172, 933], [1151, 1702]]","[[213, 132], [163, 154]]"
disclosure_x_bias,110,init_easy,DCP,log_loss,0.6131597697650879,0.8958845688286494,0.6493796176188595,0.5544097693351425,0.007346739432982503,0.2814352953671958,0.010270504317365035,0.040085822804762486,"[[2175, 930], [1159, 1694]]","[[213, 132], [163, 154]]"
disclosure_x_bias,111,init_easy,DCP,log_loss,0.6130227176498273,0.896044338508311,0.6507218994980543,0.5544097693351425,0.007348440592267726,0.28130164386246687,0.010557590103969679,0.040085822804762486,"[[2173, 932], [1149, 1704]]","[[212, 133], [162, 155]]"
disclosure_x_bias,112,init_easy,DCP,log_loss,0.6128844449394423,0.8960925560230002,0.6503863290282557,0.5544097693351425,0.007348548076452295,0.2813994338797404,0.010148518848474012,0.040085822804762486,"[[2171, 934], [1149, 1704]]","[[212, 133], [162, 155]]"
disclosure_x_bias,113,init_easy,DCP,log_loss,0.6127405378083364,0.8963763277374923,0.6512252552027522,0.5544097693351425,0.007341072729122259,0.2813352516501347,0.009774816450831923,0.040085822804762486,"[[2177, 928], [1150, 1703]]","[[212, 133], [162, 155]]"
disclosure_x_bias,114,init_easy,DCP,log_loss,0.6126061959434921,0.8961519092884256,0.650050758558457,0.5544097693351425,0.007339631785034838,0.28153976937749065,0.010807100901452772,0.040085822804762486,"[[2174, 931], [1154, 1699]]","[[212, 133], [162, 155]]"
disclosure_x_bias,115,init_easy,DCP,log_loss,0.6124695663166221,0.8961022407652145,0.6515608256725509,0.5544097693351425,0.007337856171912063,0.28159553687492583,0.010967353564904954,0.04133888720074022,"[[2176, 929], [1147, 1706]]","[[212, 133], [162, 155]]"
disclosure_x_bias,116,init_easy,DCP,log_loss,0.6123205645865586,0.8962550417999708,0.6513930404376516,0.5528946178199909,0.007336086492682621,0.28147815163792445,0.011102853584599537,0.041364205571509154,"[[2176, 929], [1148, 1705]]","[[211, 134], [162, 155]]"
disclosure_x_bias,117,init_easy,DCP,log_loss,0.6121640079561314,0.896205750571502,0.651057469967853,0.5544097693351425,0.0073507685080237,0.28146609591762645,0.010322073311793986,0.040085822804762486,"[[2181, 924], [1155, 1698]]","[[213, 132], [163, 154]]"
disclosure_x_bias,118,init_easy,DCP,log_loss,0.61202162226889,0.8963215586314632,0.6518963961423496,0.555924920850294,0.007355825015609678,0.2817133106419538,0.010594212837225865,0.03999597182361288,"[[2178, 927], [1147, 1706]]","[[213, 132], [162, 155]]"
disclosure_x_bias,119,init_easy,DCP,log_loss,0.6118843651815558,0.8963023541833948,0.6517286109074503,0.5528946178199909,0.0073528012064107365,0.28147955305524885,0.010141056637341302,0.03236973694158581,"[[2176, 929], [1146, 1707]]","[[211, 134], [162, 155]]"
disclosure_x_bias,120,init_easy,DCP,log_loss,0.6117415253032623,0.8965448577411955,0.6522319666121482,0.5498643147896879,0.00735825497444697,0.28115253845022964,0.010040598630421524,0.032197563945762224,"[[2178, 927], [1145, 1708]]","[[210, 135], [163, 154]]"
disclosure_x_bias,121,init_easy,DCP,log_loss,0.6116103980647012,0.8963593854004053,0.6529031075517455,0.5513794663048394,0.007356096344616288,0.2814998009752193,0.009733045917481717,0.029862127342001468,"[[2177, 928], [1140, 1713]]","[[210, 135], [162, 155]]"
disclosure_x_bias,122,init_easy,DCP,log_loss,0.6114813053250732,0.8964823872441627,0.653406745248435,0.5513794663048394,0.007355076089769465,0.28146214982652096,0.009315900814026973,0.029862127342001468,"[[2171, 934], [1131, 1722]]","[[209, 136], [161, 156]]"
disclosure_x_bias,123,init_easy,DCP,log_loss,0.6113487373530304,0.8965508929997019,0.6532389600135355,0.5528946178199909,0.007350429878989468,0.2813786600395955,0.009576845968473881,0.029912443264909053,"[[2176, 929], [1137, 1716]]","[[210, 135], [161, 156]]"
disclosure_x_bias,124,init_easy,DCP,log_loss,0.6112152054132246,0.8965156599614993,0.6532389600135355,0.5513794663048394,0.007342934133148326,0.2813789648937022,0.009378826900551694,0.031524229640874965,"[[2176, 929], [1137, 1716]]","[[209, 136], [161, 156]]"
disclosure_x_bias,125,init_easy,DCP,log_loss,0.6110890629665585,0.8965949168265175,0.6537423157182336,0.5544097693351425,0.00733662879031692,0.28127837955205165,0.009643854046672458,0.03944436572445375,"[[2179, 926], [1137, 1716]]","[[211, 134], [161, 156]]"
disclosure_x_bias,126,init_easy,DCP,log_loss,0.6109387911584341,0.8964621505288074,0.6530711747786363,0.555924920850294,0.007350786707810795,0.2813934524200961,0.010048013326291372,0.039353050194170236,"[[2176, 929], [1138, 1715]]","[[212, 133], [161, 156]]"
disclosure_x_bias,127,init_easy,DCP,log_loss,0.6107895642569483,0.8970187463463384,0.6532389600135355,0.5544097693351425,0.007335710818205846,0.2814396833059271,0.010481331242982901,0.03944436572445375,"[[2175, 930], [1136, 1717]]","[[211, 134], [161, 156]]"
disclosure_x_bias,128,init_easy,DCP,log_loss,0.6106635695702858,0.8969538494572703,0.6534067452484349,0.5528946178199909,0.007335977331205822,0.2815051850522397,0.010779104226146656,0.03236973694158582,"[[2173, 932], [1133, 1720]]","[[209, 136], [160, 157]]"
disclosure_x_bias,129,init_easy,DCP,log_loss,0.6105391893603253,0.8969219906918818,0.6534067452484349,0.5498643147896879,0.007330984670066744,0.2814395569733442,0.01120593814017998,0.03139534872415173,"[[2171, 934], [1131, 1722]]","[[208, 137], [161, 156]]"
disclosure_x_bias,130,init_easy,DCP,log_loss,0.6104101285219129,0.8973331864246594,0.653910100953133,0.5513794663048394,0.007329390481841016,0.2812079051405502,0.011030346004230057,0.031524229640874986,"[[2169, 936], [1126, 1727]]","[[208, 137], [160, 157]]"
disclosure_x_bias,131,init_easy,DCP,log_loss,0.6102622809410597,0.897300438398078,0.6547490271276295,0.5468340117593848,0.007324402609669196,0.2812869209527644,0.010876074314138354,0.03170426307932876,"[[2171, 934], [1123, 1730]]","[[207, 138], [162, 155]]"
disclosure_x_bias,132,init_easy,DCP,log_loss,0.610138929963382,0.8975221899711181,0.6547490271276295,0.5483491632745364,0.007319789230687005,0.2812955506312598,0.011018937322376528,0.03277937878269265,"[[2167, 938], [1119, 1734]]","[[207, 138], [161, 156]]"
disclosure_x_bias,133,init_easy,DCP,log_loss,0.6100071974988575,0.8974299164609411,0.654916812362529,0.5483491632745363,0.007311271916393882,0.2811999971246415,0.009920042480285914,0.03199175629515963,"[[2170, 935], [1121, 1732]]","[[208, 137], [162, 155]]"
disclosure_x_bias,134,init_easy,DCP,log_loss,0.6098705125188991,0.8975113131068939,0.6552523828323276,0.5483491632745363,0.007316299093782202,0.2811158452700348,0.010506219691523965,0.030355264218717933,"[[2167, 938], [1116, 1737]]","[[208, 137], [162, 155]]"
disclosure_x_bias,135,init_easy,DCP,log_loss,0.6097365926356335,0.8975218434153748,0.654916812362529,0.5483491632745363,0.00731238045510957,0.28123649654148686,0.010138364016427941,0.03199175629515963,"[[2167, 938], [1118, 1735]]","[[208, 137], [162, 155]]"
disclosure_x_bias,136,init_easy,DCP,log_loss,0.6096057521902745,0.8974012516237279,0.6554204500592183,0.5483491632745364,0.0073130169544669,0.2811046828429546,0.009654751370110605,0.03503617103751925,"[[2166, 939], [1114, 1739]]","[[207, 138], [161, 156]]"
disclosure_x_bias,137,init_easy,DCP,log_loss,0.6094802027587016,0.8976826174390057,0.6545815238847217,0.5498643147896879,0.007313691005142515,0.2809539644826843,0.009986104217610016,0.03139534872415173,"[[2167, 938], [1120, 1733]]","[[208, 137], [161, 156]]"
disclosure_x_bias,138,init_easy,DCP,log_loss,0.6093495601188006,0.8976626544180913,0.6545815238847217,0.5498643147896879,0.00730755535578233,0.28101193302600874,0.009667797214948369,0.03374482966473764,"[[2167, 938], [1120, 1733]]","[[208, 137], [161, 156]]"
disclosure_x_bias,139,init_easy,DCP,log_loss,0.6092247944634848,0.8974928577020924,0.6545815238847217,0.5528946178199909,0.007301825369850971,0.2810082835801676,0.009570240887913004,0.032369736941585826,"[[2163, 942], [1116, 1737]]","[[209, 136], [160, 157]]"
disclosure_x_bias,140,init_easy,DCP,log_loss,0.6090966908440552,0.897714842811822,0.6555879533021262,0.5498643147896879,0.007301320182677696,0.28109266521218634,0.009725098201024403,0.03374482966473764,"[[2166, 939], [1113, 1740]]","[[208, 137], [161, 156]]"
disclosure_x_bias,141,init_easy,DCP,log_loss,0.608974276323508,0.8975900205717936,0.6544137386498223,0.5498643147896879,0.00729964999664986,0.2812088903589807,0.01046276510513827,0.030572090523559872,"[[2168, 937], [1122, 1731]]","[[209, 136], [162, 155]]"
disclosure_x_bias,142,init_easy,DCP,log_loss,0.6088403193668188,0.8976582816214643,0.6554201680672269,0.5498643147896879,0.007310376033088758,0.28121212962068404,0.010651681969654117,0.03374482966473764,"[[2167, 938], [1115, 1738]]","[[208, 137], [161, 156]]"
disclosure_x_bias,143,init_easy,DCP,log_loss,0.6087082459338533,0.8977097493554445,0.655252664824319,0.5498643147896879,0.007319036744204702,0.28105934775845887,0.010933422726956854,0.03374482966473764,"[[2168, 937], [1117, 1736]]","[[208, 137], [161, 156]]"
disclosure_x_bias,144,init_easy,DCP,log_loss,0.6085878240895053,0.8979629548496348,0.6552523828323276,0.5498643147896879,0.007315911750850456,0.2811725073547744,0.010565597337476343,0.03374482966473764,"[[2166, 939], [1115, 1738]]","[[208, 137], [161, 156]]"
disclosure_x_bias,145,init_easy,DCP,log_loss,0.6084683938689818,0.8979754289190914,0.6562599402176978,0.5498643147896879,0.007311193174041965,0.28121687769810627,0.010857033509671685,0.03374482966473764,"[[2165, 940], [1108, 1745]]","[[208, 137], [161, 156]]"
disclosure_x_bias,146,init_easy,DCP,log_loss,0.6083316717244639,0.8979763020113871,0.6562596582257064,0.5468340117593848,0.007319243411588753,0.281111275898668,0.01148319785617619,0.034773856667397504,"[[2164, 941], [1107, 1746]]","[[206, 139], [161, 156]]"
disclosure_x_bias,147,init_easy,DCP,log_loss,0.608213560143033,0.8980761604646906,0.6560918729908071,0.5453188602442334,0.007319473684179618,0.2807711290842596,0.010998472559558,0.03368667705927253,"[[2169, 936], [1113, 1740]]","[[207, 138], [163, 154]]"
disclosure_x_bias,148,init_easy,DCP,log_loss,0.6080929815087383,0.8979776785662998,0.6560918729908071,0.5468340117593848,0.007311493562897754,0.2807733302496568,0.011139765970214672,0.034773856667397504,"[[2166, 939], [1110, 1743]]","[[207, 138], [162, 155]]"
disclosure_x_bias,149,init_easy,DCP,log_loss,0.6079606674190428,0.8982214449361253,0.6565955106874964,0.5468340117593848,0.007314027413573785,0.2805949893345314,0.01121244897561441,0.034773856667397504,"[[2164, 941], [1105, 1748]]","[[206, 139], [161, 156]]"
disclosure_x_bias,150,init_easy,DCP,log_loss,0.6078406919347655,0.8982767783019365,0.6574347188539845,0.5468340117593848,0.0073100795122461315,0.2805527779276415,0.011302394759002913,0.034773856667397504,"[[2168, 937], [1104, 1749]]","[[206, 139], [161, 156]]"
disclosure_x_bias,151,init_easy,DCP,log_loss,0.6077237684480419,0.8981464419643854,0.6569313631492866,0.5468340117593848,0.007303646048570079,0.28055230459238434,0.010662797894473572,0.032498853824921924,"[[2162, 943], [1101, 1752]]","[[205, 140], [160, 157]]"
disclosure_x_bias,152,init_easy,DCP,log_loss,0.6076038556475626,0.898401067729351,0.6565957926794879,0.5483491632745364,0.007301651164911664,0.2804665307507269,0.011368772065908727,0.0357567963260225,"[[2163, 942], [1104, 1749]]","[[206, 139], [160, 157]]"
disclosure_x_bias,153,init_easy,DCP,log_loss,0.6074629501943252,0.8983839270882946,0.6570991483841858,0.5468340117593848,0.007314683567797409,0.2804526372717849,0.011397809495755628,0.034773856667397476,"[[2172, 933], [1110, 1743]]","[[206, 139], [161, 156]]"
disclosure_x_bias,154,init_easy,DCP,log_loss,0.6073531350907285,0.8984085003054506,0.6579380745586826,0.5453188602442334,0.0073089956932435324,0.28055209725849867,0.010663192314340769,0.03368667705927253,"[[2176, 929], [1109, 1744]]","[[206, 139], [162, 155]]"
disclosure_x_bias,155,init_easy,DCP,log_loss,0.6072337154800345,0.8985877242793773,0.6574347188539845,0.5468340117593848,0.007309753847051643,0.28055488751699786,0.011357610760166859,0.034773856667397504,"[[2167, 938], [1103, 1750]]","[[206, 139], [161, 156]]"
disclosure_x_bias,156,init_easy,DCP,log_loss,0.6071120722994444,0.8985072007302419,0.6582736450284812,0.5453188602442334,0.007312719403538146,0.2804575277557461,0.009401629158485029,0.028787167212381174,"[[2170, 935], [1101, 1752]]","[[206, 139], [162, 155]]"
disclosure_x_bias,157,init_easy,DCP,log_loss,0.6069984012037982,0.8983524704937549,0.6564277254525972,0.5498643147896879,0.007307944608843511,0.28043773969240676,0.010633438294591064,0.034492444558664015,"[[2169, 936], [1111, 1742]]","[[208, 137], [161, 156]]"
disclosure_x_bias,158,init_easy,DCP,log_loss,0.6068827050180252,0.8984551360230688,0.6564277254525972,0.5468340117593848,0.007306808998565591,0.2803767894633738,0.010808496409688045,0.034773856667397476,"[[2170, 935], [1112, 1741]]","[[207, 138], [162, 155]]"
disclosure_x_bias,159,init_easy,DCP,log_loss,0.6067594823878617,0.8983459140074931,0.6564277254525972,0.5468340117593848,0.007304182678708372,0.28047942146840127,0.0114274554665757,0.034773856667397476,"[[2170, 935], [1112, 1741]]","[[207, 138], [162, 155]]"
disclosure_x_bias,160,init_easy,DCP,log_loss,0.6066420495319477,0.8984568131337977,0.6569313631492866,0.5453188602442334,0.007300593668517863,0.2803618857956853,0.011400034759726113,0.03368667705927253,"[[2173, 932], [1112, 1741]]","[[207, 138], [163, 154]]"
disclosure_x_bias,161,init_easy,DCP,log_loss,0.6065134010771406,0.8987715261927148,0.6569313631492866,0.5438037087290819,0.007285974120780093,0.2806124942471841,0.010952225043067518,0.03003691374330314,"[[2173, 932], [1112, 1741]]","[[206, 139], [163, 154]]"
disclosure_x_bias,162,init_easy,DCP,log_loss,0.6064005010177153,0.8986608393166214,0.6579380745586826,0.5422885572139303,0.007283117863620673,0.2807671571007422,0.008834286385196425,0.026749838231788774,"[[2169, 936], [1102, 1751]]","[[205, 140], [163, 154]]"
disclosure_x_bias,163,init_easy,DCP,log_loss,0.6062804661979516,0.8987176810353692,0.6579380745586826,0.5422885572139303,0.007281404315319852,0.2806054433289564,0.008834286385196425,0.026749838231788774,"[[2168, 937], [1101, 1752]]","[[205, 140], [163, 154]]"
disclosure_x_bias,164,init_easy,DCP,log_loss,0.6061634057017746,0.8988267279437026,0.6584419942473634,0.5422885572139303,0.007274869675679138,0.2805756294759822,0.009009187862201003,0.026749838231788774,"[[2170, 935], [1100, 1753]]","[[205, 140], [163, 154]]"
disclosure_x_bias,165,init_easy,DCP,log_loss,0.6060534441413178,0.8990457700635055,0.658274209012464,0.5453188602442334,0.007270519845532482,0.2806305907493814,0.009005070124857392,0.03368667705927253,"[[2168, 937], [1099, 1754]]","[[205, 140], [161, 156]]"
disclosure_x_bias,166,init_easy,DCP,log_loss,0.6059467161359249,0.8989275126391127,0.6584419942473634,0.5438037087290819,0.007265936351349313,0.2806743450669674,0.009009187862201003,0.025438949950240927,"[[2171, 934], [1101, 1752]]","[[206, 139], [163, 154]]"
disclosure_x_bias,167,init_easy,DCP,log_loss,0.605836990310882,0.8989195095453134,0.658274209012464,0.5438037087290819,0.007263056967229896,0.28071415394439714,0.009005070124857392,0.025438949950240927,"[[2172, 933], [1103, 1750]]","[[206, 139], [163, 154]]"
disclosure_x_bias,168,init_easy,DCP,log_loss,0.6057222797466328,0.8990483035784871,0.6584419942473634,0.5438037087290819,0.007267893698899369,0.28065018912251605,0.009009187862201003,0.025438949950240927,"[[2171, 934], [1101, 1752]]","[[206, 139], [163, 154]]"
disclosure_x_bias,169,init_easy,DCP,log_loss,0.6056103893417992,0.8990988397419428,0.6579386385426653,0.5468340117593848,0.007265236454541953,0.28072821573988666,0.008594979979796562,0.03249885382492192,"[[2169, 936], [1102, 1751]]","[[206, 139], [161, 156]]"
disclosure_x_bias,170,init_easy,DCP,log_loss,0.6054990566452993,0.8994128642434038,0.6586097794822627,0.5438037087290819,0.007264238618302923,0.2807855236839357,0.009079002096366418,0.028287555252476754,"[[2169, 936], [1098, 1755]]","[[205, 140], [162, 155]]"
disclosure_x_bias,171,init_easy,DCP,log_loss,0.6053864599317713,0.8993675083325027,0.6581064237775648,0.5422885572139303,0.007262041512665126,0.28062850692487434,0.008786408000590983,0.026749838231788774,"[[2172, 933], [1104, 1749]]","[[205, 140], [163, 154]]"
disclosure_x_bias,172,init_easy,DCP,log_loss,0.6052823667358368,0.8995942241047825,0.6581064237775648,0.5468340117593848,0.0072588241093510504,0.28074505745809397,0.008678950006548473,0.034773856667397504,"[[2167, 938], [1099, 1754]]","[[205, 140], [160, 157]]"
disclosure_x_bias,173,init_easy,DCP,log_loss,0.6051649079872892,0.8996393794440565,0.658274209012464,0.5453188602442334,0.007261027763422584,0.28072832065325204,0.008865037967846337,0.037280936468220456,"[[2166, 939], [1097, 1756]]","[[204, 141], [160, 157]]"
disclosure_x_bias,174,init_easy,DCP,log_loss,0.6050584059659527,0.8996766449190667,0.658274209012464,0.5498417005879692,0.0072595741816738535,0.2807386144558539,0.008430998091841259,0.036245360125381605,"[[2163, 942], [1094, 1759]]","[[205, 140], [158, 159]]"
disclosure_x_bias,175,init_easy,DCP,log_loss,0.6049451938401813,0.899522428057978,0.658441712255372,0.5468113975576662,0.007256553962037819,0.2809225498136455,0.008811166585686946,0.040486509327259404,"[[2161, 944], [1091, 1762]]","[[204, 141], [159, 158]]"
disclosure_x_bias,176,init_easy,DCP,log_loss,0.6048399180294934,0.8996248616757019,0.65928092042186,0.5468113975576662,0.007252706244456566,0.2807250324591348,0.00951979308347176,0.037203244816205135,"[[2169, 936], [1094, 1759]]","[[205, 140], [160, 157]]"
disclosure_x_bias,177,init_easy,DCP,log_loss,0.6047323636544844,0.8995319299558769,0.6589453499520614,0.5468113975576662,0.007246869417548927,0.28074044198205084,0.00934278103211762,0.035086120008679104,"[[2172, 933], [1099, 1754]]","[[205, 140], [160, 157]]"
disclosure_x_bias,178,init_easy,DCP,log_loss,0.6046264075330094,0.8997009750322558,0.6589450679600699,0.5468340117593848,0.00724053989881077,0.2805522896181672,0.009420451238091234,0.034773856667397476,"[[2168, 937], [1095, 1758]]","[[205, 140], [160, 157]]"
disclosure_x_bias,179,init_easy,DCP,log_loss,0.6045126946708141,0.899554452491811,0.6589453499520614,0.5513342379014021,0.00723944332687293,0.28077351560554614,0.009173852526953628,0.03732903870147658,"[[2164, 941], [1091, 1762]]","[[206, 139], [158, 159]]"
disclosure_x_bias,180,init_easy,DCP,log_loss,0.6044075109306078,0.8996582538197238,0.6589450679600699,0.5468113975576662,0.007238036354782598,0.28065994780872056,0.009586132427294065,0.035086120008679104,"[[2172, 933], [1099, 1754]]","[[206, 139], [161, 156]]"
disclosure_x_bias,181,init_easy,DCP,log_loss,0.6043023958011176,0.8995606044241914,0.6594487056567593,0.5468340117593848,0.007231471600868242,0.28073999636904573,0.009795695834276157,0.03621120700260367,"[[2168, 937], [1092, 1761]]","[[204, 141], [159, 158]]"
disclosure_x_bias,182,init_easy,DCP,log_loss,0.6041862086297595,0.8995804912995314,0.65928092042186,0.5483265490728177,0.007227435453675083,0.28073916189242215,0.009779122655770333,0.0367621345661955,"[[2168, 937], [1093, 1760]]","[[205, 140], [159, 158]]"
disclosure_x_bias,183,init_easy,DCP,log_loss,0.6040725396767848,0.8994739013966534,0.6591134171789521,0.5513116236996833,0.00721435515566582,0.2805897939898013,0.00945455922382762,0.03956666079337159,"[[2168, 937], [1094, 1759]]","[[205, 140], [157, 160]]"
disclosure_x_bias,184,init_easy,DCP,log_loss,0.6039722165883487,0.8996316536844914,0.6592812024138515,0.5482813206693804,0.007209670522881248,0.2805482073485137,0.00924101615414254,0.03863584870447795,"[[2172, 933], [1097, 1756]]","[[205, 140], [159, 158]]"
disclosure_x_bias,185,init_easy,DCP,log_loss,0.6038584716571196,0.8998712832550304,0.6591134171789521,0.5513116236996833,0.007200456796320427,0.28048963245188085,0.009651024546141572,0.03956666079337159,"[[2169, 936], [1095, 1758]]","[[205, 140], [157, 160]]"
disclosure_x_bias,186,init_easy,DCP,log_loss,0.6037567072508179,0.899849681820417,0.6601204105803395,0.5467661691542288,0.007196161116218525,0.28056969665902975,0.009646252671901251,0.04096643767172271,"[[2176, 929], [1096, 1757]]","[[204, 141], [159, 158]]"
disclosure_x_bias,187,init_easy,DCP,log_loss,0.6036535932988404,0.8998576435265135,0.6597848401105408,0.5497964721845319,0.007193220906897301,0.2804603703676599,0.009169587298881487,0.04196717642681755,"[[2168, 937], [1090, 1763]]","[[204, 141], [157, 160]]"
disclosure_x_bias,188,init_easy,DCP,log_loss,0.6035310020767755,0.8992672810273241,0.6602890417912131,0.5497964721845319,0.0071385789533778745,0.2786931890632612,0.009647738102383275,0.04196717642681755,"[[2168, 937], [1087, 1766]]","[[204, 141], [157, 160]]"
disclosure_x_bias,189,init_easy,DCP,log_loss,0.6034177985316367,0.8994095872060418,0.6606243302690203,0.5482813206693804,0.007127436936346406,0.2787645265784299,0.009486108620919127,0.04119210622481848,"[[2172, 933], [1089, 1764]]","[[204, 141], [158, 159]]"
disclosure_x_bias,190,init_easy,DCP,log_loss,0.6033080412244106,0.8992266606505808,0.6606243302690203,0.5482813206693804,0.007122266844667155,0.2788663320726102,0.009999790792653824,0.04119210622481848,"[[2171, 934], [1088, 1765]]","[[204, 141], [158, 159]]"
disclosure_x_bias,191,init_easy,DCP,log_loss,0.6031960900824027,0.8995064280193951,0.6604565450341211,0.5467661691542288,0.007128741276630033,0.2789419042800373,0.009879643107681118,0.04096643767172271,"[[2175, 930], [1093, 1760]]","[[204, 141], [159, 158]]"
disclosure_x_bias,192,init_easy,DCP,log_loss,0.6030752467345872,0.8996352149165135,0.6606243302690203,0.5482813206693804,0.007146239904786327,0.278798977857924,0.009905504710016699,0.04119210622481848,"[[2169, 936], [1086, 1767]]","[[204, 141], [158, 159]]"
disclosure_x_bias,193,init_easy,DCP,log_loss,0.6029585313840082,0.8995666091151767,0.6609601827308105,0.5467661691542288,0.007160708131875891,0.2789017970793247,0.010186185604594522,0.04096643767172271,"[[2172, 933], [1087, 1766]]","[[204, 141], [159, 158]]"
disclosure_x_bias,194,init_easy,DCP,log_loss,0.6028541876311426,0.8997249013309411,0.6606246122610118,0.5482813206693804,0.007158095060918886,0.27867484933603787,0.010328431638594123,0.04119210622481848,"[[2169, 936], [1086, 1767]]","[[204, 141], [158, 159]]"
disclosure_x_bias,195,init_easy,DCP,log_loss,0.6027559571253462,0.8994614645208368,0.6611279679657097,0.5467661691542288,0.00715382175269517,0.27899533770823576,0.010563590193058952,0.04096643767172271,"[[2173, 932], [1087, 1766]]","[[204, 141], [159, 158]]"
disclosure_x_bias,196,init_easy,DCP,log_loss,0.60265574005892,0.899675665112523,0.6607923974959111,0.5482813206693804,0.007149171095955445,0.2788630198217931,0.010440416811019643,0.04119210622481848,"[[2169, 936], [1085, 1768]]","[[204, 141], [158, 159]]"
disclosure_x_bias,197,init_easy,DCP,log_loss,0.6025543854511588,0.8998010156028403,0.6609599007388189,0.5467661691542288,0.007142825690510849,0.2789104811063256,0.009263754596261022,0.04096643767172271,"[[2166, 939], [1081, 1772]]","[[204, 141], [159, 158]]"
disclosure_x_bias,198,init_easy,DCP,log_loss,0.602456188129121,0.8998836526273155,0.6612951892166262,0.5482813206693804,0.007139909730220781,0.2787294071499788,0.009733383879397768,0.04119210622481848,"[[2171, 934], [1084, 1769]]","[[204, 141], [158, 159]]"
disclosure_x_bias,199,init_easy,DCP,log_loss,0.6023460880548094,0.9000958716150921,0.6616318876543905,0.5513116236996833,0.007126722603316811,0.278823547068118,0.0099323452883718,0.042066393432990484,"[[2165, 940], [1076, 1777]]","[[204, 141], [156, 161]]"
disclosure_x_bias,200,init_easy,DCP,log_loss,0.60224190190006,0.9001708658589933,0.6617993908972986,0.5497964721845319,0.0071205744486176935,0.2787373943142391,0.010039877093568366,0.041354911373490774,"[[2167, 938], [1077, 1776]]","[[204, 141], [157, 160]]"
disclosure_x_bias,201,init_easy,DCP,log_loss,0.6021337803122837,0.9003157312371608,0.6616318876543906,0.5513116236996833,0.007120074129588639,0.27883220710327383,0.010088581176520504,0.042066393432990484,"[[2165, 940], [1076, 1777]]","[[204, 141], [156, 161]]"
disclosure_x_bias,202,init_easy,DCP,log_loss,0.6020196626815542,0.9002459026434545,0.6617999548812814,0.5513116236996833,0.007119589605398334,0.2788597207326106,0.010327748125342248,0.042066393432990484,"[[2163, 942], [1073, 1780]]","[[204, 141], [156, 161]]"
disclosure_x_bias,203,init_easy,DCP,log_loss,0.6019187185296748,0.9004091737622361,0.6619671761321978,0.5513116236996833,0.007122291520285074,0.27872482558055595,0.010196345750757911,0.042066393432990484,"[[2164, 941], [1073, 1780]]","[[204, 141], [156, 161]]"
disclosure_x_bias,204,init_easy,DCP,log_loss,0.6018226879582194,0.9005242220811395,0.6612954712086176,0.5513116236996833,0.007116617385269558,0.2788063335761602,0.01049884736363596,0.042066393432990484,"[[2161, 944], [1074, 1779]]","[[204, 141], [156, 161]]"
disclosure_x_bias,205,init_easy,DCP,log_loss,0.6017260873400364,0.9006353834858487,0.6614638204274998,0.5513116236996833,0.007111117294269245,0.27883854487332066,0.01027723784004676,0.042066393432990484,"[[2162, 943], [1074, 1779]]","[[204, 141], [156, 161]]"
disclosure_x_bias,206,init_easy,DCP,log_loss,0.6016301493365327,0.9007187192491986,0.6623030285939879,0.5497964721845319,0.007107313415312747,0.2787171549351028,0.010480011756841634,0.041354911373490774,"[[2166, 939], [1073, 1780]]","[[204, 141], [157, 160]]"
disclosure_x_bias,207,init_easy,DCP,log_loss,0.6015281033826633,0.9007133389749772,0.6619671761321978,0.5497964721845319,0.007104806279047784,0.2787186575372236,0.010675908663807857,0.041354911373490774,"[[2168, 937], [1077, 1776]]","[[204, 141], [157, 160]]"
disclosure_x_bias,208,init_easy,DCP,log_loss,0.601434222601398,0.9006958286729088,0.6624708138288873,0.5513116236996833,0.007101475315338681,0.2786378301796861,0.009856059076524456,0.04020616680147565,"[[2171, 934], [1077, 1776]]","[[205, 140], [157, 160]]"
disclosure_x_bias,209,init_easy,DCP,log_loss,0.6013321327831466,0.9007520261133518,0.6624705318368959,0.5513116236996833,0.007098733842354074,0.2787371312100946,0.009835725618967853,0.04020616680147565,"[[2171, 934], [1077, 1776]]","[[205, 140], [157, 160]]"
disclosure_x_bias,210,init_easy,DCP,log_loss,0.6012327751458607,0.9007699295637707,0.6624705318368959,0.5513116236996833,0.007096697708606609,0.2786449917435845,0.009545214583317425,0.04020616680147565,"[[2171, 934], [1077, 1776]]","[[205, 140], [157, 160]]"
disclosure_x_bias,211,init_easy,DCP,log_loss,0.6011289808887765,0.9007971052675037,0.6626385990637866,0.5513116236996833,0.0070938627448932715,0.278606963175265,0.009907256869291165,0.04020616680147565,"[[2170, 935], [1075, 1778]]","[[205, 140], [157, 160]]"
disclosure_x_bias,212,init_easy,DCP,log_loss,0.6010291858681628,0.9006886944347045,0.6626385990637866,0.5497964721845319,0.007096593905265241,0.27844451847164453,0.009781656992098034,0.04010234768250568,"[[2174, 931], [1079, 1774]]","[[204, 141], [157, 160]]"
disclosure_x_bias,213,init_easy,DCP,log_loss,0.6009327169112052,0.9008893977882245,0.6626385990637866,0.5513116236996833,0.0070965037853288546,0.2785081811624706,0.009454912714365457,0.04020616680147565,"[[2169, 936], [1074, 1779]]","[[205, 140], [157, 160]]"
disclosure_x_bias,214,init_easy,DCP,log_loss,0.6008380606500109,0.9009150823925047,0.6634772432462918,0.5482813206693804,0.0070916780689685216,0.2785081401284523,0.009284797570241624,0.04119210622481848,"[[2175, 930], [1075, 1778]]","[[204, 141], [158, 159]]"
disclosure_x_bias,215,init_easy,DCP,log_loss,0.600746449398699,0.9009518252032931,0.6638133777000733,0.5482813206693804,0.007088145124992093,0.2782162881429732,0.009089350093629916,0.04119210622481848,"[[2173, 932], [1071, 1782]]","[[204, 141], [158, 159]]"
disclosure_x_bias,216,init_easy,DCP,log_loss,0.6006526403800249,0.9007868844689296,0.6643172973887541,0.5482813206693804,0.007084419272465269,0.2783402964765888,0.009104646721212174,0.04119210622481848,"[[2175, 930], [1070, 1783]]","[[204, 141], [158, 159]]"
disclosure_x_bias,217,init_easy,DCP,log_loss,0.600557165096444,0.9010968323439673,0.6643172973887541,0.5467661691542288,0.007082385844861416,0.27816728494093995,0.008646492070533193,0.042793628300276276,"[[2172, 933], [1067, 1786]]","[[203, 142], [158, 159]]"
disclosure_x_bias,218,init_easy,DCP,log_loss,0.6004615910743926,0.9010238017385446,0.6653237268061587,0.5482813206693804,0.007081567794125595,0.2780966749548672,0.00804378589242262,0.04119210622481848,"[[2175, 930], [1064, 1789]]","[[204, 141], [158, 159]]"
disclosure_x_bias,219,init_easy,DCP,log_loss,0.6003640706355388,0.9012241728062504,0.6649884383283514,0.5467661691542288,0.007077602620822933,0.27820972646990133,0.007501164339773031,0.040338986266151886,"[[2175, 930], [1066, 1787]]","[[203, 142], [158, 159]]"
disclosure_x_bias,220,init_easy,DCP,log_loss,0.6002687995517098,0.9010217890927403,0.66465230387457,0.5482813206693804,0.0070804552760389385,0.2782072663377842,0.00829963107880596,0.04119210622481848,"[[2172, 933], [1065, 1788]]","[[204, 141], [158, 159]]"
disclosure_x_bias,221,init_easy,DCP,log_loss,0.6001776618151948,0.901078891545555,0.6653242907901415,0.5482813206693804,0.007077043632630754,0.27811258489853125,0.008325270496286575,0.04056814529537153,"[[2176, 929], [1065, 1788]]","[[204, 141], [158, 159]]"
disclosure_x_bias,222,init_easy,DCP,log_loss,0.6000837620279347,0.9008639932021252,0.6648200891094693,0.5482813206693804,0.007071872020864022,0.2782428622642145,0.008423723921964886,0.04119210622481848,"[[2178, 927], [1070, 1783]]","[[205, 140], [159, 158]]"
disclosure_x_bias,223,init_easy,DCP,log_loss,0.5999880144902747,0.901020403665105,0.6648209350854436,0.5482813206693804,0.007074888066354241,0.2784350998512066,0.007519390440384417,0.04300971079683969,"[[2170, 935], [1062, 1791]]","[[203, 142], [157, 160]]"
disclosure_x_bias,224,init_easy,DCP,log_loss,0.5998967191246779,0.9009167194913313,0.6651559415712593,0.5467661691542288,0.007072883685272339,0.27830342861895546,0.008424300572681372,0.042193357540871904,"[[2172, 933], [1062, 1791]]","[[203, 142], [158, 159]]"
disclosure_x_bias,225,init_easy,DCP,log_loss,0.5998050571765198,0.9009161208790065,0.6659959957137217,0.5467661691542288,0.007070596773582687,0.27845467528272433,0.008340428765080416,0.042793628300276276,"[[2174, 931], [1059, 1794]]","[[202, 143], [157, 160]]"
disclosure_x_bias,226,init_easy,DCP,log_loss,0.5997081412722841,0.9010821494472161,0.6656598612599403,0.5467661691542288,0.0070692171856748705,0.2785544001101357,0.008862989902797474,0.04096643767172271,"[[2180, 925], [1067, 1786]]","[[204, 141], [159, 158]]"
disclosure_x_bias,227,init_easy,DCP,log_loss,0.5996038315824418,0.9011271767061206,0.6656598612599403,0.5482813206693804,0.00706475354303286,0.2784903717778963,0.008465873736119888,0.04300971079683969,"[[2174, 931], [1061, 1792]]","[[203, 142], [157, 160]]"
disclosure_x_bias,228,init_easy,DCP,log_loss,0.5994968634606738,0.9013892035931491,0.6658276464948395,0.5452510176390774,0.007068491170261865,0.2785022403657747,0.00885298664039374,0.041912257164142735,"[[2179, 926], [1065, 1788]]","[[202, 143], [158, 159]]"
disclosure_x_bias,229,init_easy,DCP,log_loss,0.5994004861494162,0.9014161077043518,0.6658273645028482,0.5452510176390774,0.007067711994354657,0.27835689603676433,0.00879472951631798,0.041912257164142735,"[[2180, 925], [1066, 1787]]","[[202, 143], [158, 159]]"
disclosure_x_bias,230,init_easy,DCP,log_loss,0.5993037456212568,0.9014638968936757,0.6661632169646382,0.5452510176390774,0.007075088945667483,0.2783665905103944,0.009237988279049111,0.041912257164142735,"[[2180, 925], [1064, 1789]]","[[202, 143], [158, 159]]"
disclosure_x_bias,231,init_easy,DCP,log_loss,0.5992001801683504,0.9015044933326035,0.6663318481755118,0.5452510176390774,0.007084047616360196,0.27813920117409874,0.008362368124403599,0.041912257164142735,"[[2180, 925], [1063, 1790]]","[[202, 143], [158, 159]]"
disclosure_x_bias,232,init_easy,DCP,log_loss,0.5991080238282931,0.9014008608603643,0.6659951497377474,0.5452510176390774,0.007085032549069201,0.2782749032455117,0.009727503460634716,0.041912257164142735,"[[2178, 927], [1063, 1790]]","[[202, 143], [158, 159]]"
disclosure_x_bias,233,init_easy,DCP,log_loss,0.5990184104451369,0.9013766511183847,0.6670029891151091,0.5452510176390774,0.007079931506300188,0.27820808940973796,0.009373466411537036,0.040044870994949765,"[[2185, 920], [1064, 1789]]","[[203, 142], [159, 158]]"
disclosure_x_bias,234,init_easy,DCP,log_loss,0.5989248281713246,0.9015623628472442,0.6666665726693362,0.5437358661239258,0.0070748883508944,0.278080121827234,0.009030817683944033,0.041567940294914514,"[[2185, 920], [1066, 1787]]","[[202, 143], [159, 158]]"
disclosure_x_bias,235,init_easy,DCP,log_loss,0.5988356700624847,0.9016238942909446,0.6663304382155546,0.5437358661239258,0.007072324785728421,0.278260585608889,0.009736960872246146,0.041567940294914514,"[[2181, 924], [1064, 1789]]","[[202, 143], [159, 158]]"
disclosure_x_bias,236,init_easy,DCP,log_loss,0.5987469687182663,0.901870219117515,0.6670021431391349,0.5437358661239258,0.007069781690058625,0.2781138269337729,0.009441732916952043,0.041567940294914514,"[[2181, 924], [1060, 1793]]","[[202, 143], [159, 158]]"
disclosure_x_bias,237,init_easy,DCP,log_loss,0.5986433214803843,0.9019285370285959,0.6673377136089335,0.5437358661239258,0.007072852097348272,0.2780964054012982,0.00923179180393285,0.041567940294914514,"[[2182, 923], [1059, 1794]]","[[202, 143], [159, 158]]"
disclosure_x_bias,238,init_easy,DCP,log_loss,0.5985458478628704,0.9019159456945088,0.6668340759122441,0.5437358661239258,0.007074713129846706,0.27809173172720464,0.009808862893170374,0.041567940294914514,"[[2180, 925], [1060, 1793]]","[[202, 143], [159, 158]]"
disclosure_x_bias,239,init_easy,DCP,log_loss,0.5984481245884348,0.9018620900350192,0.6671702103660256,0.5437358661239258,0.007073748477443601,0.2783020373023493,0.009225985656118468,0.041567940294914514,"[[2182, 923], [1060, 1793]]","[[202, 143], [159, 158]]"
disclosure_x_bias,240,init_easy,DCP,log_loss,0.5983328221453191,0.9012934002904227,0.6673374316169421,0.5437358661239258,0.007032156277542022,0.2765346589167081,0.00967381944666241,0.041567940294914514,"[[2179, 926], [1056, 1797]]","[[202, 143], [159, 158]]"
disclosure_x_bias,241,init_easy,DCP,log_loss,0.5982444198255552,0.901294202631504,0.6664982234504541,0.5437358661239258,0.007030505287714887,0.27643262750097275,0.009583804378781733,0.041567940294914514,"[[2178, 927], [1060, 1793]]","[[202, 143], [159, 158]]"
disclosure_x_bias,242,init_easy,DCP,log_loss,0.5981560705433322,0.9013011620811376,0.6670018611471434,0.5452284034373587,0.007025043193082122,0.2763878274927432,0.009385712081601714,0.04389628269406333,"[[2175, 930], [1054, 1799]]","[[202, 143], [158, 159]]"
disclosure_x_bias,243,init_easy,DCP,log_loss,0.598062187309408,0.9012652570292772,0.6680091365405223,0.542243328810493,0.007020221067013349,0.2762755764274293,0.009690500886860135,0.039666825421324284,"[[2187, 918], [1060, 1793]]","[[202, 143], [160, 157]]"
disclosure_x_bias,244,init_easy,DCP,log_loss,0.59797177717494,0.9013633222313656,0.6675054988438329,0.5452284034373587,0.007018797411147609,0.27625096207672123,0.009014983210623604,0.04389628269406333,"[[2180, 925], [1056, 1797]]","[[202, 143], [158, 159]]"
disclosure_x_bias,245,init_easy,DCP,log_loss,0.5978762458069374,0.9013491069008124,0.6681774857594045,0.542243328810493,0.007018462896041697,0.2762744727010208,0.00934951746246054,0.039666825421324284,"[[2189, 916], [1061, 1792]]","[[202, 143], [160, 157]]"
disclosure_x_bias,246,init_easy,DCP,log_loss,0.5977852037016971,0.9012457360473627,0.6680094185325137,0.545273631840796,0.007019424366752118,0.27645059999332167,0.008940051486236956,0.04107199481478666,"[[2184, 921], [1057, 1796]]","[[202, 143], [158, 159]]"
disclosure_x_bias,247,init_easy,DCP,log_loss,0.5976820545910471,0.9014947539622933,0.6680099825164966,0.5437584803256444,0.007020987810854603,0.27639654269298186,0.008916915649482096,0.040090223962921216,"[[2184, 921], [1057, 1796]]","[[202, 143], [159, 158]]"
disclosure_x_bias,248,init_easy,DCP,log_loss,0.5975897789834967,0.9014677541050921,0.6676732840787322,0.5467435549525101,0.00701354666894291,0.2763434426048008,0.009070906232140812,0.044165618940857965,"[[2177, 928], [1052, 1801]]","[[202, 143], [157, 160]]"
disclosure_x_bias,249,init_easy,DCP,log_loss,0.5975048866582768,0.9014734832877004,0.6686808414641024,0.542243328810493,0.007010356674776584,0.276242375641264,0.009159527914413539,0.039666825421324284,"[[2189, 916], [1058, 1795]]","[[202, 143], [160, 157]]"
disclosure_x_bias,250,init_easy,DCP,log_loss,0.5974201480435335,0.9014488154850124,0.6685127742372117,0.5482587064676616,0.007008220804799432,0.27627782069360607,0.009240222633300658,0.04494701147772049,"[[2180, 925], [1050, 1803]]","[[202, 143], [156, 161]]"
disclosure_x_bias,251,init_easy,DCP,log_loss,0.5973165414308598,0.9015327488106051,0.6688489086909932,0.542243328810493,0.007015301916829292,0.2765224724523739,0.008831624799286023,0.039666825421324284,"[[2191, 914], [1059, 1794]]","[[202, 143], [160, 157]]"
disclosure_x_bias,252,init_easy,DCP,log_loss,0.5972245748089476,0.9014811749894955,0.6690166939258925,0.5452510176390774,0.007015974079616314,0.27633320630706965,0.009138539008952878,0.04251649683503552,"[[2190, 915], [1057, 1796]]","[[202, 143], [158, 159]]"
disclosure_x_bias,253,init_easy,DCP,log_loss,0.5971390046263869,0.9013404760185567,0.669016975917884,0.5437358661239258,0.007013559925054237,0.27637983893706675,0.00795482317512427,0.041567940294914514,"[[2192, 913], [1059, 1794]]","[[202, 143], [159, 158]]"
disclosure_x_bias,254,init_easy,DCP,log_loss,0.5970377466815534,0.9014019066635444,0.6688491906829845,0.5437358661239258,0.007001024178251592,0.2763514261124062,0.007763144211553361,0.041567940294914514,"[[2192, 913], [1060, 1793]]","[[202, 143], [159, 158]]"
disclosure_x_bias,255,init_easy,DCP,log_loss,0.5969484476366678,0.9013835565148443,0.6695208956065648,0.5422207146087743,0.007000923136073774,0.27635492807010764,0.008156516974570262,0.038600358673922586,"[[2192, 913], [1056, 1797]]","[[202, 143], [160, 157]]"
disclosure_x_bias,256,init_easy,DCP,log_loss,0.5968564756849198,0.901404399764089,0.6690172579098753,0.5437358661239258,0.006998911138580369,0.2765283576887808,0.007981803389242762,0.041567940294914514,"[[2192, 913], [1059, 1794]]","[[202, 143], [159, 158]]"
disclosure_x_bias,257,init_easy,DCP,log_loss,0.5967683936412105,0.901548296660531,0.6691847611527832,0.5437358661239258,0.006992731271537444,0.27658773409042886,0.008252650970308847,0.041567940294914514,"[[2190, 915], [1056, 1797]]","[[202, 143], [159, 158]]"
disclosure_x_bias,258,init_easy,DCP,log_loss,0.5966834786150326,0.9015705405046279,0.669352828379674,0.5437358661239258,0.006991224319886575,0.27659965166214817,0.008813607094404074,0.041567940294914514,"[[2191, 914], [1056, 1797]]","[[202, 143], [159, 158]]"
disclosure_x_bias,259,init_easy,DCP,log_loss,0.5965848351174348,0.9018352018170914,0.6693525463876826,0.542243328810493,0.006977732169630423,0.27651164444366705,0.008681769080416214,0.039666825421324284,"[[2191, 914], [1056, 1797]]","[[201, 144], [159, 158]]"
disclosure_x_bias,260,init_easy,DCP,log_loss,0.5964992607421308,0.901916850054916,0.6695206136145734,0.542243328810493,0.006975090618519179,0.2764944900307404,0.008433310598640735,0.039666825421324284,"[[2191, 914], [1055, 1798]]","[[201, 144], [159, 158]]"
disclosure_x_bias,261,init_easy,DCP,log_loss,0.5964131139465281,0.9019516460976078,0.6693525463876826,0.542243328810493,0.006975398695949927,0.27652570334080906,0.008161785964347763,0.039666825421324284,"[[2191, 914], [1056, 1797]]","[[201, 144], [159, 158]]"
disclosure_x_bias,262,init_easy,DCP,log_loss,0.596317967307602,0.9017251070447827,0.669856184084372,0.542243328810493,0.006982447765084114,0.2765715127204639,0.008715359408421752,0.039666825421324284,"[[2192, 913], [1054, 1799]]","[[201, 144], [159, 158]]"
disclosure_x_bias,263,init_easy,DCP,log_loss,0.5962270571549105,0.9019475982201648,0.6696878348654899,0.542243328810493,0.006985869738910526,0.27644027637273405,0.0086184326014675,0.039666825421324284,"[[2193, 912], [1056, 1797]]","[[201, 144], [159, 158]]"
disclosure_x_bias,264,init_easy,DCP,log_loss,0.5961403016802395,0.9018771079906023,0.6698559020923807,0.5437358661239258,0.006983785895184342,0.27648221030538706,0.008762376197367475,0.041567940294914514,"[[2192, 913], [1054, 1799]]","[[202, 143], [159, 158]]"
disclosure_x_bias,265,init_easy,DCP,log_loss,0.5960569750996034,0.9020301787830917,0.6696878348654899,0.542243328810493,0.006982815810238008,0.27660140444161874,0.007698249269320013,0.039666825421324284,"[[2194, 911], [1057, 1796]]","[[201, 144], [159, 158]]"
disclosure_x_bias,266,init_easy,DCP,log_loss,0.5959733276006993,0.901963479615348,0.6701914725621793,0.542243328810493,0.006980449889784519,0.2765434065224729,0.008809789170137992,0.039666825421324284,"[[2195, 910], [1055, 1798]]","[[201, 144], [159, 158]]"
disclosure_x_bias,267,init_easy,DCP,log_loss,0.5958899297438325,0.9020456522641954,0.6700234053352885,0.5407281772953414,0.0069780709016626615,0.27660200835291776,0.008491635393155485,0.036476371670439024,"[[2191, 914], [1052, 1801]]","[[201, 144], [160, 157]]"
disclosure_x_bias,268,init_easy,DCP,log_loss,0.595803424098861,0.9021683254982662,0.6706948282668772,0.5407281772953414,0.006974264067890448,0.2764917441596544,0.009217466203552183,0.036476371670439024,"[[2195, 910], [1052, 1801]]","[[201, 144], [160, 157]]"
disclosure_x_bias,269,init_easy,DCP,log_loss,0.5957196278528277,0.9021439124510794,0.6706948282668772,0.542243328810493,0.006972093449265675,0.2764038248790588,0.008871623794887915,0.03700535405700643,"[[2191, 914], [1048, 1805]]","[[201, 144], [159, 158]]"
disclosure_x_bias,270,init_easy,DCP,log_loss,0.5956241371225179,0.9021999712254514,0.6708620495177937,0.5407281772953414,0.006968843511657077,0.2764442778273675,0.009023869979855138,0.036476371670439024,"[[2195, 910], [1051, 1802]]","[[201, 144], [160, 157]]"
disclosure_x_bias,271,init_easy,DCP,log_loss,0.5955397696365066,0.9022290926632767,0.6717026676442389,0.542243328810493,0.0069670561765628565,0.2762189088900905,0.008564356586354165,0.037688346095507544,"[[2200, 905], [1051, 1802]]","[[201, 144], [159, 158]]"
disclosure_x_bias,272,init_easy,DCP,log_loss,0.5954588466898012,0.9021739316559471,0.6710301167446844,0.5407281772953414,0.006963975337166994,0.27654974096503787,0.00910306731714753,0.036476371670439024,"[[2197, 908], [1052, 1801]]","[[201, 144], [160, 157]]"
disclosure_x_bias,273,init_easy,DCP,log_loss,0.5953753875225216,0.9023708677562512,0.6717026676442389,0.542243328810493,0.0069620367469863135,0.27649256308680276,0.008152707025096781,0.03700535405700643,"[[2199, 906], [1050, 1803]]","[[201, 144], [159, 158]]"
disclosure_x_bias,274,init_easy,DCP,log_loss,0.5952889873332137,0.9022778208919077,0.6711981839715752,0.542243328810493,0.006956437181323109,0.27653919579255043,0.00897064418948195,0.037688346095507544,"[[2196, 909], [1050, 1803]]","[[201, 144], [159, 158]]"
disclosure_x_bias,275,init_easy,DCP,log_loss,0.5952096755319316,0.9024677634979075,0.6717023856522475,0.542243328810493,0.006954203352900228,0.2766013561950779,0.007892602538977007,0.037688346095507544,"[[2200, 905], [1051, 1802]]","[[201, 144], [159, 158]]"
disclosure_x_bias,276,init_easy,DCP,log_loss,0.595118451329232,0.9022967171244856,0.6718704528791382,0.5437584803256444,0.00696266990260113,0.2766087593405432,0.007884131204667582,0.03677159290465143,"[[2200, 905], [1050, 1803]]","[[202, 143], [159, 158]]"
disclosure_x_bias,277,init_easy,DCP,log_loss,0.595030839173534,0.9026575442692885,0.6713659692064745,0.545273631840796,0.006965460879846353,0.27629515631607526,0.007670509860323669,0.035039576699678804,"[[2195, 910], [1048, 1805]]","[[202, 143], [158, 159]]"
disclosure_x_bias,278,init_easy,DCP,log_loss,0.5949370949491449,0.9027225635190625,0.6720382381140375,0.545273631840796,0.006974145724847681,0.27645549255942115,0.007601964096416634,0.035039576699678804,"[[2200, 905], [1049, 1804]]","[[202, 143], [158, 159]]"
disclosure_x_bias,279,init_easy,DCP,log_loss,0.5948531636526015,0.9027750073807284,0.6722063053409283,0.545273631840796,0.006972303064837419,0.2764923918536488,0.007204631141229426,0.03850776477471062,"[[2202, 903], [1050, 1803]]","[[201, 144], [157, 160]]"
disclosure_x_bias,280,init_easy,DCP,log_loss,0.5947591276110873,0.9026683264418413,0.672541875810727,0.5483039348710991,0.006971869729850332,0.2765355293634968,0.007482774470201321,0.03491113244052487,"[[2202, 903], [1048, 1805]]","[[202, 143], [156, 161]]"
disclosure_x_bias,281,init_easy,DCP,log_loss,0.5946786495268684,0.902763772606575,0.6722063053409283,0.5467887833559475,0.0069710262491705565,0.2765783031234811,0.007204631141229426,0.0381496883774872,"[[2201, 904], [1049, 1804]]","[[201, 144], [156, 161]]"
disclosure_x_bias,282,init_easy,DCP,log_loss,0.5945926259973933,0.902871635648163,0.672541875810727,0.5467887833559475,0.006970082667966902,0.2765639217425111,0.007482774470201321,0.035374254948733065,"[[2201, 904], [1047, 1806]]","[[201, 144], [156, 161]]"
disclosure_x_bias,283,init_easy,DCP,log_loss,0.5945115674201908,0.9028746799223886,0.6725415938187356,0.5483039348710991,0.006970076787140222,0.27662638424734326,0.007783145051956627,0.03491113244052487,"[[2201, 904], [1047, 1806]]","[[202, 143], [156, 161]]"
disclosure_x_bias,284,init_easy,DCP,log_loss,0.5944220280996482,0.9030084445843958,0.6727093790536348,0.545273631840796,0.006967219027838332,0.2764918437540157,0.007847790657402374,0.03715935337009699,"[[2201, 904], [1046, 1807]]","[[201, 144], [157, 160]]"
disclosure_x_bias,285,init_easy,DCP,log_loss,0.5943407139471383,0.9029188093420055,0.672541875810727,0.5467887833559475,0.006964736143960736,0.276582928544288,0.007524460858922542,0.03881254856138329,"[[2200, 905], [1046, 1807]]","[[200, 145], [155, 162]]"
disclosure_x_bias,286,init_easy,DCP,log_loss,0.5942516889110099,0.9029335872875748,0.6723738085838362,0.545273631840796,0.00696954015081852,0.2764557061277612,0.00775434802534593,0.0404461809759031,"[[2198, 907], [1045, 1808]]","[[200, 145], [156, 161]]"
disclosure_x_bias,287,init_easy,DCP,log_loss,0.5941681647755799,0.9029301422360925,0.6718704528791382,0.545273631840796,0.006969801733324258,0.27659215042348445,0.007764602138081517,0.041071994814786635,"[[2200, 905], [1050, 1803]]","[[200, 145], [156, 161]]"
disclosure_x_bias,288,init_easy,DCP,log_loss,0.5940858679587329,0.9029976661808284,0.6725415938187356,0.545273631840796,0.006958212506172983,0.27649402469066825,0.007742851506663206,0.03981053067977306,"[[2202, 903], [1048, 1805]]","[[201, 144], [157, 160]]"
disclosure_x_bias,289,init_easy,DCP,log_loss,0.5939997733961019,0.9030565560372829,0.6720382381140375,0.545273631840796,0.006959557512258806,0.27652054926194214,0.007683817606784305,0.041071994814786635,"[[2200, 905], [1049, 1804]]","[[200, 145], [156, 161]]"
disclosure_x_bias,290,init_easy,DCP,log_loss,0.5939185958251435,0.9030700591795636,0.6720382381140375,0.5483039348710991,0.00695890730129141,0.2765967890678383,0.007925369052160337,0.040962470519404166,"[[2197, 908], [1046, 1807]]","[[201, 144], [155, 162]]"
disclosure_x_bias,291,init_easy,DCP,log_loss,0.5938409465183029,0.9030141033466188,0.6722060233489369,0.5467887833559475,0.006956186441172307,0.2766010481807834,0.008344049690289438,0.041357886018885875,"[[2197, 908], [1045, 1808]]","[[200, 145], [155, 162]]"
disclosure_x_bias,292,init_easy,DCP,log_loss,0.5937634089285222,0.90320911141258,0.6725421578027184,0.5483039348710991,0.006953661291886439,0.2766110975518629,0.00738531557604103,0.039049691208279655,"[[2200, 905], [1046, 1807]]","[[201, 144], [155, 162]]"
disclosure_x_bias,293,init_easy,DCP,log_loss,0.5936784476467606,0.9030343384973897,0.6722060233489369,0.5467887833559475,0.006957289593589766,0.2766337856451903,0.007921357660137735,0.03946427661012033,"[[2205, 900], [1053, 1800]]","[[200, 145], [155, 162]]"
disclosure_x_bias,294,init_easy,DCP,log_loss,0.5935954258061594,0.9032128851645913,0.6722063053409284,0.5483039348710991,0.006957998765689855,0.27651613405811915,0.0077887787309064175,0.039049691208279655,"[[2203, 902], [1051, 1802]]","[[201, 144], [155, 162]]"
disclosure_x_bias,295,init_easy,DCP,log_loss,0.5935153046524927,0.903142939004827,0.6720382381140376,0.5483039348710991,0.0069532380941437115,0.2765983591262383,0.008042247439077095,0.039049691208279655,"[[2199, 906], [1048, 1805]]","[[201, 144], [155, 162]]"
disclosure_x_bias,296,init_easy,DCP,log_loss,0.5934288721636835,0.9033922825098815,0.6727090970616435,0.5513116236996833,0.006947796849282048,0.2763611812445433,0.008620222021733114,0.04083565906653688,"[[2201, 904], [1046, 1807]]","[[202, 143], [154, 163]]"
disclosure_x_bias,297,init_easy,DCP,log_loss,0.5933406231440019,0.9032860616457044,0.6720379561220462,0.5513342379014021,0.006934217126544202,0.2763827324530136,0.007818708283253576,0.03996896221442021,"[[2195, 910], [1044, 1809]]","[[201, 144], [153, 164]]"
disclosure_x_bias,298,init_easy,DCP,log_loss,0.5932449922608952,0.9033197353172685,0.6723735265918448,0.5483039348710991,0.006942679649149989,0.2763191950336796,0.0084245664682647,0.039049691208279655,"[[2204, 901], [1051, 1802]]","[[201, 144], [155, 162]]"
disclosure_x_bias,299,init_easy,DCP,log_loss,0.5931477751661764,0.9032250495422709,0.672541875810727,0.5483039348710991,0.006944313612274467,0.2763221865191664,0.008201285646446605,0.039049691208279655,"[[2200, 905], [1046, 1807]]","[[201, 144], [155, 162]]"
disclosure_x_bias,300,init_easy,DCP,log_loss,0.5930683098241297,0.9031503347212263,0.6727093790536349,0.5483039348710991,0.006944451398615525,0.2761380624293367,0.007887548139185756,0.039049691208279655,"[[2202, 903], [1047, 1806]]","[[201, 144], [155, 162]]"
disclosure_x_bias,1,init_easy,DCP,exponential,27.0765760990323,30.113200949768732,0.6181583103039874,0.5468566259611036,14.862008298231043,33.90156910793008,0.02399627250590758,0.024994530524254606,"[[2030, 1075], [1200, 1653]]","[[209, 136], [164, 153]]"
disclosure_x_bias,2,init_easy,DCP,exponential,27.091928534652446,30.21332883974108,0.6189986464384412,0.5468566259611036,14.858642343937564,34.15156882910767,0.022542693543351464,0.024994530524254606,"[[2037, 1068], [1202, 1651]]","[[209, 136], [164, 153]]"
disclosure_x_bias,3,init_easy,DCP,exponential,27.039807444762015,30.03869485183457,0.6206779087473916,0.5483717774762551,14.869903726332176,34.055596162364466,0.022940269284554365,0.02634345820143053,"[[2048, 1057], [1203, 1650]]","[[210, 135], [164, 153]]"
disclosure_x_bias,4,init_easy,DCP,exponential,26.92708521637786,30.125893301411075,0.6215165529298968,0.5483717774762551,14.804428410944043,34.29302418585275,0.02314324904939431,0.02634345820143053,"[[2053, 1052], [1203, 1650]]","[[210, 135], [164, 153]]"
disclosure_x_bias,5,init_easy,DCP,exponential,26.9331620350072,30.097949856646107,0.6240364333652925,0.5438715513342378,14.812372239908905,34.26563212556051,0.02136093757999801,0.027877195430870284,"[[2084, 1021], [1219, 1634]]","[[210, 135], [167, 150]]"
disclosure_x_bias,6,init_easy,DCP,exponential,26.82278885900704,29.9945092048553,0.6242045005921832,0.5438715513342378,14.764195899155641,34.501382719555345,0.02158236055978644,0.027877195430870284,"[[2085, 1020], [1219, 1634]]","[[210, 135], [167, 150]]"
disclosure_x_bias,7,init_easy,DCP,exponential,26.54034154015192,29.710333410502066,0.6253792792284699,0.5438715513342378,14.696578837459928,34.49706912303537,0.02158905402542831,0.027877195430870284,"[[2092, 1013], [1219, 1634]]","[[210, 135], [167, 150]]"
disclosure_x_bias,8,init_easy,DCP,exponential,26.529131383026247,29.68900233198343,0.6255470644633693,0.5438715513342378,14.681208180723852,34.47845268588792,0.021425055084503125,0.027877195430870284,"[[2097, 1008], [1223, 1630]]","[[210, 135], [167, 150]]"
disclosure_x_bias,9,init_easy,DCP,exponential,26.540209651192093,29.757106274474843,0.6272249168123626,0.5544776119402985,14.677899460726248,34.679117918744495,0.017445556613574057,0.05151257809546473,"[[2066, 1039], [1182, 1671]]","[[209, 136], [159, 158]]"
disclosure_x_bias,10,init_easy,DCP,exponential,26.503955068197246,29.721715521941668,0.6278960577519599,0.5544776119402985,14.65568725827079,34.64361442110977,0.016446884057227936,0.05151257809546473,"[[2073, 1032], [1185, 1668]]","[[209, 136], [159, 158]]"
disclosure_x_bias,11,init_easy,DCP,exponential,26.29107694015193,29.46735945655464,0.6277279905250691,0.5544776119402985,14.625871682779154,34.64712353885495,0.016197842294226335,0.05151257809546473,"[[2070, 1035], [1183, 1670]]","[[209, 136], [159, 158]]"
disclosure_x_bias,12,init_easy,DCP,exponential,26.247971022970184,29.3989925740174,0.6289024871693644,0.5544776119402985,14.626799017074564,34.87332443442563,0.014935296163352938,0.05151257809546473,"[[2094, 1011], [1200, 1653]]","[[211, 134], [161, 156]]"
disclosure_x_bias,13,init_easy,DCP,exponential,26.213007440491726,29.389895602752432,0.6295739101009532,0.5575079149706015,14.599275601567118,34.884366423272425,0.015216766502907826,0.05278865485291557,"[[2099, 1006], [1201, 1652]]","[[213, 132], [161, 156]]"
disclosure_x_bias,14,init_easy,DCP,exponential,26.197485237155973,29.385964367982133,0.630077265805651,0.559023066485753,14.587258137994157,34.88669669621131,0.01528592171778537,0.05262143276816594,"[[2104, 1001], [1203, 1650]]","[[214, 131], [161, 156]]"
disclosure_x_bias,15,init_easy,DCP,exponential,25.998175872700035,29.249870998590808,0.630077265805651,0.559023066485753,14.546112731694027,34.93189048958187,0.01528592171778537,0.05262143276816594,"[[2105, 1000], [1204, 1649]]","[[214, 131], [161, 156]]"
disclosure_x_bias,16,init_easy,DCP,exponential,25.971945418119816,29.245907799945115,0.6304131182674413,0.559023066485753,14.515611600343398,34.9229856761305,0.015107656744900746,0.05262143276816594,"[[2107, 998], [1204, 1649]]","[[214, 131], [161, 156]]"
disclosure_x_bias,17,init_easy,DCP,exponential,25.88921323046153,29.145022092381303,0.6304131182674413,0.559023066485753,14.488041903226428,35.09625937970572,0.01510765674490076,0.05262143276816594,"[[2111, 994], [1208, 1645]]","[[215, 130], [162, 155]]"
disclosure_x_bias,18,init_easy,DCP,exponential,25.884589729167583,29.01966211146841,0.630581185494332,0.5575305291723203,14.522737143457707,35.02675707350938,0.014884854663322485,0.054427058818320065,"[[2105, 1000], [1201, 1652]]","[[214, 131], [162, 155]]"
disclosure_x_bias,19,init_easy,DCP,exponential,25.898708475108663,29.036203426464795,0.6307492527212227,0.5575305291723203,14.52719220975767,35.05558704092801,0.014677923430438486,0.054427058818320065,"[[2105, 1000], [1200, 1653]]","[[214, 131], [162, 155]]"
disclosure_x_bias,20,init_easy,DCP,exponential,25.791767244975187,29.013724415542463,0.6304134002594326,0.5575305291723203,14.49418079250691,35.03438536264133,0.014376135414239828,0.054427058818320065,"[[2103, 1002], [1200, 1653]]","[[214, 131], [162, 155]]"
disclosure_x_bias,21,init_easy,DCP,exponential,25.677257223983695,28.863980122382976,0.6305814674863234,0.5575305291723203,14.4562867466637,35.06029086616996,0.014621908750319703,0.054427058818320065,"[[2106, 999], [1202, 1651]]","[[214, 131], [162, 155]]"
disclosure_x_bias,22,init_easy,DCP,exponential,25.674136858221953,28.940669203302196,0.6309170379561221,0.5575305291723203,14.435068787695633,35.230549589376956,0.014774007313641048,0.054427058818320065,"[[2106, 999], [1200, 1653]]","[[214, 131], [162, 155]]"
disclosure_x_bias,23,init_easy,DCP,exponential,25.68551372900719,28.924475802250566,0.6312526084259207,0.5575305291723203,14.434977203224326,35.2147553682284,0.015083000672632135,0.054427058818320065,"[[2109, 996], [1201, 1652]]","[[214, 131], [162, 155]]"
disclosure_x_bias,24,init_easy,DCP,exponential,25.602831695412032,28.75898056443129,0.6317559641306187,0.5560153776571687,14.427351222333066,35.210912225734475,0.015316989342932267,0.054542701143771764,"[[2113, 992], [1202, 1651]]","[[214, 131], [163, 154]]"
disclosure_x_bias,25,init_easy,DCP,exponential,25.591323837499328,28.741949474741197,0.6332665952286956,0.5560153776571687,14.427337963625092,35.175712899751275,0.014282472067502718,0.054542701143771764,"[[2098, 1007], [1178, 1675]]","[[212, 133], [161, 156]]"
disclosure_x_bias,26,init_easy,DCP,exponential,25.586054944170435,28.720548538499806,0.6332665952286956,0.5560153776571687,14.439646822374787,35.10756621446046,0.014282472067502718,0.054542701143771764,"[[2099, 1006], [1179, 1674]]","[[212, 133], [161, 156]]"
disclosure_x_bias,27,init_easy,DCP,exponential,25.57362356010909,28.67739709973419,0.6334343804635949,0.5575079149706015,14.456308204985936,35.203903752025305,0.014062271899917746,0.05278865485291557,"[[2098, 1007], [1177, 1676]]","[[212, 133], [160, 157]]"
disclosure_x_bias,28,init_easy,DCP,exponential,25.49841959139506,28.563740085186243,0.6336021656984941,0.5575079149706015,14.44398582546479,35.25571609539386,0.014104984339502368,0.05278865485291557,"[[2100, 1005], [1178, 1675]]","[[212, 133], [160, 157]]"
disclosure_x_bias,29,init_easy,DCP,exponential,25.380048667656695,28.534065106120824,0.6325954542890981,0.5575079149706015,14.392292261133852,35.19314151416029,0.015659521430448808,0.05278865485291557,"[[2123, 982], [1207, 1646]]","[[215, 130], [163, 154]]"
disclosure_x_bias,30,init_easy,DCP,exponential,25.401089949633388,28.590587567125475,0.6327632395239975,0.5575079149706015,14.39655035230153,35.33009534175243,0.01572774935677121,0.05278865485291557,"[[2123, 982], [1206, 1647]]","[[215, 130], [163, 154]]"
disclosure_x_bias,31,init_easy,DCP,exponential,25.315965624208896,28.476746494113286,0.6329310247588968,0.5575079149706015,14.372212794834796,35.349822458291946,0.015951357561288532,0.05278865485291557,"[[2125, 980], [1207, 1646]]","[[215, 130], [163, 154]]"
disclosure_x_bias,32,init_easy,DCP,exponential,25.290425324167465,28.41051866210774,0.6339377361682927,0.5575079149706015,14.36975111690658,35.25417308593747,0.014227448236976366,0.05278865485291557,"[[2102, 1003], [1178, 1675]]","[[212, 133], [160, 157]]"
disclosure_x_bias,33,init_easy,DCP,exponential,25.169285622499206,28.392952741179084,0.6339377361682927,0.5575079149706015,14.346999263353231,35.42873405851371,0.014227448236976366,0.05278865485291557,"[[2102, 1003], [1178, 1675]]","[[212, 133], [160, 157]]"
disclosure_x_bias,34,init_easy,DCP,exponential,25.165505523122004,28.40763196083273,0.6334343804635949,0.5544776119402985,14.345412416123736,35.41955532499437,0.014946470695625665,0.045181448313186066,"[[2115, 990], [1194, 1659]]","[[212, 133], [162, 155]]"
disclosure_x_bias,35,init_easy,DCP,exponential,25.177922034234868,28.414757710258026,0.6337699509333935,0.552962460425147,14.350887967864132,35.42922088346159,0.014623756682390932,0.047410404086498256,"[[2118, 987], [1195, 1658]]","[[212, 133], [163, 154]]"
disclosure_x_bias,36,init_easy,DCP,exponential,25.172346179937247,28.339523571883614,0.6341055214031922,0.552962460425147,14.3734905556717,35.40226068267484,0.014822322015026455,0.047410404086498256,"[[2119, 986], [1194, 1659]]","[[212, 133], [163, 154]]"
disclosure_x_bias,37,init_easy,DCP,exponential,25.06917691508755,28.290841970115974,0.6344410918729908,0.5544776119402985,14.44151476170229,35.30222514787085,0.013996245261102512,0.05101500269049291,"[[2108, 997], [1181, 1672]]","[[212, 133], [162, 155]]"
disclosure_x_bias,38,init_easy,DCP,exponential,25.07678172642535,28.351266188780095,0.6346088771078902,0.5544776119402985,14.448946008022489,35.41531787007528,0.014070316629810084,0.05101500269049291,"[[2109, 996], [1181, 1672]]","[[212, 133], [162, 155]]"
disclosure_x_bias,39,init_easy,DCP,exponential,25.079622355063158,28.328979238763004,0.6346088771078902,0.5575079149706015,14.447955124791363,35.42383837888311,0.014225083204749061,0.058735336162099645,"[[2098, 1007], [1170, 1683]]","[[212, 133], [160, 157]]"
disclosure_x_bias,40,init_easy,DCP,exponential,25.009126054608362,28.241839586797,0.6352800180474875,0.5575079149706015,14.428630547341664,35.392211152662064,0.01373946127779829,0.058735336162099645,"[[2099, 1006], [1167, 1686]]","[[212, 133], [160, 157]]"
disclosure_x_bias,41,init_easy,DCP,exponential,24.763535785430395,28.216291761454414,0.6356155885172861,0.55599276345545,14.31481980757854,35.57982108723965,0.013955102511432702,0.05927377405697906,"[[2101, 1004], [1167, 1686]]","[[212, 133], [161, 156]]"
disclosure_x_bias,42,init_easy,DCP,exponential,24.748351396239286,28.172474795116255,0.6359511589870848,0.55599276345545,14.312144443246599,35.488836582164,0.014224750590556225,0.05927377405697906,"[[2103, 1002], [1167, 1686]]","[[212, 133], [161, 156]]"
disclosure_x_bias,43,init_easy,DCP,exponential,24.739839369938483,28.19172133147717,0.6364545146917828,0.5590230664857531,14.313967214906269,35.46598371741705,0.013686124439628595,0.056816828575236386,"[[2097, 1008], [1158, 1695]]","[[211, 134], [158, 159]]"
disclosure_x_bias,44,init_easy,DCP,exponential,24.70469925350241,28.126625351947713,0.6367900851615814,0.5544776119402985,14.294761427722303,35.49102673874662,0.01384848938361619,0.04949227103215141,"[[2110, 995], [1169, 1684]]","[[211, 134], [161, 156]]"
disclosure_x_bias,45,init_easy,DCP,exponential,24.730465305359964,28.156949128349652,0.6366222999266821,0.55599276345545,14.288338250290888,35.58509179671176,0.013825360887830172,0.04784365611268964,"[[2110, 995], [1170, 1683]]","[[211, 134], [160, 157]]"
disclosure_x_bias,46,init_easy,DCP,exponential,24.720209651974848,28.120186917056383,0.6367900851615814,0.5544776119402985,14.285671189987761,35.505179959259195,0.01384848938361619,0.04949227103215141,"[[2110, 995], [1169, 1684]]","[[211, 134], [161, 156]]"
disclosure_x_bias,47,init_easy,DCP,exponential,24.66892965153705,28.029047369202704,0.6367900851615814,0.55599276345545,14.284365734494736,35.515327770309334,0.013916086035405653,0.04784365611268964,"[[2111, 994], [1170, 1683]]","[[212, 133], [161, 156]]"
disclosure_x_bias,48,init_easy,DCP,exponential,24.593626645134755,28.019662276075554,0.6367900851615814,0.55599276345545,14.27692808955737,35.50610872097311,0.013916086035405653,0.04784365611268964,"[[2111, 994], [1170, 1683]]","[[212, 133], [161, 156]]"
disclosure_x_bias,49,init_easy,DCP,exponential,24.579752607576786,28.042832265679596,0.6377982065309344,0.55599276345545,14.271825995449008,35.51244264951616,0.012768318020116314,0.04784365611268964,"[[2120, 985], [1173, 1680]]","[[212, 133], [161, 156]]"
disclosure_x_bias,50,init_easy,DCP,exponential,24.588127215188475,28.05690628974507,0.637798488522926,0.55599276345545,14.283312812374271,35.512106256437185,0.013217820216182292,0.04784365611268964,"[[2120, 985], [1173, 1680]]","[[212, 133], [161, 156]]"
disclosure_x_bias,51,init_easy,DCP,exponential,24.589562242857504,28.143123479143185,0.6379662737578252,0.55599276345545,14.300308766711922,35.65318377418615,0.013178053036739648,0.04784365611268964,"[[2121, 984], [1173, 1680]]","[[212, 133], [161, 156]]"
disclosure_x_bias,52,init_easy,DCP,exponential,24.57206778519946,28.098293390238744,0.6383018442276239,0.5544776119402985,14.297568905645049,35.55248648175444,0.012776590192879333,0.04949227103215141,"[[2122, 983], [1172, 1681]]","[[211, 134], [161, 156]]"
disclosure_x_bias,53,init_easy,DCP,exponential,24.415622511327758,27.95462517854679,0.6383018442276239,0.5544776119402985,14.232188171570616,35.6559431335569,0.012727531656439096,0.04949227103215141,"[[2122, 983], [1172, 1681]]","[[211, 134], [161, 156]]"
disclosure_x_bias,54,init_easy,DCP,exponential,24.406330397741172,27.919645083841726,0.6383018442276239,0.5544776119402985,14.233438168117754,35.59389568342966,0.012727531656439096,0.04949227103215141,"[[2123, 982], [1173, 1680]]","[[211, 134], [161, 156]]"
disclosure_x_bias,55,init_easy,DCP,exponential,24.335867830594957,27.906809304310237,0.6386374146974225,0.5544776119402985,14.293805066985964,35.57474694289901,0.01267690655832489,0.04949227103215141,"[[2124, 981], [1172, 1681]]","[[211, 134], [161, 156]]"
disclosure_x_bias,56,init_easy,DCP,exponential,24.241462199996565,27.86044979530066,0.6396455360667758,0.5529850746268656,14.283567799434453,35.477660185093946,0.012057531845587794,0.05126107980211769,"[[2131, 974], [1173, 1680]]","[[211, 134], [162, 155]]"
disclosure_x_bias,57,init_easy,DCP,exponential,24.25538083320273,27.929768857044046,0.6393099655969771,0.5529850746268656,14.30222983244216,35.6118039748622,0.01185497249437164,0.05126107980211769,"[[2130, 975], [1174, 1679]]","[[211, 134], [162, 155]]"
disclosure_x_bias,58,init_easy,DCP,exponential,24.24924225800596,27.969386258706198,0.6396455360667758,0.5529850746268656,14.298037042713784,35.70643215163949,0.012057531845587794,0.05126107980211769,"[[2131, 974], [1173, 1680]]","[[211, 134], [162, 155]]"
disclosure_x_bias,59,init_easy,DCP,exponential,24.25441605466485,27.966743445420366,0.6394777508318763,0.5514699231117142,14.30764679578044,35.633115538610895,0.011866082434302065,0.04971870523831893,"[[2132, 973], [1175, 1678]]","[[211, 134], [163, 154]]"
disclosure_x_bias,60,init_easy,DCP,exponential,24.262669929777477,27.942308395349066,0.6394777508318763,0.5514699231117142,14.316232071973245,35.64748879072507,0.011866082434302065,0.04971870523831893,"[[2132, 973], [1175, 1678]]","[[211, 134], [163, 154]]"
disclosure_x_bias,61,init_easy,DCP,exponential,24.201275585284755,27.858222499671804,0.6404844622412724,0.5529850746268656,14.318819767694098,35.66697974049578,0.011611004272604263,0.050256023493889475,"[[2136, 969], [1173, 1680]]","[[212, 133], [163, 154]]"
disclosure_x_bias,62,init_easy,DCP,exponential,24.175014669559474,27.84571395440567,0.6403166770063731,0.5514699231117142,14.302281045008307,35.666127627642794,0.011064144353686666,0.046538784206215766,"[[2135, 970], [1173, 1680]]","[[211, 134], [163, 154]]"
disclosure_x_bias,63,init_easy,DCP,exponential,24.180345366004172,27.798600026756567,0.6401488917714737,0.5514699231117142,14.316122774222475,35.65352887672976,0.011038068312032318,0.046538784206215766,"[[2134, 971], [1173, 1680]]","[[211, 134], [163, 154]]"
disclosure_x_bias,64,init_easy,DCP,exponential,24.199859883628147,27.79630217699928,0.6401488917714737,0.5514699231117142,14.338647790698237,35.633029255596725,0.011038068312032318,0.046538784206215766,"[[2134, 971], [1173, 1680]]","[[211, 134], [163, 154]]"
disclosure_x_bias,65,init_easy,DCP,exponential,24.18795824079083,27.80566524663743,0.6403169589983644,0.5514699231117142,14.354788213995999,35.60767571869337,0.011306664779990634,0.046538784206215766,"[[2135, 970], [1173, 1680]]","[[211, 134], [163, 154]]"
disclosure_x_bias,66,init_easy,DCP,exponential,24.12659136473198,27.739883524601897,0.6404847442332638,0.5514699231117142,14.346809676670448,35.727107700448954,0.011629097715617789,0.046538784206215766,"[[2135, 970], [1172, 1681]]","[[211, 134], [163, 154]]"
disclosure_x_bias,67,init_easy,DCP,exponential,24.049609975958834,27.798023159890988,0.6406525294681631,0.5514699231117142,14.3381683495264,35.83168930277308,0.01132165438084227,0.046538784206215766,"[[2137, 968], [1173, 1680]]","[[211, 134], [163, 154]]"
disclosure_x_bias,68,init_easy,DCP,exponential,24.055732833035535,27.780106589029607,0.6406525294681631,0.5514699231117142,14.310921034349025,35.75988351746545,0.01148622838849237,0.046538784206215766,"[[2136, 969], [1172, 1681]]","[[211, 134], [163, 154]]"
disclosure_x_bias,69,init_easy,DCP,exponential,24.068666876500522,27.81480016038198,0.641155885172861,0.5514699231117142,14.309432335799329,35.766155918786936,0.011981092665510689,0.046538784206215766,"[[2137, 968], [1170, 1683]]","[[211, 134], [163, 154]]"
disclosure_x_bias,70,init_easy,DCP,exponential,23.9785865511701,27.829917305456682,0.6413236704077605,0.5529850746268656,14.258502868746998,35.781853379785126,0.011645372011044873,0.050256023493889475,"[[2139, 966], [1171, 1682]]","[[212, 133], [163, 154]]"
disclosure_x_bias,71,init_easy,DCP,exponential,23.918967593270786,27.808545432364486,0.6413236704077605,0.5529850746268656,14.248475806050125,35.740109403624444,0.011645372011044873,0.050256023493889475,"[[2139, 966], [1171, 1682]]","[[212, 133], [163, 154]]"
disclosure_x_bias,72,init_easy,DCP,exponential,23.910288536498218,27.773633952725977,0.6413236704077605,0.5499547715965626,14.2653898295217,35.74554709773661,0.011752322283611413,0.049640155982920015,"[[2137, 968], [1169, 1684]]","[[210, 135], [163, 154]]"
disclosure_x_bias,73,init_easy,DCP,exponential,23.822352255992698,27.785449242571907,0.6430037786926851,0.5514246947082768,14.332674382362299,35.760121047710335,0.011693228317393448,0.04257242515944614,"[[2162, 943], [1184, 1669]]","[[212, 133], [164, 153]]"
disclosure_x_bias,74,init_easy,DCP,exponential,23.804345760488175,27.77899896228187,0.6433393491624837,0.5514246947082768,14.32889549423714,35.75426083734746,0.011321908494112295,0.04257242515944614,"[[2164, 941], [1184, 1669]]","[[212, 133], [164, 153]]"
disclosure_x_bias,75,init_easy,DCP,exponential,23.818811135574375,27.772554205859997,0.6435071343973832,0.5529398462234283,14.343530905004972,35.71583447135551,0.011014372169268467,0.042605946914209956,"[[2165, 940], [1184, 1669]]","[[213, 132], [164, 153]]"
disclosure_x_bias,76,init_easy,DCP,exponential,23.882598034734432,28.14704024730517,0.6440104901020811,0.5529398462234283,14.277298721380735,35.87061518914916,0.010827027008752904,0.042605946914209956,"[[2165, 940], [1181, 1672]]","[[213, 132], [164, 153]]"
disclosure_x_bias,77,init_easy,DCP,exponential,23.883342635010287,28.133555741157814,0.6443460605718798,0.5514246947082768,14.276121998911917,35.78440019002622,0.01083105636876477,0.04257242515944614,"[[2168, 937], [1182, 1671]]","[[212, 133], [164, 153]]"
disclosure_x_bias,78,init_easy,DCP,exponential,23.781461589945675,28.037305695509694,0.6448496982685692,0.5514246947082768,14.277156240660307,35.917931352473666,0.010732615045545617,0.04257242515944614,"[[2172, 933], [1183, 1670]]","[[213, 132], [165, 152]]"
disclosure_x_bias,79,init_easy,DCP,exponential,23.80520973201955,28.032640308707915,0.6445141277987705,0.5514246947082768,14.282252233136889,35.86539509900465,0.011089837492032762,0.04257242515944614,"[[2166, 939], [1179, 1674]]","[[212, 133], [164, 153]]"
disclosure_x_bias,80,init_easy,DCP,exponential,23.793050523770635,28.026945531828705,0.6431695899836445,0.5469244685662595,14.285501045835979,35.975623049532835,0.011767068255603223,0.046120929966068314,"[[2142, 963], [1163, 1690]]","[[209, 136], [164, 153]]"
disclosure_x_bias,81,init_easy,DCP,exponential,23.748648639922003,27.98779280741967,0.6445141277987705,0.5499095431931252,14.257927349997079,35.898426537306605,0.011313234513797527,0.04307516381552285,"[[2169, 936], [1182, 1671]]","[[212, 133], [165, 152]]"
disclosure_x_bias,82,init_easy,DCP,exponential,23.701595305227123,27.93005084345245,0.6446821950256613,0.5499095431931252,14.261291761177105,35.911429675068,0.011422492542446547,0.04307516381552285,"[[2169, 936], [1181, 1672]]","[[212, 133], [165, 152]]"
disclosure_x_bias,83,init_easy,DCP,exponential,23.711828366140534,27.93116334431579,0.6450177654954599,0.5529398462234283,14.278480552732338,35.943536314705256,0.011126712502602772,0.046608723756062585,"[[2159, 946], [1169, 1684]]","[[212, 133], [163, 154]]"
disclosure_x_bias,84,init_easy,DCP,exponential,23.705776653304717,27.963791221620237,0.6446821950256613,0.5499095431931252,14.268203808207469,35.97929261383629,0.01190521271974325,0.04307516381552285,"[[2156, 949], [1168, 1685]]","[[210, 135], [163, 154]]"
disclosure_x_bias,85,init_easy,DCP,exponential,23.68928621806217,27.923785950772505,0.6446819130336698,0.5483943916779738,14.267846679840808,35.937092495931516,0.011914375656870167,0.04171787343175004,"[[2158, 947], [1170, 1683]]","[[210, 135], [164, 153]]"
disclosure_x_bias,86,init_easy,DCP,exponential,23.709805164849868,27.97391722517268,0.646024476904856,0.5483943916779738,14.294301464001329,35.97821596563116,0.01131118818755145,0.04171787343175004,"[[2162, 943], [1166, 1687]]","[[210, 135], [164, 153]]"
disclosure_x_bias,87,init_easy,DCP,exponential,23.681871167482164,27.991524568462637,0.6463600473746546,0.5483943916779738,14.319411248870708,35.98042946051233,0.011136696198065215,0.04171787343175004,"[[2166, 939], [1168, 1685]]","[[211, 134], [165, 152]]"
disclosure_x_bias,88,init_easy,DCP,exponential,23.6643911490661,27.989549420084224,0.6453533359652586,0.5514246947082768,14.311296262071094,35.96726434095878,0.01156611509543359,0.04257242515944614,"[[2164, 941], [1172, 1681]]","[[212, 133], [164, 153]]"
disclosure_x_bias,89,init_easy,DCP,exponential,23.666562820490515,28.012108612772785,0.6455211212001579,0.5514246947082768,14.313501465919357,36.006347336153674,0.011534142595640048,0.04257242515944614,"[[2164, 941], [1171, 1682]]","[[212, 133], [164, 153]]"
disclosure_x_bias,90,init_easy,DCP,exponential,23.72713007164821,28.437534452098095,0.6471995375331341,0.5499095431931252,14.2459029939511,36.24397207044703,0.00948003713929629,0.04307516381552285,"[[2163, 942], [1160, 1693]]","[[211, 134], [164, 153]]"
disclosure_x_bias,91,init_easy,DCP,exponential,23.707397553613582,28.353945509076517,0.6463600473746546,0.5514246947082768,14.244259032524171,36.15876112915248,0.009727431432123098,0.04257242515944614,"[[2163, 942], [1165, 1688]]","[[212, 133], [164, 153]]"
disclosure_x_bias,92,init_easy,DCP,exponential,23.71259376603368,28.38424664243154,0.6471995375331341,0.5483943916779738,14.245082238072262,36.15452124973191,0.009578512227852434,0.04171787343175004,"[[2165, 940], [1162, 1691]]","[[211, 134], [165, 152]]"
disclosure_x_bias,93,init_easy,DCP,exponential,23.710750549166967,28.38138255861163,0.6473670407760419,0.5483943916779738,14.234902862221167,36.13751619326024,0.00934926198176744,0.04171787343175004,"[[2166, 939], [1162, 1691]]","[[211, 134], [165, 152]]"
disclosure_x_bias,94,init_easy,DCP,exponential,23.682640221784247,28.377720029812377,0.6473670407760419,0.5468792401628223,14.234560321632433,36.17197757857353,0.00934926198176744,0.041499651497435196,"[[2166, 939], [1162, 1691]]","[[210, 135], [165, 152]]"
disclosure_x_bias,95,init_easy,DCP,exponential,23.68252919279814,28.348569000484048,0.6470314703062433,0.5483943916779738,14.234911536162095,36.08695746478175,0.009530236510094223,0.04292331963779388,"[[2163, 942], [1161, 1692]]","[[210, 135], [164, 153]]"
disclosure_x_bias,96,init_easy,DCP,exponential,23.61415737272033,28.38784924443197,0.6480384637076307,0.5499095431931252,14.290302035663064,36.18783924094623,0.011052105724095951,0.042478871632892656,"[[2163, 942], [1155, 1698]]","[[210, 135], [163, 154]]"
disclosure_x_bias,97,init_easy,DCP,exponential,23.608294667260356,28.38567375767257,0.64820624894253,0.5499095431931252,14.30354492107784,36.16959905232479,0.011001586212912376,0.04126044267992124,"[[2165, 940], [1156, 1697]]","[[211, 134], [164, 153]]"
disclosure_x_bias,98,init_easy,DCP,exponential,23.56426172037458,28.30437224858257,0.649212960351926,0.5483943916779738,14.310893904320432,36.28006875968338,0.009612053809788277,0.0371923990346823,"[[2163, 942], [1148, 1705]]","[[210, 135], [164, 153]]"
disclosure_x_bias,99,init_easy,DCP,exponential,23.589671305519722,28.30592431364649,0.648709604647228,0.5483943916779738,14.267504349035544,36.22655502807306,0.00992719457634631,0.0371923990346823,"[[2161, 944], [1149, 1704]]","[[210, 135], [164, 153]]"
disclosure_x_bias,100,init_easy,DCP,exponential,23.460910209886883,28.296620745782086,0.6482059669505386,0.5468792401628223,14.222351336089615,36.18861400310668,0.010030276167704605,0.03830332964321515,"[[2160, 945], [1151, 1702]]","[[209, 136], [164, 153]]"
disclosure_x_bias,101,init_easy,DCP,exponential,23.45884389364506,28.289244265808257,0.6485415374203373,0.5483943916779738,14.224014299847298,36.190997866925834,0.00987750424617212,0.0371923990346823,"[[2163, 942], [1152, 1701]]","[[210, 135], [164, 153]]"
disclosure_x_bias,102,init_easy,DCP,exponential,23.44806112299586,28.215806694567334,0.6485415374203373,0.5483943916779738,14.250308721224787,36.12837408642488,0.00987750424617212,0.0371923990346823,"[[2163, 942], [1152, 1701]]","[[210, 135], [164, 153]]"
disclosure_x_bias,103,init_easy,DCP,exponential,23.420890159005204,28.235094461734075,0.6493804635948339,0.5468792401628223,14.227911869363044,36.1638521724297,0.010509521007499304,0.03694745805459556,"[[2165, 940], [1149, 1704]]","[[208, 137], [163, 154]]"
disclosure_x_bias,104,init_easy,DCP,exponential,23.43375519250781,28.291307095180382,0.6495482488297333,0.5514246947082768,14.251247313796716,36.25558401831601,0.010901608889772433,0.04546963158646014,"[[2171, 934], [1154, 1699]]","[[211, 134], [163, 154]]"
disclosure_x_bias,105,init_easy,DCP,exponential,23.434899256047867,28.282848656104267,0.6483729062094636,0.5544097693351425,14.247264572552156,36.197659986566364,0.010902269424342257,0.044316809538224804,"[[2176, 929], [1166, 1687]]","[[213, 132], [163, 154]]"
disclosure_x_bias,106,init_easy,DCP,exponential,23.4734288093305,28.347867134208208,0.6490440471490609,0.5544097693351425,14.316784163484607,36.29719522889259,0.010973164056523137,0.044316809538224804,"[[2177, 928], [1163, 1690]]","[[213, 132], [163, 154]]"
disclosure_x_bias,107,init_easy,DCP,exponential,23.481164324333964,28.309976276999958,0.6487084766792623,0.5544097693351425,14.322641133643936,36.21661587192332,0.011127731435086639,0.044316809538224804,"[[2176, 929], [1164, 1689]]","[[213, 132], [163, 154]]"
disclosure_x_bias,108,init_easy,DCP,exponential,23.473169552583023,28.338918385938506,0.6488762619141617,0.5528946178199909,14.332734893988162,36.243039073068225,0.010779910588258442,0.04011193210880474,"[[2174, 931], [1161, 1692]]","[[212, 133], [163, 154]]"
disclosure_x_bias,109,init_easy,DCP,exponential,23.475473130067964,28.368343461729694,0.6493796176188597,0.5528946178199909,14.340036140694677,36.29615496253172,0.010541045296509217,0.04011193210880474,"[[2173, 932], [1157, 1696]]","[[212, 133], [163, 154]]"
disclosure_x_bias,110,init_easy,DCP,exponential,23.39785916852342,28.35754060022133,0.6492118323839603,0.5513794663048394,14.383808464847037,36.249173471229305,0.010818708677130277,0.041327834323559444,"[[2172, 933], [1157, 1696]]","[[211, 134], [163, 154]]"
disclosure_x_bias,111,init_easy,DCP,exponential,23.345303790277185,28.361177841790493,0.6498829733235576,0.5528946178199909,14.403440333188605,36.323760283016576,0.010510116148680297,0.04011193210880474,"[[2175, 930], [1156, 1697]]","[[212, 133], [163, 154]]"
disclosure_x_bias,112,init_easy,DCP,exponential,23.362421043849107,28.330997313206694,0.649547402853759,0.5528946178199909,14.41047292354406,36.24497009596122,0.010700664296404903,0.04011193210880474,"[[2173, 932], [1156, 1697]]","[[212, 133], [163, 154]]"
disclosure_x_bias,113,init_easy,DCP,exponential,23.335194572708858,28.312788648497282,0.6503863290282557,0.5544097693351425,14.414490516528836,36.354180807173876,0.010834259368582807,0.04008582280476247,"[[2170, 935], [1148, 1705]]","[[212, 133], [162, 155]]"
disclosure_x_bias,114,init_easy,DCP,exponential,23.444615421273365,28.7485262896128,0.6505541142631549,0.555924920850294,14.332810093608781,36.558048352179426,0.010712890414339152,0.03999597182361288,"[[2170, 935], [1147, 1706]]","[[212, 133], [161, 156]]"
disclosure_x_bias,115,init_easy,DCP,exponential,23.417489964304124,28.695851042743165,0.6502185437933563,0.555924920850294,14.340562698276512,36.562244261832845,0.011344255621022486,0.03999597182361288,"[[2171, 934], [1150, 1703]]","[[212, 133], [161, 156]]"
disclosure_x_bias,116,init_easy,DCP,exponential,23.43195730562027,28.73499507062063,0.6512252552027522,0.555924920850294,14.338757768628493,36.55592215202958,0.010779227817935362,0.03999597182361288,"[[2176, 929], [1149, 1704]]","[[212, 133], [161, 156]]"
disclosure_x_bias,117,init_easy,DCP,exponential,23.43536182256258,28.737531823295832,0.6515608256725509,0.555924920850294,14.335883759678419,36.564378040093594,0.01099583746984258,0.03999597182361288,"[[2169, 936], [1140, 1713]]","[[211, 134], [160, 157]]"
disclosure_x_bias,118,init_easy,DCP,exponential,23.4391877353028,28.76702348694571,0.6515608256725509,0.555924920850294,14.348062647977924,36.601827159956486,0.01099583746984258,0.03999597182361288,"[[2170, 935], [1141, 1712]]","[[211, 134], [160, 157]]"
disclosure_x_bias,119,init_easy,DCP,exponential,23.423765522149765,28.76261740875655,0.6515608256725509,0.555924920850294,14.336005929457313,36.58135881494622,0.01099583746984258,0.03999597182361288,"[[2170, 935], [1141, 1712]]","[[211, 134], [160, 157]]"
disclosure_x_bias,120,init_easy,DCP,exponential,23.36042165963673,28.770359129541767,0.6515608256725509,0.555924920850294,14.30836001448318,36.58102558092621,0.01099583746984258,0.03999597182361288,"[[2169, 936], [1140, 1713]]","[[211, 134], [160, 157]]"
disclosure_x_bias,121,init_easy,DCP,exponential,23.318769977405637,28.796719928995895,0.6517286109074503,0.5544097693351425,14.350864356739159,36.63145319880597,0.011168569304811724,0.04133888720074022,"[[2169, 936], [1139, 1714]]","[[210, 135], [160, 157]]"
disclosure_x_bias,122,init_easy,DCP,exponential,23.305706946349282,28.799104046399787,0.6520641813772489,0.5544097693351425,14.344786158350601,36.66223160720562,0.011306063694768729,0.04133888720074022,"[[2169, 936], [1137, 1716]]","[[210, 135], [160, 157]]"
disclosure_x_bias,123,init_easy,DCP,exponential,23.30286857583793,28.745681623618715,0.6520641813772489,0.5544097693351425,14.365658318794605,36.60378825425356,0.011660181948085315,0.04133888720074022,"[[2168, 937], [1136, 1717]]","[[210, 135], [160, 157]]"
disclosure_x_bias,124,init_easy,DCP,exponential,23.291628944615802,28.778510801149167,0.6520641813772489,0.5544097693351425,14.346875743083105,36.642379751132836,0.011660181948085315,0.04133888720074022,"[[2168, 937], [1136, 1717]]","[[210, 135], [160, 157]]"
disclosure_x_bias,125,init_easy,DCP,exponential,23.28372193532914,28.770767283597035,0.6530708927866449,0.5544097693351425,14.338488454459759,36.59267705300673,0.010425706695619088,0.04133888720074022,"[[2170, 935], [1132, 1721]]","[[210, 135], [160, 157]]"
disclosure_x_bias,126,init_easy,DCP,exponential,23.319777682692866,28.79903118603575,0.6529031075517455,0.555924920850294,14.327588950183847,36.663035301745055,0.010234341305661854,0.039353050194170236,"[[2165, 940], [1128, 1725]]","[[210, 135], [159, 158]]"
disclosure_x_bias,127,init_easy,DCP,exponential,23.316378738520847,28.76731104522625,0.6527350403248547,0.5574400723654456,14.318130086112271,36.63325778897685,0.010384346348239563,0.03984194791978198,"[[2165, 940], [1129, 1724]]","[[211, 134], [159, 158]]"
disclosure_x_bias,128,init_easy,DCP,exponential,23.32826919059574,28.75712814476853,0.6525675370819469,0.5574400723654456,14.336014378328723,36.627983384528115,0.010357701628113997,0.03984194791978198,"[[2165, 940], [1130, 1723]]","[[211, 134], [159, 158]]"
disclosure_x_bias,129,init_easy,DCP,exponential,23.311895561110763,28.749421397538896,0.6525672550899555,0.5574400723654456,14.329576603592958,36.61240706088096,0.010724577396170247,0.03984194791978198,"[[2165, 940], [1130, 1723]]","[[211, 134], [159, 158]]"
disclosure_x_bias,130,init_easy,DCP,exponential,23.304049522005492,28.779345786858563,0.6532386780215442,0.5574400723654456,14.330290342395553,36.67159829686764,0.010610674742956818,0.03984194791978198,"[[2164, 941], [1125, 1728]]","[[211, 134], [159, 158]]"
disclosure_x_bias,131,init_easy,DCP,exponential,23.269175293001158,28.68055529669808,0.6534064632564436,0.5574400723654456,14.341636082801863,36.633459558228544,0.010435887494951444,0.03984194791978198,"[[2165, 940], [1125, 1728]]","[[211, 134], [159, 158]]"
disclosure_x_bias,132,init_easy,DCP,exponential,23.26596450413573,28.7171611778599,0.6537420337262422,0.5574400723654456,14.339469041954027,36.72391171267366,0.010523625272212456,0.03984194791978198,"[[2168, 937], [1126, 1727]]","[[211, 134], [159, 158]]"
disclosure_x_bias,133,init_easy,DCP,exponential,23.194977076681678,28.704430040452717,0.6542456714229317,0.5589326096788783,14.376714789359474,36.65375862804198,0.01051760221591863,0.039904964505714395,"[[2166, 939], [1121, 1732]]","[[211, 134], [158, 159]]"
disclosure_x_bias,134,init_easy,DCP,exponential,23.179788273596706,28.689176812069423,0.653910100953133,0.5559023066485753,14.371600021421637,36.63760937013522,0.01103034600423008,0.03256964993026546,"[[2163, 942], [1120, 1733]]","[[209, 136], [158, 159]]"
disclosure_x_bias,135,init_easy,DCP,exponential,23.193869582296294,28.728097612468833,0.6537423157182336,0.5559023066485753,14.377307108407171,36.720205416913736,0.011007079809093089,0.03256964993026546,"[[2161, 944], [1119, 1734]]","[[209, 136], [158, 159]]"
disclosure_x_bias,136,init_easy,DCP,exponential,23.17672422076799,28.65049986035178,0.6544134566578309,0.5543871551334238,14.382977567775834,36.617049408138264,0.010503304562962916,0.03494205188447516,"[[2162, 943], [1116, 1737]]","[[208, 137], [158, 159]]"
disclosure_x_bias,137,init_easy,DCP,exponential,23.2217681785247,28.729290806815307,0.6544134566578309,0.5498643147896879,14.433200569138553,36.653841512098985,0.011195255487741671,0.034492444558664015,"[[2164, 941], [1118, 1735]]","[[207, 138], [160, 157]]"
disclosure_x_bias,138,init_easy,DCP,exponential,23.251789929834292,28.83735274240309,0.6545812418927303,0.5498643147896879,14.426718713011876,36.94715635018306,0.011234848951028957,0.034492444558664015,"[[2164, 941], [1117, 1736]]","[[207, 138], [160, 157]]"
disclosure_x_bias,139,init_easy,DCP,exponential,23.239498278444906,28.82074715311159,0.6544137386498223,0.5513568521031208,14.433884373976774,36.92338140202489,0.011185230877559568,0.034926794880016536,"[[2164, 941], [1118, 1735]]","[[207, 138], [159, 158]]"
disclosure_x_bias,140,init_easy,DCP,exponential,23.239449824528762,28.784430230297147,0.6557560205290169,0.5498417005879692,14.44514648097191,36.88200345577812,0.009343197321402102,0.031743265670634443,"[[2160, 945], [1106, 1747]]","[[206, 139], [159, 158]]"
disclosure_x_bias,141,init_easy,DCP,exponential,23.207188519301166,28.823368092306197,0.6555882352941176,0.5498417005879692,14.42750399169046,36.94274567471712,0.009081084291285131,0.031743265670634443,"[[2158, 947], [1105, 1748]]","[[206, 139], [159, 158]]"
disclosure_x_bias,142,init_easy,DCP,exponential,23.20929808937759,28.828838095560997,0.6557560205290169,0.5483265490728177,14.427082998962428,36.98097614838077,0.009140117696905899,0.034618043420621046,"[[2158, 947], [1104, 1749]]","[[205, 140], [159, 158]]"
disclosure_x_bias,143,init_easy,DCP,exponential,23.182577577234902,28.863409064005026,0.6559238057639163,0.5483265490728177,14.452143620542996,37.013322542036946,0.009023683513333127,0.034618043420621046,"[[2158, 947], [1103, 1750]]","[[205, 140], [159, 158]]"
disclosure_x_bias,144,init_easy,DCP,exponential,23.180244950257215,28.877276327526907,0.6554204500592183,0.5498417005879692,14.458244420714742,37.05691482556519,0.007869838101297042,0.0348094200692556,"[[2159, 946], [1107, 1746]]","[[207, 138], [160, 157]]"
disclosure_x_bias,145,init_easy,DCP,exponential,23.175441190759962,28.846936848072907,0.6557560205290169,0.5483265490728177,14.45235725429246,36.994328027842684,0.009071414257003781,0.034618043420621046,"[[2157, 948], [1103, 1750]]","[[205, 140], [159, 158]]"
disclosure_x_bias,146,init_easy,DCP,exponential,23.178515542527677,28.87018964115926,0.6557560205290169,0.5483265490728177,14.446816349293416,37.00251072144994,0.009071414257003781,0.034618043420621046,"[[2157, 948], [1103, 1750]]","[[205, 140], [159, 158]]"
disclosure_x_bias,147,init_easy,DCP,exponential,23.192215650833642,28.866557612276473,0.6559238057639163,0.5483265490728177,14.462336545795397,36.97610310527048,0.009127083679110295,0.034618043420621046,"[[2157, 948], [1102, 1751]]","[[205, 140], [159, 158]]"
disclosure_x_bias,148,init_easy,DCP,exponential,23.179242617090487,28.881324222013557,0.6559238057639163,0.5483265490728177,14.452674597537904,37.01472476420104,0.009127083679110295,0.034618043420621046,"[[2157, 948], [1102, 1751]]","[[205, 140], [159, 158]]"
disclosure_x_bias,149,init_easy,DCP,exponential,23.22145367059011,28.868278468897905,0.6559238057639163,0.5498417005879692,14.479380073762,36.9979440482382,0.009127083679110295,0.036245360125381584,"[[2157, 948], [1102, 1751]]","[[206, 139], [159, 158]]"
disclosure_x_bias,150,init_easy,DCP,exponential,23.220057991975445,28.871791987888884,0.6560913090068242,0.5483265490728177,14.487890175750422,37.01575303712776,0.008259180957906155,0.033873200730690466,"[[2166, 939], [1110, 1743]]","[[207, 138], [161, 156]]"
disclosure_x_bias,151,init_easy,DCP,exponential,23.12673250859732,28.762743522697292,0.6557560205290169,0.5468340117593848,14.524225242657755,36.833132747441205,0.007930765146553989,0.030052119598167778,"[[2166, 939], [1112, 1741]]","[[207, 138], [162, 155]]"
disclosure_x_bias,152,init_easy,DCP,exponential,23.103038181184793,28.816515518124113,0.656259376233715,0.5453188602442334,14.469209608843151,36.94232631366481,0.008261419124357565,0.032920768653926714,"[[2167, 938], [1110, 1743]]","[[206, 139], [162, 155]]"
disclosure_x_bias,153,init_easy,DCP,exponential,23.173235724028793,28.810266053969617,0.6562599402176978,0.5498417005879692,14.519731386457236,36.8980077579052,0.007926070995191086,0.0348094200692556,"[[2161, 944], [1104, 1749]]","[[207, 138], [160, 157]]"
disclosure_x_bias,154,init_easy,DCP,exponential,23.243606148028444,29.31616487338696,0.6564277254525972,0.5483265490728177,14.444164794787515,37.25508584338224,0.008171646039409569,0.033873200730690466,"[[2166, 939], [1108, 1745]]","[[207, 138], [161, 156]]"
disclosure_x_bias,155,init_easy,DCP,exponential,23.238036448739827,29.28273348068779,0.655589081270092,0.5498417005879692,14.461310982897523,37.22138949658927,0.009484358033686873,0.0348094200692556,"[[2165, 940], [1112, 1741]]","[[207, 138], [160, 157]]"
disclosure_x_bias,156,init_easy,DCP,exponential,23.22561419309766,29.29452635899089,0.6562599402176978,0.5483265490728177,14.45847102540952,37.25629161675841,0.010080160864071609,0.033873200730690466,"[[2171, 934], [1114, 1739]]","[[207, 138], [161, 156]]"
disclosure_x_bias,157,init_easy,DCP,exponential,23.22326323308225,29.274182816687954,0.6567632959223958,0.5483265490728177,14.458764909995399,37.21939682747214,0.007671673791676516,0.032332078848736914,"[[2161, 944], [1101, 1752]]","[[206, 139], [160, 157]]"
disclosure_x_bias,158,init_easy,DCP,exponential,23.21448072339867,29.29700763285511,0.6574344368619931,0.5498417005879692,14.459361921355203,37.263608940496404,0.00824080800918212,0.03406876168908316,"[[2161, 944], [1097, 1756]]","[[207, 138], [160, 157]]"
disclosure_x_bias,159,init_easy,DCP,exponential,23.20711735608484,29.253581518131664,0.6576025040888839,0.5513568521031208,14.455182601428776,37.18453168665136,0.008976965434722622,0.03635809958800731,"[[2162, 943], [1097, 1756]]","[[208, 137], [160, 157]]"
disclosure_x_bias,160,init_easy,DCP,exponential,23.18248855632966,29.296881264233207,0.6574347188539845,0.5498643147896879,14.482734341925374,37.2907593108843,0.00834047749539613,0.0359410508568297,"[[2160, 945], [1096, 1757]]","[[208, 137], [161, 156]]"
disclosure_x_bias,161,init_easy,DCP,exponential,23.047849995425985,29.227834799501828,0.6574347188539845,0.5498417005879692,14.464291386345094,37.27984583740845,0.00845223977345,0.0348094200692556,"[[2163, 942], [1099, 1754]]","[[208, 137], [161, 156]]"
disclosure_x_bias,162,init_easy,DCP,exponential,23.06238613454636,29.205661544001327,0.6576027860808753,0.5483491632745364,14.446748564486851,37.22903613496787,0.008084680116339449,0.0335485152564103,"[[2161, 944], [1096, 1757]]","[[207, 138], [161, 156]]"
disclosure_x_bias,163,init_easy,DCP,exponential,23.118172809917326,29.24227200379956,0.6574347188539845,0.5498417005879692,14.486341847047383,37.302337912576995,0.009231372232762294,0.03762654030972432,"[[2159, 946], [1095, 1758]]","[[206, 139], [159, 158]]"
disclosure_x_bias,164,init_easy,DCP,exponential,23.100834846688677,29.176749890808377,0.6567635779143872,0.5498417005879692,14.483832725850466,37.15382653777788,0.009147102565181375,0.03762654030972432,"[[2160, 945], [1100, 1753]]","[[206, 139], [159, 158]]"
disclosure_x_bias,165,init_easy,DCP,exponential,23.126070992055524,29.276222075435953,0.6570991483841859,0.5468113975576662,14.495108809419628,37.41752053714077,0.00785714146780082,0.032046450772932944,"[[2164, 941], [1102, 1751]]","[[206, 139], [161, 156]]"
disclosure_x_bias,166,init_easy,DCP,exponential,23.104414938541904,29.274101629337707,0.6574347188539845,0.5468113975576662,14.494239033565586,37.405608110136555,0.007996744346967517,0.032046450772932944,"[[2165, 940], [1101, 1752]]","[[206, 139], [161, 156]]"
disclosure_x_bias,167,init_easy,DCP,exponential,23.102060983721852,29.2818386661368,0.6577705713157747,0.5498643147896879,14.4995278262724,37.42870289795011,0.007419664285699753,0.038675831559445935,"[[2159, 946], [1093, 1760]]","[[206, 139], [159, 158]]"
disclosure_x_bias,168,init_easy,DCP,exponential,23.107657433652797,29.28906719687733,0.6576025040888839,0.5483491632745364,14.504034752609096,37.430239435105946,0.007620966650341623,0.03715614200319196,"[[2163, 942], [1098, 1755]]","[[206, 139], [160, 157]]"
disclosure_x_bias,169,init_easy,DCP,exponential,23.11403589197107,29.295709549950935,0.6576025040888839,0.5468340117593848,14.516719541963887,37.4599734073609,0.007620966650341623,0.03327447523949848,"[[2161, 944], [1096, 1757]]","[[206, 139], [161, 156]]"
disclosure_x_bias,170,init_easy,DCP,exponential,23.11167719580753,29.30908921605294,0.6576025040888839,0.5498643147896879,14.510695620803574,37.45044843414041,0.007620966650341623,0.038675831559445935,"[[2159, 946], [1094, 1759]]","[[206, 139], [159, 158]]"
disclosure_x_bias,171,init_easy,DCP,exponential,23.096793139599693,29.275334680534154,0.6581067057695561,0.5452962460425147,14.508483042285576,37.41733606160644,0.00826056763342527,0.03086211218986316,"[[2167, 938], [1099, 1754]]","[[205, 140], [161, 156]]"
disclosure_x_bias,172,init_easy,DCP,exponential,23.051242262920457,29.267477155901577,0.6579386385426653,0.5498417005879692,14.50529469081354,37.42487739911587,0.00810924506977823,0.03762654030972432,"[[2166, 939], [1099, 1754]]","[[206, 139], [159, 158]]"
disclosure_x_bias,173,init_easy,DCP,exponential,23.035511703667925,29.270407325925568,0.6577708533077661,0.5483265490728177,14.493004767918219,37.41687394836789,0.00847077167918179,0.036762134566195495,"[[2165, 940], [1099, 1754]]","[[205, 140], [159, 158]]"
disclosure_x_bias,174,init_easy,DCP,exponential,23.059558851940498,29.283350792993808,0.6576030680728667,0.5483265490728177,14.481357719289251,37.431661695454395,0.009127754781183788,0.036762134566195495,"[[2167, 938], [1102, 1751]]","[[205, 140], [159, 158]]"
disclosure_x_bias,175,init_easy,DCP,exponential,23.02540382799378,29.239410463920525,0.6584419942473634,0.5483265490728177,14.532878852882854,37.44340352147377,0.00894053760051452,0.036762134566195495,"[[2165, 940], [1095, 1758]]","[[205, 140], [159, 158]]"
disclosure_x_bias,176,init_easy,DCP,exponential,23.005752936923354,29.239505706539763,0.6584419942473634,0.5483265490728177,14.511254101155057,37.40425124002505,0.00894053760051452,0.036762134566195495,"[[2167, 938], [1097, 1756]]","[[205, 140], [159, 158]]"
disclosure_x_bias,177,init_easy,DCP,exponential,23.01116726710628,29.24989047483063,0.6584419942473634,0.5498417005879692,14.518165703160927,37.445307692831165,0.00894053760051452,0.03762654030972432,"[[2166, 939], [1096, 1757]]","[[206, 139], [159, 158]]"
disclosure_x_bias,178,init_easy,DCP,exponential,23.016407387709734,29.26750109677905,0.6582739270204726,0.5513342379014021,14.523435801892335,37.43230108480529,0.009156385426992137,0.0386715339162677,"[[2167, 938], [1098, 1755]]","[[207, 138], [159, 158]]"
disclosure_x_bias,179,init_easy,DCP,exponential,23.008357062347354,29.27318543874093,0.6584419942473634,0.5498417005879692,14.526615148577868,37.495954456026304,0.00894053760051452,0.03762654030972432,"[[2166, 939], [1096, 1757]]","[[206, 139], [159, 158]]"
disclosure_x_bias,180,init_easy,DCP,exponential,23.00704887177326,29.268913090126755,0.6582739270204726,0.5513342379014021,14.53869307233179,37.4513497034895,0.009156385426992137,0.0386715339162677,"[[2166, 939], [1097, 1756]]","[[207, 138], [159, 158]]"
disclosure_x_bias,181,init_easy,DCP,exponential,23.005676251377896,29.28499664251968,0.6587781287011449,0.5513342379014021,14.54205651371982,37.50017772502238,0.009722644350628471,0.0386715339162677,"[[2164, 941], [1092, 1761]]","[[207, 138], [159, 158]]"
disclosure_x_bias,182,init_easy,DCP,exponential,22.98152168270645,29.231197155298986,0.6589461959280356,0.5513116236996833,14.548333986222005,37.49210996802677,0.009509748737428481,0.03956666079337157,"[[2166, 939], [1093, 1760]]","[[206, 139], [158, 159]]"
disclosure_x_bias,183,init_easy,DCP,exponential,23.01868858613829,29.247756645215624,0.6589461959280356,0.5498190863862505,14.555721591755713,37.49536261707937,0.009343839351209988,0.03789737346809807,"[[2166, 939], [1093, 1760]]","[[206, 139], [159, 158]]"
disclosure_x_bias,184,init_easy,DCP,exponential,23.031238813904213,29.257533090722298,0.6584428402233377,0.5513116236996833,14.558772095028125,37.44706673255298,0.0093185571402634,0.041455593759211665,"[[2166, 939], [1096, 1757]]","[[206, 139], [158, 159]]"
disclosure_x_bias,185,init_easy,DCP,exponential,23.017954983203058,29.210569954866276,0.6591142631549264,0.5513116236996833,14.553528407685677,37.44835802670597,0.00915301991457081,0.04083565906653688,"[[2165, 940], [1091, 1762]]","[[205, 140], [157, 160]]"
disclosure_x_bias,186,init_easy,DCP,exponential,23.0009989329524,29.242406719417914,0.6594495516327337,0.5528041610131162,14.532718320573855,37.51792751171648,0.009065654295897452,0.0435020612974351,"[[2166, 939], [1090, 1763]]","[[206, 139], [157, 160]]"
disclosure_x_bias,187,init_easy,DCP,exponential,23.02310939582693,29.267178115182087,0.6594495516327337,0.5513116236996833,14.5836377003615,37.50122421783905,0.009168581141561973,0.03956666079337157,"[[2168, 937], [1092, 1761]]","[[206, 139], [158, 159]]"
disclosure_x_bias,188,init_easy,DCP,exponential,23.017474274168798,29.265167127845825,0.6592817663978343,0.5528267752148349,14.556356506855156,37.53476889719826,0.009778810258987749,0.04024638974907638,"[[2168, 937], [1093, 1760]]","[[207, 138], [158, 159]]"
disclosure_x_bias,189,init_easy,DCP,exponential,23.00769017909176,29.214049042988346,0.6594495516327337,0.5497964721845319,14.555227321345125,37.38981823903325,0.009404364001267127,0.04073344439375246,"[[2168, 937], [1092, 1761]]","[[205, 140], [158, 159]]"
disclosure_x_bias,190,init_easy,DCP,exponential,23.01988889022787,29.24211355787857,0.6594495516327337,0.5528267752148349,14.567021191720556,37.44007061188475,0.009236561862539879,0.04024638974907638,"[[2168, 937], [1092, 1761]]","[[207, 138], [158, 159]]"
disclosure_x_bias,191,init_easy,DCP,exponential,22.980524642060413,29.204022546986558,0.6592817663978343,0.5528267752148349,14.557510265627805,37.393175956014005,0.00925286825542845,0.04024638974907638,"[[2167, 938], [1092, 1761]]","[[207, 138], [158, 159]]"
disclosure_x_bias,192,init_easy,DCP,exponential,22.973270831206108,29.204102143544326,0.6592820483898257,0.5528041610131162,14.556692076165723,37.41340711516879,0.009474785270931296,0.0435020612974351,"[[2167, 938], [1092, 1761]]","[[206, 139], [157, 160]]"
disclosure_x_bias,193,init_easy,DCP,exponential,22.91655297279325,29.14673960246135,0.659617336867633,0.5512890094979647,14.5974333932949,37.40572491998235,0.009871216851980827,0.04404693358902919,"[[2167, 938], [1090, 1763]]","[[205, 140], [157, 160]]"
disclosure_x_bias,194,init_easy,DCP,exponential,22.957094249123664,29.16352688265486,0.6597856860865152,0.5512890094979647,14.615119490390788,37.475376971926686,0.009538401403978625,0.042873091252388626,"[[2168, 937], [1090, 1763]]","[[205, 140], [157, 160]]"
disclosure_x_bias,195,init_easy,DCP,exponential,22.966279720353164,29.195890288257782,0.6604562630421296,0.5528041610131162,14.638836683769506,37.554447608106884,0.00899550464879167,0.04291170160452097,"[[2166, 939], [1084, 1769]]","[[206, 139], [157, 160]]"
disclosure_x_bias,196,init_easy,DCP,exponential,22.9724693383208,29.183327582324846,0.6604565450341211,0.5512890094979647,14.608848591321962,37.505837519167784,0.009053585576783275,0.04404693358902919,"[[2166, 939], [1084, 1769]]","[[205, 140], [157, 160]]"
disclosure_x_bias,197,init_easy,DCP,exponential,22.939178745787338,29.17813701135983,0.6602884778072303,0.5497738579828132,14.618445783751971,37.451452585567296,0.008893456498084186,0.043367078005707896,"[[2166, 939], [1085, 1768]]","[[204, 141], [157, 160]]"
disclosure_x_bias,198,init_easy,DCP,exponential,22.94752671652764,29.190473015169268,0.660792961479894,0.5528041610131162,14.634783967148906,37.50351693537168,0.009072281011333097,0.04291170160452097,"[[2166, 939], [1082, 1771]]","[[206, 139], [157, 160]]"
disclosure_x_bias,199,init_easy,DCP,exponential,22.933506206119855,29.206562442770498,0.660792961479894,0.5512890094979647,14.624257173908804,37.47243172041166,0.009673005570590976,0.04227394884565772,"[[2167, 938], [1083, 1770]]","[[205, 140], [157, 160]]"
disclosure_x_bias,200,init_easy,DCP,exponential,22.731965447467697,28.42592578673367,0.6607932434718855,0.5512890094979647,14.567627395263907,35.67689612106683,0.01001258331020059,0.04404693358902919,"[[2165, 940], [1081, 1772]]","[[205, 140], [157, 160]]"
disclosure_x_bias,201,init_easy,DCP,exponential,22.83961071026154,29.03960608852982,0.6602890417912131,0.5497738579828132,14.493807223672738,36.30582283962147,0.009384778682936204,0.04565921883776122,"[[2162, 943], [1081, 1772]]","[[203, 142], [156, 161]]"
disclosure_x_bias,202,init_easy,DCP,exponential,22.840086493581058,29.021729565932038,0.6611288139416841,0.5512890094979647,14.532561370366487,36.21716277729643,0.009795751955161172,0.04404693358902919,"[[2168, 937], [1082, 1771]]","[[205, 140], [157, 160]]"
disclosure_x_bias,203,init_easy,DCP,exponential,22.84535722646408,29.03862890988531,0.6606243302690203,0.5512890094979647,14.52830179876379,36.2678335992905,0.008907923450128395,0.04404693358902919,"[[2168, 937], [1085, 1768]]","[[205, 140], [157, 160]]"
disclosure_x_bias,204,init_easy,DCP,exponential,22.834423669653713,29.033406113998247,0.660792961479894,0.5497738579828132,14.50685230128326,36.23518846670048,0.009575502307033442,0.043367078005707854,"[[2166, 939], [1082, 1771]]","[[204, 141], [157, 160]]"
disclosure_x_bias,205,init_easy,DCP,exponential,22.907978480280555,29.033947810163397,0.6606246122610118,0.5543193125282677,14.561701131600023,36.27721562327803,0.008965509536161907,0.04168446221725198,"[[2162, 943], [1079, 1774]]","[[206, 139], [156, 161]]"
disclosure_x_bias,206,init_easy,DCP,exponential,22.839189334781427,29.016574004784893,0.6614638204274998,0.5543193125282677,14.514966087682755,36.236448363995315,0.009934260664185146,0.0434814902910718,"[[2163, 942], [1075, 1778]]","[[205, 140], [155, 162]]"
disclosure_x_bias,207,init_easy,DCP,exponential,22.837863346671586,29.032203027868086,0.6612957532006091,0.5528041610131162,14.52004645242938,36.28066103844055,0.00809540067836129,0.04231310591371295,"[[2165, 940], [1078, 1775]]","[[205, 140], [156, 161]]"
disclosure_x_bias,208,init_easy,DCP,exponential,22.839623868639894,29.045010992313344,0.6617993908972986,0.5558344640434193,14.518050433648712,36.263734031263915,0.009260758208067453,0.0422104102494349,"[[2168, 937], [1078, 1775]]","[[207, 138], [156, 161]]"
disclosure_x_bias,209,init_easy,DCP,exponential,22.835425904512668,29.051750219695073,0.6623024646100051,0.5543193125282677,14.524800498987497,36.323750406759345,0.007915918096209106,0.04289084745493165,"[[2166, 939], [1073, 1780]]","[[206, 139], [156, 161]]"
disclosure_x_bias,210,init_easy,DCP,exponential,22.865514823047896,29.100042940699364,0.6619668941402064,0.5543193125282677,14.584358427321161,36.35676806750755,0.010355900353039503,0.04289084745493165,"[[2163, 942], [1072, 1781]]","[[206, 139], [156, 161]]"
disclosure_x_bias,211,init_easy,DCP,exponential,22.85945697127939,29.043331546608936,0.6629741695335852,0.5543193125282677,14.592931242396556,36.32663258206265,0.008508837151717944,0.04168446221725197,"[[2167, 938], [1070, 1783]]","[[206, 139], [156, 161]]"
disclosure_x_bias,212,init_easy,DCP,exponential,22.86117520254358,29.06815141365508,0.6629741695335852,0.5543193125282677,14.604388733944015,36.344253843051895,0.009933549334854911,0.04168446221725197,"[[2165, 940], [1068, 1785]]","[[206, 139], [156, 161]]"
disclosure_x_bias,213,init_easy,DCP,exponential,22.84070794184848,29.005380619559496,0.6626385990637866,0.5528041610131162,14.573110174609681,36.207937024157566,0.009284624318667011,0.04231310591371295,"[[2166, 939], [1071, 1782]]","[[205, 140], [156, 161]]"
disclosure_x_bias,214,init_easy,DCP,exponential,22.85473631325098,29.05907446950486,0.6631419547684846,0.5528041610131162,14.585082359998946,36.2791268729179,0.009225552561262316,0.04231310591371295,"[[2166, 939], [1068, 1785]]","[[205, 140], [156, 161]]"
disclosure_x_bias,215,init_easy,DCP,exponential,22.837887245935228,29.039891479749446,0.6633097400033839,0.5512890094979647,14.574906929486115,36.23782088397072,0.009727835497910809,0.041666191912327774,"[[2171, 934], [1072, 1781]]","[[205, 140], [157, 160]]"
disclosure_x_bias,216,init_easy,DCP,exponential,22.83091851025527,29.041261451458023,0.6633097400033839,0.5528041610131162,14.590602034271921,36.2393105642947,0.008992643642004382,0.04231310591371295,"[[2163, 942], [1064, 1789]]","[[205, 140], [156, 161]]"
disclosure_x_bias,217,init_easy,DCP,exponential,22.814926669200812,29.034466067948113,0.6636453104731825,0.5528041610131162,14.58848192811183,36.2528939312076,0.008533416496744493,0.04108976182705836,"[[2170, 935], [1069, 1784]]","[[206, 139], [157, 160]]"
disclosure_x_bias,218,init_easy,DCP,exponential,22.846570736879816,29.1419318289228,0.663309176019401,0.5528041610131162,14.600698250707639,36.48861369182668,0.00887728386465193,0.04108976182705836,"[[2170, 935], [1071, 1782]]","[[206, 139], [157, 160]]"
disclosure_x_bias,219,init_easy,DCP,exponential,22.843735738430972,29.141889262812548,0.6636453104731825,0.5528041610131162,14.60460722284913,36.4736874388025,0.008533416496744493,0.04108976182705836,"[[2169, 936], [1068, 1785]]","[[206, 139], [157, 160]]"
disclosure_x_bias,220,init_easy,DCP,exponential,22.825735839289106,29.130471013278775,0.6639811629349726,0.5528041610131162,14.600965034715175,36.48808356588976,0.00869357685420802,0.04108976182705836,"[[2170, 935], [1067, 1786]]","[[206, 139], [157, 160]]"
disclosure_x_bias,221,init_easy,DCP,exponential,22.831066551923062,29.132312358354323,0.6636450284811911,0.5497738579828132,14.591538970771996,36.49911861302928,0.008361269485333922,0.0415651037188901,"[[2170, 935], [1069, 1784]]","[[204, 141], [157, 160]]"
disclosure_x_bias,222,init_easy,DCP,exponential,22.825954348240455,29.130852535124767,0.6636450284811911,0.5512890094979647,14.610216552565994,36.49536132625075,0.008727359386548778,0.04104943782738782,"[[2169, 936], [1068, 1785]]","[[205, 140], [157, 160]]"
disclosure_x_bias,223,init_easy,DCP,exponential,22.82447802088347,29.12339522916316,0.6639808809429812,0.5512890094979647,14.611759656650756,36.457371684749354,0.008561291767403594,0.04104943782738782,"[[2173, 932], [1070, 1783]]","[[205, 140], [157, 160]]"
disclosure_x_bias,224,init_easy,DCP,exponential,22.841628071158638,29.14111934096785,0.6639805989509898,0.5512890094979647,14.622387224856327,36.511264115194884,0.00889545303082036,0.04104943782738782,"[[2166, 939], [1063, 1790]]","[[205, 140], [157, 160]]"
disclosure_x_bias,225,init_easy,DCP,exponential,22.799441396331968,29.123006212730342,0.6643161694207884,0.5497738579828132,14.637640789227397,36.50208616687323,0.008326414564243507,0.043367078005707854,"[[2161, 944], [1056, 1797]]","[[203, 142], [156, 161]]"
disclosure_x_bias,226,init_easy,DCP,exponential,22.796528059206242,29.099887001012387,0.6641483841858891,0.5512890094979647,14.627223268323434,36.470603421171695,0.008671724632402006,0.0446222765121492,"[[2157, 948], [1053, 1800]]","[[203, 142], [155, 162]]"
disclosure_x_bias,227,init_easy,DCP,exponential,22.788694558764753,29.115976898036166,0.664148948169872,0.5497738579828132,14.633207382533872,36.48439598024599,0.009606898948950183,0.043367078005707854,"[[2161, 944], [1057, 1796]]","[[203, 142], [156, 161]]"
disclosure_x_bias,228,init_easy,DCP,exponential,22.79629869187968,29.074619738177823,0.6644839546556878,0.5497738579828132,14.635687146148644,36.39972387423671,0.009098929165506529,0.043367078005707854,"[[2164, 941], [1058, 1795]]","[[203, 142], [156, 161]]"
disclosure_x_bias,229,init_easy,DCP,exponential,22.812445043942194,29.13994101143158,0.6649878743443687,0.5482587064676616,14.642156948757734,36.473593143005246,0.009176798249788043,0.04261658163974348,"[[2171, 934], [1062, 1791]]","[[202, 143], [156, 161]]"
disclosure_x_bias,230,init_easy,DCP,exponential,22.794277002293448,29.07510627288034,0.6644842366476792,0.5497738579828132,14.648430428673691,36.39677114570315,0.009086823907147011,0.043367078005707854,"[[2162, 943], [1056, 1797]]","[[202, 143], [155, 162]]"
disclosure_x_bias,231,init_easy,DCP,exponential,22.793831383487795,29.06812029530837,0.6654909480570752,0.5497738579828132,14.651134145463272,36.37638475489838,0.008948223993641445,0.043367078005707854,"[[2169, 936], [1057, 1796]]","[[203, 142], [156, 161]]"
disclosure_x_bias,232,init_easy,DCP,exponential,22.754040197109948,29.02141069795831,0.665491512041058,0.5482587064676616,14.653190075322515,36.43037161362516,0.009469662164904637,0.04261658163974348,"[[2171, 934], [1059, 1794]]","[[202, 143], [156, 161]]"
disclosure_x_bias,233,init_easy,DCP,exponential,22.754500079217657,29.026969239925016,0.6658273645028482,0.5497738579828132,14.652004556251025,36.432525400924284,0.009342771220441517,0.043367078005707854,"[[2171, 934], [1057, 1796]]","[[203, 142], [156, 161]]"
disclosure_x_bias,234,init_easy,DCP,exponential,22.74803887711909,29.034086940817637,0.6663310021995376,0.5482587064676616,14.653591983283171,36.45815630360113,0.010183179880099435,0.04261658163974348,"[[2173, 932], [1056, 1797]]","[[202, 143], [156, 161]]"
disclosure_x_bias,235,init_easy,DCP,exponential,22.765520354603957,29.025259954309057,0.6664990694264283,0.5482587064676616,14.675993503615675,36.41858469616529,0.010027467753481836,0.04261658163974348,"[[2174, 931], [1056, 1797]]","[[202, 143], [156, 161]]"
disclosure_x_bias,236,init_easy,DCP,exponential,22.75659277885011,29.045477955276834,0.6664985054424454,0.5482587064676616,14.664051769050316,36.47190186937384,0.009828907623367758,0.04261658163974348,"[[2175, 930], [1057, 1796]]","[[202, 143], [156, 161]]"
disclosure_x_bias,237,init_easy,DCP,exponential,22.691446304598212,29.04618843058959,0.6666662906773448,0.5497738579828132,14.698790153341937,36.44259134434719,0.010659936322602434,0.043367078005707854,"[[2172, 933], [1053, 1800]]","[[203, 142], [156, 161]]"
disclosure_x_bias,238,init_easy,DCP,exponential,22.668363276665698,29.047685072584436,0.6663298742315719,0.5482587064676616,14.65539325841745,36.474779679104216,0.010646357448966824,0.04261658163974348,"[[2174, 931], [1057, 1796]]","[[202, 143], [156, 161]]"
disclosure_x_bias,239,init_easy,DCP,exponential,22.713113117098203,29.00496616422451,0.6670018611471434,0.5497738579828132,14.686062220311284,36.36419811507399,0.011512444133069677,0.043367078005707854,"[[2173, 932], [1052, 1801]]","[[203, 142], [156, 161]]"
disclosure_x_bias,240,init_easy,DCP,exponential,22.697113717276643,28.990981927931433,0.6668343579042355,0.5497738579828132,14.683038102469409,36.33177753415877,0.011171164361893336,0.043367078005707854,"[[2173, 932], [1053, 1800]]","[[203, 142], [156, 161]]"
disclosure_x_bias,241,init_easy,DCP,exponential,22.689948374898098,28.992448195102327,0.6666662906773448,0.5482587064676616,14.647010083600529,36.3512293845286,0.011372101358882575,0.04261658163974348,"[[2173, 932], [1054, 1799]]","[[202, 143], [156, 161]]"
disclosure_x_bias,242,init_easy,DCP,exponential,22.703683768368894,29.02677640817858,0.6670018611471434,0.5482587064676616,14.688949772619498,36.39088544525425,0.010724721042589239,0.04261658163974348,"[[2174, 931], [1053, 1800]]","[[202, 143], [156, 161]]"
disclosure_x_bias,243,init_easy,DCP,exponential,22.704148704132287,28.991804029164804,0.667001579155152,0.5482587064676616,14.699088388132958,36.355012563360745,0.011548092174930507,0.04261658163974348,"[[2176, 929], [1055, 1798]]","[[202, 143], [156, 161]]"
disclosure_x_bias,244,init_easy,DCP,exponential,22.700992862832255,28.997275698807094,0.6663298742315719,0.5497738579828132,14.701895039912225,36.374961433967975,0.010994615086354012,0.043367078005707854,"[[2171, 934], [1054, 1799]]","[[203, 142], [156, 161]]"
disclosure_x_bias,245,init_easy,DCP,exponential,22.69913706751959,28.986234977673423,0.6670027071231177,0.5482813206693804,14.698331456564615,36.365085573670335,0.009995760383262314,0.04119210622481848,"[[2177, 928], [1056, 1797]]","[[203, 142], [157, 160]]"
disclosure_x_bias,246,init_easy,DCP,exponential,22.70582208742866,28.970959274051705,0.6668340759122441,0.5482813206693804,14.708407524199803,36.32566155042608,0.010276076729006186,0.03929050785680515,"[[2177, 928], [1057, 1796]]","[[203, 142], [157, 160]]"
disclosure_x_bias,247,init_easy,DCP,exponential,22.699383368054246,29.00917518877001,0.6675057808358242,0.5482813206693804,14.70215519100103,36.386653256838315,0.009540748162240454,0.04119210622481848,"[[2180, 925], [1056, 1797]]","[[203, 142], [157, 160]]"
disclosure_x_bias,248,init_easy,DCP,exponential,22.666711071297264,28.955508002753874,0.668177203767413,0.5482813206693804,14.7078025857184,36.40362042315411,0.01049629338101859,0.04119210622481848,"[[2183, 922], [1055, 1798]]","[[203, 142], [157, 160]]"
disclosure_x_bias,249,init_easy,DCP,exponential,22.671252327353223,28.980323803368538,0.6680091365405223,0.5482813206693804,14.710030747602065,36.43125999347282,0.009623977280553926,0.04119210622481848,"[[2182, 923], [1055, 1798]]","[[203, 142], [157, 160]]"
disclosure_x_bias,250,init_easy,DCP,exponential,22.675974632299656,28.957637189782826,0.6680085725565393,0.5497964721845319,14.724785847150354,36.40275298456866,0.009934057412736895,0.04010234768250568,"[[2182, 923], [1055, 1798]]","[[204, 141], [157, 160]]"
disclosure_x_bias,251,init_easy,DCP,exponential,22.676111503268267,29.011054663048448,0.6680091365405223,0.5482813206693804,14.717799875972473,36.4931919248644,0.009785138012538223,0.04119210622481848,"[[2180, 925], [1053, 1800]]","[[203, 142], [157, 160]]"
disclosure_x_bias,252,init_easy,DCP,exponential,22.679472809576453,29.0034016298661,0.6675052168518414,0.5482813206693804,14.758104693805615,36.470326793756996,0.00991670295586104,0.0430097107968397,"[[2180, 925], [1056, 1797]]","[[203, 142], [157, 160]]"
disclosure_x_bias,253,init_easy,DCP,exponential,22.680968075135233,29.021242451352787,0.6680085725565394,0.5482813206693804,14.738214600294677,36.50629217216678,0.009548734331461249,0.04119210622481848,"[[2183, 922], [1056, 1797]]","[[203, 142], [157, 160]]"
disclosure_x_bias,254,init_easy,DCP,exponential,22.67999266834762,29.020364735702778,0.6675052168518414,0.5482813206693804,14.756805536818298,36.47431701311183,0.00991670295586104,0.0430097107968397,"[[2180, 925], [1056, 1797]]","[[203, 142], [157, 160]]"
disclosure_x_bias,255,init_easy,DCP,exponential,22.64211000325385,29.039279371589874,0.6678407873216401,0.5497964721845319,14.809115138895017,36.53132059156367,0.00972990782145283,0.04010234768250568,"[[2182, 923], [1056, 1797]]","[[204, 141], [157, 160]]"
disclosure_x_bias,256,init_easy,DCP,exponential,22.64629829056714,29.013959477066937,0.6688474987310361,0.5497964721845319,14.798219636637652,36.47658662660515,0.008994932103749322,0.04010234768250568,"[[2186, 919], [1054, 1799]]","[[204, 141], [157, 160]]"
disclosure_x_bias,257,init_easy,DCP,exponential,22.636907175716733,29.0335222298644,0.6693511364277255,0.5483039348710991,14.812414557142494,36.49920960673374,0.008918121158693924,0.03839092576288883,"[[2186, 919], [1051, 1802]]","[[203, 142], [157, 160]]"
disclosure_x_bias,258,init_easy,DCP,exponential,22.64771210784092,29.043519092749413,0.6686799954881282,0.5483039348710991,14.783232413120531,36.54184332156872,0.010100126056393932,0.03839092576288883,"[[2181, 924], [1050, 1803]]","[[203, 142], [157, 160]]"
disclosure_x_bias,259,init_easy,DCP,exponential,22.64859810731445,29.02625094510366,0.6696869888895155,0.5483039348710991,14.783011235289104,36.4986831173132,0.00941584412529657,0.03839092576288883,"[[2185, 920], [1048, 1805]]","[[203, 142], [157, 160]]"
disclosure_x_bias,260,init_easy,DCP,exponential,22.665156791770723,29.57106020077211,0.6696869888895155,0.5483039348710991,14.631430519151689,36.96946981863248,0.00964634827384946,0.03839092576288883,"[[2187, 918], [1050, 1803]]","[[203, 142], [157, 160]]"
disclosure_x_bias,261,init_easy,DCP,exponential,22.710403326349443,29.501137887060686,0.6696875528734985,0.5498190863862505,14.685618785353473,36.9052216202697,0.009123376460500588,0.03856457076528738,"[[2186, 919], [1049, 1804]]","[[203, 142], [156, 161]]"
disclosure_x_bias,262,init_easy,DCP,exponential,22.691716709596285,29.531951503331705,0.670190626586205,0.5483039348710991,14.713070614612448,36.91860480330794,0.009880295537018984,0.03839092576288883,"[[2189, 916], [1049, 1804]]","[[203, 142], [157, 160]]"
disclosure_x_bias,263,init_easy,DCP,exponential,22.69220899076394,29.48753400029828,0.6695192036546163,0.5498190863862505,14.702720948891953,36.899159644824664,0.009567666623681692,0.03856457076528738,"[[2187, 918], [1051, 1802]]","[[203, 142], [156, 161]]"
disclosure_x_bias,264,init_easy,DCP,exponential,22.69775768163279,29.51358497531253,0.6701909085781963,0.5483039348710991,14.709931393012077,36.91600674217463,0.010213725314213358,0.03839092576288883,"[[2188, 917], [1048, 1805]]","[[203, 142], [157, 160]]"
disclosure_x_bias,265,init_easy,DCP,exponential,22.68432484684179,29.493259966505907,0.6698553381083977,0.5483039348710991,14.696893943883769,36.89534690889753,0.010768699581988351,0.03772065718411182,"[[2185, 920], [1047, 1806]]","[[202, 143], [156, 161]]"
disclosure_x_bias,266,init_easy,DCP,exponential,22.7102443451815,29.556781350781442,0.6693514184197169,0.5498190863862505,14.757111351098137,36.96988541688472,0.010397510298149509,0.03986548034793464,"[[2185, 920], [1050, 1803]]","[[203, 142], [156, 161]]"
disclosure_x_bias,267,init_easy,DCP,exponential,22.688389920069604,29.524612721620418,0.6703586938130958,0.5513342379014021,14.72037767882486,36.93034480011867,0.009481978482368458,0.039968962214420235,"[[2188, 917], [1047, 1806]]","[[203, 142], [155, 162]]"
disclosure_x_bias,268,init_easy,DCP,exponential,22.694639289445863,29.558774049003887,0.6693514184197169,0.5498190863862505,14.727055403808235,36.975133377773034,0.010030007530076877,0.03986548034793464,"[[2185, 920], [1050, 1803]]","[[203, 142], [156, 161]]"
disclosure_x_bias,269,init_easy,DCP,exponential,22.7041537898282,29.541973457593446,0.6706953922508601,0.5498190863862505,14.728196258228811,36.93343827733177,0.009021748117932094,0.041740892790675055,"[[2191, 914], [1048, 1805]]","[[203, 142], [156, 161]]"
disclosure_x_bias,270,init_easy,DCP,exponential,22.70014439389924,29.575776946954484,0.6698547741244149,0.545273631840796,14.736127890626648,37.001026478804555,0.009688945671680084,0.042894689247702046,"[[2189, 916], [1051, 1802]]","[[201, 144], [157, 160]]"
disclosure_x_bias,271,init_easy,DCP,exponential,22.708065355373193,29.59869119464248,0.6708631774857594,0.5498190863862505,14.73813386486083,37.054125992075505,0.009149665312270119,0.041740892790675055,"[[2192, 913], [1048, 1805]]","[[203, 142], [156, 161]]"
disclosure_x_bias,272,init_easy,DCP,exponential,22.70187279634173,29.5244579361973,0.6701903445942136,0.5467887833559475,14.745433276558051,36.92073875694336,0.009954337752216482,0.0401054152314927,"[[2189, 916], [1049, 1804]]","[[202, 143], [157, 160]]"
disclosure_x_bias,273,init_easy,DCP,exponential,22.714990266871787,29.62884571524607,0.6708631774857594,0.5467887833559475,14.743291387198287,37.14505831712406,0.009485375574122726,0.0401054152314927,"[[2192, 913], [1048, 1805]]","[[202, 143], [157, 160]]"
disclosure_x_bias,274,init_easy,DCP,exponential,22.556307421561947,28.960493133655234,0.6713668151824488,0.5483039348710991,14.692116668904038,35.64872489891039,0.009393862157140687,0.04033495740077957,"[[2195, 910], [1048, 1805]]","[[202, 143], [156, 161]]"
disclosure_x_bias,275,init_easy,DCP,exponential,22.524160493847315,28.8913350516305,0.6715346004173481,0.545273631840796,14.703571165258118,35.64863833378328,0.009731285652408887,0.03916456498513423,"[[2199, 906], [1051, 1802]]","[[202, 143], [158, 159]]"
disclosure_x_bias,276,init_easy,DCP,exponential,22.533959258306076,28.91134880038254,0.6710303987366759,0.5483039348710991,14.720845982054572,35.680290077976665,0.009461667987051932,0.04033495740077957,"[[2196, 909], [1051, 1802]]","[[202, 143], [156, 161]]"
disclosure_x_bias,277,init_easy,DCP,exponential,22.4895697662404,28.897828260460464,0.6710306807286673,0.5483039348710991,14.709469271365112,35.64012696034634,0.008905284314194439,0.04033495740077957,"[[2199, 906], [1054, 1799]]","[[202, 143], [156, 161]]"
disclosure_x_bias,278,init_easy,DCP,exponential,22.50090848154444,28.912707244672994,0.6710306807286673,0.5483039348710991,14.722673935391938,35.682453582508025,0.008619704702143438,0.04033495740077957,"[[2198, 907], [1053, 1800]]","[[202, 143], [156, 161]]"
disclosure_x_bias,279,init_easy,DCP,exponential,22.48861430626679,28.90617258104112,0.6706948282668772,0.5483039348710991,14.72174915734961,35.66538571482575,0.009483733831684502,0.04033495740077957,"[[2197, 908], [1054, 1799]]","[[202, 143], [156, 161]]"
disclosure_x_bias,280,init_easy,DCP,exponential,22.48154851976448,28.899734793828298,0.6705270430319779,0.5467887833559475,14.729991560251099,35.6835181133522,0.008662681584040103,0.0401054152314927,"[[2196, 909], [1054, 1799]]","[[202, 143], [157, 160]]"
disclosure_x_bias,281,init_easy,DCP,exponential,22.486828948872862,28.890629007329984,0.6703592577970785,0.5498190863862505,14.73107346329078,35.65892287991296,0.009623481931571762,0.0398654803479347,"[[2194, 911], [1053, 1800]]","[[202, 143], [155, 162]]"
disclosure_x_bias,282,init_easy,DCP,exponential,22.503732578197564,28.89330812762097,0.6727102250296092,0.5513342379014021,14.727442609088403,35.64060127780899,0.009307231507436496,0.04060213224731065,"[[2202, 903], [1047, 1806]]","[[202, 143], [154, 163]]"
disclosure_x_bias,283,init_easy,DCP,exponential,22.52376307463119,28.914511600031272,0.6715343184253567,0.5498190863862505,14.755100066540765,35.67260057947338,0.00918001050688681,0.0398654803479347,"[[2200, 905], [1052, 1801]]","[[202, 143], [155, 162]]"
disclosure_x_bias,284,init_easy,DCP,exponential,22.522285762937294,28.893039786306936,0.6713662511984659,0.5498190863862505,14.750755494943215,35.62781988699896,0.009281312542267403,0.0398654803479347,"[[2199, 906], [1052, 1801]]","[[202, 143], [155, 162]]"
disclosure_x_bias,285,init_easy,DCP,exponential,22.52879240504975,28.896121231295275,0.6717023856522475,0.5498190863862505,14.754628629131645,35.652885395910175,0.009277623415088017,0.0398654803479347,"[[2199, 906], [1050, 1803]]","[[202, 143], [155, 162]]"
disclosure_x_bias,286,init_easy,DCP,exponential,22.512445122044696,28.862164566501303,0.6717023856522475,0.5483039348710991,14.75359885755135,35.57126632824328,0.009444696049105665,0.039697526194869444,"[[2199, 906], [1050, 1803]]","[[202, 143], [156, 161]]"
disclosure_x_bias,287,init_easy,DCP,exponential,22.574906934141463,28.956433700582085,0.6715343184253568,0.5483039348710991,14.776033595829496,35.77145628463354,0.008831748497647425,0.039049691208279634,"[[2198, 907], [1050, 1803]]","[[202, 143], [156, 161]]"
disclosure_x_bias,288,init_easy,DCP,exponential,22.564221449368706,28.961961365441745,0.6717023856522475,0.5483039348710991,14.77007189479248,35.758966664803005,0.009038534953921809,0.039049691208279634,"[[2198, 907], [1049, 1804]]","[[202, 143], [156, 161]]"
disclosure_x_bias,289,init_easy,DCP,exponential,22.559725149336053,28.957635488284694,0.6720382381140376,0.5467887833559475,14.776175069190513,35.78073071709021,0.008714269785325158,0.04602821261133207,"[[2198, 907], [1047, 1806]]","[[200, 145], [155, 162]]"
disclosure_x_bias,290,init_easy,DCP,exponential,22.55697245380492,28.97747154167656,0.6718701708871468,0.5467887833559475,14.764370481443642,35.81148112240083,0.00876142196367032,0.04602821261133207,"[[2199, 906], [1049, 1804]]","[[200, 145], [155, 162]]"
disclosure_x_bias,291,init_easy,DCP,exponential,22.557358966920788,28.964638972970892,0.6722060233489369,0.5467887833559475,14.771806912925031,35.80617328604406,0.008818290416700661,0.04602821261133207,"[[2197, 908], [1045, 1808]]","[[200, 145], [155, 162]]"
disclosure_x_bias,292,init_easy,DCP,exponential,22.565702842620702,28.998400964595994,0.6718698888951554,0.5497964721845319,14.78861710134329,35.851319866939996,0.008664809569789251,0.048191400945329754,"[[2197, 908], [1047, 1806]]","[[201, 144], [154, 163]]"
disclosure_x_bias,293,init_easy,DCP,exponential,22.571305882604612,29.011833085003747,0.6722057413569454,0.5467887833559475,14.828632640339363,35.871393799020325,0.008614917664318012,0.04602821261133207,"[[2198, 907], [1046, 1807]]","[[200, 145], [155, 162]]"
disclosure_x_bias,294,init_easy,DCP,exponential,22.556160331678623,29.0191663017263,0.672541311826744,0.545273631840796,14.80073519839129,35.8900796757328,0.009297053168380837,0.04577150181399661,"[[2202, 903], [1048, 1805]]","[[200, 145], [156, 161]]"
disclosure_x_bias,295,init_easy,DCP,exponential,22.563355279632525,28.995618711397004,0.67321414471829,0.545273631840796,14.802861502320434,35.845352701953296,0.00932760757484165,0.04577150181399661,"[[2204, 901], [1046, 1807]]","[[200, 145], [156, 161]]"
disclosure_x_bias,296,init_easy,DCP,exponential,22.51675278270634,29.01826802837894,0.6735497151880887,0.545273631840796,14.784436347447928,35.891724679402074,0.009032139538837122,0.04577150181399661,"[[2205, 900], [1045, 1808]]","[[200, 145], [156, 161]]"
disclosure_x_bias,297,init_easy,DCP,exponential,22.52108967450732,29.01472998461469,0.6730460774913992,0.5437584803256444,14.776660369970788,35.8886409171953,0.009158594882804056,0.044892623866733546,"[[2204, 901], [1047, 1806]]","[[200, 145], [157, 160]]"
disclosure_x_bias,298,init_easy,DCP,exponential,22.54758111914387,29.000669793160846,0.672541311826744,0.5483039348710991,14.774874017572904,35.865315444601336,0.008741694345154585,0.0467768748032251,"[[2194, 911], [1040, 1813]]","[[200, 145], [154, 163]]"
disclosure_x_bias,299,init_easy,DCP,exponential,22.54541920176161,29.029605443561167,0.6720371101460719,0.5483039348710991,14.773554383659825,35.9269417609848,0.008580427037450941,0.0467768748032251,"[[2193, 912], [1042, 1811]]","[[200, 145], [154, 163]]"
disclosure_x_bias,300,init_easy,DCP,exponential,22.5452450993673,29.008681941019894,0.6727093790536349,0.5483039348710991,14.778796625630124,35.88433737757732,0.00864499205537307,0.0467768748032251,"[[2198, 907], [1043, 1810]]","[[200, 145], [154, 163]]"
disclosure_x_bias,1,init_easy,TD_U,log_loss,0.6425103956347165,0.8974948755609164,0.6181583103039874,0.5468566259611036,0.006762623238129577,0.2806540742380735,0.02399627250590758,0.024994530524254606,"[[2030, 1075], [1200, 1653]]","[[209, 136], [164, 153]]"
disclosure_x_bias,2,init_easy,TD_U,log_loss,0.6416981009370419,0.8972420148569278,0.6189986464384412,0.5468566259611036,0.0067078064589824495,0.2806181268595453,0.022542693543351464,0.024994530524254606,"[[2037, 1068], [1202, 1651]]","[[209, 136], [164, 153]]"
disclosure_x_bias,3,init_easy,TD_U,log_loss,0.640986949987836,0.8971473419714965,0.6216846201567876,0.5483717774762551,0.006672246729868829,0.28091247877535247,0.023567853171152977,0.02634345820143053,"[[2054, 1051], [1203, 1650]]","[[210, 135], [164, 153]]"
disclosure_x_bias,4,init_easy,TD_U,log_loss,0.6402811407790996,0.8964834780129609,0.6225235463312841,0.5483717774762551,0.006648821840535468,0.2810583743134441,0.024269206599310325,0.02634345820143053,"[[2059, 1046], [1203, 1650]]","[[210, 135], [164, 153]]"
disclosure_x_bias,5,init_easy,TD_U,log_loss,0.6396642171127638,0.8970450981358808,0.6247081382888726,0.5423790140208051,0.0066285505663089776,0.2812685019387889,0.022077652845517142,0.030334366460042173,"[[2089, 1016], [1220, 1633]]","[[210, 135], [168, 149]]"
disclosure_x_bias,6,init_easy,TD_U,log_loss,0.6390354777614663,0.8971663451373552,0.6248756415317805,0.5423790140208051,0.0066480892630754055,0.2812836995914513,0.021654932822298304,0.030334366460042173,"[[2089, 1016], [1219, 1634]]","[[210, 135], [168, 149]]"
disclosure_x_bias,7,init_easy,TD_U,log_loss,0.6384708717171581,0.8969210167999859,0.6255473464553607,0.5423790140208051,0.006646081196389079,0.28145763120019884,0.021462926398950966,0.030334366460042173,"[[2093, 1012], [1219, 1634]]","[[210, 135], [168, 149]]"
disclosure_x_bias,8,init_easy,TD_U,log_loss,0.6379464604974279,0.896493537978802,0.6255473464553607,0.5438941655359566,0.006640513105340892,0.28174216789870243,0.02122846321516982,0.030878567880708453,"[[2098, 1007], [1224, 1629]]","[[211, 134], [168, 149]]"
disclosure_x_bias,9,init_easy,TD_U,log_loss,0.6373967315571131,0.8961944074844613,0.6280641249788507,0.5529850746268656,0.006640398356466164,0.2818979473344323,0.016252076106795264,0.05321427545875726,"[[2073, 1032], [1184, 1669]]","[[209, 136], [160, 157]]"
disclosure_x_bias,10,init_easy,TD_U,log_loss,0.6369138094625981,0.8965240282571315,0.6280641249788507,0.5529850746268656,0.006641893641406476,0.28178716164171297,0.016252076106795264,0.05321427545875726,"[[2071, 1034], [1182, 1671]]","[[209, 136], [160, 157]]"
disclosure_x_bias,11,init_easy,TD_U,log_loss,0.6364104812606282,0.8967368224171312,0.6292386216231459,0.5529850746268656,0.006671529158196069,0.28199757532538927,0.014964813592615474,0.05321427545875726,"[[2095, 1010], [1199, 1654]]","[[211, 134], [162, 155]]"
disclosure_x_bias,12,init_easy,TD_U,log_loss,0.6359237248004498,0.89643816178535,0.6295741920929446,0.5545002261420172,0.006693064315838096,0.28220956703678296,0.015125888453232074,0.05461141130067686,"[[2097, 1008], [1199, 1654]]","[[212, 133], [162, 155]]"
disclosure_x_bias,13,init_easy,TD_U,log_loss,0.6354862270336082,0.8961929236298827,0.6302453330325418,0.5575305291723203,0.006691671406284392,0.28194025846417664,0.015049077773094213,0.054427058818320065,"[[2102, 1003], [1200, 1653]]","[[214, 131], [162, 155]]"
disclosure_x_bias,14,init_easy,TD_U,log_loss,0.6350112812886903,0.8960010602580175,0.6304134002594326,0.5575305291723203,0.006731144429153465,0.28176520069882727,0.014827508648930543,0.054427058818320065,"[[2104, 1001], [1201, 1652]]","[[214, 131], [162, 155]]"
disclosure_x_bias,15,init_easy,TD_U,log_loss,0.6345888542570455,0.8959891370246034,0.6304134002594326,0.5575305291723203,0.006738860283630503,0.2816955748756409,0.014827508648930543,0.054427058818320065,"[[2106, 999], [1203, 1650]]","[[214, 131], [162, 155]]"
disclosure_x_bias,16,init_easy,TD_U,log_loss,0.634163871721053,0.8960163868217361,0.6304134002594326,0.5575305291723203,0.006757700832240251,0.28192125418785985,0.014827508648930543,0.054427058818320065,"[[2104, 1001], [1201, 1652]]","[[214, 131], [162, 155]]"
disclosure_x_bias,17,init_easy,TD_U,log_loss,0.6337648660582802,0.8962596001755916,0.6304134002594326,0.5575305291723203,0.006765273685471711,0.28222720487233804,0.014827508648930543,0.054427058818320065,"[[2104, 1001], [1201, 1652]]","[[214, 131], [162, 155]]"
disclosure_x_bias,18,init_easy,TD_U,log_loss,0.6333767414794524,0.8960302964012291,0.6310845411990299,0.5560153776571687,0.006774722386226679,0.2823058677183075,0.01516735907785623,0.054542701143771764,"[[2109, 996], [1202, 1651]]","[[214, 131], [163, 154]]"
disclosure_x_bias,19,init_easy,TD_U,log_loss,0.6329926728316719,0.8957932992482652,0.6310845411990299,0.5560153776571687,0.006788488536011508,0.2820041524463008,0.01516735907785623,0.054542701143771764,"[[2109, 996], [1202, 1651]]","[[214, 131], [163, 154]]"
disclosure_x_bias,20,init_easy,TD_U,log_loss,0.6326076785189654,0.8960230453625236,0.6322593198353167,0.5560153776571687,0.006818848100432514,0.2821351283205511,0.013293751960174467,0.054542701143771764,"[[2086, 1019], [1172, 1681]]","[[211, 134], [160, 157]]"
disclosure_x_bias,21,init_easy,TD_U,log_loss,0.6322362909726317,0.8959603541822604,0.632427105070216,0.5560153776571687,0.006832719602005412,0.2820608997481221,0.013378739079275816,0.054542701143771764,"[[2087, 1018], [1172, 1681]]","[[211, 134], [160, 157]]"
disclosure_x_bias,22,init_easy,TD_U,log_loss,0.6318544698118896,0.895846720383384,0.6325948903051153,0.5560153776571687,0.006854549636999594,0.28223841680331874,0.013622558493117536,0.054542701143771764,"[[2089, 1016], [1173, 1680]]","[[211, 134], [160, 157]]"
disclosure_x_bias,23,init_easy,TD_U,log_loss,0.6315100938646369,0.8958389665403018,0.6317559641306187,0.5560153776571687,0.0068600940394441205,0.2821885513250368,0.015316989342932267,0.054542701143771764,"[[2113, 992], [1202, 1651]]","[[214, 131], [163, 154]]"
disclosure_x_bias,24,init_easy,TD_U,log_loss,0.631162104817413,0.8952683060311853,0.632930460774914,0.5560153776571687,0.006873803951696818,0.28246192425223055,0.013776608346070793,0.054542701143771764,"[[2096, 1009], [1178, 1675]]","[[212, 133], [161, 156]]"
disclosure_x_bias,25,init_easy,TD_U,log_loss,0.6308266453032537,0.8950420349285088,0.632930460774914,0.5560153776571687,0.006882547892156077,0.28249914356189226,0.013776608346070793,0.054542701143771764,"[[2096, 1009], [1178, 1675]]","[[212, 133], [161, 156]]"
disclosure_x_bias,26,init_easy,TD_U,log_loss,0.6304861241393291,0.8951611593321452,0.6327626755400146,0.5560153776571687,0.006903966193187524,0.2825121935596089,0.013746526596675867,0.054542701143771764,"[[2095, 1010], [1178, 1675]]","[[212, 133], [161, 156]]"
disclosure_x_bias,27,init_easy,TD_U,log_loss,0.6301418806587157,0.8952023994773217,0.6325948903051153,0.5560153776571687,0.006931683279671647,0.2825652315729738,0.013507261479315724,0.054542701143771764,"[[2095, 1010], [1179, 1674]]","[[212, 133], [161, 156]]"
disclosure_x_bias,28,init_easy,TD_U,log_loss,0.6298066782428058,0.8945339132781273,0.6325948903051153,0.5560153776571687,0.006955479036979158,0.28274105042690234,0.013507261479315724,0.054542701143771764,"[[2095, 1010], [1179, 1674]]","[[212, 133], [161, 156]]"
disclosure_x_bias,29,init_easy,TD_U,log_loss,0.629506669964924,0.8949691455958938,0.6325948903051153,0.5560153776571687,0.006959767452600397,0.28279697378728696,0.013507261479315724,0.054542701143771764,"[[2095, 1010], [1179, 1674]]","[[212, 133], [161, 156]]"
disclosure_x_bias,30,init_easy,TD_U,log_loss,0.6292056267231311,0.8946378235486266,0.6332668772206869,0.5575305291723203,0.0069635662310212195,0.2829353646671335,0.014384516330233004,0.054427058818320065,"[[2099, 1006], [1179, 1674]]","[[212, 133], [160, 157]]"
disclosure_x_bias,31,init_easy,TD_U,log_loss,0.628901841760484,0.8945699549372843,0.6336024476904856,0.5575305291723203,0.006974980466641313,0.28294360527453055,0.014448434051123388,0.054427058818320065,"[[2101, 1004], [1179, 1674]]","[[212, 133], [160, 157]]"
disclosure_x_bias,32,init_easy,TD_U,log_loss,0.6286224181725265,0.8949530653710346,0.6336024476904856,0.559023066485753,0.0069753378674278985,0.28282971000576745,0.014448434051123388,0.05262143276816594,"[[2100, 1005], [1178, 1675]]","[[212, 133], [159, 158]]"
disclosure_x_bias,33,init_easy,TD_U,log_loss,0.6283368772078866,0.894793832373308,0.6336021656984941,0.5575079149706015,0.006973313709541797,0.2829634167340788,0.014390390891490539,0.05278865485291557,"[[2099, 1006], [1177, 1676]]","[[212, 133], [160, 157]]"
disclosure_x_bias,34,init_easy,TD_U,log_loss,0.6280098765759174,0.8946349569900592,0.6339380181602843,0.5575079149706015,0.006985388466781102,0.2829897551977047,0.014717537785987311,0.05278865485291557,"[[2102, 1003], [1178, 1675]]","[[212, 133], [160, 157]]"
disclosure_x_bias,35,init_easy,TD_U,log_loss,0.6277253652364172,0.8945504712426198,0.6336024476904856,0.5575079149706015,0.007007372483555333,0.2831801163740773,0.014620602795170438,0.05278865485291557,"[[2100, 1005], [1178, 1675]]","[[212, 133], [160, 157]]"
disclosure_x_bias,36,init_easy,TD_U,log_loss,0.6274622855701891,0.8946233294347662,0.6336024476904856,0.5590230664857531,0.007009963890094503,0.2832837733834088,0.014620602795170438,0.056816828575236386,"[[2092, 1013], [1170, 1683]]","[[212, 133], [159, 158]]"
disclosure_x_bias,37,init_easy,TD_U,log_loss,0.6272042731088092,0.8944328849758003,0.634273588630083,0.5575079149706015,0.007018942929063807,0.28343379362823545,0.014549653004275834,0.058735336162099645,"[[2097, 1008], [1171, 1682]]","[[212, 133], [160, 157]]"
disclosure_x_bias,38,init_easy,TD_U,log_loss,0.6269349488028813,0.8947313113181199,0.6341058033951835,0.5575079149706015,0.007022572485914347,0.2834187136364288,0.014516874816402254,0.058735336162099645,"[[2096, 1009], [1171, 1682]]","[[212, 133], [160, 157]]"
disclosure_x_bias,39,init_easy,TD_U,log_loss,0.6266500470974303,0.8947345262972025,0.6359514409790762,0.5575079149706015,0.007060723081239602,0.2834212607277745,0.01417349521683008,0.05741771596366218,"[[2094, 1011], [1158, 1695]]","[[211, 134], [159, 158]]"
disclosure_x_bias,40,init_easy,TD_U,log_loss,0.6263927400790573,0.8948634966942196,0.6359514409790762,0.5575079149706015,0.007066413801795603,0.28341092964158987,0.013973460188924591,0.05741771596366218,"[[2094, 1011], [1158, 1695]]","[[211, 134], [159, 158]]"
disclosure_x_bias,41,init_easy,TD_U,log_loss,0.6261415256065813,0.8949406509537944,0.6357833737521854,0.5575079149706015,0.00707640210073587,0.2833414792574835,0.013720536788135972,0.05741771596366218,"[[2094, 1011], [1159, 1694]]","[[211, 134], [159, 158]]"
disclosure_x_bias,42,init_easy,TD_U,log_loss,0.6258995624962529,0.8948996722821507,0.6366237098866392,0.5575079149706015,0.0070736827903790335,0.2833524493876862,0.012343412357652423,0.05741771596366218,"[[2102, 1003], [1162, 1691]]","[[211, 134], [159, 158]]"
disclosure_x_bias,43,init_easy,TD_U,log_loss,0.6256656073954955,0.8948011013214078,0.6366237098866392,0.5575079149706015,0.007078120276176775,0.28326682204201487,0.012113193287527526,0.05741771596366218,"[[2102, 1003], [1162, 1691]]","[[211, 134], [159, 158]]"
disclosure_x_bias,44,init_easy,TD_U,log_loss,0.6254096251898242,0.8945329446517789,0.6367914951215385,0.5575079149706015,0.007092343651693198,0.2834698165912295,0.01231861041502541,0.05741771596366218,"[[2103, 1002], [1162, 1691]]","[[211, 134], [159, 158]]"
disclosure_x_bias,45,init_easy,TD_U,log_loss,0.6251460726154995,0.8942745391515843,0.6369592803564379,0.5575079149706015,0.007092143469990798,0.2834421654900692,0.012342006791031352,0.05741771596366218,"[[2104, 1001], [1162, 1691]]","[[211, 134], [159, 158]]"
disclosure_x_bias,46,init_easy,TD_U,log_loss,0.6249095651503329,0.8943439137607305,0.6369592803564379,0.5575079149706015,0.007106029645634294,0.28356673211981376,0.012342006791031352,0.05741771596366218,"[[2104, 1001], [1162, 1691]]","[[211, 134], [159, 158]]"
disclosure_x_bias,47,init_easy,TD_U,log_loss,0.6246771889437599,0.8945541413345548,0.637295132818228,0.5575079149706015,0.007104406357079218,0.28358061196516626,0.012296722667890857,0.05741771596366218,"[[2106, 999], [1162, 1691]]","[[211, 134], [159, 158]]"
disclosure_x_bias,48,init_easy,TD_U,log_loss,0.6244426113113297,0.8943044448285876,0.6371273475833286,0.5590230664857531,0.007120758952033961,0.28327713618404693,0.012580334386517534,0.05591173047122658,"[[2106, 999], [1163, 1690]]","[[212, 133], [159, 158]]"
disclosure_x_bias,49,init_easy,TD_U,log_loss,0.6241855730151086,0.8942044151403363,0.6372951328182279,0.5575079149706015,0.0071609699511460696,0.28328674733110887,0.012498566635238805,0.05741771596366218,"[[2106, 999], [1162, 1691]]","[[211, 134], [159, 158]]"
disclosure_x_bias,50,init_easy,TD_U,log_loss,0.6239656553087819,0.8940451034133947,0.6374629180531273,0.5575079149706015,0.007162931463682959,0.2833994717321662,0.012712518719615876,0.05741771596366218,"[[2107, 998], [1162, 1691]]","[[211, 134], [159, 158]]"
disclosure_x_bias,51,init_easy,TD_U,log_loss,0.6237218350328024,0.8940650078948187,0.6379662737578252,0.5575079149706015,0.007189853581479917,0.2834150746822517,0.012545738250678982,0.05741771596366218,"[[2110, 995], [1162, 1691]]","[[211, 134], [159, 158]]"
disclosure_x_bias,52,init_easy,TD_U,log_loss,0.623506563233098,0.8940918103639957,0.6381340589927247,0.5590230664857531,0.007190077445537563,0.2834497000764615,0.012501331892314511,0.06155744664280422,"[[2114, 991], [1165, 1688]]","[[212, 133], [159, 158]]"
disclosure_x_bias,53,init_easy,TD_U,log_loss,0.6232888002494433,0.894270286990808,0.6384696294625233,0.5590230664857531,0.007186733018736573,0.2834053415763319,0.012479900393805775,0.06155744664280422,"[[2115, 990], [1164, 1689]]","[[212, 133], [159, 158]]"
disclosure_x_bias,54,init_easy,TD_U,log_loss,0.6230706060791882,0.8942388716556342,0.6386374146974225,0.5544776119402985,0.0072050166545930255,0.2833514892143645,0.01284846846933222,0.04949227103215141,"[[2125, 980], [1173, 1680]]","[[211, 134], [161, 156]]"
disclosure_x_bias,55,init_easy,TD_U,log_loss,0.622848987692332,0.8943609566043473,0.6386374146974225,0.5544776119402985,0.007221600211723639,0.28310347040854233,0.0126769065583249,0.04949227103215141,"[[2126, 979], [1174, 1679]]","[[211, 134], [161, 156]]"
disclosure_x_bias,56,init_easy,TD_U,log_loss,0.6226348199240452,0.8945614607384904,0.6393099655969771,0.5575305291723203,0.007228939866191166,0.2833706397631215,0.011175886394523478,0.06310791378440547,"[[2121, 984], [1165, 1688]]","[[212, 133], [160, 157]]"
disclosure_x_bias,57,init_easy,TD_U,log_loss,0.6224350996487511,0.8944058575779341,0.6394777508318763,0.5575305291723203,0.007224508087831086,0.2833198193353775,0.011243450141738526,0.06310791378440547,"[[2121, 984], [1164, 1689]]","[[212, 133], [160, 157]]"
disclosure_x_bias,58,init_easy,TD_U,log_loss,0.6222322410221176,0.8943137991882978,0.639813321301675,0.5560153776571687,0.007213557831245263,0.2830645634555787,0.010891363737131059,0.0590343821290809,"[[2122, 983], [1163, 1690]]","[[211, 134], [160, 157]]"
disclosure_x_bias,59,init_easy,TD_U,log_loss,0.6220331475309763,0.8942196298664058,0.6401488917714737,0.5545002261420172,0.007214010442125692,0.28280668315284635,0.011178861269775846,0.057788516696348755,"[[2127, 978], [1166, 1687]]","[[211, 134], [161, 156]]"
disclosure_x_bias,60,init_easy,TD_U,log_loss,0.6218158225427541,0.8943003564366279,0.6399811065365744,0.5575305291723203,0.007239970046768152,0.2825481650094186,0.011150248487195896,0.0576143311106304,"[[2125, 980], [1165, 1688]]","[[212, 133], [160, 157]]"
disclosure_x_bias,61,init_easy,TD_U,log_loss,0.6216171906146425,0.8940590716929881,0.6399811065365744,0.5575305291723203,0.007246175726423922,0.2825390387151179,0.011150248487195896,0.0576143311106304,"[[2125, 980], [1165, 1688]]","[[212, 133], [160, 157]]"
disclosure_x_bias,62,init_easy,TD_U,log_loss,0.6214073768947518,0.8942069142377284,0.6403166770063731,0.5560153776571687,0.007263929079884417,0.28255321893103813,0.011148635908302762,0.0590343821290809,"[[2126, 979], [1164, 1689]]","[[211, 134], [160, 157]]"
disclosure_x_bias,63,init_easy,TD_U,log_loss,0.6212151357365563,0.8943458552369845,0.6406522474761717,0.5560153776571687,0.007261971378208536,0.2824996081319766,0.011657282547532552,0.0590343821290809,"[[2126, 979], [1162, 1691]]","[[211, 134], [160, 157]]"
disclosure_x_bias,64,init_easy,TD_U,log_loss,0.6210095328080529,0.8943560503558736,0.6404844622412724,0.5560153776571687,0.0072727406167484515,0.2825815173654786,0.01163791294279155,0.0590343821290809,"[[2125, 980], [1162, 1691]]","[[211, 134], [160, 157]]"
disclosure_x_bias,65,init_easy,TD_U,log_loss,0.6208231757550767,0.8943902694927133,0.6406522474761717,0.5499547715965626,0.007274539986552407,0.28277545033412166,0.011737505217450959,0.048601591341723795,"[[2140, 965], [1176, 1677]]","[[211, 134], [164, 153]]"
disclosure_x_bias,66,init_easy,TD_U,log_loss,0.620618177642111,0.894315384265221,0.6406522474761717,0.5514699231117142,0.00729456840839722,0.2828589273662187,0.011657282547532552,0.04971870523831893,"[[2138, 967], [1174, 1679]]","[[211, 134], [163, 154]]"
disclosure_x_bias,67,init_easy,TD_U,log_loss,0.6204266005534007,0.8943112918401775,0.6411556031808697,0.5499547715965626,0.007298738995230764,0.2827847943271196,0.011858504070331594,0.048601591341723795,"[[2140, 965], [1173, 1680]]","[[211, 134], [164, 153]]"
disclosure_x_bias,68,init_easy,TD_U,log_loss,0.6202437205521556,0.8943612885145462,0.6414914556426597,0.5514699231117142,0.007293338108486783,0.2828845671641674,0.010727479844620988,0.04920299226718318,"[[2141, 964], [1172, 1681]]","[[212, 133], [164, 153]]"
disclosure_x_bias,69,init_easy,TD_U,log_loss,0.6200424796942459,0.8943632987822788,0.6416592408775591,0.5514699231117142,0.007298333863973255,0.28295769165660783,0.011215602324909967,0.04920299226718318,"[[2142, 963], [1172, 1681]]","[[212, 133], [164, 153]]"
disclosure_x_bias,70,init_easy,TD_U,log_loss,0.6198426665398056,0.8941854466739756,0.6418270261124583,0.5514699231117142,0.0072891521454234096,0.28309298664153704,0.011327193856708736,0.04920299226718318,"[[2143, 962], [1172, 1681]]","[[212, 133], [164, 153]]"
disclosure_x_bias,71,init_easy,TD_U,log_loss,0.6196606706818127,0.8940595564099525,0.6414914556426597,0.5499547715965626,0.007290161561125298,0.28298752169791497,0.01151501421156065,0.048601591341723795,"[[2141, 964], [1172, 1681]]","[[211, 134], [164, 153]]"
disclosure_x_bias,72,init_easy,TD_U,log_loss,0.6194649655125968,0.8945761939276032,0.6418270261124583,0.5499547715965626,0.007282838182824844,0.2830461340626635,0.01189297553281897,0.048601591341723795,"[[2142, 963], [1171, 1682]]","[[211, 134], [164, 153]]"
disclosure_x_bias,73,init_easy,TD_U,log_loss,0.6192688627496582,0.8946701748368548,0.6423306638091478,0.5514699231117142,0.007290108907479328,0.2830369405286447,0.011412200373937004,0.04920299226718318,"[[2143, 962], [1169, 1684]]","[[212, 133], [164, 153]]"
disclosure_x_bias,74,init_easy,TD_U,log_loss,0.6190838704788965,0.8946011914736847,0.6424981670520558,0.5499547715965626,0.007296857890768746,0.28294324164025186,0.01132952347480812,0.045343394951919955,"[[2142, 963], [1167, 1686]]","[[211, 134], [164, 153]]"
disclosure_x_bias,75,init_easy,TD_U,log_loss,0.6188874546331468,0.8947019231062917,0.642666516270938,0.5499547715965626,0.007316612904215142,0.282716098064891,0.011489011216421716,0.045343394951919955,"[[2141, 964], [1165, 1688]]","[[211, 134], [164, 153]]"
disclosure_x_bias,76,init_easy,TD_U,log_loss,0.6186951940781545,0.8945389767196534,0.6428343015058372,0.5499547715965626,0.007339305292473183,0.2829744284957416,0.011418573048434863,0.045343394951919955,"[[2143, 962], [1166, 1687]]","[[211, 134], [164, 153]]"
disclosure_x_bias,77,init_easy,TD_U,log_loss,0.6185216165863777,0.8945260107625537,0.6431698719756358,0.5469244685662595,0.007341291233470281,0.28298820615404846,0.011351025813917196,0.04443078407302662,"[[2145, 960], [1166, 1687]]","[[210, 135], [165, 152]]"
disclosure_x_bias,78,init_easy,TD_U,log_loss,0.618327893217409,0.8946731524264477,0.6448499802605606,0.5514246947082768,0.00734520479961666,0.2831134037240092,0.01075157014711438,0.04135675251873549,"[[2173, 932], [1184, 1669]]","[[214, 131], [166, 151]]"
disclosure_x_bias,79,init_easy,TD_U,log_loss,0.6181433609820137,0.8945055574293843,0.6451855507303592,0.5514246947082768,0.007350545225864978,0.28323107053336305,0.010726486415790779,0.04135675251873549,"[[2169, 936], [1178, 1675]]","[[213, 132], [165, 152]]"
disclosure_x_bias,80,init_easy,TD_U,log_loss,0.6179738211359014,0.8947793420285167,0.6455211212001579,0.5514246947082768,0.007345184223691732,0.28299657650033333,0.009643557896372355,0.04135675251873549,"[[2168, 937], [1175, 1678]]","[[213, 132], [165, 152]]"
disclosure_x_bias,81,init_easy,TD_U,log_loss,0.6178029168933826,0.8947124263409588,0.6458566916699565,0.5514246947082768,0.007332229576089167,0.28300302549245243,0.009458149468147468,0.04135675251873549,"[[2172, 933], [1177, 1676]]","[[214, 131], [166, 151]]"
disclosure_x_bias,82,init_easy,TD_U,log_loss,0.6176431753098255,0.8948347496485807,0.646024476904856,0.5514246947082768,0.0073313915252477095,0.28291151746574383,0.009409056230243894,0.04135675251873549,"[[2172, 933], [1176, 1677]]","[[214, 131], [166, 151]]"
disclosure_x_bias,83,init_easy,TD_U,log_loss,0.6174750912138907,0.8946340755521011,0.6458566916699565,0.5514246947082768,0.007335488107213565,0.28298952724166215,0.009458149468147468,0.04135675251873549,"[[2172, 933], [1177, 1676]]","[[214, 131], [166, 151]]"
disclosure_x_bias,84,init_easy,TD_U,log_loss,0.6173127205563068,0.8948292055032436,0.6458566916699565,0.5529398462234283,0.00733686409280269,0.2829539026538937,0.00958952455255528,0.04550101894582413,"[[2160, 945], [1165, 1688]]","[[213, 132], [164, 153]]"
disclosure_x_bias,85,init_easy,TD_U,log_loss,0.6171449198250192,0.894604495345888,0.6466956178444532,0.5499095431931252,0.007337581995127014,0.2826925044207702,0.009444814047460507,0.04594067642499291,"[[2163, 942], [1163, 1690]]","[[212, 133], [165, 152]]"
disclosure_x_bias,86,init_easy,TD_U,log_loss,0.6169675183052001,0.8946143125927992,0.6468634030793525,0.5499095431931252,0.007354249148025966,0.28251756327948885,0.009412282342554354,0.04594067642499291,"[[2162, 943], [1161, 1692]]","[[212, 133], [165, 152]]"
disclosure_x_bias,87,init_easy,TD_U,log_loss,0.6167964606476068,0.8945952254958381,0.6470311883142519,0.5514246947082768,0.007351553456552414,0.2823280836875233,0.009207988837333324,0.045469631586460134,"[[2164, 941], [1162, 1691]]","[[213, 132], [165, 152]]"
disclosure_x_bias,88,init_easy,TD_U,log_loss,0.6166117896143818,0.8946164734175932,0.6470311883142519,0.5499095431931252,0.00735549393785922,0.2825374835048999,0.009704175395769742,0.04594067642499291,"[[2162, 943], [1160, 1693]]","[[212, 133], [165, 152]]"
disclosure_x_bias,89,init_easy,TD_U,log_loss,0.616448059528245,0.8947864922628668,0.6468634030793525,0.5499095431931252,0.007357930458791828,0.28227825762290915,0.009412282342554354,0.04594067642499291,"[[2163, 942], [1162, 1691]]","[[212, 133], [165, 152]]"
disclosure_x_bias,90,init_easy,TD_U,log_loss,0.6162954857737821,0.8948028254426419,0.6470309063222605,0.5514246947082768,0.0073542666477660204,0.2823634335225525,0.009151808177732312,0.045469631586460134,"[[2164, 941], [1162, 1691]]","[[213, 132], [165, 152]]"
disclosure_x_bias,91,init_easy,TD_U,log_loss,0.6161044191960218,0.8948329739574001,0.6471986915571598,0.5499095431931252,0.007347824604949431,0.2819750363920608,0.009281439129142614,0.04594067642499291,"[[2164, 941], [1161, 1692]]","[[212, 133], [165, 152]]"
disclosure_x_bias,92,init_easy,TD_U,log_loss,0.6159547946624098,0.8949695818958234,0.6480376177316565,0.5483943916779738,0.007342623557938102,0.28178061219974393,0.01026094926708943,0.04232488825972103,"[[2160, 945], [1152, 1701]]","[[210, 135], [164, 153]]"
disclosure_x_bias,93,init_easy,TD_U,log_loss,0.6157929196365197,0.8949431021104838,0.6482056849585472,0.5483943916779738,0.0073524990512476365,0.2817514573024631,0.010256899290822186,0.04232488825972103,"[[2159, 946], [1150, 1703]]","[[210, 135], [164, 153]]"
disclosure_x_bias,94,init_easy,TD_U,log_loss,0.6156275683103746,0.8955511489067621,0.6482056849585472,0.5483943916779738,0.007332829267546698,0.28182375185166136,0.010256899290822186,0.04232488825972103,"[[2160, 945], [1151, 1702]]","[[210, 135], [164, 153]]"
disclosure_x_bias,95,init_easy,TD_U,log_loss,0.6154643517186287,0.895475034814722,0.6482056849585472,0.5483943916779738,0.007345632749770083,0.28184292520980064,0.010256899290822186,0.04232488825972103,"[[2159, 946], [1150, 1703]]","[[210, 135], [164, 153]]"
disclosure_x_bias,96,init_easy,TD_U,log_loss,0.6153177944097672,0.8955897543788544,0.6482059669505386,0.5483943916779738,0.007343428148852462,0.28180849415671977,0.010576728890375892,0.04232488825972103,"[[2159, 946], [1150, 1703]]","[[210, 135], [164, 153]]"
disclosure_x_bias,97,init_easy,TD_U,log_loss,0.6151640257446124,0.8954643228199128,0.6473659128080762,0.5513794663048394,0.007338512833539107,0.2818684864319739,0.010934922927838013,0.041327834323559444,"[[2167, 938], [1163, 1690]]","[[212, 133], [164, 153]]"
disclosure_x_bias,98,init_easy,TD_U,log_loss,0.6150014982001913,0.8955534800381034,0.6482048389825729,0.5513794663048394,0.007334764196433685,0.28167841149382133,0.010618534005458508,0.041327834323559444,"[[2169, 936], [1160, 1693]]","[[212, 133], [164, 153]]"
disclosure_x_bias,99,init_easy,TD_U,log_loss,0.6148559719550637,0.8953851281430152,0.6487090406632452,0.5483943916779738,0.007328448194334043,0.28167120399044304,0.010105069405279098,0.04232488825972103,"[[2162, 943], [1150, 1703]]","[[210, 135], [164, 153]]"
disclosure_x_bias,100,init_easy,TD_U,log_loss,0.6147107249968208,0.8957133481405641,0.6482051209745643,0.5528946178199909,0.007322143704995868,0.28163953564223954,0.009874930454036908,0.04011193210880474,"[[2169, 936], [1160, 1693]]","[[213, 132], [164, 153]]"
disclosure_x_bias,101,init_easy,TD_U,log_loss,0.6145600377352324,0.8958085205459826,0.6487093226552366,0.5483943916779738,0.007320702207461077,0.2815541444979358,0.010094243474154064,0.04232488825972103,"[[2162, 943], [1150, 1703]]","[[210, 135], [164, 153]]"
disclosure_x_bias,102,init_easy,TD_U,log_loss,0.6144135657517702,0.895973442102272,0.6482051209745643,0.5513794663048394,0.007317300816056144,0.2816965039758504,0.010125168197938723,0.041327834323559444,"[[2170, 935], [1161, 1692]]","[[212, 133], [164, 153]]"
disclosure_x_bias,103,init_easy,TD_U,log_loss,0.6142664310772676,0.8957661703213311,0.6482051209745643,0.5513794663048394,0.0073183577714725405,0.2818689249419825,0.010278473537658801,0.041327834323559444,"[[2173, 932], [1164, 1689]]","[[212, 133], [164, 153]]"
disclosure_x_bias,104,init_easy,TD_U,log_loss,0.6141035505725663,0.8958629335678083,0.648540691444363,0.5513794663048394,0.007326640063966285,0.2818552335191513,0.01006752722174236,0.041327834323559444,"[[2172, 933], [1161, 1692]]","[[212, 133], [164, 153]]"
disclosure_x_bias,105,init_easy,TD_U,log_loss,0.6139486957210514,0.8959490692220278,0.6490440471490609,0.5528946178199909,0.007335462398628238,0.2817019478826734,0.009956907966950085,0.04011193210880474,"[[2172, 933], [1158, 1695]]","[[213, 132], [164, 153]]"
disclosure_x_bias,106,init_easy,TD_U,log_loss,0.6137966903841259,0.8959022620297421,0.6490440471490609,0.5513794663048394,0.007336130828564749,0.28170687595738353,0.010447467415181632,0.041327834323559444,"[[2171, 934], [1157, 1696]]","[[212, 133], [164, 153]]"
disclosure_x_bias,107,init_easy,TD_U,log_loss,0.6136026266021501,0.8957723630618597,0.6492118323839604,0.5528946178199909,0.007350652852520264,0.2818022429110057,0.010007663384151187,0.041364205571509154,"[[2167, 938], [1152, 1701]]","[[212, 133], [163, 154]]"
disclosure_x_bias,108,init_easy,TD_U,log_loss,0.6134457429877862,0.8957433015692488,0.6497151880886582,0.5544097693351425,0.007343958017317654,0.2816949060224929,0.010562966563683236,0.040085822804762486,"[[2173, 932], [1155, 1698]]","[[213, 132], [163, 154]]"
disclosure_x_bias,109,init_easy,TD_U,log_loss,0.6133033843928224,0.8956922137568469,0.6502185437933563,0.5544097693351425,0.0073433686411434,0.2815113173466674,0.010150992085856398,0.040085822804762486,"[[2172, 933], [1151, 1702]]","[[213, 132], [163, 154]]"
disclosure_x_bias,110,init_easy,TD_U,log_loss,0.6131597697650879,0.8958845688286494,0.6493796176188595,0.5544097693351425,0.007346739432982503,0.2814352953671958,0.010270504317365035,0.040085822804762486,"[[2175, 930], [1159, 1694]]","[[213, 132], [163, 154]]"
disclosure_x_bias,111,init_easy,TD_U,log_loss,0.6130227176498273,0.896044338508311,0.6507218994980543,0.5544097693351425,0.007348440592267726,0.28130164386246687,0.010557590103969679,0.040085822804762486,"[[2173, 932], [1149, 1704]]","[[212, 133], [162, 155]]"
disclosure_x_bias,112,init_easy,TD_U,log_loss,0.6128844449394423,0.8960925560230002,0.6503863290282557,0.5544097693351425,0.007348548076452295,0.2813994338797404,0.010148518848474012,0.040085822804762486,"[[2171, 934], [1149, 1704]]","[[212, 133], [162, 155]]"
disclosure_x_bias,113,init_easy,TD_U,log_loss,0.6127405378083364,0.8963763277374923,0.6512252552027522,0.5544097693351425,0.007341072729122259,0.2813352516501347,0.009774816450831923,0.040085822804762486,"[[2177, 928], [1150, 1703]]","[[212, 133], [162, 155]]"
disclosure_x_bias,114,init_easy,TD_U,log_loss,0.6126061959434921,0.8961519092884256,0.650050758558457,0.5544097693351425,0.007339631785034838,0.28153976937749065,0.010807100901452772,0.040085822804762486,"[[2174, 931], [1154, 1699]]","[[212, 133], [162, 155]]"
disclosure_x_bias,115,init_easy,TD_U,log_loss,0.6124695663166221,0.8961022407652145,0.6515608256725509,0.5544097693351425,0.007337856171912063,0.28159553687492583,0.010967353564904954,0.04133888720074022,"[[2176, 929], [1147, 1706]]","[[212, 133], [162, 155]]"
disclosure_x_bias,116,init_easy,TD_U,log_loss,0.6123205645865586,0.8962550417999708,0.6513930404376516,0.5528946178199909,0.007336086492682621,0.28147815163792445,0.011102853584599537,0.041364205571509154,"[[2176, 929], [1148, 1705]]","[[211, 134], [162, 155]]"
disclosure_x_bias,117,init_easy,TD_U,log_loss,0.6121640079561314,0.896205750571502,0.651057469967853,0.5544097693351425,0.0073507685080237,0.28146609591762645,0.010322073311793986,0.040085822804762486,"[[2181, 924], [1155, 1698]]","[[213, 132], [163, 154]]"
disclosure_x_bias,118,init_easy,TD_U,log_loss,0.61202162226889,0.8963215586314632,0.6518963961423496,0.555924920850294,0.007355825015609678,0.2817133106419538,0.010594212837225865,0.03999597182361288,"[[2178, 927], [1147, 1706]]","[[213, 132], [162, 155]]"
disclosure_x_bias,119,init_easy,TD_U,log_loss,0.6118843651815558,0.8963023541833948,0.6517286109074503,0.5528946178199909,0.0073528012064107365,0.28147955305524885,0.010141056637341302,0.03236973694158581,"[[2176, 929], [1146, 1707]]","[[211, 134], [162, 155]]"
disclosure_x_bias,120,init_easy,TD_U,log_loss,0.6117415253032623,0.8965448577411955,0.6522319666121482,0.5498643147896879,0.00735825497444697,0.28115253845022964,0.010040598630421524,0.032197563945762224,"[[2178, 927], [1145, 1708]]","[[210, 135], [163, 154]]"
disclosure_x_bias,121,init_easy,TD_U,log_loss,0.6116103980647012,0.8963593854004053,0.6529031075517455,0.5513794663048394,0.007356096344616288,0.2814998009752193,0.009733045917481717,0.029862127342001468,"[[2177, 928], [1140, 1713]]","[[210, 135], [162, 155]]"
disclosure_x_bias,122,init_easy,TD_U,log_loss,0.6114813053250732,0.8964823872441627,0.653406745248435,0.5513794663048394,0.007355076089769465,0.28146214982652096,0.009315900814026973,0.029862127342001468,"[[2171, 934], [1131, 1722]]","[[209, 136], [161, 156]]"
disclosure_x_bias,123,init_easy,TD_U,log_loss,0.6113487373530304,0.8965508929997019,0.6532389600135355,0.5528946178199909,0.007350429878989468,0.2813786600395955,0.009576845968473881,0.029912443264909053,"[[2176, 929], [1137, 1716]]","[[210, 135], [161, 156]]"
disclosure_x_bias,124,init_easy,TD_U,log_loss,0.6112152054132246,0.8965156599614993,0.6532389600135355,0.5513794663048394,0.007342934133148326,0.2813789648937022,0.009378826900551694,0.031524229640874965,"[[2176, 929], [1137, 1716]]","[[209, 136], [161, 156]]"
disclosure_x_bias,125,init_easy,TD_U,log_loss,0.6110890629665585,0.8965949168265175,0.6537423157182336,0.5544097693351425,0.00733662879031692,0.28127837955205165,0.009643854046672458,0.03944436572445375,"[[2179, 926], [1137, 1716]]","[[211, 134], [161, 156]]"
disclosure_x_bias,126,init_easy,TD_U,log_loss,0.6109387911584341,0.8964621505288074,0.6530711747786363,0.555924920850294,0.007350786707810795,0.2813934524200961,0.010048013326291372,0.039353050194170236,"[[2176, 929], [1138, 1715]]","[[212, 133], [161, 156]]"
disclosure_x_bias,127,init_easy,TD_U,log_loss,0.6107895642569483,0.8970187463463384,0.6532389600135355,0.5544097693351425,0.007335710818205846,0.2814396833059271,0.010481331242982901,0.03944436572445375,"[[2175, 930], [1136, 1717]]","[[211, 134], [161, 156]]"
disclosure_x_bias,128,init_easy,TD_U,log_loss,0.6106635695702858,0.8969538494572703,0.6534067452484349,0.5528946178199909,0.007335977331205822,0.2815051850522397,0.010779104226146656,0.03236973694158582,"[[2173, 932], [1133, 1720]]","[[209, 136], [160, 157]]"
disclosure_x_bias,129,init_easy,TD_U,log_loss,0.6105391893603253,0.8969219906918818,0.6534067452484349,0.5498643147896879,0.007330984670066744,0.2814395569733442,0.01120593814017998,0.03139534872415173,"[[2171, 934], [1131, 1722]]","[[208, 137], [161, 156]]"
disclosure_x_bias,130,init_easy,TD_U,log_loss,0.6104101285219129,0.8973331864246594,0.653910100953133,0.5513794663048394,0.007329390481841016,0.2812079051405502,0.011030346004230057,0.031524229640874986,"[[2169, 936], [1126, 1727]]","[[208, 137], [160, 157]]"
disclosure_x_bias,131,init_easy,TD_U,log_loss,0.6102622809410597,0.897300438398078,0.6547490271276295,0.5468340117593848,0.007324402609669196,0.2812869209527644,0.010876074314138354,0.03170426307932876,"[[2171, 934], [1123, 1730]]","[[207, 138], [162, 155]]"
disclosure_x_bias,132,init_easy,TD_U,log_loss,0.610138929963382,0.8975221899711181,0.6547490271276295,0.5483491632745364,0.007319789230687005,0.2812955506312598,0.011018937322376528,0.03277937878269265,"[[2167, 938], [1119, 1734]]","[[207, 138], [161, 156]]"
disclosure_x_bias,133,init_easy,TD_U,log_loss,0.6100071974988575,0.8974299164609411,0.654916812362529,0.5483491632745363,0.007311271916393882,0.2811999971246415,0.009920042480285914,0.03199175629515963,"[[2170, 935], [1121, 1732]]","[[208, 137], [162, 155]]"
disclosure_x_bias,134,init_easy,TD_U,log_loss,0.6098705125188991,0.8975113131068939,0.6552523828323276,0.5483491632745363,0.007316299093782202,0.2811158452700348,0.010506219691523965,0.030355264218717933,"[[2167, 938], [1116, 1737]]","[[208, 137], [162, 155]]"
disclosure_x_bias,135,init_easy,TD_U,log_loss,0.6097365926356335,0.8975218434153748,0.654916812362529,0.5483491632745363,0.00731238045510957,0.28123649654148686,0.010138364016427941,0.03199175629515963,"[[2167, 938], [1118, 1735]]","[[208, 137], [162, 155]]"
disclosure_x_bias,136,init_easy,TD_U,log_loss,0.6096057521902745,0.8974012516237279,0.6554204500592183,0.5483491632745364,0.0073130169544669,0.2811046828429546,0.009654751370110605,0.03503617103751925,"[[2166, 939], [1114, 1739]]","[[207, 138], [161, 156]]"
disclosure_x_bias,137,init_easy,TD_U,log_loss,0.6094802027587016,0.8976826174390057,0.6545815238847217,0.5498643147896879,0.007313691005142515,0.2809539644826843,0.009986104217610016,0.03139534872415173,"[[2167, 938], [1120, 1733]]","[[208, 137], [161, 156]]"
disclosure_x_bias,138,init_easy,TD_U,log_loss,0.6093495601188006,0.8976626544180913,0.6545815238847217,0.5498643147896879,0.00730755535578233,0.28101193302600874,0.009667797214948369,0.03374482966473764,"[[2167, 938], [1120, 1733]]","[[208, 137], [161, 156]]"
disclosure_x_bias,139,init_easy,TD_U,log_loss,0.6092247944634848,0.8974928577020924,0.6545815238847217,0.5528946178199909,0.007301825369850971,0.2810082835801676,0.009570240887913004,0.032369736941585826,"[[2163, 942], [1116, 1737]]","[[209, 136], [160, 157]]"
disclosure_x_bias,140,init_easy,TD_U,log_loss,0.6090966908440552,0.897714842811822,0.6555879533021262,0.5498643147896879,0.007301320182677696,0.28109266521218634,0.009725098201024403,0.03374482966473764,"[[2166, 939], [1113, 1740]]","[[208, 137], [161, 156]]"
disclosure_x_bias,141,init_easy,TD_U,log_loss,0.608974276323508,0.8975900205717936,0.6544137386498223,0.5498643147896879,0.00729964999664986,0.2812088903589807,0.01046276510513827,0.030572090523559872,"[[2168, 937], [1122, 1731]]","[[209, 136], [162, 155]]"
disclosure_x_bias,142,init_easy,TD_U,log_loss,0.6088403193668188,0.8976582816214643,0.6554201680672269,0.5498643147896879,0.007310376033088758,0.28121212962068404,0.010651681969654117,0.03374482966473764,"[[2167, 938], [1115, 1738]]","[[208, 137], [161, 156]]"
disclosure_x_bias,143,init_easy,TD_U,log_loss,0.6087082459338533,0.8977097493554445,0.655252664824319,0.5498643147896879,0.007319036744204702,0.28105934775845887,0.010933422726956854,0.03374482966473764,"[[2168, 937], [1117, 1736]]","[[208, 137], [161, 156]]"
disclosure_x_bias,144,init_easy,TD_U,log_loss,0.6085878240895053,0.8979629548496348,0.6552523828323276,0.5498643147896879,0.007315911750850456,0.2811725073547744,0.010565597337476343,0.03374482966473764,"[[2166, 939], [1115, 1738]]","[[208, 137], [161, 156]]"
disclosure_x_bias,145,init_easy,TD_U,log_loss,0.6084683938689818,0.8979754289190914,0.6562599402176978,0.5498643147896879,0.007311193174041965,0.28121687769810627,0.010857033509671685,0.03374482966473764,"[[2165, 940], [1108, 1745]]","[[208, 137], [161, 156]]"
disclosure_x_bias,146,init_easy,TD_U,log_loss,0.6083316717244639,0.8979763020113871,0.6562596582257064,0.5468340117593848,0.007319243411588753,0.281111275898668,0.01148319785617619,0.034773856667397504,"[[2164, 941], [1107, 1746]]","[[206, 139], [161, 156]]"
disclosure_x_bias,147,init_easy,TD_U,log_loss,0.608213560143033,0.8980761604646906,0.6560918729908071,0.5453188602442334,0.007319473684179618,0.2807711290842596,0.010998472559558,0.03368667705927253,"[[2169, 936], [1113, 1740]]","[[207, 138], [163, 154]]"
disclosure_x_bias,148,init_easy,TD_U,log_loss,0.6080929815087383,0.8979776785662998,0.6560918729908071,0.5468340117593848,0.007311493562897754,0.2807733302496568,0.011139765970214672,0.034773856667397504,"[[2166, 939], [1110, 1743]]","[[207, 138], [162, 155]]"
disclosure_x_bias,149,init_easy,TD_U,log_loss,0.6079606674190428,0.8982214449361253,0.6565955106874964,0.5468340117593848,0.007314027413573785,0.2805949893345314,0.01121244897561441,0.034773856667397504,"[[2164, 941], [1105, 1748]]","[[206, 139], [161, 156]]"
disclosure_x_bias,150,init_easy,TD_U,log_loss,0.6078406919347655,0.8982767783019365,0.6574347188539845,0.5468340117593848,0.0073100795122461315,0.2805527779276415,0.011302394759002913,0.034773856667397504,"[[2168, 937], [1104, 1749]]","[[206, 139], [161, 156]]"
disclosure_x_bias,151,init_easy,TD_U,log_loss,0.6077237684480419,0.8981464419643854,0.6569313631492866,0.5468340117593848,0.007303646048570079,0.28055230459238434,0.010662797894473572,0.032498853824921924,"[[2162, 943], [1101, 1752]]","[[205, 140], [160, 157]]"
disclosure_x_bias,152,init_easy,TD_U,log_loss,0.6076038556475626,0.898401067729351,0.6565957926794879,0.5483491632745364,0.007301651164911664,0.2804665307507269,0.011368772065908727,0.0357567963260225,"[[2163, 942], [1104, 1749]]","[[206, 139], [160, 157]]"
disclosure_x_bias,153,init_easy,TD_U,log_loss,0.6074629501943252,0.8983839270882946,0.6570991483841858,0.5468340117593848,0.007314683567797409,0.2804526372717849,0.011397809495755628,0.034773856667397476,"[[2172, 933], [1110, 1743]]","[[206, 139], [161, 156]]"
disclosure_x_bias,154,init_easy,TD_U,log_loss,0.6073531350907285,0.8984085003054506,0.6579380745586826,0.5453188602442334,0.0073089956932435324,0.28055209725849867,0.010663192314340769,0.03368667705927253,"[[2176, 929], [1109, 1744]]","[[206, 139], [162, 155]]"
disclosure_x_bias,155,init_easy,TD_U,log_loss,0.6072337154800345,0.8985877242793773,0.6574347188539845,0.5468340117593848,0.007309753847051643,0.28055488751699786,0.011357610760166859,0.034773856667397504,"[[2167, 938], [1103, 1750]]","[[206, 139], [161, 156]]"
disclosure_x_bias,156,init_easy,TD_U,log_loss,0.6071120722994444,0.8985072007302419,0.6582736450284812,0.5453188602442334,0.007312719403538146,0.2804575277557461,0.009401629158485029,0.028787167212381174,"[[2170, 935], [1101, 1752]]","[[206, 139], [162, 155]]"
disclosure_x_bias,157,init_easy,TD_U,log_loss,0.6069984012037982,0.8983524704937549,0.6564277254525972,0.5498643147896879,0.007307944608843511,0.28043773969240676,0.010633438294591064,0.034492444558664015,"[[2169, 936], [1111, 1742]]","[[208, 137], [161, 156]]"
disclosure_x_bias,158,init_easy,TD_U,log_loss,0.6068827050180252,0.8984551360230688,0.6564277254525972,0.5468340117593848,0.007306808998565591,0.2803767894633738,0.010808496409688045,0.034773856667397476,"[[2170, 935], [1112, 1741]]","[[207, 138], [162, 155]]"
disclosure_x_bias,159,init_easy,TD_U,log_loss,0.6067594823878617,0.8983459140074931,0.6564277254525972,0.5468340117593848,0.007304182678708372,0.28047942146840127,0.0114274554665757,0.034773856667397476,"[[2170, 935], [1112, 1741]]","[[207, 138], [162, 155]]"
disclosure_x_bias,160,init_easy,TD_U,log_loss,0.6066420495319477,0.8984568131337977,0.6569313631492866,0.5453188602442334,0.007300593668517863,0.2803618857956853,0.011400034759726113,0.03368667705927253,"[[2173, 932], [1112, 1741]]","[[207, 138], [163, 154]]"
disclosure_x_bias,161,init_easy,TD_U,log_loss,0.6065134010771406,0.8987715261927148,0.6569313631492866,0.5438037087290819,0.007285974120780093,0.2806124942471841,0.010952225043067518,0.03003691374330314,"[[2173, 932], [1112, 1741]]","[[206, 139], [163, 154]]"
disclosure_x_bias,162,init_easy,TD_U,log_loss,0.6064005010177153,0.8986608393166214,0.6579380745586826,0.5422885572139303,0.007283117863620673,0.2807671571007422,0.008834286385196425,0.026749838231788774,"[[2169, 936], [1102, 1751]]","[[205, 140], [163, 154]]"
disclosure_x_bias,163,init_easy,TD_U,log_loss,0.6062804661979516,0.8987176810353692,0.6579380745586826,0.5422885572139303,0.007281404315319852,0.2806054433289564,0.008834286385196425,0.026749838231788774,"[[2168, 937], [1101, 1752]]","[[205, 140], [163, 154]]"
disclosure_x_bias,164,init_easy,TD_U,log_loss,0.6061634057017746,0.8988267279437026,0.6584419942473634,0.5422885572139303,0.007274869675679138,0.2805756294759822,0.009009187862201003,0.026749838231788774,"[[2170, 935], [1100, 1753]]","[[205, 140], [163, 154]]"
disclosure_x_bias,165,init_easy,TD_U,log_loss,0.6060534441413178,0.8990457700635055,0.658274209012464,0.5453188602442334,0.007270519845532482,0.2806305907493814,0.009005070124857392,0.03368667705927253,"[[2168, 937], [1099, 1754]]","[[205, 140], [161, 156]]"
disclosure_x_bias,166,init_easy,TD_U,log_loss,0.6059467161359249,0.8989275126391127,0.6584419942473634,0.5438037087290819,0.007265936351349313,0.2806743450669674,0.009009187862201003,0.025438949950240927,"[[2171, 934], [1101, 1752]]","[[206, 139], [163, 154]]"
disclosure_x_bias,167,init_easy,TD_U,log_loss,0.605836990310882,0.8989195095453134,0.658274209012464,0.5438037087290819,0.007263056967229896,0.28071415394439714,0.009005070124857392,0.025438949950240927,"[[2172, 933], [1103, 1750]]","[[206, 139], [163, 154]]"
disclosure_x_bias,168,init_easy,TD_U,log_loss,0.6057222797466328,0.8990483035784871,0.6584419942473634,0.5438037087290819,0.007267893698899369,0.28065018912251605,0.009009187862201003,0.025438949950240927,"[[2171, 934], [1101, 1752]]","[[206, 139], [163, 154]]"
disclosure_x_bias,169,init_easy,TD_U,log_loss,0.6056103893417992,0.8990988397419428,0.6579386385426653,0.5468340117593848,0.007265236454541953,0.28072821573988666,0.008594979979796562,0.03249885382492192,"[[2169, 936], [1102, 1751]]","[[206, 139], [161, 156]]"
disclosure_x_bias,170,init_easy,TD_U,log_loss,0.6054990566452993,0.8994128642434038,0.6586097794822627,0.5438037087290819,0.007264238618302923,0.2807855236839357,0.009079002096366418,0.028287555252476754,"[[2169, 936], [1098, 1755]]","[[205, 140], [162, 155]]"
disclosure_x_bias,171,init_easy,TD_U,log_loss,0.6053864599317713,0.8993675083325027,0.6581064237775648,0.5422885572139303,0.007262041512665126,0.28062850692487434,0.008786408000590983,0.026749838231788774,"[[2172, 933], [1104, 1749]]","[[205, 140], [163, 154]]"
disclosure_x_bias,172,init_easy,TD_U,log_loss,0.6052823667358368,0.8995942241047825,0.6581064237775648,0.5468340117593848,0.0072588241093510504,0.28074505745809397,0.008678950006548473,0.034773856667397504,"[[2167, 938], [1099, 1754]]","[[205, 140], [160, 157]]"
disclosure_x_bias,173,init_easy,TD_U,log_loss,0.6051649079872892,0.8996393794440565,0.658274209012464,0.5453188602442334,0.007261027763422584,0.28072832065325204,0.008865037967846337,0.037280936468220456,"[[2166, 939], [1097, 1756]]","[[204, 141], [160, 157]]"
disclosure_x_bias,174,init_easy,TD_U,log_loss,0.6050584059659527,0.8996766449190667,0.658274209012464,0.5498417005879692,0.0072595741816738535,0.2807386144558539,0.008430998091841259,0.036245360125381605,"[[2163, 942], [1094, 1759]]","[[205, 140], [158, 159]]"
disclosure_x_bias,175,init_easy,TD_U,log_loss,0.6049451938401813,0.899522428057978,0.658441712255372,0.5468113975576662,0.007256553962037819,0.2809225498136455,0.008811166585686946,0.040486509327259404,"[[2161, 944], [1091, 1762]]","[[204, 141], [159, 158]]"
disclosure_x_bias,176,init_easy,TD_U,log_loss,0.6048399180294934,0.8996248616757019,0.65928092042186,0.5468113975576662,0.007252706244456566,0.2807250324591348,0.00951979308347176,0.037203244816205135,"[[2169, 936], [1094, 1759]]","[[205, 140], [160, 157]]"
disclosure_x_bias,177,init_easy,TD_U,log_loss,0.6047323636544844,0.8995319299558769,0.6589453499520614,0.5468113975576662,0.007246869417548927,0.28074044198205084,0.00934278103211762,0.035086120008679104,"[[2172, 933], [1099, 1754]]","[[205, 140], [160, 157]]"
disclosure_x_bias,178,init_easy,TD_U,log_loss,0.6046264075330094,0.8997009750322558,0.6589450679600699,0.5468340117593848,0.00724053989881077,0.2805522896181672,0.009420451238091234,0.034773856667397476,"[[2168, 937], [1095, 1758]]","[[205, 140], [160, 157]]"
disclosure_x_bias,179,init_easy,TD_U,log_loss,0.6045126946708141,0.899554452491811,0.6589453499520614,0.5513342379014021,0.00723944332687293,0.28077351560554614,0.009173852526953628,0.03732903870147658,"[[2164, 941], [1091, 1762]]","[[206, 139], [158, 159]]"
disclosure_x_bias,180,init_easy,TD_U,log_loss,0.6044075109306078,0.8996582538197238,0.6589450679600699,0.5468113975576662,0.007238036354782598,0.28065994780872056,0.009586132427294065,0.035086120008679104,"[[2172, 933], [1099, 1754]]","[[206, 139], [161, 156]]"
disclosure_x_bias,181,init_easy,TD_U,log_loss,0.6043023958011176,0.8995606044241914,0.6594487056567593,0.5468340117593848,0.007231471600868242,0.28073999636904573,0.009795695834276157,0.03621120700260367,"[[2168, 937], [1092, 1761]]","[[204, 141], [159, 158]]"
disclosure_x_bias,182,init_easy,TD_U,log_loss,0.6041862086297595,0.8995804912995314,0.65928092042186,0.5483265490728177,0.007227435453675083,0.28073916189242215,0.009779122655770333,0.0367621345661955,"[[2168, 937], [1093, 1760]]","[[205, 140], [159, 158]]"
disclosure_x_bias,183,init_easy,TD_U,log_loss,0.6040725396767848,0.8994739013966534,0.6591134171789521,0.5513116236996833,0.00721435515566582,0.2805897939898013,0.00945455922382762,0.03956666079337159,"[[2168, 937], [1094, 1759]]","[[205, 140], [157, 160]]"
disclosure_x_bias,184,init_easy,TD_U,log_loss,0.6039722165883487,0.8996316536844914,0.6592812024138515,0.5482813206693804,0.007209670522881248,0.2805482073485137,0.00924101615414254,0.03863584870447795,"[[2172, 933], [1097, 1756]]","[[205, 140], [159, 158]]"
disclosure_x_bias,185,init_easy,TD_U,log_loss,0.6038584716571196,0.8998712832550304,0.6591134171789521,0.5513116236996833,0.007200456796320427,0.28048963245188085,0.009651024546141572,0.03956666079337159,"[[2169, 936], [1095, 1758]]","[[205, 140], [157, 160]]"
disclosure_x_bias,186,init_easy,TD_U,log_loss,0.6037567072508179,0.899849681820417,0.6601204105803395,0.5467661691542288,0.007196161116218525,0.28056969665902975,0.009646252671901251,0.04096643767172271,"[[2176, 929], [1096, 1757]]","[[204, 141], [159, 158]]"
disclosure_x_bias,187,init_easy,TD_U,log_loss,0.6036535932988404,0.8998576435265135,0.6597848401105408,0.5497964721845319,0.007193220906897301,0.2804603703676599,0.009169587298881487,0.04196717642681755,"[[2168, 937], [1090, 1763]]","[[204, 141], [157, 160]]"
disclosure_x_bias,188,init_easy,TD_U,log_loss,0.6035310020767755,0.8992672810273241,0.6602890417912131,0.5497964721845319,0.0071385789533778745,0.2786931890632612,0.009647738102383275,0.04196717642681755,"[[2168, 937], [1087, 1766]]","[[204, 141], [157, 160]]"
disclosure_x_bias,189,init_easy,TD_U,log_loss,0.6034177985316367,0.8994095872060418,0.6606243302690203,0.5482813206693804,0.007127436936346406,0.2787645265784299,0.009486108620919127,0.04119210622481848,"[[2172, 933], [1089, 1764]]","[[204, 141], [158, 159]]"
disclosure_x_bias,190,init_easy,TD_U,log_loss,0.6033080412244106,0.8992266606505808,0.6606243302690203,0.5482813206693804,0.007122266844667155,0.2788663320726102,0.009999790792653824,0.04119210622481848,"[[2171, 934], [1088, 1765]]","[[204, 141], [158, 159]]"
disclosure_x_bias,191,init_easy,TD_U,log_loss,0.6031960900824027,0.8995064280193951,0.6604565450341211,0.5467661691542288,0.007128741276630033,0.2789419042800373,0.009879643107681118,0.04096643767172271,"[[2175, 930], [1093, 1760]]","[[204, 141], [159, 158]]"
disclosure_x_bias,192,init_easy,TD_U,log_loss,0.6030752467345872,0.8996352149165135,0.6606243302690203,0.5482813206693804,0.007146239904786327,0.278798977857924,0.009905504710016699,0.04119210622481848,"[[2169, 936], [1086, 1767]]","[[204, 141], [158, 159]]"
disclosure_x_bias,193,init_easy,TD_U,log_loss,0.6029585313840082,0.8995666091151767,0.6609601827308105,0.5467661691542288,0.007160708131875891,0.2789017970793247,0.010186185604594522,0.04096643767172271,"[[2172, 933], [1087, 1766]]","[[204, 141], [159, 158]]"
disclosure_x_bias,194,init_easy,TD_U,log_loss,0.6028541876311426,0.8997249013309411,0.6606246122610118,0.5482813206693804,0.007158095060918886,0.27867484933603787,0.010328431638594123,0.04119210622481848,"[[2169, 936], [1086, 1767]]","[[204, 141], [158, 159]]"
disclosure_x_bias,195,init_easy,TD_U,log_loss,0.6027559571253462,0.8994614645208368,0.6611279679657097,0.5467661691542288,0.00715382175269517,0.27899533770823576,0.010563590193058952,0.04096643767172271,"[[2173, 932], [1087, 1766]]","[[204, 141], [159, 158]]"
disclosure_x_bias,196,init_easy,TD_U,log_loss,0.60265574005892,0.899675665112523,0.6607923974959111,0.5482813206693804,0.007149171095955445,0.2788630198217931,0.010440416811019643,0.04119210622481848,"[[2169, 936], [1085, 1768]]","[[204, 141], [158, 159]]"
disclosure_x_bias,197,init_easy,TD_U,log_loss,0.6025543854511588,0.8998010156028403,0.6609599007388189,0.5467661691542288,0.007142825690510849,0.2789104811063256,0.009263754596261022,0.04096643767172271,"[[2166, 939], [1081, 1772]]","[[204, 141], [159, 158]]"
disclosure_x_bias,198,init_easy,TD_U,log_loss,0.602456188129121,0.8998836526273155,0.6612951892166262,0.5482813206693804,0.007139909730220781,0.2787294071499788,0.009733383879397768,0.04119210622481848,"[[2171, 934], [1084, 1769]]","[[204, 141], [158, 159]]"
disclosure_x_bias,199,init_easy,TD_U,log_loss,0.6023460880548094,0.9000958716150921,0.6616318876543905,0.5513116236996833,0.007126722603316811,0.278823547068118,0.0099323452883718,0.042066393432990484,"[[2165, 940], [1076, 1777]]","[[204, 141], [156, 161]]"
disclosure_x_bias,200,init_easy,TD_U,log_loss,0.60224190190006,0.9001708658589933,0.6617993908972986,0.5497964721845319,0.0071205744486176935,0.2787373943142391,0.010039877093568366,0.041354911373490774,"[[2167, 938], [1077, 1776]]","[[204, 141], [157, 160]]"
disclosure_x_bias,201,init_easy,TD_U,log_loss,0.6021337803122837,0.9003157312371608,0.6616318876543906,0.5513116236996833,0.007120074129588639,0.27883220710327383,0.010088581176520504,0.042066393432990484,"[[2165, 940], [1076, 1777]]","[[204, 141], [156, 161]]"
disclosure_x_bias,202,init_easy,TD_U,log_loss,0.6020196626815542,0.9002459026434545,0.6617999548812814,0.5513116236996833,0.007119589605398334,0.2788597207326106,0.010327748125342248,0.042066393432990484,"[[2163, 942], [1073, 1780]]","[[204, 141], [156, 161]]"
disclosure_x_bias,203,init_easy,TD_U,log_loss,0.6019187185296748,0.9004091737622361,0.6619671761321978,0.5513116236996833,0.007122291520285074,0.27872482558055595,0.010196345750757911,0.042066393432990484,"[[2164, 941], [1073, 1780]]","[[204, 141], [156, 161]]"
disclosure_x_bias,204,init_easy,TD_U,log_loss,0.6018226879582194,0.9005242220811395,0.6612954712086176,0.5513116236996833,0.007116617385269558,0.2788063335761602,0.01049884736363596,0.042066393432990484,"[[2161, 944], [1074, 1779]]","[[204, 141], [156, 161]]"
disclosure_x_bias,205,init_easy,TD_U,log_loss,0.6017260873400364,0.9006353834858487,0.6614638204274998,0.5513116236996833,0.007111117294269245,0.27883854487332066,0.01027723784004676,0.042066393432990484,"[[2162, 943], [1074, 1779]]","[[204, 141], [156, 161]]"
disclosure_x_bias,206,init_easy,TD_U,log_loss,0.6016301493365327,0.9007187192491986,0.6623030285939879,0.5497964721845319,0.007107313415312747,0.2787171549351028,0.010480011756841634,0.041354911373490774,"[[2166, 939], [1073, 1780]]","[[204, 141], [157, 160]]"
disclosure_x_bias,207,init_easy,TD_U,log_loss,0.6015281033826633,0.9007133389749772,0.6619671761321978,0.5497964721845319,0.007104806279047784,0.2787186575372236,0.010675908663807857,0.041354911373490774,"[[2168, 937], [1077, 1776]]","[[204, 141], [157, 160]]"
disclosure_x_bias,208,init_easy,TD_U,log_loss,0.601434222601398,0.9006958286729088,0.6624708138288873,0.5513116236996833,0.007101475315338681,0.2786378301796861,0.009856059076524456,0.04020616680147565,"[[2171, 934], [1077, 1776]]","[[205, 140], [157, 160]]"
disclosure_x_bias,209,init_easy,TD_U,log_loss,0.6013321327831466,0.9007520261133518,0.6624705318368959,0.5513116236996833,0.007098733842354074,0.2787371312100946,0.009835725618967853,0.04020616680147565,"[[2171, 934], [1077, 1776]]","[[205, 140], [157, 160]]"
disclosure_x_bias,210,init_easy,TD_U,log_loss,0.6012327751458607,0.9007699295637707,0.6624705318368959,0.5513116236996833,0.007096697708606609,0.2786449917435845,0.009545214583317425,0.04020616680147565,"[[2171, 934], [1077, 1776]]","[[205, 140], [157, 160]]"
disclosure_x_bias,211,init_easy,TD_U,log_loss,0.6011289808887765,0.9007971052675037,0.6626385990637866,0.5513116236996833,0.0070938627448932715,0.278606963175265,0.009907256869291165,0.04020616680147565,"[[2170, 935], [1075, 1778]]","[[205, 140], [157, 160]]"
disclosure_x_bias,212,init_easy,TD_U,log_loss,0.6010291858681628,0.9006886944347045,0.6626385990637866,0.5497964721845319,0.007096593905265241,0.27844451847164453,0.009781656992098034,0.04010234768250568,"[[2174, 931], [1079, 1774]]","[[204, 141], [157, 160]]"
disclosure_x_bias,213,init_easy,TD_U,log_loss,0.6009327169112052,0.9008893977882245,0.6626385990637866,0.5513116236996833,0.0070965037853288546,0.2785081811624706,0.009454912714365457,0.04020616680147565,"[[2169, 936], [1074, 1779]]","[[205, 140], [157, 160]]"
disclosure_x_bias,214,init_easy,TD_U,log_loss,0.6008380606500109,0.9009150823925047,0.6634772432462918,0.5482813206693804,0.0070916780689685216,0.2785081401284523,0.009284797570241624,0.04119210622481848,"[[2175, 930], [1075, 1778]]","[[204, 141], [158, 159]]"
disclosure_x_bias,215,init_easy,TD_U,log_loss,0.600746449398699,0.9009518252032931,0.6638133777000733,0.5482813206693804,0.007088145124992093,0.2782162881429732,0.009089350093629916,0.04119210622481848,"[[2173, 932], [1071, 1782]]","[[204, 141], [158, 159]]"
disclosure_x_bias,216,init_easy,TD_U,log_loss,0.6006526403800249,0.9007868844689296,0.6643172973887541,0.5482813206693804,0.007084419272465269,0.2783402964765888,0.009104646721212174,0.04119210622481848,"[[2175, 930], [1070, 1783]]","[[204, 141], [158, 159]]"
disclosure_x_bias,217,init_easy,TD_U,log_loss,0.600557165096444,0.9010968323439673,0.6643172973887541,0.5467661691542288,0.007082385844861416,0.27816728494093995,0.008646492070533193,0.042793628300276276,"[[2172, 933], [1067, 1786]]","[[203, 142], [158, 159]]"
disclosure_x_bias,218,init_easy,TD_U,log_loss,0.6004615910743926,0.9010238017385446,0.6653237268061587,0.5482813206693804,0.007081567794125595,0.2780966749548672,0.00804378589242262,0.04119210622481848,"[[2175, 930], [1064, 1789]]","[[204, 141], [158, 159]]"
disclosure_x_bias,219,init_easy,TD_U,log_loss,0.6003640706355388,0.9012241728062504,0.6649884383283514,0.5467661691542288,0.007077602620822933,0.27820972646990133,0.007501164339773031,0.040338986266151886,"[[2175, 930], [1066, 1787]]","[[203, 142], [158, 159]]"
disclosure_x_bias,220,init_easy,TD_U,log_loss,0.6002687995517098,0.9010217890927403,0.66465230387457,0.5482813206693804,0.0070804552760389385,0.2782072663377842,0.00829963107880596,0.04119210622481848,"[[2172, 933], [1065, 1788]]","[[204, 141], [158, 159]]"
disclosure_x_bias,221,init_easy,TD_U,log_loss,0.6001776618151948,0.901078891545555,0.6653242907901415,0.5482813206693804,0.007077043632630754,0.27811258489853125,0.008325270496286575,0.04056814529537153,"[[2176, 929], [1065, 1788]]","[[204, 141], [158, 159]]"
disclosure_x_bias,222,init_easy,TD_U,log_loss,0.6000837620279347,0.9008639932021252,0.6648200891094693,0.5482813206693804,0.007071872020864022,0.2782428622642145,0.008423723921964886,0.04119210622481848,"[[2178, 927], [1070, 1783]]","[[205, 140], [159, 158]]"
disclosure_x_bias,223,init_easy,TD_U,log_loss,0.5999880144902747,0.901020403665105,0.6648209350854436,0.5482813206693804,0.007074888066354241,0.2784350998512066,0.007519390440384417,0.04300971079683969,"[[2170, 935], [1062, 1791]]","[[203, 142], [157, 160]]"
disclosure_x_bias,224,init_easy,TD_U,log_loss,0.5998967191246779,0.9009167194913313,0.6651559415712593,0.5467661691542288,0.007072883685272339,0.27830342861895546,0.008424300572681372,0.042193357540871904,"[[2172, 933], [1062, 1791]]","[[203, 142], [158, 159]]"
disclosure_x_bias,225,init_easy,TD_U,log_loss,0.5998050571765198,0.9009161208790065,0.6659959957137217,0.5467661691542288,0.007070596773582687,0.27845467528272433,0.008340428765080416,0.042793628300276276,"[[2174, 931], [1059, 1794]]","[[202, 143], [157, 160]]"
disclosure_x_bias,226,init_easy,TD_U,log_loss,0.5997081412722841,0.9010821494472161,0.6656598612599403,0.5467661691542288,0.0070692171856748705,0.2785544001101357,0.008862989902797474,0.04096643767172271,"[[2180, 925], [1067, 1786]]","[[204, 141], [159, 158]]"
disclosure_x_bias,227,init_easy,TD_U,log_loss,0.5996038315824418,0.9011271767061206,0.6656598612599403,0.5482813206693804,0.00706475354303286,0.2784903717778963,0.008465873736119888,0.04300971079683969,"[[2174, 931], [1061, 1792]]","[[203, 142], [157, 160]]"
disclosure_x_bias,228,init_easy,TD_U,log_loss,0.5994968634606738,0.9013892035931491,0.6658276464948395,0.5452510176390774,0.007068491170261865,0.2785022403657747,0.00885298664039374,0.041912257164142735,"[[2179, 926], [1065, 1788]]","[[202, 143], [158, 159]]"
disclosure_x_bias,229,init_easy,TD_U,log_loss,0.5994004861494162,0.9014161077043518,0.6658273645028482,0.5452510176390774,0.007067711994354657,0.27835689603676433,0.00879472951631798,0.041912257164142735,"[[2180, 925], [1066, 1787]]","[[202, 143], [158, 159]]"
disclosure_x_bias,230,init_easy,TD_U,log_loss,0.5993037456212568,0.9014638968936757,0.6661632169646382,0.5452510176390774,0.007075088945667483,0.2783665905103944,0.009237988279049111,0.041912257164142735,"[[2180, 925], [1064, 1789]]","[[202, 143], [158, 159]]"
disclosure_x_bias,231,init_easy,TD_U,log_loss,0.5992001801683504,0.9015044933326035,0.6663318481755118,0.5452510176390774,0.007084047616360196,0.27813920117409874,0.008362368124403599,0.041912257164142735,"[[2180, 925], [1063, 1790]]","[[202, 143], [158, 159]]"
disclosure_x_bias,232,init_easy,TD_U,log_loss,0.5991080238282931,0.9014008608603643,0.6659951497377474,0.5452510176390774,0.007085032549069201,0.2782749032455117,0.009727503460634716,0.041912257164142735,"[[2178, 927], [1063, 1790]]","[[202, 143], [158, 159]]"
disclosure_x_bias,233,init_easy,TD_U,log_loss,0.5990184104451369,0.9013766511183847,0.6670029891151091,0.5452510176390774,0.007079931506300188,0.27820808940973796,0.009373466411537036,0.040044870994949765,"[[2185, 920], [1064, 1789]]","[[203, 142], [159, 158]]"
disclosure_x_bias,234,init_easy,TD_U,log_loss,0.5989248281713246,0.9015623628472442,0.6666665726693362,0.5437358661239258,0.0070748883508944,0.278080121827234,0.009030817683944033,0.041567940294914514,"[[2185, 920], [1066, 1787]]","[[202, 143], [159, 158]]"
disclosure_x_bias,235,init_easy,TD_U,log_loss,0.5988356700624847,0.9016238942909446,0.6663304382155546,0.5437358661239258,0.007072324785728421,0.278260585608889,0.009736960872246146,0.041567940294914514,"[[2181, 924], [1064, 1789]]","[[202, 143], [159, 158]]"
disclosure_x_bias,236,init_easy,TD_U,log_loss,0.5987469687182663,0.901870219117515,0.6670021431391349,0.5437358661239258,0.007069781690058625,0.2781138269337729,0.009441732916952043,0.041567940294914514,"[[2181, 924], [1060, 1793]]","[[202, 143], [159, 158]]"
disclosure_x_bias,237,init_easy,TD_U,log_loss,0.5986433214803843,0.9019285370285959,0.6673377136089335,0.5437358661239258,0.007072852097348272,0.2780964054012982,0.00923179180393285,0.041567940294914514,"[[2182, 923], [1059, 1794]]","[[202, 143], [159, 158]]"
disclosure_x_bias,238,init_easy,TD_U,log_loss,0.5985458478628704,0.9019159456945088,0.6668340759122441,0.5437358661239258,0.007074713129846706,0.27809173172720464,0.009808862893170374,0.041567940294914514,"[[2180, 925], [1060, 1793]]","[[202, 143], [159, 158]]"
disclosure_x_bias,239,init_easy,TD_U,log_loss,0.5984481245884348,0.9018620900350192,0.6671702103660256,0.5437358661239258,0.007073748477443601,0.2783020373023493,0.009225985656118468,0.041567940294914514,"[[2182, 923], [1060, 1793]]","[[202, 143], [159, 158]]"
disclosure_x_bias,240,init_easy,TD_U,log_loss,0.5983328221453191,0.9012934002904227,0.6673374316169421,0.5437358661239258,0.007032156277542022,0.2765346589167081,0.00967381944666241,0.041567940294914514,"[[2179, 926], [1056, 1797]]","[[202, 143], [159, 158]]"
disclosure_x_bias,241,init_easy,TD_U,log_loss,0.5982444198255552,0.901294202631504,0.6664982234504541,0.5437358661239258,0.007030505287714887,0.27643262750097275,0.009583804378781733,0.041567940294914514,"[[2178, 927], [1060, 1793]]","[[202, 143], [159, 158]]"
disclosure_x_bias,242,init_easy,TD_U,log_loss,0.5981560705433322,0.9013011620811376,0.6670018611471434,0.5452284034373587,0.007025043193082122,0.2763878274927432,0.009385712081601714,0.04389628269406333,"[[2175, 930], [1054, 1799]]","[[202, 143], [158, 159]]"
disclosure_x_bias,243,init_easy,TD_U,log_loss,0.598062187309408,0.9012652570292772,0.6680091365405223,0.542243328810493,0.007020221067013349,0.2762755764274293,0.009690500886860135,0.039666825421324284,"[[2187, 918], [1060, 1793]]","[[202, 143], [160, 157]]"
disclosure_x_bias,244,init_easy,TD_U,log_loss,0.59797177717494,0.9013633222313656,0.6675054988438329,0.5452284034373587,0.007018797411147609,0.27625096207672123,0.009014983210623604,0.04389628269406333,"[[2180, 925], [1056, 1797]]","[[202, 143], [158, 159]]"
disclosure_x_bias,245,init_easy,TD_U,log_loss,0.5978762458069374,0.9013491069008124,0.6681774857594045,0.542243328810493,0.007018462896041697,0.2762744727010208,0.00934951746246054,0.039666825421324284,"[[2189, 916], [1061, 1792]]","[[202, 143], [160, 157]]"
disclosure_x_bias,246,init_easy,TD_U,log_loss,0.5977852037016971,0.9012457360473627,0.6680094185325137,0.545273631840796,0.007019424366752118,0.27645059999332167,0.008940051486236956,0.04107199481478666,"[[2184, 921], [1057, 1796]]","[[202, 143], [158, 159]]"
disclosure_x_bias,247,init_easy,TD_U,log_loss,0.5976820545910471,0.9014947539622933,0.6680099825164966,0.5437584803256444,0.007020987810854603,0.27639654269298186,0.008916915649482096,0.040090223962921216,"[[2184, 921], [1057, 1796]]","[[202, 143], [159, 158]]"
disclosure_x_bias,248,init_easy,TD_U,log_loss,0.5975897789834967,0.9014677541050921,0.6676732840787322,0.5467435549525101,0.00701354666894291,0.2763434426048008,0.009070906232140812,0.044165618940857965,"[[2177, 928], [1052, 1801]]","[[202, 143], [157, 160]]"
disclosure_x_bias,249,init_easy,TD_U,log_loss,0.5975048866582768,0.9014734832877004,0.6686808414641024,0.542243328810493,0.007010356674776584,0.276242375641264,0.009159527914413539,0.039666825421324284,"[[2189, 916], [1058, 1795]]","[[202, 143], [160, 157]]"
disclosure_x_bias,250,init_easy,TD_U,log_loss,0.5974201480435335,0.9014488154850124,0.6685127742372117,0.5482587064676616,0.007008220804799432,0.27627782069360607,0.009240222633300658,0.04494701147772049,"[[2180, 925], [1050, 1803]]","[[202, 143], [156, 161]]"
disclosure_x_bias,251,init_easy,TD_U,log_loss,0.5973165414308598,0.9015327488106051,0.6688489086909932,0.542243328810493,0.007015301916829292,0.2765224724523739,0.008831624799286023,0.039666825421324284,"[[2191, 914], [1059, 1794]]","[[202, 143], [160, 157]]"
disclosure_x_bias,252,init_easy,TD_U,log_loss,0.5972245748089476,0.9014811749894955,0.6690166939258925,0.5452510176390774,0.007015974079616314,0.27633320630706965,0.009138539008952878,0.04251649683503552,"[[2190, 915], [1057, 1796]]","[[202, 143], [158, 159]]"
disclosure_x_bias,253,init_easy,TD_U,log_loss,0.5971390046263869,0.9013404760185567,0.669016975917884,0.5437358661239258,0.007013559925054237,0.27637983893706675,0.00795482317512427,0.041567940294914514,"[[2192, 913], [1059, 1794]]","[[202, 143], [159, 158]]"
disclosure_x_bias,254,init_easy,TD_U,log_loss,0.5970377466815534,0.9014019066635444,0.6688491906829845,0.5437358661239258,0.007001024178251592,0.2763514261124062,0.007763144211553361,0.041567940294914514,"[[2192, 913], [1060, 1793]]","[[202, 143], [159, 158]]"
disclosure_x_bias,255,init_easy,TD_U,log_loss,0.5969484476366678,0.9013835565148443,0.6695208956065648,0.5422207146087743,0.007000923136073774,0.27635492807010764,0.008156516974570262,0.038600358673922586,"[[2192, 913], [1056, 1797]]","[[202, 143], [160, 157]]"
disclosure_x_bias,256,init_easy,TD_U,log_loss,0.5968564756849198,0.901404399764089,0.6690172579098753,0.5437358661239258,0.006998911138580369,0.2765283576887808,0.007981803389242762,0.041567940294914514,"[[2192, 913], [1059, 1794]]","[[202, 143], [159, 158]]"
disclosure_x_bias,257,init_easy,TD_U,log_loss,0.5967683936412105,0.901548296660531,0.6691847611527832,0.5437358661239258,0.006992731271537444,0.27658773409042886,0.008252650970308847,0.041567940294914514,"[[2190, 915], [1056, 1797]]","[[202, 143], [159, 158]]"
disclosure_x_bias,258,init_easy,TD_U,log_loss,0.5966834786150326,0.9015705405046279,0.669352828379674,0.5437358661239258,0.006991224319886575,0.27659965166214817,0.008813607094404074,0.041567940294914514,"[[2191, 914], [1056, 1797]]","[[202, 143], [159, 158]]"
disclosure_x_bias,259,init_easy,TD_U,log_loss,0.5965848351174348,0.9018352018170914,0.6693525463876826,0.542243328810493,0.006977732169630423,0.27651164444366705,0.008681769080416214,0.039666825421324284,"[[2191, 914], [1056, 1797]]","[[201, 144], [159, 158]]"
disclosure_x_bias,260,init_easy,TD_U,log_loss,0.5964992607421308,0.901916850054916,0.6695206136145734,0.542243328810493,0.006975090618519179,0.2764944900307404,0.008433310598640735,0.039666825421324284,"[[2191, 914], [1055, 1798]]","[[201, 144], [159, 158]]"
disclosure_x_bias,261,init_easy,TD_U,log_loss,0.5964131139465281,0.9019516460976078,0.6693525463876826,0.542243328810493,0.006975398695949927,0.27652570334080906,0.008161785964347763,0.039666825421324284,"[[2191, 914], [1056, 1797]]","[[201, 144], [159, 158]]"
disclosure_x_bias,262,init_easy,TD_U,log_loss,0.596317967307602,0.9017251070447827,0.669856184084372,0.542243328810493,0.006982447765084114,0.2765715127204639,0.008715359408421752,0.039666825421324284,"[[2192, 913], [1054, 1799]]","[[201, 144], [159, 158]]"
disclosure_x_bias,263,init_easy,TD_U,log_loss,0.5962270571549105,0.9019475982201648,0.6696878348654899,0.542243328810493,0.006985869738910526,0.27644027637273405,0.0086184326014675,0.039666825421324284,"[[2193, 912], [1056, 1797]]","[[201, 144], [159, 158]]"
disclosure_x_bias,264,init_easy,TD_U,log_loss,0.5961403016802395,0.9018771079906023,0.6698559020923807,0.5437358661239258,0.006983785895184342,0.27648221030538706,0.008762376197367475,0.041567940294914514,"[[2192, 913], [1054, 1799]]","[[202, 143], [159, 158]]"
disclosure_x_bias,265,init_easy,TD_U,log_loss,0.5960569750996034,0.9020301787830917,0.6696878348654899,0.542243328810493,0.006982815810238008,0.27660140444161874,0.007698249269320013,0.039666825421324284,"[[2194, 911], [1057, 1796]]","[[201, 144], [159, 158]]"
disclosure_x_bias,266,init_easy,TD_U,log_loss,0.5959733276006993,0.901963479615348,0.6701914725621793,0.542243328810493,0.006980449889784519,0.2765434065224729,0.008809789170137992,0.039666825421324284,"[[2195, 910], [1055, 1798]]","[[201, 144], [159, 158]]"
disclosure_x_bias,267,init_easy,TD_U,log_loss,0.5958899297438325,0.9020456522641954,0.6700234053352885,0.5407281772953414,0.0069780709016626615,0.27660200835291776,0.008491635393155485,0.036476371670439024,"[[2191, 914], [1052, 1801]]","[[201, 144], [160, 157]]"
disclosure_x_bias,268,init_easy,TD_U,log_loss,0.595803424098861,0.9021683254982662,0.6706948282668772,0.5407281772953414,0.006974264067890448,0.2764917441596544,0.009217466203552183,0.036476371670439024,"[[2195, 910], [1052, 1801]]","[[201, 144], [160, 157]]"
disclosure_x_bias,269,init_easy,TD_U,log_loss,0.5957196278528277,0.9021439124510794,0.6706948282668772,0.542243328810493,0.006972093449265675,0.2764038248790588,0.008871623794887915,0.03700535405700643,"[[2191, 914], [1048, 1805]]","[[201, 144], [159, 158]]"
disclosure_x_bias,270,init_easy,TD_U,log_loss,0.5956241371225179,0.9021999712254514,0.6708620495177937,0.5407281772953414,0.006968843511657077,0.2764442778273675,0.009023869979855138,0.036476371670439024,"[[2195, 910], [1051, 1802]]","[[201, 144], [160, 157]]"
disclosure_x_bias,271,init_easy,TD_U,log_loss,0.5955397696365066,0.9022290926632767,0.6717026676442389,0.542243328810493,0.0069670561765628565,0.2762189088900905,0.008564356586354165,0.037688346095507544,"[[2200, 905], [1051, 1802]]","[[201, 144], [159, 158]]"
disclosure_x_bias,272,init_easy,TD_U,log_loss,0.5954588466898012,0.9021739316559471,0.6710301167446844,0.5407281772953414,0.006963975337166994,0.27654974096503787,0.00910306731714753,0.036476371670439024,"[[2197, 908], [1052, 1801]]","[[201, 144], [160, 157]]"
disclosure_x_bias,273,init_easy,TD_U,log_loss,0.5953753875225216,0.9023708677562512,0.6717026676442389,0.542243328810493,0.0069620367469863135,0.27649256308680276,0.008152707025096781,0.03700535405700643,"[[2199, 906], [1050, 1803]]","[[201, 144], [159, 158]]"
disclosure_x_bias,274,init_easy,TD_U,log_loss,0.5952889873332137,0.9022778208919077,0.6711981839715752,0.542243328810493,0.006956437181323109,0.27653919579255043,0.00897064418948195,0.037688346095507544,"[[2196, 909], [1050, 1803]]","[[201, 144], [159, 158]]"
disclosure_x_bias,275,init_easy,TD_U,log_loss,0.5952096755319316,0.9024677634979075,0.6717023856522475,0.542243328810493,0.006954203352900228,0.2766013561950779,0.007892602538977007,0.037688346095507544,"[[2200, 905], [1051, 1802]]","[[201, 144], [159, 158]]"
disclosure_x_bias,276,init_easy,TD_U,log_loss,0.595118451329232,0.9022967171244856,0.6718704528791382,0.5437584803256444,0.00696266990260113,0.2766087593405432,0.007884131204667582,0.03677159290465143,"[[2200, 905], [1050, 1803]]","[[202, 143], [159, 158]]"
disclosure_x_bias,277,init_easy,TD_U,log_loss,0.595030839173534,0.9026575442692885,0.6713659692064745,0.545273631840796,0.006965460879846353,0.27629515631607526,0.007670509860323669,0.035039576699678804,"[[2195, 910], [1048, 1805]]","[[202, 143], [158, 159]]"
disclosure_x_bias,278,init_easy,TD_U,log_loss,0.5949370949491449,0.9027225635190625,0.6720382381140375,0.545273631840796,0.006974145724847681,0.27645549255942115,0.007601964096416634,0.035039576699678804,"[[2200, 905], [1049, 1804]]","[[202, 143], [158, 159]]"
disclosure_x_bias,279,init_easy,TD_U,log_loss,0.5948531636526015,0.9027750073807284,0.6722063053409283,0.545273631840796,0.006972303064837419,0.2764923918536488,0.007204631141229426,0.03850776477471062,"[[2202, 903], [1050, 1803]]","[[201, 144], [157, 160]]"
disclosure_x_bias,280,init_easy,TD_U,log_loss,0.5947591276110873,0.9026683264418413,0.672541875810727,0.5483039348710991,0.006971869729850332,0.2765355293634968,0.007482774470201321,0.03491113244052487,"[[2202, 903], [1048, 1805]]","[[202, 143], [156, 161]]"
disclosure_x_bias,281,init_easy,TD_U,log_loss,0.5946786495268684,0.902763772606575,0.6722063053409283,0.5467887833559475,0.0069710262491705565,0.2765783031234811,0.007204631141229426,0.0381496883774872,"[[2201, 904], [1049, 1804]]","[[201, 144], [156, 161]]"
disclosure_x_bias,282,init_easy,TD_U,log_loss,0.5945926259973933,0.902871635648163,0.672541875810727,0.5467887833559475,0.006970082667966902,0.2765639217425111,0.007482774470201321,0.035374254948733065,"[[2201, 904], [1047, 1806]]","[[201, 144], [156, 161]]"
disclosure_x_bias,283,init_easy,TD_U,log_loss,0.5945115674201908,0.9028746799223886,0.6725415938187356,0.5483039348710991,0.006970076787140222,0.27662638424734326,0.007783145051956627,0.03491113244052487,"[[2201, 904], [1047, 1806]]","[[202, 143], [156, 161]]"
disclosure_x_bias,284,init_easy,TD_U,log_loss,0.5944220280996482,0.9030084445843958,0.6727093790536348,0.545273631840796,0.006967219027838332,0.2764918437540157,0.007847790657402374,0.03715935337009699,"[[2201, 904], [1046, 1807]]","[[201, 144], [157, 160]]"
disclosure_x_bias,285,init_easy,TD_U,log_loss,0.5943407139471383,0.9029188093420055,0.672541875810727,0.5467887833559475,0.006964736143960736,0.276582928544288,0.007524460858922542,0.03881254856138329,"[[2200, 905], [1046, 1807]]","[[200, 145], [155, 162]]"
disclosure_x_bias,286,init_easy,TD_U,log_loss,0.5942516889110099,0.9029335872875748,0.6723738085838362,0.545273631840796,0.00696954015081852,0.2764557061277612,0.00775434802534593,0.0404461809759031,"[[2198, 907], [1045, 1808]]","[[200, 145], [156, 161]]"
disclosure_x_bias,287,init_easy,TD_U,log_loss,0.5941681647755799,0.9029301422360925,0.6718704528791382,0.545273631840796,0.006969801733324258,0.27659215042348445,0.007764602138081517,0.041071994814786635,"[[2200, 905], [1050, 1803]]","[[200, 145], [156, 161]]"
disclosure_x_bias,288,init_easy,TD_U,log_loss,0.5940858679587329,0.9029976661808284,0.6725415938187356,0.545273631840796,0.006958212506172983,0.27649402469066825,0.007742851506663206,0.03981053067977306,"[[2202, 903], [1048, 1805]]","[[201, 144], [157, 160]]"
disclosure_x_bias,289,init_easy,TD_U,log_loss,0.5939997733961019,0.9030565560372829,0.6720382381140375,0.545273631840796,0.006959557512258806,0.27652054926194214,0.007683817606784305,0.041071994814786635,"[[2200, 905], [1049, 1804]]","[[200, 145], [156, 161]]"
disclosure_x_bias,290,init_easy,TD_U,log_loss,0.5939185958251435,0.9030700591795636,0.6720382381140375,0.5483039348710991,0.00695890730129141,0.2765967890678383,0.007925369052160337,0.040962470519404166,"[[2197, 908], [1046, 1807]]","[[201, 144], [155, 162]]"
disclosure_x_bias,291,init_easy,TD_U,log_loss,0.5938409465183029,0.9030141033466188,0.6722060233489369,0.5467887833559475,0.006956186441172307,0.2766010481807834,0.008344049690289438,0.041357886018885875,"[[2197, 908], [1045, 1808]]","[[200, 145], [155, 162]]"
disclosure_x_bias,292,init_easy,TD_U,log_loss,0.5937634089285222,0.90320911141258,0.6725421578027184,0.5483039348710991,0.006953661291886439,0.2766110975518629,0.00738531557604103,0.039049691208279655,"[[2200, 905], [1046, 1807]]","[[201, 144], [155, 162]]"
disclosure_x_bias,293,init_easy,TD_U,log_loss,0.5936784476467606,0.9030343384973897,0.6722060233489369,0.5467887833559475,0.006957289593589766,0.2766337856451903,0.007921357660137735,0.03946427661012033,"[[2205, 900], [1053, 1800]]","[[200, 145], [155, 162]]"
disclosure_x_bias,294,init_easy,TD_U,log_loss,0.5935954258061594,0.9032128851645913,0.6722063053409284,0.5483039348710991,0.006957998765689855,0.27651613405811915,0.0077887787309064175,0.039049691208279655,"[[2203, 902], [1051, 1802]]","[[201, 144], [155, 162]]"
disclosure_x_bias,295,init_easy,TD_U,log_loss,0.5935153046524927,0.903142939004827,0.6720382381140376,0.5483039348710991,0.0069532380941437115,0.2765983591262383,0.008042247439077095,0.039049691208279655,"[[2199, 906], [1048, 1805]]","[[201, 144], [155, 162]]"
disclosure_x_bias,296,init_easy,TD_U,log_loss,0.5934288721636835,0.9033922825098815,0.6727090970616435,0.5513116236996833,0.006947796849282048,0.2763611812445433,0.008620222021733114,0.04083565906653688,"[[2201, 904], [1046, 1807]]","[[202, 143], [154, 163]]"
disclosure_x_bias,297,init_easy,TD_U,log_loss,0.5933406231440019,0.9032860616457044,0.6720379561220462,0.5513342379014021,0.006934217126544202,0.2763827324530136,0.007818708283253576,0.03996896221442021,"[[2195, 910], [1044, 1809]]","[[201, 144], [153, 164]]"
disclosure_x_bias,298,init_easy,TD_U,log_loss,0.5932449922608952,0.9033197353172685,0.6723735265918448,0.5483039348710991,0.006942679649149989,0.2763191950336796,0.0084245664682647,0.039049691208279655,"[[2204, 901], [1051, 1802]]","[[201, 144], [155, 162]]"
disclosure_x_bias,299,init_easy,TD_U,log_loss,0.5931477751661764,0.9032250495422709,0.672541875810727,0.5483039348710991,0.006944313612274467,0.2763221865191664,0.008201285646446605,0.039049691208279655,"[[2200, 905], [1046, 1807]]","[[201, 144], [155, 162]]"
disclosure_x_bias,300,init_easy,TD_U,log_loss,0.5930683098241297,0.9031503347212263,0.6727093790536349,0.5483039348710991,0.006944451398615525,0.2761380624293367,0.007887548139185756,0.039049691208279655,"[[2202, 903], [1047, 1806]]","[[201, 144], [155, 162]]"
disclosure_x_bias,1,init_easy,TD_U,exponential,27.0765760990323,30.113200949768732,0.6181583103039874,0.5468566259611036,14.862008298231043,33.90156910793008,0.02399627250590758,0.024994530524254606,"[[2030, 1075], [1200, 1653]]","[[209, 136], [164, 153]]"
disclosure_x_bias,2,init_easy,TD_U,exponential,27.091928534652446,30.21332883974108,0.6189986464384412,0.5468566259611036,14.858642343937564,34.15156882910767,0.022542693543351464,0.024994530524254606,"[[2037, 1068], [1202, 1651]]","[[209, 136], [164, 153]]"
disclosure_x_bias,3,init_easy,TD_U,exponential,27.039807444762015,30.03869485183457,0.6206779087473916,0.5483717774762551,14.869903726332176,34.055596162364466,0.022940269284554365,0.02634345820143053,"[[2048, 1057], [1203, 1650]]","[[210, 135], [164, 153]]"
disclosure_x_bias,4,init_easy,TD_U,exponential,26.92708521637786,30.125893301411075,0.6215165529298968,0.5483717774762551,14.804428410944043,34.29302418585275,0.02314324904939431,0.02634345820143053,"[[2053, 1052], [1203, 1650]]","[[210, 135], [164, 153]]"
disclosure_x_bias,5,init_easy,TD_U,exponential,26.9331620350072,30.097949856646107,0.6240364333652925,0.5438715513342378,14.812372239908905,34.26563212556051,0.02136093757999801,0.027877195430870284,"[[2084, 1021], [1219, 1634]]","[[210, 135], [167, 150]]"
disclosure_x_bias,6,init_easy,TD_U,exponential,26.82278885900704,29.9945092048553,0.6242045005921832,0.5438715513342378,14.764195899155641,34.501382719555345,0.02158236055978644,0.027877195430870284,"[[2085, 1020], [1219, 1634]]","[[210, 135], [167, 150]]"
disclosure_x_bias,7,init_easy,TD_U,exponential,26.54034154015192,29.710333410502066,0.6253792792284699,0.5438715513342378,14.696578837459928,34.49706912303537,0.02158905402542831,0.027877195430870284,"[[2092, 1013], [1219, 1634]]","[[210, 135], [167, 150]]"
disclosure_x_bias,8,init_easy,TD_U,exponential,26.529131383026247,29.68900233198343,0.6255470644633693,0.5438715513342378,14.681208180723852,34.47845268588792,0.021425055084503125,0.027877195430870284,"[[2097, 1008], [1223, 1630]]","[[210, 135], [167, 150]]"
disclosure_x_bias,9,init_easy,TD_U,exponential,26.540209651192093,29.757106274474843,0.6272249168123626,0.5544776119402985,14.677899460726248,34.679117918744495,0.017445556613574057,0.05151257809546473,"[[2066, 1039], [1182, 1671]]","[[209, 136], [159, 158]]"
disclosure_x_bias,10,init_easy,TD_U,exponential,26.503955068197246,29.721715521941668,0.6278960577519599,0.5544776119402985,14.65568725827079,34.64361442110977,0.016446884057227936,0.05151257809546473,"[[2073, 1032], [1185, 1668]]","[[209, 136], [159, 158]]"
disclosure_x_bias,11,init_easy,TD_U,exponential,26.29107694015193,29.46735945655464,0.6277279905250691,0.5544776119402985,14.625871682779154,34.64712353885495,0.016197842294226335,0.05151257809546473,"[[2070, 1035], [1183, 1670]]","[[209, 136], [159, 158]]"
disclosure_x_bias,12,init_easy,TD_U,exponential,26.247971022970184,29.3989925740174,0.6289024871693644,0.5544776119402985,14.626799017074564,34.87332443442563,0.014935296163352938,0.05151257809546473,"[[2094, 1011], [1200, 1653]]","[[211, 134], [161, 156]]"
disclosure_x_bias,13,init_easy,TD_U,exponential,26.213007440491726,29.389895602752432,0.6295739101009532,0.5575079149706015,14.599275601567118,34.884366423272425,0.015216766502907826,0.05278865485291557,"[[2099, 1006], [1201, 1652]]","[[213, 132], [161, 156]]"
disclosure_x_bias,14,init_easy,TD_U,exponential,26.197485237155973,29.385964367982133,0.630077265805651,0.559023066485753,14.587258137994157,34.88669669621131,0.01528592171778537,0.05262143276816594,"[[2104, 1001], [1203, 1650]]","[[214, 131], [161, 156]]"
disclosure_x_bias,15,init_easy,TD_U,exponential,25.998175872700035,29.249870998590808,0.630077265805651,0.559023066485753,14.546112731694027,34.93189048958187,0.01528592171778537,0.05262143276816594,"[[2105, 1000], [1204, 1649]]","[[214, 131], [161, 156]]"
disclosure_x_bias,16,init_easy,TD_U,exponential,25.971945418119816,29.245907799945115,0.6304131182674413,0.559023066485753,14.515611600343398,34.9229856761305,0.015107656744900746,0.05262143276816594,"[[2107, 998], [1204, 1649]]","[[214, 131], [161, 156]]"
disclosure_x_bias,17,init_easy,TD_U,exponential,25.88921323046153,29.145022092381303,0.6304131182674413,0.559023066485753,14.488041903226428,35.09625937970572,0.01510765674490076,0.05262143276816594,"[[2111, 994], [1208, 1645]]","[[215, 130], [162, 155]]"
disclosure_x_bias,18,init_easy,TD_U,exponential,25.884589729167583,29.01966211146841,0.630581185494332,0.5575305291723203,14.522737143457707,35.02675707350938,0.014884854663322485,0.054427058818320065,"[[2105, 1000], [1201, 1652]]","[[214, 131], [162, 155]]"
disclosure_x_bias,19,init_easy,TD_U,exponential,25.898708475108663,29.036203426464795,0.6307492527212227,0.5575305291723203,14.52719220975767,35.05558704092801,0.014677923430438486,0.054427058818320065,"[[2105, 1000], [1200, 1653]]","[[214, 131], [162, 155]]"
disclosure_x_bias,20,init_easy,TD_U,exponential,25.791767244975187,29.013724415542463,0.6304134002594326,0.5575305291723203,14.49418079250691,35.03438536264133,0.014376135414239828,0.054427058818320065,"[[2103, 1002], [1200, 1653]]","[[214, 131], [162, 155]]"
disclosure_x_bias,21,init_easy,TD_U,exponential,25.677257223983695,28.863980122382976,0.6305814674863234,0.5575305291723203,14.4562867466637,35.06029086616996,0.014621908750319703,0.054427058818320065,"[[2106, 999], [1202, 1651]]","[[214, 131], [162, 155]]"
disclosure_x_bias,22,init_easy,TD_U,exponential,25.674136858221953,28.940669203302196,0.6309170379561221,0.5575305291723203,14.435068787695633,35.230549589376956,0.014774007313641048,0.054427058818320065,"[[2106, 999], [1200, 1653]]","[[214, 131], [162, 155]]"
disclosure_x_bias,23,init_easy,TD_U,exponential,25.68551372900719,28.924475802250566,0.6312526084259207,0.5575305291723203,14.434977203224326,35.2147553682284,0.015083000672632135,0.054427058818320065,"[[2109, 996], [1201, 1652]]","[[214, 131], [162, 155]]"
disclosure_x_bias,24,init_easy,TD_U,exponential,25.602831695412032,28.75898056443129,0.6317559641306187,0.5560153776571687,14.427351222333066,35.210912225734475,0.015316989342932267,0.054542701143771764,"[[2113, 992], [1202, 1651]]","[[214, 131], [163, 154]]"
disclosure_x_bias,25,init_easy,TD_U,exponential,25.591323837499328,28.741949474741197,0.6332665952286956,0.5560153776571687,14.427337963625092,35.175712899751275,0.014282472067502718,0.054542701143771764,"[[2098, 1007], [1178, 1675]]","[[212, 133], [161, 156]]"
disclosure_x_bias,26,init_easy,TD_U,exponential,25.586054944170435,28.720548538499806,0.6332665952286956,0.5560153776571687,14.439646822374787,35.10756621446046,0.014282472067502718,0.054542701143771764,"[[2099, 1006], [1179, 1674]]","[[212, 133], [161, 156]]"
disclosure_x_bias,27,init_easy,TD_U,exponential,25.57362356010909,28.67739709973419,0.6334343804635949,0.5575079149706015,14.456308204985936,35.203903752025305,0.014062271899917746,0.05278865485291557,"[[2098, 1007], [1177, 1676]]","[[212, 133], [160, 157]]"
disclosure_x_bias,28,init_easy,TD_U,exponential,25.49841959139506,28.563740085186243,0.6336021656984941,0.5575079149706015,14.44398582546479,35.25571609539386,0.014104984339502368,0.05278865485291557,"[[2100, 1005], [1178, 1675]]","[[212, 133], [160, 157]]"
disclosure_x_bias,29,init_easy,TD_U,exponential,25.380048667656695,28.534065106120824,0.6325954542890981,0.5575079149706015,14.392292261133852,35.19314151416029,0.015659521430448808,0.05278865485291557,"[[2123, 982], [1207, 1646]]","[[215, 130], [163, 154]]"
disclosure_x_bias,30,init_easy,TD_U,exponential,25.401089949633388,28.590587567125475,0.6327632395239975,0.5575079149706015,14.39655035230153,35.33009534175243,0.01572774935677121,0.05278865485291557,"[[2123, 982], [1206, 1647]]","[[215, 130], [163, 154]]"
disclosure_x_bias,31,init_easy,TD_U,exponential,25.315965624208896,28.476746494113286,0.6329310247588968,0.5575079149706015,14.372212794834796,35.349822458291946,0.015951357561288532,0.05278865485291557,"[[2125, 980], [1207, 1646]]","[[215, 130], [163, 154]]"
disclosure_x_bias,32,init_easy,TD_U,exponential,25.290425324167465,28.41051866210774,0.6339377361682927,0.5575079149706015,14.36975111690658,35.25417308593747,0.014227448236976366,0.05278865485291557,"[[2102, 1003], [1178, 1675]]","[[212, 133], [160, 157]]"
disclosure_x_bias,33,init_easy,TD_U,exponential,25.169285622499206,28.392952741179084,0.6339377361682927,0.5575079149706015,14.346999263353231,35.42873405851371,0.014227448236976366,0.05278865485291557,"[[2102, 1003], [1178, 1675]]","[[212, 133], [160, 157]]"
disclosure_x_bias,34,init_easy,TD_U,exponential,25.165505523122004,28.40763196083273,0.6334343804635949,0.5544776119402985,14.345412416123736,35.41955532499437,0.014946470695625665,0.045181448313186066,"[[2115, 990], [1194, 1659]]","[[212, 133], [162, 155]]"
disclosure_x_bias,35,init_easy,TD_U,exponential,25.177922034234868,28.414757710258026,0.6337699509333935,0.552962460425147,14.350887967864132,35.42922088346159,0.014623756682390932,0.047410404086498256,"[[2118, 987], [1195, 1658]]","[[212, 133], [163, 154]]"
disclosure_x_bias,36,init_easy,TD_U,exponential,25.172346179937247,28.339523571883614,0.6341055214031922,0.552962460425147,14.3734905556717,35.40226068267484,0.014822322015026455,0.047410404086498256,"[[2119, 986], [1194, 1659]]","[[212, 133], [163, 154]]"
disclosure_x_bias,37,init_easy,TD_U,exponential,25.06917691508755,28.290841970115974,0.6344410918729908,0.5544776119402985,14.44151476170229,35.30222514787085,0.013996245261102512,0.05101500269049291,"[[2108, 997], [1181, 1672]]","[[212, 133], [162, 155]]"
disclosure_x_bias,38,init_easy,TD_U,exponential,25.07678172642535,28.351266188780095,0.6346088771078902,0.5544776119402985,14.448946008022489,35.41531787007528,0.014070316629810084,0.05101500269049291,"[[2109, 996], [1181, 1672]]","[[212, 133], [162, 155]]"
disclosure_x_bias,39,init_easy,TD_U,exponential,25.079622355063158,28.328979238763004,0.6346088771078902,0.5575079149706015,14.447955124791363,35.42383837888311,0.014225083204749061,0.058735336162099645,"[[2098, 1007], [1170, 1683]]","[[212, 133], [160, 157]]"
disclosure_x_bias,40,init_easy,TD_U,exponential,25.009126054608362,28.241839586797,0.6352800180474875,0.5575079149706015,14.428630547341664,35.392211152662064,0.01373946127779829,0.058735336162099645,"[[2099, 1006], [1167, 1686]]","[[212, 133], [160, 157]]"
disclosure_x_bias,41,init_easy,TD_U,exponential,24.763535785430395,28.216291761454414,0.6356155885172861,0.55599276345545,14.31481980757854,35.57982108723965,0.013955102511432702,0.05927377405697906,"[[2101, 1004], [1167, 1686]]","[[212, 133], [161, 156]]"
disclosure_x_bias,42,init_easy,TD_U,exponential,24.748351396239286,28.172474795116255,0.6359511589870848,0.55599276345545,14.312144443246599,35.488836582164,0.014224750590556225,0.05927377405697906,"[[2103, 1002], [1167, 1686]]","[[212, 133], [161, 156]]"
disclosure_x_bias,43,init_easy,TD_U,exponential,24.739839369938483,28.19172133147717,0.6364545146917828,0.5590230664857531,14.313967214906269,35.46598371741705,0.013686124439628595,0.056816828575236386,"[[2097, 1008], [1158, 1695]]","[[211, 134], [158, 159]]"
disclosure_x_bias,44,init_easy,TD_U,exponential,24.70469925350241,28.126625351947713,0.6367900851615814,0.5544776119402985,14.294761427722303,35.49102673874662,0.01384848938361619,0.04949227103215141,"[[2110, 995], [1169, 1684]]","[[211, 134], [161, 156]]"
disclosure_x_bias,45,init_easy,TD_U,exponential,24.730465305359964,28.156949128349652,0.6366222999266821,0.55599276345545,14.288338250290888,35.58509179671176,0.013825360887830172,0.04784365611268964,"[[2110, 995], [1170, 1683]]","[[211, 134], [160, 157]]"
disclosure_x_bias,46,init_easy,TD_U,exponential,24.720209651974848,28.120186917056383,0.6367900851615814,0.5544776119402985,14.285671189987761,35.505179959259195,0.01384848938361619,0.04949227103215141,"[[2110, 995], [1169, 1684]]","[[211, 134], [161, 156]]"
disclosure_x_bias,47,init_easy,TD_U,exponential,24.66892965153705,28.029047369202704,0.6367900851615814,0.55599276345545,14.284365734494736,35.515327770309334,0.013916086035405653,0.04784365611268964,"[[2111, 994], [1170, 1683]]","[[212, 133], [161, 156]]"
disclosure_x_bias,48,init_easy,TD_U,exponential,24.593626645134755,28.019662276075554,0.6367900851615814,0.55599276345545,14.27692808955737,35.50610872097311,0.013916086035405653,0.04784365611268964,"[[2111, 994], [1170, 1683]]","[[212, 133], [161, 156]]"
disclosure_x_bias,49,init_easy,TD_U,exponential,24.579752607576786,28.042832265679596,0.6377982065309344,0.55599276345545,14.271825995449008,35.51244264951616,0.012768318020116314,0.04784365611268964,"[[2120, 985], [1173, 1680]]","[[212, 133], [161, 156]]"
disclosure_x_bias,50,init_easy,TD_U,exponential,24.588127215188475,28.05690628974507,0.637798488522926,0.55599276345545,14.283312812374271,35.512106256437185,0.013217820216182292,0.04784365611268964,"[[2120, 985], [1173, 1680]]","[[212, 133], [161, 156]]"
disclosure_x_bias,51,init_easy,TD_U,exponential,24.589562242857504,28.143123479143185,0.6379662737578252,0.55599276345545,14.300308766711922,35.65318377418615,0.013178053036739648,0.04784365611268964,"[[2121, 984], [1173, 1680]]","[[212, 133], [161, 156]]"
disclosure_x_bias,52,init_easy,TD_U,exponential,24.57206778519946,28.098293390238744,0.6383018442276239,0.5544776119402985,14.297568905645049,35.55248648175444,0.012776590192879333,0.04949227103215141,"[[2122, 983], [1172, 1681]]","[[211, 134], [161, 156]]"
disclosure_x_bias,53,init_easy,TD_U,exponential,24.415622511327758,27.95462517854679,0.6383018442276239,0.5544776119402985,14.232188171570616,35.6559431335569,0.012727531656439096,0.04949227103215141,"[[2122, 983], [1172, 1681]]","[[211, 134], [161, 156]]"
disclosure_x_bias,54,init_easy,TD_U,exponential,24.406330397741172,27.919645083841726,0.6383018442276239,0.5544776119402985,14.233438168117754,35.59389568342966,0.012727531656439096,0.04949227103215141,"[[2123, 982], [1173, 1680]]","[[211, 134], [161, 156]]"
disclosure_x_bias,55,init_easy,TD_U,exponential,24.335867830594957,27.906809304310237,0.6386374146974225,0.5544776119402985,14.293805066985964,35.57474694289901,0.01267690655832489,0.04949227103215141,"[[2124, 981], [1172, 1681]]","[[211, 134], [161, 156]]"
disclosure_x_bias,56,init_easy,TD_U,exponential,24.241462199996565,27.86044979530066,0.6396455360667758,0.5529850746268656,14.283567799434453,35.477660185093946,0.012057531845587794,0.05126107980211769,"[[2131, 974], [1173, 1680]]","[[211, 134], [162, 155]]"
disclosure_x_bias,57,init_easy,TD_U,exponential,24.25538083320273,27.929768857044046,0.6393099655969771,0.5529850746268656,14.30222983244216,35.6118039748622,0.01185497249437164,0.05126107980211769,"[[2130, 975], [1174, 1679]]","[[211, 134], [162, 155]]"
disclosure_x_bias,58,init_easy,TD_U,exponential,24.24924225800596,27.969386258706198,0.6396455360667758,0.5529850746268656,14.298037042713784,35.70643215163949,0.012057531845587794,0.05126107980211769,"[[2131, 974], [1173, 1680]]","[[211, 134], [162, 155]]"
disclosure_x_bias,59,init_easy,TD_U,exponential,24.25441605466485,27.966743445420366,0.6394777508318763,0.5514699231117142,14.30764679578044,35.633115538610895,0.011866082434302065,0.04971870523831893,"[[2132, 973], [1175, 1678]]","[[211, 134], [163, 154]]"
disclosure_x_bias,60,init_easy,TD_U,exponential,24.262669929777477,27.942308395349066,0.6394777508318763,0.5514699231117142,14.316232071973245,35.64748879072507,0.011866082434302065,0.04971870523831893,"[[2132, 973], [1175, 1678]]","[[211, 134], [163, 154]]"
disclosure_x_bias,61,init_easy,TD_U,exponential,24.201275585284755,27.858222499671804,0.6404844622412724,0.5529850746268656,14.318819767694098,35.66697974049578,0.011611004272604263,0.050256023493889475,"[[2136, 969], [1173, 1680]]","[[212, 133], [163, 154]]"
disclosure_x_bias,62,init_easy,TD_U,exponential,24.175014669559474,27.84571395440567,0.6403166770063731,0.5514699231117142,14.302281045008307,35.666127627642794,0.011064144353686666,0.046538784206215766,"[[2135, 970], [1173, 1680]]","[[211, 134], [163, 154]]"
disclosure_x_bias,63,init_easy,TD_U,exponential,24.180345366004172,27.798600026756567,0.6401488917714737,0.5514699231117142,14.316122774222475,35.65352887672976,0.011038068312032318,0.046538784206215766,"[[2134, 971], [1173, 1680]]","[[211, 134], [163, 154]]"
disclosure_x_bias,64,init_easy,TD_U,exponential,24.199859883628147,27.79630217699928,0.6401488917714737,0.5514699231117142,14.338647790698237,35.633029255596725,0.011038068312032318,0.046538784206215766,"[[2134, 971], [1173, 1680]]","[[211, 134], [163, 154]]"
disclosure_x_bias,65,init_easy,TD_U,exponential,24.18795824079083,27.80566524663743,0.6403169589983644,0.5514699231117142,14.354788213995999,35.60767571869337,0.011306664779990634,0.046538784206215766,"[[2135, 970], [1173, 1680]]","[[211, 134], [163, 154]]"
disclosure_x_bias,66,init_easy,TD_U,exponential,24.12659136473198,27.739883524601897,0.6404847442332638,0.5514699231117142,14.346809676670448,35.727107700448954,0.011629097715617789,0.046538784206215766,"[[2135, 970], [1172, 1681]]","[[211, 134], [163, 154]]"
disclosure_x_bias,67,init_easy,TD_U,exponential,24.049609975958834,27.798023159890988,0.6406525294681631,0.5514699231117142,14.3381683495264,35.83168930277308,0.01132165438084227,0.046538784206215766,"[[2137, 968], [1173, 1680]]","[[211, 134], [163, 154]]"
disclosure_x_bias,68,init_easy,TD_U,exponential,24.055732833035535,27.780106589029607,0.6406525294681631,0.5514699231117142,14.310921034349025,35.75988351746545,0.01148622838849237,0.046538784206215766,"[[2136, 969], [1172, 1681]]","[[211, 134], [163, 154]]"
disclosure_x_bias,69,init_easy,TD_U,exponential,24.068666876500522,27.81480016038198,0.641155885172861,0.5514699231117142,14.309432335799329,35.766155918786936,0.011981092665510689,0.046538784206215766,"[[2137, 968], [1170, 1683]]","[[211, 134], [163, 154]]"
disclosure_x_bias,70,init_easy,TD_U,exponential,23.9785865511701,27.829917305456682,0.6413236704077605,0.5529850746268656,14.258502868746998,35.781853379785126,0.011645372011044873,0.050256023493889475,"[[2139, 966], [1171, 1682]]","[[212, 133], [163, 154]]"
disclosure_x_bias,71,init_easy,TD_U,exponential,23.918967593270786,27.808545432364486,0.6413236704077605,0.5529850746268656,14.248475806050125,35.740109403624444,0.011645372011044873,0.050256023493889475,"[[2139, 966], [1171, 1682]]","[[212, 133], [163, 154]]"
disclosure_x_bias,72,init_easy,TD_U,exponential,23.910288536498218,27.773633952725977,0.6413236704077605,0.5499547715965626,14.2653898295217,35.74554709773661,0.011752322283611413,0.049640155982920015,"[[2137, 968], [1169, 1684]]","[[210, 135], [163, 154]]"
disclosure_x_bias,73,init_easy,TD_U,exponential,23.822352255992698,27.785449242571907,0.6430037786926851,0.5514246947082768,14.332674382362299,35.760121047710335,0.011693228317393448,0.04257242515944614,"[[2162, 943], [1184, 1669]]","[[212, 133], [164, 153]]"
disclosure_x_bias,74,init_easy,TD_U,exponential,23.804345760488175,27.77899896228187,0.6433393491624837,0.5514246947082768,14.32889549423714,35.75426083734746,0.011321908494112295,0.04257242515944614,"[[2164, 941], [1184, 1669]]","[[212, 133], [164, 153]]"
disclosure_x_bias,75,init_easy,TD_U,exponential,23.818811135574375,27.772554205859997,0.6435071343973832,0.5529398462234283,14.343530905004972,35.71583447135551,0.011014372169268467,0.042605946914209956,"[[2165, 940], [1184, 1669]]","[[213, 132], [164, 153]]"
disclosure_x_bias,76,init_easy,TD_U,exponential,23.882598034734432,28.14704024730517,0.6440104901020811,0.5529398462234283,14.277298721380735,35.87061518914916,0.010827027008752904,0.042605946914209956,"[[2165, 940], [1181, 1672]]","[[213, 132], [164, 153]]"
disclosure_x_bias,77,init_easy,TD_U,exponential,23.883342635010287,28.133555741157814,0.6443460605718798,0.5514246947082768,14.276121998911917,35.78440019002622,0.01083105636876477,0.04257242515944614,"[[2168, 937], [1182, 1671]]","[[212, 133], [164, 153]]"
disclosure_x_bias,78,init_easy,TD_U,exponential,23.781461589945675,28.037305695509694,0.6448496982685692,0.5514246947082768,14.277156240660307,35.917931352473666,0.010732615045545617,0.04257242515944614,"[[2172, 933], [1183, 1670]]","[[213, 132], [165, 152]]"
disclosure_x_bias,79,init_easy,TD_U,exponential,23.80520973201955,28.032640308707915,0.6445141277987705,0.5514246947082768,14.282252233136889,35.86539509900465,0.011089837492032762,0.04257242515944614,"[[2166, 939], [1179, 1674]]","[[212, 133], [164, 153]]"
disclosure_x_bias,80,init_easy,TD_U,exponential,23.793050523770635,28.026945531828705,0.6431695899836445,0.5469244685662595,14.285501045835979,35.975623049532835,0.011767068255603223,0.046120929966068314,"[[2142, 963], [1163, 1690]]","[[209, 136], [164, 153]]"
disclosure_x_bias,81,init_easy,TD_U,exponential,23.748648639922003,27.98779280741967,0.6445141277987705,0.5499095431931252,14.257927349997079,35.898426537306605,0.011313234513797527,0.04307516381552285,"[[2169, 936], [1182, 1671]]","[[212, 133], [165, 152]]"
disclosure_x_bias,82,init_easy,TD_U,exponential,23.701595305227123,27.93005084345245,0.6446821950256613,0.5499095431931252,14.261291761177105,35.911429675068,0.011422492542446547,0.04307516381552285,"[[2169, 936], [1181, 1672]]","[[212, 133], [165, 152]]"
disclosure_x_bias,83,init_easy,TD_U,exponential,23.711828366140534,27.93116334431579,0.6450177654954599,0.5529398462234283,14.278480552732338,35.943536314705256,0.011126712502602772,0.046608723756062585,"[[2159, 946], [1169, 1684]]","[[212, 133], [163, 154]]"
disclosure_x_bias,84,init_easy,TD_U,exponential,23.705776653304717,27.963791221620237,0.6446821950256613,0.5499095431931252,14.268203808207469,35.97929261383629,0.01190521271974325,0.04307516381552285,"[[2156, 949], [1168, 1685]]","[[210, 135], [163, 154]]"
disclosure_x_bias,85,init_easy,TD_U,exponential,23.68928621806217,27.923785950772505,0.6446819130336698,0.5483943916779738,14.267846679840808,35.937092495931516,0.011914375656870167,0.04171787343175004,"[[2158, 947], [1170, 1683]]","[[210, 135], [164, 153]]"
disclosure_x_bias,86,init_easy,TD_U,exponential,23.709805164849868,27.97391722517268,0.646024476904856,0.5483943916779738,14.294301464001329,35.97821596563116,0.01131118818755145,0.04171787343175004,"[[2162, 943], [1166, 1687]]","[[210, 135], [164, 153]]"
disclosure_x_bias,87,init_easy,TD_U,exponential,23.681871167482164,27.991524568462637,0.6463600473746546,0.5483943916779738,14.319411248870708,35.98042946051233,0.011136696198065215,0.04171787343175004,"[[2166, 939], [1168, 1685]]","[[211, 134], [165, 152]]"
disclosure_x_bias,88,init_easy,TD_U,exponential,23.6643911490661,27.989549420084224,0.6453533359652586,0.5514246947082768,14.311296262071094,35.96726434095878,0.01156611509543359,0.04257242515944614,"[[2164, 941], [1172, 1681]]","[[212, 133], [164, 153]]"
disclosure_x_bias,89,init_easy,TD_U,exponential,23.666562820490515,28.012108612772785,0.6455211212001579,0.5514246947082768,14.313501465919357,36.006347336153674,0.011534142595640048,0.04257242515944614,"[[2164, 941], [1171, 1682]]","[[212, 133], [164, 153]]"
disclosure_x_bias,90,init_easy,TD_U,exponential,23.72713007164821,28.437534452098095,0.6471995375331341,0.5499095431931252,14.2459029939511,36.24397207044703,0.00948003713929629,0.04307516381552285,"[[2163, 942], [1160, 1693]]","[[211, 134], [164, 153]]"
disclosure_x_bias,91,init_easy,TD_U,exponential,23.707397553613582,28.353945509076517,0.6463600473746546,0.5514246947082768,14.244259032524171,36.15876112915248,0.009727431432123098,0.04257242515944614,"[[2163, 942], [1165, 1688]]","[[212, 133], [164, 153]]"
disclosure_x_bias,92,init_easy,TD_U,exponential,23.71259376603368,28.38424664243154,0.6471995375331341,0.5483943916779738,14.245082238072262,36.15452124973191,0.009578512227852434,0.04171787343175004,"[[2165, 940], [1162, 1691]]","[[211, 134], [165, 152]]"
disclosure_x_bias,93,init_easy,TD_U,exponential,23.710750549166967,28.38138255861163,0.6473670407760419,0.5483943916779738,14.234902862221167,36.13751619326024,0.00934926198176744,0.04171787343175004,"[[2166, 939], [1162, 1691]]","[[211, 134], [165, 152]]"
disclosure_x_bias,94,init_easy,TD_U,exponential,23.682640221784247,28.377720029812377,0.6473670407760419,0.5468792401628223,14.234560321632433,36.17197757857353,0.00934926198176744,0.041499651497435196,"[[2166, 939], [1162, 1691]]","[[210, 135], [165, 152]]"
disclosure_x_bias,95,init_easy,TD_U,exponential,23.68252919279814,28.348569000484048,0.6470314703062433,0.5483943916779738,14.234911536162095,36.08695746478175,0.009530236510094223,0.04292331963779388,"[[2163, 942], [1161, 1692]]","[[210, 135], [164, 153]]"
disclosure_x_bias,96,init_easy,TD_U,exponential,23.61415737272033,28.38784924443197,0.6480384637076307,0.5499095431931252,14.290302035663064,36.18783924094623,0.011052105724095951,0.042478871632892656,"[[2163, 942], [1155, 1698]]","[[210, 135], [163, 154]]"
disclosure_x_bias,97,init_easy,TD_U,exponential,23.608294667260356,28.38567375767257,0.64820624894253,0.5499095431931252,14.30354492107784,36.16959905232479,0.011001586212912376,0.04126044267992124,"[[2165, 940], [1156, 1697]]","[[211, 134], [164, 153]]"
disclosure_x_bias,98,init_easy,TD_U,exponential,23.56426172037458,28.30437224858257,0.649212960351926,0.5483943916779738,14.310893904320432,36.28006875968338,0.009612053809788277,0.0371923990346823,"[[2163, 942], [1148, 1705]]","[[210, 135], [164, 153]]"
disclosure_x_bias,99,init_easy,TD_U,exponential,23.589671305519722,28.30592431364649,0.648709604647228,0.5483943916779738,14.267504349035544,36.22655502807306,0.00992719457634631,0.0371923990346823,"[[2161, 944], [1149, 1704]]","[[210, 135], [164, 153]]"
disclosure_x_bias,100,init_easy,TD_U,exponential,23.460910209886883,28.296620745782086,0.6482059669505386,0.5468792401628223,14.222351336089615,36.18861400310668,0.010030276167704605,0.03830332964321515,"[[2160, 945], [1151, 1702]]","[[209, 136], [164, 153]]"
disclosure_x_bias,101,init_easy,TD_U,exponential,23.45884389364506,28.289244265808257,0.6485415374203373,0.5483943916779738,14.224014299847298,36.190997866925834,0.00987750424617212,0.0371923990346823,"[[2163, 942], [1152, 1701]]","[[210, 135], [164, 153]]"
disclosure_x_bias,102,init_easy,TD_U,exponential,23.44806112299586,28.215806694567334,0.6485415374203373,0.5483943916779738,14.250308721224787,36.12837408642488,0.00987750424617212,0.0371923990346823,"[[2163, 942], [1152, 1701]]","[[210, 135], [164, 153]]"
disclosure_x_bias,103,init_easy,TD_U,exponential,23.420890159005204,28.235094461734075,0.6493804635948339,0.5468792401628223,14.227911869363044,36.1638521724297,0.010509521007499304,0.03694745805459556,"[[2165, 940], [1149, 1704]]","[[208, 137], [163, 154]]"
disclosure_x_bias,104,init_easy,TD_U,exponential,23.43375519250781,28.291307095180382,0.6495482488297333,0.5514246947082768,14.251247313796716,36.25558401831601,0.010901608889772433,0.04546963158646014,"[[2171, 934], [1154, 1699]]","[[211, 134], [163, 154]]"
disclosure_x_bias,105,init_easy,TD_U,exponential,23.434899256047867,28.282848656104267,0.6483729062094636,0.5544097693351425,14.247264572552156,36.197659986566364,0.010902269424342257,0.044316809538224804,"[[2176, 929], [1166, 1687]]","[[213, 132], [163, 154]]"
disclosure_x_bias,106,init_easy,TD_U,exponential,23.4734288093305,28.347867134208208,0.6490440471490609,0.5544097693351425,14.316784163484607,36.29719522889259,0.010973164056523137,0.044316809538224804,"[[2177, 928], [1163, 1690]]","[[213, 132], [163, 154]]"
disclosure_x_bias,107,init_easy,TD_U,exponential,23.481164324333964,28.309976276999958,0.6487084766792623,0.5544097693351425,14.322641133643936,36.21661587192332,0.011127731435086639,0.044316809538224804,"[[2176, 929], [1164, 1689]]","[[213, 132], [163, 154]]"
disclosure_x_bias,108,init_easy,TD_U,exponential,23.473169552583023,28.338918385938506,0.6488762619141617,0.5528946178199909,14.332734893988162,36.243039073068225,0.010779910588258442,0.04011193210880474,"[[2174, 931], [1161, 1692]]","[[212, 133], [163, 154]]"
disclosure_x_bias,109,init_easy,TD_U,exponential,23.475473130067964,28.368343461729694,0.6493796176188597,0.5528946178199909,14.340036140694677,36.29615496253172,0.010541045296509217,0.04011193210880474,"[[2173, 932], [1157, 1696]]","[[212, 133], [163, 154]]"
disclosure_x_bias,110,init_easy,TD_U,exponential,23.39785916852342,28.35754060022133,0.6492118323839603,0.5513794663048394,14.383808464847037,36.249173471229305,0.010818708677130277,0.041327834323559444,"[[2172, 933], [1157, 1696]]","[[211, 134], [163, 154]]"
disclosure_x_bias,111,init_easy,TD_U,exponential,23.345303790277185,28.361177841790493,0.6498829733235576,0.5528946178199909,14.403440333188605,36.323760283016576,0.010510116148680297,0.04011193210880474,"[[2175, 930], [1156, 1697]]","[[212, 133], [163, 154]]"
disclosure_x_bias,112,init_easy,TD_U,exponential,23.362421043849107,28.330997313206694,0.649547402853759,0.5528946178199909,14.41047292354406,36.24497009596122,0.010700664296404903,0.04011193210880474,"[[2173, 932], [1156, 1697]]","[[212, 133], [163, 154]]"
disclosure_x_bias,113,init_easy,TD_U,exponential,23.335194572708858,28.312788648497282,0.6503863290282557,0.5544097693351425,14.414490516528836,36.354180807173876,0.010834259368582807,0.04008582280476247,"[[2170, 935], [1148, 1705]]","[[212, 133], [162, 155]]"
disclosure_x_bias,114,init_easy,TD_U,exponential,23.444615421273365,28.7485262896128,0.6505541142631549,0.555924920850294,14.332810093608781,36.558048352179426,0.010712890414339152,0.03999597182361288,"[[2170, 935], [1147, 1706]]","[[212, 133], [161, 156]]"
disclosure_x_bias,115,init_easy,TD_U,exponential,23.417489964304124,28.695851042743165,0.6502185437933563,0.555924920850294,14.340562698276512,36.562244261832845,0.011344255621022486,0.03999597182361288,"[[2171, 934], [1150, 1703]]","[[212, 133], [161, 156]]"
disclosure_x_bias,116,init_easy,TD_U,exponential,23.43195730562027,28.73499507062063,0.6512252552027522,0.555924920850294,14.338757768628493,36.55592215202958,0.010779227817935362,0.03999597182361288,"[[2176, 929], [1149, 1704]]","[[212, 133], [161, 156]]"
disclosure_x_bias,117,init_easy,TD_U,exponential,23.43536182256258,28.737531823295832,0.6515608256725509,0.555924920850294,14.335883759678419,36.564378040093594,0.01099583746984258,0.03999597182361288,"[[2169, 936], [1140, 1713]]","[[211, 134], [160, 157]]"
disclosure_x_bias,118,init_easy,TD_U,exponential,23.4391877353028,28.76702348694571,0.6515608256725509,0.555924920850294,14.348062647977924,36.601827159956486,0.01099583746984258,0.03999597182361288,"[[2170, 935], [1141, 1712]]","[[211, 134], [160, 157]]"
disclosure_x_bias,119,init_easy,TD_U,exponential,23.423765522149765,28.76261740875655,0.6515608256725509,0.555924920850294,14.336005929457313,36.58135881494622,0.01099583746984258,0.03999597182361288,"[[2170, 935], [1141, 1712]]","[[211, 134], [160, 157]]"
disclosure_x_bias,120,init_easy,TD_U,exponential,23.36042165963673,28.770359129541767,0.6515608256725509,0.555924920850294,14.30836001448318,36.58102558092621,0.01099583746984258,0.03999597182361288,"[[2169, 936], [1140, 1713]]","[[211, 134], [160, 157]]"
disclosure_x_bias,121,init_easy,TD_U,exponential,23.318769977405637,28.796719928995895,0.6517286109074503,0.5544097693351425,14.350864356739159,36.63145319880597,0.011168569304811724,0.04133888720074022,"[[2169, 936], [1139, 1714]]","[[210, 135], [160, 157]]"
disclosure_x_bias,122,init_easy,TD_U,exponential,23.305706946349282,28.799104046399787,0.6520641813772489,0.5544097693351425,14.344786158350601,36.66223160720562,0.011306063694768729,0.04133888720074022,"[[2169, 936], [1137, 1716]]","[[210, 135], [160, 157]]"
disclosure_x_bias,123,init_easy,TD_U,exponential,23.30286857583793,28.745681623618715,0.6520641813772489,0.5544097693351425,14.365658318794605,36.60378825425356,0.011660181948085315,0.04133888720074022,"[[2168, 937], [1136, 1717]]","[[210, 135], [160, 157]]"
disclosure_x_bias,124,init_easy,TD_U,exponential,23.291628944615802,28.778510801149167,0.6520641813772489,0.5544097693351425,14.346875743083105,36.642379751132836,0.011660181948085315,0.04133888720074022,"[[2168, 937], [1136, 1717]]","[[210, 135], [160, 157]]"
disclosure_x_bias,125,init_easy,TD_U,exponential,23.28372193532914,28.770767283597035,0.6530708927866449,0.5544097693351425,14.338488454459759,36.59267705300673,0.010425706695619088,0.04133888720074022,"[[2170, 935], [1132, 1721]]","[[210, 135], [160, 157]]"
disclosure_x_bias,126,init_easy,TD_U,exponential,23.319777682692866,28.79903118603575,0.6529031075517455,0.555924920850294,14.327588950183847,36.663035301745055,0.010234341305661854,0.039353050194170236,"[[2165, 940], [1128, 1725]]","[[210, 135], [159, 158]]"
disclosure_x_bias,127,init_easy,TD_U,exponential,23.316378738520847,28.76731104522625,0.6527350403248547,0.5574400723654456,14.318130086112271,36.63325778897685,0.010384346348239563,0.03984194791978198,"[[2165, 940], [1129, 1724]]","[[211, 134], [159, 158]]"
disclosure_x_bias,128,init_easy,TD_U,exponential,23.32826919059574,28.75712814476853,0.6525675370819469,0.5574400723654456,14.336014378328723,36.627983384528115,0.010357701628113997,0.03984194791978198,"[[2165, 940], [1130, 1723]]","[[211, 134], [159, 158]]"
disclosure_x_bias,129,init_easy,TD_U,exponential,23.311895561110763,28.749421397538896,0.6525672550899555,0.5574400723654456,14.329576603592958,36.61240706088096,0.010724577396170247,0.03984194791978198,"[[2165, 940], [1130, 1723]]","[[211, 134], [159, 158]]"
disclosure_x_bias,130,init_easy,TD_U,exponential,23.304049522005492,28.779345786858563,0.6532386780215442,0.5574400723654456,14.330290342395553,36.67159829686764,0.010610674742956818,0.03984194791978198,"[[2164, 941], [1125, 1728]]","[[211, 134], [159, 158]]"
disclosure_x_bias,131,init_easy,TD_U,exponential,23.269175293001158,28.68055529669808,0.6534064632564436,0.5574400723654456,14.341636082801863,36.633459558228544,0.010435887494951444,0.03984194791978198,"[[2165, 940], [1125, 1728]]","[[211, 134], [159, 158]]"
disclosure_x_bias,132,init_easy,TD_U,exponential,23.26596450413573,28.7171611778599,0.6537420337262422,0.5574400723654456,14.339469041954027,36.72391171267366,0.010523625272212456,0.03984194791978198,"[[2168, 937], [1126, 1727]]","[[211, 134], [159, 158]]"
disclosure_x_bias,133,init_easy,TD_U,exponential,23.194977076681678,28.704430040452717,0.6542456714229317,0.5589326096788783,14.376714789359474,36.65375862804198,0.01051760221591863,0.039904964505714395,"[[2166, 939], [1121, 1732]]","[[211, 134], [158, 159]]"
disclosure_x_bias,134,init_easy,TD_U,exponential,23.179788273596706,28.689176812069423,0.653910100953133,0.5559023066485753,14.371600021421637,36.63760937013522,0.01103034600423008,0.03256964993026546,"[[2163, 942], [1120, 1733]]","[[209, 136], [158, 159]]"
disclosure_x_bias,135,init_easy,TD_U,exponential,23.193869582296294,28.728097612468833,0.6537423157182336,0.5559023066485753,14.377307108407171,36.720205416913736,0.011007079809093089,0.03256964993026546,"[[2161, 944], [1119, 1734]]","[[209, 136], [158, 159]]"
disclosure_x_bias,136,init_easy,TD_U,exponential,23.17672422076799,28.65049986035178,0.6544134566578309,0.5543871551334238,14.382977567775834,36.617049408138264,0.010503304562962916,0.03494205188447516,"[[2162, 943], [1116, 1737]]","[[208, 137], [158, 159]]"
disclosure_x_bias,137,init_easy,TD_U,exponential,23.2217681785247,28.729290806815307,0.6544134566578309,0.5498643147896879,14.433200569138553,36.653841512098985,0.011195255487741671,0.034492444558664015,"[[2164, 941], [1118, 1735]]","[[207, 138], [160, 157]]"
disclosure_x_bias,138,init_easy,TD_U,exponential,23.251789929834292,28.83735274240309,0.6545812418927303,0.5498643147896879,14.426718713011876,36.94715635018306,0.011234848951028957,0.034492444558664015,"[[2164, 941], [1117, 1736]]","[[207, 138], [160, 157]]"
disclosure_x_bias,139,init_easy,TD_U,exponential,23.239498278444906,28.82074715311159,0.6544137386498223,0.5513568521031208,14.433884373976774,36.92338140202489,0.011185230877559568,0.034926794880016536,"[[2164, 941], [1118, 1735]]","[[207, 138], [159, 158]]"
disclosure_x_bias,140,init_easy,TD_U,exponential,23.239449824528762,28.784430230297147,0.6557560205290169,0.5498417005879692,14.44514648097191,36.88200345577812,0.009343197321402102,0.031743265670634443,"[[2160, 945], [1106, 1747]]","[[206, 139], [159, 158]]"
disclosure_x_bias,141,init_easy,TD_U,exponential,23.207188519301166,28.823368092306197,0.6555882352941176,0.5498417005879692,14.42750399169046,36.94274567471712,0.009081084291285131,0.031743265670634443,"[[2158, 947], [1105, 1748]]","[[206, 139], [159, 158]]"
disclosure_x_bias,142,init_easy,TD_U,exponential,23.20929808937759,28.828838095560997,0.6557560205290169,0.5483265490728177,14.427082998962428,36.98097614838077,0.009140117696905899,0.034618043420621046,"[[2158, 947], [1104, 1749]]","[[205, 140], [159, 158]]"
disclosure_x_bias,143,init_easy,TD_U,exponential,23.182577577234902,28.863409064005026,0.6559238057639163,0.5483265490728177,14.452143620542996,37.013322542036946,0.009023683513333127,0.034618043420621046,"[[2158, 947], [1103, 1750]]","[[205, 140], [159, 158]]"
disclosure_x_bias,144,init_easy,TD_U,exponential,23.180244950257215,28.877276327526907,0.6554204500592183,0.5498417005879692,14.458244420714742,37.05691482556519,0.007869838101297042,0.0348094200692556,"[[2159, 946], [1107, 1746]]","[[207, 138], [160, 157]]"
disclosure_x_bias,145,init_easy,TD_U,exponential,23.175441190759962,28.846936848072907,0.6557560205290169,0.5483265490728177,14.45235725429246,36.994328027842684,0.009071414257003781,0.034618043420621046,"[[2157, 948], [1103, 1750]]","[[205, 140], [159, 158]]"
disclosure_x_bias,146,init_easy,TD_U,exponential,23.178515542527677,28.87018964115926,0.6557560205290169,0.5483265490728177,14.446816349293416,37.00251072144994,0.009071414257003781,0.034618043420621046,"[[2157, 948], [1103, 1750]]","[[205, 140], [159, 158]]"
disclosure_x_bias,147,init_easy,TD_U,exponential,23.192215650833642,28.866557612276473,0.6559238057639163,0.5483265490728177,14.462336545795397,36.97610310527048,0.009127083679110295,0.034618043420621046,"[[2157, 948], [1102, 1751]]","[[205, 140], [159, 158]]"
disclosure_x_bias,148,init_easy,TD_U,exponential,23.179242617090487,28.881324222013557,0.6559238057639163,0.5483265490728177,14.452674597537904,37.01472476420104,0.009127083679110295,0.034618043420621046,"[[2157, 948], [1102, 1751]]","[[205, 140], [159, 158]]"
disclosure_x_bias,149,init_easy,TD_U,exponential,23.22145367059011,28.868278468897905,0.6559238057639163,0.5498417005879692,14.479380073762,36.9979440482382,0.009127083679110295,0.036245360125381584,"[[2157, 948], [1102, 1751]]","[[206, 139], [159, 158]]"
disclosure_x_bias,150,init_easy,TD_U,exponential,23.220057991975445,28.871791987888884,0.6560913090068242,0.5483265490728177,14.487890175750422,37.01575303712776,0.008259180957906155,0.033873200730690466,"[[2166, 939], [1110, 1743]]","[[207, 138], [161, 156]]"
disclosure_x_bias,151,init_easy,TD_U,exponential,23.12673250859732,28.762743522697292,0.6557560205290169,0.5468340117593848,14.524225242657755,36.833132747441205,0.007930765146553989,0.030052119598167778,"[[2166, 939], [1112, 1741]]","[[207, 138], [162, 155]]"
disclosure_x_bias,152,init_easy,TD_U,exponential,23.103038181184793,28.816515518124113,0.656259376233715,0.5453188602442334,14.469209608843151,36.94232631366481,0.008261419124357565,0.032920768653926714,"[[2167, 938], [1110, 1743]]","[[206, 139], [162, 155]]"
disclosure_x_bias,153,init_easy,TD_U,exponential,23.173235724028793,28.810266053969617,0.6562599402176978,0.5498417005879692,14.519731386457236,36.8980077579052,0.007926070995191086,0.0348094200692556,"[[2161, 944], [1104, 1749]]","[[207, 138], [160, 157]]"
disclosure_x_bias,154,init_easy,TD_U,exponential,23.243606148028444,29.31616487338696,0.6564277254525972,0.5483265490728177,14.444164794787515,37.25508584338224,0.008171646039409569,0.033873200730690466,"[[2166, 939], [1108, 1745]]","[[207, 138], [161, 156]]"
disclosure_x_bias,155,init_easy,TD_U,exponential,23.238036448739827,29.28273348068779,0.655589081270092,0.5498417005879692,14.461310982897523,37.22138949658927,0.009484358033686873,0.0348094200692556,"[[2165, 940], [1112, 1741]]","[[207, 138], [160, 157]]"
disclosure_x_bias,156,init_easy,TD_U,exponential,23.22561419309766,29.29452635899089,0.6562599402176978,0.5483265490728177,14.45847102540952,37.25629161675841,0.010080160864071609,0.033873200730690466,"[[2171, 934], [1114, 1739]]","[[207, 138], [161, 156]]"
disclosure_x_bias,157,init_easy,TD_U,exponential,23.22326323308225,29.274182816687954,0.6567632959223958,0.5483265490728177,14.458764909995399,37.21939682747214,0.007671673791676516,0.032332078848736914,"[[2161, 944], [1101, 1752]]","[[206, 139], [160, 157]]"
disclosure_x_bias,158,init_easy,TD_U,exponential,23.21448072339867,29.29700763285511,0.6574344368619931,0.5498417005879692,14.459361921355203,37.263608940496404,0.00824080800918212,0.03406876168908316,"[[2161, 944], [1097, 1756]]","[[207, 138], [160, 157]]"
disclosure_x_bias,159,init_easy,TD_U,exponential,23.20711735608484,29.253581518131664,0.6576025040888839,0.5513568521031208,14.455182601428776,37.18453168665136,0.008976965434722622,0.03635809958800731,"[[2162, 943], [1097, 1756]]","[[208, 137], [160, 157]]"
disclosure_x_bias,160,init_easy,TD_U,exponential,23.18248855632966,29.296881264233207,0.6574347188539845,0.5498643147896879,14.482734341925374,37.2907593108843,0.00834047749539613,0.0359410508568297,"[[2160, 945], [1096, 1757]]","[[208, 137], [161, 156]]"
disclosure_x_bias,161,init_easy,TD_U,exponential,23.047849995425985,29.227834799501828,0.6574347188539845,0.5498417005879692,14.464291386345094,37.27984583740845,0.00845223977345,0.0348094200692556,"[[2163, 942], [1099, 1754]]","[[208, 137], [161, 156]]"
disclosure_x_bias,162,init_easy,TD_U,exponential,23.06238613454636,29.205661544001327,0.6576027860808753,0.5483491632745364,14.446748564486851,37.22903613496787,0.008084680116339449,0.0335485152564103,"[[2161, 944], [1096, 1757]]","[[207, 138], [161, 156]]"
disclosure_x_bias,163,init_easy,TD_U,exponential,23.118172809917326,29.24227200379956,0.6574347188539845,0.5498417005879692,14.486341847047383,37.302337912576995,0.009231372232762294,0.03762654030972432,"[[2159, 946], [1095, 1758]]","[[206, 139], [159, 158]]"
disclosure_x_bias,164,init_easy,TD_U,exponential,23.100834846688677,29.176749890808377,0.6567635779143872,0.5498417005879692,14.483832725850466,37.15382653777788,0.009147102565181375,0.03762654030972432,"[[2160, 945], [1100, 1753]]","[[206, 139], [159, 158]]"
disclosure_x_bias,165,init_easy,TD_U,exponential,23.126070992055524,29.276222075435953,0.6570991483841859,0.5468113975576662,14.495108809419628,37.41752053714077,0.00785714146780082,0.032046450772932944,"[[2164, 941], [1102, 1751]]","[[206, 139], [161, 156]]"
disclosure_x_bias,166,init_easy,TD_U,exponential,23.104414938541904,29.274101629337707,0.6574347188539845,0.5468113975576662,14.494239033565586,37.405608110136555,0.007996744346967517,0.032046450772932944,"[[2165, 940], [1101, 1752]]","[[206, 139], [161, 156]]"
disclosure_x_bias,167,init_easy,TD_U,exponential,23.102060983721852,29.2818386661368,0.6577705713157747,0.5498643147896879,14.4995278262724,37.42870289795011,0.007419664285699753,0.038675831559445935,"[[2159, 946], [1093, 1760]]","[[206, 139], [159, 158]]"
disclosure_x_bias,168,init_easy,TD_U,exponential,23.107657433652797,29.28906719687733,0.6576025040888839,0.5483491632745364,14.504034752609096,37.430239435105946,0.007620966650341623,0.03715614200319196,"[[2163, 942], [1098, 1755]]","[[206, 139], [160, 157]]"
disclosure_x_bias,169,init_easy,TD_U,exponential,23.11403589197107,29.295709549950935,0.6576025040888839,0.5468340117593848,14.516719541963887,37.4599734073609,0.007620966650341623,0.03327447523949848,"[[2161, 944], [1096, 1757]]","[[206, 139], [161, 156]]"
disclosure_x_bias,170,init_easy,TD_U,exponential,23.11167719580753,29.30908921605294,0.6576025040888839,0.5498643147896879,14.510695620803574,37.45044843414041,0.007620966650341623,0.038675831559445935,"[[2159, 946], [1094, 1759]]","[[206, 139], [159, 158]]"
disclosure_x_bias,171,init_easy,TD_U,exponential,23.096793139599693,29.275334680534154,0.6581067057695561,0.5452962460425147,14.508483042285576,37.41733606160644,0.00826056763342527,0.03086211218986316,"[[2167, 938], [1099, 1754]]","[[205, 140], [161, 156]]"
disclosure_x_bias,172,init_easy,TD_U,exponential,23.051242262920457,29.267477155901577,0.6579386385426653,0.5498417005879692,14.50529469081354,37.42487739911587,0.00810924506977823,0.03762654030972432,"[[2166, 939], [1099, 1754]]","[[206, 139], [159, 158]]"
disclosure_x_bias,173,init_easy,TD_U,exponential,23.035511703667925,29.270407325925568,0.6577708533077661,0.5483265490728177,14.493004767918219,37.41687394836789,0.00847077167918179,0.036762134566195495,"[[2165, 940], [1099, 1754]]","[[205, 140], [159, 158]]"
disclosure_x_bias,174,init_easy,TD_U,exponential,23.059558851940498,29.283350792993808,0.6576030680728667,0.5483265490728177,14.481357719289251,37.431661695454395,0.009127754781183788,0.036762134566195495,"[[2167, 938], [1102, 1751]]","[[205, 140], [159, 158]]"
disclosure_x_bias,175,init_easy,TD_U,exponential,23.02540382799378,29.239410463920525,0.6584419942473634,0.5483265490728177,14.532878852882854,37.44340352147377,0.00894053760051452,0.036762134566195495,"[[2165, 940], [1095, 1758]]","[[205, 140], [159, 158]]"
disclosure_x_bias,176,init_easy,TD_U,exponential,23.005752936923354,29.239505706539763,0.6584419942473634,0.5483265490728177,14.511254101155057,37.40425124002505,0.00894053760051452,0.036762134566195495,"[[2167, 938], [1097, 1756]]","[[205, 140], [159, 158]]"
disclosure_x_bias,177,init_easy,TD_U,exponential,23.01116726710628,29.24989047483063,0.6584419942473634,0.5498417005879692,14.518165703160927,37.445307692831165,0.00894053760051452,0.03762654030972432,"[[2166, 939], [1096, 1757]]","[[206, 139], [159, 158]]"
disclosure_x_bias,178,init_easy,TD_U,exponential,23.016407387709734,29.26750109677905,0.6582739270204726,0.5513342379014021,14.523435801892335,37.43230108480529,0.009156385426992137,0.0386715339162677,"[[2167, 938], [1098, 1755]]","[[207, 138], [159, 158]]"
disclosure_x_bias,179,init_easy,TD_U,exponential,23.008357062347354,29.27318543874093,0.6584419942473634,0.5498417005879692,14.526615148577868,37.495954456026304,0.00894053760051452,0.03762654030972432,"[[2166, 939], [1096, 1757]]","[[206, 139], [159, 158]]"
disclosure_x_bias,180,init_easy,TD_U,exponential,23.00704887177326,29.268913090126755,0.6582739270204726,0.5513342379014021,14.53869307233179,37.4513497034895,0.009156385426992137,0.0386715339162677,"[[2166, 939], [1097, 1756]]","[[207, 138], [159, 158]]"
disclosure_x_bias,181,init_easy,TD_U,exponential,23.005676251377896,29.28499664251968,0.6587781287011449,0.5513342379014021,14.54205651371982,37.50017772502238,0.009722644350628471,0.0386715339162677,"[[2164, 941], [1092, 1761]]","[[207, 138], [159, 158]]"
disclosure_x_bias,182,init_easy,TD_U,exponential,22.98152168270645,29.231197155298986,0.6589461959280356,0.5513116236996833,14.548333986222005,37.49210996802677,0.009509748737428481,0.03956666079337157,"[[2166, 939], [1093, 1760]]","[[206, 139], [158, 159]]"
disclosure_x_bias,183,init_easy,TD_U,exponential,23.01868858613829,29.247756645215624,0.6589461959280356,0.5498190863862505,14.555721591755713,37.49536261707937,0.009343839351209988,0.03789737346809807,"[[2166, 939], [1093, 1760]]","[[206, 139], [159, 158]]"
disclosure_x_bias,184,init_easy,TD_U,exponential,23.031238813904213,29.257533090722298,0.6584428402233377,0.5513116236996833,14.558772095028125,37.44706673255298,0.0093185571402634,0.041455593759211665,"[[2166, 939], [1096, 1757]]","[[206, 139], [158, 159]]"
disclosure_x_bias,185,init_easy,TD_U,exponential,23.017954983203058,29.210569954866276,0.6591142631549264,0.5513116236996833,14.553528407685677,37.44835802670597,0.00915301991457081,0.04083565906653688,"[[2165, 940], [1091, 1762]]","[[205, 140], [157, 160]]"
disclosure_x_bias,186,init_easy,TD_U,exponential,23.0009989329524,29.242406719417914,0.6594495516327337,0.5528041610131162,14.532718320573855,37.51792751171648,0.009065654295897452,0.0435020612974351,"[[2166, 939], [1090, 1763]]","[[206, 139], [157, 160]]"
disclosure_x_bias,187,init_easy,TD_U,exponential,23.02310939582693,29.267178115182087,0.6594495516327337,0.5513116236996833,14.5836377003615,37.50122421783905,0.009168581141561973,0.03956666079337157,"[[2168, 937], [1092, 1761]]","[[206, 139], [158, 159]]"
disclosure_x_bias,188,init_easy,TD_U,exponential,23.017474274168798,29.265167127845825,0.6592817663978343,0.5528267752148349,14.556356506855156,37.53476889719826,0.009778810258987749,0.04024638974907638,"[[2168, 937], [1093, 1760]]","[[207, 138], [158, 159]]"
disclosure_x_bias,189,init_easy,TD_U,exponential,23.00769017909176,29.214049042988346,0.6594495516327337,0.5497964721845319,14.555227321345125,37.38981823903325,0.009404364001267127,0.04073344439375246,"[[2168, 937], [1092, 1761]]","[[205, 140], [158, 159]]"
disclosure_x_bias,190,init_easy,TD_U,exponential,23.01988889022787,29.24211355787857,0.6594495516327337,0.5528267752148349,14.567021191720556,37.44007061188475,0.009236561862539879,0.04024638974907638,"[[2168, 937], [1092, 1761]]","[[207, 138], [158, 159]]"
disclosure_x_bias,191,init_easy,TD_U,exponential,22.980524642060413,29.204022546986558,0.6592817663978343,0.5528267752148349,14.557510265627805,37.393175956014005,0.00925286825542845,0.04024638974907638,"[[2167, 938], [1092, 1761]]","[[207, 138], [158, 159]]"
disclosure_x_bias,192,init_easy,TD_U,exponential,22.973270831206108,29.204102143544326,0.6592820483898257,0.5528041610131162,14.556692076165723,37.41340711516879,0.009474785270931296,0.0435020612974351,"[[2167, 938], [1092, 1761]]","[[206, 139], [157, 160]]"
disclosure_x_bias,193,init_easy,TD_U,exponential,22.91655297279325,29.14673960246135,0.659617336867633,0.5512890094979647,14.5974333932949,37.40572491998235,0.009871216851980827,0.04404693358902919,"[[2167, 938], [1090, 1763]]","[[205, 140], [157, 160]]"
disclosure_x_bias,194,init_easy,TD_U,exponential,22.957094249123664,29.16352688265486,0.6597856860865152,0.5512890094979647,14.615119490390788,37.475376971926686,0.009538401403978625,0.042873091252388626,"[[2168, 937], [1090, 1763]]","[[205, 140], [157, 160]]"
disclosure_x_bias,195,init_easy,TD_U,exponential,22.966279720353164,29.195890288257782,0.6604562630421296,0.5528041610131162,14.638836683769506,37.554447608106884,0.00899550464879167,0.04291170160452097,"[[2166, 939], [1084, 1769]]","[[206, 139], [157, 160]]"
disclosure_x_bias,196,init_easy,TD_U,exponential,22.9724693383208,29.183327582324846,0.6604565450341211,0.5512890094979647,14.608848591321962,37.505837519167784,0.009053585576783275,0.04404693358902919,"[[2166, 939], [1084, 1769]]","[[205, 140], [157, 160]]"
disclosure_x_bias,197,init_easy,TD_U,exponential,22.939178745787338,29.17813701135983,0.6602884778072303,0.5497738579828132,14.618445783751971,37.451452585567296,0.008893456498084186,0.043367078005707896,"[[2166, 939], [1085, 1768]]","[[204, 141], [157, 160]]"
disclosure_x_bias,198,init_easy,TD_U,exponential,22.94752671652764,29.190473015169268,0.660792961479894,0.5528041610131162,14.634783967148906,37.50351693537168,0.009072281011333097,0.04291170160452097,"[[2166, 939], [1082, 1771]]","[[206, 139], [157, 160]]"
disclosure_x_bias,199,init_easy,TD_U,exponential,22.933506206119855,29.206562442770498,0.660792961479894,0.5512890094979647,14.624257173908804,37.47243172041166,0.009673005570590976,0.04227394884565772,"[[2167, 938], [1083, 1770]]","[[205, 140], [157, 160]]"
disclosure_x_bias,200,init_easy,TD_U,exponential,22.731965447467697,28.42592578673367,0.6607932434718855,0.5512890094979647,14.567627395263907,35.67689612106683,0.01001258331020059,0.04404693358902919,"[[2165, 940], [1081, 1772]]","[[205, 140], [157, 160]]"
disclosure_x_bias,201,init_easy,TD_U,exponential,22.83961071026154,29.03960608852982,0.6602890417912131,0.5497738579828132,14.493807223672738,36.30582283962147,0.009384778682936204,0.04565921883776122,"[[2162, 943], [1081, 1772]]","[[203, 142], [156, 161]]"
disclosure_x_bias,202,init_easy,TD_U,exponential,22.840086493581058,29.021729565932038,0.6611288139416841,0.5512890094979647,14.532561370366487,36.21716277729643,0.009795751955161172,0.04404693358902919,"[[2168, 937], [1082, 1771]]","[[205, 140], [157, 160]]"
disclosure_x_bias,203,init_easy,TD_U,exponential,22.84535722646408,29.03862890988531,0.6606243302690203,0.5512890094979647,14.52830179876379,36.2678335992905,0.008907923450128395,0.04404693358902919,"[[2168, 937], [1085, 1768]]","[[205, 140], [157, 160]]"
disclosure_x_bias,204,init_easy,TD_U,exponential,22.834423669653713,29.033406113998247,0.660792961479894,0.5497738579828132,14.50685230128326,36.23518846670048,0.009575502307033442,0.043367078005707854,"[[2166, 939], [1082, 1771]]","[[204, 141], [157, 160]]"
disclosure_x_bias,205,init_easy,TD_U,exponential,22.907978480280555,29.033947810163397,0.6606246122610118,0.5543193125282677,14.561701131600023,36.27721562327803,0.008965509536161907,0.04168446221725198,"[[2162, 943], [1079, 1774]]","[[206, 139], [156, 161]]"
disclosure_x_bias,206,init_easy,TD_U,exponential,22.839189334781427,29.016574004784893,0.6614638204274998,0.5543193125282677,14.514966087682755,36.236448363995315,0.009934260664185146,0.0434814902910718,"[[2163, 942], [1075, 1778]]","[[205, 140], [155, 162]]"
disclosure_x_bias,207,init_easy,TD_U,exponential,22.837863346671586,29.032203027868086,0.6612957532006091,0.5528041610131162,14.52004645242938,36.28066103844055,0.00809540067836129,0.04231310591371295,"[[2165, 940], [1078, 1775]]","[[205, 140], [156, 161]]"
disclosure_x_bias,208,init_easy,TD_U,exponential,22.839623868639894,29.045010992313344,0.6617993908972986,0.5558344640434193,14.518050433648712,36.263734031263915,0.009260758208067453,0.0422104102494349,"[[2168, 937], [1078, 1775]]","[[207, 138], [156, 161]]"
disclosure_x_bias,209,init_easy,TD_U,exponential,22.835425904512668,29.051750219695073,0.6623024646100051,0.5543193125282677,14.524800498987497,36.323750406759345,0.007915918096209106,0.04289084745493165,"[[2166, 939], [1073, 1780]]","[[206, 139], [156, 161]]"
disclosure_x_bias,210,init_easy,TD_U,exponential,22.865514823047896,29.100042940699364,0.6619668941402064,0.5543193125282677,14.584358427321161,36.35676806750755,0.010355900353039503,0.04289084745493165,"[[2163, 942], [1072, 1781]]","[[206, 139], [156, 161]]"
disclosure_x_bias,211,init_easy,TD_U,exponential,22.85945697127939,29.043331546608936,0.6629741695335852,0.5543193125282677,14.592931242396556,36.32663258206265,0.008508837151717944,0.04168446221725197,"[[2167, 938], [1070, 1783]]","[[206, 139], [156, 161]]"
disclosure_x_bias,212,init_easy,TD_U,exponential,22.86117520254358,29.06815141365508,0.6629741695335852,0.5543193125282677,14.604388733944015,36.344253843051895,0.009933549334854911,0.04168446221725197,"[[2165, 940], [1068, 1785]]","[[206, 139], [156, 161]]"
disclosure_x_bias,213,init_easy,TD_U,exponential,22.84070794184848,29.005380619559496,0.6626385990637866,0.5528041610131162,14.573110174609681,36.207937024157566,0.009284624318667011,0.04231310591371295,"[[2166, 939], [1071, 1782]]","[[205, 140], [156, 161]]"
disclosure_x_bias,214,init_easy,TD_U,exponential,22.85473631325098,29.05907446950486,0.6631419547684846,0.5528041610131162,14.585082359998946,36.2791268729179,0.009225552561262316,0.04231310591371295,"[[2166, 939], [1068, 1785]]","[[205, 140], [156, 161]]"
disclosure_x_bias,215,init_easy,TD_U,exponential,22.837887245935228,29.039891479749446,0.6633097400033839,0.5512890094979647,14.574906929486115,36.23782088397072,0.009727835497910809,0.041666191912327774,"[[2171, 934], [1072, 1781]]","[[205, 140], [157, 160]]"
disclosure_x_bias,216,init_easy,TD_U,exponential,22.83091851025527,29.041261451458023,0.6633097400033839,0.5528041610131162,14.590602034271921,36.2393105642947,0.008992643642004382,0.04231310591371295,"[[2163, 942], [1064, 1789]]","[[205, 140], [156, 161]]"
disclosure_x_bias,217,init_easy,TD_U,exponential,22.814926669200812,29.034466067948113,0.6636453104731825,0.5528041610131162,14.58848192811183,36.2528939312076,0.008533416496744493,0.04108976182705836,"[[2170, 935], [1069, 1784]]","[[206, 139], [157, 160]]"
disclosure_x_bias,218,init_easy,TD_U,exponential,22.846570736879816,29.1419318289228,0.663309176019401,0.5528041610131162,14.600698250707639,36.48861369182668,0.00887728386465193,0.04108976182705836,"[[2170, 935], [1071, 1782]]","[[206, 139], [157, 160]]"
disclosure_x_bias,219,init_easy,TD_U,exponential,22.843735738430972,29.141889262812548,0.6636453104731825,0.5528041610131162,14.60460722284913,36.4736874388025,0.008533416496744493,0.04108976182705836,"[[2169, 936], [1068, 1785]]","[[206, 139], [157, 160]]"
disclosure_x_bias,220,init_easy,TD_U,exponential,22.825735839289106,29.130471013278775,0.6639811629349726,0.5528041610131162,14.600965034715175,36.48808356588976,0.00869357685420802,0.04108976182705836,"[[2170, 935], [1067, 1786]]","[[206, 139], [157, 160]]"
disclosure_x_bias,221,init_easy,TD_U,exponential,22.831066551923062,29.132312358354323,0.6636450284811911,0.5497738579828132,14.591538970771996,36.49911861302928,0.008361269485333922,0.0415651037188901,"[[2170, 935], [1069, 1784]]","[[204, 141], [157, 160]]"
disclosure_x_bias,222,init_easy,TD_U,exponential,22.825954348240455,29.130852535124767,0.6636450284811911,0.5512890094979647,14.610216552565994,36.49536132625075,0.008727359386548778,0.04104943782738782,"[[2169, 936], [1068, 1785]]","[[205, 140], [157, 160]]"
disclosure_x_bias,223,init_easy,TD_U,exponential,22.82447802088347,29.12339522916316,0.6639808809429812,0.5512890094979647,14.611759656650756,36.457371684749354,0.008561291767403594,0.04104943782738782,"[[2173, 932], [1070, 1783]]","[[205, 140], [157, 160]]"
disclosure_x_bias,224,init_easy,TD_U,exponential,22.841628071158638,29.14111934096785,0.6639805989509898,0.5512890094979647,14.622387224856327,36.511264115194884,0.00889545303082036,0.04104943782738782,"[[2166, 939], [1063, 1790]]","[[205, 140], [157, 160]]"
disclosure_x_bias,225,init_easy,TD_U,exponential,22.799441396331968,29.123006212730342,0.6643161694207884,0.5497738579828132,14.637640789227397,36.50208616687323,0.008326414564243507,0.043367078005707854,"[[2161, 944], [1056, 1797]]","[[203, 142], [156, 161]]"
disclosure_x_bias,226,init_easy,TD_U,exponential,22.796528059206242,29.099887001012387,0.6641483841858891,0.5512890094979647,14.627223268323434,36.470603421171695,0.008671724632402006,0.0446222765121492,"[[2157, 948], [1053, 1800]]","[[203, 142], [155, 162]]"
disclosure_x_bias,227,init_easy,TD_U,exponential,22.788694558764753,29.115976898036166,0.664148948169872,0.5497738579828132,14.633207382533872,36.48439598024599,0.009606898948950183,0.043367078005707854,"[[2161, 944], [1057, 1796]]","[[203, 142], [156, 161]]"
disclosure_x_bias,228,init_easy,TD_U,exponential,22.79629869187968,29.074619738177823,0.6644839546556878,0.5497738579828132,14.635687146148644,36.39972387423671,0.009098929165506529,0.043367078005707854,"[[2164, 941], [1058, 1795]]","[[203, 142], [156, 161]]"
disclosure_x_bias,229,init_easy,TD_U,exponential,22.812445043942194,29.13994101143158,0.6649878743443687,0.5482587064676616,14.642156948757734,36.473593143005246,0.009176798249788043,0.04261658163974348,"[[2171, 934], [1062, 1791]]","[[202, 143], [156, 161]]"
disclosure_x_bias,230,init_easy,TD_U,exponential,22.794277002293448,29.07510627288034,0.6644842366476792,0.5497738579828132,14.648430428673691,36.39677114570315,0.009086823907147011,0.043367078005707854,"[[2162, 943], [1056, 1797]]","[[202, 143], [155, 162]]"
disclosure_x_bias,231,init_easy,TD_U,exponential,22.793831383487795,29.06812029530837,0.6654909480570752,0.5497738579828132,14.651134145463272,36.37638475489838,0.008948223993641445,0.043367078005707854,"[[2169, 936], [1057, 1796]]","[[203, 142], [156, 161]]"
disclosure_x_bias,232,init_easy,TD_U,exponential,22.754040197109948,29.02141069795831,0.665491512041058,0.5482587064676616,14.653190075322515,36.43037161362516,0.009469662164904637,0.04261658163974348,"[[2171, 934], [1059, 1794]]","[[202, 143], [156, 161]]"
disclosure_x_bias,233,init_easy,TD_U,exponential,22.754500079217657,29.026969239925016,0.6658273645028482,0.5497738579828132,14.652004556251025,36.432525400924284,0.009342771220441517,0.043367078005707854,"[[2171, 934], [1057, 1796]]","[[203, 142], [156, 161]]"
disclosure_x_bias,234,init_easy,TD_U,exponential,22.74803887711909,29.034086940817637,0.6663310021995376,0.5482587064676616,14.653591983283171,36.45815630360113,0.010183179880099435,0.04261658163974348,"[[2173, 932], [1056, 1797]]","[[202, 143], [156, 161]]"
disclosure_x_bias,235,init_easy,TD_U,exponential,22.765520354603957,29.025259954309057,0.6664990694264283,0.5482587064676616,14.675993503615675,36.41858469616529,0.010027467753481836,0.04261658163974348,"[[2174, 931], [1056, 1797]]","[[202, 143], [156, 161]]"
disclosure_x_bias,236,init_easy,TD_U,exponential,22.75659277885011,29.045477955276834,0.6664985054424454,0.5482587064676616,14.664051769050316,36.47190186937384,0.009828907623367758,0.04261658163974348,"[[2175, 930], [1057, 1796]]","[[202, 143], [156, 161]]"
disclosure_x_bias,237,init_easy,TD_U,exponential,22.691446304598212,29.04618843058959,0.6666662906773448,0.5497738579828132,14.698790153341937,36.44259134434719,0.010659936322602434,0.043367078005707854,"[[2172, 933], [1053, 1800]]","[[203, 142], [156, 161]]"
disclosure_x_bias,238,init_easy,TD_U,exponential,22.668363276665698,29.047685072584436,0.6663298742315719,0.5482587064676616,14.65539325841745,36.474779679104216,0.010646357448966824,0.04261658163974348,"[[2174, 931], [1057, 1796]]","[[202, 143], [156, 161]]"
disclosure_x_bias,239,init_easy,TD_U,exponential,22.713113117098203,29.00496616422451,0.6670018611471434,0.5497738579828132,14.686062220311284,36.36419811507399,0.011512444133069677,0.043367078005707854,"[[2173, 932], [1052, 1801]]","[[203, 142], [156, 161]]"
disclosure_x_bias,240,init_easy,TD_U,exponential,22.697113717276643,28.990981927931433,0.6668343579042355,0.5497738579828132,14.683038102469409,36.33177753415877,0.011171164361893336,0.043367078005707854,"[[2173, 932], [1053, 1800]]","[[203, 142], [156, 161]]"
disclosure_x_bias,241,init_easy,TD_U,exponential,22.689948374898098,28.992448195102327,0.6666662906773448,0.5482587064676616,14.647010083600529,36.3512293845286,0.011372101358882575,0.04261658163974348,"[[2173, 932], [1054, 1799]]","[[202, 143], [156, 161]]"
disclosure_x_bias,242,init_easy,TD_U,exponential,22.703683768368894,29.02677640817858,0.6670018611471434,0.5482587064676616,14.688949772619498,36.39088544525425,0.010724721042589239,0.04261658163974348,"[[2174, 931], [1053, 1800]]","[[202, 143], [156, 161]]"
disclosure_x_bias,243,init_easy,TD_U,exponential,22.704148704132287,28.991804029164804,0.667001579155152,0.5482587064676616,14.699088388132958,36.355012563360745,0.011548092174930507,0.04261658163974348,"[[2176, 929], [1055, 1798]]","[[202, 143], [156, 161]]"
disclosure_x_bias,244,init_easy,TD_U,exponential,22.700992862832255,28.997275698807094,0.6663298742315719,0.5497738579828132,14.701895039912225,36.374961433967975,0.010994615086354012,0.043367078005707854,"[[2171, 934], [1054, 1799]]","[[203, 142], [156, 161]]"
disclosure_x_bias,245,init_easy,TD_U,exponential,22.69913706751959,28.986234977673423,0.6670027071231177,0.5482813206693804,14.698331456564615,36.365085573670335,0.009995760383262314,0.04119210622481848,"[[2177, 928], [1056, 1797]]","[[203, 142], [157, 160]]"
disclosure_x_bias,246,init_easy,TD_U,exponential,22.70582208742866,28.970959274051705,0.6668340759122441,0.5482813206693804,14.708407524199803,36.32566155042608,0.010276076729006186,0.03929050785680515,"[[2177, 928], [1057, 1796]]","[[203, 142], [157, 160]]"
disclosure_x_bias,247,init_easy,TD_U,exponential,22.699383368054246,29.00917518877001,0.6675057808358242,0.5482813206693804,14.70215519100103,36.386653256838315,0.009540748162240454,0.04119210622481848,"[[2180, 925], [1056, 1797]]","[[203, 142], [157, 160]]"
disclosure_x_bias,248,init_easy,TD_U,exponential,22.666711071297264,28.955508002753874,0.668177203767413,0.5482813206693804,14.7078025857184,36.40362042315411,0.01049629338101859,0.04119210622481848,"[[2183, 922], [1055, 1798]]","[[203, 142], [157, 160]]"
disclosure_x_bias,249,init_easy,TD_U,exponential,22.671252327353223,28.980323803368538,0.6680091365405223,0.5482813206693804,14.710030747602065,36.43125999347282,0.009623977280553926,0.04119210622481848,"[[2182, 923], [1055, 1798]]","[[203, 142], [157, 160]]"
disclosure_x_bias,250,init_easy,TD_U,exponential,22.675974632299656,28.957637189782826,0.6680085725565393,0.5497964721845319,14.724785847150354,36.40275298456866,0.009934057412736895,0.04010234768250568,"[[2182, 923], [1055, 1798]]","[[204, 141], [157, 160]]"
disclosure_x_bias,251,init_easy,TD_U,exponential,22.676111503268267,29.011054663048448,0.6680091365405223,0.5482813206693804,14.717799875972473,36.4931919248644,0.009785138012538223,0.04119210622481848,"[[2180, 925], [1053, 1800]]","[[203, 142], [157, 160]]"
disclosure_x_bias,252,init_easy,TD_U,exponential,22.679472809576453,29.0034016298661,0.6675052168518414,0.5482813206693804,14.758104693805615,36.470326793756996,0.00991670295586104,0.0430097107968397,"[[2180, 925], [1056, 1797]]","[[203, 142], [157, 160]]"
disclosure_x_bias,253,init_easy,TD_U,exponential,22.680968075135233,29.021242451352787,0.6680085725565394,0.5482813206693804,14.738214600294677,36.50629217216678,0.009548734331461249,0.04119210622481848,"[[2183, 922], [1056, 1797]]","[[203, 142], [157, 160]]"
disclosure_x_bias,254,init_easy,TD_U,exponential,22.67999266834762,29.020364735702778,0.6675052168518414,0.5482813206693804,14.756805536818298,36.47431701311183,0.00991670295586104,0.0430097107968397,"[[2180, 925], [1056, 1797]]","[[203, 142], [157, 160]]"
disclosure_x_bias,255,init_easy,TD_U,exponential,22.64211000325385,29.039279371589874,0.6678407873216401,0.5497964721845319,14.809115138895017,36.53132059156367,0.00972990782145283,0.04010234768250568,"[[2182, 923], [1056, 1797]]","[[204, 141], [157, 160]]"
disclosure_x_bias,256,init_easy,TD_U,exponential,22.64629829056714,29.013959477066937,0.6688474987310361,0.5497964721845319,14.798219636637652,36.47658662660515,0.008994932103749322,0.04010234768250568,"[[2186, 919], [1054, 1799]]","[[204, 141], [157, 160]]"
disclosure_x_bias,257,init_easy,TD_U,exponential,22.636907175716733,29.0335222298644,0.6693511364277255,0.5483039348710991,14.812414557142494,36.49920960673374,0.008918121158693924,0.03839092576288883,"[[2186, 919], [1051, 1802]]","[[203, 142], [157, 160]]"
disclosure_x_bias,258,init_easy,TD_U,exponential,22.64771210784092,29.043519092749413,0.6686799954881282,0.5483039348710991,14.783232413120531,36.54184332156872,0.010100126056393932,0.03839092576288883,"[[2181, 924], [1050, 1803]]","[[203, 142], [157, 160]]"
disclosure_x_bias,259,init_easy,TD_U,exponential,22.64859810731445,29.02625094510366,0.6696869888895155,0.5483039348710991,14.783011235289104,36.4986831173132,0.00941584412529657,0.03839092576288883,"[[2185, 920], [1048, 1805]]","[[203, 142], [157, 160]]"
disclosure_x_bias,260,init_easy,TD_U,exponential,22.665156791770723,29.57106020077211,0.6696869888895155,0.5483039348710991,14.631430519151689,36.96946981863248,0.00964634827384946,0.03839092576288883,"[[2187, 918], [1050, 1803]]","[[203, 142], [157, 160]]"
disclosure_x_bias,261,init_easy,TD_U,exponential,22.710403326349443,29.501137887060686,0.6696875528734985,0.5498190863862505,14.685618785353473,36.9052216202697,0.009123376460500588,0.03856457076528738,"[[2186, 919], [1049, 1804]]","[[203, 142], [156, 161]]"
disclosure_x_bias,262,init_easy,TD_U,exponential,22.691716709596285,29.531951503331705,0.670190626586205,0.5483039348710991,14.713070614612448,36.91860480330794,0.009880295537018984,0.03839092576288883,"[[2189, 916], [1049, 1804]]","[[203, 142], [157, 160]]"
disclosure_x_bias,263,init_easy,TD_U,exponential,22.69220899076394,29.48753400029828,0.6695192036546163,0.5498190863862505,14.702720948891953,36.899159644824664,0.009567666623681692,0.03856457076528738,"[[2187, 918], [1051, 1802]]","[[203, 142], [156, 161]]"
disclosure_x_bias,264,init_easy,TD_U,exponential,22.69775768163279,29.51358497531253,0.6701909085781963,0.5483039348710991,14.709931393012077,36.91600674217463,0.010213725314213358,0.03839092576288883,"[[2188, 917], [1048, 1805]]","[[203, 142], [157, 160]]"
disclosure_x_bias,265,init_easy,TD_U,exponential,22.68432484684179,29.493259966505907,0.6698553381083977,0.5483039348710991,14.696893943883769,36.89534690889753,0.010768699581988351,0.03772065718411182,"[[2185, 920], [1047, 1806]]","[[202, 143], [156, 161]]"
disclosure_x_bias,266,init_easy,TD_U,exponential,22.7102443451815,29.556781350781442,0.6693514184197169,0.5498190863862505,14.757111351098137,36.96988541688472,0.010397510298149509,0.03986548034793464,"[[2185, 920], [1050, 1803]]","[[203, 142], [156, 161]]"
disclosure_x_bias,267,init_easy,TD_U,exponential,22.688389920069604,29.524612721620418,0.6703586938130958,0.5513342379014021,14.72037767882486,36.93034480011867,0.009481978482368458,0.039968962214420235,"[[2188, 917], [1047, 1806]]","[[203, 142], [155, 162]]"
disclosure_x_bias,268,init_easy,TD_U,exponential,22.694639289445863,29.558774049003887,0.6693514184197169,0.5498190863862505,14.727055403808235,36.975133377773034,0.010030007530076877,0.03986548034793464,"[[2185, 920], [1050, 1803]]","[[203, 142], [156, 161]]"
disclosure_x_bias,269,init_easy,TD_U,exponential,22.7041537898282,29.541973457593446,0.6706953922508601,0.5498190863862505,14.728196258228811,36.93343827733177,0.009021748117932094,0.041740892790675055,"[[2191, 914], [1048, 1805]]","[[203, 142], [156, 161]]"
disclosure_x_bias,270,init_easy,TD_U,exponential,22.70014439389924,29.575776946954484,0.6698547741244149,0.545273631840796,14.736127890626648,37.001026478804555,0.009688945671680084,0.042894689247702046,"[[2189, 916], [1051, 1802]]","[[201, 144], [157, 160]]"
disclosure_x_bias,271,init_easy,TD_U,exponential,22.708065355373193,29.59869119464248,0.6708631774857594,0.5498190863862505,14.73813386486083,37.054125992075505,0.009149665312270119,0.041740892790675055,"[[2192, 913], [1048, 1805]]","[[203, 142], [156, 161]]"
disclosure_x_bias,272,init_easy,TD_U,exponential,22.70187279634173,29.5244579361973,0.6701903445942136,0.5467887833559475,14.745433276558051,36.92073875694336,0.009954337752216482,0.0401054152314927,"[[2189, 916], [1049, 1804]]","[[202, 143], [157, 160]]"
disclosure_x_bias,273,init_easy,TD_U,exponential,22.714990266871787,29.62884571524607,0.6708631774857594,0.5467887833559475,14.743291387198287,37.14505831712406,0.009485375574122726,0.0401054152314927,"[[2192, 913], [1048, 1805]]","[[202, 143], [157, 160]]"
disclosure_x_bias,274,init_easy,TD_U,exponential,22.556307421561947,28.960493133655234,0.6713668151824488,0.5483039348710991,14.692116668904038,35.64872489891039,0.009393862157140687,0.04033495740077957,"[[2195, 910], [1048, 1805]]","[[202, 143], [156, 161]]"
disclosure_x_bias,275,init_easy,TD_U,exponential,22.524160493847315,28.8913350516305,0.6715346004173481,0.545273631840796,14.703571165258118,35.64863833378328,0.009731285652408887,0.03916456498513423,"[[2199, 906], [1051, 1802]]","[[202, 143], [158, 159]]"
disclosure_x_bias,276,init_easy,TD_U,exponential,22.533959258306076,28.91134880038254,0.6710303987366759,0.5483039348710991,14.720845982054572,35.680290077976665,0.009461667987051932,0.04033495740077957,"[[2196, 909], [1051, 1802]]","[[202, 143], [156, 161]]"
disclosure_x_bias,277,init_easy,TD_U,exponential,22.4895697662404,28.897828260460464,0.6710306807286673,0.5483039348710991,14.709469271365112,35.64012696034634,0.008905284314194439,0.04033495740077957,"[[2199, 906], [1054, 1799]]","[[202, 143], [156, 161]]"
disclosure_x_bias,278,init_easy,TD_U,exponential,22.50090848154444,28.912707244672994,0.6710306807286673,0.5483039348710991,14.722673935391938,35.682453582508025,0.008619704702143438,0.04033495740077957,"[[2198, 907], [1053, 1800]]","[[202, 143], [156, 161]]"
disclosure_x_bias,279,init_easy,TD_U,exponential,22.48861430626679,28.90617258104112,0.6706948282668772,0.5483039348710991,14.72174915734961,35.66538571482575,0.009483733831684502,0.04033495740077957,"[[2197, 908], [1054, 1799]]","[[202, 143], [156, 161]]"
disclosure_x_bias,280,init_easy,TD_U,exponential,22.48154851976448,28.899734793828298,0.6705270430319779,0.5467887833559475,14.729991560251099,35.6835181133522,0.008662681584040103,0.0401054152314927,"[[2196, 909], [1054, 1799]]","[[202, 143], [157, 160]]"
disclosure_x_bias,281,init_easy,TD_U,exponential,22.486828948872862,28.890629007329984,0.6703592577970785,0.5498190863862505,14.73107346329078,35.65892287991296,0.009623481931571762,0.0398654803479347,"[[2194, 911], [1053, 1800]]","[[202, 143], [155, 162]]"
disclosure_x_bias,282,init_easy,TD_U,exponential,22.503732578197564,28.89330812762097,0.6727102250296092,0.5513342379014021,14.727442609088403,35.64060127780899,0.009307231507436496,0.04060213224731065,"[[2202, 903], [1047, 1806]]","[[202, 143], [154, 163]]"
disclosure_x_bias,283,init_easy,TD_U,exponential,22.52376307463119,28.914511600031272,0.6715343184253567,0.5498190863862505,14.755100066540765,35.67260057947338,0.00918001050688681,0.0398654803479347,"[[2200, 905], [1052, 1801]]","[[202, 143], [155, 162]]"
disclosure_x_bias,284,init_easy,TD_U,exponential,22.522285762937294,28.893039786306936,0.6713662511984659,0.5498190863862505,14.750755494943215,35.62781988699896,0.009281312542267403,0.0398654803479347,"[[2199, 906], [1052, 1801]]","[[202, 143], [155, 162]]"
disclosure_x_bias,285,init_easy,TD_U,exponential,22.52879240504975,28.896121231295275,0.6717023856522475,0.5498190863862505,14.754628629131645,35.652885395910175,0.009277623415088017,0.0398654803479347,"[[2199, 906], [1050, 1803]]","[[202, 143], [155, 162]]"
disclosure_x_bias,286,init_easy,TD_U,exponential,22.512445122044696,28.862164566501303,0.6717023856522475,0.5483039348710991,14.75359885755135,35.57126632824328,0.009444696049105665,0.039697526194869444,"[[2199, 906], [1050, 1803]]","[[202, 143], [156, 161]]"
disclosure_x_bias,287,init_easy,TD_U,exponential,22.574906934141463,28.956433700582085,0.6715343184253568,0.5483039348710991,14.776033595829496,35.77145628463354,0.008831748497647425,0.039049691208279634,"[[2198, 907], [1050, 1803]]","[[202, 143], [156, 161]]"
disclosure_x_bias,288,init_easy,TD_U,exponential,22.564221449368706,28.961961365441745,0.6717023856522475,0.5483039348710991,14.77007189479248,35.758966664803005,0.009038534953921809,0.039049691208279634,"[[2198, 907], [1049, 1804]]","[[202, 143], [156, 161]]"
disclosure_x_bias,289,init_easy,TD_U,exponential,22.559725149336053,28.957635488284694,0.6720382381140376,0.5467887833559475,14.776175069190513,35.78073071709021,0.008714269785325158,0.04602821261133207,"[[2198, 907], [1047, 1806]]","[[200, 145], [155, 162]]"
disclosure_x_bias,290,init_easy,TD_U,exponential,22.55697245380492,28.97747154167656,0.6718701708871468,0.5467887833559475,14.764370481443642,35.81148112240083,0.00876142196367032,0.04602821261133207,"[[2199, 906], [1049, 1804]]","[[200, 145], [155, 162]]"
disclosure_x_bias,291,init_easy,TD_U,exponential,22.557358966920788,28.964638972970892,0.6722060233489369,0.5467887833559475,14.771806912925031,35.80617328604406,0.008818290416700661,0.04602821261133207,"[[2197, 908], [1045, 1808]]","[[200, 145], [155, 162]]"
disclosure_x_bias,292,init_easy,TD_U,exponential,22.565702842620702,28.998400964595994,0.6718698888951554,0.5497964721845319,14.78861710134329,35.851319866939996,0.008664809569789251,0.048191400945329754,"[[2197, 908], [1047, 1806]]","[[201, 144], [154, 163]]"
disclosure_x_bias,293,init_easy,TD_U,exponential,22.571305882604612,29.011833085003747,0.6722057413569454,0.5467887833559475,14.828632640339363,35.871393799020325,0.008614917664318012,0.04602821261133207,"[[2198, 907], [1046, 1807]]","[[200, 145], [155, 162]]"
disclosure_x_bias,294,init_easy,TD_U,exponential,22.556160331678623,29.0191663017263,0.672541311826744,0.545273631840796,14.80073519839129,35.8900796757328,0.009297053168380837,0.04577150181399661,"[[2202, 903], [1048, 1805]]","[[200, 145], [156, 161]]"
disclosure_x_bias,295,init_easy,TD_U,exponential,22.563355279632525,28.995618711397004,0.67321414471829,0.545273631840796,14.802861502320434,35.845352701953296,0.00932760757484165,0.04577150181399661,"[[2204, 901], [1046, 1807]]","[[200, 145], [156, 161]]"
disclosure_x_bias,296,init_easy,TD_U,exponential,22.51675278270634,29.01826802837894,0.6735497151880887,0.545273631840796,14.784436347447928,35.891724679402074,0.009032139538837122,0.04577150181399661,"[[2205, 900], [1045, 1808]]","[[200, 145], [156, 161]]"
disclosure_x_bias,297,init_easy,TD_U,exponential,22.52108967450732,29.01472998461469,0.6730460774913992,0.5437584803256444,14.776660369970788,35.8886409171953,0.009158594882804056,0.044892623866733546,"[[2204, 901], [1047, 1806]]","[[200, 145], [157, 160]]"
disclosure_x_bias,298,init_easy,TD_U,exponential,22.54758111914387,29.000669793160846,0.672541311826744,0.5483039348710991,14.774874017572904,35.865315444601336,0.008741694345154585,0.0467768748032251,"[[2194, 911], [1040, 1813]]","[[200, 145], [154, 163]]"
disclosure_x_bias,299,init_easy,TD_U,exponential,22.54541920176161,29.029605443561167,0.6720371101460719,0.5483039348710991,14.773554383659825,35.9269417609848,0.008580427037450941,0.0467768748032251,"[[2193, 912], [1042, 1811]]","[[200, 145], [154, 163]]"
disclosure_x_bias,300,init_easy,TD_U,exponential,22.5452450993673,29.008681941019894,0.6727093790536349,0.5483039348710991,14.778796625630124,35.88433737757732,0.00864499205537307,0.0467768748032251,"[[2198, 907], [1043, 1810]]","[[200, 145], [154, 163]]"
disclosure_x_bias,1,init_easy,CLD,log_loss,0.6425103956347165,0.8974948755609164,0.6181583103039874,0.5468566259611036,0.006762623238129577,0.2806540742380735,0.02399627250590758,0.024994530524254606,"[[2030, 1075], [1200, 1653]]","[[209, 136], [164, 153]]"
disclosure_x_bias,2,init_easy,CLD,log_loss,0.6416981009370419,0.8972420148569278,0.6189986464384412,0.5468566259611036,0.0067078064589824495,0.2806181268595453,0.022542693543351464,0.024994530524254606,"[[2037, 1068], [1202, 1651]]","[[209, 136], [164, 153]]"
disclosure_x_bias,3,init_easy,CLD,log_loss,0.640986949987836,0.8971473419714965,0.6216846201567876,0.5483717774762551,0.006672246729868829,0.28091247877535247,0.023567853171152977,0.02634345820143053,"[[2054, 1051], [1203, 1650]]","[[210, 135], [164, 153]]"
disclosure_x_bias,4,init_easy,CLD,log_loss,0.6402811407790996,0.8964834780129609,0.6225235463312841,0.5483717774762551,0.006648821840535468,0.2810583743134441,0.024269206599310325,0.02634345820143053,"[[2059, 1046], [1203, 1650]]","[[210, 135], [164, 153]]"
disclosure_x_bias,5,init_easy,CLD,log_loss,0.6396642171127638,0.8970450981358808,0.6247081382888726,0.5423790140208051,0.0066285505663089776,0.2812685019387889,0.022077652845517142,0.030334366460042173,"[[2089, 1016], [1220, 1633]]","[[210, 135], [168, 149]]"
disclosure_x_bias,6,init_easy,CLD,log_loss,0.6390354777614663,0.8971663451373552,0.6248756415317805,0.5423790140208051,0.0066480892630754055,0.2812836995914513,0.021654932822298304,0.030334366460042173,"[[2089, 1016], [1219, 1634]]","[[210, 135], [168, 149]]"
disclosure_x_bias,7,init_easy,CLD,log_loss,0.6384708717171581,0.8969210167999859,0.6255473464553607,0.5423790140208051,0.006646081196389079,0.28145763120019884,0.021462926398950966,0.030334366460042173,"[[2093, 1012], [1219, 1634]]","[[210, 135], [168, 149]]"
disclosure_x_bias,8,init_easy,CLD,log_loss,0.6379464604974279,0.896493537978802,0.6255473464553607,0.5438941655359566,0.006640513105340892,0.28174216789870243,0.02122846321516982,0.030878567880708453,"[[2098, 1007], [1224, 1629]]","[[211, 134], [168, 149]]"
disclosure_x_bias,9,init_easy,CLD,log_loss,0.6373967315571131,0.8961944074844613,0.6280641249788507,0.5529850746268656,0.006640398356466164,0.2818979473344323,0.016252076106795264,0.05321427545875726,"[[2073, 1032], [1184, 1669]]","[[209, 136], [160, 157]]"
disclosure_x_bias,10,init_easy,CLD,log_loss,0.6369138094625981,0.8965240282571315,0.6280641249788507,0.5529850746268656,0.006641893641406476,0.28178716164171297,0.016252076106795264,0.05321427545875726,"[[2071, 1034], [1182, 1671]]","[[209, 136], [160, 157]]"
disclosure_x_bias,11,init_easy,CLD,log_loss,0.6364104812606282,0.8967368224171312,0.6292386216231459,0.5529850746268656,0.006671529158196069,0.28199757532538927,0.014964813592615474,0.05321427545875726,"[[2095, 1010], [1199, 1654]]","[[211, 134], [162, 155]]"
disclosure_x_bias,12,init_easy,CLD,log_loss,0.6359237248004498,0.89643816178535,0.6295741920929446,0.5545002261420172,0.006693064315838096,0.28220956703678296,0.015125888453232074,0.05461141130067686,"[[2097, 1008], [1199, 1654]]","[[212, 133], [162, 155]]"
disclosure_x_bias,13,init_easy,CLD,log_loss,0.6354862270336082,0.8961929236298827,0.6302453330325418,0.5575305291723203,0.006691671406284392,0.28194025846417664,0.015049077773094213,0.054427058818320065,"[[2102, 1003], [1200, 1653]]","[[214, 131], [162, 155]]"
disclosure_x_bias,14,init_easy,CLD,log_loss,0.6350112812886903,0.8960010602580175,0.6304134002594326,0.5575305291723203,0.006731144429153465,0.28176520069882727,0.014827508648930543,0.054427058818320065,"[[2104, 1001], [1201, 1652]]","[[214, 131], [162, 155]]"
disclosure_x_bias,15,init_easy,CLD,log_loss,0.6345888542570455,0.8959891370246034,0.6304134002594326,0.5575305291723203,0.006738860283630503,0.2816955748756409,0.014827508648930543,0.054427058818320065,"[[2106, 999], [1203, 1650]]","[[214, 131], [162, 155]]"
disclosure_x_bias,16,init_easy,CLD,log_loss,0.634163871721053,0.8960163868217361,0.6304134002594326,0.5575305291723203,0.006757700832240251,0.28192125418785985,0.014827508648930543,0.054427058818320065,"[[2104, 1001], [1201, 1652]]","[[214, 131], [162, 155]]"
disclosure_x_bias,17,init_easy,CLD,log_loss,0.6337648660582802,0.8962596001755916,0.6304134002594326,0.5575305291723203,0.006765273685471711,0.28222720487233804,0.014827508648930543,0.054427058818320065,"[[2104, 1001], [1201, 1652]]","[[214, 131], [162, 155]]"
disclosure_x_bias,18,init_easy,CLD,log_loss,0.6333767414794524,0.8960302964012291,0.6310845411990299,0.5560153776571687,0.006774722386226679,0.2823058677183075,0.01516735907785623,0.054542701143771764,"[[2109, 996], [1202, 1651]]","[[214, 131], [163, 154]]"
disclosure_x_bias,19,init_easy,CLD,log_loss,0.6329926728316719,0.8957932992482652,0.6310845411990299,0.5560153776571687,0.006788488536011508,0.2820041524463008,0.01516735907785623,0.054542701143771764,"[[2109, 996], [1202, 1651]]","[[214, 131], [163, 154]]"
disclosure_x_bias,20,init_easy,CLD,log_loss,0.6326076785189654,0.8960230453625236,0.6322593198353167,0.5560153776571687,0.006818848100432514,0.2821351283205511,0.013293751960174467,0.054542701143771764,"[[2086, 1019], [1172, 1681]]","[[211, 134], [160, 157]]"
disclosure_x_bias,21,init_easy,CLD,log_loss,0.6322362909726317,0.8959603541822604,0.632427105070216,0.5560153776571687,0.006832719602005412,0.2820608997481221,0.013378739079275816,0.054542701143771764,"[[2087, 1018], [1172, 1681]]","[[211, 134], [160, 157]]"
disclosure_x_bias,22,init_easy,CLD,log_loss,0.6318544698118896,0.895846720383384,0.6325948903051153,0.5560153776571687,0.006854549636999594,0.28223841680331874,0.013622558493117536,0.054542701143771764,"[[2089, 1016], [1173, 1680]]","[[211, 134], [160, 157]]"
disclosure_x_bias,23,init_easy,CLD,log_loss,0.6315100938646369,0.8958389665403018,0.6317559641306187,0.5560153776571687,0.0068600940394441205,0.2821885513250368,0.015316989342932267,0.054542701143771764,"[[2113, 992], [1202, 1651]]","[[214, 131], [163, 154]]"
disclosure_x_bias,24,init_easy,CLD,log_loss,0.631162104817413,0.8952683060311853,0.632930460774914,0.5560153776571687,0.006873803951696818,0.28246192425223055,0.013776608346070793,0.054542701143771764,"[[2096, 1009], [1178, 1675]]","[[212, 133], [161, 156]]"
disclosure_x_bias,25,init_easy,CLD,log_loss,0.6308266453032537,0.8950420349285088,0.632930460774914,0.5560153776571687,0.006882547892156077,0.28249914356189226,0.013776608346070793,0.054542701143771764,"[[2096, 1009], [1178, 1675]]","[[212, 133], [161, 156]]"
disclosure_x_bias,26,init_easy,CLD,log_loss,0.6304861241393291,0.8951611593321452,0.6327626755400146,0.5560153776571687,0.006903966193187524,0.2825121935596089,0.013746526596675867,0.054542701143771764,"[[2095, 1010], [1178, 1675]]","[[212, 133], [161, 156]]"
disclosure_x_bias,27,init_easy,CLD,log_loss,0.6301418806587157,0.8952023994773217,0.6325948903051153,0.5560153776571687,0.006931683279671647,0.2825652315729738,0.013507261479315724,0.054542701143771764,"[[2095, 1010], [1179, 1674]]","[[212, 133], [161, 156]]"
disclosure_x_bias,28,init_easy,CLD,log_loss,0.6298066782428058,0.8945339132781273,0.6325948903051153,0.5560153776571687,0.006955479036979158,0.28274105042690234,0.013507261479315724,0.054542701143771764,"[[2095, 1010], [1179, 1674]]","[[212, 133], [161, 156]]"
disclosure_x_bias,29,init_easy,CLD,log_loss,0.629506669964924,0.8949691455958938,0.6325948903051153,0.5560153776571687,0.006959767452600397,0.28279697378728696,0.013507261479315724,0.054542701143771764,"[[2095, 1010], [1179, 1674]]","[[212, 133], [161, 156]]"
disclosure_x_bias,30,init_easy,CLD,log_loss,0.6292056267231311,0.8946378235486266,0.6332668772206869,0.5575305291723203,0.0069635662310212195,0.2829353646671335,0.014384516330233004,0.054427058818320065,"[[2099, 1006], [1179, 1674]]","[[212, 133], [160, 157]]"
disclosure_x_bias,31,init_easy,CLD,log_loss,0.628901841760484,0.8945699549372843,0.6336024476904856,0.5575305291723203,0.006974980466641313,0.28294360527453055,0.014448434051123388,0.054427058818320065,"[[2101, 1004], [1179, 1674]]","[[212, 133], [160, 157]]"
disclosure_x_bias,32,init_easy,CLD,log_loss,0.6286224181725265,0.8949530653710346,0.6336024476904856,0.559023066485753,0.0069753378674278985,0.28282971000576745,0.014448434051123388,0.05262143276816594,"[[2100, 1005], [1178, 1675]]","[[212, 133], [159, 158]]"
disclosure_x_bias,33,init_easy,CLD,log_loss,0.6283368772078866,0.894793832373308,0.6336021656984941,0.5575079149706015,0.006973313709541797,0.2829634167340788,0.014390390891490539,0.05278865485291557,"[[2099, 1006], [1177, 1676]]","[[212, 133], [160, 157]]"
disclosure_x_bias,34,init_easy,CLD,log_loss,0.6280098765759174,0.8946349569900592,0.6339380181602843,0.5575079149706015,0.006985388466781102,0.2829897551977047,0.014717537785987311,0.05278865485291557,"[[2102, 1003], [1178, 1675]]","[[212, 133], [160, 157]]"
disclosure_x_bias,35,init_easy,CLD,log_loss,0.6277253652364172,0.8945504712426198,0.6336024476904856,0.5575079149706015,0.007007372483555333,0.2831801163740773,0.014620602795170438,0.05278865485291557,"[[2100, 1005], [1178, 1675]]","[[212, 133], [160, 157]]"
disclosure_x_bias,36,init_easy,CLD,log_loss,0.6274622855701891,0.8946233294347662,0.6336024476904856,0.5590230664857531,0.007009963890094503,0.2832837733834088,0.014620602795170438,0.056816828575236386,"[[2092, 1013], [1170, 1683]]","[[212, 133], [159, 158]]"
disclosure_x_bias,37,init_easy,CLD,log_loss,0.6272042731088092,0.8944328849758003,0.634273588630083,0.5575079149706015,0.007018942929063807,0.28343379362823545,0.014549653004275834,0.058735336162099645,"[[2097, 1008], [1171, 1682]]","[[212, 133], [160, 157]]"
disclosure_x_bias,38,init_easy,CLD,log_loss,0.6269349488028813,0.8947313113181199,0.6341058033951835,0.5575079149706015,0.007022572485914347,0.2834187136364288,0.014516874816402254,0.058735336162099645,"[[2096, 1009], [1171, 1682]]","[[212, 133], [160, 157]]"
disclosure_x_bias,39,init_easy,CLD,log_loss,0.6266500470974303,0.8947345262972025,0.6359514409790762,0.5575079149706015,0.007060723081239602,0.2834212607277745,0.01417349521683008,0.05741771596366218,"[[2094, 1011], [1158, 1695]]","[[211, 134], [159, 158]]"
disclosure_x_bias,40,init_easy,CLD,log_loss,0.6263927400790573,0.8948634966942196,0.6359514409790762,0.5575079149706015,0.007066413801795603,0.28341092964158987,0.013973460188924591,0.05741771596366218,"[[2094, 1011], [1158, 1695]]","[[211, 134], [159, 158]]"
disclosure_x_bias,41,init_easy,CLD,log_loss,0.6261415256065813,0.8949406509537944,0.6357833737521854,0.5575079149706015,0.00707640210073587,0.2833414792574835,0.013720536788135972,0.05741771596366218,"[[2094, 1011], [1159, 1694]]","[[211, 134], [159, 158]]"
disclosure_x_bias,42,init_easy,CLD,log_loss,0.6258995624962529,0.8948996722821507,0.6366237098866392,0.5575079149706015,0.0070736827903790335,0.2833524493876862,0.012343412357652423,0.05741771596366218,"[[2102, 1003], [1162, 1691]]","[[211, 134], [159, 158]]"
disclosure_x_bias,43,init_easy,CLD,log_loss,0.6256656073954955,0.8948011013214078,0.6366237098866392,0.5575079149706015,0.007078120276176775,0.28326682204201487,0.012113193287527526,0.05741771596366218,"[[2102, 1003], [1162, 1691]]","[[211, 134], [159, 158]]"
disclosure_x_bias,44,init_easy,CLD,log_loss,0.6254096251898242,0.8945329446517789,0.6367914951215385,0.5575079149706015,0.007092343651693198,0.2834698165912295,0.01231861041502541,0.05741771596366218,"[[2103, 1002], [1162, 1691]]","[[211, 134], [159, 158]]"
disclosure_x_bias,45,init_easy,CLD,log_loss,0.6251460726154995,0.8942745391515843,0.6369592803564379,0.5575079149706015,0.007092143469990798,0.2834421654900692,0.012342006791031352,0.05741771596366218,"[[2104, 1001], [1162, 1691]]","[[211, 134], [159, 158]]"
disclosure_x_bias,46,init_easy,CLD,log_loss,0.6249095651503329,0.8943439137607305,0.6369592803564379,0.5575079149706015,0.007106029645634294,0.28356673211981376,0.012342006791031352,0.05741771596366218,"[[2104, 1001], [1162, 1691]]","[[211, 134], [159, 158]]"
disclosure_x_bias,47,init_easy,CLD,log_loss,0.6246771889437599,0.8945541413345548,0.637295132818228,0.5575079149706015,0.007104406357079218,0.28358061196516626,0.012296722667890857,0.05741771596366218,"[[2106, 999], [1162, 1691]]","[[211, 134], [159, 158]]"
disclosure_x_bias,48,init_easy,CLD,log_loss,0.6244426113113297,0.8943044448285876,0.6371273475833286,0.5590230664857531,0.007120758952033961,0.28327713618404693,0.012580334386517534,0.05591173047122658,"[[2106, 999], [1163, 1690]]","[[212, 133], [159, 158]]"
disclosure_x_bias,49,init_easy,CLD,log_loss,0.6241855730151086,0.8942044151403363,0.6372951328182279,0.5575079149706015,0.0071609699511460696,0.28328674733110887,0.012498566635238805,0.05741771596366218,"[[2106, 999], [1162, 1691]]","[[211, 134], [159, 158]]"
disclosure_x_bias,50,init_easy,CLD,log_loss,0.6239656553087819,0.8940451034133947,0.6374629180531273,0.5575079149706015,0.007162931463682959,0.2833994717321662,0.012712518719615876,0.05741771596366218,"[[2107, 998], [1162, 1691]]","[[211, 134], [159, 158]]"
disclosure_x_bias,51,init_easy,CLD,log_loss,0.6237218350328024,0.8940650078948187,0.6379662737578252,0.5575079149706015,0.007189853581479917,0.2834150746822517,0.012545738250678982,0.05741771596366218,"[[2110, 995], [1162, 1691]]","[[211, 134], [159, 158]]"
disclosure_x_bias,52,init_easy,CLD,log_loss,0.623506563233098,0.8940918103639957,0.6381340589927247,0.5590230664857531,0.007190077445537563,0.2834497000764615,0.012501331892314511,0.06155744664280422,"[[2114, 991], [1165, 1688]]","[[212, 133], [159, 158]]"
disclosure_x_bias,53,init_easy,CLD,log_loss,0.6232888002494433,0.894270286990808,0.6384696294625233,0.5590230664857531,0.007186733018736573,0.2834053415763319,0.012479900393805775,0.06155744664280422,"[[2115, 990], [1164, 1689]]","[[212, 133], [159, 158]]"
disclosure_x_bias,54,init_easy,CLD,log_loss,0.6230706060791882,0.8942388716556342,0.6386374146974225,0.5544776119402985,0.0072050166545930255,0.2833514892143645,0.01284846846933222,0.04949227103215141,"[[2125, 980], [1173, 1680]]","[[211, 134], [161, 156]]"
disclosure_x_bias,55,init_easy,CLD,log_loss,0.622848987692332,0.8943609566043473,0.6386374146974225,0.5544776119402985,0.007221600211723639,0.28310347040854233,0.0126769065583249,0.04949227103215141,"[[2126, 979], [1174, 1679]]","[[211, 134], [161, 156]]"
disclosure_x_bias,56,init_easy,CLD,log_loss,0.6226348199240452,0.8945614607384904,0.6393099655969771,0.5575305291723203,0.007228939866191166,0.2833706397631215,0.011175886394523478,0.06310791378440547,"[[2121, 984], [1165, 1688]]","[[212, 133], [160, 157]]"
disclosure_x_bias,57,init_easy,CLD,log_loss,0.6224350996487511,0.8944058575779341,0.6394777508318763,0.5575305291723203,0.007224508087831086,0.2833198193353775,0.011243450141738526,0.06310791378440547,"[[2121, 984], [1164, 1689]]","[[212, 133], [160, 157]]"
disclosure_x_bias,58,init_easy,CLD,log_loss,0.6222322410221176,0.8943137991882978,0.639813321301675,0.5560153776571687,0.007213557831245263,0.2830645634555787,0.010891363737131059,0.0590343821290809,"[[2122, 983], [1163, 1690]]","[[211, 134], [160, 157]]"
disclosure_x_bias,59,init_easy,CLD,log_loss,0.6220331475309763,0.8942196298664058,0.6401488917714737,0.5545002261420172,0.007214010442125692,0.28280668315284635,0.011178861269775846,0.057788516696348755,"[[2127, 978], [1166, 1687]]","[[211, 134], [161, 156]]"
disclosure_x_bias,60,init_easy,CLD,log_loss,0.6218158225427541,0.8943003564366279,0.6399811065365744,0.5575305291723203,0.007239970046768152,0.2825481650094186,0.011150248487195896,0.0576143311106304,"[[2125, 980], [1165, 1688]]","[[212, 133], [160, 157]]"
disclosure_x_bias,61,init_easy,CLD,log_loss,0.6216171906146425,0.8940590716929881,0.6399811065365744,0.5575305291723203,0.007246175726423922,0.2825390387151179,0.011150248487195896,0.0576143311106304,"[[2125, 980], [1165, 1688]]","[[212, 133], [160, 157]]"
disclosure_x_bias,62,init_easy,CLD,log_loss,0.6214073768947518,0.8942069142377284,0.6403166770063731,0.5560153776571687,0.007263929079884417,0.28255321893103813,0.011148635908302762,0.0590343821290809,"[[2126, 979], [1164, 1689]]","[[211, 134], [160, 157]]"
disclosure_x_bias,63,init_easy,CLD,log_loss,0.6212151357365563,0.8943458552369845,0.6406522474761717,0.5560153776571687,0.007261971378208536,0.2824996081319766,0.011657282547532552,0.0590343821290809,"[[2126, 979], [1162, 1691]]","[[211, 134], [160, 157]]"
disclosure_x_bias,64,init_easy,CLD,log_loss,0.6210095328080529,0.8943560503558736,0.6404844622412724,0.5560153776571687,0.0072727406167484515,0.2825815173654786,0.01163791294279155,0.0590343821290809,"[[2125, 980], [1162, 1691]]","[[211, 134], [160, 157]]"
disclosure_x_bias,65,init_easy,CLD,log_loss,0.6208231757550767,0.8943902694927133,0.6406522474761717,0.5499547715965626,0.007274539986552407,0.28277545033412166,0.011737505217450959,0.048601591341723795,"[[2140, 965], [1176, 1677]]","[[211, 134], [164, 153]]"
disclosure_x_bias,66,init_easy,CLD,log_loss,0.620618177642111,0.894315384265221,0.6406522474761717,0.5514699231117142,0.00729456840839722,0.2828589273662187,0.011657282547532552,0.04971870523831893,"[[2138, 967], [1174, 1679]]","[[211, 134], [163, 154]]"
disclosure_x_bias,67,init_easy,CLD,log_loss,0.6204266005534007,0.8943112918401775,0.6411556031808697,0.5499547715965626,0.007298738995230764,0.2827847943271196,0.011858504070331594,0.048601591341723795,"[[2140, 965], [1173, 1680]]","[[211, 134], [164, 153]]"
disclosure_x_bias,68,init_easy,CLD,log_loss,0.6202437205521556,0.8943612885145462,0.6414914556426597,0.5514699231117142,0.007293338108486783,0.2828845671641674,0.010727479844620988,0.04920299226718318,"[[2141, 964], [1172, 1681]]","[[212, 133], [164, 153]]"
disclosure_x_bias,69,init_easy,CLD,log_loss,0.6200424796942459,0.8943632987822788,0.6416592408775591,0.5514699231117142,0.007298333863973255,0.28295769165660783,0.011215602324909967,0.04920299226718318,"[[2142, 963], [1172, 1681]]","[[212, 133], [164, 153]]"
disclosure_x_bias,70,init_easy,CLD,log_loss,0.6198426665398056,0.8941854466739756,0.6418270261124583,0.5514699231117142,0.0072891521454234096,0.28309298664153704,0.011327193856708736,0.04920299226718318,"[[2143, 962], [1172, 1681]]","[[212, 133], [164, 153]]"
disclosure_x_bias,71,init_easy,CLD,log_loss,0.6196606706818127,0.8940595564099525,0.6414914556426597,0.5499547715965626,0.007290161561125298,0.28298752169791497,0.01151501421156065,0.048601591341723795,"[[2141, 964], [1172, 1681]]","[[211, 134], [164, 153]]"
disclosure_x_bias,72,init_easy,CLD,log_loss,0.6194649655125968,0.8945761939276032,0.6418270261124583,0.5499547715965626,0.007282838182824844,0.2830461340626635,0.01189297553281897,0.048601591341723795,"[[2142, 963], [1171, 1682]]","[[211, 134], [164, 153]]"
disclosure_x_bias,73,init_easy,CLD,log_loss,0.6192688627496582,0.8946701748368548,0.6423306638091478,0.5514699231117142,0.007290108907479328,0.2830369405286447,0.011412200373937004,0.04920299226718318,"[[2143, 962], [1169, 1684]]","[[212, 133], [164, 153]]"
disclosure_x_bias,74,init_easy,CLD,log_loss,0.6190838704788965,0.8946011914736847,0.6424981670520558,0.5499547715965626,0.007296857890768746,0.28294324164025186,0.01132952347480812,0.045343394951919955,"[[2142, 963], [1167, 1686]]","[[211, 134], [164, 153]]"
disclosure_x_bias,75,init_easy,CLD,log_loss,0.6188874546331468,0.8947019231062917,0.642666516270938,0.5499547715965626,0.007316612904215142,0.282716098064891,0.011489011216421716,0.045343394951919955,"[[2141, 964], [1165, 1688]]","[[211, 134], [164, 153]]"
disclosure_x_bias,76,init_easy,CLD,log_loss,0.6186951940781545,0.8945389767196534,0.6428343015058372,0.5499547715965626,0.007339305292473183,0.2829744284957416,0.011418573048434863,0.045343394951919955,"[[2143, 962], [1166, 1687]]","[[211, 134], [164, 153]]"
disclosure_x_bias,77,init_easy,CLD,log_loss,0.6185216165863777,0.8945260107625537,0.6431698719756358,0.5469244685662595,0.007341291233470281,0.28298820615404846,0.011351025813917196,0.04443078407302662,"[[2145, 960], [1166, 1687]]","[[210, 135], [165, 152]]"
disclosure_x_bias,78,init_easy,CLD,log_loss,0.618327893217409,0.8946731524264477,0.6448499802605606,0.5514246947082768,0.00734520479961666,0.2831134037240092,0.01075157014711438,0.04135675251873549,"[[2173, 932], [1184, 1669]]","[[214, 131], [166, 151]]"
disclosure_x_bias,79,init_easy,CLD,log_loss,0.6181433609820137,0.8945055574293843,0.6451855507303592,0.5514246947082768,0.007350545225864978,0.28323107053336305,0.010726486415790779,0.04135675251873549,"[[2169, 936], [1178, 1675]]","[[213, 132], [165, 152]]"
disclosure_x_bias,80,init_easy,CLD,log_loss,0.6179738211359014,0.8947793420285167,0.6455211212001579,0.5514246947082768,0.007345184223691732,0.28299657650033333,0.009643557896372355,0.04135675251873549,"[[2168, 937], [1175, 1678]]","[[213, 132], [165, 152]]"
disclosure_x_bias,81,init_easy,CLD,log_loss,0.6178029168933826,0.8947124263409588,0.6458566916699565,0.5514246947082768,0.007332229576089167,0.28300302549245243,0.009458149468147468,0.04135675251873549,"[[2172, 933], [1177, 1676]]","[[214, 131], [166, 151]]"
disclosure_x_bias,82,init_easy,CLD,log_loss,0.6176431753098255,0.8948347496485807,0.646024476904856,0.5514246947082768,0.0073313915252477095,0.28291151746574383,0.009409056230243894,0.04135675251873549,"[[2172, 933], [1176, 1677]]","[[214, 131], [166, 151]]"
disclosure_x_bias,83,init_easy,CLD,log_loss,0.6174750912138907,0.8946340755521011,0.6458566916699565,0.5514246947082768,0.007335488107213565,0.28298952724166215,0.009458149468147468,0.04135675251873549,"[[2172, 933], [1177, 1676]]","[[214, 131], [166, 151]]"
disclosure_x_bias,84,init_easy,CLD,log_loss,0.6173127205563068,0.8948292055032436,0.6458566916699565,0.5529398462234283,0.00733686409280269,0.2829539026538937,0.00958952455255528,0.04550101894582413,"[[2160, 945], [1165, 1688]]","[[213, 132], [164, 153]]"
disclosure_x_bias,85,init_easy,CLD,log_loss,0.6171449198250192,0.894604495345888,0.6466956178444532,0.5499095431931252,0.007337581995127014,0.2826925044207702,0.009444814047460507,0.04594067642499291,"[[2163, 942], [1163, 1690]]","[[212, 133], [165, 152]]"
disclosure_x_bias,86,init_easy,CLD,log_loss,0.6169675183052001,0.8946143125927992,0.6468634030793525,0.5499095431931252,0.007354249148025966,0.28251756327948885,0.009412282342554354,0.04594067642499291,"[[2162, 943], [1161, 1692]]","[[212, 133], [165, 152]]"
disclosure_x_bias,87,init_easy,CLD,log_loss,0.6167964606476068,0.8945952254958381,0.6470311883142519,0.5514246947082768,0.007351553456552414,0.2823280836875233,0.009207988837333324,0.045469631586460134,"[[2164, 941], [1162, 1691]]","[[213, 132], [165, 152]]"
disclosure_x_bias,88,init_easy,CLD,log_loss,0.6166117896143818,0.8946164734175932,0.6470311883142519,0.5499095431931252,0.00735549393785922,0.2825374835048999,0.009704175395769742,0.04594067642499291,"[[2162, 943], [1160, 1693]]","[[212, 133], [165, 152]]"
disclosure_x_bias,89,init_easy,CLD,log_loss,0.616448059528245,0.8947864922628668,0.6468634030793525,0.5499095431931252,0.007357930458791828,0.28227825762290915,0.009412282342554354,0.04594067642499291,"[[2163, 942], [1162, 1691]]","[[212, 133], [165, 152]]"
disclosure_x_bias,90,init_easy,CLD,log_loss,0.6162954857737821,0.8948028254426419,0.6470309063222605,0.5514246947082768,0.0073542666477660204,0.2823634335225525,0.009151808177732312,0.045469631586460134,"[[2164, 941], [1162, 1691]]","[[213, 132], [165, 152]]"
disclosure_x_bias,91,init_easy,CLD,log_loss,0.6161044191960218,0.8948329739574001,0.6471986915571598,0.5499095431931252,0.007347824604949431,0.2819750363920608,0.009281439129142614,0.04594067642499291,"[[2164, 941], [1161, 1692]]","[[212, 133], [165, 152]]"
disclosure_x_bias,92,init_easy,CLD,log_loss,0.6159547946624098,0.8949695818958234,0.6480376177316565,0.5483943916779738,0.007342623557938102,0.28178061219974393,0.01026094926708943,0.04232488825972103,"[[2160, 945], [1152, 1701]]","[[210, 135], [164, 153]]"
disclosure_x_bias,93,init_easy,CLD,log_loss,0.6157929196365197,0.8949431021104838,0.6482056849585472,0.5483943916779738,0.0073524990512476365,0.2817514573024631,0.010256899290822186,0.04232488825972103,"[[2159, 946], [1150, 1703]]","[[210, 135], [164, 153]]"
disclosure_x_bias,94,init_easy,CLD,log_loss,0.6156275683103746,0.8955511489067621,0.6482056849585472,0.5483943916779738,0.007332829267546698,0.28182375185166136,0.010256899290822186,0.04232488825972103,"[[2160, 945], [1151, 1702]]","[[210, 135], [164, 153]]"
disclosure_x_bias,95,init_easy,CLD,log_loss,0.6154643517186287,0.895475034814722,0.6482056849585472,0.5483943916779738,0.007345632749770083,0.28184292520980064,0.010256899290822186,0.04232488825972103,"[[2159, 946], [1150, 1703]]","[[210, 135], [164, 153]]"
disclosure_x_bias,96,init_easy,CLD,log_loss,0.6153177944097672,0.8955897543788544,0.6482059669505386,0.5483943916779738,0.007343428148852462,0.28180849415671977,0.010576728890375892,0.04232488825972103,"[[2159, 946], [1150, 1703]]","[[210, 135], [164, 153]]"
disclosure_x_bias,97,init_easy,CLD,log_loss,0.6151640257446124,0.8954643228199128,0.6473659128080762,0.5513794663048394,0.007338512833539107,0.2818684864319739,0.010934922927838013,0.041327834323559444,"[[2167, 938], [1163, 1690]]","[[212, 133], [164, 153]]"
disclosure_x_bias,98,init_easy,CLD,log_loss,0.6150014982001913,0.8955534800381034,0.6482048389825729,0.5513794663048394,0.007334764196433685,0.28167841149382133,0.010618534005458508,0.041327834323559444,"[[2169, 936], [1160, 1693]]","[[212, 133], [164, 153]]"
disclosure_x_bias,99,init_easy,CLD,log_loss,0.6148559719550637,0.8953851281430152,0.6487090406632452,0.5483943916779738,0.007328448194334043,0.28167120399044304,0.010105069405279098,0.04232488825972103,"[[2162, 943], [1150, 1703]]","[[210, 135], [164, 153]]"
disclosure_x_bias,100,init_easy,CLD,log_loss,0.6147107249968208,0.8957133481405641,0.6482051209745643,0.5528946178199909,0.007322143704995868,0.28163953564223954,0.009874930454036908,0.04011193210880474,"[[2169, 936], [1160, 1693]]","[[213, 132], [164, 153]]"
disclosure_x_bias,101,init_easy,CLD,log_loss,0.6145600377352324,0.8958085205459826,0.6487093226552366,0.5483943916779738,0.007320702207461077,0.2815541444979358,0.010094243474154064,0.04232488825972103,"[[2162, 943], [1150, 1703]]","[[210, 135], [164, 153]]"
disclosure_x_bias,102,init_easy,CLD,log_loss,0.6144135657517702,0.895973442102272,0.6482051209745643,0.5513794663048394,0.007317300816056144,0.2816965039758504,0.010125168197938723,0.041327834323559444,"[[2170, 935], [1161, 1692]]","[[212, 133], [164, 153]]"
disclosure_x_bias,103,init_easy,CLD,log_loss,0.6142664310772676,0.8957661703213311,0.6482051209745643,0.5513794663048394,0.0073183577714725405,0.2818689249419825,0.010278473537658801,0.041327834323559444,"[[2173, 932], [1164, 1689]]","[[212, 133], [164, 153]]"
disclosure_x_bias,104,init_easy,CLD,log_loss,0.6141035505725663,0.8958629335678083,0.648540691444363,0.5513794663048394,0.007326640063966285,0.2818552335191513,0.01006752722174236,0.041327834323559444,"[[2172, 933], [1161, 1692]]","[[212, 133], [164, 153]]"
disclosure_x_bias,105,init_easy,CLD,log_loss,0.6139486957210514,0.8959490692220278,0.6490440471490609,0.5528946178199909,0.007335462398628238,0.2817019478826734,0.009956907966950085,0.04011193210880474,"[[2172, 933], [1158, 1695]]","[[213, 132], [164, 153]]"
disclosure_x_bias,106,init_easy,CLD,log_loss,0.6137966903841259,0.8959022620297421,0.6490440471490609,0.5513794663048394,0.007336130828564749,0.28170687595738353,0.010447467415181632,0.041327834323559444,"[[2171, 934], [1157, 1696]]","[[212, 133], [164, 153]]"
disclosure_x_bias,107,init_easy,CLD,log_loss,0.6136026266021501,0.8957723630618597,0.6492118323839604,0.5528946178199909,0.007350652852520264,0.2818022429110057,0.010007663384151187,0.041364205571509154,"[[2167, 938], [1152, 1701]]","[[212, 133], [163, 154]]"
disclosure_x_bias,108,init_easy,CLD,log_loss,0.6134457429877862,0.8957433015692488,0.6497151880886582,0.5544097693351425,0.007343958017317654,0.2816949060224929,0.010562966563683236,0.040085822804762486,"[[2173, 932], [1155, 1698]]","[[213, 132], [163, 154]]"
disclosure_x_bias,109,init_easy,CLD,log_loss,0.6133033843928224,0.8956922137568469,0.6502185437933563,0.5544097693351425,0.0073433686411434,0.2815113173466674,0.010150992085856398,0.040085822804762486,"[[2172, 933], [1151, 1702]]","[[213, 132], [163, 154]]"
disclosure_x_bias,110,init_easy,CLD,log_loss,0.6131597697650879,0.8958845688286494,0.6493796176188595,0.5544097693351425,0.007346739432982503,0.2814352953671958,0.010270504317365035,0.040085822804762486,"[[2175, 930], [1159, 1694]]","[[213, 132], [163, 154]]"
disclosure_x_bias,111,init_easy,CLD,log_loss,0.6130227176498273,0.896044338508311,0.6507218994980543,0.5544097693351425,0.007348440592267726,0.28130164386246687,0.010557590103969679,0.040085822804762486,"[[2173, 932], [1149, 1704]]","[[212, 133], [162, 155]]"
disclosure_x_bias,112,init_easy,CLD,log_loss,0.6128844449394423,0.8960925560230002,0.6503863290282557,0.5544097693351425,0.007348548076452295,0.2813994338797404,0.010148518848474012,0.040085822804762486,"[[2171, 934], [1149, 1704]]","[[212, 133], [162, 155]]"
disclosure_x_bias,113,init_easy,CLD,log_loss,0.6127405378083364,0.8963763277374923,0.6512252552027522,0.5544097693351425,0.007341072729122259,0.2813352516501347,0.009774816450831923,0.040085822804762486,"[[2177, 928], [1150, 1703]]","[[212, 133], [162, 155]]"
disclosure_x_bias,114,init_easy,CLD,log_loss,0.6126061959434921,0.8961519092884256,0.650050758558457,0.5544097693351425,0.007339631785034838,0.28153976937749065,0.010807100901452772,0.040085822804762486,"[[2174, 931], [1154, 1699]]","[[212, 133], [162, 155]]"
disclosure_x_bias,115,init_easy,CLD,log_loss,0.6124695663166221,0.8961022407652145,0.6515608256725509,0.5544097693351425,0.007337856171912063,0.28159553687492583,0.010967353564904954,0.04133888720074022,"[[2176, 929], [1147, 1706]]","[[212, 133], [162, 155]]"
disclosure_x_bias,116,init_easy,CLD,log_loss,0.6123205645865586,0.8962550417999708,0.6513930404376516,0.5528946178199909,0.007336086492682621,0.28147815163792445,0.011102853584599537,0.041364205571509154,"[[2176, 929], [1148, 1705]]","[[211, 134], [162, 155]]"
disclosure_x_bias,117,init_easy,CLD,log_loss,0.6121640079561314,0.896205750571502,0.651057469967853,0.5544097693351425,0.0073507685080237,0.28146609591762645,0.010322073311793986,0.040085822804762486,"[[2181, 924], [1155, 1698]]","[[213, 132], [163, 154]]"
disclosure_x_bias,118,init_easy,CLD,log_loss,0.61202162226889,0.8963215586314632,0.6518963961423496,0.555924920850294,0.007355825015609678,0.2817133106419538,0.010594212837225865,0.03999597182361288,"[[2178, 927], [1147, 1706]]","[[213, 132], [162, 155]]"
disclosure_x_bias,119,init_easy,CLD,log_loss,0.6118843651815558,0.8963023541833948,0.6517286109074503,0.5528946178199909,0.0073528012064107365,0.28147955305524885,0.010141056637341302,0.03236973694158581,"[[2176, 929], [1146, 1707]]","[[211, 134], [162, 155]]"
disclosure_x_bias,120,init_easy,CLD,log_loss,0.6117415253032623,0.8965448577411955,0.6522319666121482,0.5498643147896879,0.00735825497444697,0.28115253845022964,0.010040598630421524,0.032197563945762224,"[[2178, 927], [1145, 1708]]","[[210, 135], [163, 154]]"
disclosure_x_bias,121,init_easy,CLD,log_loss,0.6116103980647012,0.8963593854004053,0.6529031075517455,0.5513794663048394,0.007356096344616288,0.2814998009752193,0.009733045917481717,0.029862127342001468,"[[2177, 928], [1140, 1713]]","[[210, 135], [162, 155]]"
disclosure_x_bias,122,init_easy,CLD,log_loss,0.6114813053250732,0.8964823872441627,0.653406745248435,0.5513794663048394,0.007355076089769465,0.28146214982652096,0.009315900814026973,0.029862127342001468,"[[2171, 934], [1131, 1722]]","[[209, 136], [161, 156]]"
disclosure_x_bias,123,init_easy,CLD,log_loss,0.6113487373530304,0.8965508929997019,0.6532389600135355,0.5528946178199909,0.007350429878989468,0.2813786600395955,0.009576845968473881,0.029912443264909053,"[[2176, 929], [1137, 1716]]","[[210, 135], [161, 156]]"
disclosure_x_bias,124,init_easy,CLD,log_loss,0.6112152054132246,0.8965156599614993,0.6532389600135355,0.5513794663048394,0.007342934133148326,0.2813789648937022,0.009378826900551694,0.031524229640874965,"[[2176, 929], [1137, 1716]]","[[209, 136], [161, 156]]"
disclosure_x_bias,125,init_easy,CLD,log_loss,0.6110890629665585,0.8965949168265175,0.6537423157182336,0.5544097693351425,0.00733662879031692,0.28127837955205165,0.009643854046672458,0.03944436572445375,"[[2179, 926], [1137, 1716]]","[[211, 134], [161, 156]]"
disclosure_x_bias,126,init_easy,CLD,log_loss,0.6109387911584341,0.8964621505288074,0.6530711747786363,0.555924920850294,0.007350786707810795,0.2813934524200961,0.010048013326291372,0.039353050194170236,"[[2176, 929], [1138, 1715]]","[[212, 133], [161, 156]]"
disclosure_x_bias,127,init_easy,CLD,log_loss,0.6107895642569483,0.8970187463463384,0.6532389600135355,0.5544097693351425,0.007335710818205846,0.2814396833059271,0.010481331242982901,0.03944436572445375,"[[2175, 930], [1136, 1717]]","[[211, 134], [161, 156]]"
disclosure_x_bias,128,init_easy,CLD,log_loss,0.6106635695702858,0.8969538494572703,0.6534067452484349,0.5528946178199909,0.007335977331205822,0.2815051850522397,0.010779104226146656,0.03236973694158582,"[[2173, 932], [1133, 1720]]","[[209, 136], [160, 157]]"
disclosure_x_bias,129,init_easy,CLD,log_loss,0.6105391893603253,0.8969219906918818,0.6534067452484349,0.5498643147896879,0.007330984670066744,0.2814395569733442,0.01120593814017998,0.03139534872415173,"[[2171, 934], [1131, 1722]]","[[208, 137], [161, 156]]"
disclosure_x_bias,130,init_easy,CLD,log_loss,0.6104101285219129,0.8973331864246594,0.653910100953133,0.5513794663048394,0.007329390481841016,0.2812079051405502,0.011030346004230057,0.031524229640874986,"[[2169, 936], [1126, 1727]]","[[208, 137], [160, 157]]"
disclosure_x_bias,131,init_easy,CLD,log_loss,0.6102622809410597,0.897300438398078,0.6547490271276295,0.5468340117593848,0.007324402609669196,0.2812869209527644,0.010876074314138354,0.03170426307932876,"[[2171, 934], [1123, 1730]]","[[207, 138], [162, 155]]"
disclosure_x_bias,132,init_easy,CLD,log_loss,0.610138929963382,0.8975221899711181,0.6547490271276295,0.5483491632745364,0.007319789230687005,0.2812955506312598,0.011018937322376528,0.03277937878269265,"[[2167, 938], [1119, 1734]]","[[207, 138], [161, 156]]"
disclosure_x_bias,133,init_easy,CLD,log_loss,0.6100071974988575,0.8974299164609411,0.654916812362529,0.5483491632745363,0.007311271916393882,0.2811999971246415,0.009920042480285914,0.03199175629515963,"[[2170, 935], [1121, 1732]]","[[208, 137], [162, 155]]"
disclosure_x_bias,134,init_easy,CLD,log_loss,0.6098705125188991,0.8975113131068939,0.6552523828323276,0.5483491632745363,0.007316299093782202,0.2811158452700348,0.010506219691523965,0.030355264218717933,"[[2167, 938], [1116, 1737]]","[[208, 137], [162, 155]]"
disclosure_x_bias,135,init_easy,CLD,log_loss,0.6097365926356335,0.8975218434153748,0.654916812362529,0.5483491632745363,0.00731238045510957,0.28123649654148686,0.010138364016427941,0.03199175629515963,"[[2167, 938], [1118, 1735]]","[[208, 137], [162, 155]]"
disclosure_x_bias,136,init_easy,CLD,log_loss,0.6096057521902745,0.8974012516237279,0.6554204500592183,0.5483491632745364,0.0073130169544669,0.2811046828429546,0.009654751370110605,0.03503617103751925,"[[2166, 939], [1114, 1739]]","[[207, 138], [161, 156]]"
disclosure_x_bias,137,init_easy,CLD,log_loss,0.6094802027587016,0.8976826174390057,0.6545815238847217,0.5498643147896879,0.007313691005142515,0.2809539644826843,0.009986104217610016,0.03139534872415173,"[[2167, 938], [1120, 1733]]","[[208, 137], [161, 156]]"
disclosure_x_bias,138,init_easy,CLD,log_loss,0.6093495601188006,0.8976626544180913,0.6545815238847217,0.5498643147896879,0.00730755535578233,0.28101193302600874,0.009667797214948369,0.03374482966473764,"[[2167, 938], [1120, 1733]]","[[208, 137], [161, 156]]"
disclosure_x_bias,139,init_easy,CLD,log_loss,0.6092247944634848,0.8974928577020924,0.6545815238847217,0.5528946178199909,0.007301825369850971,0.2810082835801676,0.009570240887913004,0.032369736941585826,"[[2163, 942], [1116, 1737]]","[[209, 136], [160, 157]]"
disclosure_x_bias,140,init_easy,CLD,log_loss,0.6090966908440552,0.897714842811822,0.6555879533021262,0.5498643147896879,0.007301320182677696,0.28109266521218634,0.009725098201024403,0.03374482966473764,"[[2166, 939], [1113, 1740]]","[[208, 137], [161, 156]]"
disclosure_x_bias,141,init_easy,CLD,log_loss,0.608974276323508,0.8975900205717936,0.6544137386498223,0.5498643147896879,0.00729964999664986,0.2812088903589807,0.01046276510513827,0.030572090523559872,"[[2168, 937], [1122, 1731]]","[[209, 136], [162, 155]]"
disclosure_x_bias,142,init_easy,CLD,log_loss,0.6088403193668188,0.8976582816214643,0.6554201680672269,0.5498643147896879,0.007310376033088758,0.28121212962068404,0.010651681969654117,0.03374482966473764,"[[2167, 938], [1115, 1738]]","[[208, 137], [161, 156]]"
disclosure_x_bias,143,init_easy,CLD,log_loss,0.6087082459338533,0.8977097493554445,0.655252664824319,0.5498643147896879,0.007319036744204702,0.28105934775845887,0.010933422726956854,0.03374482966473764,"[[2168, 937], [1117, 1736]]","[[208, 137], [161, 156]]"
disclosure_x_bias,144,init_easy,CLD,log_loss,0.6085878240895053,0.8979629548496348,0.6552523828323276,0.5498643147896879,0.007315911750850456,0.2811725073547744,0.010565597337476343,0.03374482966473764,"[[2166, 939], [1115, 1738]]","[[208, 137], [161, 156]]"
disclosure_x_bias,145,init_easy,CLD,log_loss,0.6084683938689818,0.8979754289190914,0.6562599402176978,0.5498643147896879,0.007311193174041965,0.28121687769810627,0.010857033509671685,0.03374482966473764,"[[2165, 940], [1108, 1745]]","[[208, 137], [161, 156]]"
disclosure_x_bias,146,init_easy,CLD,log_loss,0.6083316717244639,0.8979763020113871,0.6562596582257064,0.5468340117593848,0.007319243411588753,0.281111275898668,0.01148319785617619,0.034773856667397504,"[[2164, 941], [1107, 1746]]","[[206, 139], [161, 156]]"
disclosure_x_bias,147,init_easy,CLD,log_loss,0.608213560143033,0.8980761604646906,0.6560918729908071,0.5453188602442334,0.007319473684179618,0.2807711290842596,0.010998472559558,0.03368667705927253,"[[2169, 936], [1113, 1740]]","[[207, 138], [163, 154]]"
disclosure_x_bias,148,init_easy,CLD,log_loss,0.6080929815087383,0.8979776785662998,0.6560918729908071,0.5468340117593848,0.007311493562897754,0.2807733302496568,0.011139765970214672,0.034773856667397504,"[[2166, 939], [1110, 1743]]","[[207, 138], [162, 155]]"
disclosure_x_bias,149,init_easy,CLD,log_loss,0.6079606674190428,0.8982214449361253,0.6565955106874964,0.5468340117593848,0.007314027413573785,0.2805949893345314,0.01121244897561441,0.034773856667397504,"[[2164, 941], [1105, 1748]]","[[206, 139], [161, 156]]"
disclosure_x_bias,150,init_easy,CLD,log_loss,0.6078406919347655,0.8982767783019365,0.6574347188539845,0.5468340117593848,0.0073100795122461315,0.2805527779276415,0.011302394759002913,0.034773856667397504,"[[2168, 937], [1104, 1749]]","[[206, 139], [161, 156]]"
disclosure_x_bias,151,init_easy,CLD,log_loss,0.6077237684480419,0.8981464419643854,0.6569313631492866,0.5468340117593848,0.007303646048570079,0.28055230459238434,0.010662797894473572,0.032498853824921924,"[[2162, 943], [1101, 1752]]","[[205, 140], [160, 157]]"
disclosure_x_bias,152,init_easy,CLD,log_loss,0.6076038556475626,0.898401067729351,0.6565957926794879,0.5483491632745364,0.007301651164911664,0.2804665307507269,0.011368772065908727,0.0357567963260225,"[[2163, 942], [1104, 1749]]","[[206, 139], [160, 157]]"
disclosure_x_bias,153,init_easy,CLD,log_loss,0.6074629501943252,0.8983839270882946,0.6570991483841858,0.5468340117593848,0.007314683567797409,0.2804526372717849,0.011397809495755628,0.034773856667397476,"[[2172, 933], [1110, 1743]]","[[206, 139], [161, 156]]"
disclosure_x_bias,154,init_easy,CLD,log_loss,0.6073531350907285,0.8984085003054506,0.6579380745586826,0.5453188602442334,0.0073089956932435324,0.28055209725849867,0.010663192314340769,0.03368667705927253,"[[2176, 929], [1109, 1744]]","[[206, 139], [162, 155]]"
disclosure_x_bias,155,init_easy,CLD,log_loss,0.6072337154800345,0.8985877242793773,0.6574347188539845,0.5468340117593848,0.007309753847051643,0.28055488751699786,0.011357610760166859,0.034773856667397504,"[[2167, 938], [1103, 1750]]","[[206, 139], [161, 156]]"
disclosure_x_bias,156,init_easy,CLD,log_loss,0.6071120722994444,0.8985072007302419,0.6582736450284812,0.5453188602442334,0.007312719403538146,0.2804575277557461,0.009401629158485029,0.028787167212381174,"[[2170, 935], [1101, 1752]]","[[206, 139], [162, 155]]"
disclosure_x_bias,157,init_easy,CLD,log_loss,0.6069984012037982,0.8983524704937549,0.6564277254525972,0.5498643147896879,0.007307944608843511,0.28043773969240676,0.010633438294591064,0.034492444558664015,"[[2169, 936], [1111, 1742]]","[[208, 137], [161, 156]]"
disclosure_x_bias,158,init_easy,CLD,log_loss,0.6068827050180252,0.8984551360230688,0.6564277254525972,0.5468340117593848,0.007306808998565591,0.2803767894633738,0.010808496409688045,0.034773856667397476,"[[2170, 935], [1112, 1741]]","[[207, 138], [162, 155]]"
disclosure_x_bias,159,init_easy,CLD,log_loss,0.6067594823878617,0.8983459140074931,0.6564277254525972,0.5468340117593848,0.007304182678708372,0.28047942146840127,0.0114274554665757,0.034773856667397476,"[[2170, 935], [1112, 1741]]","[[207, 138], [162, 155]]"
disclosure_x_bias,160,init_easy,CLD,log_loss,0.6066420495319477,0.8984568131337977,0.6569313631492866,0.5453188602442334,0.007300593668517863,0.2803618857956853,0.011400034759726113,0.03368667705927253,"[[2173, 932], [1112, 1741]]","[[207, 138], [163, 154]]"
disclosure_x_bias,161,init_easy,CLD,log_loss,0.6065134010771406,0.8987715261927148,0.6569313631492866,0.5438037087290819,0.007285974120780093,0.2806124942471841,0.010952225043067518,0.03003691374330314,"[[2173, 932], [1112, 1741]]","[[206, 139], [163, 154]]"
disclosure_x_bias,162,init_easy,CLD,log_loss,0.6064005010177153,0.8986608393166214,0.6579380745586826,0.5422885572139303,0.007283117863620673,0.2807671571007422,0.008834286385196425,0.026749838231788774,"[[2169, 936], [1102, 1751]]","[[205, 140], [163, 154]]"
disclosure_x_bias,163,init_easy,CLD,log_loss,0.6062804661979516,0.8987176810353692,0.6579380745586826,0.5422885572139303,0.007281404315319852,0.2806054433289564,0.008834286385196425,0.026749838231788774,"[[2168, 937], [1101, 1752]]","[[205, 140], [163, 154]]"
disclosure_x_bias,164,init_easy,CLD,log_loss,0.6061634057017746,0.8988267279437026,0.6584419942473634,0.5422885572139303,0.007274869675679138,0.2805756294759822,0.009009187862201003,0.026749838231788774,"[[2170, 935], [1100, 1753]]","[[205, 140], [163, 154]]"
disclosure_x_bias,165,init_easy,CLD,log_loss,0.6060534441413178,0.8990457700635055,0.658274209012464,0.5453188602442334,0.007270519845532482,0.2806305907493814,0.009005070124857392,0.03368667705927253,"[[2168, 937], [1099, 1754]]","[[205, 140], [161, 156]]"
disclosure_x_bias,166,init_easy,CLD,log_loss,0.6059467161359249,0.8989275126391127,0.6584419942473634,0.5438037087290819,0.007265936351349313,0.2806743450669674,0.009009187862201003,0.025438949950240927,"[[2171, 934], [1101, 1752]]","[[206, 139], [163, 154]]"
disclosure_x_bias,167,init_easy,CLD,log_loss,0.605836990310882,0.8989195095453134,0.658274209012464,0.5438037087290819,0.007263056967229896,0.28071415394439714,0.009005070124857392,0.025438949950240927,"[[2172, 933], [1103, 1750]]","[[206, 139], [163, 154]]"
disclosure_x_bias,168,init_easy,CLD,log_loss,0.6057222797466328,0.8990483035784871,0.6584419942473634,0.5438037087290819,0.007267893698899369,0.28065018912251605,0.009009187862201003,0.025438949950240927,"[[2171, 934], [1101, 1752]]","[[206, 139], [163, 154]]"
disclosure_x_bias,169,init_easy,CLD,log_loss,0.6056103893417992,0.8990988397419428,0.6579386385426653,0.5468340117593848,0.007265236454541953,0.28072821573988666,0.008594979979796562,0.03249885382492192,"[[2169, 936], [1102, 1751]]","[[206, 139], [161, 156]]"
disclosure_x_bias,170,init_easy,CLD,log_loss,0.6054990566452993,0.8994128642434038,0.6586097794822627,0.5438037087290819,0.007264238618302923,0.2807855236839357,0.009079002096366418,0.028287555252476754,"[[2169, 936], [1098, 1755]]","[[205, 140], [162, 155]]"
disclosure_x_bias,171,init_easy,CLD,log_loss,0.6053864599317713,0.8993675083325027,0.6581064237775648,0.5422885572139303,0.007262041512665126,0.28062850692487434,0.008786408000590983,0.026749838231788774,"[[2172, 933], [1104, 1749]]","[[205, 140], [163, 154]]"
disclosure_x_bias,172,init_easy,CLD,log_loss,0.6052823667358368,0.8995942241047825,0.6581064237775648,0.5468340117593848,0.0072588241093510504,0.28074505745809397,0.008678950006548473,0.034773856667397504,"[[2167, 938], [1099, 1754]]","[[205, 140], [160, 157]]"
disclosure_x_bias,173,init_easy,CLD,log_loss,0.6051649079872892,0.8996393794440565,0.658274209012464,0.5453188602442334,0.007261027763422584,0.28072832065325204,0.008865037967846337,0.037280936468220456,"[[2166, 939], [1097, 1756]]","[[204, 141], [160, 157]]"
disclosure_x_bias,174,init_easy,CLD,log_loss,0.6050584059659527,0.8996766449190667,0.658274209012464,0.5498417005879692,0.0072595741816738535,0.2807386144558539,0.008430998091841259,0.036245360125381605,"[[2163, 942], [1094, 1759]]","[[205, 140], [158, 159]]"
disclosure_x_bias,175,init_easy,CLD,log_loss,0.6049451938401813,0.899522428057978,0.658441712255372,0.5468113975576662,0.007256553962037819,0.2809225498136455,0.008811166585686946,0.040486509327259404,"[[2161, 944], [1091, 1762]]","[[204, 141], [159, 158]]"
disclosure_x_bias,176,init_easy,CLD,log_loss,0.6048399180294934,0.8996248616757019,0.65928092042186,0.5468113975576662,0.007252706244456566,0.2807250324591348,0.00951979308347176,0.037203244816205135,"[[2169, 936], [1094, 1759]]","[[205, 140], [160, 157]]"
disclosure_x_bias,177,init_easy,CLD,log_loss,0.6047323636544844,0.8995319299558769,0.6589453499520614,0.5468113975576662,0.007246869417548927,0.28074044198205084,0.00934278103211762,0.035086120008679104,"[[2172, 933], [1099, 1754]]","[[205, 140], [160, 157]]"
disclosure_x_bias,178,init_easy,CLD,log_loss,0.6046264075330094,0.8997009750322558,0.6589450679600699,0.5468340117593848,0.00724053989881077,0.2805522896181672,0.009420451238091234,0.034773856667397476,"[[2168, 937], [1095, 1758]]","[[205, 140], [160, 157]]"
disclosure_x_bias,179,init_easy,CLD,log_loss,0.6045126946708141,0.899554452491811,0.6589453499520614,0.5513342379014021,0.00723944332687293,0.28077351560554614,0.009173852526953628,0.03732903870147658,"[[2164, 941], [1091, 1762]]","[[206, 139], [158, 159]]"
disclosure_x_bias,180,init_easy,CLD,log_loss,0.6044075109306078,0.8996582538197238,0.6589450679600699,0.5468113975576662,0.007238036354782598,0.28065994780872056,0.009586132427294065,0.035086120008679104,"[[2172, 933], [1099, 1754]]","[[206, 139], [161, 156]]"
disclosure_x_bias,181,init_easy,CLD,log_loss,0.6043023958011176,0.8995606044241914,0.6594487056567593,0.5468340117593848,0.007231471600868242,0.28073999636904573,0.009795695834276157,0.03621120700260367,"[[2168, 937], [1092, 1761]]","[[204, 141], [159, 158]]"
disclosure_x_bias,182,init_easy,CLD,log_loss,0.6041862086297595,0.8995804912995314,0.65928092042186,0.5483265490728177,0.007227435453675083,0.28073916189242215,0.009779122655770333,0.0367621345661955,"[[2168, 937], [1093, 1760]]","[[205, 140], [159, 158]]"
disclosure_x_bias,183,init_easy,CLD,log_loss,0.6040725396767848,0.8994739013966534,0.6591134171789521,0.5513116236996833,0.00721435515566582,0.2805897939898013,0.00945455922382762,0.03956666079337159,"[[2168, 937], [1094, 1759]]","[[205, 140], [157, 160]]"
disclosure_x_bias,184,init_easy,CLD,log_loss,0.6039722165883487,0.8996316536844914,0.6592812024138515,0.5482813206693804,0.007209670522881248,0.2805482073485137,0.00924101615414254,0.03863584870447795,"[[2172, 933], [1097, 1756]]","[[205, 140], [159, 158]]"
disclosure_x_bias,185,init_easy,CLD,log_loss,0.6038584716571196,0.8998712832550304,0.6591134171789521,0.5513116236996833,0.007200456796320427,0.28048963245188085,0.009651024546141572,0.03956666079337159,"[[2169, 936], [1095, 1758]]","[[205, 140], [157, 160]]"
disclosure_x_bias,186,init_easy,CLD,log_loss,0.6037567072508179,0.899849681820417,0.6601204105803395,0.5467661691542288,0.007196161116218525,0.28056969665902975,0.009646252671901251,0.04096643767172271,"[[2176, 929], [1096, 1757]]","[[204, 141], [159, 158]]"
disclosure_x_bias,187,init_easy,CLD,log_loss,0.6036535932988404,0.8998576435265135,0.6597848401105408,0.5497964721845319,0.007193220906897301,0.2804603703676599,0.009169587298881487,0.04196717642681755,"[[2168, 937], [1090, 1763]]","[[204, 141], [157, 160]]"
disclosure_x_bias,188,init_easy,CLD,log_loss,0.6035310020767755,0.8992672810273241,0.6602890417912131,0.5497964721845319,0.0071385789533778745,0.2786931890632612,0.009647738102383275,0.04196717642681755,"[[2168, 937], [1087, 1766]]","[[204, 141], [157, 160]]"
disclosure_x_bias,189,init_easy,CLD,log_loss,0.6034177985316367,0.8994095872060418,0.6606243302690203,0.5482813206693804,0.007127436936346406,0.2787645265784299,0.009486108620919127,0.04119210622481848,"[[2172, 933], [1089, 1764]]","[[204, 141], [158, 159]]"
disclosure_x_bias,190,init_easy,CLD,log_loss,0.6033080412244106,0.8992266606505808,0.6606243302690203,0.5482813206693804,0.007122266844667155,0.2788663320726102,0.009999790792653824,0.04119210622481848,"[[2171, 934], [1088, 1765]]","[[204, 141], [158, 159]]"
disclosure_x_bias,191,init_easy,CLD,log_loss,0.6031960900824027,0.8995064280193951,0.6604565450341211,0.5467661691542288,0.007128741276630033,0.2789419042800373,0.009879643107681118,0.04096643767172271,"[[2175, 930], [1093, 1760]]","[[204, 141], [159, 158]]"
disclosure_x_bias,192,init_easy,CLD,log_loss,0.6030752467345872,0.8996352149165135,0.6606243302690203,0.5482813206693804,0.007146239904786327,0.278798977857924,0.009905504710016699,0.04119210622481848,"[[2169, 936], [1086, 1767]]","[[204, 141], [158, 159]]"
disclosure_x_bias,193,init_easy,CLD,log_loss,0.6029585313840082,0.8995666091151767,0.6609601827308105,0.5467661691542288,0.007160708131875891,0.2789017970793247,0.010186185604594522,0.04096643767172271,"[[2172, 933], [1087, 1766]]","[[204, 141], [159, 158]]"
disclosure_x_bias,194,init_easy,CLD,log_loss,0.6028541876311426,0.8997249013309411,0.6606246122610118,0.5482813206693804,0.007158095060918886,0.27867484933603787,0.010328431638594123,0.04119210622481848,"[[2169, 936], [1086, 1767]]","[[204, 141], [158, 159]]"
disclosure_x_bias,195,init_easy,CLD,log_loss,0.6027559571253462,0.8994614645208368,0.6611279679657097,0.5467661691542288,0.00715382175269517,0.27899533770823576,0.010563590193058952,0.04096643767172271,"[[2173, 932], [1087, 1766]]","[[204, 141], [159, 158]]"
disclosure_x_bias,196,init_easy,CLD,log_loss,0.60265574005892,0.899675665112523,0.6607923974959111,0.5482813206693804,0.007149171095955445,0.2788630198217931,0.010440416811019643,0.04119210622481848,"[[2169, 936], [1085, 1768]]","[[204, 141], [158, 159]]"
disclosure_x_bias,197,init_easy,CLD,log_loss,0.6025543854511588,0.8998010156028403,0.6609599007388189,0.5467661691542288,0.007142825690510849,0.2789104811063256,0.009263754596261022,0.04096643767172271,"[[2166, 939], [1081, 1772]]","[[204, 141], [159, 158]]"
disclosure_x_bias,198,init_easy,CLD,log_loss,0.602456188129121,0.8998836526273155,0.6612951892166262,0.5482813206693804,0.007139909730220781,0.2787294071499788,0.009733383879397768,0.04119210622481848,"[[2171, 934], [1084, 1769]]","[[204, 141], [158, 159]]"
disclosure_x_bias,199,init_easy,CLD,log_loss,0.6023460880548094,0.9000958716150921,0.6616318876543905,0.5513116236996833,0.007126722603316811,0.278823547068118,0.0099323452883718,0.042066393432990484,"[[2165, 940], [1076, 1777]]","[[204, 141], [156, 161]]"
disclosure_x_bias,200,init_easy,CLD,log_loss,0.60224190190006,0.9001708658589933,0.6617993908972986,0.5497964721845319,0.0071205744486176935,0.2787373943142391,0.010039877093568366,0.041354911373490774,"[[2167, 938], [1077, 1776]]","[[204, 141], [157, 160]]"
disclosure_x_bias,201,init_easy,CLD,log_loss,0.6021337803122837,0.9003157312371608,0.6616318876543906,0.5513116236996833,0.007120074129588639,0.27883220710327383,0.010088581176520504,0.042066393432990484,"[[2165, 940], [1076, 1777]]","[[204, 141], [156, 161]]"
disclosure_x_bias,202,init_easy,CLD,log_loss,0.6020196626815542,0.9002459026434545,0.6617999548812814,0.5513116236996833,0.007119589605398334,0.2788597207326106,0.010327748125342248,0.042066393432990484,"[[2163, 942], [1073, 1780]]","[[204, 141], [156, 161]]"
disclosure_x_bias,203,init_easy,CLD,log_loss,0.6019187185296748,0.9004091737622361,0.6619671761321978,0.5513116236996833,0.007122291520285074,0.27872482558055595,0.010196345750757911,0.042066393432990484,"[[2164, 941], [1073, 1780]]","[[204, 141], [156, 161]]"
disclosure_x_bias,204,init_easy,CLD,log_loss,0.6018226879582194,0.9005242220811395,0.6612954712086176,0.5513116236996833,0.007116617385269558,0.2788063335761602,0.01049884736363596,0.042066393432990484,"[[2161, 944], [1074, 1779]]","[[204, 141], [156, 161]]"
disclosure_x_bias,205,init_easy,CLD,log_loss,0.6017260873400364,0.9006353834858487,0.6614638204274998,0.5513116236996833,0.007111117294269245,0.27883854487332066,0.01027723784004676,0.042066393432990484,"[[2162, 943], [1074, 1779]]","[[204, 141], [156, 161]]"
disclosure_x_bias,206,init_easy,CLD,log_loss,0.6016301493365327,0.9007187192491986,0.6623030285939879,0.5497964721845319,0.007107313415312747,0.2787171549351028,0.010480011756841634,0.041354911373490774,"[[2166, 939], [1073, 1780]]","[[204, 141], [157, 160]]"
disclosure_x_bias,207,init_easy,CLD,log_loss,0.6015281033826633,0.9007133389749772,0.6619671761321978,0.5497964721845319,0.007104806279047784,0.2787186575372236,0.010675908663807857,0.041354911373490774,"[[2168, 937], [1077, 1776]]","[[204, 141], [157, 160]]"
disclosure_x_bias,208,init_easy,CLD,log_loss,0.601434222601398,0.9006958286729088,0.6624708138288873,0.5513116236996833,0.007101475315338681,0.2786378301796861,0.009856059076524456,0.04020616680147565,"[[2171, 934], [1077, 1776]]","[[205, 140], [157, 160]]"
disclosure_x_bias,209,init_easy,CLD,log_loss,0.6013321327831466,0.9007520261133518,0.6624705318368959,0.5513116236996833,0.007098733842354074,0.2787371312100946,0.009835725618967853,0.04020616680147565,"[[2171, 934], [1077, 1776]]","[[205, 140], [157, 160]]"
disclosure_x_bias,210,init_easy,CLD,log_loss,0.6012327751458607,0.9007699295637707,0.6624705318368959,0.5513116236996833,0.007096697708606609,0.2786449917435845,0.009545214583317425,0.04020616680147565,"[[2171, 934], [1077, 1776]]","[[205, 140], [157, 160]]"
disclosure_x_bias,211,init_easy,CLD,log_loss,0.6011289808887765,0.9007971052675037,0.6626385990637866,0.5513116236996833,0.0070938627448932715,0.278606963175265,0.009907256869291165,0.04020616680147565,"[[2170, 935], [1075, 1778]]","[[205, 140], [157, 160]]"
disclosure_x_bias,212,init_easy,CLD,log_loss,0.6010291858681628,0.9006886944347045,0.6626385990637866,0.5497964721845319,0.007096593905265241,0.27844451847164453,0.009781656992098034,0.04010234768250568,"[[2174, 931], [1079, 1774]]","[[204, 141], [157, 160]]"
disclosure_x_bias,213,init_easy,CLD,log_loss,0.6009327169112052,0.9008893977882245,0.6626385990637866,0.5513116236996833,0.0070965037853288546,0.2785081811624706,0.009454912714365457,0.04020616680147565,"[[2169, 936], [1074, 1779]]","[[205, 140], [157, 160]]"
disclosure_x_bias,214,init_easy,CLD,log_loss,0.6008380606500109,0.9009150823925047,0.6634772432462918,0.5482813206693804,0.0070916780689685216,0.2785081401284523,0.009284797570241624,0.04119210622481848,"[[2175, 930], [1075, 1778]]","[[204, 141], [158, 159]]"
disclosure_x_bias,215,init_easy,CLD,log_loss,0.600746449398699,0.9009518252032931,0.6638133777000733,0.5482813206693804,0.007088145124992093,0.2782162881429732,0.009089350093629916,0.04119210622481848,"[[2173, 932], [1071, 1782]]","[[204, 141], [158, 159]]"
disclosure_x_bias,216,init_easy,CLD,log_loss,0.6006526403800249,0.9007868844689296,0.6643172973887541,0.5482813206693804,0.007084419272465269,0.2783402964765888,0.009104646721212174,0.04119210622481848,"[[2175, 930], [1070, 1783]]","[[204, 141], [158, 159]]"
disclosure_x_bias,217,init_easy,CLD,log_loss,0.600557165096444,0.9010968323439673,0.6643172973887541,0.5467661691542288,0.007082385844861416,0.27816728494093995,0.008646492070533193,0.042793628300276276,"[[2172, 933], [1067, 1786]]","[[203, 142], [158, 159]]"
disclosure_x_bias,218,init_easy,CLD,log_loss,0.6004615910743926,0.9010238017385446,0.6653237268061587,0.5482813206693804,0.007081567794125595,0.2780966749548672,0.00804378589242262,0.04119210622481848,"[[2175, 930], [1064, 1789]]","[[204, 141], [158, 159]]"
disclosure_x_bias,219,init_easy,CLD,log_loss,0.6003640706355388,0.9012241728062504,0.6649884383283514,0.5467661691542288,0.007077602620822933,0.27820972646990133,0.007501164339773031,0.040338986266151886,"[[2175, 930], [1066, 1787]]","[[203, 142], [158, 159]]"
disclosure_x_bias,220,init_easy,CLD,log_loss,0.6002687995517098,0.9010217890927403,0.66465230387457,0.5482813206693804,0.0070804552760389385,0.2782072663377842,0.00829963107880596,0.04119210622481848,"[[2172, 933], [1065, 1788]]","[[204, 141], [158, 159]]"
disclosure_x_bias,221,init_easy,CLD,log_loss,0.6001776618151948,0.901078891545555,0.6653242907901415,0.5482813206693804,0.007077043632630754,0.27811258489853125,0.008325270496286575,0.04056814529537153,"[[2176, 929], [1065, 1788]]","[[204, 141], [158, 159]]"
disclosure_x_bias,222,init_easy,CLD,log_loss,0.6000837620279347,0.9008639932021252,0.6648200891094693,0.5482813206693804,0.007071872020864022,0.2782428622642145,0.008423723921964886,0.04119210622481848,"[[2178, 927], [1070, 1783]]","[[205, 140], [159, 158]]"
disclosure_x_bias,223,init_easy,CLD,log_loss,0.5999880144902747,0.901020403665105,0.6648209350854436,0.5482813206693804,0.007074888066354241,0.2784350998512066,0.007519390440384417,0.04300971079683969,"[[2170, 935], [1062, 1791]]","[[203, 142], [157, 160]]"
disclosure_x_bias,224,init_easy,CLD,log_loss,0.5998967191246779,0.9009167194913313,0.6651559415712593,0.5467661691542288,0.007072883685272339,0.27830342861895546,0.008424300572681372,0.042193357540871904,"[[2172, 933], [1062, 1791]]","[[203, 142], [158, 159]]"
disclosure_x_bias,225,init_easy,CLD,log_loss,0.5998050571765198,0.9009161208790065,0.6659959957137217,0.5467661691542288,0.007070596773582687,0.27845467528272433,0.008340428765080416,0.042793628300276276,"[[2174, 931], [1059, 1794]]","[[202, 143], [157, 160]]"
disclosure_x_bias,226,init_easy,CLD,log_loss,0.5997081412722841,0.9010821494472161,0.6656598612599403,0.5467661691542288,0.0070692171856748705,0.2785544001101357,0.008862989902797474,0.04096643767172271,"[[2180, 925], [1067, 1786]]","[[204, 141], [159, 158]]"
disclosure_x_bias,227,init_easy,CLD,log_loss,0.5996038315824418,0.9011271767061206,0.6656598612599403,0.5482813206693804,0.00706475354303286,0.2784903717778963,0.008465873736119888,0.04300971079683969,"[[2174, 931], [1061, 1792]]","[[203, 142], [157, 160]]"
disclosure_x_bias,228,init_easy,CLD,log_loss,0.5994968634606738,0.9013892035931491,0.6658276464948395,0.5452510176390774,0.007068491170261865,0.2785022403657747,0.00885298664039374,0.041912257164142735,"[[2179, 926], [1065, 1788]]","[[202, 143], [158, 159]]"
disclosure_x_bias,229,init_easy,CLD,log_loss,0.5994004861494162,0.9014161077043518,0.6658273645028482,0.5452510176390774,0.007067711994354657,0.27835689603676433,0.00879472951631798,0.041912257164142735,"[[2180, 925], [1066, 1787]]","[[202, 143], [158, 159]]"
disclosure_x_bias,230,init_easy,CLD,log_loss,0.5993037456212568,0.9014638968936757,0.6661632169646382,0.5452510176390774,0.007075088945667483,0.2783665905103944,0.009237988279049111,0.041912257164142735,"[[2180, 925], [1064, 1789]]","[[202, 143], [158, 159]]"
disclosure_x_bias,231,init_easy,CLD,log_loss,0.5992001801683504,0.9015044933326035,0.6663318481755118,0.5452510176390774,0.007084047616360196,0.27813920117409874,0.008362368124403599,0.041912257164142735,"[[2180, 925], [1063, 1790]]","[[202, 143], [158, 159]]"
disclosure_x_bias,232,init_easy,CLD,log_loss,0.5991080238282931,0.9014008608603643,0.6659951497377474,0.5452510176390774,0.007085032549069201,0.2782749032455117,0.009727503460634716,0.041912257164142735,"[[2178, 927], [1063, 1790]]","[[202, 143], [158, 159]]"
disclosure_x_bias,233,init_easy,CLD,log_loss,0.5990184104451369,0.9013766511183847,0.6670029891151091,0.5452510176390774,0.007079931506300188,0.27820808940973796,0.009373466411537036,0.040044870994949765,"[[2185, 920], [1064, 1789]]","[[203, 142], [159, 158]]"
disclosure_x_bias,234,init_easy,CLD,log_loss,0.5989248281713246,0.9015623628472442,0.6666665726693362,0.5437358661239258,0.0070748883508944,0.278080121827234,0.009030817683944033,0.041567940294914514,"[[2185, 920], [1066, 1787]]","[[202, 143], [159, 158]]"
disclosure_x_bias,235,init_easy,CLD,log_loss,0.5988356700624847,0.9016238942909446,0.6663304382155546,0.5437358661239258,0.007072324785728421,0.278260585608889,0.009736960872246146,0.041567940294914514,"[[2181, 924], [1064, 1789]]","[[202, 143], [159, 158]]"
disclosure_x_bias,236,init_easy,CLD,log_loss,0.5987469687182663,0.901870219117515,0.6670021431391349,0.5437358661239258,0.007069781690058625,0.2781138269337729,0.009441732916952043,0.041567940294914514,"[[2181, 924], [1060, 1793]]","[[202, 143], [159, 158]]"
disclosure_x_bias,237,init_easy,CLD,log_loss,0.5986433214803843,0.9019285370285959,0.6673377136089335,0.5437358661239258,0.007072852097348272,0.2780964054012982,0.00923179180393285,0.041567940294914514,"[[2182, 923], [1059, 1794]]","[[202, 143], [159, 158]]"
disclosure_x_bias,238,init_easy,CLD,log_loss,0.5985458478628704,0.9019159456945088,0.6668340759122441,0.5437358661239258,0.007074713129846706,0.27809173172720464,0.009808862893170374,0.041567940294914514,"[[2180, 925], [1060, 1793]]","[[202, 143], [159, 158]]"
disclosure_x_bias,239,init_easy,CLD,log_loss,0.5984481245884348,0.9018620900350192,0.6671702103660256,0.5437358661239258,0.007073748477443601,0.2783020373023493,0.009225985656118468,0.041567940294914514,"[[2182, 923], [1060, 1793]]","[[202, 143], [159, 158]]"
disclosure_x_bias,240,init_easy,CLD,log_loss,0.5983328221453191,0.9012934002904227,0.6673374316169421,0.5437358661239258,0.007032156277542022,0.2765346589167081,0.00967381944666241,0.041567940294914514,"[[2179, 926], [1056, 1797]]","[[202, 143], [159, 158]]"
disclosure_x_bias,241,init_easy,CLD,log_loss,0.5982444198255552,0.901294202631504,0.6664982234504541,0.5437358661239258,0.007030505287714887,0.27643262750097275,0.009583804378781733,0.041567940294914514,"[[2178, 927], [1060, 1793]]","[[202, 143], [159, 158]]"
disclosure_x_bias,242,init_easy,CLD,log_loss,0.5981560705433322,0.9013011620811376,0.6670018611471434,0.5452284034373587,0.007025043193082122,0.2763878274927432,0.009385712081601714,0.04389628269406333,"[[2175, 930], [1054, 1799]]","[[202, 143], [158, 159]]"
disclosure_x_bias,243,init_easy,CLD,log_loss,0.598062187309408,0.9012652570292772,0.6680091365405223,0.542243328810493,0.007020221067013349,0.2762755764274293,0.009690500886860135,0.039666825421324284,"[[2187, 918], [1060, 1793]]","[[202, 143], [160, 157]]"
disclosure_x_bias,244,init_easy,CLD,log_loss,0.59797177717494,0.9013633222313656,0.6675054988438329,0.5452284034373587,0.007018797411147609,0.27625096207672123,0.009014983210623604,0.04389628269406333,"[[2180, 925], [1056, 1797]]","[[202, 143], [158, 159]]"
disclosure_x_bias,245,init_easy,CLD,log_loss,0.5978762458069374,0.9013491069008124,0.6681774857594045,0.542243328810493,0.007018462896041697,0.2762744727010208,0.00934951746246054,0.039666825421324284,"[[2189, 916], [1061, 1792]]","[[202, 143], [160, 157]]"
disclosure_x_bias,246,init_easy,CLD,log_loss,0.5977852037016971,0.9012457360473627,0.6680094185325137,0.545273631840796,0.007019424366752118,0.27645059999332167,0.008940051486236956,0.04107199481478666,"[[2184, 921], [1057, 1796]]","[[202, 143], [158, 159]]"
disclosure_x_bias,247,init_easy,CLD,log_loss,0.5976820545910471,0.9014947539622933,0.6680099825164966,0.5437584803256444,0.007020987810854603,0.27639654269298186,0.008916915649482096,0.040090223962921216,"[[2184, 921], [1057, 1796]]","[[202, 143], [159, 158]]"
disclosure_x_bias,248,init_easy,CLD,log_loss,0.5975897789834967,0.9014677541050921,0.6676732840787322,0.5467435549525101,0.00701354666894291,0.2763434426048008,0.009070906232140812,0.044165618940857965,"[[2177, 928], [1052, 1801]]","[[202, 143], [157, 160]]"
disclosure_x_bias,249,init_easy,CLD,log_loss,0.5975048866582768,0.9014734832877004,0.6686808414641024,0.542243328810493,0.007010356674776584,0.276242375641264,0.009159527914413539,0.039666825421324284,"[[2189, 916], [1058, 1795]]","[[202, 143], [160, 157]]"
disclosure_x_bias,250,init_easy,CLD,log_loss,0.5974201480435335,0.9014488154850124,0.6685127742372117,0.5482587064676616,0.007008220804799432,0.27627782069360607,0.009240222633300658,0.04494701147772049,"[[2180, 925], [1050, 1803]]","[[202, 143], [156, 161]]"
disclosure_x_bias,251,init_easy,CLD,log_loss,0.5973165414308598,0.9015327488106051,0.6688489086909932,0.542243328810493,0.007015301916829292,0.2765224724523739,0.008831624799286023,0.039666825421324284,"[[2191, 914], [1059, 1794]]","[[202, 143], [160, 157]]"
disclosure_x_bias,252,init_easy,CLD,log_loss,0.5972245748089476,0.9014811749894955,0.6690166939258925,0.5452510176390774,0.007015974079616314,0.27633320630706965,0.009138539008952878,0.04251649683503552,"[[2190, 915], [1057, 1796]]","[[202, 143], [158, 159]]"
disclosure_x_bias,253,init_easy,CLD,log_loss,0.5971390046263869,0.9013404760185567,0.669016975917884,0.5437358661239258,0.007013559925054237,0.27637983893706675,0.00795482317512427,0.041567940294914514,"[[2192, 913], [1059, 1794]]","[[202, 143], [159, 158]]"
disclosure_x_bias,254,init_easy,CLD,log_loss,0.5970377466815534,0.9014019066635444,0.6688491906829845,0.5437358661239258,0.007001024178251592,0.2763514261124062,0.007763144211553361,0.041567940294914514,"[[2192, 913], [1060, 1793]]","[[202, 143], [159, 158]]"
disclosure_x_bias,255,init_easy,CLD,log_loss,0.5969484476366678,0.9013835565148443,0.6695208956065648,0.5422207146087743,0.007000923136073774,0.27635492807010764,0.008156516974570262,0.038600358673922586,"[[2192, 913], [1056, 1797]]","[[202, 143], [160, 157]]"
disclosure_x_bias,256,init_easy,CLD,log_loss,0.5968564756849198,0.901404399764089,0.6690172579098753,0.5437358661239258,0.006998911138580369,0.2765283576887808,0.007981803389242762,0.041567940294914514,"[[2192, 913], [1059, 1794]]","[[202, 143], [159, 158]]"
disclosure_x_bias,257,init_easy,CLD,log_loss,0.5967683936412105,0.901548296660531,0.6691847611527832,0.5437358661239258,0.006992731271537444,0.27658773409042886,0.008252650970308847,0.041567940294914514,"[[2190, 915], [1056, 1797]]","[[202, 143], [159, 158]]"
disclosure_x_bias,258,init_easy,CLD,log_loss,0.5966834786150326,0.9015705405046279,0.669352828379674,0.5437358661239258,0.006991224319886575,0.27659965166214817,0.008813607094404074,0.041567940294914514,"[[2191, 914], [1056, 1797]]","[[202, 143], [159, 158]]"
disclosure_x_bias,259,init_easy,CLD,log_loss,0.5965848351174348,0.9018352018170914,0.6693525463876826,0.542243328810493,0.006977732169630423,0.27651164444366705,0.008681769080416214,0.039666825421324284,"[[2191, 914], [1056, 1797]]","[[201, 144], [159, 158]]"
disclosure_x_bias,260,init_easy,CLD,log_loss,0.5964992607421308,0.901916850054916,0.6695206136145734,0.542243328810493,0.006975090618519179,0.2764944900307404,0.008433310598640735,0.039666825421324284,"[[2191, 914], [1055, 1798]]","[[201, 144], [159, 158]]"
disclosure_x_bias,261,init_easy,CLD,log_loss,0.5964131139465281,0.9019516460976078,0.6693525463876826,0.542243328810493,0.006975398695949927,0.27652570334080906,0.008161785964347763,0.039666825421324284,"[[2191, 914], [1056, 1797]]","[[201, 144], [159, 158]]"
disclosure_x_bias,262,init_easy,CLD,log_loss,0.596317967307602,0.9017251070447827,0.669856184084372,0.542243328810493,0.006982447765084114,0.2765715127204639,0.008715359408421752,0.039666825421324284,"[[2192, 913], [1054, 1799]]","[[201, 144], [159, 158]]"
disclosure_x_bias,263,init_easy,CLD,log_loss,0.5962270571549105,0.9019475982201648,0.6696878348654899,0.542243328810493,0.006985869738910526,0.27644027637273405,0.0086184326014675,0.039666825421324284,"[[2193, 912], [1056, 1797]]","[[201, 144], [159, 158]]"
disclosure_x_bias,264,init_easy,CLD,log_loss,0.5961403016802395,0.9018771079906023,0.6698559020923807,0.5437358661239258,0.006983785895184342,0.27648221030538706,0.008762376197367475,0.041567940294914514,"[[2192, 913], [1054, 1799]]","[[202, 143], [159, 158]]"
disclosure_x_bias,265,init_easy,CLD,log_loss,0.5960569750996034,0.9020301787830917,0.6696878348654899,0.542243328810493,0.006982815810238008,0.27660140444161874,0.007698249269320013,0.039666825421324284,"[[2194, 911], [1057, 1796]]","[[201, 144], [159, 158]]"
disclosure_x_bias,266,init_easy,CLD,log_loss,0.5959733276006993,0.901963479615348,0.6701914725621793,0.542243328810493,0.006980449889784519,0.2765434065224729,0.008809789170137992,0.039666825421324284,"[[2195, 910], [1055, 1798]]","[[201, 144], [159, 158]]"
disclosure_x_bias,267,init_easy,CLD,log_loss,0.5958899297438325,0.9020456522641954,0.6700234053352885,0.5407281772953414,0.0069780709016626615,0.27660200835291776,0.008491635393155485,0.036476371670439024,"[[2191, 914], [1052, 1801]]","[[201, 144], [160, 157]]"
disclosure_x_bias,268,init_easy,CLD,log_loss,0.595803424098861,0.9021683254982662,0.6706948282668772,0.5407281772953414,0.006974264067890448,0.2764917441596544,0.009217466203552183,0.036476371670439024,"[[2195, 910], [1052, 1801]]","[[201, 144], [160, 157]]"
disclosure_x_bias,269,init_easy,CLD,log_loss,0.5957196278528277,0.9021439124510794,0.6706948282668772,0.542243328810493,0.006972093449265675,0.2764038248790588,0.008871623794887915,0.03700535405700643,"[[2191, 914], [1048, 1805]]","[[201, 144], [159, 158]]"
disclosure_x_bias,270,init_easy,CLD,log_loss,0.5956241371225179,0.9021999712254514,0.6708620495177937,0.5407281772953414,0.006968843511657077,0.2764442778273675,0.009023869979855138,0.036476371670439024,"[[2195, 910], [1051, 1802]]","[[201, 144], [160, 157]]"
disclosure_x_bias,271,init_easy,CLD,log_loss,0.5955397696365066,0.9022290926632767,0.6717026676442389,0.542243328810493,0.0069670561765628565,0.2762189088900905,0.008564356586354165,0.037688346095507544,"[[2200, 905], [1051, 1802]]","[[201, 144], [159, 158]]"
disclosure_x_bias,272,init_easy,CLD,log_loss,0.5954588466898012,0.9021739316559471,0.6710301167446844,0.5407281772953414,0.006963975337166994,0.27654974096503787,0.00910306731714753,0.036476371670439024,"[[2197, 908], [1052, 1801]]","[[201, 144], [160, 157]]"
disclosure_x_bias,273,init_easy,CLD,log_loss,0.5953753875225216,0.9023708677562512,0.6717026676442389,0.542243328810493,0.0069620367469863135,0.27649256308680276,0.008152707025096781,0.03700535405700643,"[[2199, 906], [1050, 1803]]","[[201, 144], [159, 158]]"
disclosure_x_bias,274,init_easy,CLD,log_loss,0.5952889873332137,0.9022778208919077,0.6711981839715752,0.542243328810493,0.006956437181323109,0.27653919579255043,0.00897064418948195,0.037688346095507544,"[[2196, 909], [1050, 1803]]","[[201, 144], [159, 158]]"
disclosure_x_bias,275,init_easy,CLD,log_loss,0.5952096755319316,0.9024677634979075,0.6717023856522475,0.542243328810493,0.006954203352900228,0.2766013561950779,0.007892602538977007,0.037688346095507544,"[[2200, 905], [1051, 1802]]","[[201, 144], [159, 158]]"
disclosure_x_bias,276,init_easy,CLD,log_loss,0.595118451329232,0.9022967171244856,0.6718704528791382,0.5437584803256444,0.00696266990260113,0.2766087593405432,0.007884131204667582,0.03677159290465143,"[[2200, 905], [1050, 1803]]","[[202, 143], [159, 158]]"
disclosure_x_bias,277,init_easy,CLD,log_loss,0.595030839173534,0.9026575442692885,0.6713659692064745,0.545273631840796,0.006965460879846353,0.27629515631607526,0.007670509860323669,0.035039576699678804,"[[2195, 910], [1048, 1805]]","[[202, 143], [158, 159]]"
disclosure_x_bias,278,init_easy,CLD,log_loss,0.5949370949491449,0.9027225635190625,0.6720382381140375,0.545273631840796,0.006974145724847681,0.27645549255942115,0.007601964096416634,0.035039576699678804,"[[2200, 905], [1049, 1804]]","[[202, 143], [158, 159]]"
disclosure_x_bias,279,init_easy,CLD,log_loss,0.5948531636526015,0.9027750073807284,0.6722063053409283,0.545273631840796,0.006972303064837419,0.2764923918536488,0.007204631141229426,0.03850776477471062,"[[2202, 903], [1050, 1803]]","[[201, 144], [157, 160]]"
disclosure_x_bias,280,init_easy,CLD,log_loss,0.5947591276110873,0.9026683264418413,0.672541875810727,0.5483039348710991,0.006971869729850332,0.2765355293634968,0.007482774470201321,0.03491113244052487,"[[2202, 903], [1048, 1805]]","[[202, 143], [156, 161]]"
disclosure_x_bias,281,init_easy,CLD,log_loss,0.5946786495268684,0.902763772606575,0.6722063053409283,0.5467887833559475,0.0069710262491705565,0.2765783031234811,0.007204631141229426,0.0381496883774872,"[[2201, 904], [1049, 1804]]","[[201, 144], [156, 161]]"
disclosure_x_bias,282,init_easy,CLD,log_loss,0.5945926259973933,0.902871635648163,0.672541875810727,0.5467887833559475,0.006970082667966902,0.2765639217425111,0.007482774470201321,0.035374254948733065,"[[2201, 904], [1047, 1806]]","[[201, 144], [156, 161]]"
disclosure_x_bias,283,init_easy,CLD,log_loss,0.5945115674201908,0.9028746799223886,0.6725415938187356,0.5483039348710991,0.006970076787140222,0.27662638424734326,0.007783145051956627,0.03491113244052487,"[[2201, 904], [1047, 1806]]","[[202, 143], [156, 161]]"
disclosure_x_bias,284,init_easy,CLD,log_loss,0.5944220280996482,0.9030084445843958,0.6727093790536348,0.545273631840796,0.006967219027838332,0.2764918437540157,0.007847790657402374,0.03715935337009699,"[[2201, 904], [1046, 1807]]","[[201, 144], [157, 160]]"
disclosure_x_bias,285,init_easy,CLD,log_loss,0.5943407139471383,0.9029188093420055,0.672541875810727,0.5467887833559475,0.006964736143960736,0.276582928544288,0.007524460858922542,0.03881254856138329,"[[2200, 905], [1046, 1807]]","[[200, 145], [155, 162]]"
disclosure_x_bias,286,init_easy,CLD,log_loss,0.5942516889110099,0.9029335872875748,0.6723738085838362,0.545273631840796,0.00696954015081852,0.2764557061277612,0.00775434802534593,0.0404461809759031,"[[2198, 907], [1045, 1808]]","[[200, 145], [156, 161]]"
disclosure_x_bias,287,init_easy,CLD,log_loss,0.5941681647755799,0.9029301422360925,0.6718704528791382,0.545273631840796,0.006969801733324258,0.27659215042348445,0.007764602138081517,0.041071994814786635,"[[2200, 905], [1050, 1803]]","[[200, 145], [156, 161]]"
disclosure_x_bias,288,init_easy,CLD,log_loss,0.5940858679587329,0.9029976661808284,0.6725415938187356,0.545273631840796,0.006958212506172983,0.27649402469066825,0.007742851506663206,0.03981053067977306,"[[2202, 903], [1048, 1805]]","[[201, 144], [157, 160]]"
disclosure_x_bias,289,init_easy,CLD,log_loss,0.5939997733961019,0.9030565560372829,0.6720382381140375,0.545273631840796,0.006959557512258806,0.27652054926194214,0.007683817606784305,0.041071994814786635,"[[2200, 905], [1049, 1804]]","[[200, 145], [156, 161]]"
disclosure_x_bias,290,init_easy,CLD,log_loss,0.5939185958251435,0.9030700591795636,0.6720382381140375,0.5483039348710991,0.00695890730129141,0.2765967890678383,0.007925369052160337,0.040962470519404166,"[[2197, 908], [1046, 1807]]","[[201, 144], [155, 162]]"
disclosure_x_bias,291,init_easy,CLD,log_loss,0.5938409465183029,0.9030141033466188,0.6722060233489369,0.5467887833559475,0.006956186441172307,0.2766010481807834,0.008344049690289438,0.041357886018885875,"[[2197, 908], [1045, 1808]]","[[200, 145], [155, 162]]"
disclosure_x_bias,292,init_easy,CLD,log_loss,0.5937634089285222,0.90320911141258,0.6725421578027184,0.5483039348710991,0.006953661291886439,0.2766110975518629,0.00738531557604103,0.039049691208279655,"[[2200, 905], [1046, 1807]]","[[201, 144], [155, 162]]"
disclosure_x_bias,293,init_easy,CLD,log_loss,0.5936784476467606,0.9030343384973897,0.6722060233489369,0.5467887833559475,0.006957289593589766,0.2766337856451903,0.007921357660137735,0.03946427661012033,"[[2205, 900], [1053, 1800]]","[[200, 145], [155, 162]]"
disclosure_x_bias,294,init_easy,CLD,log_loss,0.5935954258061594,0.9032128851645913,0.6722063053409284,0.5483039348710991,0.006957998765689855,0.27651613405811915,0.0077887787309064175,0.039049691208279655,"[[2203, 902], [1051, 1802]]","[[201, 144], [155, 162]]"
disclosure_x_bias,295,init_easy,CLD,log_loss,0.5935153046524927,0.903142939004827,0.6720382381140376,0.5483039348710991,0.0069532380941437115,0.2765983591262383,0.008042247439077095,0.039049691208279655,"[[2199, 906], [1048, 1805]]","[[201, 144], [155, 162]]"
disclosure_x_bias,296,init_easy,CLD,log_loss,0.5934288721636835,0.9033922825098815,0.6727090970616435,0.5513116236996833,0.006947796849282048,0.2763611812445433,0.008620222021733114,0.04083565906653688,"[[2201, 904], [1046, 1807]]","[[202, 143], [154, 163]]"
disclosure_x_bias,297,init_easy,CLD,log_loss,0.5933406231440019,0.9032860616457044,0.6720379561220462,0.5513342379014021,0.006934217126544202,0.2763827324530136,0.007818708283253576,0.03996896221442021,"[[2195, 910], [1044, 1809]]","[[201, 144], [153, 164]]"
disclosure_x_bias,298,init_easy,CLD,log_loss,0.5932449922608952,0.9033197353172685,0.6723735265918448,0.5483039348710991,0.006942679649149989,0.2763191950336796,0.0084245664682647,0.039049691208279655,"[[2204, 901], [1051, 1802]]","[[201, 144], [155, 162]]"
disclosure_x_bias,299,init_easy,CLD,log_loss,0.5931477751661764,0.9032250495422709,0.672541875810727,0.5483039348710991,0.006944313612274467,0.2763221865191664,0.008201285646446605,0.039049691208279655,"[[2200, 905], [1046, 1807]]","[[201, 144], [155, 162]]"
disclosure_x_bias,300,init_easy,CLD,log_loss,0.5930683098241297,0.9031503347212263,0.6727093790536349,0.5483039348710991,0.006944451398615525,0.2761380624293367,0.007887548139185756,0.039049691208279655,"[[2202, 903], [1047, 1806]]","[[201, 144], [155, 162]]"
disclosure_x_bias,1,init_easy,CLD,exponential,27.0765760990323,30.113200949768732,0.6181583103039874,0.5468566259611036,14.862008298231043,33.90156910793008,0.02399627250590758,0.024994530524254606,"[[2030, 1075], [1200, 1653]]","[[209, 136], [164, 153]]"
disclosure_x_bias,2,init_easy,CLD,exponential,27.091928534652446,30.21332883974108,0.6189986464384412,0.5468566259611036,14.858642343937564,34.15156882910767,0.022542693543351464,0.024994530524254606,"[[2037, 1068], [1202, 1651]]","[[209, 136], [164, 153]]"
disclosure_x_bias,3,init_easy,CLD,exponential,27.039807444762015,30.03869485183457,0.6206779087473916,0.5483717774762551,14.869903726332176,34.055596162364466,0.022940269284554365,0.02634345820143053,"[[2048, 1057], [1203, 1650]]","[[210, 135], [164, 153]]"
disclosure_x_bias,4,init_easy,CLD,exponential,26.92708521637786,30.125893301411075,0.6215165529298968,0.5483717774762551,14.804428410944043,34.29302418585275,0.02314324904939431,0.02634345820143053,"[[2053, 1052], [1203, 1650]]","[[210, 135], [164, 153]]"
disclosure_x_bias,5,init_easy,CLD,exponential,26.9331620350072,30.097949856646107,0.6240364333652925,0.5438715513342378,14.812372239908905,34.26563212556051,0.02136093757999801,0.027877195430870284,"[[2084, 1021], [1219, 1634]]","[[210, 135], [167, 150]]"
disclosure_x_bias,6,init_easy,CLD,exponential,26.82278885900704,29.9945092048553,0.6242045005921832,0.5438715513342378,14.764195899155641,34.501382719555345,0.02158236055978644,0.027877195430870284,"[[2085, 1020], [1219, 1634]]","[[210, 135], [167, 150]]"
disclosure_x_bias,7,init_easy,CLD,exponential,26.54034154015192,29.710333410502066,0.6253792792284699,0.5438715513342378,14.696578837459928,34.49706912303537,0.02158905402542831,0.027877195430870284,"[[2092, 1013], [1219, 1634]]","[[210, 135], [167, 150]]"
disclosure_x_bias,8,init_easy,CLD,exponential,26.529131383026247,29.68900233198343,0.6255470644633693,0.5438715513342378,14.681208180723852,34.47845268588792,0.021425055084503125,0.027877195430870284,"[[2097, 1008], [1223, 1630]]","[[210, 135], [167, 150]]"
disclosure_x_bias,9,init_easy,CLD,exponential,26.540209651192093,29.757106274474843,0.6272249168123626,0.5544776119402985,14.677899460726248,34.679117918744495,0.017445556613574057,0.05151257809546473,"[[2066, 1039], [1182, 1671]]","[[209, 136], [159, 158]]"
disclosure_x_bias,10,init_easy,CLD,exponential,26.503955068197246,29.721715521941668,0.6278960577519599,0.5544776119402985,14.65568725827079,34.64361442110977,0.016446884057227936,0.05151257809546473,"[[2073, 1032], [1185, 1668]]","[[209, 136], [159, 158]]"
disclosure_x_bias,11,init_easy,CLD,exponential,26.29107694015193,29.46735945655464,0.6277279905250691,0.5544776119402985,14.625871682779154,34.64712353885495,0.016197842294226335,0.05151257809546473,"[[2070, 1035], [1183, 1670]]","[[209, 136], [159, 158]]"
disclosure_x_bias,12,init_easy,CLD,exponential,26.247971022970184,29.3989925740174,0.6289024871693644,0.5544776119402985,14.626799017074564,34.87332443442563,0.014935296163352938,0.05151257809546473,"[[2094, 1011], [1200, 1653]]","[[211, 134], [161, 156]]"
disclosure_x_bias,13,init_easy,CLD,exponential,26.213007440491726,29.389895602752432,0.6295739101009532,0.5575079149706015,14.599275601567118,34.884366423272425,0.015216766502907826,0.05278865485291557,"[[2099, 1006], [1201, 1652]]","[[213, 132], [161, 156]]"
disclosure_x_bias,14,init_easy,CLD,exponential,26.197485237155973,29.385964367982133,0.630077265805651,0.559023066485753,14.587258137994157,34.88669669621131,0.01528592171778537,0.05262143276816594,"[[2104, 1001], [1203, 1650]]","[[214, 131], [161, 156]]"
disclosure_x_bias,15,init_easy,CLD,exponential,25.998175872700035,29.249870998590808,0.630077265805651,0.559023066485753,14.546112731694027,34.93189048958187,0.01528592171778537,0.05262143276816594,"[[2105, 1000], [1204, 1649]]","[[214, 131], [161, 156]]"
disclosure_x_bias,16,init_easy,CLD,exponential,25.971945418119816,29.245907799945115,0.6304131182674413,0.559023066485753,14.515611600343398,34.9229856761305,0.015107656744900746,0.05262143276816594,"[[2107, 998], [1204, 1649]]","[[214, 131], [161, 156]]"
disclosure_x_bias,17,init_easy,CLD,exponential,25.88921323046153,29.145022092381303,0.6304131182674413,0.559023066485753,14.488041903226428,35.09625937970572,0.01510765674490076,0.05262143276816594,"[[2111, 994], [1208, 1645]]","[[215, 130], [162, 155]]"
disclosure_x_bias,18,init_easy,CLD,exponential,25.884589729167583,29.01966211146841,0.630581185494332,0.5575305291723203,14.522737143457707,35.02675707350938,0.014884854663322485,0.054427058818320065,"[[2105, 1000], [1201, 1652]]","[[214, 131], [162, 155]]"
disclosure_x_bias,19,init_easy,CLD,exponential,25.898708475108663,29.036203426464795,0.6307492527212227,0.5575305291723203,14.52719220975767,35.05558704092801,0.014677923430438486,0.054427058818320065,"[[2105, 1000], [1200, 1653]]","[[214, 131], [162, 155]]"
disclosure_x_bias,20,init_easy,CLD,exponential,25.791767244975187,29.013724415542463,0.6304134002594326,0.5575305291723203,14.49418079250691,35.03438536264133,0.014376135414239828,0.054427058818320065,"[[2103, 1002], [1200, 1653]]","[[214, 131], [162, 155]]"
disclosure_x_bias,21,init_easy,CLD,exponential,25.677257223983695,28.863980122382976,0.6305814674863234,0.5575305291723203,14.4562867466637,35.06029086616996,0.014621908750319703,0.054427058818320065,"[[2106, 999], [1202, 1651]]","[[214, 131], [162, 155]]"
disclosure_x_bias,22,init_easy,CLD,exponential,25.674136858221953,28.940669203302196,0.6309170379561221,0.5575305291723203,14.435068787695633,35.230549589376956,0.014774007313641048,0.054427058818320065,"[[2106, 999], [1200, 1653]]","[[214, 131], [162, 155]]"
disclosure_x_bias,23,init_easy,CLD,exponential,25.68551372900719,28.924475802250566,0.6312526084259207,0.5575305291723203,14.434977203224326,35.2147553682284,0.015083000672632135,0.054427058818320065,"[[2109, 996], [1201, 1652]]","[[214, 131], [162, 155]]"
disclosure_x_bias,24,init_easy,CLD,exponential,25.602831695412032,28.75898056443129,0.6317559641306187,0.5560153776571687,14.427351222333066,35.210912225734475,0.015316989342932267,0.054542701143771764,"[[2113, 992], [1202, 1651]]","[[214, 131], [163, 154]]"
disclosure_x_bias,25,init_easy,CLD,exponential,25.591323837499328,28.741949474741197,0.6332665952286956,0.5560153776571687,14.427337963625092,35.175712899751275,0.014282472067502718,0.054542701143771764,"[[2098, 1007], [1178, 1675]]","[[212, 133], [161, 156]]"
disclosure_x_bias,26,init_easy,CLD,exponential,25.586054944170435,28.720548538499806,0.6332665952286956,0.5560153776571687,14.439646822374787,35.10756621446046,0.014282472067502718,0.054542701143771764,"[[2099, 1006], [1179, 1674]]","[[212, 133], [161, 156]]"
disclosure_x_bias,27,init_easy,CLD,exponential,25.57362356010909,28.67739709973419,0.6334343804635949,0.5575079149706015,14.456308204985936,35.203903752025305,0.014062271899917746,0.05278865485291557,"[[2098, 1007], [1177, 1676]]","[[212, 133], [160, 157]]"
disclosure_x_bias,28,init_easy,CLD,exponential,25.49841959139506,28.563740085186243,0.6336021656984941,0.5575079149706015,14.44398582546479,35.25571609539386,0.014104984339502368,0.05278865485291557,"[[2100, 1005], [1178, 1675]]","[[212, 133], [160, 157]]"
disclosure_x_bias,29,init_easy,CLD,exponential,25.380048667656695,28.534065106120824,0.6325954542890981,0.5575079149706015,14.392292261133852,35.19314151416029,0.015659521430448808,0.05278865485291557,"[[2123, 982], [1207, 1646]]","[[215, 130], [163, 154]]"
disclosure_x_bias,30,init_easy,CLD,exponential,25.401089949633388,28.590587567125475,0.6327632395239975,0.5575079149706015,14.39655035230153,35.33009534175243,0.01572774935677121,0.05278865485291557,"[[2123, 982], [1206, 1647]]","[[215, 130], [163, 154]]"
disclosure_x_bias,31,init_easy,CLD,exponential,25.315965624208896,28.476746494113286,0.6329310247588968,0.5575079149706015,14.372212794834796,35.349822458291946,0.015951357561288532,0.05278865485291557,"[[2125, 980], [1207, 1646]]","[[215, 130], [163, 154]]"
disclosure_x_bias,32,init_easy,CLD,exponential,25.290425324167465,28.41051866210774,0.6339377361682927,0.5575079149706015,14.36975111690658,35.25417308593747,0.014227448236976366,0.05278865485291557,"[[2102, 1003], [1178, 1675]]","[[212, 133], [160, 157]]"
disclosure_x_bias,33,init_easy,CLD,exponential,25.169285622499206,28.392952741179084,0.6339377361682927,0.5575079149706015,14.346999263353231,35.42873405851371,0.014227448236976366,0.05278865485291557,"[[2102, 1003], [1178, 1675]]","[[212, 133], [160, 157]]"
disclosure_x_bias,34,init_easy,CLD,exponential,25.165505523122004,28.40763196083273,0.6334343804635949,0.5544776119402985,14.345412416123736,35.41955532499437,0.014946470695625665,0.045181448313186066,"[[2115, 990], [1194, 1659]]","[[212, 133], [162, 155]]"
disclosure_x_bias,35,init_easy,CLD,exponential,25.177922034234868,28.414757710258026,0.6337699509333935,0.552962460425147,14.350887967864132,35.42922088346159,0.014623756682390932,0.047410404086498256,"[[2118, 987], [1195, 1658]]","[[212, 133], [163, 154]]"
disclosure_x_bias,36,init_easy,CLD,exponential,25.172346179937247,28.339523571883614,0.6341055214031922,0.552962460425147,14.3734905556717,35.40226068267484,0.014822322015026455,0.047410404086498256,"[[2119, 986], [1194, 1659]]","[[212, 133], [163, 154]]"
disclosure_x_bias,37,init_easy,CLD,exponential,25.06917691508755,28.290841970115974,0.6344410918729908,0.5544776119402985,14.44151476170229,35.30222514787085,0.013996245261102512,0.05101500269049291,"[[2108, 997], [1181, 1672]]","[[212, 133], [162, 155]]"
disclosure_x_bias,38,init_easy,CLD,exponential,25.07678172642535,28.351266188780095,0.6346088771078902,0.5544776119402985,14.448946008022489,35.41531787007528,0.014070316629810084,0.05101500269049291,"[[2109, 996], [1181, 1672]]","[[212, 133], [162, 155]]"
disclosure_x_bias,39,init_easy,CLD,exponential,25.079622355063158,28.328979238763004,0.6346088771078902,0.5575079149706015,14.447955124791363,35.42383837888311,0.014225083204749061,0.058735336162099645,"[[2098, 1007], [1170, 1683]]","[[212, 133], [160, 157]]"
disclosure_x_bias,40,init_easy,CLD,exponential,25.009126054608362,28.241839586797,0.6352800180474875,0.5575079149706015,14.428630547341664,35.392211152662064,0.01373946127779829,0.058735336162099645,"[[2099, 1006], [1167, 1686]]","[[212, 133], [160, 157]]"
disclosure_x_bias,41,init_easy,CLD,exponential,24.763535785430395,28.216291761454414,0.6356155885172861,0.55599276345545,14.31481980757854,35.57982108723965,0.013955102511432702,0.05927377405697906,"[[2101, 1004], [1167, 1686]]","[[212, 133], [161, 156]]"
disclosure_x_bias,42,init_easy,CLD,exponential,24.748351396239286,28.172474795116255,0.6359511589870848,0.55599276345545,14.312144443246599,35.488836582164,0.014224750590556225,0.05927377405697906,"[[2103, 1002], [1167, 1686]]","[[212, 133], [161, 156]]"
disclosure_x_bias,43,init_easy,CLD,exponential,24.739839369938483,28.19172133147717,0.6364545146917828,0.5590230664857531,14.313967214906269,35.46598371741705,0.013686124439628595,0.056816828575236386,"[[2097, 1008], [1158, 1695]]","[[211, 134], [158, 159]]"
disclosure_x_bias,44,init_easy,CLD,exponential,24.70469925350241,28.126625351947713,0.6367900851615814,0.5544776119402985,14.294761427722303,35.49102673874662,0.01384848938361619,0.04949227103215141,"[[2110, 995], [1169, 1684]]","[[211, 134], [161, 156]]"
disclosure_x_bias,45,init_easy,CLD,exponential,24.730465305359964,28.156949128349652,0.6366222999266821,0.55599276345545,14.288338250290888,35.58509179671176,0.013825360887830172,0.04784365611268964,"[[2110, 995], [1170, 1683]]","[[211, 134], [160, 157]]"
disclosure_x_bias,46,init_easy,CLD,exponential,24.720209651974848,28.120186917056383,0.6367900851615814,0.5544776119402985,14.285671189987761,35.505179959259195,0.01384848938361619,0.04949227103215141,"[[2110, 995], [1169, 1684]]","[[211, 134], [161, 156]]"
disclosure_x_bias,47,init_easy,CLD,exponential,24.66892965153705,28.029047369202704,0.6367900851615814,0.55599276345545,14.284365734494736,35.515327770309334,0.013916086035405653,0.04784365611268964,"[[2111, 994], [1170, 1683]]","[[212, 133], [161, 156]]"
disclosure_x_bias,48,init_easy,CLD,exponential,24.593626645134755,28.019662276075554,0.6367900851615814,0.55599276345545,14.27692808955737,35.50610872097311,0.013916086035405653,0.04784365611268964,"[[2111, 994], [1170, 1683]]","[[212, 133], [161, 156]]"
disclosure_x_bias,49,init_easy,CLD,exponential,24.579752607576786,28.042832265679596,0.6377982065309344,0.55599276345545,14.271825995449008,35.51244264951616,0.012768318020116314,0.04784365611268964,"[[2120, 985], [1173, 1680]]","[[212, 133], [161, 156]]"
disclosure_x_bias,50,init_easy,CLD,exponential,24.588127215188475,28.05690628974507,0.637798488522926,0.55599276345545,14.283312812374271,35.512106256437185,0.013217820216182292,0.04784365611268964,"[[2120, 985], [1173, 1680]]","[[212, 133], [161, 156]]"
disclosure_x_bias,51,init_easy,CLD,exponential,24.589562242857504,28.143123479143185,0.6379662737578252,0.55599276345545,14.300308766711922,35.65318377418615,0.013178053036739648,0.04784365611268964,"[[2121, 984], [1173, 1680]]","[[212, 133], [161, 156]]"
disclosure_x_bias,52,init_easy,CLD,exponential,24.57206778519946,28.098293390238744,0.6383018442276239,0.5544776119402985,14.297568905645049,35.55248648175444,0.012776590192879333,0.04949227103215141,"[[2122, 983], [1172, 1681]]","[[211, 134], [161, 156]]"
disclosure_x_bias,53,init_easy,CLD,exponential,24.415622511327758,27.95462517854679,0.6383018442276239,0.5544776119402985,14.232188171570616,35.6559431335569,0.012727531656439096,0.04949227103215141,"[[2122, 983], [1172, 1681]]","[[211, 134], [161, 156]]"
disclosure_x_bias,54,init_easy,CLD,exponential,24.406330397741172,27.919645083841726,0.6383018442276239,0.5544776119402985,14.233438168117754,35.59389568342966,0.012727531656439096,0.04949227103215141,"[[2123, 982], [1173, 1680]]","[[211, 134], [161, 156]]"
disclosure_x_bias,55,init_easy,CLD,exponential,24.335867830594957,27.906809304310237,0.6386374146974225,0.5544776119402985,14.293805066985964,35.57474694289901,0.01267690655832489,0.04949227103215141,"[[2124, 981], [1172, 1681]]","[[211, 134], [161, 156]]"
disclosure_x_bias,56,init_easy,CLD,exponential,24.241462199996565,27.86044979530066,0.6396455360667758,0.5529850746268656,14.283567799434453,35.477660185093946,0.012057531845587794,0.05126107980211769,"[[2131, 974], [1173, 1680]]","[[211, 134], [162, 155]]"
disclosure_x_bias,57,init_easy,CLD,exponential,24.25538083320273,27.929768857044046,0.6393099655969771,0.5529850746268656,14.30222983244216,35.6118039748622,0.01185497249437164,0.05126107980211769,"[[2130, 975], [1174, 1679]]","[[211, 134], [162, 155]]"
disclosure_x_bias,58,init_easy,CLD,exponential,24.24924225800596,27.969386258706198,0.6396455360667758,0.5529850746268656,14.298037042713784,35.70643215163949,0.012057531845587794,0.05126107980211769,"[[2131, 974], [1173, 1680]]","[[211, 134], [162, 155]]"
disclosure_x_bias,59,init_easy,CLD,exponential,24.25441605466485,27.966743445420366,0.6394777508318763,0.5514699231117142,14.30764679578044,35.633115538610895,0.011866082434302065,0.04971870523831893,"[[2132, 973], [1175, 1678]]","[[211, 134], [163, 154]]"
disclosure_x_bias,60,init_easy,CLD,exponential,24.262669929777477,27.942308395349066,0.6394777508318763,0.5514699231117142,14.316232071973245,35.64748879072507,0.011866082434302065,0.04971870523831893,"[[2132, 973], [1175, 1678]]","[[211, 134], [163, 154]]"
disclosure_x_bias,61,init_easy,CLD,exponential,24.201275585284755,27.858222499671804,0.6404844622412724,0.5529850746268656,14.318819767694098,35.66697974049578,0.011611004272604263,0.050256023493889475,"[[2136, 969], [1173, 1680]]","[[212, 133], [163, 154]]"
disclosure_x_bias,62,init_easy,CLD,exponential,24.175014669559474,27.84571395440567,0.6403166770063731,0.5514699231117142,14.302281045008307,35.666127627642794,0.011064144353686666,0.046538784206215766,"[[2135, 970], [1173, 1680]]","[[211, 134], [163, 154]]"
disclosure_x_bias,63,init_easy,CLD,exponential,24.180345366004172,27.798600026756567,0.6401488917714737,0.5514699231117142,14.316122774222475,35.65352887672976,0.011038068312032318,0.046538784206215766,"[[2134, 971], [1173, 1680]]","[[211, 134], [163, 154]]"
disclosure_x_bias,64,init_easy,CLD,exponential,24.199859883628147,27.79630217699928,0.6401488917714737,0.5514699231117142,14.338647790698237,35.633029255596725,0.011038068312032318,0.046538784206215766,"[[2134, 971], [1173, 1680]]","[[211, 134], [163, 154]]"
disclosure_x_bias,65,init_easy,CLD,exponential,24.18795824079083,27.80566524663743,0.6403169589983644,0.5514699231117142,14.354788213995999,35.60767571869337,0.011306664779990634,0.046538784206215766,"[[2135, 970], [1173, 1680]]","[[211, 134], [163, 154]]"
disclosure_x_bias,66,init_easy,CLD,exponential,24.12659136473198,27.739883524601897,0.6404847442332638,0.5514699231117142,14.346809676670448,35.727107700448954,0.011629097715617789,0.046538784206215766,"[[2135, 970], [1172, 1681]]","[[211, 134], [163, 154]]"
disclosure_x_bias,67,init_easy,CLD,exponential,24.049609975958834,27.798023159890988,0.6406525294681631,0.5514699231117142,14.3381683495264,35.83168930277308,0.01132165438084227,0.046538784206215766,"[[2137, 968], [1173, 1680]]","[[211, 134], [163, 154]]"
disclosure_x_bias,68,init_easy,CLD,exponential,24.055732833035535,27.780106589029607,0.6406525294681631,0.5514699231117142,14.310921034349025,35.75988351746545,0.01148622838849237,0.046538784206215766,"[[2136, 969], [1172, 1681]]","[[211, 134], [163, 154]]"
disclosure_x_bias,69,init_easy,CLD,exponential,24.068666876500522,27.81480016038198,0.641155885172861,0.5514699231117142,14.309432335799329,35.766155918786936,0.011981092665510689,0.046538784206215766,"[[2137, 968], [1170, 1683]]","[[211, 134], [163, 154]]"
disclosure_x_bias,70,init_easy,CLD,exponential,23.9785865511701,27.829917305456682,0.6413236704077605,0.5529850746268656,14.258502868746998,35.781853379785126,0.011645372011044873,0.050256023493889475,"[[2139, 966], [1171, 1682]]","[[212, 133], [163, 154]]"
disclosure_x_bias,71,init_easy,CLD,exponential,23.918967593270786,27.808545432364486,0.6413236704077605,0.5529850746268656,14.248475806050125,35.740109403624444,0.011645372011044873,0.050256023493889475,"[[2139, 966], [1171, 1682]]","[[212, 133], [163, 154]]"
disclosure_x_bias,72,init_easy,CLD,exponential,23.910288536498218,27.773633952725977,0.6413236704077605,0.5499547715965626,14.2653898295217,35.74554709773661,0.011752322283611413,0.049640155982920015,"[[2137, 968], [1169, 1684]]","[[210, 135], [163, 154]]"
disclosure_x_bias,73,init_easy,CLD,exponential,23.822352255992698,27.785449242571907,0.6430037786926851,0.5514246947082768,14.332674382362299,35.760121047710335,0.011693228317393448,0.04257242515944614,"[[2162, 943], [1184, 1669]]","[[212, 133], [164, 153]]"
disclosure_x_bias,74,init_easy,CLD,exponential,23.804345760488175,27.77899896228187,0.6433393491624837,0.5514246947082768,14.32889549423714,35.75426083734746,0.011321908494112295,0.04257242515944614,"[[2164, 941], [1184, 1669]]","[[212, 133], [164, 153]]"
disclosure_x_bias,75,init_easy,CLD,exponential,23.818811135574375,27.772554205859997,0.6435071343973832,0.5529398462234283,14.343530905004972,35.71583447135551,0.011014372169268467,0.042605946914209956,"[[2165, 940], [1184, 1669]]","[[213, 132], [164, 153]]"
disclosure_x_bias,76,init_easy,CLD,exponential,23.882598034734432,28.14704024730517,0.6440104901020811,0.5529398462234283,14.277298721380735,35.87061518914916,0.010827027008752904,0.042605946914209956,"[[2165, 940], [1181, 1672]]","[[213, 132], [164, 153]]"
disclosure_x_bias,77,init_easy,CLD,exponential,23.883342635010287,28.133555741157814,0.6443460605718798,0.5514246947082768,14.276121998911917,35.78440019002622,0.01083105636876477,0.04257242515944614,"[[2168, 937], [1182, 1671]]","[[212, 133], [164, 153]]"
disclosure_x_bias,78,init_easy,CLD,exponential,23.781461589945675,28.037305695509694,0.6448496982685692,0.5514246947082768,14.277156240660307,35.917931352473666,0.010732615045545617,0.04257242515944614,"[[2172, 933], [1183, 1670]]","[[213, 132], [165, 152]]"
disclosure_x_bias,79,init_easy,CLD,exponential,23.80520973201955,28.032640308707915,0.6445141277987705,0.5514246947082768,14.282252233136889,35.86539509900465,0.011089837492032762,0.04257242515944614,"[[2166, 939], [1179, 1674]]","[[212, 133], [164, 153]]"
disclosure_x_bias,80,init_easy,CLD,exponential,23.793050523770635,28.026945531828705,0.6431695899836445,0.5469244685662595,14.285501045835979,35.975623049532835,0.011767068255603223,0.046120929966068314,"[[2142, 963], [1163, 1690]]","[[209, 136], [164, 153]]"
disclosure_x_bias,81,init_easy,CLD,exponential,23.748648639922003,27.98779280741967,0.6445141277987705,0.5499095431931252,14.257927349997079,35.898426537306605,0.011313234513797527,0.04307516381552285,"[[2169, 936], [1182, 1671]]","[[212, 133], [165, 152]]"
disclosure_x_bias,82,init_easy,CLD,exponential,23.701595305227123,27.93005084345245,0.6446821950256613,0.5499095431931252,14.261291761177105,35.911429675068,0.011422492542446547,0.04307516381552285,"[[2169, 936], [1181, 1672]]","[[212, 133], [165, 152]]"
disclosure_x_bias,83,init_easy,CLD,exponential,23.711828366140534,27.93116334431579,0.6450177654954599,0.5529398462234283,14.278480552732338,35.943536314705256,0.011126712502602772,0.046608723756062585,"[[2159, 946], [1169, 1684]]","[[212, 133], [163, 154]]"
disclosure_x_bias,84,init_easy,CLD,exponential,23.705776653304717,27.963791221620237,0.6446821950256613,0.5499095431931252,14.268203808207469,35.97929261383629,0.01190521271974325,0.04307516381552285,"[[2156, 949], [1168, 1685]]","[[210, 135], [163, 154]]"
disclosure_x_bias,85,init_easy,CLD,exponential,23.68928621806217,27.923785950772505,0.6446819130336698,0.5483943916779738,14.267846679840808,35.937092495931516,0.011914375656870167,0.04171787343175004,"[[2158, 947], [1170, 1683]]","[[210, 135], [164, 153]]"
disclosure_x_bias,86,init_easy,CLD,exponential,23.709805164849868,27.97391722517268,0.646024476904856,0.5483943916779738,14.294301464001329,35.97821596563116,0.01131118818755145,0.04171787343175004,"[[2162, 943], [1166, 1687]]","[[210, 135], [164, 153]]"
disclosure_x_bias,87,init_easy,CLD,exponential,23.681871167482164,27.991524568462637,0.6463600473746546,0.5483943916779738,14.319411248870708,35.98042946051233,0.011136696198065215,0.04171787343175004,"[[2166, 939], [1168, 1685]]","[[211, 134], [165, 152]]"
disclosure_x_bias,88,init_easy,CLD,exponential,23.6643911490661,27.989549420084224,0.6453533359652586,0.5514246947082768,14.311296262071094,35.96726434095878,0.01156611509543359,0.04257242515944614,"[[2164, 941], [1172, 1681]]","[[212, 133], [164, 153]]"
disclosure_x_bias,89,init_easy,CLD,exponential,23.666562820490515,28.012108612772785,0.6455211212001579,0.5514246947082768,14.313501465919357,36.006347336153674,0.011534142595640048,0.04257242515944614,"[[2164, 941], [1171, 1682]]","[[212, 133], [164, 153]]"
disclosure_x_bias,90,init_easy,CLD,exponential,23.72713007164821,28.437534452098095,0.6471995375331341,0.5499095431931252,14.2459029939511,36.24397207044703,0.00948003713929629,0.04307516381552285,"[[2163, 942], [1160, 1693]]","[[211, 134], [164, 153]]"
disclosure_x_bias,91,init_easy,CLD,exponential,23.707397553613582,28.353945509076517,0.6463600473746546,0.5514246947082768,14.244259032524171,36.15876112915248,0.009727431432123098,0.04257242515944614,"[[2163, 942], [1165, 1688]]","[[212, 133], [164, 153]]"
disclosure_x_bias,92,init_easy,CLD,exponential,23.71259376603368,28.38424664243154,0.6471995375331341,0.5483943916779738,14.245082238072262,36.15452124973191,0.009578512227852434,0.04171787343175004,"[[2165, 940], [1162, 1691]]","[[211, 134], [165, 152]]"
disclosure_x_bias,93,init_easy,CLD,exponential,23.710750549166967,28.38138255861163,0.6473670407760419,0.5483943916779738,14.234902862221167,36.13751619326024,0.00934926198176744,0.04171787343175004,"[[2166, 939], [1162, 1691]]","[[211, 134], [165, 152]]"
disclosure_x_bias,94,init_easy,CLD,exponential,23.682640221784247,28.377720029812377,0.6473670407760419,0.5468792401628223,14.234560321632433,36.17197757857353,0.00934926198176744,0.041499651497435196,"[[2166, 939], [1162, 1691]]","[[210, 135], [165, 152]]"
disclosure_x_bias,95,init_easy,CLD,exponential,23.68252919279814,28.348569000484048,0.6470314703062433,0.5483943916779738,14.234911536162095,36.08695746478175,0.009530236510094223,0.04292331963779388,"[[2163, 942], [1161, 1692]]","[[210, 135], [164, 153]]"
disclosure_x_bias,96,init_easy,CLD,exponential,23.61415737272033,28.38784924443197,0.6480384637076307,0.5499095431931252,14.290302035663064,36.18783924094623,0.011052105724095951,0.042478871632892656,"[[2163, 942], [1155, 1698]]","[[210, 135], [163, 154]]"
disclosure_x_bias,97,init_easy,CLD,exponential,23.608294667260356,28.38567375767257,0.64820624894253,0.5499095431931252,14.30354492107784,36.16959905232479,0.011001586212912376,0.04126044267992124,"[[2165, 940], [1156, 1697]]","[[211, 134], [164, 153]]"
disclosure_x_bias,98,init_easy,CLD,exponential,23.56426172037458,28.30437224858257,0.649212960351926,0.5483943916779738,14.310893904320432,36.28006875968338,0.009612053809788277,0.0371923990346823,"[[2163, 942], [1148, 1705]]","[[210, 135], [164, 153]]"
disclosure_x_bias,99,init_easy,CLD,exponential,23.589671305519722,28.30592431364649,0.648709604647228,0.5483943916779738,14.267504349035544,36.22655502807306,0.00992719457634631,0.0371923990346823,"[[2161, 944], [1149, 1704]]","[[210, 135], [164, 153]]"
disclosure_x_bias,100,init_easy,CLD,exponential,23.460910209886883,28.296620745782086,0.6482059669505386,0.5468792401628223,14.222351336089615,36.18861400310668,0.010030276167704605,0.03830332964321515,"[[2160, 945], [1151, 1702]]","[[209, 136], [164, 153]]"
disclosure_x_bias,101,init_easy,CLD,exponential,23.45884389364506,28.289244265808257,0.6485415374203373,0.5483943916779738,14.224014299847298,36.190997866925834,0.00987750424617212,0.0371923990346823,"[[2163, 942], [1152, 1701]]","[[210, 135], [164, 153]]"
disclosure_x_bias,102,init_easy,CLD,exponential,23.44806112299586,28.215806694567334,0.6485415374203373,0.5483943916779738,14.250308721224787,36.12837408642488,0.00987750424617212,0.0371923990346823,"[[2163, 942], [1152, 1701]]","[[210, 135], [164, 153]]"
disclosure_x_bias,103,init_easy,CLD,exponential,23.420890159005204,28.235094461734075,0.6493804635948339,0.5468792401628223,14.227911869363044,36.1638521724297,0.010509521007499304,0.03694745805459556,"[[2165, 940], [1149, 1704]]","[[208, 137], [163, 154]]"
disclosure_x_bias,104,init_easy,CLD,exponential,23.43375519250781,28.291307095180382,0.6495482488297333,0.5514246947082768,14.251247313796716,36.25558401831601,0.010901608889772433,0.04546963158646014,"[[2171, 934], [1154, 1699]]","[[211, 134], [163, 154]]"
disclosure_x_bias,105,init_easy,CLD,exponential,23.434899256047867,28.282848656104267,0.6483729062094636,0.5544097693351425,14.247264572552156,36.197659986566364,0.010902269424342257,0.044316809538224804,"[[2176, 929], [1166, 1687]]","[[213, 132], [163, 154]]"
disclosure_x_bias,106,init_easy,CLD,exponential,23.4734288093305,28.347867134208208,0.6490440471490609,0.5544097693351425,14.316784163484607,36.29719522889259,0.010973164056523137,0.044316809538224804,"[[2177, 928], [1163, 1690]]","[[213, 132], [163, 154]]"
disclosure_x_bias,107,init_easy,CLD,exponential,23.481164324333964,28.309976276999958,0.6487084766792623,0.5544097693351425,14.322641133643936,36.21661587192332,0.011127731435086639,0.044316809538224804,"[[2176, 929], [1164, 1689]]","[[213, 132], [163, 154]]"
disclosure_x_bias,108,init_easy,CLD,exponential,23.473169552583023,28.338918385938506,0.6488762619141617,0.5528946178199909,14.332734893988162,36.243039073068225,0.010779910588258442,0.04011193210880474,"[[2174, 931], [1161, 1692]]","[[212, 133], [163, 154]]"
disclosure_x_bias,109,init_easy,CLD,exponential,23.475473130067964,28.368343461729694,0.6493796176188597,0.5528946178199909,14.340036140694677,36.29615496253172,0.010541045296509217,0.04011193210880474,"[[2173, 932], [1157, 1696]]","[[212, 133], [163, 154]]"
disclosure_x_bias,110,init_easy,CLD,exponential,23.39785916852342,28.35754060022133,0.6492118323839603,0.5513794663048394,14.383808464847037,36.249173471229305,0.010818708677130277,0.041327834323559444,"[[2172, 933], [1157, 1696]]","[[211, 134], [163, 154]]"
disclosure_x_bias,111,init_easy,CLD,exponential,23.345303790277185,28.361177841790493,0.6498829733235576,0.5528946178199909,14.403440333188605,36.323760283016576,0.010510116148680297,0.04011193210880474,"[[2175, 930], [1156, 1697]]","[[212, 133], [163, 154]]"
disclosure_x_bias,112,init_easy,CLD,exponential,23.362421043849107,28.330997313206694,0.649547402853759,0.5528946178199909,14.41047292354406,36.24497009596122,0.010700664296404903,0.04011193210880474,"[[2173, 932], [1156, 1697]]","[[212, 133], [163, 154]]"
disclosure_x_bias,113,init_easy,CLD,exponential,23.335194572708858,28.312788648497282,0.6503863290282557,0.5544097693351425,14.414490516528836,36.354180807173876,0.010834259368582807,0.04008582280476247,"[[2170, 935], [1148, 1705]]","[[212, 133], [162, 155]]"
disclosure_x_bias,114,init_easy,CLD,exponential,23.444615421273365,28.7485262896128,0.6505541142631549,0.555924920850294,14.332810093608781,36.558048352179426,0.010712890414339152,0.03999597182361288,"[[2170, 935], [1147, 1706]]","[[212, 133], [161, 156]]"
disclosure_x_bias,115,init_easy,CLD,exponential,23.417489964304124,28.695851042743165,0.6502185437933563,0.555924920850294,14.340562698276512,36.562244261832845,0.011344255621022486,0.03999597182361288,"[[2171, 934], [1150, 1703]]","[[212, 133], [161, 156]]"
disclosure_x_bias,116,init_easy,CLD,exponential,23.43195730562027,28.73499507062063,0.6512252552027522,0.555924920850294,14.338757768628493,36.55592215202958,0.010779227817935362,0.03999597182361288,"[[2176, 929], [1149, 1704]]","[[212, 133], [161, 156]]"
disclosure_x_bias,117,init_easy,CLD,exponential,23.43536182256258,28.737531823295832,0.6515608256725509,0.555924920850294,14.335883759678419,36.564378040093594,0.01099583746984258,0.03999597182361288,"[[2169, 936], [1140, 1713]]","[[211, 134], [160, 157]]"
disclosure_x_bias,118,init_easy,CLD,exponential,23.4391877353028,28.76702348694571,0.6515608256725509,0.555924920850294,14.348062647977924,36.601827159956486,0.01099583746984258,0.03999597182361288,"[[2170, 935], [1141, 1712]]","[[211, 134], [160, 157]]"
disclosure_x_bias,119,init_easy,CLD,exponential,23.423765522149765,28.76261740875655,0.6515608256725509,0.555924920850294,14.336005929457313,36.58135881494622,0.01099583746984258,0.03999597182361288,"[[2170, 935], [1141, 1712]]","[[211, 134], [160, 157]]"
disclosure_x_bias,120,init_easy,CLD,exponential,23.36042165963673,28.770359129541767,0.6515608256725509,0.555924920850294,14.30836001448318,36.58102558092621,0.01099583746984258,0.03999597182361288,"[[2169, 936], [1140, 1713]]","[[211, 134], [160, 157]]"
disclosure_x_bias,121,init_easy,CLD,exponential,23.318769977405637,28.796719928995895,0.6517286109074503,0.5544097693351425,14.350864356739159,36.63145319880597,0.011168569304811724,0.04133888720074022,"[[2169, 936], [1139, 1714]]","[[210, 135], [160, 157]]"
disclosure_x_bias,122,init_easy,CLD,exponential,23.305706946349282,28.799104046399787,0.6520641813772489,0.5544097693351425,14.344786158350601,36.66223160720562,0.011306063694768729,0.04133888720074022,"[[2169, 936], [1137, 1716]]","[[210, 135], [160, 157]]"
disclosure_x_bias,123,init_easy,CLD,exponential,23.30286857583793,28.745681623618715,0.6520641813772489,0.5544097693351425,14.365658318794605,36.60378825425356,0.011660181948085315,0.04133888720074022,"[[2168, 937], [1136, 1717]]","[[210, 135], [160, 157]]"
disclosure_x_bias,124,init_easy,CLD,exponential,23.291628944615802,28.778510801149167,0.6520641813772489,0.5544097693351425,14.346875743083105,36.642379751132836,0.011660181948085315,0.04133888720074022,"[[2168, 937], [1136, 1717]]","[[210, 135], [160, 157]]"
disclosure_x_bias,125,init_easy,CLD,exponential,23.28372193532914,28.770767283597035,0.6530708927866449,0.5544097693351425,14.338488454459759,36.59267705300673,0.010425706695619088,0.04133888720074022,"[[2170, 935], [1132, 1721]]","[[210, 135], [160, 157]]"
disclosure_x_bias,126,init_easy,CLD,exponential,23.319777682692866,28.79903118603575,0.6529031075517455,0.555924920850294,14.327588950183847,36.663035301745055,0.010234341305661854,0.039353050194170236,"[[2165, 940], [1128, 1725]]","[[210, 135], [159, 158]]"
disclosure_x_bias,127,init_easy,CLD,exponential,23.316378738520847,28.76731104522625,0.6527350403248547,0.5574400723654456,14.318130086112271,36.63325778897685,0.010384346348239563,0.03984194791978198,"[[2165, 940], [1129, 1724]]","[[211, 134], [159, 158]]"
disclosure_x_bias,128,init_easy,CLD,exponential,23.32826919059574,28.75712814476853,0.6525675370819469,0.5574400723654456,14.336014378328723,36.627983384528115,0.010357701628113997,0.03984194791978198,"[[2165, 940], [1130, 1723]]","[[211, 134], [159, 158]]"
disclosure_x_bias,129,init_easy,CLD,exponential,23.311895561110763,28.749421397538896,0.6525672550899555,0.5574400723654456,14.329576603592958,36.61240706088096,0.010724577396170247,0.03984194791978198,"[[2165, 940], [1130, 1723]]","[[211, 134], [159, 158]]"
disclosure_x_bias,130,init_easy,CLD,exponential,23.304049522005492,28.779345786858563,0.6532386780215442,0.5574400723654456,14.330290342395553,36.67159829686764,0.010610674742956818,0.03984194791978198,"[[2164, 941], [1125, 1728]]","[[211, 134], [159, 158]]"
disclosure_x_bias,131,init_easy,CLD,exponential,23.269175293001158,28.68055529669808,0.6534064632564436,0.5574400723654456,14.341636082801863,36.633459558228544,0.010435887494951444,0.03984194791978198,"[[2165, 940], [1125, 1728]]","[[211, 134], [159, 158]]"
disclosure_x_bias,132,init_easy,CLD,exponential,23.26596450413573,28.7171611778599,0.6537420337262422,0.5574400723654456,14.339469041954027,36.72391171267366,0.010523625272212456,0.03984194791978198,"[[2168, 937], [1126, 1727]]","[[211, 134], [159, 158]]"
disclosure_x_bias,133,init_easy,CLD,exponential,23.194977076681678,28.704430040452717,0.6542456714229317,0.5589326096788783,14.376714789359474,36.65375862804198,0.01051760221591863,0.039904964505714395,"[[2166, 939], [1121, 1732]]","[[211, 134], [158, 159]]"
disclosure_x_bias,134,init_easy,CLD,exponential,23.179788273596706,28.689176812069423,0.653910100953133,0.5559023066485753,14.371600021421637,36.63760937013522,0.01103034600423008,0.03256964993026546,"[[2163, 942], [1120, 1733]]","[[209, 136], [158, 159]]"
disclosure_x_bias,135,init_easy,CLD,exponential,23.193869582296294,28.728097612468833,0.6537423157182336,0.5559023066485753,14.377307108407171,36.720205416913736,0.011007079809093089,0.03256964993026546,"[[2161, 944], [1119, 1734]]","[[209, 136], [158, 159]]"
disclosure_x_bias,136,init_easy,CLD,exponential,23.17672422076799,28.65049986035178,0.6544134566578309,0.5543871551334238,14.382977567775834,36.617049408138264,0.010503304562962916,0.03494205188447516,"[[2162, 943], [1116, 1737]]","[[208, 137], [158, 159]]"
disclosure_x_bias,137,init_easy,CLD,exponential,23.2217681785247,28.729290806815307,0.6544134566578309,0.5498643147896879,14.433200569138553,36.653841512098985,0.011195255487741671,0.034492444558664015,"[[2164, 941], [1118, 1735]]","[[207, 138], [160, 157]]"
disclosure_x_bias,138,init_easy,CLD,exponential,23.251789929834292,28.83735274240309,0.6545812418927303,0.5498643147896879,14.426718713011876,36.94715635018306,0.011234848951028957,0.034492444558664015,"[[2164, 941], [1117, 1736]]","[[207, 138], [160, 157]]"
disclosure_x_bias,139,init_easy,CLD,exponential,23.239498278444906,28.82074715311159,0.6544137386498223,0.5513568521031208,14.433884373976774,36.92338140202489,0.011185230877559568,0.034926794880016536,"[[2164, 941], [1118, 1735]]","[[207, 138], [159, 158]]"
disclosure_x_bias,140,init_easy,CLD,exponential,23.239449824528762,28.784430230297147,0.6557560205290169,0.5498417005879692,14.44514648097191,36.88200345577812,0.009343197321402102,0.031743265670634443,"[[2160, 945], [1106, 1747]]","[[206, 139], [159, 158]]"
disclosure_x_bias,141,init_easy,CLD,exponential,23.207188519301166,28.823368092306197,0.6555882352941176,0.5498417005879692,14.42750399169046,36.94274567471712,0.009081084291285131,0.031743265670634443,"[[2158, 947], [1105, 1748]]","[[206, 139], [159, 158]]"
disclosure_x_bias,142,init_easy,CLD,exponential,23.20929808937759,28.828838095560997,0.6557560205290169,0.5483265490728177,14.427082998962428,36.98097614838077,0.009140117696905899,0.034618043420621046,"[[2158, 947], [1104, 1749]]","[[205, 140], [159, 158]]"
disclosure_x_bias,143,init_easy,CLD,exponential,23.182577577234902,28.863409064005026,0.6559238057639163,0.5483265490728177,14.452143620542996,37.013322542036946,0.009023683513333127,0.034618043420621046,"[[2158, 947], [1103, 1750]]","[[205, 140], [159, 158]]"
disclosure_x_bias,144,init_easy,CLD,exponential,23.180244950257215,28.877276327526907,0.6554204500592183,0.5498417005879692,14.458244420714742,37.05691482556519,0.007869838101297042,0.0348094200692556,"[[2159, 946], [1107, 1746]]","[[207, 138], [160, 157]]"
disclosure_x_bias,145,init_easy,CLD,exponential,23.175441190759962,28.846936848072907,0.6557560205290169,0.5483265490728177,14.45235725429246,36.994328027842684,0.009071414257003781,0.034618043420621046,"[[2157, 948], [1103, 1750]]","[[205, 140], [159, 158]]"
disclosure_x_bias,146,init_easy,CLD,exponential,23.178515542527677,28.87018964115926,0.6557560205290169,0.5483265490728177,14.446816349293416,37.00251072144994,0.009071414257003781,0.034618043420621046,"[[2157, 948], [1103, 1750]]","[[205, 140], [159, 158]]"
disclosure_x_bias,147,init_easy,CLD,exponential,23.192215650833642,28.866557612276473,0.6559238057639163,0.5483265490728177,14.462336545795397,36.97610310527048,0.009127083679110295,0.034618043420621046,"[[2157, 948], [1102, 1751]]","[[205, 140], [159, 158]]"
disclosure_x_bias,148,init_easy,CLD,exponential,23.179242617090487,28.881324222013557,0.6559238057639163,0.5483265490728177,14.452674597537904,37.01472476420104,0.009127083679110295,0.034618043420621046,"[[2157, 948], [1102, 1751]]","[[205, 140], [159, 158]]"
disclosure_x_bias,149,init_easy,CLD,exponential,23.22145367059011,28.868278468897905,0.6559238057639163,0.5498417005879692,14.479380073762,36.9979440482382,0.009127083679110295,0.036245360125381584,"[[2157, 948], [1102, 1751]]","[[206, 139], [159, 158]]"
disclosure_x_bias,150,init_easy,CLD,exponential,23.220057991975445,28.871791987888884,0.6560913090068242,0.5483265490728177,14.487890175750422,37.01575303712776,0.008259180957906155,0.033873200730690466,"[[2166, 939], [1110, 1743]]","[[207, 138], [161, 156]]"
disclosure_x_bias,151,init_easy,CLD,exponential,23.12673250859732,28.762743522697292,0.6557560205290169,0.5468340117593848,14.524225242657755,36.833132747441205,0.007930765146553989,0.030052119598167778,"[[2166, 939], [1112, 1741]]","[[207, 138], [162, 155]]"
disclosure_x_bias,152,init_easy,CLD,exponential,23.103038181184793,28.816515518124113,0.656259376233715,0.5453188602442334,14.469209608843151,36.94232631366481,0.008261419124357565,0.032920768653926714,"[[2167, 938], [1110, 1743]]","[[206, 139], [162, 155]]"
disclosure_x_bias,153,init_easy,CLD,exponential,23.173235724028793,28.810266053969617,0.6562599402176978,0.5498417005879692,14.519731386457236,36.8980077579052,0.007926070995191086,0.0348094200692556,"[[2161, 944], [1104, 1749]]","[[207, 138], [160, 157]]"
disclosure_x_bias,154,init_easy,CLD,exponential,23.243606148028444,29.31616487338696,0.6564277254525972,0.5483265490728177,14.444164794787515,37.25508584338224,0.008171646039409569,0.033873200730690466,"[[2166, 939], [1108, 1745]]","[[207, 138], [161, 156]]"
disclosure_x_bias,155,init_easy,CLD,exponential,23.238036448739827,29.28273348068779,0.655589081270092,0.5498417005879692,14.461310982897523,37.22138949658927,0.009484358033686873,0.0348094200692556,"[[2165, 940], [1112, 1741]]","[[207, 138], [160, 157]]"
disclosure_x_bias,156,init_easy,CLD,exponential,23.22561419309766,29.29452635899089,0.6562599402176978,0.5483265490728177,14.45847102540952,37.25629161675841,0.010080160864071609,0.033873200730690466,"[[2171, 934], [1114, 1739]]","[[207, 138], [161, 156]]"
disclosure_x_bias,157,init_easy,CLD,exponential,23.22326323308225,29.274182816687954,0.6567632959223958,0.5483265490728177,14.458764909995399,37.21939682747214,0.007671673791676516,0.032332078848736914,"[[2161, 944], [1101, 1752]]","[[206, 139], [160, 157]]"
disclosure_x_bias,158,init_easy,CLD,exponential,23.21448072339867,29.29700763285511,0.6574344368619931,0.5498417005879692,14.459361921355203,37.263608940496404,0.00824080800918212,0.03406876168908316,"[[2161, 944], [1097, 1756]]","[[207, 138], [160, 157]]"
disclosure_x_bias,159,init_easy,CLD,exponential,23.20711735608484,29.253581518131664,0.6576025040888839,0.5513568521031208,14.455182601428776,37.18453168665136,0.008976965434722622,0.03635809958800731,"[[2162, 943], [1097, 1756]]","[[208, 137], [160, 157]]"
disclosure_x_bias,160,init_easy,CLD,exponential,23.18248855632966,29.296881264233207,0.6574347188539845,0.5498643147896879,14.482734341925374,37.2907593108843,0.00834047749539613,0.0359410508568297,"[[2160, 945], [1096, 1757]]","[[208, 137], [161, 156]]"
disclosure_x_bias,161,init_easy,CLD,exponential,23.047849995425985,29.227834799501828,0.6574347188539845,0.5498417005879692,14.464291386345094,37.27984583740845,0.00845223977345,0.0348094200692556,"[[2163, 942], [1099, 1754]]","[[208, 137], [161, 156]]"
disclosure_x_bias,162,init_easy,CLD,exponential,23.06238613454636,29.205661544001327,0.6576027860808753,0.5483491632745364,14.446748564486851,37.22903613496787,0.008084680116339449,0.0335485152564103,"[[2161, 944], [1096, 1757]]","[[207, 138], [161, 156]]"
disclosure_x_bias,163,init_easy,CLD,exponential,23.118172809917326,29.24227200379956,0.6574347188539845,0.5498417005879692,14.486341847047383,37.302337912576995,0.009231372232762294,0.03762654030972432,"[[2159, 946], [1095, 1758]]","[[206, 139], [159, 158]]"
disclosure_x_bias,164,init_easy,CLD,exponential,23.100834846688677,29.176749890808377,0.6567635779143872,0.5498417005879692,14.483832725850466,37.15382653777788,0.009147102565181375,0.03762654030972432,"[[2160, 945], [1100, 1753]]","[[206, 139], [159, 158]]"
disclosure_x_bias,165,init_easy,CLD,exponential,23.126070992055524,29.276222075435953,0.6570991483841859,0.5468113975576662,14.495108809419628,37.41752053714077,0.00785714146780082,0.032046450772932944,"[[2164, 941], [1102, 1751]]","[[206, 139], [161, 156]]"
disclosure_x_bias,166,init_easy,CLD,exponential,23.104414938541904,29.274101629337707,0.6574347188539845,0.5468113975576662,14.494239033565586,37.405608110136555,0.007996744346967517,0.032046450772932944,"[[2165, 940], [1101, 1752]]","[[206, 139], [161, 156]]"
disclosure_x_bias,167,init_easy,CLD,exponential,23.102060983721852,29.2818386661368,0.6577705713157747,0.5498643147896879,14.4995278262724,37.42870289795011,0.007419664285699753,0.038675831559445935,"[[2159, 946], [1093, 1760]]","[[206, 139], [159, 158]]"
disclosure_x_bias,168,init_easy,CLD,exponential,23.107657433652797,29.28906719687733,0.6576025040888839,0.5483491632745364,14.504034752609096,37.430239435105946,0.007620966650341623,0.03715614200319196,"[[2163, 942], [1098, 1755]]","[[206, 139], [160, 157]]"
disclosure_x_bias,169,init_easy,CLD,exponential,23.11403589197107,29.295709549950935,0.6576025040888839,0.5468340117593848,14.516719541963887,37.4599734073609,0.007620966650341623,0.03327447523949848,"[[2161, 944], [1096, 1757]]","[[206, 139], [161, 156]]"
disclosure_x_bias,170,init_easy,CLD,exponential,23.11167719580753,29.30908921605294,0.6576025040888839,0.5498643147896879,14.510695620803574,37.45044843414041,0.007620966650341623,0.038675831559445935,"[[2159, 946], [1094, 1759]]","[[206, 139], [159, 158]]"
disclosure_x_bias,171,init_easy,CLD,exponential,23.096793139599693,29.275334680534154,0.6581067057695561,0.5452962460425147,14.508483042285576,37.41733606160644,0.00826056763342527,0.03086211218986316,"[[2167, 938], [1099, 1754]]","[[205, 140], [161, 156]]"
disclosure_x_bias,172,init_easy,CLD,exponential,23.051242262920457,29.267477155901577,0.6579386385426653,0.5498417005879692,14.50529469081354,37.42487739911587,0.00810924506977823,0.03762654030972432,"[[2166, 939], [1099, 1754]]","[[206, 139], [159, 158]]"
disclosure_x_bias,173,init_easy,CLD,exponential,23.035511703667925,29.270407325925568,0.6577708533077661,0.5483265490728177,14.493004767918219,37.41687394836789,0.00847077167918179,0.036762134566195495,"[[2165, 940], [1099, 1754]]","[[205, 140], [159, 158]]"
disclosure_x_bias,174,init_easy,CLD,exponential,23.059558851940498,29.283350792993808,0.6576030680728667,0.5483265490728177,14.481357719289251,37.431661695454395,0.009127754781183788,0.036762134566195495,"[[2167, 938], [1102, 1751]]","[[205, 140], [159, 158]]"
disclosure_x_bias,175,init_easy,CLD,exponential,23.02540382799378,29.239410463920525,0.6584419942473634,0.5483265490728177,14.532878852882854,37.44340352147377,0.00894053760051452,0.036762134566195495,"[[2165, 940], [1095, 1758]]","[[205, 140], [159, 158]]"
disclosure_x_bias,176,init_easy,CLD,exponential,23.005752936923354,29.239505706539763,0.6584419942473634,0.5483265490728177,14.511254101155057,37.40425124002505,0.00894053760051452,0.036762134566195495,"[[2167, 938], [1097, 1756]]","[[205, 140], [159, 158]]"
disclosure_x_bias,177,init_easy,CLD,exponential,23.01116726710628,29.24989047483063,0.6584419942473634,0.5498417005879692,14.518165703160927,37.445307692831165,0.00894053760051452,0.03762654030972432,"[[2166, 939], [1096, 1757]]","[[206, 139], [159, 158]]"
disclosure_x_bias,178,init_easy,CLD,exponential,23.016407387709734,29.26750109677905,0.6582739270204726,0.5513342379014021,14.523435801892335,37.43230108480529,0.009156385426992137,0.0386715339162677,"[[2167, 938], [1098, 1755]]","[[207, 138], [159, 158]]"
disclosure_x_bias,179,init_easy,CLD,exponential,23.008357062347354,29.27318543874093,0.6584419942473634,0.5498417005879692,14.526615148577868,37.495954456026304,0.00894053760051452,0.03762654030972432,"[[2166, 939], [1096, 1757]]","[[206, 139], [159, 158]]"
disclosure_x_bias,180,init_easy,CLD,exponential,23.00704887177326,29.268913090126755,0.6582739270204726,0.5513342379014021,14.53869307233179,37.4513497034895,0.009156385426992137,0.0386715339162677,"[[2166, 939], [1097, 1756]]","[[207, 138], [159, 158]]"
disclosure_x_bias,181,init_easy,CLD,exponential,23.005676251377896,29.28499664251968,0.6587781287011449,0.5513342379014021,14.54205651371982,37.50017772502238,0.009722644350628471,0.0386715339162677,"[[2164, 941], [1092, 1761]]","[[207, 138], [159, 158]]"
disclosure_x_bias,182,init_easy,CLD,exponential,22.98152168270645,29.231197155298986,0.6589461959280356,0.5513116236996833,14.548333986222005,37.49210996802677,0.009509748737428481,0.03956666079337157,"[[2166, 939], [1093, 1760]]","[[206, 139], [158, 159]]"
disclosure_x_bias,183,init_easy,CLD,exponential,23.01868858613829,29.247756645215624,0.6589461959280356,0.5498190863862505,14.555721591755713,37.49536261707937,0.009343839351209988,0.03789737346809807,"[[2166, 939], [1093, 1760]]","[[206, 139], [159, 158]]"
disclosure_x_bias,184,init_easy,CLD,exponential,23.031238813904213,29.257533090722298,0.6584428402233377,0.5513116236996833,14.558772095028125,37.44706673255298,0.0093185571402634,0.041455593759211665,"[[2166, 939], [1096, 1757]]","[[206, 139], [158, 159]]"
disclosure_x_bias,185,init_easy,CLD,exponential,23.017954983203058,29.210569954866276,0.6591142631549264,0.5513116236996833,14.553528407685677,37.44835802670597,0.00915301991457081,0.04083565906653688,"[[2165, 940], [1091, 1762]]","[[205, 140], [157, 160]]"
disclosure_x_bias,186,init_easy,CLD,exponential,23.0009989329524,29.242406719417914,0.6594495516327337,0.5528041610131162,14.532718320573855,37.51792751171648,0.009065654295897452,0.0435020612974351,"[[2166, 939], [1090, 1763]]","[[206, 139], [157, 160]]"
disclosure_x_bias,187,init_easy,CLD,exponential,23.02310939582693,29.267178115182087,0.6594495516327337,0.5513116236996833,14.5836377003615,37.50122421783905,0.009168581141561973,0.03956666079337157,"[[2168, 937], [1092, 1761]]","[[206, 139], [158, 159]]"
disclosure_x_bias,188,init_easy,CLD,exponential,23.017474274168798,29.265167127845825,0.6592817663978343,0.5528267752148349,14.556356506855156,37.53476889719826,0.009778810258987749,0.04024638974907638,"[[2168, 937], [1093, 1760]]","[[207, 138], [158, 159]]"
disclosure_x_bias,189,init_easy,CLD,exponential,23.00769017909176,29.214049042988346,0.6594495516327337,0.5497964721845319,14.555227321345125,37.38981823903325,0.009404364001267127,0.04073344439375246,"[[2168, 937], [1092, 1761]]","[[205, 140], [158, 159]]"
disclosure_x_bias,190,init_easy,CLD,exponential,23.01988889022787,29.24211355787857,0.6594495516327337,0.5528267752148349,14.567021191720556,37.44007061188475,0.009236561862539879,0.04024638974907638,"[[2168, 937], [1092, 1761]]","[[207, 138], [158, 159]]"
disclosure_x_bias,191,init_easy,CLD,exponential,22.980524642060413,29.204022546986558,0.6592817663978343,0.5528267752148349,14.557510265627805,37.393175956014005,0.00925286825542845,0.04024638974907638,"[[2167, 938], [1092, 1761]]","[[207, 138], [158, 159]]"
disclosure_x_bias,192,init_easy,CLD,exponential,22.973270831206108,29.204102143544326,0.6592820483898257,0.5528041610131162,14.556692076165723,37.41340711516879,0.009474785270931296,0.0435020612974351,"[[2167, 938], [1092, 1761]]","[[206, 139], [157, 160]]"
disclosure_x_bias,193,init_easy,CLD,exponential,22.91655297279325,29.14673960246135,0.659617336867633,0.5512890094979647,14.5974333932949,37.40572491998235,0.009871216851980827,0.04404693358902919,"[[2167, 938], [1090, 1763]]","[[205, 140], [157, 160]]"
disclosure_x_bias,194,init_easy,CLD,exponential,22.957094249123664,29.16352688265486,0.6597856860865152,0.5512890094979647,14.615119490390788,37.475376971926686,0.009538401403978625,0.042873091252388626,"[[2168, 937], [1090, 1763]]","[[205, 140], [157, 160]]"
disclosure_x_bias,195,init_easy,CLD,exponential,22.966279720353164,29.195890288257782,0.6604562630421296,0.5528041610131162,14.638836683769506,37.554447608106884,0.00899550464879167,0.04291170160452097,"[[2166, 939], [1084, 1769]]","[[206, 139], [157, 160]]"
disclosure_x_bias,196,init_easy,CLD,exponential,22.9724693383208,29.183327582324846,0.6604565450341211,0.5512890094979647,14.608848591321962,37.505837519167784,0.009053585576783275,0.04404693358902919,"[[2166, 939], [1084, 1769]]","[[205, 140], [157, 160]]"
disclosure_x_bias,197,init_easy,CLD,exponential,22.939178745787338,29.17813701135983,0.6602884778072303,0.5497738579828132,14.618445783751971,37.451452585567296,0.008893456498084186,0.043367078005707896,"[[2166, 939], [1085, 1768]]","[[204, 141], [157, 160]]"
disclosure_x_bias,198,init_easy,CLD,exponential,22.94752671652764,29.190473015169268,0.660792961479894,0.5528041610131162,14.634783967148906,37.50351693537168,0.009072281011333097,0.04291170160452097,"[[2166, 939], [1082, 1771]]","[[206, 139], [157, 160]]"
disclosure_x_bias,199,init_easy,CLD,exponential,22.933506206119855,29.206562442770498,0.660792961479894,0.5512890094979647,14.624257173908804,37.47243172041166,0.009673005570590976,0.04227394884565772,"[[2167, 938], [1083, 1770]]","[[205, 140], [157, 160]]"
disclosure_x_bias,200,init_easy,CLD,exponential,22.731965447467697,28.42592578673367,0.6607932434718855,0.5512890094979647,14.567627395263907,35.67689612106683,0.01001258331020059,0.04404693358902919,"[[2165, 940], [1081, 1772]]","[[205, 140], [157, 160]]"
disclosure_x_bias,201,init_easy,CLD,exponential,22.83961071026154,29.03960608852982,0.6602890417912131,0.5497738579828132,14.493807223672738,36.30582283962147,0.009384778682936204,0.04565921883776122,"[[2162, 943], [1081, 1772]]","[[203, 142], [156, 161]]"
disclosure_x_bias,202,init_easy,CLD,exponential,22.840086493581058,29.021729565932038,0.6611288139416841,0.5512890094979647,14.532561370366487,36.21716277729643,0.009795751955161172,0.04404693358902919,"[[2168, 937], [1082, 1771]]","[[205, 140], [157, 160]]"
disclosure_x_bias,203,init_easy,CLD,exponential,22.84535722646408,29.03862890988531,0.6606243302690203,0.5512890094979647,14.52830179876379,36.2678335992905,0.008907923450128395,0.04404693358902919,"[[2168, 937], [1085, 1768]]","[[205, 140], [157, 160]]"
disclosure_x_bias,204,init_easy,CLD,exponential,22.834423669653713,29.033406113998247,0.660792961479894,0.5497738579828132,14.50685230128326,36.23518846670048,0.009575502307033442,0.043367078005707854,"[[2166, 939], [1082, 1771]]","[[204, 141], [157, 160]]"
disclosure_x_bias,205,init_easy,CLD,exponential,22.907978480280555,29.033947810163397,0.6606246122610118,0.5543193125282677,14.561701131600023,36.27721562327803,0.008965509536161907,0.04168446221725198,"[[2162, 943], [1079, 1774]]","[[206, 139], [156, 161]]"
disclosure_x_bias,206,init_easy,CLD,exponential,22.839189334781427,29.016574004784893,0.6614638204274998,0.5543193125282677,14.514966087682755,36.236448363995315,0.009934260664185146,0.0434814902910718,"[[2163, 942], [1075, 1778]]","[[205, 140], [155, 162]]"
disclosure_x_bias,207,init_easy,CLD,exponential,22.837863346671586,29.032203027868086,0.6612957532006091,0.5528041610131162,14.52004645242938,36.28066103844055,0.00809540067836129,0.04231310591371295,"[[2165, 940], [1078, 1775]]","[[205, 140], [156, 161]]"
disclosure_x_bias,208,init_easy,CLD,exponential,22.839623868639894,29.045010992313344,0.6617993908972986,0.5558344640434193,14.518050433648712,36.263734031263915,0.009260758208067453,0.0422104102494349,"[[2168, 937], [1078, 1775]]","[[207, 138], [156, 161]]"
disclosure_x_bias,209,init_easy,CLD,exponential,22.835425904512668,29.051750219695073,0.6623024646100051,0.5543193125282677,14.524800498987497,36.323750406759345,0.007915918096209106,0.04289084745493165,"[[2166, 939], [1073, 1780]]","[[206, 139], [156, 161]]"
disclosure_x_bias,210,init_easy,CLD,exponential,22.865514823047896,29.100042940699364,0.6619668941402064,0.5543193125282677,14.584358427321161,36.35676806750755,0.010355900353039503,0.04289084745493165,"[[2163, 942], [1072, 1781]]","[[206, 139], [156, 161]]"
disclosure_x_bias,211,init_easy,CLD,exponential,22.85945697127939,29.043331546608936,0.6629741695335852,0.5543193125282677,14.592931242396556,36.32663258206265,0.008508837151717944,0.04168446221725197,"[[2167, 938], [1070, 1783]]","[[206, 139], [156, 161]]"
disclosure_x_bias,212,init_easy,CLD,exponential,22.86117520254358,29.06815141365508,0.6629741695335852,0.5543193125282677,14.604388733944015,36.344253843051895,0.009933549334854911,0.04168446221725197,"[[2165, 940], [1068, 1785]]","[[206, 139], [156, 161]]"
disclosure_x_bias,213,init_easy,CLD,exponential,22.84070794184848,29.005380619559496,0.6626385990637866,0.5528041610131162,14.573110174609681,36.207937024157566,0.009284624318667011,0.04231310591371295,"[[2166, 939], [1071, 1782]]","[[205, 140], [156, 161]]"
disclosure_x_bias,214,init_easy,CLD,exponential,22.85473631325098,29.05907446950486,0.6631419547684846,0.5528041610131162,14.585082359998946,36.2791268729179,0.009225552561262316,0.04231310591371295,"[[2166, 939], [1068, 1785]]","[[205, 140], [156, 161]]"
disclosure_x_bias,215,init_easy,CLD,exponential,22.837887245935228,29.039891479749446,0.6633097400033839,0.5512890094979647,14.574906929486115,36.23782088397072,0.009727835497910809,0.041666191912327774,"[[2171, 934], [1072, 1781]]","[[205, 140], [157, 160]]"
disclosure_x_bias,216,init_easy,CLD,exponential,22.83091851025527,29.041261451458023,0.6633097400033839,0.5528041610131162,14.590602034271921,36.2393105642947,0.008992643642004382,0.04231310591371295,"[[2163, 942], [1064, 1789]]","[[205, 140], [156, 161]]"
disclosure_x_bias,217,init_easy,CLD,exponential,22.814926669200812,29.034466067948113,0.6636453104731825,0.5528041610131162,14.58848192811183,36.2528939312076,0.008533416496744493,0.04108976182705836,"[[2170, 935], [1069, 1784]]","[[206, 139], [157, 160]]"
disclosure_x_bias,218,init_easy,CLD,exponential,22.846570736879816,29.1419318289228,0.663309176019401,0.5528041610131162,14.600698250707639,36.48861369182668,0.00887728386465193,0.04108976182705836,"[[2170, 935], [1071, 1782]]","[[206, 139], [157, 160]]"
disclosure_x_bias,219,init_easy,CLD,exponential,22.843735738430972,29.141889262812548,0.6636453104731825,0.5528041610131162,14.60460722284913,36.4736874388025,0.008533416496744493,0.04108976182705836,"[[2169, 936], [1068, 1785]]","[[206, 139], [157, 160]]"
disclosure_x_bias,220,init_easy,CLD,exponential,22.825735839289106,29.130471013278775,0.6639811629349726,0.5528041610131162,14.600965034715175,36.48808356588976,0.00869357685420802,0.04108976182705836,"[[2170, 935], [1067, 1786]]","[[206, 139], [157, 160]]"
disclosure_x_bias,221,init_easy,CLD,exponential,22.831066551923062,29.132312358354323,0.6636450284811911,0.5497738579828132,14.591538970771996,36.49911861302928,0.008361269485333922,0.0415651037188901,"[[2170, 935], [1069, 1784]]","[[204, 141], [157, 160]]"
disclosure_x_bias,222,init_easy,CLD,exponential,22.825954348240455,29.130852535124767,0.6636450284811911,0.5512890094979647,14.610216552565994,36.49536132625075,0.008727359386548778,0.04104943782738782,"[[2169, 936], [1068, 1785]]","[[205, 140], [157, 160]]"
disclosure_x_bias,223,init_easy,CLD,exponential,22.82447802088347,29.12339522916316,0.6639808809429812,0.5512890094979647,14.611759656650756,36.457371684749354,0.008561291767403594,0.04104943782738782,"[[2173, 932], [1070, 1783]]","[[205, 140], [157, 160]]"
disclosure_x_bias,224,init_easy,CLD,exponential,22.841628071158638,29.14111934096785,0.6639805989509898,0.5512890094979647,14.622387224856327,36.511264115194884,0.00889545303082036,0.04104943782738782,"[[2166, 939], [1063, 1790]]","[[205, 140], [157, 160]]"
disclosure_x_bias,225,init_easy,CLD,exponential,22.799441396331968,29.123006212730342,0.6643161694207884,0.5497738579828132,14.637640789227397,36.50208616687323,0.008326414564243507,0.043367078005707854,"[[2161, 944], [1056, 1797]]","[[203, 142], [156, 161]]"
disclosure_x_bias,226,init_easy,CLD,exponential,22.796528059206242,29.099887001012387,0.6641483841858891,0.5512890094979647,14.627223268323434,36.470603421171695,0.008671724632402006,0.0446222765121492,"[[2157, 948], [1053, 1800]]","[[203, 142], [155, 162]]"
disclosure_x_bias,227,init_easy,CLD,exponential,22.788694558764753,29.115976898036166,0.664148948169872,0.5497738579828132,14.633207382533872,36.48439598024599,0.009606898948950183,0.043367078005707854,"[[2161, 944], [1057, 1796]]","[[203, 142], [156, 161]]"
disclosure_x_bias,228,init_easy,CLD,exponential,22.79629869187968,29.074619738177823,0.6644839546556878,0.5497738579828132,14.635687146148644,36.39972387423671,0.009098929165506529,0.043367078005707854,"[[2164, 941], [1058, 1795]]","[[203, 142], [156, 161]]"
disclosure_x_bias,229,init_easy,CLD,exponential,22.812445043942194,29.13994101143158,0.6649878743443687,0.5482587064676616,14.642156948757734,36.473593143005246,0.009176798249788043,0.04261658163974348,"[[2171, 934], [1062, 1791]]","[[202, 143], [156, 161]]"
disclosure_x_bias,230,init_easy,CLD,exponential,22.794277002293448,29.07510627288034,0.6644842366476792,0.5497738579828132,14.648430428673691,36.39677114570315,0.009086823907147011,0.043367078005707854,"[[2162, 943], [1056, 1797]]","[[202, 143], [155, 162]]"
disclosure_x_bias,231,init_easy,CLD,exponential,22.793831383487795,29.06812029530837,0.6654909480570752,0.5497738579828132,14.651134145463272,36.37638475489838,0.008948223993641445,0.043367078005707854,"[[2169, 936], [1057, 1796]]","[[203, 142], [156, 161]]"
disclosure_x_bias,232,init_easy,CLD,exponential,22.754040197109948,29.02141069795831,0.665491512041058,0.5482587064676616,14.653190075322515,36.43037161362516,0.009469662164904637,0.04261658163974348,"[[2171, 934], [1059, 1794]]","[[202, 143], [156, 161]]"
disclosure_x_bias,233,init_easy,CLD,exponential,22.754500079217657,29.026969239925016,0.6658273645028482,0.5497738579828132,14.652004556251025,36.432525400924284,0.009342771220441517,0.043367078005707854,"[[2171, 934], [1057, 1796]]","[[203, 142], [156, 161]]"
disclosure_x_bias,234,init_easy,CLD,exponential,22.74803887711909,29.034086940817637,0.6663310021995376,0.5482587064676616,14.653591983283171,36.45815630360113,0.010183179880099435,0.04261658163974348,"[[2173, 932], [1056, 1797]]","[[202, 143], [156, 161]]"
disclosure_x_bias,235,init_easy,CLD,exponential,22.765520354603957,29.025259954309057,0.6664990694264283,0.5482587064676616,14.675993503615675,36.41858469616529,0.010027467753481836,0.04261658163974348,"[[2174, 931], [1056, 1797]]","[[202, 143], [156, 161]]"
disclosure_x_bias,236,init_easy,CLD,exponential,22.75659277885011,29.045477955276834,0.6664985054424454,0.5482587064676616,14.664051769050316,36.47190186937384,0.009828907623367758,0.04261658163974348,"[[2175, 930], [1057, 1796]]","[[202, 143], [156, 161]]"
disclosure_x_bias,237,init_easy,CLD,exponential,22.691446304598212,29.04618843058959,0.6666662906773448,0.5497738579828132,14.698790153341937,36.44259134434719,0.010659936322602434,0.043367078005707854,"[[2172, 933], [1053, 1800]]","[[203, 142], [156, 161]]"
disclosure_x_bias,238,init_easy,CLD,exponential,22.668363276665698,29.047685072584436,0.6663298742315719,0.5482587064676616,14.65539325841745,36.474779679104216,0.010646357448966824,0.04261658163974348,"[[2174, 931], [1057, 1796]]","[[202, 143], [156, 161]]"
disclosure_x_bias,239,init_easy,CLD,exponential,22.713113117098203,29.00496616422451,0.6670018611471434,0.5497738579828132,14.686062220311284,36.36419811507399,0.011512444133069677,0.043367078005707854,"[[2173, 932], [1052, 1801]]","[[203, 142], [156, 161]]"
disclosure_x_bias,240,init_easy,CLD,exponential,22.697113717276643,28.990981927931433,0.6668343579042355,0.5497738579828132,14.683038102469409,36.33177753415877,0.011171164361893336,0.043367078005707854,"[[2173, 932], [1053, 1800]]","[[203, 142], [156, 161]]"
disclosure_x_bias,241,init_easy,CLD,exponential,22.689948374898098,28.992448195102327,0.6666662906773448,0.5482587064676616,14.647010083600529,36.3512293845286,0.011372101358882575,0.04261658163974348,"[[2173, 932], [1054, 1799]]","[[202, 143], [156, 161]]"
disclosure_x_bias,242,init_easy,CLD,exponential,22.703683768368894,29.02677640817858,0.6670018611471434,0.5482587064676616,14.688949772619498,36.39088544525425,0.010724721042589239,0.04261658163974348,"[[2174, 931], [1053, 1800]]","[[202, 143], [156, 161]]"
disclosure_x_bias,243,init_easy,CLD,exponential,22.704148704132287,28.991804029164804,0.667001579155152,0.5482587064676616,14.699088388132958,36.355012563360745,0.011548092174930507,0.04261658163974348,"[[2176, 929], [1055, 1798]]","[[202, 143], [156, 161]]"
disclosure_x_bias,244,init_easy,CLD,exponential,22.700992862832255,28.997275698807094,0.6663298742315719,0.5497738579828132,14.701895039912225,36.374961433967975,0.010994615086354012,0.043367078005707854,"[[2171, 934], [1054, 1799]]","[[203, 142], [156, 161]]"
disclosure_x_bias,245,init_easy,CLD,exponential,22.69913706751959,28.986234977673423,0.6670027071231177,0.5482813206693804,14.698331456564615,36.365085573670335,0.009995760383262314,0.04119210622481848,"[[2177, 928], [1056, 1797]]","[[203, 142], [157, 160]]"
disclosure_x_bias,246,init_easy,CLD,exponential,22.70582208742866,28.970959274051705,0.6668340759122441,0.5482813206693804,14.708407524199803,36.32566155042608,0.010276076729006186,0.03929050785680515,"[[2177, 928], [1057, 1796]]","[[203, 142], [157, 160]]"
disclosure_x_bias,247,init_easy,CLD,exponential,22.699383368054246,29.00917518877001,0.6675057808358242,0.5482813206693804,14.70215519100103,36.386653256838315,0.009540748162240454,0.04119210622481848,"[[2180, 925], [1056, 1797]]","[[203, 142], [157, 160]]"
disclosure_x_bias,248,init_easy,CLD,exponential,22.666711071297264,28.955508002753874,0.668177203767413,0.5482813206693804,14.7078025857184,36.40362042315411,0.01049629338101859,0.04119210622481848,"[[2183, 922], [1055, 1798]]","[[203, 142], [157, 160]]"
disclosure_x_bias,249,init_easy,CLD,exponential,22.671252327353223,28.980323803368538,0.6680091365405223,0.5482813206693804,14.710030747602065,36.43125999347282,0.009623977280553926,0.04119210622481848,"[[2182, 923], [1055, 1798]]","[[203, 142], [157, 160]]"
disclosure_x_bias,250,init_easy,CLD,exponential,22.675974632299656,28.957637189782826,0.6680085725565393,0.5497964721845319,14.724785847150354,36.40275298456866,0.009934057412736895,0.04010234768250568,"[[2182, 923], [1055, 1798]]","[[204, 141], [157, 160]]"
disclosure_x_bias,251,init_easy,CLD,exponential,22.676111503268267,29.011054663048448,0.6680091365405223,0.5482813206693804,14.717799875972473,36.4931919248644,0.009785138012538223,0.04119210622481848,"[[2180, 925], [1053, 1800]]","[[203, 142], [157, 160]]"
disclosure_x_bias,252,init_easy,CLD,exponential,22.679472809576453,29.0034016298661,0.6675052168518414,0.5482813206693804,14.758104693805615,36.470326793756996,0.00991670295586104,0.0430097107968397,"[[2180, 925], [1056, 1797]]","[[203, 142], [157, 160]]"
disclosure_x_bias,253,init_easy,CLD,exponential,22.680968075135233,29.021242451352787,0.6680085725565394,0.5482813206693804,14.738214600294677,36.50629217216678,0.009548734331461249,0.04119210622481848,"[[2183, 922], [1056, 1797]]","[[203, 142], [157, 160]]"
disclosure_x_bias,254,init_easy,CLD,exponential,22.67999266834762,29.020364735702778,0.6675052168518414,0.5482813206693804,14.756805536818298,36.47431701311183,0.00991670295586104,0.0430097107968397,"[[2180, 925], [1056, 1797]]","[[203, 142], [157, 160]]"
disclosure_x_bias,255,init_easy,CLD,exponential,22.64211000325385,29.039279371589874,0.6678407873216401,0.5497964721845319,14.809115138895017,36.53132059156367,0.00972990782145283,0.04010234768250568,"[[2182, 923], [1056, 1797]]","[[204, 141], [157, 160]]"
disclosure_x_bias,256,init_easy,CLD,exponential,22.64629829056714,29.013959477066937,0.6688474987310361,0.5497964721845319,14.798219636637652,36.47658662660515,0.008994932103749322,0.04010234768250568,"[[2186, 919], [1054, 1799]]","[[204, 141], [157, 160]]"
disclosure_x_bias,257,init_easy,CLD,exponential,22.636907175716733,29.0335222298644,0.6693511364277255,0.5483039348710991,14.812414557142494,36.49920960673374,0.008918121158693924,0.03839092576288883,"[[2186, 919], [1051, 1802]]","[[203, 142], [157, 160]]"
disclosure_x_bias,258,init_easy,CLD,exponential,22.64771210784092,29.043519092749413,0.6686799954881282,0.5483039348710991,14.783232413120531,36.54184332156872,0.010100126056393932,0.03839092576288883,"[[2181, 924], [1050, 1803]]","[[203, 142], [157, 160]]"
disclosure_x_bias,259,init_easy,CLD,exponential,22.64859810731445,29.02625094510366,0.6696869888895155,0.5483039348710991,14.783011235289104,36.4986831173132,0.00941584412529657,0.03839092576288883,"[[2185, 920], [1048, 1805]]","[[203, 142], [157, 160]]"
disclosure_x_bias,260,init_easy,CLD,exponential,22.665156791770723,29.57106020077211,0.6696869888895155,0.5483039348710991,14.631430519151689,36.96946981863248,0.00964634827384946,0.03839092576288883,"[[2187, 918], [1050, 1803]]","[[203, 142], [157, 160]]"
disclosure_x_bias,261,init_easy,CLD,exponential,22.710403326349443,29.501137887060686,0.6696875528734985,0.5498190863862505,14.685618785353473,36.9052216202697,0.009123376460500588,0.03856457076528738,"[[2186, 919], [1049, 1804]]","[[203, 142], [156, 161]]"
disclosure_x_bias,262,init_easy,CLD,exponential,22.691716709596285,29.531951503331705,0.670190626586205,0.5483039348710991,14.713070614612448,36.91860480330794,0.009880295537018984,0.03839092576288883,"[[2189, 916], [1049, 1804]]","[[203, 142], [157, 160]]"
disclosure_x_bias,263,init_easy,CLD,exponential,22.69220899076394,29.48753400029828,0.6695192036546163,0.5498190863862505,14.702720948891953,36.899159644824664,0.009567666623681692,0.03856457076528738,"[[2187, 918], [1051, 1802]]","[[203, 142], [156, 161]]"
disclosure_x_bias,264,init_easy,CLD,exponential,22.69775768163279,29.51358497531253,0.6701909085781963,0.5483039348710991,14.709931393012077,36.91600674217463,0.010213725314213358,0.03839092576288883,"[[2188, 917], [1048, 1805]]","[[203, 142], [157, 160]]"
disclosure_x_bias,265,init_easy,CLD,exponential,22.68432484684179,29.493259966505907,0.6698553381083977,0.5483039348710991,14.696893943883769,36.89534690889753,0.010768699581988351,0.03772065718411182,"[[2185, 920], [1047, 1806]]","[[202, 143], [156, 161]]"
disclosure_x_bias,266,init_easy,CLD,exponential,22.7102443451815,29.556781350781442,0.6693514184197169,0.5498190863862505,14.757111351098137,36.96988541688472,0.010397510298149509,0.03986548034793464,"[[2185, 920], [1050, 1803]]","[[203, 142], [156, 161]]"
disclosure_x_bias,267,init_easy,CLD,exponential,22.688389920069604,29.524612721620418,0.6703586938130958,0.5513342379014021,14.72037767882486,36.93034480011867,0.009481978482368458,0.039968962214420235,"[[2188, 917], [1047, 1806]]","[[203, 142], [155, 162]]"
disclosure_x_bias,268,init_easy,CLD,exponential,22.694639289445863,29.558774049003887,0.6693514184197169,0.5498190863862505,14.727055403808235,36.975133377773034,0.010030007530076877,0.03986548034793464,"[[2185, 920], [1050, 1803]]","[[203, 142], [156, 161]]"
disclosure_x_bias,269,init_easy,CLD,exponential,22.7041537898282,29.541973457593446,0.6706953922508601,0.5498190863862505,14.728196258228811,36.93343827733177,0.009021748117932094,0.041740892790675055,"[[2191, 914], [1048, 1805]]","[[203, 142], [156, 161]]"
disclosure_x_bias,270,init_easy,CLD,exponential,22.70014439389924,29.575776946954484,0.6698547741244149,0.545273631840796,14.736127890626648,37.001026478804555,0.009688945671680084,0.042894689247702046,"[[2189, 916], [1051, 1802]]","[[201, 144], [157, 160]]"
disclosure_x_bias,271,init_easy,CLD,exponential,22.708065355373193,29.59869119464248,0.6708631774857594,0.5498190863862505,14.73813386486083,37.054125992075505,0.009149665312270119,0.041740892790675055,"[[2192, 913], [1048, 1805]]","[[203, 142], [156, 161]]"
disclosure_x_bias,272,init_easy,CLD,exponential,22.70187279634173,29.5244579361973,0.6701903445942136,0.5467887833559475,14.745433276558051,36.92073875694336,0.009954337752216482,0.0401054152314927,"[[2189, 916], [1049, 1804]]","[[202, 143], [157, 160]]"
disclosure_x_bias,273,init_easy,CLD,exponential,22.714990266871787,29.62884571524607,0.6708631774857594,0.5467887833559475,14.743291387198287,37.14505831712406,0.009485375574122726,0.0401054152314927,"[[2192, 913], [1048, 1805]]","[[202, 143], [157, 160]]"
disclosure_x_bias,274,init_easy,CLD,exponential,22.556307421561947,28.960493133655234,0.6713668151824488,0.5483039348710991,14.692116668904038,35.64872489891039,0.009393862157140687,0.04033495740077957,"[[2195, 910], [1048, 1805]]","[[202, 143], [156, 161]]"
disclosure_x_bias,275,init_easy,CLD,exponential,22.524160493847315,28.8913350516305,0.6715346004173481,0.545273631840796,14.703571165258118,35.64863833378328,0.009731285652408887,0.03916456498513423,"[[2199, 906], [1051, 1802]]","[[202, 143], [158, 159]]"
disclosure_x_bias,276,init_easy,CLD,exponential,22.533959258306076,28.91134880038254,0.6710303987366759,0.5483039348710991,14.720845982054572,35.680290077976665,0.009461667987051932,0.04033495740077957,"[[2196, 909], [1051, 1802]]","[[202, 143], [156, 161]]"
disclosure_x_bias,277,init_easy,CLD,exponential,22.4895697662404,28.897828260460464,0.6710306807286673,0.5483039348710991,14.709469271365112,35.64012696034634,0.008905284314194439,0.04033495740077957,"[[2199, 906], [1054, 1799]]","[[202, 143], [156, 161]]"
disclosure_x_bias,278,init_easy,CLD,exponential,22.50090848154444,28.912707244672994,0.6710306807286673,0.5483039348710991,14.722673935391938,35.682453582508025,0.008619704702143438,0.04033495740077957,"[[2198, 907], [1053, 1800]]","[[202, 143], [156, 161]]"
disclosure_x_bias,279,init_easy,CLD,exponential,22.48861430626679,28.90617258104112,0.6706948282668772,0.5483039348710991,14.72174915734961,35.66538571482575,0.009483733831684502,0.04033495740077957,"[[2197, 908], [1054, 1799]]","[[202, 143], [156, 161]]"
disclosure_x_bias,280,init_easy,CLD,exponential,22.48154851976448,28.899734793828298,0.6705270430319779,0.5467887833559475,14.729991560251099,35.6835181133522,0.008662681584040103,0.0401054152314927,"[[2196, 909], [1054, 1799]]","[[202, 143], [157, 160]]"
disclosure_x_bias,281,init_easy,CLD,exponential,22.486828948872862,28.890629007329984,0.6703592577970785,0.5498190863862505,14.73107346329078,35.65892287991296,0.009623481931571762,0.0398654803479347,"[[2194, 911], [1053, 1800]]","[[202, 143], [155, 162]]"
disclosure_x_bias,282,init_easy,CLD,exponential,22.503732578197564,28.89330812762097,0.6727102250296092,0.5513342379014021,14.727442609088403,35.64060127780899,0.009307231507436496,0.04060213224731065,"[[2202, 903], [1047, 1806]]","[[202, 143], [154, 163]]"
disclosure_x_bias,283,init_easy,CLD,exponential,22.52376307463119,28.914511600031272,0.6715343184253567,0.5498190863862505,14.755100066540765,35.67260057947338,0.00918001050688681,0.0398654803479347,"[[2200, 905], [1052, 1801]]","[[202, 143], [155, 162]]"
disclosure_x_bias,284,init_easy,CLD,exponential,22.522285762937294,28.893039786306936,0.6713662511984659,0.5498190863862505,14.750755494943215,35.62781988699896,0.009281312542267403,0.0398654803479347,"[[2199, 906], [1052, 1801]]","[[202, 143], [155, 162]]"
disclosure_x_bias,285,init_easy,CLD,exponential,22.52879240504975,28.896121231295275,0.6717023856522475,0.5498190863862505,14.754628629131645,35.652885395910175,0.009277623415088017,0.0398654803479347,"[[2199, 906], [1050, 1803]]","[[202, 143], [155, 162]]"
disclosure_x_bias,286,init_easy,CLD,exponential,22.512445122044696,28.862164566501303,0.6717023856522475,0.5483039348710991,14.75359885755135,35.57126632824328,0.009444696049105665,0.039697526194869444,"[[2199, 906], [1050, 1803]]","[[202, 143], [156, 161]]"
disclosure_x_bias,287,init_easy,CLD,exponential,22.574906934141463,28.956433700582085,0.6715343184253568,0.5483039348710991,14.776033595829496,35.77145628463354,0.008831748497647425,0.039049691208279634,"[[2198, 907], [1050, 1803]]","[[202, 143], [156, 161]]"
disclosure_x_bias,288,init_easy,CLD,exponential,22.564221449368706,28.961961365441745,0.6717023856522475,0.5483039348710991,14.77007189479248,35.758966664803005,0.009038534953921809,0.039049691208279634,"[[2198, 907], [1049, 1804]]","[[202, 143], [156, 161]]"
disclosure_x_bias,289,init_easy,CLD,exponential,22.559725149336053,28.957635488284694,0.6720382381140376,0.5467887833559475,14.776175069190513,35.78073071709021,0.008714269785325158,0.04602821261133207,"[[2198, 907], [1047, 1806]]","[[200, 145], [155, 162]]"
disclosure_x_bias,290,init_easy,CLD,exponential,22.55697245380492,28.97747154167656,0.6718701708871468,0.5467887833559475,14.764370481443642,35.81148112240083,0.00876142196367032,0.04602821261133207,"[[2199, 906], [1049, 1804]]","[[200, 145], [155, 162]]"
disclosure_x_bias,291,init_easy,CLD,exponential,22.557358966920788,28.964638972970892,0.6722060233489369,0.5467887833559475,14.771806912925031,35.80617328604406,0.008818290416700661,0.04602821261133207,"[[2197, 908], [1045, 1808]]","[[200, 145], [155, 162]]"
disclosure_x_bias,292,init_easy,CLD,exponential,22.565702842620702,28.998400964595994,0.6718698888951554,0.5497964721845319,14.78861710134329,35.851319866939996,0.008664809569789251,0.048191400945329754,"[[2197, 908], [1047, 1806]]","[[201, 144], [154, 163]]"
disclosure_x_bias,293,init_easy,CLD,exponential,22.571305882604612,29.011833085003747,0.6722057413569454,0.5467887833559475,14.828632640339363,35.871393799020325,0.008614917664318012,0.04602821261133207,"[[2198, 907], [1046, 1807]]","[[200, 145], [155, 162]]"
disclosure_x_bias,294,init_easy,CLD,exponential,22.556160331678623,29.0191663017263,0.672541311826744,0.545273631840796,14.80073519839129,35.8900796757328,0.009297053168380837,0.04577150181399661,"[[2202, 903], [1048, 1805]]","[[200, 145], [156, 161]]"
disclosure_x_bias,295,init_easy,CLD,exponential,22.563355279632525,28.995618711397004,0.67321414471829,0.545273631840796,14.802861502320434,35.845352701953296,0.00932760757484165,0.04577150181399661,"[[2204, 901], [1046, 1807]]","[[200, 145], [156, 161]]"
disclosure_x_bias,296,init_easy,CLD,exponential,22.51675278270634,29.01826802837894,0.6735497151880887,0.545273631840796,14.784436347447928,35.891724679402074,0.009032139538837122,0.04577150181399661,"[[2205, 900], [1045, 1808]]","[[200, 145], [156, 161]]"
disclosure_x_bias,297,init_easy,CLD,exponential,22.52108967450732,29.01472998461469,0.6730460774913992,0.5437584803256444,14.776660369970788,35.8886409171953,0.009158594882804056,0.044892623866733546,"[[2204, 901], [1047, 1806]]","[[200, 145], [157, 160]]"
disclosure_x_bias,298,init_easy,CLD,exponential,22.54758111914387,29.000669793160846,0.672541311826744,0.5483039348710991,14.774874017572904,35.865315444601336,0.008741694345154585,0.0467768748032251,"[[2194, 911], [1040, 1813]]","[[200, 145], [154, 163]]"
disclosure_x_bias,299,init_easy,CLD,exponential,22.54541920176161,29.029605443561167,0.6720371101460719,0.5483039348710991,14.773554383659825,35.9269417609848,0.008580427037450941,0.0467768748032251,"[[2193, 912], [1042, 1811]]","[[200, 145], [154, 163]]"
disclosure_x_bias,300,init_easy,CLD,exponential,22.5452450993673,29.008681941019894,0.6727093790536349,0.5483039348710991,14.778796625630124,35.88433737757732,0.00864499205537307,0.0467768748032251,"[[2198, 907], [1043, 1810]]","[[200, 145], [154, 163]]"
disclosure_x_bias,1,init_easy,N1,log_loss,0.6425103956347165,0.8974948755609164,0.6181583103039874,0.5468566259611036,0.006762623238129577,0.2806540742380735,0.02399627250590758,0.024994530524254606,"[[2030, 1075], [1200, 1653]]","[[209, 136], [164, 153]]"
disclosure_x_bias,2,init_easy,N1,log_loss,0.6416981009370419,0.8972420148569278,0.6189986464384412,0.5468566259611036,0.0067078064589824495,0.2806181268595453,0.022542693543351464,0.024994530524254606,"[[2037, 1068], [1202, 1651]]","[[209, 136], [164, 153]]"
disclosure_x_bias,3,init_easy,N1,log_loss,0.640986949987836,0.8971473419714965,0.6216846201567876,0.5483717774762551,0.006672246729868829,0.28091247877535247,0.023567853171152977,0.02634345820143053,"[[2054, 1051], [1203, 1650]]","[[210, 135], [164, 153]]"
disclosure_x_bias,4,init_easy,N1,log_loss,0.6402811407790996,0.8964834780129609,0.6225235463312841,0.5483717774762551,0.006648821840535468,0.2810583743134441,0.024269206599310325,0.02634345820143053,"[[2059, 1046], [1203, 1650]]","[[210, 135], [164, 153]]"
disclosure_x_bias,5,init_easy,N1,log_loss,0.6396642171127638,0.8970450981358808,0.6247081382888726,0.5423790140208051,0.0066285505663089776,0.2812685019387889,0.022077652845517142,0.030334366460042173,"[[2089, 1016], [1220, 1633]]","[[210, 135], [168, 149]]"
disclosure_x_bias,6,init_easy,N1,log_loss,0.6390354777614663,0.8971663451373552,0.6248756415317805,0.5423790140208051,0.0066480892630754055,0.2812836995914513,0.021654932822298304,0.030334366460042173,"[[2089, 1016], [1219, 1634]]","[[210, 135], [168, 149]]"
disclosure_x_bias,7,init_easy,N1,log_loss,0.6384708717171581,0.8969210167999859,0.6255473464553607,0.5423790140208051,0.006646081196389079,0.28145763120019884,0.021462926398950966,0.030334366460042173,"[[2093, 1012], [1219, 1634]]","[[210, 135], [168, 149]]"
disclosure_x_bias,8,init_easy,N1,log_loss,0.6379464604974279,0.896493537978802,0.6255473464553607,0.5438941655359566,0.006640513105340892,0.28174216789870243,0.02122846321516982,0.030878567880708453,"[[2098, 1007], [1224, 1629]]","[[211, 134], [168, 149]]"
disclosure_x_bias,9,init_easy,N1,log_loss,0.6373967315571131,0.8961944074844613,0.6280641249788507,0.5529850746268656,0.006640398356466164,0.2818979473344323,0.016252076106795264,0.05321427545875726,"[[2073, 1032], [1184, 1669]]","[[209, 136], [160, 157]]"
disclosure_x_bias,10,init_easy,N1,log_loss,0.6369138094625981,0.8965240282571315,0.6280641249788507,0.5529850746268656,0.006641893641406476,0.28178716164171297,0.016252076106795264,0.05321427545875726,"[[2071, 1034], [1182, 1671]]","[[209, 136], [160, 157]]"
disclosure_x_bias,11,init_easy,N1,log_loss,0.6364104812606282,0.8967368224171312,0.6292386216231459,0.5529850746268656,0.006671529158196069,0.28199757532538927,0.014964813592615474,0.05321427545875726,"[[2095, 1010], [1199, 1654]]","[[211, 134], [162, 155]]"
disclosure_x_bias,12,init_easy,N1,log_loss,0.6359237248004498,0.89643816178535,0.6295741920929446,0.5545002261420172,0.006693064315838096,0.28220956703678296,0.015125888453232074,0.05461141130067686,"[[2097, 1008], [1199, 1654]]","[[212, 133], [162, 155]]"
disclosure_x_bias,13,init_easy,N1,log_loss,0.6354862270336082,0.8961929236298827,0.6302453330325418,0.5575305291723203,0.006691671406284392,0.28194025846417664,0.015049077773094213,0.054427058818320065,"[[2102, 1003], [1200, 1653]]","[[214, 131], [162, 155]]"
disclosure_x_bias,14,init_easy,N1,log_loss,0.6350112812886903,0.8960010602580175,0.6304134002594326,0.5575305291723203,0.006731144429153465,0.28176520069882727,0.014827508648930543,0.054427058818320065,"[[2104, 1001], [1201, 1652]]","[[214, 131], [162, 155]]"
disclosure_x_bias,15,init_easy,N1,log_loss,0.6345888542570455,0.8959891370246034,0.6304134002594326,0.5575305291723203,0.006738860283630503,0.2816955748756409,0.014827508648930543,0.054427058818320065,"[[2106, 999], [1203, 1650]]","[[214, 131], [162, 155]]"
disclosure_x_bias,16,init_easy,N1,log_loss,0.634163871721053,0.8960163868217361,0.6304134002594326,0.5575305291723203,0.006757700832240251,0.28192125418785985,0.014827508648930543,0.054427058818320065,"[[2104, 1001], [1201, 1652]]","[[214, 131], [162, 155]]"
disclosure_x_bias,17,init_easy,N1,log_loss,0.6337648660582802,0.8962596001755916,0.6304134002594326,0.5575305291723203,0.006765273685471711,0.28222720487233804,0.014827508648930543,0.054427058818320065,"[[2104, 1001], [1201, 1652]]","[[214, 131], [162, 155]]"
disclosure_x_bias,18,init_easy,N1,log_loss,0.6333767414794524,0.8960302964012291,0.6310845411990299,0.5560153776571687,0.006774722386226679,0.2823058677183075,0.01516735907785623,0.054542701143771764,"[[2109, 996], [1202, 1651]]","[[214, 131], [163, 154]]"
disclosure_x_bias,19,init_easy,N1,log_loss,0.6329926728316719,0.8957932992482652,0.6310845411990299,0.5560153776571687,0.006788488536011508,0.2820041524463008,0.01516735907785623,0.054542701143771764,"[[2109, 996], [1202, 1651]]","[[214, 131], [163, 154]]"
disclosure_x_bias,20,init_easy,N1,log_loss,0.6326076785189654,0.8960230453625236,0.6322593198353167,0.5560153776571687,0.006818848100432514,0.2821351283205511,0.013293751960174467,0.054542701143771764,"[[2086, 1019], [1172, 1681]]","[[211, 134], [160, 157]]"
disclosure_x_bias,21,init_easy,N1,log_loss,0.6322362909726317,0.8959603541822604,0.632427105070216,0.5560153776571687,0.006832719602005412,0.2820608997481221,0.013378739079275816,0.054542701143771764,"[[2087, 1018], [1172, 1681]]","[[211, 134], [160, 157]]"
disclosure_x_bias,22,init_easy,N1,log_loss,0.6318544698118896,0.895846720383384,0.6325948903051153,0.5560153776571687,0.006854549636999594,0.28223841680331874,0.013622558493117536,0.054542701143771764,"[[2089, 1016], [1173, 1680]]","[[211, 134], [160, 157]]"
disclosure_x_bias,23,init_easy,N1,log_loss,0.6315100938646369,0.8958389665403018,0.6317559641306187,0.5560153776571687,0.0068600940394441205,0.2821885513250368,0.015316989342932267,0.054542701143771764,"[[2113, 992], [1202, 1651]]","[[214, 131], [163, 154]]"
disclosure_x_bias,24,init_easy,N1,log_loss,0.631162104817413,0.8952683060311853,0.632930460774914,0.5560153776571687,0.006873803951696818,0.28246192425223055,0.013776608346070793,0.054542701143771764,"[[2096, 1009], [1178, 1675]]","[[212, 133], [161, 156]]"
disclosure_x_bias,25,init_easy,N1,log_loss,0.6308266453032537,0.8950420349285088,0.632930460774914,0.5560153776571687,0.006882547892156077,0.28249914356189226,0.013776608346070793,0.054542701143771764,"[[2096, 1009], [1178, 1675]]","[[212, 133], [161, 156]]"
disclosure_x_bias,26,init_easy,N1,log_loss,0.6304861241393291,0.8951611593321452,0.6327626755400146,0.5560153776571687,0.006903966193187524,0.2825121935596089,0.013746526596675867,0.054542701143771764,"[[2095, 1010], [1178, 1675]]","[[212, 133], [161, 156]]"
disclosure_x_bias,27,init_easy,N1,log_loss,0.6301418806587157,0.8952023994773217,0.6325948903051153,0.5560153776571687,0.006931683279671647,0.2825652315729738,0.013507261479315724,0.054542701143771764,"[[2095, 1010], [1179, 1674]]","[[212, 133], [161, 156]]"
disclosure_x_bias,28,init_easy,N1,log_loss,0.6298066782428058,0.8945339132781273,0.6325948903051153,0.5560153776571687,0.006955479036979158,0.28274105042690234,0.013507261479315724,0.054542701143771764,"[[2095, 1010], [1179, 1674]]","[[212, 133], [161, 156]]"
disclosure_x_bias,29,init_easy,N1,log_loss,0.629506669964924,0.8949691455958938,0.6325948903051153,0.5560153776571687,0.006959767452600397,0.28279697378728696,0.013507261479315724,0.054542701143771764,"[[2095, 1010], [1179, 1674]]","[[212, 133], [161, 156]]"
disclosure_x_bias,30,init_easy,N1,log_loss,0.6292056267231311,0.8946378235486266,0.6332668772206869,0.5575305291723203,0.0069635662310212195,0.2829353646671335,0.014384516330233004,0.054427058818320065,"[[2099, 1006], [1179, 1674]]","[[212, 133], [160, 157]]"
disclosure_x_bias,31,init_easy,N1,log_loss,0.628901841760484,0.8945699549372843,0.6336024476904856,0.5575305291723203,0.006974980466641313,0.28294360527453055,0.014448434051123388,0.054427058818320065,"[[2101, 1004], [1179, 1674]]","[[212, 133], [160, 157]]"
disclosure_x_bias,32,init_easy,N1,log_loss,0.6286224181725265,0.8949530653710346,0.6336024476904856,0.559023066485753,0.0069753378674278985,0.28282971000576745,0.014448434051123388,0.05262143276816594,"[[2100, 1005], [1178, 1675]]","[[212, 133], [159, 158]]"
disclosure_x_bias,33,init_easy,N1,log_loss,0.6283368772078866,0.894793832373308,0.6336021656984941,0.5575079149706015,0.006973313709541797,0.2829634167340788,0.014390390891490539,0.05278865485291557,"[[2099, 1006], [1177, 1676]]","[[212, 133], [160, 157]]"
disclosure_x_bias,34,init_easy,N1,log_loss,0.6280098765759174,0.8946349569900592,0.6339380181602843,0.5575079149706015,0.006985388466781102,0.2829897551977047,0.014717537785987311,0.05278865485291557,"[[2102, 1003], [1178, 1675]]","[[212, 133], [160, 157]]"
disclosure_x_bias,35,init_easy,N1,log_loss,0.6277253652364172,0.8945504712426198,0.6336024476904856,0.5575079149706015,0.007007372483555333,0.2831801163740773,0.014620602795170438,0.05278865485291557,"[[2100, 1005], [1178, 1675]]","[[212, 133], [160, 157]]"
disclosure_x_bias,36,init_easy,N1,log_loss,0.6274622855701891,0.8946233294347662,0.6336024476904856,0.5590230664857531,0.007009963890094503,0.2832837733834088,0.014620602795170438,0.056816828575236386,"[[2092, 1013], [1170, 1683]]","[[212, 133], [159, 158]]"
disclosure_x_bias,37,init_easy,N1,log_loss,0.6272042731088092,0.8944328849758003,0.634273588630083,0.5575079149706015,0.007018942929063807,0.28343379362823545,0.014549653004275834,0.058735336162099645,"[[2097, 1008], [1171, 1682]]","[[212, 133], [160, 157]]"
disclosure_x_bias,38,init_easy,N1,log_loss,0.6269349488028813,0.8947313113181199,0.6341058033951835,0.5575079149706015,0.007022572485914347,0.2834187136364288,0.014516874816402254,0.058735336162099645,"[[2096, 1009], [1171, 1682]]","[[212, 133], [160, 157]]"
disclosure_x_bias,39,init_easy,N1,log_loss,0.6266500470974303,0.8947345262972025,0.6359514409790762,0.5575079149706015,0.007060723081239602,0.2834212607277745,0.01417349521683008,0.05741771596366218,"[[2094, 1011], [1158, 1695]]","[[211, 134], [159, 158]]"
disclosure_x_bias,40,init_easy,N1,log_loss,0.6263927400790573,0.8948634966942196,0.6359514409790762,0.5575079149706015,0.007066413801795603,0.28341092964158987,0.013973460188924591,0.05741771596366218,"[[2094, 1011], [1158, 1695]]","[[211, 134], [159, 158]]"
disclosure_x_bias,41,init_easy,N1,log_loss,0.6261415256065813,0.8949406509537944,0.6357833737521854,0.5575079149706015,0.00707640210073587,0.2833414792574835,0.013720536788135972,0.05741771596366218,"[[2094, 1011], [1159, 1694]]","[[211, 134], [159, 158]]"
disclosure_x_bias,42,init_easy,N1,log_loss,0.6258995624962529,0.8948996722821507,0.6366237098866392,0.5575079149706015,0.0070736827903790335,0.2833524493876862,0.012343412357652423,0.05741771596366218,"[[2102, 1003], [1162, 1691]]","[[211, 134], [159, 158]]"
disclosure_x_bias,43,init_easy,N1,log_loss,0.6256656073954955,0.8948011013214078,0.6366237098866392,0.5575079149706015,0.007078120276176775,0.28326682204201487,0.012113193287527526,0.05741771596366218,"[[2102, 1003], [1162, 1691]]","[[211, 134], [159, 158]]"
disclosure_x_bias,44,init_easy,N1,log_loss,0.6254096251898242,0.8945329446517789,0.6367914951215385,0.5575079149706015,0.007092343651693198,0.2834698165912295,0.01231861041502541,0.05741771596366218,"[[2103, 1002], [1162, 1691]]","[[211, 134], [159, 158]]"
disclosure_x_bias,45,init_easy,N1,log_loss,0.6251460726154995,0.8942745391515843,0.6369592803564379,0.5575079149706015,0.007092143469990798,0.2834421654900692,0.012342006791031352,0.05741771596366218,"[[2104, 1001], [1162, 1691]]","[[211, 134], [159, 158]]"
disclosure_x_bias,46,init_easy,N1,log_loss,0.6249095651503329,0.8943439137607305,0.6369592803564379,0.5575079149706015,0.007106029645634294,0.28356673211981376,0.012342006791031352,0.05741771596366218,"[[2104, 1001], [1162, 1691]]","[[211, 134], [159, 158]]"
disclosure_x_bias,47,init_easy,N1,log_loss,0.6246771889437599,0.8945541413345548,0.637295132818228,0.5575079149706015,0.007104406357079218,0.28358061196516626,0.012296722667890857,0.05741771596366218,"[[2106, 999], [1162, 1691]]","[[211, 134], [159, 158]]"
disclosure_x_bias,48,init_easy,N1,log_loss,0.6244426113113297,0.8943044448285876,0.6371273475833286,0.5590230664857531,0.007120758952033961,0.28327713618404693,0.012580334386517534,0.05591173047122658,"[[2106, 999], [1163, 1690]]","[[212, 133], [159, 158]]"
disclosure_x_bias,49,init_easy,N1,log_loss,0.6241855730151086,0.8942044151403363,0.6372951328182279,0.5575079149706015,0.0071609699511460696,0.28328674733110887,0.012498566635238805,0.05741771596366218,"[[2106, 999], [1162, 1691]]","[[211, 134], [159, 158]]"
disclosure_x_bias,50,init_easy,N1,log_loss,0.6239656553087819,0.8940451034133947,0.6374629180531273,0.5575079149706015,0.007162931463682959,0.2833994717321662,0.012712518719615876,0.05741771596366218,"[[2107, 998], [1162, 1691]]","[[211, 134], [159, 158]]"
disclosure_x_bias,51,init_easy,N1,log_loss,0.6237218350328024,0.8940650078948187,0.6379662737578252,0.5575079149706015,0.007189853581479917,0.2834150746822517,0.012545738250678982,0.05741771596366218,"[[2110, 995], [1162, 1691]]","[[211, 134], [159, 158]]"
disclosure_x_bias,52,init_easy,N1,log_loss,0.623506563233098,0.8940918103639957,0.6381340589927247,0.5590230664857531,0.007190077445537563,0.2834497000764615,0.012501331892314511,0.06155744664280422,"[[2114, 991], [1165, 1688]]","[[212, 133], [159, 158]]"
disclosure_x_bias,53,init_easy,N1,log_loss,0.6232888002494433,0.894270286990808,0.6384696294625233,0.5590230664857531,0.007186733018736573,0.2834053415763319,0.012479900393805775,0.06155744664280422,"[[2115, 990], [1164, 1689]]","[[212, 133], [159, 158]]"
disclosure_x_bias,54,init_easy,N1,log_loss,0.6230706060791882,0.8942388716556342,0.6386374146974225,0.5544776119402985,0.0072050166545930255,0.2833514892143645,0.01284846846933222,0.04949227103215141,"[[2125, 980], [1173, 1680]]","[[211, 134], [161, 156]]"
disclosure_x_bias,55,init_easy,N1,log_loss,0.622848987692332,0.8943609566043473,0.6386374146974225,0.5544776119402985,0.007221600211723639,0.28310347040854233,0.0126769065583249,0.04949227103215141,"[[2126, 979], [1174, 1679]]","[[211, 134], [161, 156]]"
disclosure_x_bias,56,init_easy,N1,log_loss,0.6226348199240452,0.8945614607384904,0.6393099655969771,0.5575305291723203,0.007228939866191166,0.2833706397631215,0.011175886394523478,0.06310791378440547,"[[2121, 984], [1165, 1688]]","[[212, 133], [160, 157]]"
disclosure_x_bias,57,init_easy,N1,log_loss,0.6224350996487511,0.8944058575779341,0.6394777508318763,0.5575305291723203,0.007224508087831086,0.2833198193353775,0.011243450141738526,0.06310791378440547,"[[2121, 984], [1164, 1689]]","[[212, 133], [160, 157]]"
disclosure_x_bias,58,init_easy,N1,log_loss,0.6222322410221176,0.8943137991882978,0.639813321301675,0.5560153776571687,0.007213557831245263,0.2830645634555787,0.010891363737131059,0.0590343821290809,"[[2122, 983], [1163, 1690]]","[[211, 134], [160, 157]]"
disclosure_x_bias,59,init_easy,N1,log_loss,0.6220331475309763,0.8942196298664058,0.6401488917714737,0.5545002261420172,0.007214010442125692,0.28280668315284635,0.011178861269775846,0.057788516696348755,"[[2127, 978], [1166, 1687]]","[[211, 134], [161, 156]]"
disclosure_x_bias,60,init_easy,N1,log_loss,0.6218158225427541,0.8943003564366279,0.6399811065365744,0.5575305291723203,0.007239970046768152,0.2825481650094186,0.011150248487195896,0.0576143311106304,"[[2125, 980], [1165, 1688]]","[[212, 133], [160, 157]]"
disclosure_x_bias,61,init_easy,N1,log_loss,0.6216171906146425,0.8940590716929881,0.6399811065365744,0.5575305291723203,0.007246175726423922,0.2825390387151179,0.011150248487195896,0.0576143311106304,"[[2125, 980], [1165, 1688]]","[[212, 133], [160, 157]]"
disclosure_x_bias,62,init_easy,N1,log_loss,0.6214073768947518,0.8942069142377284,0.6403166770063731,0.5560153776571687,0.007263929079884417,0.28255321893103813,0.011148635908302762,0.0590343821290809,"[[2126, 979], [1164, 1689]]","[[211, 134], [160, 157]]"
disclosure_x_bias,63,init_easy,N1,log_loss,0.6212151357365563,0.8943458552369845,0.6406522474761717,0.5560153776571687,0.007261971378208536,0.2824996081319766,0.011657282547532552,0.0590343821290809,"[[2126, 979], [1162, 1691]]","[[211, 134], [160, 157]]"
disclosure_x_bias,64,init_easy,N1,log_loss,0.6210095328080529,0.8943560503558736,0.6404844622412724,0.5560153776571687,0.0072727406167484515,0.2825815173654786,0.01163791294279155,0.0590343821290809,"[[2125, 980], [1162, 1691]]","[[211, 134], [160, 157]]"
disclosure_x_bias,65,init_easy,N1,log_loss,0.6208231757550767,0.8943902694927133,0.6406522474761717,0.5499547715965626,0.007274539986552407,0.28277545033412166,0.011737505217450959,0.048601591341723795,"[[2140, 965], [1176, 1677]]","[[211, 134], [164, 153]]"
disclosure_x_bias,66,init_easy,N1,log_loss,0.620618177642111,0.894315384265221,0.6406522474761717,0.5514699231117142,0.00729456840839722,0.2828589273662187,0.011657282547532552,0.04971870523831893,"[[2138, 967], [1174, 1679]]","[[211, 134], [163, 154]]"
disclosure_x_bias,67,init_easy,N1,log_loss,0.6204266005534007,0.8943112918401775,0.6411556031808697,0.5499547715965626,0.007298738995230764,0.2827847943271196,0.011858504070331594,0.048601591341723795,"[[2140, 965], [1173, 1680]]","[[211, 134], [164, 153]]"
disclosure_x_bias,68,init_easy,N1,log_loss,0.6202437205521556,0.8943612885145462,0.6414914556426597,0.5514699231117142,0.007293338108486783,0.2828845671641674,0.010727479844620988,0.04920299226718318,"[[2141, 964], [1172, 1681]]","[[212, 133], [164, 153]]"
disclosure_x_bias,69,init_easy,N1,log_loss,0.6200424796942459,0.8943632987822788,0.6416592408775591,0.5514699231117142,0.007298333863973255,0.28295769165660783,0.011215602324909967,0.04920299226718318,"[[2142, 963], [1172, 1681]]","[[212, 133], [164, 153]]"
disclosure_x_bias,70,init_easy,N1,log_loss,0.6198426665398056,0.8941854466739756,0.6418270261124583,0.5514699231117142,0.0072891521454234096,0.28309298664153704,0.011327193856708736,0.04920299226718318,"[[2143, 962], [1172, 1681]]","[[212, 133], [164, 153]]"
disclosure_x_bias,71,init_easy,N1,log_loss,0.6196606706818127,0.8940595564099525,0.6414914556426597,0.5499547715965626,0.007290161561125298,0.28298752169791497,0.01151501421156065,0.048601591341723795,"[[2141, 964], [1172, 1681]]","[[211, 134], [164, 153]]"
disclosure_x_bias,72,init_easy,N1,log_loss,0.6194649655125968,0.8945761939276032,0.6418270261124583,0.5499547715965626,0.007282838182824844,0.2830461340626635,0.01189297553281897,0.048601591341723795,"[[2142, 963], [1171, 1682]]","[[211, 134], [164, 153]]"
disclosure_x_bias,73,init_easy,N1,log_loss,0.6192688627496582,0.8946701748368548,0.6423306638091478,0.5514699231117142,0.007290108907479328,0.2830369405286447,0.011412200373937004,0.04920299226718318,"[[2143, 962], [1169, 1684]]","[[212, 133], [164, 153]]"
disclosure_x_bias,74,init_easy,N1,log_loss,0.6190838704788965,0.8946011914736847,0.6424981670520558,0.5499547715965626,0.007296857890768746,0.28294324164025186,0.01132952347480812,0.045343394951919955,"[[2142, 963], [1167, 1686]]","[[211, 134], [164, 153]]"
disclosure_x_bias,75,init_easy,N1,log_loss,0.6188874546331468,0.8947019231062917,0.642666516270938,0.5499547715965626,0.007316612904215142,0.282716098064891,0.011489011216421716,0.045343394951919955,"[[2141, 964], [1165, 1688]]","[[211, 134], [164, 153]]"
disclosure_x_bias,76,init_easy,N1,log_loss,0.6186951940781545,0.8945389767196534,0.6428343015058372,0.5499547715965626,0.007339305292473183,0.2829744284957416,0.011418573048434863,0.045343394951919955,"[[2143, 962], [1166, 1687]]","[[211, 134], [164, 153]]"
disclosure_x_bias,77,init_easy,N1,log_loss,0.6185216165863777,0.8945260107625537,0.6431698719756358,0.5469244685662595,0.007341291233470281,0.28298820615404846,0.011351025813917196,0.04443078407302662,"[[2145, 960], [1166, 1687]]","[[210, 135], [165, 152]]"
disclosure_x_bias,78,init_easy,N1,log_loss,0.618327893217409,0.8946731524264477,0.6448499802605606,0.5514246947082768,0.00734520479961666,0.2831134037240092,0.01075157014711438,0.04135675251873549,"[[2173, 932], [1184, 1669]]","[[214, 131], [166, 151]]"
disclosure_x_bias,79,init_easy,N1,log_loss,0.6181433609820137,0.8945055574293843,0.6451855507303592,0.5514246947082768,0.007350545225864978,0.28323107053336305,0.010726486415790779,0.04135675251873549,"[[2169, 936], [1178, 1675]]","[[213, 132], [165, 152]]"
disclosure_x_bias,80,init_easy,N1,log_loss,0.6179738211359014,0.8947793420285167,0.6455211212001579,0.5514246947082768,0.007345184223691732,0.28299657650033333,0.009643557896372355,0.04135675251873549,"[[2168, 937], [1175, 1678]]","[[213, 132], [165, 152]]"
disclosure_x_bias,81,init_easy,N1,log_loss,0.6178029168933826,0.8947124263409588,0.6458566916699565,0.5514246947082768,0.007332229576089167,0.28300302549245243,0.009458149468147468,0.04135675251873549,"[[2172, 933], [1177, 1676]]","[[214, 131], [166, 151]]"
disclosure_x_bias,82,init_easy,N1,log_loss,0.6176431753098255,0.8948347496485807,0.646024476904856,0.5514246947082768,0.0073313915252477095,0.28291151746574383,0.009409056230243894,0.04135675251873549,"[[2172, 933], [1176, 1677]]","[[214, 131], [166, 151]]"
disclosure_x_bias,83,init_easy,N1,log_loss,0.6174750912138907,0.8946340755521011,0.6458566916699565,0.5514246947082768,0.007335488107213565,0.28298952724166215,0.009458149468147468,0.04135675251873549,"[[2172, 933], [1177, 1676]]","[[214, 131], [166, 151]]"
disclosure_x_bias,84,init_easy,N1,log_loss,0.6173127205563068,0.8948292055032436,0.6458566916699565,0.5529398462234283,0.00733686409280269,0.2829539026538937,0.00958952455255528,0.04550101894582413,"[[2160, 945], [1165, 1688]]","[[213, 132], [164, 153]]"
disclosure_x_bias,85,init_easy,N1,log_loss,0.6171449198250192,0.894604495345888,0.6466956178444532,0.5499095431931252,0.007337581995127014,0.2826925044207702,0.009444814047460507,0.04594067642499291,"[[2163, 942], [1163, 1690]]","[[212, 133], [165, 152]]"
disclosure_x_bias,86,init_easy,N1,log_loss,0.6169675183052001,0.8946143125927992,0.6468634030793525,0.5499095431931252,0.007354249148025966,0.28251756327948885,0.009412282342554354,0.04594067642499291,"[[2162, 943], [1161, 1692]]","[[212, 133], [165, 152]]"
disclosure_x_bias,87,init_easy,N1,log_loss,0.6167964606476068,0.8945952254958381,0.6470311883142519,0.5514246947082768,0.007351553456552414,0.2823280836875233,0.009207988837333324,0.045469631586460134,"[[2164, 941], [1162, 1691]]","[[213, 132], [165, 152]]"
disclosure_x_bias,88,init_easy,N1,log_loss,0.6166117896143818,0.8946164734175932,0.6470311883142519,0.5499095431931252,0.00735549393785922,0.2825374835048999,0.009704175395769742,0.04594067642499291,"[[2162, 943], [1160, 1693]]","[[212, 133], [165, 152]]"
disclosure_x_bias,89,init_easy,N1,log_loss,0.616448059528245,0.8947864922628668,0.6468634030793525,0.5499095431931252,0.007357930458791828,0.28227825762290915,0.009412282342554354,0.04594067642499291,"[[2163, 942], [1162, 1691]]","[[212, 133], [165, 152]]"
disclosure_x_bias,90,init_easy,N1,log_loss,0.6162954857737821,0.8948028254426419,0.6470309063222605,0.5514246947082768,0.0073542666477660204,0.2823634335225525,0.009151808177732312,0.045469631586460134,"[[2164, 941], [1162, 1691]]","[[213, 132], [165, 152]]"
disclosure_x_bias,91,init_easy,N1,log_loss,0.6161044191960218,0.8948329739574001,0.6471986915571598,0.5499095431931252,0.007347824604949431,0.2819750363920608,0.009281439129142614,0.04594067642499291,"[[2164, 941], [1161, 1692]]","[[212, 133], [165, 152]]"
disclosure_x_bias,92,init_easy,N1,log_loss,0.6159547946624098,0.8949695818958234,0.6480376177316565,0.5483943916779738,0.007342623557938102,0.28178061219974393,0.01026094926708943,0.04232488825972103,"[[2160, 945], [1152, 1701]]","[[210, 135], [164, 153]]"
disclosure_x_bias,93,init_easy,N1,log_loss,0.6157929196365197,0.8949431021104838,0.6482056849585472,0.5483943916779738,0.0073524990512476365,0.2817514573024631,0.010256899290822186,0.04232488825972103,"[[2159, 946], [1150, 1703]]","[[210, 135], [164, 153]]"
disclosure_x_bias,94,init_easy,N1,log_loss,0.6156275683103746,0.8955511489067621,0.6482056849585472,0.5483943916779738,0.007332829267546698,0.28182375185166136,0.010256899290822186,0.04232488825972103,"[[2160, 945], [1151, 1702]]","[[210, 135], [164, 153]]"
disclosure_x_bias,95,init_easy,N1,log_loss,0.6154643517186287,0.895475034814722,0.6482056849585472,0.5483943916779738,0.007345632749770083,0.28184292520980064,0.010256899290822186,0.04232488825972103,"[[2159, 946], [1150, 1703]]","[[210, 135], [164, 153]]"
disclosure_x_bias,96,init_easy,N1,log_loss,0.6153177944097672,0.8955897543788544,0.6482059669505386,0.5483943916779738,0.007343428148852462,0.28180849415671977,0.010576728890375892,0.04232488825972103,"[[2159, 946], [1150, 1703]]","[[210, 135], [164, 153]]"
disclosure_x_bias,97,init_easy,N1,log_loss,0.6151640257446124,0.8954643228199128,0.6473659128080762,0.5513794663048394,0.007338512833539107,0.2818684864319739,0.010934922927838013,0.041327834323559444,"[[2167, 938], [1163, 1690]]","[[212, 133], [164, 153]]"
disclosure_x_bias,98,init_easy,N1,log_loss,0.6150014982001913,0.8955534800381034,0.6482048389825729,0.5513794663048394,0.007334764196433685,0.28167841149382133,0.010618534005458508,0.041327834323559444,"[[2169, 936], [1160, 1693]]","[[212, 133], [164, 153]]"
disclosure_x_bias,99,init_easy,N1,log_loss,0.6148559719550637,0.8953851281430152,0.6487090406632452,0.5483943916779738,0.007328448194334043,0.28167120399044304,0.010105069405279098,0.04232488825972103,"[[2162, 943], [1150, 1703]]","[[210, 135], [164, 153]]"
disclosure_x_bias,100,init_easy,N1,log_loss,0.6147107249968208,0.8957133481405641,0.6482051209745643,0.5528946178199909,0.007322143704995868,0.28163953564223954,0.009874930454036908,0.04011193210880474,"[[2169, 936], [1160, 1693]]","[[213, 132], [164, 153]]"
disclosure_x_bias,101,init_easy,N1,log_loss,0.6145600377352324,0.8958085205459826,0.6487093226552366,0.5483943916779738,0.007320702207461077,0.2815541444979358,0.010094243474154064,0.04232488825972103,"[[2162, 943], [1150, 1703]]","[[210, 135], [164, 153]]"
disclosure_x_bias,102,init_easy,N1,log_loss,0.6144135657517702,0.895973442102272,0.6482051209745643,0.5513794663048394,0.007317300816056144,0.2816965039758504,0.010125168197938723,0.041327834323559444,"[[2170, 935], [1161, 1692]]","[[212, 133], [164, 153]]"
disclosure_x_bias,103,init_easy,N1,log_loss,0.6142664310772676,0.8957661703213311,0.6482051209745643,0.5513794663048394,0.0073183577714725405,0.2818689249419825,0.010278473537658801,0.041327834323559444,"[[2173, 932], [1164, 1689]]","[[212, 133], [164, 153]]"
disclosure_x_bias,104,init_easy,N1,log_loss,0.6141035505725663,0.8958629335678083,0.648540691444363,0.5513794663048394,0.007326640063966285,0.2818552335191513,0.01006752722174236,0.041327834323559444,"[[2172, 933], [1161, 1692]]","[[212, 133], [164, 153]]"
disclosure_x_bias,105,init_easy,N1,log_loss,0.6139486957210514,0.8959490692220278,0.6490440471490609,0.5528946178199909,0.007335462398628238,0.2817019478826734,0.009956907966950085,0.04011193210880474,"[[2172, 933], [1158, 1695]]","[[213, 132], [164, 153]]"
disclosure_x_bias,106,init_easy,N1,log_loss,0.6137966903841259,0.8959022620297421,0.6490440471490609,0.5513794663048394,0.007336130828564749,0.28170687595738353,0.010447467415181632,0.041327834323559444,"[[2171, 934], [1157, 1696]]","[[212, 133], [164, 153]]"
disclosure_x_bias,107,init_easy,N1,log_loss,0.6136026266021501,0.8957723630618597,0.6492118323839604,0.5528946178199909,0.007350652852520264,0.2818022429110057,0.010007663384151187,0.041364205571509154,"[[2167, 938], [1152, 1701]]","[[212, 133], [163, 154]]"
disclosure_x_bias,108,init_easy,N1,log_loss,0.6134457429877862,0.8957433015692488,0.6497151880886582,0.5544097693351425,0.007343958017317654,0.2816949060224929,0.010562966563683236,0.040085822804762486,"[[2173, 932], [1155, 1698]]","[[213, 132], [163, 154]]"
disclosure_x_bias,109,init_easy,N1,log_loss,0.6133033843928224,0.8956922137568469,0.6502185437933563,0.5544097693351425,0.0073433686411434,0.2815113173466674,0.010150992085856398,0.040085822804762486,"[[2172, 933], [1151, 1702]]","[[213, 132], [163, 154]]"
disclosure_x_bias,110,init_easy,N1,log_loss,0.6131597697650879,0.8958845688286494,0.6493796176188595,0.5544097693351425,0.007346739432982503,0.2814352953671958,0.010270504317365035,0.040085822804762486,"[[2175, 930], [1159, 1694]]","[[213, 132], [163, 154]]"
disclosure_x_bias,111,init_easy,N1,log_loss,0.6130227176498273,0.896044338508311,0.6507218994980543,0.5544097693351425,0.007348440592267726,0.28130164386246687,0.010557590103969679,0.040085822804762486,"[[2173, 932], [1149, 1704]]","[[212, 133], [162, 155]]"
disclosure_x_bias,112,init_easy,N1,log_loss,0.6128844449394423,0.8960925560230002,0.6503863290282557,0.5544097693351425,0.007348548076452295,0.2813994338797404,0.010148518848474012,0.040085822804762486,"[[2171, 934], [1149, 1704]]","[[212, 133], [162, 155]]"
disclosure_x_bias,113,init_easy,N1,log_loss,0.6127405378083364,0.8963763277374923,0.6512252552027522,0.5544097693351425,0.007341072729122259,0.2813352516501347,0.009774816450831923,0.040085822804762486,"[[2177, 928], [1150, 1703]]","[[212, 133], [162, 155]]"
disclosure_x_bias,114,init_easy,N1,log_loss,0.6126061959434921,0.8961519092884256,0.650050758558457,0.5544097693351425,0.007339631785034838,0.28153976937749065,0.010807100901452772,0.040085822804762486,"[[2174, 931], [1154, 1699]]","[[212, 133], [162, 155]]"
disclosure_x_bias,115,init_easy,N1,log_loss,0.6124695663166221,0.8961022407652145,0.6515608256725509,0.5544097693351425,0.007337856171912063,0.28159553687492583,0.010967353564904954,0.04133888720074022,"[[2176, 929], [1147, 1706]]","[[212, 133], [162, 155]]"
disclosure_x_bias,116,init_easy,N1,log_loss,0.6123205645865586,0.8962550417999708,0.6513930404376516,0.5528946178199909,0.007336086492682621,0.28147815163792445,0.011102853584599537,0.041364205571509154,"[[2176, 929], [1148, 1705]]","[[211, 134], [162, 155]]"
disclosure_x_bias,117,init_easy,N1,log_loss,0.6121640079561314,0.896205750571502,0.651057469967853,0.5544097693351425,0.0073507685080237,0.28146609591762645,0.010322073311793986,0.040085822804762486,"[[2181, 924], [1155, 1698]]","[[213, 132], [163, 154]]"
disclosure_x_bias,118,init_easy,N1,log_loss,0.61202162226889,0.8963215586314632,0.6518963961423496,0.555924920850294,0.007355825015609678,0.2817133106419538,0.010594212837225865,0.03999597182361288,"[[2178, 927], [1147, 1706]]","[[213, 132], [162, 155]]"
disclosure_x_bias,119,init_easy,N1,log_loss,0.6118843651815558,0.8963023541833948,0.6517286109074503,0.5528946178199909,0.0073528012064107365,0.28147955305524885,0.010141056637341302,0.03236973694158581,"[[2176, 929], [1146, 1707]]","[[211, 134], [162, 155]]"
disclosure_x_bias,120,init_easy,N1,log_loss,0.6117415253032623,0.8965448577411955,0.6522319666121482,0.5498643147896879,0.00735825497444697,0.28115253845022964,0.010040598630421524,0.032197563945762224,"[[2178, 927], [1145, 1708]]","[[210, 135], [163, 154]]"
disclosure_x_bias,121,init_easy,N1,log_loss,0.6116103980647012,0.8963593854004053,0.6529031075517455,0.5513794663048394,0.007356096344616288,0.2814998009752193,0.009733045917481717,0.029862127342001468,"[[2177, 928], [1140, 1713]]","[[210, 135], [162, 155]]"
disclosure_x_bias,122,init_easy,N1,log_loss,0.6114813053250732,0.8964823872441627,0.653406745248435,0.5513794663048394,0.007355076089769465,0.28146214982652096,0.009315900814026973,0.029862127342001468,"[[2171, 934], [1131, 1722]]","[[209, 136], [161, 156]]"
disclosure_x_bias,123,init_easy,N1,log_loss,0.6113487373530304,0.8965508929997019,0.6532389600135355,0.5528946178199909,0.007350429878989468,0.2813786600395955,0.009576845968473881,0.029912443264909053,"[[2176, 929], [1137, 1716]]","[[210, 135], [161, 156]]"
disclosure_x_bias,124,init_easy,N1,log_loss,0.6112152054132246,0.8965156599614993,0.6532389600135355,0.5513794663048394,0.007342934133148326,0.2813789648937022,0.009378826900551694,0.031524229640874965,"[[2176, 929], [1137, 1716]]","[[209, 136], [161, 156]]"
disclosure_x_bias,125,init_easy,N1,log_loss,0.6110890629665585,0.8965949168265175,0.6537423157182336,0.5544097693351425,0.00733662879031692,0.28127837955205165,0.009643854046672458,0.03944436572445375,"[[2179, 926], [1137, 1716]]","[[211, 134], [161, 156]]"
disclosure_x_bias,126,init_easy,N1,log_loss,0.6109387911584341,0.8964621505288074,0.6530711747786363,0.555924920850294,0.007350786707810795,0.2813934524200961,0.010048013326291372,0.039353050194170236,"[[2176, 929], [1138, 1715]]","[[212, 133], [161, 156]]"
disclosure_x_bias,127,init_easy,N1,log_loss,0.6107895642569483,0.8970187463463384,0.6532389600135355,0.5544097693351425,0.007335710818205846,0.2814396833059271,0.010481331242982901,0.03944436572445375,"[[2175, 930], [1136, 1717]]","[[211, 134], [161, 156]]"
disclosure_x_bias,128,init_easy,N1,log_loss,0.6106635695702858,0.8969538494572703,0.6534067452484349,0.5528946178199909,0.007335977331205822,0.2815051850522397,0.010779104226146656,0.03236973694158582,"[[2173, 932], [1133, 1720]]","[[209, 136], [160, 157]]"
disclosure_x_bias,129,init_easy,N1,log_loss,0.6105391893603253,0.8969219906918818,0.6534067452484349,0.5498643147896879,0.007330984670066744,0.2814395569733442,0.01120593814017998,0.03139534872415173,"[[2171, 934], [1131, 1722]]","[[208, 137], [161, 156]]"
disclosure_x_bias,130,init_easy,N1,log_loss,0.6104101285219129,0.8973331864246594,0.653910100953133,0.5513794663048394,0.007329390481841016,0.2812079051405502,0.011030346004230057,0.031524229640874986,"[[2169, 936], [1126, 1727]]","[[208, 137], [160, 157]]"
disclosure_x_bias,131,init_easy,N1,log_loss,0.6102622809410597,0.897300438398078,0.6547490271276295,0.5468340117593848,0.007324402609669196,0.2812869209527644,0.010876074314138354,0.03170426307932876,"[[2171, 934], [1123, 1730]]","[[207, 138], [162, 155]]"
disclosure_x_bias,132,init_easy,N1,log_loss,0.610138929963382,0.8975221899711181,0.6547490271276295,0.5483491632745364,0.007319789230687005,0.2812955506312598,0.011018937322376528,0.03277937878269265,"[[2167, 938], [1119, 1734]]","[[207, 138], [161, 156]]"
disclosure_x_bias,133,init_easy,N1,log_loss,0.6100071974988575,0.8974299164609411,0.654916812362529,0.5483491632745363,0.007311271916393882,0.2811999971246415,0.009920042480285914,0.03199175629515963,"[[2170, 935], [1121, 1732]]","[[208, 137], [162, 155]]"
disclosure_x_bias,134,init_easy,N1,log_loss,0.6098705125188991,0.8975113131068939,0.6552523828323276,0.5483491632745363,0.007316299093782202,0.2811158452700348,0.010506219691523965,0.030355264218717933,"[[2167, 938], [1116, 1737]]","[[208, 137], [162, 155]]"
disclosure_x_bias,135,init_easy,N1,log_loss,0.6097365926356335,0.8975218434153748,0.654916812362529,0.5483491632745363,0.00731238045510957,0.28123649654148686,0.010138364016427941,0.03199175629515963,"[[2167, 938], [1118, 1735]]","[[208, 137], [162, 155]]"
disclosure_x_bias,136,init_easy,N1,log_loss,0.6096057521902745,0.8974012516237279,0.6554204500592183,0.5483491632745364,0.0073130169544669,0.2811046828429546,0.009654751370110605,0.03503617103751925,"[[2166, 939], [1114, 1739]]","[[207, 138], [161, 156]]"
disclosure_x_bias,137,init_easy,N1,log_loss,0.6094802027587016,0.8976826174390057,0.6545815238847217,0.5498643147896879,0.007313691005142515,0.2809539644826843,0.009986104217610016,0.03139534872415173,"[[2167, 938], [1120, 1733]]","[[208, 137], [161, 156]]"
disclosure_x_bias,138,init_easy,N1,log_loss,0.6093495601188006,0.8976626544180913,0.6545815238847217,0.5498643147896879,0.00730755535578233,0.28101193302600874,0.009667797214948369,0.03374482966473764,"[[2167, 938], [1120, 1733]]","[[208, 137], [161, 156]]"
disclosure_x_bias,139,init_easy,N1,log_loss,0.6092247944634848,0.8974928577020924,0.6545815238847217,0.5528946178199909,0.007301825369850971,0.2810082835801676,0.009570240887913004,0.032369736941585826,"[[2163, 942], [1116, 1737]]","[[209, 136], [160, 157]]"
disclosure_x_bias,140,init_easy,N1,log_loss,0.6090966908440552,0.897714842811822,0.6555879533021262,0.5498643147896879,0.007301320182677696,0.28109266521218634,0.009725098201024403,0.03374482966473764,"[[2166, 939], [1113, 1740]]","[[208, 137], [161, 156]]"
disclosure_x_bias,141,init_easy,N1,log_loss,0.608974276323508,0.8975900205717936,0.6544137386498223,0.5498643147896879,0.00729964999664986,0.2812088903589807,0.01046276510513827,0.030572090523559872,"[[2168, 937], [1122, 1731]]","[[209, 136], [162, 155]]"
disclosure_x_bias,142,init_easy,N1,log_loss,0.6088403193668188,0.8976582816214643,0.6554201680672269,0.5498643147896879,0.007310376033088758,0.28121212962068404,0.010651681969654117,0.03374482966473764,"[[2167, 938], [1115, 1738]]","[[208, 137], [161, 156]]"
disclosure_x_bias,143,init_easy,N1,log_loss,0.6087082459338533,0.8977097493554445,0.655252664824319,0.5498643147896879,0.007319036744204702,0.28105934775845887,0.010933422726956854,0.03374482966473764,"[[2168, 937], [1117, 1736]]","[[208, 137], [161, 156]]"
disclosure_x_bias,144,init_easy,N1,log_loss,0.6085878240895053,0.8979629548496348,0.6552523828323276,0.5498643147896879,0.007315911750850456,0.2811725073547744,0.010565597337476343,0.03374482966473764,"[[2166, 939], [1115, 1738]]","[[208, 137], [161, 156]]"
disclosure_x_bias,145,init_easy,N1,log_loss,0.6084683938689818,0.8979754289190914,0.6562599402176978,0.5498643147896879,0.007311193174041965,0.28121687769810627,0.010857033509671685,0.03374482966473764,"[[2165, 940], [1108, 1745]]","[[208, 137], [161, 156]]"
disclosure_x_bias,146,init_easy,N1,log_loss,0.6083316717244639,0.8979763020113871,0.6562596582257064,0.5468340117593848,0.007319243411588753,0.281111275898668,0.01148319785617619,0.034773856667397504,"[[2164, 941], [1107, 1746]]","[[206, 139], [161, 156]]"
disclosure_x_bias,147,init_easy,N1,log_loss,0.608213560143033,0.8980761604646906,0.6560918729908071,0.5453188602442334,0.007319473684179618,0.2807711290842596,0.010998472559558,0.03368667705927253,"[[2169, 936], [1113, 1740]]","[[207, 138], [163, 154]]"
disclosure_x_bias,148,init_easy,N1,log_loss,0.6080929815087383,0.8979776785662998,0.6560918729908071,0.5468340117593848,0.007311493562897754,0.2807733302496568,0.011139765970214672,0.034773856667397504,"[[2166, 939], [1110, 1743]]","[[207, 138], [162, 155]]"
disclosure_x_bias,149,init_easy,N1,log_loss,0.6079606674190428,0.8982214449361253,0.6565955106874964,0.5468340117593848,0.007314027413573785,0.2805949893345314,0.01121244897561441,0.034773856667397504,"[[2164, 941], [1105, 1748]]","[[206, 139], [161, 156]]"
disclosure_x_bias,150,init_easy,N1,log_loss,0.6078406919347655,0.8982767783019365,0.6574347188539845,0.5468340117593848,0.0073100795122461315,0.2805527779276415,0.011302394759002913,0.034773856667397504,"[[2168, 937], [1104, 1749]]","[[206, 139], [161, 156]]"
disclosure_x_bias,151,init_easy,N1,log_loss,0.6077237684480419,0.8981464419643854,0.6569313631492866,0.5468340117593848,0.007303646048570079,0.28055230459238434,0.010662797894473572,0.032498853824921924,"[[2162, 943], [1101, 1752]]","[[205, 140], [160, 157]]"
disclosure_x_bias,152,init_easy,N1,log_loss,0.6076038556475626,0.898401067729351,0.6565957926794879,0.5483491632745364,0.007301651164911664,0.2804665307507269,0.011368772065908727,0.0357567963260225,"[[2163, 942], [1104, 1749]]","[[206, 139], [160, 157]]"
disclosure_x_bias,153,init_easy,N1,log_loss,0.6074629501943252,0.8983839270882946,0.6570991483841858,0.5468340117593848,0.007314683567797409,0.2804526372717849,0.011397809495755628,0.034773856667397476,"[[2172, 933], [1110, 1743]]","[[206, 139], [161, 156]]"
disclosure_x_bias,154,init_easy,N1,log_loss,0.6073531350907285,0.8984085003054506,0.6579380745586826,0.5453188602442334,0.0073089956932435324,0.28055209725849867,0.010663192314340769,0.03368667705927253,"[[2176, 929], [1109, 1744]]","[[206, 139], [162, 155]]"
disclosure_x_bias,155,init_easy,N1,log_loss,0.6072337154800345,0.8985877242793773,0.6574347188539845,0.5468340117593848,0.007309753847051643,0.28055488751699786,0.011357610760166859,0.034773856667397504,"[[2167, 938], [1103, 1750]]","[[206, 139], [161, 156]]"
disclosure_x_bias,156,init_easy,N1,log_loss,0.6071120722994444,0.8985072007302419,0.6582736450284812,0.5453188602442334,0.007312719403538146,0.2804575277557461,0.009401629158485029,0.028787167212381174,"[[2170, 935], [1101, 1752]]","[[206, 139], [162, 155]]"
disclosure_x_bias,157,init_easy,N1,log_loss,0.6069984012037982,0.8983524704937549,0.6564277254525972,0.5498643147896879,0.007307944608843511,0.28043773969240676,0.010633438294591064,0.034492444558664015,"[[2169, 936], [1111, 1742]]","[[208, 137], [161, 156]]"
disclosure_x_bias,158,init_easy,N1,log_loss,0.6068827050180252,0.8984551360230688,0.6564277254525972,0.5468340117593848,0.007306808998565591,0.2803767894633738,0.010808496409688045,0.034773856667397476,"[[2170, 935], [1112, 1741]]","[[207, 138], [162, 155]]"
disclosure_x_bias,159,init_easy,N1,log_loss,0.6067594823878617,0.8983459140074931,0.6564277254525972,0.5468340117593848,0.007304182678708372,0.28047942146840127,0.0114274554665757,0.034773856667397476,"[[2170, 935], [1112, 1741]]","[[207, 138], [162, 155]]"
disclosure_x_bias,160,init_easy,N1,log_loss,0.6066420495319477,0.8984568131337977,0.6569313631492866,0.5453188602442334,0.007300593668517863,0.2803618857956853,0.011400034759726113,0.03368667705927253,"[[2173, 932], [1112, 1741]]","[[207, 138], [163, 154]]"
disclosure_x_bias,161,init_easy,N1,log_loss,0.6065134010771406,0.8987715261927148,0.6569313631492866,0.5438037087290819,0.007285974120780093,0.2806124942471841,0.010952225043067518,0.03003691374330314,"[[2173, 932], [1112, 1741]]","[[206, 139], [163, 154]]"
disclosure_x_bias,162,init_easy,N1,log_loss,0.6064005010177153,0.8986608393166214,0.6579380745586826,0.5422885572139303,0.007283117863620673,0.2807671571007422,0.008834286385196425,0.026749838231788774,"[[2169, 936], [1102, 1751]]","[[205, 140], [163, 154]]"
disclosure_x_bias,163,init_easy,N1,log_loss,0.6062804661979516,0.8987176810353692,0.6579380745586826,0.5422885572139303,0.007281404315319852,0.2806054433289564,0.008834286385196425,0.026749838231788774,"[[2168, 937], [1101, 1752]]","[[205, 140], [163, 154]]"
disclosure_x_bias,164,init_easy,N1,log_loss,0.6061634057017746,0.8988267279437026,0.6584419942473634,0.5422885572139303,0.007274869675679138,0.2805756294759822,0.009009187862201003,0.026749838231788774,"[[2170, 935], [1100, 1753]]","[[205, 140], [163, 154]]"
disclosure_x_bias,165,init_easy,N1,log_loss,0.6060534441413178,0.8990457700635055,0.658274209012464,0.5453188602442334,0.007270519845532482,0.2806305907493814,0.009005070124857392,0.03368667705927253,"[[2168, 937], [1099, 1754]]","[[205, 140], [161, 156]]"
disclosure_x_bias,166,init_easy,N1,log_loss,0.6059467161359249,0.8989275126391127,0.6584419942473634,0.5438037087290819,0.007265936351349313,0.2806743450669674,0.009009187862201003,0.025438949950240927,"[[2171, 934], [1101, 1752]]","[[206, 139], [163, 154]]"
disclosure_x_bias,167,init_easy,N1,log_loss,0.605836990310882,0.8989195095453134,0.658274209012464,0.5438037087290819,0.007263056967229896,0.28071415394439714,0.009005070124857392,0.025438949950240927,"[[2172, 933], [1103, 1750]]","[[206, 139], [163, 154]]"
disclosure_x_bias,168,init_easy,N1,log_loss,0.6057222797466328,0.8990483035784871,0.6584419942473634,0.5438037087290819,0.007267893698899369,0.28065018912251605,0.009009187862201003,0.025438949950240927,"[[2171, 934], [1101, 1752]]","[[206, 139], [163, 154]]"
disclosure_x_bias,169,init_easy,N1,log_loss,0.6056103893417992,0.8990988397419428,0.6579386385426653,0.5468340117593848,0.007265236454541953,0.28072821573988666,0.008594979979796562,0.03249885382492192,"[[2169, 936], [1102, 1751]]","[[206, 139], [161, 156]]"
disclosure_x_bias,170,init_easy,N1,log_loss,0.6054990566452993,0.8994128642434038,0.6586097794822627,0.5438037087290819,0.007264238618302923,0.2807855236839357,0.009079002096366418,0.028287555252476754,"[[2169, 936], [1098, 1755]]","[[205, 140], [162, 155]]"
disclosure_x_bias,171,init_easy,N1,log_loss,0.6053864599317713,0.8993675083325027,0.6581064237775648,0.5422885572139303,0.007262041512665126,0.28062850692487434,0.008786408000590983,0.026749838231788774,"[[2172, 933], [1104, 1749]]","[[205, 140], [163, 154]]"
disclosure_x_bias,172,init_easy,N1,log_loss,0.6052823667358368,0.8995942241047825,0.6581064237775648,0.5468340117593848,0.0072588241093510504,0.28074505745809397,0.008678950006548473,0.034773856667397504,"[[2167, 938], [1099, 1754]]","[[205, 140], [160, 157]]"
disclosure_x_bias,173,init_easy,N1,log_loss,0.6051649079872892,0.8996393794440565,0.658274209012464,0.5453188602442334,0.007261027763422584,0.28072832065325204,0.008865037967846337,0.037280936468220456,"[[2166, 939], [1097, 1756]]","[[204, 141], [160, 157]]"
disclosure_x_bias,174,init_easy,N1,log_loss,0.6050584059659527,0.8996766449190667,0.658274209012464,0.5498417005879692,0.0072595741816738535,0.2807386144558539,0.008430998091841259,0.036245360125381605,"[[2163, 942], [1094, 1759]]","[[205, 140], [158, 159]]"
disclosure_x_bias,175,init_easy,N1,log_loss,0.6049451938401813,0.899522428057978,0.658441712255372,0.5468113975576662,0.007256553962037819,0.2809225498136455,0.008811166585686946,0.040486509327259404,"[[2161, 944], [1091, 1762]]","[[204, 141], [159, 158]]"
disclosure_x_bias,176,init_easy,N1,log_loss,0.6048399180294934,0.8996248616757019,0.65928092042186,0.5468113975576662,0.007252706244456566,0.2807250324591348,0.00951979308347176,0.037203244816205135,"[[2169, 936], [1094, 1759]]","[[205, 140], [160, 157]]"
disclosure_x_bias,177,init_easy,N1,log_loss,0.6047323636544844,0.8995319299558769,0.6589453499520614,0.5468113975576662,0.007246869417548927,0.28074044198205084,0.00934278103211762,0.035086120008679104,"[[2172, 933], [1099, 1754]]","[[205, 140], [160, 157]]"
disclosure_x_bias,178,init_easy,N1,log_loss,0.6046264075330094,0.8997009750322558,0.6589450679600699,0.5468340117593848,0.00724053989881077,0.2805522896181672,0.009420451238091234,0.034773856667397476,"[[2168, 937], [1095, 1758]]","[[205, 140], [160, 157]]"
disclosure_x_bias,179,init_easy,N1,log_loss,0.6045126946708141,0.899554452491811,0.6589453499520614,0.5513342379014021,0.00723944332687293,0.28077351560554614,0.009173852526953628,0.03732903870147658,"[[2164, 941], [1091, 1762]]","[[206, 139], [158, 159]]"
disclosure_x_bias,180,init_easy,N1,log_loss,0.6044075109306078,0.8996582538197238,0.6589450679600699,0.5468113975576662,0.007238036354782598,0.28065994780872056,0.009586132427294065,0.035086120008679104,"[[2172, 933], [1099, 1754]]","[[206, 139], [161, 156]]"
disclosure_x_bias,181,init_easy,N1,log_loss,0.6043023958011176,0.8995606044241914,0.6594487056567593,0.5468340117593848,0.007231471600868242,0.28073999636904573,0.009795695834276157,0.03621120700260367,"[[2168, 937], [1092, 1761]]","[[204, 141], [159, 158]]"
disclosure_x_bias,182,init_easy,N1,log_loss,0.6041862086297595,0.8995804912995314,0.65928092042186,0.5483265490728177,0.007227435453675083,0.28073916189242215,0.009779122655770333,0.0367621345661955,"[[2168, 937], [1093, 1760]]","[[205, 140], [159, 158]]"
disclosure_x_bias,183,init_easy,N1,log_loss,0.6040725396767848,0.8994739013966534,0.6591134171789521,0.5513116236996833,0.00721435515566582,0.2805897939898013,0.00945455922382762,0.03956666079337159,"[[2168, 937], [1094, 1759]]","[[205, 140], [157, 160]]"
disclosure_x_bias,184,init_easy,N1,log_loss,0.6039722165883487,0.8996316536844914,0.6592812024138515,0.5482813206693804,0.007209670522881248,0.2805482073485137,0.00924101615414254,0.03863584870447795,"[[2172, 933], [1097, 1756]]","[[205, 140], [159, 158]]"
disclosure_x_bias,185,init_easy,N1,log_loss,0.6038584716571196,0.8998712832550304,0.6591134171789521,0.5513116236996833,0.007200456796320427,0.28048963245188085,0.009651024546141572,0.03956666079337159,"[[2169, 936], [1095, 1758]]","[[205, 140], [157, 160]]"
disclosure_x_bias,186,init_easy,N1,log_loss,0.6037567072508179,0.899849681820417,0.6601204105803395,0.5467661691542288,0.007196161116218525,0.28056969665902975,0.009646252671901251,0.04096643767172271,"[[2176, 929], [1096, 1757]]","[[204, 141], [159, 158]]"
disclosure_x_bias,187,init_easy,N1,log_loss,0.6036535932988404,0.8998576435265135,0.6597848401105408,0.5497964721845319,0.007193220906897301,0.2804603703676599,0.009169587298881487,0.04196717642681755,"[[2168, 937], [1090, 1763]]","[[204, 141], [157, 160]]"
disclosure_x_bias,188,init_easy,N1,log_loss,0.6035310020767755,0.8992672810273241,0.6602890417912131,0.5497964721845319,0.0071385789533778745,0.2786931890632612,0.009647738102383275,0.04196717642681755,"[[2168, 937], [1087, 1766]]","[[204, 141], [157, 160]]"
disclosure_x_bias,189,init_easy,N1,log_loss,0.6034177985316367,0.8994095872060418,0.6606243302690203,0.5482813206693804,0.007127436936346406,0.2787645265784299,0.009486108620919127,0.04119210622481848,"[[2172, 933], [1089, 1764]]","[[204, 141], [158, 159]]"
disclosure_x_bias,190,init_easy,N1,log_loss,0.6033080412244106,0.8992266606505808,0.6606243302690203,0.5482813206693804,0.007122266844667155,0.2788663320726102,0.009999790792653824,0.04119210622481848,"[[2171, 934], [1088, 1765]]","[[204, 141], [158, 159]]"
disclosure_x_bias,191,init_easy,N1,log_loss,0.6031960900824027,0.8995064280193951,0.6604565450341211,0.5467661691542288,0.007128741276630033,0.2789419042800373,0.009879643107681118,0.04096643767172271,"[[2175, 930], [1093, 1760]]","[[204, 141], [159, 158]]"
disclosure_x_bias,192,init_easy,N1,log_loss,0.6030752467345872,0.8996352149165135,0.6606243302690203,0.5482813206693804,0.007146239904786327,0.278798977857924,0.009905504710016699,0.04119210622481848,"[[2169, 936], [1086, 1767]]","[[204, 141], [158, 159]]"
disclosure_x_bias,193,init_easy,N1,log_loss,0.6029585313840082,0.8995666091151767,0.6609601827308105,0.5467661691542288,0.007160708131875891,0.2789017970793247,0.010186185604594522,0.04096643767172271,"[[2172, 933], [1087, 1766]]","[[204, 141], [159, 158]]"
disclosure_x_bias,194,init_easy,N1,log_loss,0.6028541876311426,0.8997249013309411,0.6606246122610118,0.5482813206693804,0.007158095060918886,0.27867484933603787,0.010328431638594123,0.04119210622481848,"[[2169, 936], [1086, 1767]]","[[204, 141], [158, 159]]"
disclosure_x_bias,195,init_easy,N1,log_loss,0.6027559571253462,0.8994614645208368,0.6611279679657097,0.5467661691542288,0.00715382175269517,0.27899533770823576,0.010563590193058952,0.04096643767172271,"[[2173, 932], [1087, 1766]]","[[204, 141], [159, 158]]"
disclosure_x_bias,196,init_easy,N1,log_loss,0.60265574005892,0.899675665112523,0.6607923974959111,0.5482813206693804,0.007149171095955445,0.2788630198217931,0.010440416811019643,0.04119210622481848,"[[2169, 936], [1085, 1768]]","[[204, 141], [158, 159]]"
disclosure_x_bias,197,init_easy,N1,log_loss,0.6025543854511588,0.8998010156028403,0.6609599007388189,0.5467661691542288,0.007142825690510849,0.2789104811063256,0.009263754596261022,0.04096643767172271,"[[2166, 939], [1081, 1772]]","[[204, 141], [159, 158]]"
disclosure_x_bias,198,init_easy,N1,log_loss,0.602456188129121,0.8998836526273155,0.6612951892166262,0.5482813206693804,0.007139909730220781,0.2787294071499788,0.009733383879397768,0.04119210622481848,"[[2171, 934], [1084, 1769]]","[[204, 141], [158, 159]]"
disclosure_x_bias,199,init_easy,N1,log_loss,0.6023460880548094,0.9000958716150921,0.6616318876543905,0.5513116236996833,0.007126722603316811,0.278823547068118,0.0099323452883718,0.042066393432990484,"[[2165, 940], [1076, 1777]]","[[204, 141], [156, 161]]"
disclosure_x_bias,200,init_easy,N1,log_loss,0.60224190190006,0.9001708658589933,0.6617993908972986,0.5497964721845319,0.0071205744486176935,0.2787373943142391,0.010039877093568366,0.041354911373490774,"[[2167, 938], [1077, 1776]]","[[204, 141], [157, 160]]"
disclosure_x_bias,201,init_easy,N1,log_loss,0.6021337803122837,0.9003157312371608,0.6616318876543906,0.5513116236996833,0.007120074129588639,0.27883220710327383,0.010088581176520504,0.042066393432990484,"[[2165, 940], [1076, 1777]]","[[204, 141], [156, 161]]"
disclosure_x_bias,202,init_easy,N1,log_loss,0.6020196626815542,0.9002459026434545,0.6617999548812814,0.5513116236996833,0.007119589605398334,0.2788597207326106,0.010327748125342248,0.042066393432990484,"[[2163, 942], [1073, 1780]]","[[204, 141], [156, 161]]"
disclosure_x_bias,203,init_easy,N1,log_loss,0.6019187185296748,0.9004091737622361,0.6619671761321978,0.5513116236996833,0.007122291520285074,0.27872482558055595,0.010196345750757911,0.042066393432990484,"[[2164, 941], [1073, 1780]]","[[204, 141], [156, 161]]"
disclosure_x_bias,204,init_easy,N1,log_loss,0.6018226879582194,0.9005242220811395,0.6612954712086176,0.5513116236996833,0.007116617385269558,0.2788063335761602,0.01049884736363596,0.042066393432990484,"[[2161, 944], [1074, 1779]]","[[204, 141], [156, 161]]"
disclosure_x_bias,205,init_easy,N1,log_loss,0.6017260873400364,0.9006353834858487,0.6614638204274998,0.5513116236996833,0.007111117294269245,0.27883854487332066,0.01027723784004676,0.042066393432990484,"[[2162, 943], [1074, 1779]]","[[204, 141], [156, 161]]"
disclosure_x_bias,206,init_easy,N1,log_loss,0.6016301493365327,0.9007187192491986,0.6623030285939879,0.5497964721845319,0.007107313415312747,0.2787171549351028,0.010480011756841634,0.041354911373490774,"[[2166, 939], [1073, 1780]]","[[204, 141], [157, 160]]"
disclosure_x_bias,207,init_easy,N1,log_loss,0.6015281033826633,0.9007133389749772,0.6619671761321978,0.5497964721845319,0.007104806279047784,0.2787186575372236,0.010675908663807857,0.041354911373490774,"[[2168, 937], [1077, 1776]]","[[204, 141], [157, 160]]"
disclosure_x_bias,208,init_easy,N1,log_loss,0.601434222601398,0.9006958286729088,0.6624708138288873,0.5513116236996833,0.007101475315338681,0.2786378301796861,0.009856059076524456,0.04020616680147565,"[[2171, 934], [1077, 1776]]","[[205, 140], [157, 160]]"
disclosure_x_bias,209,init_easy,N1,log_loss,0.6013321327831466,0.9007520261133518,0.6624705318368959,0.5513116236996833,0.007098733842354074,0.2787371312100946,0.009835725618967853,0.04020616680147565,"[[2171, 934], [1077, 1776]]","[[205, 140], [157, 160]]"
disclosure_x_bias,210,init_easy,N1,log_loss,0.6012327751458607,0.9007699295637707,0.6624705318368959,0.5513116236996833,0.007096697708606609,0.2786449917435845,0.009545214583317425,0.04020616680147565,"[[2171, 934], [1077, 1776]]","[[205, 140], [157, 160]]"
disclosure_x_bias,211,init_easy,N1,log_loss,0.6011289808887765,0.9007971052675037,0.6626385990637866,0.5513116236996833,0.0070938627448932715,0.278606963175265,0.009907256869291165,0.04020616680147565,"[[2170, 935], [1075, 1778]]","[[205, 140], [157, 160]]"
disclosure_x_bias,212,init_easy,N1,log_loss,0.6010291858681628,0.9006886944347045,0.6626385990637866,0.5497964721845319,0.007096593905265241,0.27844451847164453,0.009781656992098034,0.04010234768250568,"[[2174, 931], [1079, 1774]]","[[204, 141], [157, 160]]"
disclosure_x_bias,213,init_easy,N1,log_loss,0.6009327169112052,0.9008893977882245,0.6626385990637866,0.5513116236996833,0.0070965037853288546,0.2785081811624706,0.009454912714365457,0.04020616680147565,"[[2169, 936], [1074, 1779]]","[[205, 140], [157, 160]]"
disclosure_x_bias,214,init_easy,N1,log_loss,0.6008380606500109,0.9009150823925047,0.6634772432462918,0.5482813206693804,0.0070916780689685216,0.2785081401284523,0.009284797570241624,0.04119210622481848,"[[2175, 930], [1075, 1778]]","[[204, 141], [158, 159]]"
disclosure_x_bias,215,init_easy,N1,log_loss,0.600746449398699,0.9009518252032931,0.6638133777000733,0.5482813206693804,0.007088145124992093,0.2782162881429732,0.009089350093629916,0.04119210622481848,"[[2173, 932], [1071, 1782]]","[[204, 141], [158, 159]]"
disclosure_x_bias,216,init_easy,N1,log_loss,0.6006526403800249,0.9007868844689296,0.6643172973887541,0.5482813206693804,0.007084419272465269,0.2783402964765888,0.009104646721212174,0.04119210622481848,"[[2175, 930], [1070, 1783]]","[[204, 141], [158, 159]]"
disclosure_x_bias,217,init_easy,N1,log_loss,0.600557165096444,0.9010968323439673,0.6643172973887541,0.5467661691542288,0.007082385844861416,0.27816728494093995,0.008646492070533193,0.042793628300276276,"[[2172, 933], [1067, 1786]]","[[203, 142], [158, 159]]"
disclosure_x_bias,218,init_easy,N1,log_loss,0.6004615910743926,0.9010238017385446,0.6653237268061587,0.5482813206693804,0.007081567794125595,0.2780966749548672,0.00804378589242262,0.04119210622481848,"[[2175, 930], [1064, 1789]]","[[204, 141], [158, 159]]"
disclosure_x_bias,219,init_easy,N1,log_loss,0.6003640706355388,0.9012241728062504,0.6649884383283514,0.5467661691542288,0.007077602620822933,0.27820972646990133,0.007501164339773031,0.040338986266151886,"[[2175, 930], [1066, 1787]]","[[203, 142], [158, 159]]"
disclosure_x_bias,220,init_easy,N1,log_loss,0.6002687995517098,0.9010217890927403,0.66465230387457,0.5482813206693804,0.0070804552760389385,0.2782072663377842,0.00829963107880596,0.04119210622481848,"[[2172, 933], [1065, 1788]]","[[204, 141], [158, 159]]"
disclosure_x_bias,221,init_easy,N1,log_loss,0.6001776618151948,0.901078891545555,0.6653242907901415,0.5482813206693804,0.007077043632630754,0.27811258489853125,0.008325270496286575,0.04056814529537153,"[[2176, 929], [1065, 1788]]","[[204, 141], [158, 159]]"
disclosure_x_bias,222,init_easy,N1,log_loss,0.6000837620279347,0.9008639932021252,0.6648200891094693,0.5482813206693804,0.007071872020864022,0.2782428622642145,0.008423723921964886,0.04119210622481848,"[[2178, 927], [1070, 1783]]","[[205, 140], [159, 158]]"
disclosure_x_bias,223,init_easy,N1,log_loss,0.5999880144902747,0.901020403665105,0.6648209350854436,0.5482813206693804,0.007074888066354241,0.2784350998512066,0.007519390440384417,0.04300971079683969,"[[2170, 935], [1062, 1791]]","[[203, 142], [157, 160]]"
disclosure_x_bias,224,init_easy,N1,log_loss,0.5998967191246779,0.9009167194913313,0.6651559415712593,0.5467661691542288,0.007072883685272339,0.27830342861895546,0.008424300572681372,0.042193357540871904,"[[2172, 933], [1062, 1791]]","[[203, 142], [158, 159]]"
disclosure_x_bias,225,init_easy,N1,log_loss,0.5998050571765198,0.9009161208790065,0.6659959957137217,0.5467661691542288,0.007070596773582687,0.27845467528272433,0.008340428765080416,0.042793628300276276,"[[2174, 931], [1059, 1794]]","[[202, 143], [157, 160]]"
disclosure_x_bias,226,init_easy,N1,log_loss,0.5997081412722841,0.9010821494472161,0.6656598612599403,0.5467661691542288,0.0070692171856748705,0.2785544001101357,0.008862989902797474,0.04096643767172271,"[[2180, 925], [1067, 1786]]","[[204, 141], [159, 158]]"
disclosure_x_bias,227,init_easy,N1,log_loss,0.5996038315824418,0.9011271767061206,0.6656598612599403,0.5482813206693804,0.00706475354303286,0.2784903717778963,0.008465873736119888,0.04300971079683969,"[[2174, 931], [1061, 1792]]","[[203, 142], [157, 160]]"
disclosure_x_bias,228,init_easy,N1,log_loss,0.5994968634606738,0.9013892035931491,0.6658276464948395,0.5452510176390774,0.007068491170261865,0.2785022403657747,0.00885298664039374,0.041912257164142735,"[[2179, 926], [1065, 1788]]","[[202, 143], [158, 159]]"
disclosure_x_bias,229,init_easy,N1,log_loss,0.5994004861494162,0.9014161077043518,0.6658273645028482,0.5452510176390774,0.007067711994354657,0.27835689603676433,0.00879472951631798,0.041912257164142735,"[[2180, 925], [1066, 1787]]","[[202, 143], [158, 159]]"
disclosure_x_bias,230,init_easy,N1,log_loss,0.5993037456212568,0.9014638968936757,0.6661632169646382,0.5452510176390774,0.007075088945667483,0.2783665905103944,0.009237988279049111,0.041912257164142735,"[[2180, 925], [1064, 1789]]","[[202, 143], [158, 159]]"
disclosure_x_bias,231,init_easy,N1,log_loss,0.5992001801683504,0.9015044933326035,0.6663318481755118,0.5452510176390774,0.007084047616360196,0.27813920117409874,0.008362368124403599,0.041912257164142735,"[[2180, 925], [1063, 1790]]","[[202, 143], [158, 159]]"
disclosure_x_bias,232,init_easy,N1,log_loss,0.5991080238282931,0.9014008608603643,0.6659951497377474,0.5452510176390774,0.007085032549069201,0.2782749032455117,0.009727503460634716,0.041912257164142735,"[[2178, 927], [1063, 1790]]","[[202, 143], [158, 159]]"
disclosure_x_bias,233,init_easy,N1,log_loss,0.5990184104451369,0.9013766511183847,0.6670029891151091,0.5452510176390774,0.007079931506300188,0.27820808940973796,0.009373466411537036,0.040044870994949765,"[[2185, 920], [1064, 1789]]","[[203, 142], [159, 158]]"
disclosure_x_bias,234,init_easy,N1,log_loss,0.5989248281713246,0.9015623628472442,0.6666665726693362,0.5437358661239258,0.0070748883508944,0.278080121827234,0.009030817683944033,0.041567940294914514,"[[2185, 920], [1066, 1787]]","[[202, 143], [159, 158]]"
disclosure_x_bias,235,init_easy,N1,log_loss,0.5988356700624847,0.9016238942909446,0.6663304382155546,0.5437358661239258,0.007072324785728421,0.278260585608889,0.009736960872246146,0.041567940294914514,"[[2181, 924], [1064, 1789]]","[[202, 143], [159, 158]]"
disclosure_x_bias,236,init_easy,N1,log_loss,0.5987469687182663,0.901870219117515,0.6670021431391349,0.5437358661239258,0.007069781690058625,0.2781138269337729,0.009441732916952043,0.041567940294914514,"[[2181, 924], [1060, 1793]]","[[202, 143], [159, 158]]"
disclosure_x_bias,237,init_easy,N1,log_loss,0.5986433214803843,0.9019285370285959,0.6673377136089335,0.5437358661239258,0.007072852097348272,0.2780964054012982,0.00923179180393285,0.041567940294914514,"[[2182, 923], [1059, 1794]]","[[202, 143], [159, 158]]"
disclosure_x_bias,238,init_easy,N1,log_loss,0.5985458478628704,0.9019159456945088,0.6668340759122441,0.5437358661239258,0.007074713129846706,0.27809173172720464,0.009808862893170374,0.041567940294914514,"[[2180, 925], [1060, 1793]]","[[202, 143], [159, 158]]"
disclosure_x_bias,239,init_easy,N1,log_loss,0.5984481245884348,0.9018620900350192,0.6671702103660256,0.5437358661239258,0.007073748477443601,0.2783020373023493,0.009225985656118468,0.041567940294914514,"[[2182, 923], [1060, 1793]]","[[202, 143], [159, 158]]"
disclosure_x_bias,240,init_easy,N1,log_loss,0.5983328221453191,0.9012934002904227,0.6673374316169421,0.5437358661239258,0.007032156277542022,0.2765346589167081,0.00967381944666241,0.041567940294914514,"[[2179, 926], [1056, 1797]]","[[202, 143], [159, 158]]"
disclosure_x_bias,241,init_easy,N1,log_loss,0.5982444198255552,0.901294202631504,0.6664982234504541,0.5437358661239258,0.007030505287714887,0.27643262750097275,0.009583804378781733,0.041567940294914514,"[[2178, 927], [1060, 1793]]","[[202, 143], [159, 158]]"
disclosure_x_bias,242,init_easy,N1,log_loss,0.5981560705433322,0.9013011620811376,0.6670018611471434,0.5452284034373587,0.007025043193082122,0.2763878274927432,0.009385712081601714,0.04389628269406333,"[[2175, 930], [1054, 1799]]","[[202, 143], [158, 159]]"
disclosure_x_bias,243,init_easy,N1,log_loss,0.598062187309408,0.9012652570292772,0.6680091365405223,0.542243328810493,0.007020221067013349,0.2762755764274293,0.009690500886860135,0.039666825421324284,"[[2187, 918], [1060, 1793]]","[[202, 143], [160, 157]]"
disclosure_x_bias,244,init_easy,N1,log_loss,0.59797177717494,0.9013633222313656,0.6675054988438329,0.5452284034373587,0.007018797411147609,0.27625096207672123,0.009014983210623604,0.04389628269406333,"[[2180, 925], [1056, 1797]]","[[202, 143], [158, 159]]"
disclosure_x_bias,245,init_easy,N1,log_loss,0.5978762458069374,0.9013491069008124,0.6681774857594045,0.542243328810493,0.007018462896041697,0.2762744727010208,0.00934951746246054,0.039666825421324284,"[[2189, 916], [1061, 1792]]","[[202, 143], [160, 157]]"
disclosure_x_bias,246,init_easy,N1,log_loss,0.5977852037016971,0.9012457360473627,0.6680094185325137,0.545273631840796,0.007019424366752118,0.27645059999332167,0.008940051486236956,0.04107199481478666,"[[2184, 921], [1057, 1796]]","[[202, 143], [158, 159]]"
disclosure_x_bias,247,init_easy,N1,log_loss,0.5976820545910471,0.9014947539622933,0.6680099825164966,0.5437584803256444,0.007020987810854603,0.27639654269298186,0.008916915649482096,0.040090223962921216,"[[2184, 921], [1057, 1796]]","[[202, 143], [159, 158]]"
disclosure_x_bias,248,init_easy,N1,log_loss,0.5975897789834967,0.9014677541050921,0.6676732840787322,0.5467435549525101,0.00701354666894291,0.2763434426048008,0.009070906232140812,0.044165618940857965,"[[2177, 928], [1052, 1801]]","[[202, 143], [157, 160]]"
disclosure_x_bias,249,init_easy,N1,log_loss,0.5975048866582768,0.9014734832877004,0.6686808414641024,0.542243328810493,0.007010356674776584,0.276242375641264,0.009159527914413539,0.039666825421324284,"[[2189, 916], [1058, 1795]]","[[202, 143], [160, 157]]"
disclosure_x_bias,250,init_easy,N1,log_loss,0.5974201480435335,0.9014488154850124,0.6685127742372117,0.5482587064676616,0.007008220804799432,0.27627782069360607,0.009240222633300658,0.04494701147772049,"[[2180, 925], [1050, 1803]]","[[202, 143], [156, 161]]"
disclosure_x_bias,251,init_easy,N1,log_loss,0.5973165414308598,0.9015327488106051,0.6688489086909932,0.542243328810493,0.007015301916829292,0.2765224724523739,0.008831624799286023,0.039666825421324284,"[[2191, 914], [1059, 1794]]","[[202, 143], [160, 157]]"
disclosure_x_bias,252,init_easy,N1,log_loss,0.5972245748089476,0.9014811749894955,0.6690166939258925,0.5452510176390774,0.007015974079616314,0.27633320630706965,0.009138539008952878,0.04251649683503552,"[[2190, 915], [1057, 1796]]","[[202, 143], [158, 159]]"
disclosure_x_bias,253,init_easy,N1,log_loss,0.5971390046263869,0.9013404760185567,0.669016975917884,0.5437358661239258,0.007013559925054237,0.27637983893706675,0.00795482317512427,0.041567940294914514,"[[2192, 913], [1059, 1794]]","[[202, 143], [159, 158]]"
disclosure_x_bias,254,init_easy,N1,log_loss,0.5970377466815534,0.9014019066635444,0.6688491906829845,0.5437358661239258,0.007001024178251592,0.2763514261124062,0.007763144211553361,0.041567940294914514,"[[2192, 913], [1060, 1793]]","[[202, 143], [159, 158]]"
disclosure_x_bias,255,init_easy,N1,log_loss,0.5969484476366678,0.9013835565148443,0.6695208956065648,0.5422207146087743,0.007000923136073774,0.27635492807010764,0.008156516974570262,0.038600358673922586,"[[2192, 913], [1056, 1797]]","[[202, 143], [160, 157]]"
disclosure_x_bias,256,init_easy,N1,log_loss,0.5968564756849198,0.901404399764089,0.6690172579098753,0.5437358661239258,0.006998911138580369,0.2765283576887808,0.007981803389242762,0.041567940294914514,"[[2192, 913], [1059, 1794]]","[[202, 143], [159, 158]]"
disclosure_x_bias,257,init_easy,N1,log_loss,0.5967683936412105,0.901548296660531,0.6691847611527832,0.5437358661239258,0.006992731271537444,0.27658773409042886,0.008252650970308847,0.041567940294914514,"[[2190, 915], [1056, 1797]]","[[202, 143], [159, 158]]"
disclosure_x_bias,258,init_easy,N1,log_loss,0.5966834786150326,0.9015705405046279,0.669352828379674,0.5437358661239258,0.006991224319886575,0.27659965166214817,0.008813607094404074,0.041567940294914514,"[[2191, 914], [1056, 1797]]","[[202, 143], [159, 158]]"
disclosure_x_bias,259,init_easy,N1,log_loss,0.5965848351174348,0.9018352018170914,0.6693525463876826,0.542243328810493,0.006977732169630423,0.27651164444366705,0.008681769080416214,0.039666825421324284,"[[2191, 914], [1056, 1797]]","[[201, 144], [159, 158]]"
disclosure_x_bias,260,init_easy,N1,log_loss,0.5964992607421308,0.901916850054916,0.6695206136145734,0.542243328810493,0.006975090618519179,0.2764944900307404,0.008433310598640735,0.039666825421324284,"[[2191, 914], [1055, 1798]]","[[201, 144], [159, 158]]"
disclosure_x_bias,261,init_easy,N1,log_loss,0.5964131139465281,0.9019516460976078,0.6693525463876826,0.542243328810493,0.006975398695949927,0.27652570334080906,0.008161785964347763,0.039666825421324284,"[[2191, 914], [1056, 1797]]","[[201, 144], [159, 158]]"
disclosure_x_bias,262,init_easy,N1,log_loss,0.596317967307602,0.9017251070447827,0.669856184084372,0.542243328810493,0.006982447765084114,0.2765715127204639,0.008715359408421752,0.039666825421324284,"[[2192, 913], [1054, 1799]]","[[201, 144], [159, 158]]"
disclosure_x_bias,263,init_easy,N1,log_loss,0.5962270571549105,0.9019475982201648,0.6696878348654899,0.542243328810493,0.006985869738910526,0.27644027637273405,0.0086184326014675,0.039666825421324284,"[[2193, 912], [1056, 1797]]","[[201, 144], [159, 158]]"
disclosure_x_bias,264,init_easy,N1,log_loss,0.5961403016802395,0.9018771079906023,0.6698559020923807,0.5437358661239258,0.006983785895184342,0.27648221030538706,0.008762376197367475,0.041567940294914514,"[[2192, 913], [1054, 1799]]","[[202, 143], [159, 158]]"
disclosure_x_bias,265,init_easy,N1,log_loss,0.5960569750996034,0.9020301787830917,0.6696878348654899,0.542243328810493,0.006982815810238008,0.27660140444161874,0.007698249269320013,0.039666825421324284,"[[2194, 911], [1057, 1796]]","[[201, 144], [159, 158]]"
disclosure_x_bias,266,init_easy,N1,log_loss,0.5959733276006993,0.901963479615348,0.6701914725621793,0.542243328810493,0.006980449889784519,0.2765434065224729,0.008809789170137992,0.039666825421324284,"[[2195, 910], [1055, 1798]]","[[201, 144], [159, 158]]"
disclosure_x_bias,267,init_easy,N1,log_loss,0.5958899297438325,0.9020456522641954,0.6700234053352885,0.5407281772953414,0.0069780709016626615,0.27660200835291776,0.008491635393155485,0.036476371670439024,"[[2191, 914], [1052, 1801]]","[[201, 144], [160, 157]]"
disclosure_x_bias,268,init_easy,N1,log_loss,0.595803424098861,0.9021683254982662,0.6706948282668772,0.5407281772953414,0.006974264067890448,0.2764917441596544,0.009217466203552183,0.036476371670439024,"[[2195, 910], [1052, 1801]]","[[201, 144], [160, 157]]"
disclosure_x_bias,269,init_easy,N1,log_loss,0.5957196278528277,0.9021439124510794,0.6706948282668772,0.542243328810493,0.006972093449265675,0.2764038248790588,0.008871623794887915,0.03700535405700643,"[[2191, 914], [1048, 1805]]","[[201, 144], [159, 158]]"
disclosure_x_bias,270,init_easy,N1,log_loss,0.5956241371225179,0.9021999712254514,0.6708620495177937,0.5407281772953414,0.006968843511657077,0.2764442778273675,0.009023869979855138,0.036476371670439024,"[[2195, 910], [1051, 1802]]","[[201, 144], [160, 157]]"
disclosure_x_bias,271,init_easy,N1,log_loss,0.5955397696365066,0.9022290926632767,0.6717026676442389,0.542243328810493,0.0069670561765628565,0.2762189088900905,0.008564356586354165,0.037688346095507544,"[[2200, 905], [1051, 1802]]","[[201, 144], [159, 158]]"
disclosure_x_bias,272,init_easy,N1,log_loss,0.5954588466898012,0.9021739316559471,0.6710301167446844,0.5407281772953414,0.006963975337166994,0.27654974096503787,0.00910306731714753,0.036476371670439024,"[[2197, 908], [1052, 1801]]","[[201, 144], [160, 157]]"
disclosure_x_bias,273,init_easy,N1,log_loss,0.5953753875225216,0.9023708677562512,0.6717026676442389,0.542243328810493,0.0069620367469863135,0.27649256308680276,0.008152707025096781,0.03700535405700643,"[[2199, 906], [1050, 1803]]","[[201, 144], [159, 158]]"
disclosure_x_bias,274,init_easy,N1,log_loss,0.5952889873332137,0.9022778208919077,0.6711981839715752,0.542243328810493,0.006956437181323109,0.27653919579255043,0.00897064418948195,0.037688346095507544,"[[2196, 909], [1050, 1803]]","[[201, 144], [159, 158]]"
disclosure_x_bias,275,init_easy,N1,log_loss,0.5952096755319316,0.9024677634979075,0.6717023856522475,0.542243328810493,0.006954203352900228,0.2766013561950779,0.007892602538977007,0.037688346095507544,"[[2200, 905], [1051, 1802]]","[[201, 144], [159, 158]]"
disclosure_x_bias,276,init_easy,N1,log_loss,0.595118451329232,0.9022967171244856,0.6718704528791382,0.5437584803256444,0.00696266990260113,0.2766087593405432,0.007884131204667582,0.03677159290465143,"[[2200, 905], [1050, 1803]]","[[202, 143], [159, 158]]"
disclosure_x_bias,277,init_easy,N1,log_loss,0.595030839173534,0.9026575442692885,0.6713659692064745,0.545273631840796,0.006965460879846353,0.27629515631607526,0.007670509860323669,0.035039576699678804,"[[2195, 910], [1048, 1805]]","[[202, 143], [158, 159]]"
disclosure_x_bias,278,init_easy,N1,log_loss,0.5949370949491449,0.9027225635190625,0.6720382381140375,0.545273631840796,0.006974145724847681,0.27645549255942115,0.007601964096416634,0.035039576699678804,"[[2200, 905], [1049, 1804]]","[[202, 143], [158, 159]]"
disclosure_x_bias,279,init_easy,N1,log_loss,0.5948531636526015,0.9027750073807284,0.6722063053409283,0.545273631840796,0.006972303064837419,0.2764923918536488,0.007204631141229426,0.03850776477471062,"[[2202, 903], [1050, 1803]]","[[201, 144], [157, 160]]"
disclosure_x_bias,280,init_easy,N1,log_loss,0.5947591276110873,0.9026683264418413,0.672541875810727,0.5483039348710991,0.006971869729850332,0.2765355293634968,0.007482774470201321,0.03491113244052487,"[[2202, 903], [1048, 1805]]","[[202, 143], [156, 161]]"
disclosure_x_bias,281,init_easy,N1,log_loss,0.5946786495268684,0.902763772606575,0.6722063053409283,0.5467887833559475,0.0069710262491705565,0.2765783031234811,0.007204631141229426,0.0381496883774872,"[[2201, 904], [1049, 1804]]","[[201, 144], [156, 161]]"
disclosure_x_bias,282,init_easy,N1,log_loss,0.5945926259973933,0.902871635648163,0.672541875810727,0.5467887833559475,0.006970082667966902,0.2765639217425111,0.007482774470201321,0.035374254948733065,"[[2201, 904], [1047, 1806]]","[[201, 144], [156, 161]]"
disclosure_x_bias,283,init_easy,N1,log_loss,0.5945115674201908,0.9028746799223886,0.6725415938187356,0.5483039348710991,0.006970076787140222,0.27662638424734326,0.007783145051956627,0.03491113244052487,"[[2201, 904], [1047, 1806]]","[[202, 143], [156, 161]]"
disclosure_x_bias,284,init_easy,N1,log_loss,0.5944220280996482,0.9030084445843958,0.6727093790536348,0.545273631840796,0.006967219027838332,0.2764918437540157,0.007847790657402374,0.03715935337009699,"[[2201, 904], [1046, 1807]]","[[201, 144], [157, 160]]"
disclosure_x_bias,285,init_easy,N1,log_loss,0.5943407139471383,0.9029188093420055,0.672541875810727,0.5467887833559475,0.006964736143960736,0.276582928544288,0.007524460858922542,0.03881254856138329,"[[2200, 905], [1046, 1807]]","[[200, 145], [155, 162]]"
disclosure_x_bias,286,init_easy,N1,log_loss,0.5942516889110099,0.9029335872875748,0.6723738085838362,0.545273631840796,0.00696954015081852,0.2764557061277612,0.00775434802534593,0.0404461809759031,"[[2198, 907], [1045, 1808]]","[[200, 145], [156, 161]]"
disclosure_x_bias,287,init_easy,N1,log_loss,0.5941681647755799,0.9029301422360925,0.6718704528791382,0.545273631840796,0.006969801733324258,0.27659215042348445,0.007764602138081517,0.041071994814786635,"[[2200, 905], [1050, 1803]]","[[200, 145], [156, 161]]"
disclosure_x_bias,288,init_easy,N1,log_loss,0.5940858679587329,0.9029976661808284,0.6725415938187356,0.545273631840796,0.006958212506172983,0.27649402469066825,0.007742851506663206,0.03981053067977306,"[[2202, 903], [1048, 1805]]","[[201, 144], [157, 160]]"
disclosure_x_bias,289,init_easy,N1,log_loss,0.5939997733961019,0.9030565560372829,0.6720382381140375,0.545273631840796,0.006959557512258806,0.27652054926194214,0.007683817606784305,0.041071994814786635,"[[2200, 905], [1049, 1804]]","[[200, 145], [156, 161]]"
disclosure_x_bias,290,init_easy,N1,log_loss,0.5939185958251435,0.9030700591795636,0.6720382381140375,0.5483039348710991,0.00695890730129141,0.2765967890678383,0.007925369052160337,0.040962470519404166,"[[2197, 908], [1046, 1807]]","[[201, 144], [155, 162]]"
disclosure_x_bias,291,init_easy,N1,log_loss,0.5938409465183029,0.9030141033466188,0.6722060233489369,0.5467887833559475,0.006956186441172307,0.2766010481807834,0.008344049690289438,0.041357886018885875,"[[2197, 908], [1045, 1808]]","[[200, 145], [155, 162]]"
disclosure_x_bias,292,init_easy,N1,log_loss,0.5937634089285222,0.90320911141258,0.6725421578027184,0.5483039348710991,0.006953661291886439,0.2766110975518629,0.00738531557604103,0.039049691208279655,"[[2200, 905], [1046, 1807]]","[[201, 144], [155, 162]]"
disclosure_x_bias,293,init_easy,N1,log_loss,0.5936784476467606,0.9030343384973897,0.6722060233489369,0.5467887833559475,0.006957289593589766,0.2766337856451903,0.007921357660137735,0.03946427661012033,"[[2205, 900], [1053, 1800]]","[[200, 145], [155, 162]]"
disclosure_x_bias,294,init_easy,N1,log_loss,0.5935954258061594,0.9032128851645913,0.6722063053409284,0.5483039348710991,0.006957998765689855,0.27651613405811915,0.0077887787309064175,0.039049691208279655,"[[2203, 902], [1051, 1802]]","[[201, 144], [155, 162]]"
disclosure_x_bias,295,init_easy,N1,log_loss,0.5935153046524927,0.903142939004827,0.6720382381140376,0.5483039348710991,0.0069532380941437115,0.2765983591262383,0.008042247439077095,0.039049691208279655,"[[2199, 906], [1048, 1805]]","[[201, 144], [155, 162]]"
disclosure_x_bias,296,init_easy,N1,log_loss,0.5934288721636835,0.9033922825098815,0.6727090970616435,0.5513116236996833,0.006947796849282048,0.2763611812445433,0.008620222021733114,0.04083565906653688,"[[2201, 904], [1046, 1807]]","[[202, 143], [154, 163]]"
disclosure_x_bias,297,init_easy,N1,log_loss,0.5933406231440019,0.9032860616457044,0.6720379561220462,0.5513342379014021,0.006934217126544202,0.2763827324530136,0.007818708283253576,0.03996896221442021,"[[2195, 910], [1044, 1809]]","[[201, 144], [153, 164]]"
disclosure_x_bias,298,init_easy,N1,log_loss,0.5932449922608952,0.9033197353172685,0.6723735265918448,0.5483039348710991,0.006942679649149989,0.2763191950336796,0.0084245664682647,0.039049691208279655,"[[2204, 901], [1051, 1802]]","[[201, 144], [155, 162]]"
disclosure_x_bias,299,init_easy,N1,log_loss,0.5931477751661764,0.9032250495422709,0.672541875810727,0.5483039348710991,0.006944313612274467,0.2763221865191664,0.008201285646446605,0.039049691208279655,"[[2200, 905], [1046, 1807]]","[[201, 144], [155, 162]]"
disclosure_x_bias,300,init_easy,N1,log_loss,0.5930683098241297,0.9031503347212263,0.6727093790536349,0.5483039348710991,0.006944451398615525,0.2761380624293367,0.007887548139185756,0.039049691208279655,"[[2202, 903], [1047, 1806]]","[[201, 144], [155, 162]]"
disclosure_x_bias,1,init_easy,N1,exponential,27.0765760990323,30.113200949768732,0.6181583103039874,0.5468566259611036,14.862008298231043,33.90156910793008,0.02399627250590758,0.024994530524254606,"[[2030, 1075], [1200, 1653]]","[[209, 136], [164, 153]]"
disclosure_x_bias,2,init_easy,N1,exponential,27.091928534652446,30.21332883974108,0.6189986464384412,0.5468566259611036,14.858642343937564,34.15156882910767,0.022542693543351464,0.024994530524254606,"[[2037, 1068], [1202, 1651]]","[[209, 136], [164, 153]]"
disclosure_x_bias,3,init_easy,N1,exponential,27.039807444762015,30.03869485183457,0.6206779087473916,0.5483717774762551,14.869903726332176,34.055596162364466,0.022940269284554365,0.02634345820143053,"[[2048, 1057], [1203, 1650]]","[[210, 135], [164, 153]]"
disclosure_x_bias,4,init_easy,N1,exponential,26.92708521637786,30.125893301411075,0.6215165529298968,0.5483717774762551,14.804428410944043,34.29302418585275,0.02314324904939431,0.02634345820143053,"[[2053, 1052], [1203, 1650]]","[[210, 135], [164, 153]]"
disclosure_x_bias,5,init_easy,N1,exponential,26.9331620350072,30.097949856646107,0.6240364333652925,0.5438715513342378,14.812372239908905,34.26563212556051,0.02136093757999801,0.027877195430870284,"[[2084, 1021], [1219, 1634]]","[[210, 135], [167, 150]]"
disclosure_x_bias,6,init_easy,N1,exponential,26.82278885900704,29.9945092048553,0.6242045005921832,0.5438715513342378,14.764195899155641,34.501382719555345,0.02158236055978644,0.027877195430870284,"[[2085, 1020], [1219, 1634]]","[[210, 135], [167, 150]]"
disclosure_x_bias,7,init_easy,N1,exponential,26.54034154015192,29.710333410502066,0.6253792792284699,0.5438715513342378,14.696578837459928,34.49706912303537,0.02158905402542831,0.027877195430870284,"[[2092, 1013], [1219, 1634]]","[[210, 135], [167, 150]]"
disclosure_x_bias,8,init_easy,N1,exponential,26.529131383026247,29.68900233198343,0.6255470644633693,0.5438715513342378,14.681208180723852,34.47845268588792,0.021425055084503125,0.027877195430870284,"[[2097, 1008], [1223, 1630]]","[[210, 135], [167, 150]]"
disclosure_x_bias,9,init_easy,N1,exponential,26.540209651192093,29.757106274474843,0.6272249168123626,0.5544776119402985,14.677899460726248,34.679117918744495,0.017445556613574057,0.05151257809546473,"[[2066, 1039], [1182, 1671]]","[[209, 136], [159, 158]]"
disclosure_x_bias,10,init_easy,N1,exponential,26.503955068197246,29.721715521941668,0.6278960577519599,0.5544776119402985,14.65568725827079,34.64361442110977,0.016446884057227936,0.05151257809546473,"[[2073, 1032], [1185, 1668]]","[[209, 136], [159, 158]]"
disclosure_x_bias,11,init_easy,N1,exponential,26.29107694015193,29.46735945655464,0.6277279905250691,0.5544776119402985,14.625871682779154,34.64712353885495,0.016197842294226335,0.05151257809546473,"[[2070, 1035], [1183, 1670]]","[[209, 136], [159, 158]]"
disclosure_x_bias,12,init_easy,N1,exponential,26.247971022970184,29.3989925740174,0.6289024871693644,0.5544776119402985,14.626799017074564,34.87332443442563,0.014935296163352938,0.05151257809546473,"[[2094, 1011], [1200, 1653]]","[[211, 134], [161, 156]]"
disclosure_x_bias,13,init_easy,N1,exponential,26.213007440491726,29.389895602752432,0.6295739101009532,0.5575079149706015,14.599275601567118,34.884366423272425,0.015216766502907826,0.05278865485291557,"[[2099, 1006], [1201, 1652]]","[[213, 132], [161, 156]]"
disclosure_x_bias,14,init_easy,N1,exponential,26.197485237155973,29.385964367982133,0.630077265805651,0.559023066485753,14.587258137994157,34.88669669621131,0.01528592171778537,0.05262143276816594,"[[2104, 1001], [1203, 1650]]","[[214, 131], [161, 156]]"
disclosure_x_bias,15,init_easy,N1,exponential,25.998175872700035,29.249870998590808,0.630077265805651,0.559023066485753,14.546112731694027,34.93189048958187,0.01528592171778537,0.05262143276816594,"[[2105, 1000], [1204, 1649]]","[[214, 131], [161, 156]]"
disclosure_x_bias,16,init_easy,N1,exponential,25.971945418119816,29.245907799945115,0.6304131182674413,0.559023066485753,14.515611600343398,34.9229856761305,0.015107656744900746,0.05262143276816594,"[[2107, 998], [1204, 1649]]","[[214, 131], [161, 156]]"
disclosure_x_bias,17,init_easy,N1,exponential,25.88921323046153,29.145022092381303,0.6304131182674413,0.559023066485753,14.488041903226428,35.09625937970572,0.01510765674490076,0.05262143276816594,"[[2111, 994], [1208, 1645]]","[[215, 130], [162, 155]]"
disclosure_x_bias,18,init_easy,N1,exponential,25.884589729167583,29.01966211146841,0.630581185494332,0.5575305291723203,14.522737143457707,35.02675707350938,0.014884854663322485,0.054427058818320065,"[[2105, 1000], [1201, 1652]]","[[214, 131], [162, 155]]"
disclosure_x_bias,19,init_easy,N1,exponential,25.898708475108663,29.036203426464795,0.6307492527212227,0.5575305291723203,14.52719220975767,35.05558704092801,0.014677923430438486,0.054427058818320065,"[[2105, 1000], [1200, 1653]]","[[214, 131], [162, 155]]"
disclosure_x_bias,20,init_easy,N1,exponential,25.791767244975187,29.013724415542463,0.6304134002594326,0.5575305291723203,14.49418079250691,35.03438536264133,0.014376135414239828,0.054427058818320065,"[[2103, 1002], [1200, 1653]]","[[214, 131], [162, 155]]"
disclosure_x_bias,21,init_easy,N1,exponential,25.677257223983695,28.863980122382976,0.6305814674863234,0.5575305291723203,14.4562867466637,35.06029086616996,0.014621908750319703,0.054427058818320065,"[[2106, 999], [1202, 1651]]","[[214, 131], [162, 155]]"
disclosure_x_bias,22,init_easy,N1,exponential,25.674136858221953,28.940669203302196,0.6309170379561221,0.5575305291723203,14.435068787695633,35.230549589376956,0.014774007313641048,0.054427058818320065,"[[2106, 999], [1200, 1653]]","[[214, 131], [162, 155]]"
disclosure_x_bias,23,init_easy,N1,exponential,25.68551372900719,28.924475802250566,0.6312526084259207,0.5575305291723203,14.434977203224326,35.2147553682284,0.015083000672632135,0.054427058818320065,"[[2109, 996], [1201, 1652]]","[[214, 131], [162, 155]]"
disclosure_x_bias,24,init_easy,N1,exponential,25.602831695412032,28.75898056443129,0.6317559641306187,0.5560153776571687,14.427351222333066,35.210912225734475,0.015316989342932267,0.054542701143771764,"[[2113, 992], [1202, 1651]]","[[214, 131], [163, 154]]"
disclosure_x_bias,25,init_easy,N1,exponential,25.591323837499328,28.741949474741197,0.6332665952286956,0.5560153776571687,14.427337963625092,35.175712899751275,0.014282472067502718,0.054542701143771764,"[[2098, 1007], [1178, 1675]]","[[212, 133], [161, 156]]"
disclosure_x_bias,26,init_easy,N1,exponential,25.586054944170435,28.720548538499806,0.6332665952286956,0.5560153776571687,14.439646822374787,35.10756621446046,0.014282472067502718,0.054542701143771764,"[[2099, 1006], [1179, 1674]]","[[212, 133], [161, 156]]"
disclosure_x_bias,27,init_easy,N1,exponential,25.57362356010909,28.67739709973419,0.6334343804635949,0.5575079149706015,14.456308204985936,35.203903752025305,0.014062271899917746,0.05278865485291557,"[[2098, 1007], [1177, 1676]]","[[212, 133], [160, 157]]"
disclosure_x_bias,28,init_easy,N1,exponential,25.49841959139506,28.563740085186243,0.6336021656984941,0.5575079149706015,14.44398582546479,35.25571609539386,0.014104984339502368,0.05278865485291557,"[[2100, 1005], [1178, 1675]]","[[212, 133], [160, 157]]"
disclosure_x_bias,29,init_easy,N1,exponential,25.380048667656695,28.534065106120824,0.6325954542890981,0.5575079149706015,14.392292261133852,35.19314151416029,0.015659521430448808,0.05278865485291557,"[[2123, 982], [1207, 1646]]","[[215, 130], [163, 154]]"
disclosure_x_bias,30,init_easy,N1,exponential,25.401089949633388,28.590587567125475,0.6327632395239975,0.5575079149706015,14.39655035230153,35.33009534175243,0.01572774935677121,0.05278865485291557,"[[2123, 982], [1206, 1647]]","[[215, 130], [163, 154]]"
disclosure_x_bias,31,init_easy,N1,exponential,25.315965624208896,28.476746494113286,0.6329310247588968,0.5575079149706015,14.372212794834796,35.349822458291946,0.015951357561288532,0.05278865485291557,"[[2125, 980], [1207, 1646]]","[[215, 130], [163, 154]]"
disclosure_x_bias,32,init_easy,N1,exponential,25.290425324167465,28.41051866210774,0.6339377361682927,0.5575079149706015,14.36975111690658,35.25417308593747,0.014227448236976366,0.05278865485291557,"[[2102, 1003], [1178, 1675]]","[[212, 133], [160, 157]]"
disclosure_x_bias,33,init_easy,N1,exponential,25.169285622499206,28.392952741179084,0.6339377361682927,0.5575079149706015,14.346999263353231,35.42873405851371,0.014227448236976366,0.05278865485291557,"[[2102, 1003], [1178, 1675]]","[[212, 133], [160, 157]]"
disclosure_x_bias,34,init_easy,N1,exponential,25.165505523122004,28.40763196083273,0.6334343804635949,0.5544776119402985,14.345412416123736,35.41955532499437,0.014946470695625665,0.045181448313186066,"[[2115, 990], [1194, 1659]]","[[212, 133], [162, 155]]"
disclosure_x_bias,35,init_easy,N1,exponential,25.177922034234868,28.414757710258026,0.6337699509333935,0.552962460425147,14.350887967864132,35.42922088346159,0.014623756682390932,0.047410404086498256,"[[2118, 987], [1195, 1658]]","[[212, 133], [163, 154]]"
disclosure_x_bias,36,init_easy,N1,exponential,25.172346179937247,28.339523571883614,0.6341055214031922,0.552962460425147,14.3734905556717,35.40226068267484,0.014822322015026455,0.047410404086498256,"[[2119, 986], [1194, 1659]]","[[212, 133], [163, 154]]"
disclosure_x_bias,37,init_easy,N1,exponential,25.06917691508755,28.290841970115974,0.6344410918729908,0.5544776119402985,14.44151476170229,35.30222514787085,0.013996245261102512,0.05101500269049291,"[[2108, 997], [1181, 1672]]","[[212, 133], [162, 155]]"
disclosure_x_bias,38,init_easy,N1,exponential,25.07678172642535,28.351266188780095,0.6346088771078902,0.5544776119402985,14.448946008022489,35.41531787007528,0.014070316629810084,0.05101500269049291,"[[2109, 996], [1181, 1672]]","[[212, 133], [162, 155]]"
disclosure_x_bias,39,init_easy,N1,exponential,25.079622355063158,28.328979238763004,0.6346088771078902,0.5575079149706015,14.447955124791363,35.42383837888311,0.014225083204749061,0.058735336162099645,"[[2098, 1007], [1170, 1683]]","[[212, 133], [160, 157]]"
disclosure_x_bias,40,init_easy,N1,exponential,25.009126054608362,28.241839586797,0.6352800180474875,0.5575079149706015,14.428630547341664,35.392211152662064,0.01373946127779829,0.058735336162099645,"[[2099, 1006], [1167, 1686]]","[[212, 133], [160, 157]]"
disclosure_x_bias,41,init_easy,N1,exponential,24.763535785430395,28.216291761454414,0.6356155885172861,0.55599276345545,14.31481980757854,35.57982108723965,0.013955102511432702,0.05927377405697906,"[[2101, 1004], [1167, 1686]]","[[212, 133], [161, 156]]"
disclosure_x_bias,42,init_easy,N1,exponential,24.748351396239286,28.172474795116255,0.6359511589870848,0.55599276345545,14.312144443246599,35.488836582164,0.014224750590556225,0.05927377405697906,"[[2103, 1002], [1167, 1686]]","[[212, 133], [161, 156]]"
disclosure_x_bias,43,init_easy,N1,exponential,24.739839369938483,28.19172133147717,0.6364545146917828,0.5590230664857531,14.313967214906269,35.46598371741705,0.013686124439628595,0.056816828575236386,"[[2097, 1008], [1158, 1695]]","[[211, 134], [158, 159]]"
disclosure_x_bias,44,init_easy,N1,exponential,24.70469925350241,28.126625351947713,0.6367900851615814,0.5544776119402985,14.294761427722303,35.49102673874662,0.01384848938361619,0.04949227103215141,"[[2110, 995], [1169, 1684]]","[[211, 134], [161, 156]]"
disclosure_x_bias,45,init_easy,N1,exponential,24.730465305359964,28.156949128349652,0.6366222999266821,0.55599276345545,14.288338250290888,35.58509179671176,0.013825360887830172,0.04784365611268964,"[[2110, 995], [1170, 1683]]","[[211, 134], [160, 157]]"
disclosure_x_bias,46,init_easy,N1,exponential,24.720209651974848,28.120186917056383,0.6367900851615814,0.5544776119402985,14.285671189987761,35.505179959259195,0.01384848938361619,0.04949227103215141,"[[2110, 995], [1169, 1684]]","[[211, 134], [161, 156]]"
disclosure_x_bias,47,init_easy,N1,exponential,24.66892965153705,28.029047369202704,0.6367900851615814,0.55599276345545,14.284365734494736,35.515327770309334,0.013916086035405653,0.04784365611268964,"[[2111, 994], [1170, 1683]]","[[212, 133], [161, 156]]"
disclosure_x_bias,48,init_easy,N1,exponential,24.593626645134755,28.019662276075554,0.6367900851615814,0.55599276345545,14.27692808955737,35.50610872097311,0.013916086035405653,0.04784365611268964,"[[2111, 994], [1170, 1683]]","[[212, 133], [161, 156]]"
disclosure_x_bias,49,init_easy,N1,exponential,24.579752607576786,28.042832265679596,0.6377982065309344,0.55599276345545,14.271825995449008,35.51244264951616,0.012768318020116314,0.04784365611268964,"[[2120, 985], [1173, 1680]]","[[212, 133], [161, 156]]"
disclosure_x_bias,50,init_easy,N1,exponential,24.588127215188475,28.05690628974507,0.637798488522926,0.55599276345545,14.283312812374271,35.512106256437185,0.013217820216182292,0.04784365611268964,"[[2120, 985], [1173, 1680]]","[[212, 133], [161, 156]]"
disclosure_x_bias,51,init_easy,N1,exponential,24.589562242857504,28.143123479143185,0.6379662737578252,0.55599276345545,14.300308766711922,35.65318377418615,0.013178053036739648,0.04784365611268964,"[[2121, 984], [1173, 1680]]","[[212, 133], [161, 156]]"
disclosure_x_bias,52,init_easy,N1,exponential,24.57206778519946,28.098293390238744,0.6383018442276239,0.5544776119402985,14.297568905645049,35.55248648175444,0.012776590192879333,0.04949227103215141,"[[2122, 983], [1172, 1681]]","[[211, 134], [161, 156]]"
disclosure_x_bias,53,init_easy,N1,exponential,24.415622511327758,27.95462517854679,0.6383018442276239,0.5544776119402985,14.232188171570616,35.6559431335569,0.012727531656439096,0.04949227103215141,"[[2122, 983], [1172, 1681]]","[[211, 134], [161, 156]]"
disclosure_x_bias,54,init_easy,N1,exponential,24.406330397741172,27.919645083841726,0.6383018442276239,0.5544776119402985,14.233438168117754,35.59389568342966,0.012727531656439096,0.04949227103215141,"[[2123, 982], [1173, 1680]]","[[211, 134], [161, 156]]"
disclosure_x_bias,55,init_easy,N1,exponential,24.335867830594957,27.906809304310237,0.6386374146974225,0.5544776119402985,14.293805066985964,35.57474694289901,0.01267690655832489,0.04949227103215141,"[[2124, 981], [1172, 1681]]","[[211, 134], [161, 156]]"
disclosure_x_bias,56,init_easy,N1,exponential,24.241462199996565,27.86044979530066,0.6396455360667758,0.5529850746268656,14.283567799434453,35.477660185093946,0.012057531845587794,0.05126107980211769,"[[2131, 974], [1173, 1680]]","[[211, 134], [162, 155]]"
disclosure_x_bias,57,init_easy,N1,exponential,24.25538083320273,27.929768857044046,0.6393099655969771,0.5529850746268656,14.30222983244216,35.6118039748622,0.01185497249437164,0.05126107980211769,"[[2130, 975], [1174, 1679]]","[[211, 134], [162, 155]]"
disclosure_x_bias,58,init_easy,N1,exponential,24.24924225800596,27.969386258706198,0.6396455360667758,0.5529850746268656,14.298037042713784,35.70643215163949,0.012057531845587794,0.05126107980211769,"[[2131, 974], [1173, 1680]]","[[211, 134], [162, 155]]"
disclosure_x_bias,59,init_easy,N1,exponential,24.25441605466485,27.966743445420366,0.6394777508318763,0.5514699231117142,14.30764679578044,35.633115538610895,0.011866082434302065,0.04971870523831893,"[[2132, 973], [1175, 1678]]","[[211, 134], [163, 154]]"
disclosure_x_bias,60,init_easy,N1,exponential,24.262669929777477,27.942308395349066,0.6394777508318763,0.5514699231117142,14.316232071973245,35.64748879072507,0.011866082434302065,0.04971870523831893,"[[2132, 973], [1175, 1678]]","[[211, 134], [163, 154]]"
disclosure_x_bias,61,init_easy,N1,exponential,24.201275585284755,27.858222499671804,0.6404844622412724,0.5529850746268656,14.318819767694098,35.66697974049578,0.011611004272604263,0.050256023493889475,"[[2136, 969], [1173, 1680]]","[[212, 133], [163, 154]]"
disclosure_x_bias,62,init_easy,N1,exponential,24.175014669559474,27.84571395440567,0.6403166770063731,0.5514699231117142,14.302281045008307,35.666127627642794,0.011064144353686666,0.046538784206215766,"[[2135, 970], [1173, 1680]]","[[211, 134], [163, 154]]"
disclosure_x_bias,63,init_easy,N1,exponential,24.180345366004172,27.798600026756567,0.6401488917714737,0.5514699231117142,14.316122774222475,35.65352887672976,0.011038068312032318,0.046538784206215766,"[[2134, 971], [1173, 1680]]","[[211, 134], [163, 154]]"
disclosure_x_bias,64,init_easy,N1,exponential,24.199859883628147,27.79630217699928,0.6401488917714737,0.5514699231117142,14.338647790698237,35.633029255596725,0.011038068312032318,0.046538784206215766,"[[2134, 971], [1173, 1680]]","[[211, 134], [163, 154]]"
disclosure_x_bias,65,init_easy,N1,exponential,24.18795824079083,27.80566524663743,0.6403169589983644,0.5514699231117142,14.354788213995999,35.60767571869337,0.011306664779990634,0.046538784206215766,"[[2135, 970], [1173, 1680]]","[[211, 134], [163, 154]]"
disclosure_x_bias,66,init_easy,N1,exponential,24.12659136473198,27.739883524601897,0.6404847442332638,0.5514699231117142,14.346809676670448,35.727107700448954,0.011629097715617789,0.046538784206215766,"[[2135, 970], [1172, 1681]]","[[211, 134], [163, 154]]"
disclosure_x_bias,67,init_easy,N1,exponential,24.049609975958834,27.798023159890988,0.6406525294681631,0.5514699231117142,14.3381683495264,35.83168930277308,0.01132165438084227,0.046538784206215766,"[[2137, 968], [1173, 1680]]","[[211, 134], [163, 154]]"
disclosure_x_bias,68,init_easy,N1,exponential,24.055732833035535,27.780106589029607,0.6406525294681631,0.5514699231117142,14.310921034349025,35.75988351746545,0.01148622838849237,0.046538784206215766,"[[2136, 969], [1172, 1681]]","[[211, 134], [163, 154]]"
disclosure_x_bias,69,init_easy,N1,exponential,24.068666876500522,27.81480016038198,0.641155885172861,0.5514699231117142,14.309432335799329,35.766155918786936,0.011981092665510689,0.046538784206215766,"[[2137, 968], [1170, 1683]]","[[211, 134], [163, 154]]"
disclosure_x_bias,70,init_easy,N1,exponential,23.9785865511701,27.829917305456682,0.6413236704077605,0.5529850746268656,14.258502868746998,35.781853379785126,0.011645372011044873,0.050256023493889475,"[[2139, 966], [1171, 1682]]","[[212, 133], [163, 154]]"
disclosure_x_bias,71,init_easy,N1,exponential,23.918967593270786,27.808545432364486,0.6413236704077605,0.5529850746268656,14.248475806050125,35.740109403624444,0.011645372011044873,0.050256023493889475,"[[2139, 966], [1171, 1682]]","[[212, 133], [163, 154]]"
disclosure_x_bias,72,init_easy,N1,exponential,23.910288536498218,27.773633952725977,0.6413236704077605,0.5499547715965626,14.2653898295217,35.74554709773661,0.011752322283611413,0.049640155982920015,"[[2137, 968], [1169, 1684]]","[[210, 135], [163, 154]]"
disclosure_x_bias,73,init_easy,N1,exponential,23.822352255992698,27.785449242571907,0.6430037786926851,0.5514246947082768,14.332674382362299,35.760121047710335,0.011693228317393448,0.04257242515944614,"[[2162, 943], [1184, 1669]]","[[212, 133], [164, 153]]"
disclosure_x_bias,74,init_easy,N1,exponential,23.804345760488175,27.77899896228187,0.6433393491624837,0.5514246947082768,14.32889549423714,35.75426083734746,0.011321908494112295,0.04257242515944614,"[[2164, 941], [1184, 1669]]","[[212, 133], [164, 153]]"
disclosure_x_bias,75,init_easy,N1,exponential,23.818811135574375,27.772554205859997,0.6435071343973832,0.5529398462234283,14.343530905004972,35.71583447135551,0.011014372169268467,0.042605946914209956,"[[2165, 940], [1184, 1669]]","[[213, 132], [164, 153]]"
disclosure_x_bias,76,init_easy,N1,exponential,23.882598034734432,28.14704024730517,0.6440104901020811,0.5529398462234283,14.277298721380735,35.87061518914916,0.010827027008752904,0.042605946914209956,"[[2165, 940], [1181, 1672]]","[[213, 132], [164, 153]]"
disclosure_x_bias,77,init_easy,N1,exponential,23.883342635010287,28.133555741157814,0.6443460605718798,0.5514246947082768,14.276121998911917,35.78440019002622,0.01083105636876477,0.04257242515944614,"[[2168, 937], [1182, 1671]]","[[212, 133], [164, 153]]"
disclosure_x_bias,78,init_easy,N1,exponential,23.781461589945675,28.037305695509694,0.6448496982685692,0.5514246947082768,14.277156240660307,35.917931352473666,0.010732615045545617,0.04257242515944614,"[[2172, 933], [1183, 1670]]","[[213, 132], [165, 152]]"
disclosure_x_bias,79,init_easy,N1,exponential,23.80520973201955,28.032640308707915,0.6445141277987705,0.5514246947082768,14.282252233136889,35.86539509900465,0.011089837492032762,0.04257242515944614,"[[2166, 939], [1179, 1674]]","[[212, 133], [164, 153]]"
disclosure_x_bias,80,init_easy,N1,exponential,23.793050523770635,28.026945531828705,0.6431695899836445,0.5469244685662595,14.285501045835979,35.975623049532835,0.011767068255603223,0.046120929966068314,"[[2142, 963], [1163, 1690]]","[[209, 136], [164, 153]]"
disclosure_x_bias,81,init_easy,N1,exponential,23.748648639922003,27.98779280741967,0.6445141277987705,0.5499095431931252,14.257927349997079,35.898426537306605,0.011313234513797527,0.04307516381552285,"[[2169, 936], [1182, 1671]]","[[212, 133], [165, 152]]"
disclosure_x_bias,82,init_easy,N1,exponential,23.701595305227123,27.93005084345245,0.6446821950256613,0.5499095431931252,14.261291761177105,35.911429675068,0.011422492542446547,0.04307516381552285,"[[2169, 936], [1181, 1672]]","[[212, 133], [165, 152]]"
disclosure_x_bias,83,init_easy,N1,exponential,23.711828366140534,27.93116334431579,0.6450177654954599,0.5529398462234283,14.278480552732338,35.943536314705256,0.011126712502602772,0.046608723756062585,"[[2159, 946], [1169, 1684]]","[[212, 133], [163, 154]]"
disclosure_x_bias,84,init_easy,N1,exponential,23.705776653304717,27.963791221620237,0.6446821950256613,0.5499095431931252,14.268203808207469,35.97929261383629,0.01190521271974325,0.04307516381552285,"[[2156, 949], [1168, 1685]]","[[210, 135], [163, 154]]"
disclosure_x_bias,85,init_easy,N1,exponential,23.68928621806217,27.923785950772505,0.6446819130336698,0.5483943916779738,14.267846679840808,35.937092495931516,0.011914375656870167,0.04171787343175004,"[[2158, 947], [1170, 1683]]","[[210, 135], [164, 153]]"
disclosure_x_bias,86,init_easy,N1,exponential,23.709805164849868,27.97391722517268,0.646024476904856,0.5483943916779738,14.294301464001329,35.97821596563116,0.01131118818755145,0.04171787343175004,"[[2162, 943], [1166, 1687]]","[[210, 135], [164, 153]]"
disclosure_x_bias,87,init_easy,N1,exponential,23.681871167482164,27.991524568462637,0.6463600473746546,0.5483943916779738,14.319411248870708,35.98042946051233,0.011136696198065215,0.04171787343175004,"[[2166, 939], [1168, 1685]]","[[211, 134], [165, 152]]"
disclosure_x_bias,88,init_easy,N1,exponential,23.6643911490661,27.989549420084224,0.6453533359652586,0.5514246947082768,14.311296262071094,35.96726434095878,0.01156611509543359,0.04257242515944614,"[[2164, 941], [1172, 1681]]","[[212, 133], [164, 153]]"
disclosure_x_bias,89,init_easy,N1,exponential,23.666562820490515,28.012108612772785,0.6455211212001579,0.5514246947082768,14.313501465919357,36.006347336153674,0.011534142595640048,0.04257242515944614,"[[2164, 941], [1171, 1682]]","[[212, 133], [164, 153]]"
disclosure_x_bias,90,init_easy,N1,exponential,23.72713007164821,28.437534452098095,0.6471995375331341,0.5499095431931252,14.2459029939511,36.24397207044703,0.00948003713929629,0.04307516381552285,"[[2163, 942], [1160, 1693]]","[[211, 134], [164, 153]]"
disclosure_x_bias,91,init_easy,N1,exponential,23.707397553613582,28.353945509076517,0.6463600473746546,0.5514246947082768,14.244259032524171,36.15876112915248,0.009727431432123098,0.04257242515944614,"[[2163, 942], [1165, 1688]]","[[212, 133], [164, 153]]"
disclosure_x_bias,92,init_easy,N1,exponential,23.71259376603368,28.38424664243154,0.6471995375331341,0.5483943916779738,14.245082238072262,36.15452124973191,0.009578512227852434,0.04171787343175004,"[[2165, 940], [1162, 1691]]","[[211, 134], [165, 152]]"
disclosure_x_bias,93,init_easy,N1,exponential,23.710750549166967,28.38138255861163,0.6473670407760419,0.5483943916779738,14.234902862221167,36.13751619326024,0.00934926198176744,0.04171787343175004,"[[2166, 939], [1162, 1691]]","[[211, 134], [165, 152]]"
disclosure_x_bias,94,init_easy,N1,exponential,23.682640221784247,28.377720029812377,0.6473670407760419,0.5468792401628223,14.234560321632433,36.17197757857353,0.00934926198176744,0.041499651497435196,"[[2166, 939], [1162, 1691]]","[[210, 135], [165, 152]]"
disclosure_x_bias,95,init_easy,N1,exponential,23.68252919279814,28.348569000484048,0.6470314703062433,0.5483943916779738,14.234911536162095,36.08695746478175,0.009530236510094223,0.04292331963779388,"[[2163, 942], [1161, 1692]]","[[210, 135], [164, 153]]"
disclosure_x_bias,96,init_easy,N1,exponential,23.61415737272033,28.38784924443197,0.6480384637076307,0.5499095431931252,14.290302035663064,36.18783924094623,0.011052105724095951,0.042478871632892656,"[[2163, 942], [1155, 1698]]","[[210, 135], [163, 154]]"
disclosure_x_bias,97,init_easy,N1,exponential,23.608294667260356,28.38567375767257,0.64820624894253,0.5499095431931252,14.30354492107784,36.16959905232479,0.011001586212912376,0.04126044267992124,"[[2165, 940], [1156, 1697]]","[[211, 134], [164, 153]]"
disclosure_x_bias,98,init_easy,N1,exponential,23.56426172037458,28.30437224858257,0.649212960351926,0.5483943916779738,14.310893904320432,36.28006875968338,0.009612053809788277,0.0371923990346823,"[[2163, 942], [1148, 1705]]","[[210, 135], [164, 153]]"
disclosure_x_bias,99,init_easy,N1,exponential,23.589671305519722,28.30592431364649,0.648709604647228,0.5483943916779738,14.267504349035544,36.22655502807306,0.00992719457634631,0.0371923990346823,"[[2161, 944], [1149, 1704]]","[[210, 135], [164, 153]]"
disclosure_x_bias,100,init_easy,N1,exponential,23.460910209886883,28.296620745782086,0.6482059669505386,0.5468792401628223,14.222351336089615,36.18861400310668,0.010030276167704605,0.03830332964321515,"[[2160, 945], [1151, 1702]]","[[209, 136], [164, 153]]"
disclosure_x_bias,101,init_easy,N1,exponential,23.45884389364506,28.289244265808257,0.6485415374203373,0.5483943916779738,14.224014299847298,36.190997866925834,0.00987750424617212,0.0371923990346823,"[[2163, 942], [1152, 1701]]","[[210, 135], [164, 153]]"
disclosure_x_bias,102,init_easy,N1,exponential,23.44806112299586,28.215806694567334,0.6485415374203373,0.5483943916779738,14.250308721224787,36.12837408642488,0.00987750424617212,0.0371923990346823,"[[2163, 942], [1152, 1701]]","[[210, 135], [164, 153]]"
disclosure_x_bias,103,init_easy,N1,exponential,23.420890159005204,28.235094461734075,0.6493804635948339,0.5468792401628223,14.227911869363044,36.1638521724297,0.010509521007499304,0.03694745805459556,"[[2165, 940], [1149, 1704]]","[[208, 137], [163, 154]]"
disclosure_x_bias,104,init_easy,N1,exponential,23.43375519250781,28.291307095180382,0.6495482488297333,0.5514246947082768,14.251247313796716,36.25558401831601,0.010901608889772433,0.04546963158646014,"[[2171, 934], [1154, 1699]]","[[211, 134], [163, 154]]"
disclosure_x_bias,105,init_easy,N1,exponential,23.434899256047867,28.282848656104267,0.6483729062094636,0.5544097693351425,14.247264572552156,36.197659986566364,0.010902269424342257,0.044316809538224804,"[[2176, 929], [1166, 1687]]","[[213, 132], [163, 154]]"
disclosure_x_bias,106,init_easy,N1,exponential,23.4734288093305,28.347867134208208,0.6490440471490609,0.5544097693351425,14.316784163484607,36.29719522889259,0.010973164056523137,0.044316809538224804,"[[2177, 928], [1163, 1690]]","[[213, 132], [163, 154]]"
disclosure_x_bias,107,init_easy,N1,exponential,23.481164324333964,28.309976276999958,0.6487084766792623,0.5544097693351425,14.322641133643936,36.21661587192332,0.011127731435086639,0.044316809538224804,"[[2176, 929], [1164, 1689]]","[[213, 132], [163, 154]]"
disclosure_x_bias,108,init_easy,N1,exponential,23.473169552583023,28.338918385938506,0.6488762619141617,0.5528946178199909,14.332734893988162,36.243039073068225,0.010779910588258442,0.04011193210880474,"[[2174, 931], [1161, 1692]]","[[212, 133], [163, 154]]"
disclosure_x_bias,109,init_easy,N1,exponential,23.475473130067964,28.368343461729694,0.6493796176188597,0.5528946178199909,14.340036140694677,36.29615496253172,0.010541045296509217,0.04011193210880474,"[[2173, 932], [1157, 1696]]","[[212, 133], [163, 154]]"
disclosure_x_bias,110,init_easy,N1,exponential,23.39785916852342,28.35754060022133,0.6492118323839603,0.5513794663048394,14.383808464847037,36.249173471229305,0.010818708677130277,0.041327834323559444,"[[2172, 933], [1157, 1696]]","[[211, 134], [163, 154]]"
disclosure_x_bias,111,init_easy,N1,exponential,23.345303790277185,28.361177841790493,0.6498829733235576,0.5528946178199909,14.403440333188605,36.323760283016576,0.010510116148680297,0.04011193210880474,"[[2175, 930], [1156, 1697]]","[[212, 133], [163, 154]]"
disclosure_x_bias,112,init_easy,N1,exponential,23.362421043849107,28.330997313206694,0.649547402853759,0.5528946178199909,14.41047292354406,36.24497009596122,0.010700664296404903,0.04011193210880474,"[[2173, 932], [1156, 1697]]","[[212, 133], [163, 154]]"
disclosure_x_bias,113,init_easy,N1,exponential,23.335194572708858,28.312788648497282,0.6503863290282557,0.5544097693351425,14.414490516528836,36.354180807173876,0.010834259368582807,0.04008582280476247,"[[2170, 935], [1148, 1705]]","[[212, 133], [162, 155]]"
disclosure_x_bias,114,init_easy,N1,exponential,23.444615421273365,28.7485262896128,0.6505541142631549,0.555924920850294,14.332810093608781,36.558048352179426,0.010712890414339152,0.03999597182361288,"[[2170, 935], [1147, 1706]]","[[212, 133], [161, 156]]"
disclosure_x_bias,115,init_easy,N1,exponential,23.417489964304124,28.695851042743165,0.6502185437933563,0.555924920850294,14.340562698276512,36.562244261832845,0.011344255621022486,0.03999597182361288,"[[2171, 934], [1150, 1703]]","[[212, 133], [161, 156]]"
disclosure_x_bias,116,init_easy,N1,exponential,23.43195730562027,28.73499507062063,0.6512252552027522,0.555924920850294,14.338757768628493,36.55592215202958,0.010779227817935362,0.03999597182361288,"[[2176, 929], [1149, 1704]]","[[212, 133], [161, 156]]"
disclosure_x_bias,117,init_easy,N1,exponential,23.43536182256258,28.737531823295832,0.6515608256725509,0.555924920850294,14.335883759678419,36.564378040093594,0.01099583746984258,0.03999597182361288,"[[2169, 936], [1140, 1713]]","[[211, 134], [160, 157]]"
disclosure_x_bias,118,init_easy,N1,exponential,23.4391877353028,28.76702348694571,0.6515608256725509,0.555924920850294,14.348062647977924,36.601827159956486,0.01099583746984258,0.03999597182361288,"[[2170, 935], [1141, 1712]]","[[211, 134], [160, 157]]"
disclosure_x_bias,119,init_easy,N1,exponential,23.423765522149765,28.76261740875655,0.6515608256725509,0.555924920850294,14.336005929457313,36.58135881494622,0.01099583746984258,0.03999597182361288,"[[2170, 935], [1141, 1712]]","[[211, 134], [160, 157]]"
disclosure_x_bias,120,init_easy,N1,exponential,23.36042165963673,28.770359129541767,0.6515608256725509,0.555924920850294,14.30836001448318,36.58102558092621,0.01099583746984258,0.03999597182361288,"[[2169, 936], [1140, 1713]]","[[211, 134], [160, 157]]"
disclosure_x_bias,121,init_easy,N1,exponential,23.318769977405637,28.796719928995895,0.6517286109074503,0.5544097693351425,14.350864356739159,36.63145319880597,0.011168569304811724,0.04133888720074022,"[[2169, 936], [1139, 1714]]","[[210, 135], [160, 157]]"
disclosure_x_bias,122,init_easy,N1,exponential,23.305706946349282,28.799104046399787,0.6520641813772489,0.5544097693351425,14.344786158350601,36.66223160720562,0.011306063694768729,0.04133888720074022,"[[2169, 936], [1137, 1716]]","[[210, 135], [160, 157]]"
disclosure_x_bias,123,init_easy,N1,exponential,23.30286857583793,28.745681623618715,0.6520641813772489,0.5544097693351425,14.365658318794605,36.60378825425356,0.011660181948085315,0.04133888720074022,"[[2168, 937], [1136, 1717]]","[[210, 135], [160, 157]]"
disclosure_x_bias,124,init_easy,N1,exponential,23.291628944615802,28.778510801149167,0.6520641813772489,0.5544097693351425,14.346875743083105,36.642379751132836,0.011660181948085315,0.04133888720074022,"[[2168, 937], [1136, 1717]]","[[210, 135], [160, 157]]"
disclosure_x_bias,125,init_easy,N1,exponential,23.28372193532914,28.770767283597035,0.6530708927866449,0.5544097693351425,14.338488454459759,36.59267705300673,0.010425706695619088,0.04133888720074022,"[[2170, 935], [1132, 1721]]","[[210, 135], [160, 157]]"
disclosure_x_bias,126,init_easy,N1,exponential,23.319777682692866,28.79903118603575,0.6529031075517455,0.555924920850294,14.327588950183847,36.663035301745055,0.010234341305661854,0.039353050194170236,"[[2165, 940], [1128, 1725]]","[[210, 135], [159, 158]]"
disclosure_x_bias,127,init_easy,N1,exponential,23.316378738520847,28.76731104522625,0.6527350403248547,0.5574400723654456,14.318130086112271,36.63325778897685,0.010384346348239563,0.03984194791978198,"[[2165, 940], [1129, 1724]]","[[211, 134], [159, 158]]"
disclosure_x_bias,128,init_easy,N1,exponential,23.32826919059574,28.75712814476853,0.6525675370819469,0.5574400723654456,14.336014378328723,36.627983384528115,0.010357701628113997,0.03984194791978198,"[[2165, 940], [1130, 1723]]","[[211, 134], [159, 158]]"
disclosure_x_bias,129,init_easy,N1,exponential,23.311895561110763,28.749421397538896,0.6525672550899555,0.5574400723654456,14.329576603592958,36.61240706088096,0.010724577396170247,0.03984194791978198,"[[2165, 940], [1130, 1723]]","[[211, 134], [159, 158]]"
disclosure_x_bias,130,init_easy,N1,exponential,23.304049522005492,28.779345786858563,0.6532386780215442,0.5574400723654456,14.330290342395553,36.67159829686764,0.010610674742956818,0.03984194791978198,"[[2164, 941], [1125, 1728]]","[[211, 134], [159, 158]]"
disclosure_x_bias,131,init_easy,N1,exponential,23.269175293001158,28.68055529669808,0.6534064632564436,0.5574400723654456,14.341636082801863,36.633459558228544,0.010435887494951444,0.03984194791978198,"[[2165, 940], [1125, 1728]]","[[211, 134], [159, 158]]"
disclosure_x_bias,132,init_easy,N1,exponential,23.26596450413573,28.7171611778599,0.6537420337262422,0.5574400723654456,14.339469041954027,36.72391171267366,0.010523625272212456,0.03984194791978198,"[[2168, 937], [1126, 1727]]","[[211, 134], [159, 158]]"
disclosure_x_bias,133,init_easy,N1,exponential,23.194977076681678,28.704430040452717,0.6542456714229317,0.5589326096788783,14.376714789359474,36.65375862804198,0.01051760221591863,0.039904964505714395,"[[2166, 939], [1121, 1732]]","[[211, 134], [158, 159]]"
disclosure_x_bias,134,init_easy,N1,exponential,23.179788273596706,28.689176812069423,0.653910100953133,0.5559023066485753,14.371600021421637,36.63760937013522,0.01103034600423008,0.03256964993026546,"[[2163, 942], [1120, 1733]]","[[209, 136], [158, 159]]"
disclosure_x_bias,135,init_easy,N1,exponential,23.193869582296294,28.728097612468833,0.6537423157182336,0.5559023066485753,14.377307108407171,36.720205416913736,0.011007079809093089,0.03256964993026546,"[[2161, 944], [1119, 1734]]","[[209, 136], [158, 159]]"
disclosure_x_bias,136,init_easy,N1,exponential,23.17672422076799,28.65049986035178,0.6544134566578309,0.5543871551334238,14.382977567775834,36.617049408138264,0.010503304562962916,0.03494205188447516,"[[2162, 943], [1116, 1737]]","[[208, 137], [158, 159]]"
disclosure_x_bias,137,init_easy,N1,exponential,23.2217681785247,28.729290806815307,0.6544134566578309,0.5498643147896879,14.433200569138553,36.653841512098985,0.011195255487741671,0.034492444558664015,"[[2164, 941], [1118, 1735]]","[[207, 138], [160, 157]]"
disclosure_x_bias,138,init_easy,N1,exponential,23.251789929834292,28.83735274240309,0.6545812418927303,0.5498643147896879,14.426718713011876,36.94715635018306,0.011234848951028957,0.034492444558664015,"[[2164, 941], [1117, 1736]]","[[207, 138], [160, 157]]"
disclosure_x_bias,139,init_easy,N1,exponential,23.239498278444906,28.82074715311159,0.6544137386498223,0.5513568521031208,14.433884373976774,36.92338140202489,0.011185230877559568,0.034926794880016536,"[[2164, 941], [1118, 1735]]","[[207, 138], [159, 158]]"
disclosure_x_bias,140,init_easy,N1,exponential,23.239449824528762,28.784430230297147,0.6557560205290169,0.5498417005879692,14.44514648097191,36.88200345577812,0.009343197321402102,0.031743265670634443,"[[2160, 945], [1106, 1747]]","[[206, 139], [159, 158]]"
disclosure_x_bias,141,init_easy,N1,exponential,23.207188519301166,28.823368092306197,0.6555882352941176,0.5498417005879692,14.42750399169046,36.94274567471712,0.009081084291285131,0.031743265670634443,"[[2158, 947], [1105, 1748]]","[[206, 139], [159, 158]]"
disclosure_x_bias,142,init_easy,N1,exponential,23.20929808937759,28.828838095560997,0.6557560205290169,0.5483265490728177,14.427082998962428,36.98097614838077,0.009140117696905899,0.034618043420621046,"[[2158, 947], [1104, 1749]]","[[205, 140], [159, 158]]"
disclosure_x_bias,143,init_easy,N1,exponential,23.182577577234902,28.863409064005026,0.6559238057639163,0.5483265490728177,14.452143620542996,37.013322542036946,0.009023683513333127,0.034618043420621046,"[[2158, 947], [1103, 1750]]","[[205, 140], [159, 158]]"
disclosure_x_bias,144,init_easy,N1,exponential,23.180244950257215,28.877276327526907,0.6554204500592183,0.5498417005879692,14.458244420714742,37.05691482556519,0.007869838101297042,0.0348094200692556,"[[2159, 946], [1107, 1746]]","[[207, 138], [160, 157]]"
disclosure_x_bias,145,init_easy,N1,exponential,23.175441190759962,28.846936848072907,0.6557560205290169,0.5483265490728177,14.45235725429246,36.994328027842684,0.009071414257003781,0.034618043420621046,"[[2157, 948], [1103, 1750]]","[[205, 140], [159, 158]]"
disclosure_x_bias,146,init_easy,N1,exponential,23.178515542527677,28.87018964115926,0.6557560205290169,0.5483265490728177,14.446816349293416,37.00251072144994,0.009071414257003781,0.034618043420621046,"[[2157, 948], [1103, 1750]]","[[205, 140], [159, 158]]"
disclosure_x_bias,147,init_easy,N1,exponential,23.192215650833642,28.866557612276473,0.6559238057639163,0.5483265490728177,14.462336545795397,36.97610310527048,0.009127083679110295,0.034618043420621046,"[[2157, 948], [1102, 1751]]","[[205, 140], [159, 158]]"
disclosure_x_bias,148,init_easy,N1,exponential,23.179242617090487,28.881324222013557,0.6559238057639163,0.5483265490728177,14.452674597537904,37.01472476420104,0.009127083679110295,0.034618043420621046,"[[2157, 948], [1102, 1751]]","[[205, 140], [159, 158]]"
disclosure_x_bias,149,init_easy,N1,exponential,23.22145367059011,28.868278468897905,0.6559238057639163,0.5498417005879692,14.479380073762,36.9979440482382,0.009127083679110295,0.036245360125381584,"[[2157, 948], [1102, 1751]]","[[206, 139], [159, 158]]"
disclosure_x_bias,150,init_easy,N1,exponential,23.220057991975445,28.871791987888884,0.6560913090068242,0.5483265490728177,14.487890175750422,37.01575303712776,0.008259180957906155,0.033873200730690466,"[[2166, 939], [1110, 1743]]","[[207, 138], [161, 156]]"
disclosure_x_bias,151,init_easy,N1,exponential,23.12673250859732,28.762743522697292,0.6557560205290169,0.5468340117593848,14.524225242657755,36.833132747441205,0.007930765146553989,0.030052119598167778,"[[2166, 939], [1112, 1741]]","[[207, 138], [162, 155]]"
disclosure_x_bias,152,init_easy,N1,exponential,23.103038181184793,28.816515518124113,0.656259376233715,0.5453188602442334,14.469209608843151,36.94232631366481,0.008261419124357565,0.032920768653926714,"[[2167, 938], [1110, 1743]]","[[206, 139], [162, 155]]"
disclosure_x_bias,153,init_easy,N1,exponential,23.173235724028793,28.810266053969617,0.6562599402176978,0.5498417005879692,14.519731386457236,36.8980077579052,0.007926070995191086,0.0348094200692556,"[[2161, 944], [1104, 1749]]","[[207, 138], [160, 157]]"
disclosure_x_bias,154,init_easy,N1,exponential,23.243606148028444,29.31616487338696,0.6564277254525972,0.5483265490728177,14.444164794787515,37.25508584338224,0.008171646039409569,0.033873200730690466,"[[2166, 939], [1108, 1745]]","[[207, 138], [161, 156]]"
disclosure_x_bias,155,init_easy,N1,exponential,23.238036448739827,29.28273348068779,0.655589081270092,0.5498417005879692,14.461310982897523,37.22138949658927,0.009484358033686873,0.0348094200692556,"[[2165, 940], [1112, 1741]]","[[207, 138], [160, 157]]"
disclosure_x_bias,156,init_easy,N1,exponential,23.22561419309766,29.29452635899089,0.6562599402176978,0.5483265490728177,14.45847102540952,37.25629161675841,0.010080160864071609,0.033873200730690466,"[[2171, 934], [1114, 1739]]","[[207, 138], [161, 156]]"
disclosure_x_bias,157,init_easy,N1,exponential,23.22326323308225,29.274182816687954,0.6567632959223958,0.5483265490728177,14.458764909995399,37.21939682747214,0.007671673791676516,0.032332078848736914,"[[2161, 944], [1101, 1752]]","[[206, 139], [160, 157]]"
disclosure_x_bias,158,init_easy,N1,exponential,23.21448072339867,29.29700763285511,0.6574344368619931,0.5498417005879692,14.459361921355203,37.263608940496404,0.00824080800918212,0.03406876168908316,"[[2161, 944], [1097, 1756]]","[[207, 138], [160, 157]]"
disclosure_x_bias,159,init_easy,N1,exponential,23.20711735608484,29.253581518131664,0.6576025040888839,0.5513568521031208,14.455182601428776,37.18453168665136,0.008976965434722622,0.03635809958800731,"[[2162, 943], [1097, 1756]]","[[208, 137], [160, 157]]"
disclosure_x_bias,160,init_easy,N1,exponential,23.18248855632966,29.296881264233207,0.6574347188539845,0.5498643147896879,14.482734341925374,37.2907593108843,0.00834047749539613,0.0359410508568297,"[[2160, 945], [1096, 1757]]","[[208, 137], [161, 156]]"
disclosure_x_bias,161,init_easy,N1,exponential,23.047849995425985,29.227834799501828,0.6574347188539845,0.5498417005879692,14.464291386345094,37.27984583740845,0.00845223977345,0.0348094200692556,"[[2163, 942], [1099, 1754]]","[[208, 137], [161, 156]]"
disclosure_x_bias,162,init_easy,N1,exponential,23.06238613454636,29.205661544001327,0.6576027860808753,0.5483491632745364,14.446748564486851,37.22903613496787,0.008084680116339449,0.0335485152564103,"[[2161, 944], [1096, 1757]]","[[207, 138], [161, 156]]"
disclosure_x_bias,163,init_easy,N1,exponential,23.118172809917326,29.24227200379956,0.6574347188539845,0.5498417005879692,14.486341847047383,37.302337912576995,0.009231372232762294,0.03762654030972432,"[[2159, 946], [1095, 1758]]","[[206, 139], [159, 158]]"
disclosure_x_bias,164,init_easy,N1,exponential,23.100834846688677,29.176749890808377,0.6567635779143872,0.5498417005879692,14.483832725850466,37.15382653777788,0.009147102565181375,0.03762654030972432,"[[2160, 945], [1100, 1753]]","[[206, 139], [159, 158]]"
disclosure_x_bias,165,init_easy,N1,exponential,23.126070992055524,29.276222075435953,0.6570991483841859,0.5468113975576662,14.495108809419628,37.41752053714077,0.00785714146780082,0.032046450772932944,"[[2164, 941], [1102, 1751]]","[[206, 139], [161, 156]]"
disclosure_x_bias,166,init_easy,N1,exponential,23.104414938541904,29.274101629337707,0.6574347188539845,0.5468113975576662,14.494239033565586,37.405608110136555,0.007996744346967517,0.032046450772932944,"[[2165, 940], [1101, 1752]]","[[206, 139], [161, 156]]"
disclosure_x_bias,167,init_easy,N1,exponential,23.102060983721852,29.2818386661368,0.6577705713157747,0.5498643147896879,14.4995278262724,37.42870289795011,0.007419664285699753,0.038675831559445935,"[[2159, 946], [1093, 1760]]","[[206, 139], [159, 158]]"
disclosure_x_bias,168,init_easy,N1,exponential,23.107657433652797,29.28906719687733,0.6576025040888839,0.5483491632745364,14.504034752609096,37.430239435105946,0.007620966650341623,0.03715614200319196,"[[2163, 942], [1098, 1755]]","[[206, 139], [160, 157]]"
disclosure_x_bias,169,init_easy,N1,exponential,23.11403589197107,29.295709549950935,0.6576025040888839,0.5468340117593848,14.516719541963887,37.4599734073609,0.007620966650341623,0.03327447523949848,"[[2161, 944], [1096, 1757]]","[[206, 139], [161, 156]]"
disclosure_x_bias,170,init_easy,N1,exponential,23.11167719580753,29.30908921605294,0.6576025040888839,0.5498643147896879,14.510695620803574,37.45044843414041,0.007620966650341623,0.038675831559445935,"[[2159, 946], [1094, 1759]]","[[206, 139], [159, 158]]"
disclosure_x_bias,171,init_easy,N1,exponential,23.096793139599693,29.275334680534154,0.6581067057695561,0.5452962460425147,14.508483042285576,37.41733606160644,0.00826056763342527,0.03086211218986316,"[[2167, 938], [1099, 1754]]","[[205, 140], [161, 156]]"
disclosure_x_bias,172,init_easy,N1,exponential,23.051242262920457,29.267477155901577,0.6579386385426653,0.5498417005879692,14.50529469081354,37.42487739911587,0.00810924506977823,0.03762654030972432,"[[2166, 939], [1099, 1754]]","[[206, 139], [159, 158]]"
disclosure_x_bias,173,init_easy,N1,exponential,23.035511703667925,29.270407325925568,0.6577708533077661,0.5483265490728177,14.493004767918219,37.41687394836789,0.00847077167918179,0.036762134566195495,"[[2165, 940], [1099, 1754]]","[[205, 140], [159, 158]]"
disclosure_x_bias,174,init_easy,N1,exponential,23.059558851940498,29.283350792993808,0.6576030680728667,0.5483265490728177,14.481357719289251,37.431661695454395,0.009127754781183788,0.036762134566195495,"[[2167, 938], [1102, 1751]]","[[205, 140], [159, 158]]"
disclosure_x_bias,175,init_easy,N1,exponential,23.02540382799378,29.239410463920525,0.6584419942473634,0.5483265490728177,14.532878852882854,37.44340352147377,0.00894053760051452,0.036762134566195495,"[[2165, 940], [1095, 1758]]","[[205, 140], [159, 158]]"
disclosure_x_bias,176,init_easy,N1,exponential,23.005752936923354,29.239505706539763,0.6584419942473634,0.5483265490728177,14.511254101155057,37.40425124002505,0.00894053760051452,0.036762134566195495,"[[2167, 938], [1097, 1756]]","[[205, 140], [159, 158]]"
disclosure_x_bias,177,init_easy,N1,exponential,23.01116726710628,29.24989047483063,0.6584419942473634,0.5498417005879692,14.518165703160927,37.445307692831165,0.00894053760051452,0.03762654030972432,"[[2166, 939], [1096, 1757]]","[[206, 139], [159, 158]]"
disclosure_x_bias,178,init_easy,N1,exponential,23.016407387709734,29.26750109677905,0.6582739270204726,0.5513342379014021,14.523435801892335,37.43230108480529,0.009156385426992137,0.0386715339162677,"[[2167, 938], [1098, 1755]]","[[207, 138], [159, 158]]"
disclosure_x_bias,179,init_easy,N1,exponential,23.008357062347354,29.27318543874093,0.6584419942473634,0.5498417005879692,14.526615148577868,37.495954456026304,0.00894053760051452,0.03762654030972432,"[[2166, 939], [1096, 1757]]","[[206, 139], [159, 158]]"
disclosure_x_bias,180,init_easy,N1,exponential,23.00704887177326,29.268913090126755,0.6582739270204726,0.5513342379014021,14.53869307233179,37.4513497034895,0.009156385426992137,0.0386715339162677,"[[2166, 939], [1097, 1756]]","[[207, 138], [159, 158]]"
disclosure_x_bias,181,init_easy,N1,exponential,23.005676251377896,29.28499664251968,0.6587781287011449,0.5513342379014021,14.54205651371982,37.50017772502238,0.009722644350628471,0.0386715339162677,"[[2164, 941], [1092, 1761]]","[[207, 138], [159, 158]]"
disclosure_x_bias,182,init_easy,N1,exponential,22.98152168270645,29.231197155298986,0.6589461959280356,0.5513116236996833,14.548333986222005,37.49210996802677,0.009509748737428481,0.03956666079337157,"[[2166, 939], [1093, 1760]]","[[206, 139], [158, 159]]"
disclosure_x_bias,183,init_easy,N1,exponential,23.01868858613829,29.247756645215624,0.6589461959280356,0.5498190863862505,14.555721591755713,37.49536261707937,0.009343839351209988,0.03789737346809807,"[[2166, 939], [1093, 1760]]","[[206, 139], [159, 158]]"
disclosure_x_bias,184,init_easy,N1,exponential,23.031238813904213,29.257533090722298,0.6584428402233377,0.5513116236996833,14.558772095028125,37.44706673255298,0.0093185571402634,0.041455593759211665,"[[2166, 939], [1096, 1757]]","[[206, 139], [158, 159]]"
disclosure_x_bias,185,init_easy,N1,exponential,23.017954983203058,29.210569954866276,0.6591142631549264,0.5513116236996833,14.553528407685677,37.44835802670597,0.00915301991457081,0.04083565906653688,"[[2165, 940], [1091, 1762]]","[[205, 140], [157, 160]]"
disclosure_x_bias,186,init_easy,N1,exponential,23.0009989329524,29.242406719417914,0.6594495516327337,0.5528041610131162,14.532718320573855,37.51792751171648,0.009065654295897452,0.0435020612974351,"[[2166, 939], [1090, 1763]]","[[206, 139], [157, 160]]"
disclosure_x_bias,187,init_easy,N1,exponential,23.02310939582693,29.267178115182087,0.6594495516327337,0.5513116236996833,14.5836377003615,37.50122421783905,0.009168581141561973,0.03956666079337157,"[[2168, 937], [1092, 1761]]","[[206, 139], [158, 159]]"
disclosure_x_bias,188,init_easy,N1,exponential,23.017474274168798,29.265167127845825,0.6592817663978343,0.5528267752148349,14.556356506855156,37.53476889719826,0.009778810258987749,0.04024638974907638,"[[2168, 937], [1093, 1760]]","[[207, 138], [158, 159]]"
disclosure_x_bias,189,init_easy,N1,exponential,23.00769017909176,29.214049042988346,0.6594495516327337,0.5497964721845319,14.555227321345125,37.38981823903325,0.009404364001267127,0.04073344439375246,"[[2168, 937], [1092, 1761]]","[[205, 140], [158, 159]]"
disclosure_x_bias,190,init_easy,N1,exponential,23.01988889022787,29.24211355787857,0.6594495516327337,0.5528267752148349,14.567021191720556,37.44007061188475,0.009236561862539879,0.04024638974907638,"[[2168, 937], [1092, 1761]]","[[207, 138], [158, 159]]"
disclosure_x_bias,191,init_easy,N1,exponential,22.980524642060413,29.204022546986558,0.6592817663978343,0.5528267752148349,14.557510265627805,37.393175956014005,0.00925286825542845,0.04024638974907638,"[[2167, 938], [1092, 1761]]","[[207, 138], [158, 159]]"
disclosure_x_bias,192,init_easy,N1,exponential,22.973270831206108,29.204102143544326,0.6592820483898257,0.5528041610131162,14.556692076165723,37.41340711516879,0.009474785270931296,0.0435020612974351,"[[2167, 938], [1092, 1761]]","[[206, 139], [157, 160]]"
disclosure_x_bias,193,init_easy,N1,exponential,22.91655297279325,29.14673960246135,0.659617336867633,0.5512890094979647,14.5974333932949,37.40572491998235,0.009871216851980827,0.04404693358902919,"[[2167, 938], [1090, 1763]]","[[205, 140], [157, 160]]"
disclosure_x_bias,194,init_easy,N1,exponential,22.957094249123664,29.16352688265486,0.6597856860865152,0.5512890094979647,14.615119490390788,37.475376971926686,0.009538401403978625,0.042873091252388626,"[[2168, 937], [1090, 1763]]","[[205, 140], [157, 160]]"
disclosure_x_bias,195,init_easy,N1,exponential,22.966279720353164,29.195890288257782,0.6604562630421296,0.5528041610131162,14.638836683769506,37.554447608106884,0.00899550464879167,0.04291170160452097,"[[2166, 939], [1084, 1769]]","[[206, 139], [157, 160]]"
disclosure_x_bias,196,init_easy,N1,exponential,22.9724693383208,29.183327582324846,0.6604565450341211,0.5512890094979647,14.608848591321962,37.505837519167784,0.009053585576783275,0.04404693358902919,"[[2166, 939], [1084, 1769]]","[[205, 140], [157, 160]]"
disclosure_x_bias,197,init_easy,N1,exponential,22.939178745787338,29.17813701135983,0.6602884778072303,0.5497738579828132,14.618445783751971,37.451452585567296,0.008893456498084186,0.043367078005707896,"[[2166, 939], [1085, 1768]]","[[204, 141], [157, 160]]"
disclosure_x_bias,198,init_easy,N1,exponential,22.94752671652764,29.190473015169268,0.660792961479894,0.5528041610131162,14.634783967148906,37.50351693537168,0.009072281011333097,0.04291170160452097,"[[2166, 939], [1082, 1771]]","[[206, 139], [157, 160]]"
disclosure_x_bias,199,init_easy,N1,exponential,22.933506206119855,29.206562442770498,0.660792961479894,0.5512890094979647,14.624257173908804,37.47243172041166,0.009673005570590976,0.04227394884565772,"[[2167, 938], [1083, 1770]]","[[205, 140], [157, 160]]"
disclosure_x_bias,200,init_easy,N1,exponential,22.731965447467697,28.42592578673367,0.6607932434718855,0.5512890094979647,14.567627395263907,35.67689612106683,0.01001258331020059,0.04404693358902919,"[[2165, 940], [1081, 1772]]","[[205, 140], [157, 160]]"
disclosure_x_bias,201,init_easy,N1,exponential,22.83961071026154,29.03960608852982,0.6602890417912131,0.5497738579828132,14.493807223672738,36.30582283962147,0.009384778682936204,0.04565921883776122,"[[2162, 943], [1081, 1772]]","[[203, 142], [156, 161]]"
disclosure_x_bias,202,init_easy,N1,exponential,22.840086493581058,29.021729565932038,0.6611288139416841,0.5512890094979647,14.532561370366487,36.21716277729643,0.009795751955161172,0.04404693358902919,"[[2168, 937], [1082, 1771]]","[[205, 140], [157, 160]]"
disclosure_x_bias,203,init_easy,N1,exponential,22.84535722646408,29.03862890988531,0.6606243302690203,0.5512890094979647,14.52830179876379,36.2678335992905,0.008907923450128395,0.04404693358902919,"[[2168, 937], [1085, 1768]]","[[205, 140], [157, 160]]"
disclosure_x_bias,204,init_easy,N1,exponential,22.834423669653713,29.033406113998247,0.660792961479894,0.5497738579828132,14.50685230128326,36.23518846670048,0.009575502307033442,0.043367078005707854,"[[2166, 939], [1082, 1771]]","[[204, 141], [157, 160]]"
disclosure_x_bias,205,init_easy,N1,exponential,22.907978480280555,29.033947810163397,0.6606246122610118,0.5543193125282677,14.561701131600023,36.27721562327803,0.008965509536161907,0.04168446221725198,"[[2162, 943], [1079, 1774]]","[[206, 139], [156, 161]]"
disclosure_x_bias,206,init_easy,N1,exponential,22.839189334781427,29.016574004784893,0.6614638204274998,0.5543193125282677,14.514966087682755,36.236448363995315,0.009934260664185146,0.0434814902910718,"[[2163, 942], [1075, 1778]]","[[205, 140], [155, 162]]"
disclosure_x_bias,207,init_easy,N1,exponential,22.837863346671586,29.032203027868086,0.6612957532006091,0.5528041610131162,14.52004645242938,36.28066103844055,0.00809540067836129,0.04231310591371295,"[[2165, 940], [1078, 1775]]","[[205, 140], [156, 161]]"
disclosure_x_bias,208,init_easy,N1,exponential,22.839623868639894,29.045010992313344,0.6617993908972986,0.5558344640434193,14.518050433648712,36.263734031263915,0.009260758208067453,0.0422104102494349,"[[2168, 937], [1078, 1775]]","[[207, 138], [156, 161]]"
disclosure_x_bias,209,init_easy,N1,exponential,22.835425904512668,29.051750219695073,0.6623024646100051,0.5543193125282677,14.524800498987497,36.323750406759345,0.007915918096209106,0.04289084745493165,"[[2166, 939], [1073, 1780]]","[[206, 139], [156, 161]]"
disclosure_x_bias,210,init_easy,N1,exponential,22.865514823047896,29.100042940699364,0.6619668941402064,0.5543193125282677,14.584358427321161,36.35676806750755,0.010355900353039503,0.04289084745493165,"[[2163, 942], [1072, 1781]]","[[206, 139], [156, 161]]"
disclosure_x_bias,211,init_easy,N1,exponential,22.85945697127939,29.043331546608936,0.6629741695335852,0.5543193125282677,14.592931242396556,36.32663258206265,0.008508837151717944,0.04168446221725197,"[[2167, 938], [1070, 1783]]","[[206, 139], [156, 161]]"
disclosure_x_bias,212,init_easy,N1,exponential,22.86117520254358,29.06815141365508,0.6629741695335852,0.5543193125282677,14.604388733944015,36.344253843051895,0.009933549334854911,0.04168446221725197,"[[2165, 940], [1068, 1785]]","[[206, 139], [156, 161]]"
disclosure_x_bias,213,init_easy,N1,exponential,22.84070794184848,29.005380619559496,0.6626385990637866,0.5528041610131162,14.573110174609681,36.207937024157566,0.009284624318667011,0.04231310591371295,"[[2166, 939], [1071, 1782]]","[[205, 140], [156, 161]]"
disclosure_x_bias,214,init_easy,N1,exponential,22.85473631325098,29.05907446950486,0.6631419547684846,0.5528041610131162,14.585082359998946,36.2791268729179,0.009225552561262316,0.04231310591371295,"[[2166, 939], [1068, 1785]]","[[205, 140], [156, 161]]"
disclosure_x_bias,215,init_easy,N1,exponential,22.837887245935228,29.039891479749446,0.6633097400033839,0.5512890094979647,14.574906929486115,36.23782088397072,0.009727835497910809,0.041666191912327774,"[[2171, 934], [1072, 1781]]","[[205, 140], [157, 160]]"
disclosure_x_bias,216,init_easy,N1,exponential,22.83091851025527,29.041261451458023,0.6633097400033839,0.5528041610131162,14.590602034271921,36.2393105642947,0.008992643642004382,0.04231310591371295,"[[2163, 942], [1064, 1789]]","[[205, 140], [156, 161]]"
disclosure_x_bias,217,init_easy,N1,exponential,22.814926669200812,29.034466067948113,0.6636453104731825,0.5528041610131162,14.58848192811183,36.2528939312076,0.008533416496744493,0.04108976182705836,"[[2170, 935], [1069, 1784]]","[[206, 139], [157, 160]]"
disclosure_x_bias,218,init_easy,N1,exponential,22.846570736879816,29.1419318289228,0.663309176019401,0.5528041610131162,14.600698250707639,36.48861369182668,0.00887728386465193,0.04108976182705836,"[[2170, 935], [1071, 1782]]","[[206, 139], [157, 160]]"
disclosure_x_bias,219,init_easy,N1,exponential,22.843735738430972,29.141889262812548,0.6636453104731825,0.5528041610131162,14.60460722284913,36.4736874388025,0.008533416496744493,0.04108976182705836,"[[2169, 936], [1068, 1785]]","[[206, 139], [157, 160]]"
disclosure_x_bias,220,init_easy,N1,exponential,22.825735839289106,29.130471013278775,0.6639811629349726,0.5528041610131162,14.600965034715175,36.48808356588976,0.00869357685420802,0.04108976182705836,"[[2170, 935], [1067, 1786]]","[[206, 139], [157, 160]]"
disclosure_x_bias,221,init_easy,N1,exponential,22.831066551923062,29.132312358354323,0.6636450284811911,0.5497738579828132,14.591538970771996,36.49911861302928,0.008361269485333922,0.0415651037188901,"[[2170, 935], [1069, 1784]]","[[204, 141], [157, 160]]"
disclosure_x_bias,222,init_easy,N1,exponential,22.825954348240455,29.130852535124767,0.6636450284811911,0.5512890094979647,14.610216552565994,36.49536132625075,0.008727359386548778,0.04104943782738782,"[[2169, 936], [1068, 1785]]","[[205, 140], [157, 160]]"
disclosure_x_bias,223,init_easy,N1,exponential,22.82447802088347,29.12339522916316,0.6639808809429812,0.5512890094979647,14.611759656650756,36.457371684749354,0.008561291767403594,0.04104943782738782,"[[2173, 932], [1070, 1783]]","[[205, 140], [157, 160]]"
disclosure_x_bias,224,init_easy,N1,exponential,22.841628071158638,29.14111934096785,0.6639805989509898,0.5512890094979647,14.622387224856327,36.511264115194884,0.00889545303082036,0.04104943782738782,"[[2166, 939], [1063, 1790]]","[[205, 140], [157, 160]]"
disclosure_x_bias,225,init_easy,N1,exponential,22.799441396331968,29.123006212730342,0.6643161694207884,0.5497738579828132,14.637640789227397,36.50208616687323,0.008326414564243507,0.043367078005707854,"[[2161, 944], [1056, 1797]]","[[203, 142], [156, 161]]"
disclosure_x_bias,226,init_easy,N1,exponential,22.796528059206242,29.099887001012387,0.6641483841858891,0.5512890094979647,14.627223268323434,36.470603421171695,0.008671724632402006,0.0446222765121492,"[[2157, 948], [1053, 1800]]","[[203, 142], [155, 162]]"
disclosure_x_bias,227,init_easy,N1,exponential,22.788694558764753,29.115976898036166,0.664148948169872,0.5497738579828132,14.633207382533872,36.48439598024599,0.009606898948950183,0.043367078005707854,"[[2161, 944], [1057, 1796]]","[[203, 142], [156, 161]]"
disclosure_x_bias,228,init_easy,N1,exponential,22.79629869187968,29.074619738177823,0.6644839546556878,0.5497738579828132,14.635687146148644,36.39972387423671,0.009098929165506529,0.043367078005707854,"[[2164, 941], [1058, 1795]]","[[203, 142], [156, 161]]"
disclosure_x_bias,229,init_easy,N1,exponential,22.812445043942194,29.13994101143158,0.6649878743443687,0.5482587064676616,14.642156948757734,36.473593143005246,0.009176798249788043,0.04261658163974348,"[[2171, 934], [1062, 1791]]","[[202, 143], [156, 161]]"
disclosure_x_bias,230,init_easy,N1,exponential,22.794277002293448,29.07510627288034,0.6644842366476792,0.5497738579828132,14.648430428673691,36.39677114570315,0.009086823907147011,0.043367078005707854,"[[2162, 943], [1056, 1797]]","[[202, 143], [155, 162]]"
disclosure_x_bias,231,init_easy,N1,exponential,22.793831383487795,29.06812029530837,0.6654909480570752,0.5497738579828132,14.651134145463272,36.37638475489838,0.008948223993641445,0.043367078005707854,"[[2169, 936], [1057, 1796]]","[[203, 142], [156, 161]]"
disclosure_x_bias,232,init_easy,N1,exponential,22.754040197109948,29.02141069795831,0.665491512041058,0.5482587064676616,14.653190075322515,36.43037161362516,0.009469662164904637,0.04261658163974348,"[[2171, 934], [1059, 1794]]","[[202, 143], [156, 161]]"
disclosure_x_bias,233,init_easy,N1,exponential,22.754500079217657,29.026969239925016,0.6658273645028482,0.5497738579828132,14.652004556251025,36.432525400924284,0.009342771220441517,0.043367078005707854,"[[2171, 934], [1057, 1796]]","[[203, 142], [156, 161]]"
disclosure_x_bias,234,init_easy,N1,exponential,22.74803887711909,29.034086940817637,0.6663310021995376,0.5482587064676616,14.653591983283171,36.45815630360113,0.010183179880099435,0.04261658163974348,"[[2173, 932], [1056, 1797]]","[[202, 143], [156, 161]]"
disclosure_x_bias,235,init_easy,N1,exponential,22.765520354603957,29.025259954309057,0.6664990694264283,0.5482587064676616,14.675993503615675,36.41858469616529,0.010027467753481836,0.04261658163974348,"[[2174, 931], [1056, 1797]]","[[202, 143], [156, 161]]"
disclosure_x_bias,236,init_easy,N1,exponential,22.75659277885011,29.045477955276834,0.6664985054424454,0.5482587064676616,14.664051769050316,36.47190186937384,0.009828907623367758,0.04261658163974348,"[[2175, 930], [1057, 1796]]","[[202, 143], [156, 161]]"
disclosure_x_bias,237,init_easy,N1,exponential,22.691446304598212,29.04618843058959,0.6666662906773448,0.5497738579828132,14.698790153341937,36.44259134434719,0.010659936322602434,0.043367078005707854,"[[2172, 933], [1053, 1800]]","[[203, 142], [156, 161]]"
disclosure_x_bias,238,init_easy,N1,exponential,22.668363276665698,29.047685072584436,0.6663298742315719,0.5482587064676616,14.65539325841745,36.474779679104216,0.010646357448966824,0.04261658163974348,"[[2174, 931], [1057, 1796]]","[[202, 143], [156, 161]]"
disclosure_x_bias,239,init_easy,N1,exponential,22.713113117098203,29.00496616422451,0.6670018611471434,0.5497738579828132,14.686062220311284,36.36419811507399,0.011512444133069677,0.043367078005707854,"[[2173, 932], [1052, 1801]]","[[203, 142], [156, 161]]"
disclosure_x_bias,240,init_easy,N1,exponential,22.697113717276643,28.990981927931433,0.6668343579042355,0.5497738579828132,14.683038102469409,36.33177753415877,0.011171164361893336,0.043367078005707854,"[[2173, 932], [1053, 1800]]","[[203, 142], [156, 161]]"
disclosure_x_bias,241,init_easy,N1,exponential,22.689948374898098,28.992448195102327,0.6666662906773448,0.5482587064676616,14.647010083600529,36.3512293845286,0.011372101358882575,0.04261658163974348,"[[2173, 932], [1054, 1799]]","[[202, 143], [156, 161]]"
disclosure_x_bias,242,init_easy,N1,exponential,22.703683768368894,29.02677640817858,0.6670018611471434,0.5482587064676616,14.688949772619498,36.39088544525425,0.010724721042589239,0.04261658163974348,"[[2174, 931], [1053, 1800]]","[[202, 143], [156, 161]]"
disclosure_x_bias,243,init_easy,N1,exponential,22.704148704132287,28.991804029164804,0.667001579155152,0.5482587064676616,14.699088388132958,36.355012563360745,0.011548092174930507,0.04261658163974348,"[[2176, 929], [1055, 1798]]","[[202, 143], [156, 161]]"
disclosure_x_bias,244,init_easy,N1,exponential,22.700992862832255,28.997275698807094,0.6663298742315719,0.5497738579828132,14.701895039912225,36.374961433967975,0.010994615086354012,0.043367078005707854,"[[2171, 934], [1054, 1799]]","[[203, 142], [156, 161]]"
disclosure_x_bias,245,init_easy,N1,exponential,22.69913706751959,28.986234977673423,0.6670027071231177,0.5482813206693804,14.698331456564615,36.365085573670335,0.009995760383262314,0.04119210622481848,"[[2177, 928], [1056, 1797]]","[[203, 142], [157, 160]]"
disclosure_x_bias,246,init_easy,N1,exponential,22.70582208742866,28.970959274051705,0.6668340759122441,0.5482813206693804,14.708407524199803,36.32566155042608,0.010276076729006186,0.03929050785680515,"[[2177, 928], [1057, 1796]]","[[203, 142], [157, 160]]"
disclosure_x_bias,247,init_easy,N1,exponential,22.699383368054246,29.00917518877001,0.6675057808358242,0.5482813206693804,14.70215519100103,36.386653256838315,0.009540748162240454,0.04119210622481848,"[[2180, 925], [1056, 1797]]","[[203, 142], [157, 160]]"
disclosure_x_bias,248,init_easy,N1,exponential,22.666711071297264,28.955508002753874,0.668177203767413,0.5482813206693804,14.7078025857184,36.40362042315411,0.01049629338101859,0.04119210622481848,"[[2183, 922], [1055, 1798]]","[[203, 142], [157, 160]]"
disclosure_x_bias,249,init_easy,N1,exponential,22.671252327353223,28.980323803368538,0.6680091365405223,0.5482813206693804,14.710030747602065,36.43125999347282,0.009623977280553926,0.04119210622481848,"[[2182, 923], [1055, 1798]]","[[203, 142], [157, 160]]"
disclosure_x_bias,250,init_easy,N1,exponential,22.675974632299656,28.957637189782826,0.6680085725565393,0.5497964721845319,14.724785847150354,36.40275298456866,0.009934057412736895,0.04010234768250568,"[[2182, 923], [1055, 1798]]","[[204, 141], [157, 160]]"
disclosure_x_bias,251,init_easy,N1,exponential,22.676111503268267,29.011054663048448,0.6680091365405223,0.5482813206693804,14.717799875972473,36.4931919248644,0.009785138012538223,0.04119210622481848,"[[2180, 925], [1053, 1800]]","[[203, 142], [157, 160]]"
disclosure_x_bias,252,init_easy,N1,exponential,22.679472809576453,29.0034016298661,0.6675052168518414,0.5482813206693804,14.758104693805615,36.470326793756996,0.00991670295586104,0.0430097107968397,"[[2180, 925], [1056, 1797]]","[[203, 142], [157, 160]]"
disclosure_x_bias,253,init_easy,N1,exponential,22.680968075135233,29.021242451352787,0.6680085725565394,0.5482813206693804,14.738214600294677,36.50629217216678,0.009548734331461249,0.04119210622481848,"[[2183, 922], [1056, 1797]]","[[203, 142], [157, 160]]"
disclosure_x_bias,254,init_easy,N1,exponential,22.67999266834762,29.020364735702778,0.6675052168518414,0.5482813206693804,14.756805536818298,36.47431701311183,0.00991670295586104,0.0430097107968397,"[[2180, 925], [1056, 1797]]","[[203, 142], [157, 160]]"
disclosure_x_bias,255,init_easy,N1,exponential,22.64211000325385,29.039279371589874,0.6678407873216401,0.5497964721845319,14.809115138895017,36.53132059156367,0.00972990782145283,0.04010234768250568,"[[2182, 923], [1056, 1797]]","[[204, 141], [157, 160]]"
disclosure_x_bias,256,init_easy,N1,exponential,22.64629829056714,29.013959477066937,0.6688474987310361,0.5497964721845319,14.798219636637652,36.47658662660515,0.008994932103749322,0.04010234768250568,"[[2186, 919], [1054, 1799]]","[[204, 141], [157, 160]]"
disclosure_x_bias,257,init_easy,N1,exponential,22.636907175716733,29.0335222298644,0.6693511364277255,0.5483039348710991,14.812414557142494,36.49920960673374,0.008918121158693924,0.03839092576288883,"[[2186, 919], [1051, 1802]]","[[203, 142], [157, 160]]"
disclosure_x_bias,258,init_easy,N1,exponential,22.64771210784092,29.043519092749413,0.6686799954881282,0.5483039348710991,14.783232413120531,36.54184332156872,0.010100126056393932,0.03839092576288883,"[[2181, 924], [1050, 1803]]","[[203, 142], [157, 160]]"
disclosure_x_bias,259,init_easy,N1,exponential,22.64859810731445,29.02625094510366,0.6696869888895155,0.5483039348710991,14.783011235289104,36.4986831173132,0.00941584412529657,0.03839092576288883,"[[2185, 920], [1048, 1805]]","[[203, 142], [157, 160]]"
disclosure_x_bias,260,init_easy,N1,exponential,22.665156791770723,29.57106020077211,0.6696869888895155,0.5483039348710991,14.631430519151689,36.96946981863248,0.00964634827384946,0.03839092576288883,"[[2187, 918], [1050, 1803]]","[[203, 142], [157, 160]]"
disclosure_x_bias,261,init_easy,N1,exponential,22.710403326349443,29.501137887060686,0.6696875528734985,0.5498190863862505,14.685618785353473,36.9052216202697,0.009123376460500588,0.03856457076528738,"[[2186, 919], [1049, 1804]]","[[203, 142], [156, 161]]"
disclosure_x_bias,262,init_easy,N1,exponential,22.691716709596285,29.531951503331705,0.670190626586205,0.5483039348710991,14.713070614612448,36.91860480330794,0.009880295537018984,0.03839092576288883,"[[2189, 916], [1049, 1804]]","[[203, 142], [157, 160]]"
disclosure_x_bias,263,init_easy,N1,exponential,22.69220899076394,29.48753400029828,0.6695192036546163,0.5498190863862505,14.702720948891953,36.899159644824664,0.009567666623681692,0.03856457076528738,"[[2187, 918], [1051, 1802]]","[[203, 142], [156, 161]]"
disclosure_x_bias,264,init_easy,N1,exponential,22.69775768163279,29.51358497531253,0.6701909085781963,0.5483039348710991,14.709931393012077,36.91600674217463,0.010213725314213358,0.03839092576288883,"[[2188, 917], [1048, 1805]]","[[203, 142], [157, 160]]"
disclosure_x_bias,265,init_easy,N1,exponential,22.68432484684179,29.493259966505907,0.6698553381083977,0.5483039348710991,14.696893943883769,36.89534690889753,0.010768699581988351,0.03772065718411182,"[[2185, 920], [1047, 1806]]","[[202, 143], [156, 161]]"
disclosure_x_bias,266,init_easy,N1,exponential,22.7102443451815,29.556781350781442,0.6693514184197169,0.5498190863862505,14.757111351098137,36.96988541688472,0.010397510298149509,0.03986548034793464,"[[2185, 920], [1050, 1803]]","[[203, 142], [156, 161]]"
disclosure_x_bias,267,init_easy,N1,exponential,22.688389920069604,29.524612721620418,0.6703586938130958,0.5513342379014021,14.72037767882486,36.93034480011867,0.009481978482368458,0.039968962214420235,"[[2188, 917], [1047, 1806]]","[[203, 142], [155, 162]]"
disclosure_x_bias,268,init_easy,N1,exponential,22.694639289445863,29.558774049003887,0.6693514184197169,0.5498190863862505,14.727055403808235,36.975133377773034,0.010030007530076877,0.03986548034793464,"[[2185, 920], [1050, 1803]]","[[203, 142], [156, 161]]"
disclosure_x_bias,269,init_easy,N1,exponential,22.7041537898282,29.541973457593446,0.6706953922508601,0.5498190863862505,14.728196258228811,36.93343827733177,0.009021748117932094,0.041740892790675055,"[[2191, 914], [1048, 1805]]","[[203, 142], [156, 161]]"
disclosure_x_bias,270,init_easy,N1,exponential,22.70014439389924,29.575776946954484,0.6698547741244149,0.545273631840796,14.736127890626648,37.001026478804555,0.009688945671680084,0.042894689247702046,"[[2189, 916], [1051, 1802]]","[[201, 144], [157, 160]]"
disclosure_x_bias,271,init_easy,N1,exponential,22.708065355373193,29.59869119464248,0.6708631774857594,0.5498190863862505,14.73813386486083,37.054125992075505,0.009149665312270119,0.041740892790675055,"[[2192, 913], [1048, 1805]]","[[203, 142], [156, 161]]"
disclosure_x_bias,272,init_easy,N1,exponential,22.70187279634173,29.5244579361973,0.6701903445942136,0.5467887833559475,14.745433276558051,36.92073875694336,0.009954337752216482,0.0401054152314927,"[[2189, 916], [1049, 1804]]","[[202, 143], [157, 160]]"
disclosure_x_bias,273,init_easy,N1,exponential,22.714990266871787,29.62884571524607,0.6708631774857594,0.5467887833559475,14.743291387198287,37.14505831712406,0.009485375574122726,0.0401054152314927,"[[2192, 913], [1048, 1805]]","[[202, 143], [157, 160]]"
disclosure_x_bias,274,init_easy,N1,exponential,22.556307421561947,28.960493133655234,0.6713668151824488,0.5483039348710991,14.692116668904038,35.64872489891039,0.009393862157140687,0.04033495740077957,"[[2195, 910], [1048, 1805]]","[[202, 143], [156, 161]]"
disclosure_x_bias,275,init_easy,N1,exponential,22.524160493847315,28.8913350516305,0.6715346004173481,0.545273631840796,14.703571165258118,35.64863833378328,0.009731285652408887,0.03916456498513423,"[[2199, 906], [1051, 1802]]","[[202, 143], [158, 159]]"
disclosure_x_bias,276,init_easy,N1,exponential,22.533959258306076,28.91134880038254,0.6710303987366759,0.5483039348710991,14.720845982054572,35.680290077976665,0.009461667987051932,0.04033495740077957,"[[2196, 909], [1051, 1802]]","[[202, 143], [156, 161]]"
disclosure_x_bias,277,init_easy,N1,exponential,22.4895697662404,28.897828260460464,0.6710306807286673,0.5483039348710991,14.709469271365112,35.64012696034634,0.008905284314194439,0.04033495740077957,"[[2199, 906], [1054, 1799]]","[[202, 143], [156, 161]]"
disclosure_x_bias,278,init_easy,N1,exponential,22.50090848154444,28.912707244672994,0.6710306807286673,0.5483039348710991,14.722673935391938,35.682453582508025,0.008619704702143438,0.04033495740077957,"[[2198, 907], [1053, 1800]]","[[202, 143], [156, 161]]"
disclosure_x_bias,279,init_easy,N1,exponential,22.48861430626679,28.90617258104112,0.6706948282668772,0.5483039348710991,14.72174915734961,35.66538571482575,0.009483733831684502,0.04033495740077957,"[[2197, 908], [1054, 1799]]","[[202, 143], [156, 161]]"
disclosure_x_bias,280,init_easy,N1,exponential,22.48154851976448,28.899734793828298,0.6705270430319779,0.5467887833559475,14.729991560251099,35.6835181133522,0.008662681584040103,0.0401054152314927,"[[2196, 909], [1054, 1799]]","[[202, 143], [157, 160]]"
disclosure_x_bias,281,init_easy,N1,exponential,22.486828948872862,28.890629007329984,0.6703592577970785,0.5498190863862505,14.73107346329078,35.65892287991296,0.009623481931571762,0.0398654803479347,"[[2194, 911], [1053, 1800]]","[[202, 143], [155, 162]]"
disclosure_x_bias,282,init_easy,N1,exponential,22.503732578197564,28.89330812762097,0.6727102250296092,0.5513342379014021,14.727442609088403,35.64060127780899,0.009307231507436496,0.04060213224731065,"[[2202, 903], [1047, 1806]]","[[202, 143], [154, 163]]"
disclosure_x_bias,283,init_easy,N1,exponential,22.52376307463119,28.914511600031272,0.6715343184253567,0.5498190863862505,14.755100066540765,35.67260057947338,0.00918001050688681,0.0398654803479347,"[[2200, 905], [1052, 1801]]","[[202, 143], [155, 162]]"
disclosure_x_bias,284,init_easy,N1,exponential,22.522285762937294,28.893039786306936,0.6713662511984659,0.5498190863862505,14.750755494943215,35.62781988699896,0.009281312542267403,0.0398654803479347,"[[2199, 906], [1052, 1801]]","[[202, 143], [155, 162]]"
disclosure_x_bias,285,init_easy,N1,exponential,22.52879240504975,28.896121231295275,0.6717023856522475,0.5498190863862505,14.754628629131645,35.652885395910175,0.009277623415088017,0.0398654803479347,"[[2199, 906], [1050, 1803]]","[[202, 143], [155, 162]]"
disclosure_x_bias,286,init_easy,N1,exponential,22.512445122044696,28.862164566501303,0.6717023856522475,0.5483039348710991,14.75359885755135,35.57126632824328,0.009444696049105665,0.039697526194869444,"[[2199, 906], [1050, 1803]]","[[202, 143], [156, 161]]"
disclosure_x_bias,287,init_easy,N1,exponential,22.574906934141463,28.956433700582085,0.6715343184253568,0.5483039348710991,14.776033595829496,35.77145628463354,0.008831748497647425,0.039049691208279634,"[[2198, 907], [1050, 1803]]","[[202, 143], [156, 161]]"
disclosure_x_bias,288,init_easy,N1,exponential,22.564221449368706,28.961961365441745,0.6717023856522475,0.5483039348710991,14.77007189479248,35.758966664803005,0.009038534953921809,0.039049691208279634,"[[2198, 907], [1049, 1804]]","[[202, 143], [156, 161]]"
disclosure_x_bias,289,init_easy,N1,exponential,22.559725149336053,28.957635488284694,0.6720382381140376,0.5467887833559475,14.776175069190513,35.78073071709021,0.008714269785325158,0.04602821261133207,"[[2198, 907], [1047, 1806]]","[[200, 145], [155, 162]]"
disclosure_x_bias,290,init_easy,N1,exponential,22.55697245380492,28.97747154167656,0.6718701708871468,0.5467887833559475,14.764370481443642,35.81148112240083,0.00876142196367032,0.04602821261133207,"[[2199, 906], [1049, 1804]]","[[200, 145], [155, 162]]"
disclosure_x_bias,291,init_easy,N1,exponential,22.557358966920788,28.964638972970892,0.6722060233489369,0.5467887833559475,14.771806912925031,35.80617328604406,0.008818290416700661,0.04602821261133207,"[[2197, 908], [1045, 1808]]","[[200, 145], [155, 162]]"
disclosure_x_bias,292,init_easy,N1,exponential,22.565702842620702,28.998400964595994,0.6718698888951554,0.5497964721845319,14.78861710134329,35.851319866939996,0.008664809569789251,0.048191400945329754,"[[2197, 908], [1047, 1806]]","[[201, 144], [154, 163]]"
disclosure_x_bias,293,init_easy,N1,exponential,22.571305882604612,29.011833085003747,0.6722057413569454,0.5467887833559475,14.828632640339363,35.871393799020325,0.008614917664318012,0.04602821261133207,"[[2198, 907], [1046, 1807]]","[[200, 145], [155, 162]]"
disclosure_x_bias,294,init_easy,N1,exponential,22.556160331678623,29.0191663017263,0.672541311826744,0.545273631840796,14.80073519839129,35.8900796757328,0.009297053168380837,0.04577150181399661,"[[2202, 903], [1048, 1805]]","[[200, 145], [156, 161]]"
disclosure_x_bias,295,init_easy,N1,exponential,22.563355279632525,28.995618711397004,0.67321414471829,0.545273631840796,14.802861502320434,35.845352701953296,0.00932760757484165,0.04577150181399661,"[[2204, 901], [1046, 1807]]","[[200, 145], [156, 161]]"
disclosure_x_bias,296,init_easy,N1,exponential,22.51675278270634,29.01826802837894,0.6735497151880887,0.545273631840796,14.784436347447928,35.891724679402074,0.009032139538837122,0.04577150181399661,"[[2205, 900], [1045, 1808]]","[[200, 145], [156, 161]]"
disclosure_x_bias,297,init_easy,N1,exponential,22.52108967450732,29.01472998461469,0.6730460774913992,0.5437584803256444,14.776660369970788,35.8886409171953,0.009158594882804056,0.044892623866733546,"[[2204, 901], [1047, 1806]]","[[200, 145], [157, 160]]"
disclosure_x_bias,298,init_easy,N1,exponential,22.54758111914387,29.000669793160846,0.672541311826744,0.5483039348710991,14.774874017572904,35.865315444601336,0.008741694345154585,0.0467768748032251,"[[2194, 911], [1040, 1813]]","[[200, 145], [154, 163]]"
disclosure_x_bias,299,init_easy,N1,exponential,22.54541920176161,29.029605443561167,0.6720371101460719,0.5483039348710991,14.773554383659825,35.9269417609848,0.008580427037450941,0.0467768748032251,"[[2193, 912], [1042, 1811]]","[[200, 145], [154, 163]]"
disclosure_x_bias,300,init_easy,N1,exponential,22.5452450993673,29.008681941019894,0.6727093790536349,0.5483039348710991,14.778796625630124,35.88433737757732,0.00864499205537307,0.0467768748032251,"[[2198, 907], [1043, 1810]]","[[200, 145], [154, 163]]"
disclosure_x_bias,1,init_easy,N2,log_loss,0.6425103956347165,0.8974948755609164,0.6181583103039874,0.5468566259611036,0.006762623238129577,0.2806540742380735,0.02399627250590758,0.024994530524254606,"[[2030, 1075], [1200, 1653]]","[[209, 136], [164, 153]]"
disclosure_x_bias,2,init_easy,N2,log_loss,0.6416981009370419,0.8972420148569278,0.6189986464384412,0.5468566259611036,0.0067078064589824495,0.2806181268595453,0.022542693543351464,0.024994530524254606,"[[2037, 1068], [1202, 1651]]","[[209, 136], [164, 153]]"
disclosure_x_bias,3,init_easy,N2,log_loss,0.640986949987836,0.8971473419714965,0.6216846201567876,0.5483717774762551,0.006672246729868829,0.28091247877535247,0.023567853171152977,0.02634345820143053,"[[2054, 1051], [1203, 1650]]","[[210, 135], [164, 153]]"
disclosure_x_bias,4,init_easy,N2,log_loss,0.6402811407790996,0.8964834780129609,0.6225235463312841,0.5483717774762551,0.006648821840535468,0.2810583743134441,0.024269206599310325,0.02634345820143053,"[[2059, 1046], [1203, 1650]]","[[210, 135], [164, 153]]"
disclosure_x_bias,5,init_easy,N2,log_loss,0.6396642171127638,0.8970450981358808,0.6247081382888726,0.5423790140208051,0.0066285505663089776,0.2812685019387889,0.022077652845517142,0.030334366460042173,"[[2089, 1016], [1220, 1633]]","[[210, 135], [168, 149]]"
disclosure_x_bias,6,init_easy,N2,log_loss,0.6390354777614663,0.8971663451373552,0.6248756415317805,0.5423790140208051,0.0066480892630754055,0.2812836995914513,0.021654932822298304,0.030334366460042173,"[[2089, 1016], [1219, 1634]]","[[210, 135], [168, 149]]"
disclosure_x_bias,7,init_easy,N2,log_loss,0.6384708717171581,0.8969210167999859,0.6255473464553607,0.5423790140208051,0.006646081196389079,0.28145763120019884,0.021462926398950966,0.030334366460042173,"[[2093, 1012], [1219, 1634]]","[[210, 135], [168, 149]]"
disclosure_x_bias,8,init_easy,N2,log_loss,0.6379464604974279,0.896493537978802,0.6255473464553607,0.5438941655359566,0.006640513105340892,0.28174216789870243,0.02122846321516982,0.030878567880708453,"[[2098, 1007], [1224, 1629]]","[[211, 134], [168, 149]]"
disclosure_x_bias,9,init_easy,N2,log_loss,0.6373967315571131,0.8961944074844613,0.6280641249788507,0.5529850746268656,0.006640398356466164,0.2818979473344323,0.016252076106795264,0.05321427545875726,"[[2073, 1032], [1184, 1669]]","[[209, 136], [160, 157]]"
disclosure_x_bias,10,init_easy,N2,log_loss,0.6369138094625981,0.8965240282571315,0.6280641249788507,0.5529850746268656,0.006641893641406476,0.28178716164171297,0.016252076106795264,0.05321427545875726,"[[2071, 1034], [1182, 1671]]","[[209, 136], [160, 157]]"
disclosure_x_bias,11,init_easy,N2,log_loss,0.6364104812606282,0.8967368224171312,0.6292386216231459,0.5529850746268656,0.006671529158196069,0.28199757532538927,0.014964813592615474,0.05321427545875726,"[[2095, 1010], [1199, 1654]]","[[211, 134], [162, 155]]"
disclosure_x_bias,12,init_easy,N2,log_loss,0.6359237248004498,0.89643816178535,0.6295741920929446,0.5545002261420172,0.006693064315838096,0.28220956703678296,0.015125888453232074,0.05461141130067686,"[[2097, 1008], [1199, 1654]]","[[212, 133], [162, 155]]"
disclosure_x_bias,13,init_easy,N2,log_loss,0.6354862270336082,0.8961929236298827,0.6302453330325418,0.5575305291723203,0.006691671406284392,0.28194025846417664,0.015049077773094213,0.054427058818320065,"[[2102, 1003], [1200, 1653]]","[[214, 131], [162, 155]]"
disclosure_x_bias,14,init_easy,N2,log_loss,0.6350112812886903,0.8960010602580175,0.6304134002594326,0.5575305291723203,0.006731144429153465,0.28176520069882727,0.014827508648930543,0.054427058818320065,"[[2104, 1001], [1201, 1652]]","[[214, 131], [162, 155]]"
disclosure_x_bias,15,init_easy,N2,log_loss,0.6345888542570455,0.8959891370246034,0.6304134002594326,0.5575305291723203,0.006738860283630503,0.2816955748756409,0.014827508648930543,0.054427058818320065,"[[2106, 999], [1203, 1650]]","[[214, 131], [162, 155]]"
disclosure_x_bias,16,init_easy,N2,log_loss,0.634163871721053,0.8960163868217361,0.6304134002594326,0.5575305291723203,0.006757700832240251,0.28192125418785985,0.014827508648930543,0.054427058818320065,"[[2104, 1001], [1201, 1652]]","[[214, 131], [162, 155]]"
disclosure_x_bias,17,init_easy,N2,log_loss,0.6337648660582802,0.8962596001755916,0.6304134002594326,0.5575305291723203,0.006765273685471711,0.28222720487233804,0.014827508648930543,0.054427058818320065,"[[2104, 1001], [1201, 1652]]","[[214, 131], [162, 155]]"
disclosure_x_bias,18,init_easy,N2,log_loss,0.6333767414794524,0.8960302964012291,0.6310845411990299,0.5560153776571687,0.006774722386226679,0.2823058677183075,0.01516735907785623,0.054542701143771764,"[[2109, 996], [1202, 1651]]","[[214, 131], [163, 154]]"
disclosure_x_bias,19,init_easy,N2,log_loss,0.6329926728316719,0.8957932992482652,0.6310845411990299,0.5560153776571687,0.006788488536011508,0.2820041524463008,0.01516735907785623,0.054542701143771764,"[[2109, 996], [1202, 1651]]","[[214, 131], [163, 154]]"
disclosure_x_bias,20,init_easy,N2,log_loss,0.6326076785189654,0.8960230453625236,0.6322593198353167,0.5560153776571687,0.006818848100432514,0.2821351283205511,0.013293751960174467,0.054542701143771764,"[[2086, 1019], [1172, 1681]]","[[211, 134], [160, 157]]"
disclosure_x_bias,21,init_easy,N2,log_loss,0.6322362909726317,0.8959603541822604,0.632427105070216,0.5560153776571687,0.006832719602005412,0.2820608997481221,0.013378739079275816,0.054542701143771764,"[[2087, 1018], [1172, 1681]]","[[211, 134], [160, 157]]"
disclosure_x_bias,22,init_easy,N2,log_loss,0.6318544698118896,0.895846720383384,0.6325948903051153,0.5560153776571687,0.006854549636999594,0.28223841680331874,0.013622558493117536,0.054542701143771764,"[[2089, 1016], [1173, 1680]]","[[211, 134], [160, 157]]"
disclosure_x_bias,23,init_easy,N2,log_loss,0.6315100938646369,0.8958389665403018,0.6317559641306187,0.5560153776571687,0.0068600940394441205,0.2821885513250368,0.015316989342932267,0.054542701143771764,"[[2113, 992], [1202, 1651]]","[[214, 131], [163, 154]]"
disclosure_x_bias,24,init_easy,N2,log_loss,0.631162104817413,0.8952683060311853,0.632930460774914,0.5560153776571687,0.006873803951696818,0.28246192425223055,0.013776608346070793,0.054542701143771764,"[[2096, 1009], [1178, 1675]]","[[212, 133], [161, 156]]"
disclosure_x_bias,25,init_easy,N2,log_loss,0.6308266453032537,0.8950420349285088,0.632930460774914,0.5560153776571687,0.006882547892156077,0.28249914356189226,0.013776608346070793,0.054542701143771764,"[[2096, 1009], [1178, 1675]]","[[212, 133], [161, 156]]"
disclosure_x_bias,26,init_easy,N2,log_loss,0.6304861241393291,0.8951611593321452,0.6327626755400146,0.5560153776571687,0.006903966193187524,0.2825121935596089,0.013746526596675867,0.054542701143771764,"[[2095, 1010], [1178, 1675]]","[[212, 133], [161, 156]]"
disclosure_x_bias,27,init_easy,N2,log_loss,0.6301418806587157,0.8952023994773217,0.6325948903051153,0.5560153776571687,0.006931683279671647,0.2825652315729738,0.013507261479315724,0.054542701143771764,"[[2095, 1010], [1179, 1674]]","[[212, 133], [161, 156]]"
disclosure_x_bias,28,init_easy,N2,log_loss,0.6298066782428058,0.8945339132781273,0.6325948903051153,0.5560153776571687,0.006955479036979158,0.28274105042690234,0.013507261479315724,0.054542701143771764,"[[2095, 1010], [1179, 1674]]","[[212, 133], [161, 156]]"
disclosure_x_bias,29,init_easy,N2,log_loss,0.629506669964924,0.8949691455958938,0.6325948903051153,0.5560153776571687,0.006959767452600397,0.28279697378728696,0.013507261479315724,0.054542701143771764,"[[2095, 1010], [1179, 1674]]","[[212, 133], [161, 156]]"
disclosure_x_bias,30,init_easy,N2,log_loss,0.6292056267231311,0.8946378235486266,0.6332668772206869,0.5575305291723203,0.0069635662310212195,0.2829353646671335,0.014384516330233004,0.054427058818320065,"[[2099, 1006], [1179, 1674]]","[[212, 133], [160, 157]]"
disclosure_x_bias,31,init_easy,N2,log_loss,0.628901841760484,0.8945699549372843,0.6336024476904856,0.5575305291723203,0.006974980466641313,0.28294360527453055,0.014448434051123388,0.054427058818320065,"[[2101, 1004], [1179, 1674]]","[[212, 133], [160, 157]]"
disclosure_x_bias,32,init_easy,N2,log_loss,0.6286224181725265,0.8949530653710346,0.6336024476904856,0.559023066485753,0.0069753378674278985,0.28282971000576745,0.014448434051123388,0.05262143276816594,"[[2100, 1005], [1178, 1675]]","[[212, 133], [159, 158]]"
disclosure_x_bias,33,init_easy,N2,log_loss,0.6283368772078866,0.894793832373308,0.6336021656984941,0.5575079149706015,0.006973313709541797,0.2829634167340788,0.014390390891490539,0.05278865485291557,"[[2099, 1006], [1177, 1676]]","[[212, 133], [160, 157]]"
disclosure_x_bias,34,init_easy,N2,log_loss,0.6280098765759174,0.8946349569900592,0.6339380181602843,0.5575079149706015,0.006985388466781102,0.2829897551977047,0.014717537785987311,0.05278865485291557,"[[2102, 1003], [1178, 1675]]","[[212, 133], [160, 157]]"
disclosure_x_bias,35,init_easy,N2,log_loss,0.6277253652364172,0.8945504712426198,0.6336024476904856,0.5575079149706015,0.007007372483555333,0.2831801163740773,0.014620602795170438,0.05278865485291557,"[[2100, 1005], [1178, 1675]]","[[212, 133], [160, 157]]"
disclosure_x_bias,36,init_easy,N2,log_loss,0.6274622855701891,0.8946233294347662,0.6336024476904856,0.5590230664857531,0.007009963890094503,0.2832837733834088,0.014620602795170438,0.056816828575236386,"[[2092, 1013], [1170, 1683]]","[[212, 133], [159, 158]]"
disclosure_x_bias,37,init_easy,N2,log_loss,0.6272042731088092,0.8944328849758003,0.634273588630083,0.5575079149706015,0.007018942929063807,0.28343379362823545,0.014549653004275834,0.058735336162099645,"[[2097, 1008], [1171, 1682]]","[[212, 133], [160, 157]]"
disclosure_x_bias,38,init_easy,N2,log_loss,0.6269349488028813,0.8947313113181199,0.6341058033951835,0.5575079149706015,0.007022572485914347,0.2834187136364288,0.014516874816402254,0.058735336162099645,"[[2096, 1009], [1171, 1682]]","[[212, 133], [160, 157]]"
disclosure_x_bias,39,init_easy,N2,log_loss,0.6266500470974303,0.8947345262972025,0.6359514409790762,0.5575079149706015,0.007060723081239602,0.2834212607277745,0.01417349521683008,0.05741771596366218,"[[2094, 1011], [1158, 1695]]","[[211, 134], [159, 158]]"
disclosure_x_bias,40,init_easy,N2,log_loss,0.6263927400790573,0.8948634966942196,0.6359514409790762,0.5575079149706015,0.007066413801795603,0.28341092964158987,0.013973460188924591,0.05741771596366218,"[[2094, 1011], [1158, 1695]]","[[211, 134], [159, 158]]"
disclosure_x_bias,41,init_easy,N2,log_loss,0.6261415256065813,0.8949406509537944,0.6357833737521854,0.5575079149706015,0.00707640210073587,0.2833414792574835,0.013720536788135972,0.05741771596366218,"[[2094, 1011], [1159, 1694]]","[[211, 134], [159, 158]]"
disclosure_x_bias,42,init_easy,N2,log_loss,0.6258995624962529,0.8948996722821507,0.6366237098866392,0.5575079149706015,0.0070736827903790335,0.2833524493876862,0.012343412357652423,0.05741771596366218,"[[2102, 1003], [1162, 1691]]","[[211, 134], [159, 158]]"
disclosure_x_bias,43,init_easy,N2,log_loss,0.6256656073954955,0.8948011013214078,0.6366237098866392,0.5575079149706015,0.007078120276176775,0.28326682204201487,0.012113193287527526,0.05741771596366218,"[[2102, 1003], [1162, 1691]]","[[211, 134], [159, 158]]"
disclosure_x_bias,44,init_easy,N2,log_loss,0.6254096251898242,0.8945329446517789,0.6367914951215385,0.5575079149706015,0.007092343651693198,0.2834698165912295,0.01231861041502541,0.05741771596366218,"[[2103, 1002], [1162, 1691]]","[[211, 134], [159, 158]]"
disclosure_x_bias,45,init_easy,N2,log_loss,0.6251460726154995,0.8942745391515843,0.6369592803564379,0.5575079149706015,0.007092143469990798,0.2834421654900692,0.012342006791031352,0.05741771596366218,"[[2104, 1001], [1162, 1691]]","[[211, 134], [159, 158]]"
disclosure_x_bias,46,init_easy,N2,log_loss,0.6249095651503329,0.8943439137607305,0.6369592803564379,0.5575079149706015,0.007106029645634294,0.28356673211981376,0.012342006791031352,0.05741771596366218,"[[2104, 1001], [1162, 1691]]","[[211, 134], [159, 158]]"
disclosure_x_bias,47,init_easy,N2,log_loss,0.6246771889437599,0.8945541413345548,0.637295132818228,0.5575079149706015,0.007104406357079218,0.28358061196516626,0.012296722667890857,0.05741771596366218,"[[2106, 999], [1162, 1691]]","[[211, 134], [159, 158]]"
disclosure_x_bias,48,init_easy,N2,log_loss,0.6244426113113297,0.8943044448285876,0.6371273475833286,0.5590230664857531,0.007120758952033961,0.28327713618404693,0.012580334386517534,0.05591173047122658,"[[2106, 999], [1163, 1690]]","[[212, 133], [159, 158]]"
disclosure_x_bias,49,init_easy,N2,log_loss,0.6241855730151086,0.8942044151403363,0.6372951328182279,0.5575079149706015,0.0071609699511460696,0.28328674733110887,0.012498566635238805,0.05741771596366218,"[[2106, 999], [1162, 1691]]","[[211, 134], [159, 158]]"
disclosure_x_bias,50,init_easy,N2,log_loss,0.6239656553087819,0.8940451034133947,0.6374629180531273,0.5575079149706015,0.007162931463682959,0.2833994717321662,0.012712518719615876,0.05741771596366218,"[[2107, 998], [1162, 1691]]","[[211, 134], [159, 158]]"
disclosure_x_bias,51,init_easy,N2,log_loss,0.6237218350328024,0.8940650078948187,0.6379662737578252,0.5575079149706015,0.007189853581479917,0.2834150746822517,0.012545738250678982,0.05741771596366218,"[[2110, 995], [1162, 1691]]","[[211, 134], [159, 158]]"
disclosure_x_bias,52,init_easy,N2,log_loss,0.623506563233098,0.8940918103639957,0.6381340589927247,0.5590230664857531,0.007190077445537563,0.2834497000764615,0.012501331892314511,0.06155744664280422,"[[2114, 991], [1165, 1688]]","[[212, 133], [159, 158]]"
disclosure_x_bias,53,init_easy,N2,log_loss,0.6232888002494433,0.894270286990808,0.6384696294625233,0.5590230664857531,0.007186733018736573,0.2834053415763319,0.012479900393805775,0.06155744664280422,"[[2115, 990], [1164, 1689]]","[[212, 133], [159, 158]]"
disclosure_x_bias,54,init_easy,N2,log_loss,0.6230706060791882,0.8942388716556342,0.6386374146974225,0.5544776119402985,0.0072050166545930255,0.2833514892143645,0.01284846846933222,0.04949227103215141,"[[2125, 980], [1173, 1680]]","[[211, 134], [161, 156]]"
disclosure_x_bias,55,init_easy,N2,log_loss,0.622848987692332,0.8943609566043473,0.6386374146974225,0.5544776119402985,0.007221600211723639,0.28310347040854233,0.0126769065583249,0.04949227103215141,"[[2126, 979], [1174, 1679]]","[[211, 134], [161, 156]]"
disclosure_x_bias,56,init_easy,N2,log_loss,0.6226348199240452,0.8945614607384904,0.6393099655969771,0.5575305291723203,0.007228939866191166,0.2833706397631215,0.011175886394523478,0.06310791378440547,"[[2121, 984], [1165, 1688]]","[[212, 133], [160, 157]]"
disclosure_x_bias,57,init_easy,N2,log_loss,0.6224350996487511,0.8944058575779341,0.6394777508318763,0.5575305291723203,0.007224508087831086,0.2833198193353775,0.011243450141738526,0.06310791378440547,"[[2121, 984], [1164, 1689]]","[[212, 133], [160, 157]]"
disclosure_x_bias,58,init_easy,N2,log_loss,0.6222322410221176,0.8943137991882978,0.639813321301675,0.5560153776571687,0.007213557831245263,0.2830645634555787,0.010891363737131059,0.0590343821290809,"[[2122, 983], [1163, 1690]]","[[211, 134], [160, 157]]"
disclosure_x_bias,59,init_easy,N2,log_loss,0.6220331475309763,0.8942196298664058,0.6401488917714737,0.5545002261420172,0.007214010442125692,0.28280668315284635,0.011178861269775846,0.057788516696348755,"[[2127, 978], [1166, 1687]]","[[211, 134], [161, 156]]"
disclosure_x_bias,60,init_easy,N2,log_loss,0.6218158225427541,0.8943003564366279,0.6399811065365744,0.5575305291723203,0.007239970046768152,0.2825481650094186,0.011150248487195896,0.0576143311106304,"[[2125, 980], [1165, 1688]]","[[212, 133], [160, 157]]"
disclosure_x_bias,61,init_easy,N2,log_loss,0.6216171906146425,0.8940590716929881,0.6399811065365744,0.5575305291723203,0.007246175726423922,0.2825390387151179,0.011150248487195896,0.0576143311106304,"[[2125, 980], [1165, 1688]]","[[212, 133], [160, 157]]"
disclosure_x_bias,62,init_easy,N2,log_loss,0.6214073768947518,0.8942069142377284,0.6403166770063731,0.5560153776571687,0.007263929079884417,0.28255321893103813,0.011148635908302762,0.0590343821290809,"[[2126, 979], [1164, 1689]]","[[211, 134], [160, 157]]"
disclosure_x_bias,63,init_easy,N2,log_loss,0.6212151357365563,0.8943458552369845,0.6406522474761717,0.5560153776571687,0.007261971378208536,0.2824996081319766,0.011657282547532552,0.0590343821290809,"[[2126, 979], [1162, 1691]]","[[211, 134], [160, 157]]"
disclosure_x_bias,64,init_easy,N2,log_loss,0.6210095328080529,0.8943560503558736,0.6404844622412724,0.5560153776571687,0.0072727406167484515,0.2825815173654786,0.01163791294279155,0.0590343821290809,"[[2125, 980], [1162, 1691]]","[[211, 134], [160, 157]]"
disclosure_x_bias,65,init_easy,N2,log_loss,0.6208231757550767,0.8943902694927133,0.6406522474761717,0.5499547715965626,0.007274539986552407,0.28277545033412166,0.011737505217450959,0.048601591341723795,"[[2140, 965], [1176, 1677]]","[[211, 134], [164, 153]]"
disclosure_x_bias,66,init_easy,N2,log_loss,0.620618177642111,0.894315384265221,0.6406522474761717,0.5514699231117142,0.00729456840839722,0.2828589273662187,0.011657282547532552,0.04971870523831893,"[[2138, 967], [1174, 1679]]","[[211, 134], [163, 154]]"
disclosure_x_bias,67,init_easy,N2,log_loss,0.6204266005534007,0.8943112918401775,0.6411556031808697,0.5499547715965626,0.007298738995230764,0.2827847943271196,0.011858504070331594,0.048601591341723795,"[[2140, 965], [1173, 1680]]","[[211, 134], [164, 153]]"
disclosure_x_bias,68,init_easy,N2,log_loss,0.6202437205521556,0.8943612885145462,0.6414914556426597,0.5514699231117142,0.007293338108486783,0.2828845671641674,0.010727479844620988,0.04920299226718318,"[[2141, 964], [1172, 1681]]","[[212, 133], [164, 153]]"
disclosure_x_bias,69,init_easy,N2,log_loss,0.6200424796942459,0.8943632987822788,0.6416592408775591,0.5514699231117142,0.007298333863973255,0.28295769165660783,0.011215602324909967,0.04920299226718318,"[[2142, 963], [1172, 1681]]","[[212, 133], [164, 153]]"
disclosure_x_bias,70,init_easy,N2,log_loss,0.6198426665398056,0.8941854466739756,0.6418270261124583,0.5514699231117142,0.0072891521454234096,0.28309298664153704,0.011327193856708736,0.04920299226718318,"[[2143, 962], [1172, 1681]]","[[212, 133], [164, 153]]"
disclosure_x_bias,71,init_easy,N2,log_loss,0.6196606706818127,0.8940595564099525,0.6414914556426597,0.5499547715965626,0.007290161561125298,0.28298752169791497,0.01151501421156065,0.048601591341723795,"[[2141, 964], [1172, 1681]]","[[211, 134], [164, 153]]"
disclosure_x_bias,72,init_easy,N2,log_loss,0.6194649655125968,0.8945761939276032,0.6418270261124583,0.5499547715965626,0.007282838182824844,0.2830461340626635,0.01189297553281897,0.048601591341723795,"[[2142, 963], [1171, 1682]]","[[211, 134], [164, 153]]"
disclosure_x_bias,73,init_easy,N2,log_loss,0.6192688627496582,0.8946701748368548,0.6423306638091478,0.5514699231117142,0.007290108907479328,0.2830369405286447,0.011412200373937004,0.04920299226718318,"[[2143, 962], [1169, 1684]]","[[212, 133], [164, 153]]"
disclosure_x_bias,74,init_easy,N2,log_loss,0.6190838704788965,0.8946011914736847,0.6424981670520558,0.5499547715965626,0.007296857890768746,0.28294324164025186,0.01132952347480812,0.045343394951919955,"[[2142, 963], [1167, 1686]]","[[211, 134], [164, 153]]"
disclosure_x_bias,75,init_easy,N2,log_loss,0.6188874546331468,0.8947019231062917,0.642666516270938,0.5499547715965626,0.007316612904215142,0.282716098064891,0.011489011216421716,0.045343394951919955,"[[2141, 964], [1165, 1688]]","[[211, 134], [164, 153]]"
disclosure_x_bias,76,init_easy,N2,log_loss,0.6186951940781545,0.8945389767196534,0.6428343015058372,0.5499547715965626,0.007339305292473183,0.2829744284957416,0.011418573048434863,0.045343394951919955,"[[2143, 962], [1166, 1687]]","[[211, 134], [164, 153]]"
disclosure_x_bias,77,init_easy,N2,log_loss,0.6185216165863777,0.8945260107625537,0.6431698719756358,0.5469244685662595,0.007341291233470281,0.28298820615404846,0.011351025813917196,0.04443078407302662,"[[2145, 960], [1166, 1687]]","[[210, 135], [165, 152]]"
disclosure_x_bias,78,init_easy,N2,log_loss,0.618327893217409,0.8946731524264477,0.6448499802605606,0.5514246947082768,0.00734520479961666,0.2831134037240092,0.01075157014711438,0.04135675251873549,"[[2173, 932], [1184, 1669]]","[[214, 131], [166, 151]]"
disclosure_x_bias,79,init_easy,N2,log_loss,0.6181433609820137,0.8945055574293843,0.6451855507303592,0.5514246947082768,0.007350545225864978,0.28323107053336305,0.010726486415790779,0.04135675251873549,"[[2169, 936], [1178, 1675]]","[[213, 132], [165, 152]]"
disclosure_x_bias,80,init_easy,N2,log_loss,0.6179738211359014,0.8947793420285167,0.6455211212001579,0.5514246947082768,0.007345184223691732,0.28299657650033333,0.009643557896372355,0.04135675251873549,"[[2168, 937], [1175, 1678]]","[[213, 132], [165, 152]]"
disclosure_x_bias,81,init_easy,N2,log_loss,0.6178029168933826,0.8947124263409588,0.6458566916699565,0.5514246947082768,0.007332229576089167,0.28300302549245243,0.009458149468147468,0.04135675251873549,"[[2172, 933], [1177, 1676]]","[[214, 131], [166, 151]]"
disclosure_x_bias,82,init_easy,N2,log_loss,0.6176431753098255,0.8948347496485807,0.646024476904856,0.5514246947082768,0.0073313915252477095,0.28291151746574383,0.009409056230243894,0.04135675251873549,"[[2172, 933], [1176, 1677]]","[[214, 131], [166, 151]]"
disclosure_x_bias,83,init_easy,N2,log_loss,0.6174750912138907,0.8946340755521011,0.6458566916699565,0.5514246947082768,0.007335488107213565,0.28298952724166215,0.009458149468147468,0.04135675251873549,"[[2172, 933], [1177, 1676]]","[[214, 131], [166, 151]]"
disclosure_x_bias,84,init_easy,N2,log_loss,0.6173127205563068,0.8948292055032436,0.6458566916699565,0.5529398462234283,0.00733686409280269,0.2829539026538937,0.00958952455255528,0.04550101894582413,"[[2160, 945], [1165, 1688]]","[[213, 132], [164, 153]]"
disclosure_x_bias,85,init_easy,N2,log_loss,0.6171449198250192,0.894604495345888,0.6466956178444532,0.5499095431931252,0.007337581995127014,0.2826925044207702,0.009444814047460507,0.04594067642499291,"[[2163, 942], [1163, 1690]]","[[212, 133], [165, 152]]"
disclosure_x_bias,86,init_easy,N2,log_loss,0.6169675183052001,0.8946143125927992,0.6468634030793525,0.5499095431931252,0.007354249148025966,0.28251756327948885,0.009412282342554354,0.04594067642499291,"[[2162, 943], [1161, 1692]]","[[212, 133], [165, 152]]"
disclosure_x_bias,87,init_easy,N2,log_loss,0.6167964606476068,0.8945952254958381,0.6470311883142519,0.5514246947082768,0.007351553456552414,0.2823280836875233,0.009207988837333324,0.045469631586460134,"[[2164, 941], [1162, 1691]]","[[213, 132], [165, 152]]"
disclosure_x_bias,88,init_easy,N2,log_loss,0.6166117896143818,0.8946164734175932,0.6470311883142519,0.5499095431931252,0.00735549393785922,0.2825374835048999,0.009704175395769742,0.04594067642499291,"[[2162, 943], [1160, 1693]]","[[212, 133], [165, 152]]"
disclosure_x_bias,89,init_easy,N2,log_loss,0.616448059528245,0.8947864922628668,0.6468634030793525,0.5499095431931252,0.007357930458791828,0.28227825762290915,0.009412282342554354,0.04594067642499291,"[[2163, 942], [1162, 1691]]","[[212, 133], [165, 152]]"
disclosure_x_bias,90,init_easy,N2,log_loss,0.6162954857737821,0.8948028254426419,0.6470309063222605,0.5514246947082768,0.0073542666477660204,0.2823634335225525,0.009151808177732312,0.045469631586460134,"[[2164, 941], [1162, 1691]]","[[213, 132], [165, 152]]"
disclosure_x_bias,91,init_easy,N2,log_loss,0.6161044191960218,0.8948329739574001,0.6471986915571598,0.5499095431931252,0.007347824604949431,0.2819750363920608,0.009281439129142614,0.04594067642499291,"[[2164, 941], [1161, 1692]]","[[212, 133], [165, 152]]"
disclosure_x_bias,92,init_easy,N2,log_loss,0.6159547946624098,0.8949695818958234,0.6480376177316565,0.5483943916779738,0.007342623557938102,0.28178061219974393,0.01026094926708943,0.04232488825972103,"[[2160, 945], [1152, 1701]]","[[210, 135], [164, 153]]"
disclosure_x_bias,93,init_easy,N2,log_loss,0.6157929196365197,0.8949431021104838,0.6482056849585472,0.5483943916779738,0.0073524990512476365,0.2817514573024631,0.010256899290822186,0.04232488825972103,"[[2159, 946], [1150, 1703]]","[[210, 135], [164, 153]]"
disclosure_x_bias,94,init_easy,N2,log_loss,0.6156275683103746,0.8955511489067621,0.6482056849585472,0.5483943916779738,0.007332829267546698,0.28182375185166136,0.010256899290822186,0.04232488825972103,"[[2160, 945], [1151, 1702]]","[[210, 135], [164, 153]]"
disclosure_x_bias,95,init_easy,N2,log_loss,0.6154643517186287,0.895475034814722,0.6482056849585472,0.5483943916779738,0.007345632749770083,0.28184292520980064,0.010256899290822186,0.04232488825972103,"[[2159, 946], [1150, 1703]]","[[210, 135], [164, 153]]"
disclosure_x_bias,96,init_easy,N2,log_loss,0.6153177944097672,0.8955897543788544,0.6482059669505386,0.5483943916779738,0.007343428148852462,0.28180849415671977,0.010576728890375892,0.04232488825972103,"[[2159, 946], [1150, 1703]]","[[210, 135], [164, 153]]"
disclosure_x_bias,97,init_easy,N2,log_loss,0.6151640257446124,0.8954643228199128,0.6473659128080762,0.5513794663048394,0.007338512833539107,0.2818684864319739,0.010934922927838013,0.041327834323559444,"[[2167, 938], [1163, 1690]]","[[212, 133], [164, 153]]"
disclosure_x_bias,98,init_easy,N2,log_loss,0.6150014982001913,0.8955534800381034,0.6482048389825729,0.5513794663048394,0.007334764196433685,0.28167841149382133,0.010618534005458508,0.041327834323559444,"[[2169, 936], [1160, 1693]]","[[212, 133], [164, 153]]"
disclosure_x_bias,99,init_easy,N2,log_loss,0.6148559719550637,0.8953851281430152,0.6487090406632452,0.5483943916779738,0.007328448194334043,0.28167120399044304,0.010105069405279098,0.04232488825972103,"[[2162, 943], [1150, 1703]]","[[210, 135], [164, 153]]"
disclosure_x_bias,100,init_easy,N2,log_loss,0.6147107249968208,0.8957133481405641,0.6482051209745643,0.5528946178199909,0.007322143704995868,0.28163953564223954,0.009874930454036908,0.04011193210880474,"[[2169, 936], [1160, 1693]]","[[213, 132], [164, 153]]"
disclosure_x_bias,101,init_easy,N2,log_loss,0.6145600377352324,0.8958085205459826,0.6487093226552366,0.5483943916779738,0.007320702207461077,0.2815541444979358,0.010094243474154064,0.04232488825972103,"[[2162, 943], [1150, 1703]]","[[210, 135], [164, 153]]"
disclosure_x_bias,102,init_easy,N2,log_loss,0.6144135657517702,0.895973442102272,0.6482051209745643,0.5513794663048394,0.007317300816056144,0.2816965039758504,0.010125168197938723,0.041327834323559444,"[[2170, 935], [1161, 1692]]","[[212, 133], [164, 153]]"
disclosure_x_bias,103,init_easy,N2,log_loss,0.6142664310772676,0.8957661703213311,0.6482051209745643,0.5513794663048394,0.0073183577714725405,0.2818689249419825,0.010278473537658801,0.041327834323559444,"[[2173, 932], [1164, 1689]]","[[212, 133], [164, 153]]"
disclosure_x_bias,104,init_easy,N2,log_loss,0.6141035505725663,0.8958629335678083,0.648540691444363,0.5513794663048394,0.007326640063966285,0.2818552335191513,0.01006752722174236,0.041327834323559444,"[[2172, 933], [1161, 1692]]","[[212, 133], [164, 153]]"
disclosure_x_bias,105,init_easy,N2,log_loss,0.6139486957210514,0.8959490692220278,0.6490440471490609,0.5528946178199909,0.007335462398628238,0.2817019478826734,0.009956907966950085,0.04011193210880474,"[[2172, 933], [1158, 1695]]","[[213, 132], [164, 153]]"
disclosure_x_bias,106,init_easy,N2,log_loss,0.6137966903841259,0.8959022620297421,0.6490440471490609,0.5513794663048394,0.007336130828564749,0.28170687595738353,0.010447467415181632,0.041327834323559444,"[[2171, 934], [1157, 1696]]","[[212, 133], [164, 153]]"
disclosure_x_bias,107,init_easy,N2,log_loss,0.6136026266021501,0.8957723630618597,0.6492118323839604,0.5528946178199909,0.007350652852520264,0.2818022429110057,0.010007663384151187,0.041364205571509154,"[[2167, 938], [1152, 1701]]","[[212, 133], [163, 154]]"
disclosure_x_bias,108,init_easy,N2,log_loss,0.6134457429877862,0.8957433015692488,0.6497151880886582,0.5544097693351425,0.007343958017317654,0.2816949060224929,0.010562966563683236,0.040085822804762486,"[[2173, 932], [1155, 1698]]","[[213, 132], [163, 154]]"
disclosure_x_bias,109,init_easy,N2,log_loss,0.6133033843928224,0.8956922137568469,0.6502185437933563,0.5544097693351425,0.0073433686411434,0.2815113173466674,0.010150992085856398,0.040085822804762486,"[[2172, 933], [1151, 1702]]","[[213, 132], [163, 154]]"
disclosure_x_bias,110,init_easy,N2,log_loss,0.6131597697650879,0.8958845688286494,0.6493796176188595,0.5544097693351425,0.007346739432982503,0.2814352953671958,0.010270504317365035,0.040085822804762486,"[[2175, 930], [1159, 1694]]","[[213, 132], [163, 154]]"
disclosure_x_bias,111,init_easy,N2,log_loss,0.6130227176498273,0.896044338508311,0.6507218994980543,0.5544097693351425,0.007348440592267726,0.28130164386246687,0.010557590103969679,0.040085822804762486,"[[2173, 932], [1149, 1704]]","[[212, 133], [162, 155]]"
disclosure_x_bias,112,init_easy,N2,log_loss,0.6128844449394423,0.8960925560230002,0.6503863290282557,0.5544097693351425,0.007348548076452295,0.2813994338797404,0.010148518848474012,0.040085822804762486,"[[2171, 934], [1149, 1704]]","[[212, 133], [162, 155]]"
disclosure_x_bias,113,init_easy,N2,log_loss,0.6127405378083364,0.8963763277374923,0.6512252552027522,0.5544097693351425,0.007341072729122259,0.2813352516501347,0.009774816450831923,0.040085822804762486,"[[2177, 928], [1150, 1703]]","[[212, 133], [162, 155]]"
disclosure_x_bias,114,init_easy,N2,log_loss,0.6126061959434921,0.8961519092884256,0.650050758558457,0.5544097693351425,0.007339631785034838,0.28153976937749065,0.010807100901452772,0.040085822804762486,"[[2174, 931], [1154, 1699]]","[[212, 133], [162, 155]]"
disclosure_x_bias,115,init_easy,N2,log_loss,0.6124695663166221,0.8961022407652145,0.6515608256725509,0.5544097693351425,0.007337856171912063,0.28159553687492583,0.010967353564904954,0.04133888720074022,"[[2176, 929], [1147, 1706]]","[[212, 133], [162, 155]]"
disclosure_x_bias,116,init_easy,N2,log_loss,0.6123205645865586,0.8962550417999708,0.6513930404376516,0.5528946178199909,0.007336086492682621,0.28147815163792445,0.011102853584599537,0.041364205571509154,"[[2176, 929], [1148, 1705]]","[[211, 134], [162, 155]]"
disclosure_x_bias,117,init_easy,N2,log_loss,0.6121640079561314,0.896205750571502,0.651057469967853,0.5544097693351425,0.0073507685080237,0.28146609591762645,0.010322073311793986,0.040085822804762486,"[[2181, 924], [1155, 1698]]","[[213, 132], [163, 154]]"
disclosure_x_bias,118,init_easy,N2,log_loss,0.61202162226889,0.8963215586314632,0.6518963961423496,0.555924920850294,0.007355825015609678,0.2817133106419538,0.010594212837225865,0.03999597182361288,"[[2178, 927], [1147, 1706]]","[[213, 132], [162, 155]]"
disclosure_x_bias,119,init_easy,N2,log_loss,0.6118843651815558,0.8963023541833948,0.6517286109074503,0.5528946178199909,0.0073528012064107365,0.28147955305524885,0.010141056637341302,0.03236973694158581,"[[2176, 929], [1146, 1707]]","[[211, 134], [162, 155]]"
disclosure_x_bias,120,init_easy,N2,log_loss,0.6117415253032623,0.8965448577411955,0.6522319666121482,0.5498643147896879,0.00735825497444697,0.28115253845022964,0.010040598630421524,0.032197563945762224,"[[2178, 927], [1145, 1708]]","[[210, 135], [163, 154]]"
disclosure_x_bias,121,init_easy,N2,log_loss,0.6116103980647012,0.8963593854004053,0.6529031075517455,0.5513794663048394,0.007356096344616288,0.2814998009752193,0.009733045917481717,0.029862127342001468,"[[2177, 928], [1140, 1713]]","[[210, 135], [162, 155]]"
disclosure_x_bias,122,init_easy,N2,log_loss,0.6114813053250732,0.8964823872441627,0.653406745248435,0.5513794663048394,0.007355076089769465,0.28146214982652096,0.009315900814026973,0.029862127342001468,"[[2171, 934], [1131, 1722]]","[[209, 136], [161, 156]]"
disclosure_x_bias,123,init_easy,N2,log_loss,0.6113487373530304,0.8965508929997019,0.6532389600135355,0.5528946178199909,0.007350429878989468,0.2813786600395955,0.009576845968473881,0.029912443264909053,"[[2176, 929], [1137, 1716]]","[[210, 135], [161, 156]]"
disclosure_x_bias,124,init_easy,N2,log_loss,0.6112152054132246,0.8965156599614993,0.6532389600135355,0.5513794663048394,0.007342934133148326,0.2813789648937022,0.009378826900551694,0.031524229640874965,"[[2176, 929], [1137, 1716]]","[[209, 136], [161, 156]]"
disclosure_x_bias,125,init_easy,N2,log_loss,0.6110890629665585,0.8965949168265175,0.6537423157182336,0.5544097693351425,0.00733662879031692,0.28127837955205165,0.009643854046672458,0.03944436572445375,"[[2179, 926], [1137, 1716]]","[[211, 134], [161, 156]]"
disclosure_x_bias,126,init_easy,N2,log_loss,0.6109387911584341,0.8964621505288074,0.6530711747786363,0.555924920850294,0.007350786707810795,0.2813934524200961,0.010048013326291372,0.039353050194170236,"[[2176, 929], [1138, 1715]]","[[212, 133], [161, 156]]"
disclosure_x_bias,127,init_easy,N2,log_loss,0.6107895642569483,0.8970187463463384,0.6532389600135355,0.5544097693351425,0.007335710818205846,0.2814396833059271,0.010481331242982901,0.03944436572445375,"[[2175, 930], [1136, 1717]]","[[211, 134], [161, 156]]"
disclosure_x_bias,128,init_easy,N2,log_loss,0.6106635695702858,0.8969538494572703,0.6534067452484349,0.5528946178199909,0.007335977331205822,0.2815051850522397,0.010779104226146656,0.03236973694158582,"[[2173, 932], [1133, 1720]]","[[209, 136], [160, 157]]"
disclosure_x_bias,129,init_easy,N2,log_loss,0.6105391893603253,0.8969219906918818,0.6534067452484349,0.5498643147896879,0.007330984670066744,0.2814395569733442,0.01120593814017998,0.03139534872415173,"[[2171, 934], [1131, 1722]]","[[208, 137], [161, 156]]"
disclosure_x_bias,130,init_easy,N2,log_loss,0.6104101285219129,0.8973331864246594,0.653910100953133,0.5513794663048394,0.007329390481841016,0.2812079051405502,0.011030346004230057,0.031524229640874986,"[[2169, 936], [1126, 1727]]","[[208, 137], [160, 157]]"
disclosure_x_bias,131,init_easy,N2,log_loss,0.6102622809410597,0.897300438398078,0.6547490271276295,0.5468340117593848,0.007324402609669196,0.2812869209527644,0.010876074314138354,0.03170426307932876,"[[2171, 934], [1123, 1730]]","[[207, 138], [162, 155]]"
disclosure_x_bias,132,init_easy,N2,log_loss,0.610138929963382,0.8975221899711181,0.6547490271276295,0.5483491632745364,0.007319789230687005,0.2812955506312598,0.011018937322376528,0.03277937878269265,"[[2167, 938], [1119, 1734]]","[[207, 138], [161, 156]]"
disclosure_x_bias,133,init_easy,N2,log_loss,0.6100071974988575,0.8974299164609411,0.654916812362529,0.5483491632745363,0.007311271916393882,0.2811999971246415,0.009920042480285914,0.03199175629515963,"[[2170, 935], [1121, 1732]]","[[208, 137], [162, 155]]"
disclosure_x_bias,134,init_easy,N2,log_loss,0.6098705125188991,0.8975113131068939,0.6552523828323276,0.5483491632745363,0.007316299093782202,0.2811158452700348,0.010506219691523965,0.030355264218717933,"[[2167, 938], [1116, 1737]]","[[208, 137], [162, 155]]"
disclosure_x_bias,135,init_easy,N2,log_loss,0.6097365926356335,0.8975218434153748,0.654916812362529,0.5483491632745363,0.00731238045510957,0.28123649654148686,0.010138364016427941,0.03199175629515963,"[[2167, 938], [1118, 1735]]","[[208, 137], [162, 155]]"
disclosure_x_bias,136,init_easy,N2,log_loss,0.6096057521902745,0.8974012516237279,0.6554204500592183,0.5483491632745364,0.0073130169544669,0.2811046828429546,0.009654751370110605,0.03503617103751925,"[[2166, 939], [1114, 1739]]","[[207, 138], [161, 156]]"
disclosure_x_bias,137,init_easy,N2,log_loss,0.6094802027587016,0.8976826174390057,0.6545815238847217,0.5498643147896879,0.007313691005142515,0.2809539644826843,0.009986104217610016,0.03139534872415173,"[[2167, 938], [1120, 1733]]","[[208, 137], [161, 156]]"
disclosure_x_bias,138,init_easy,N2,log_loss,0.6093495601188006,0.8976626544180913,0.6545815238847217,0.5498643147896879,0.00730755535578233,0.28101193302600874,0.009667797214948369,0.03374482966473764,"[[2167, 938], [1120, 1733]]","[[208, 137], [161, 156]]"
disclosure_x_bias,139,init_easy,N2,log_loss,0.6092247944634848,0.8974928577020924,0.6545815238847217,0.5528946178199909,0.007301825369850971,0.2810082835801676,0.009570240887913004,0.032369736941585826,"[[2163, 942], [1116, 1737]]","[[209, 136], [160, 157]]"
disclosure_x_bias,140,init_easy,N2,log_loss,0.6090966908440552,0.897714842811822,0.6555879533021262,0.5498643147896879,0.007301320182677696,0.28109266521218634,0.009725098201024403,0.03374482966473764,"[[2166, 939], [1113, 1740]]","[[208, 137], [161, 156]]"
disclosure_x_bias,141,init_easy,N2,log_loss,0.608974276323508,0.8975900205717936,0.6544137386498223,0.5498643147896879,0.00729964999664986,0.2812088903589807,0.01046276510513827,0.030572090523559872,"[[2168, 937], [1122, 1731]]","[[209, 136], [162, 155]]"
disclosure_x_bias,142,init_easy,N2,log_loss,0.6088403193668188,0.8976582816214643,0.6554201680672269,0.5498643147896879,0.007310376033088758,0.28121212962068404,0.010651681969654117,0.03374482966473764,"[[2167, 938], [1115, 1738]]","[[208, 137], [161, 156]]"
disclosure_x_bias,143,init_easy,N2,log_loss,0.6087082459338533,0.8977097493554445,0.655252664824319,0.5498643147896879,0.007319036744204702,0.28105934775845887,0.010933422726956854,0.03374482966473764,"[[2168, 937], [1117, 1736]]","[[208, 137], [161, 156]]"
disclosure_x_bias,144,init_easy,N2,log_loss,0.6085878240895053,0.8979629548496348,0.6552523828323276,0.5498643147896879,0.007315911750850456,0.2811725073547744,0.010565597337476343,0.03374482966473764,"[[2166, 939], [1115, 1738]]","[[208, 137], [161, 156]]"
disclosure_x_bias,145,init_easy,N2,log_loss,0.6084683938689818,0.8979754289190914,0.6562599402176978,0.5498643147896879,0.007311193174041965,0.28121687769810627,0.010857033509671685,0.03374482966473764,"[[2165, 940], [1108, 1745]]","[[208, 137], [161, 156]]"
disclosure_x_bias,146,init_easy,N2,log_loss,0.6083316717244639,0.8979763020113871,0.6562596582257064,0.5468340117593848,0.007319243411588753,0.281111275898668,0.01148319785617619,0.034773856667397504,"[[2164, 941], [1107, 1746]]","[[206, 139], [161, 156]]"
disclosure_x_bias,147,init_easy,N2,log_loss,0.608213560143033,0.8980761604646906,0.6560918729908071,0.5453188602442334,0.007319473684179618,0.2807711290842596,0.010998472559558,0.03368667705927253,"[[2169, 936], [1113, 1740]]","[[207, 138], [163, 154]]"
disclosure_x_bias,148,init_easy,N2,log_loss,0.6080929815087383,0.8979776785662998,0.6560918729908071,0.5468340117593848,0.007311493562897754,0.2807733302496568,0.011139765970214672,0.034773856667397504,"[[2166, 939], [1110, 1743]]","[[207, 138], [162, 155]]"
disclosure_x_bias,149,init_easy,N2,log_loss,0.6079606674190428,0.8982214449361253,0.6565955106874964,0.5468340117593848,0.007314027413573785,0.2805949893345314,0.01121244897561441,0.034773856667397504,"[[2164, 941], [1105, 1748]]","[[206, 139], [161, 156]]"
disclosure_x_bias,150,init_easy,N2,log_loss,0.6078406919347655,0.8982767783019365,0.6574347188539845,0.5468340117593848,0.0073100795122461315,0.2805527779276415,0.011302394759002913,0.034773856667397504,"[[2168, 937], [1104, 1749]]","[[206, 139], [161, 156]]"
disclosure_x_bias,151,init_easy,N2,log_loss,0.6077237684480419,0.8981464419643854,0.6569313631492866,0.5468340117593848,0.007303646048570079,0.28055230459238434,0.010662797894473572,0.032498853824921924,"[[2162, 943], [1101, 1752]]","[[205, 140], [160, 157]]"
disclosure_x_bias,152,init_easy,N2,log_loss,0.6076038556475626,0.898401067729351,0.6565957926794879,0.5483491632745364,0.007301651164911664,0.2804665307507269,0.011368772065908727,0.0357567963260225,"[[2163, 942], [1104, 1749]]","[[206, 139], [160, 157]]"
disclosure_x_bias,153,init_easy,N2,log_loss,0.6074629501943252,0.8983839270882946,0.6570991483841858,0.5468340117593848,0.007314683567797409,0.2804526372717849,0.011397809495755628,0.034773856667397476,"[[2172, 933], [1110, 1743]]","[[206, 139], [161, 156]]"
disclosure_x_bias,154,init_easy,N2,log_loss,0.6073531350907285,0.8984085003054506,0.6579380745586826,0.5453188602442334,0.0073089956932435324,0.28055209725849867,0.010663192314340769,0.03368667705927253,"[[2176, 929], [1109, 1744]]","[[206, 139], [162, 155]]"
disclosure_x_bias,155,init_easy,N2,log_loss,0.6072337154800345,0.8985877242793773,0.6574347188539845,0.5468340117593848,0.007309753847051643,0.28055488751699786,0.011357610760166859,0.034773856667397504,"[[2167, 938], [1103, 1750]]","[[206, 139], [161, 156]]"
disclosure_x_bias,156,init_easy,N2,log_loss,0.6071120722994444,0.8985072007302419,0.6582736450284812,0.5453188602442334,0.007312719403538146,0.2804575277557461,0.009401629158485029,0.028787167212381174,"[[2170, 935], [1101, 1752]]","[[206, 139], [162, 155]]"
disclosure_x_bias,157,init_easy,N2,log_loss,0.6069984012037982,0.8983524704937549,0.6564277254525972,0.5498643147896879,0.007307944608843511,0.28043773969240676,0.010633438294591064,0.034492444558664015,"[[2169, 936], [1111, 1742]]","[[208, 137], [161, 156]]"
disclosure_x_bias,158,init_easy,N2,log_loss,0.6068827050180252,0.8984551360230688,0.6564277254525972,0.5468340117593848,0.007306808998565591,0.2803767894633738,0.010808496409688045,0.034773856667397476,"[[2170, 935], [1112, 1741]]","[[207, 138], [162, 155]]"
disclosure_x_bias,159,init_easy,N2,log_loss,0.6067594823878617,0.8983459140074931,0.6564277254525972,0.5468340117593848,0.007304182678708372,0.28047942146840127,0.0114274554665757,0.034773856667397476,"[[2170, 935], [1112, 1741]]","[[207, 138], [162, 155]]"
disclosure_x_bias,160,init_easy,N2,log_loss,0.6066420495319477,0.8984568131337977,0.6569313631492866,0.5453188602442334,0.007300593668517863,0.2803618857956853,0.011400034759726113,0.03368667705927253,"[[2173, 932], [1112, 1741]]","[[207, 138], [163, 154]]"
disclosure_x_bias,161,init_easy,N2,log_loss,0.6065134010771406,0.8987715261927148,0.6569313631492866,0.5438037087290819,0.007285974120780093,0.2806124942471841,0.010952225043067518,0.03003691374330314,"[[2173, 932], [1112, 1741]]","[[206, 139], [163, 154]]"
disclosure_x_bias,162,init_easy,N2,log_loss,0.6064005010177153,0.8986608393166214,0.6579380745586826,0.5422885572139303,0.007283117863620673,0.2807671571007422,0.008834286385196425,0.026749838231788774,"[[2169, 936], [1102, 1751]]","[[205, 140], [163, 154]]"
disclosure_x_bias,163,init_easy,N2,log_loss,0.6062804661979516,0.8987176810353692,0.6579380745586826,0.5422885572139303,0.007281404315319852,0.2806054433289564,0.008834286385196425,0.026749838231788774,"[[2168, 937], [1101, 1752]]","[[205, 140], [163, 154]]"
disclosure_x_bias,164,init_easy,N2,log_loss,0.6061634057017746,0.8988267279437026,0.6584419942473634,0.5422885572139303,0.007274869675679138,0.2805756294759822,0.009009187862201003,0.026749838231788774,"[[2170, 935], [1100, 1753]]","[[205, 140], [163, 154]]"
disclosure_x_bias,165,init_easy,N2,log_loss,0.6060534441413178,0.8990457700635055,0.658274209012464,0.5453188602442334,0.007270519845532482,0.2806305907493814,0.009005070124857392,0.03368667705927253,"[[2168, 937], [1099, 1754]]","[[205, 140], [161, 156]]"
disclosure_x_bias,166,init_easy,N2,log_loss,0.6059467161359249,0.8989275126391127,0.6584419942473634,0.5438037087290819,0.007265936351349313,0.2806743450669674,0.009009187862201003,0.025438949950240927,"[[2171, 934], [1101, 1752]]","[[206, 139], [163, 154]]"
disclosure_x_bias,167,init_easy,N2,log_loss,0.605836990310882,0.8989195095453134,0.658274209012464,0.5438037087290819,0.007263056967229896,0.28071415394439714,0.009005070124857392,0.025438949950240927,"[[2172, 933], [1103, 1750]]","[[206, 139], [163, 154]]"
disclosure_x_bias,168,init_easy,N2,log_loss,0.6057222797466328,0.8990483035784871,0.6584419942473634,0.5438037087290819,0.007267893698899369,0.28065018912251605,0.009009187862201003,0.025438949950240927,"[[2171, 934], [1101, 1752]]","[[206, 139], [163, 154]]"
disclosure_x_bias,169,init_easy,N2,log_loss,0.6056103893417992,0.8990988397419428,0.6579386385426653,0.5468340117593848,0.007265236454541953,0.28072821573988666,0.008594979979796562,0.03249885382492192,"[[2169, 936], [1102, 1751]]","[[206, 139], [161, 156]]"
disclosure_x_bias,170,init_easy,N2,log_loss,0.6054990566452993,0.8994128642434038,0.6586097794822627,0.5438037087290819,0.007264238618302923,0.2807855236839357,0.009079002096366418,0.028287555252476754,"[[2169, 936], [1098, 1755]]","[[205, 140], [162, 155]]"
disclosure_x_bias,171,init_easy,N2,log_loss,0.6053864599317713,0.8993675083325027,0.6581064237775648,0.5422885572139303,0.007262041512665126,0.28062850692487434,0.008786408000590983,0.026749838231788774,"[[2172, 933], [1104, 1749]]","[[205, 140], [163, 154]]"
disclosure_x_bias,172,init_easy,N2,log_loss,0.6052823667358368,0.8995942241047825,0.6581064237775648,0.5468340117593848,0.0072588241093510504,0.28074505745809397,0.008678950006548473,0.034773856667397504,"[[2167, 938], [1099, 1754]]","[[205, 140], [160, 157]]"
disclosure_x_bias,173,init_easy,N2,log_loss,0.6051649079872892,0.8996393794440565,0.658274209012464,0.5453188602442334,0.007261027763422584,0.28072832065325204,0.008865037967846337,0.037280936468220456,"[[2166, 939], [1097, 1756]]","[[204, 141], [160, 157]]"
disclosure_x_bias,174,init_easy,N2,log_loss,0.6050584059659527,0.8996766449190667,0.658274209012464,0.5498417005879692,0.0072595741816738535,0.2807386144558539,0.008430998091841259,0.036245360125381605,"[[2163, 942], [1094, 1759]]","[[205, 140], [158, 159]]"
disclosure_x_bias,175,init_easy,N2,log_loss,0.6049451938401813,0.899522428057978,0.658441712255372,0.5468113975576662,0.007256553962037819,0.2809225498136455,0.008811166585686946,0.040486509327259404,"[[2161, 944], [1091, 1762]]","[[204, 141], [159, 158]]"
disclosure_x_bias,176,init_easy,N2,log_loss,0.6048399180294934,0.8996248616757019,0.65928092042186,0.5468113975576662,0.007252706244456566,0.2807250324591348,0.00951979308347176,0.037203244816205135,"[[2169, 936], [1094, 1759]]","[[205, 140], [160, 157]]"
disclosure_x_bias,177,init_easy,N2,log_loss,0.6047323636544844,0.8995319299558769,0.6589453499520614,0.5468113975576662,0.007246869417548927,0.28074044198205084,0.00934278103211762,0.035086120008679104,"[[2172, 933], [1099, 1754]]","[[205, 140], [160, 157]]"
disclosure_x_bias,178,init_easy,N2,log_loss,0.6046264075330094,0.8997009750322558,0.6589450679600699,0.5468340117593848,0.00724053989881077,0.2805522896181672,0.009420451238091234,0.034773856667397476,"[[2168, 937], [1095, 1758]]","[[205, 140], [160, 157]]"
disclosure_x_bias,179,init_easy,N2,log_loss,0.6045126946708141,0.899554452491811,0.6589453499520614,0.5513342379014021,0.00723944332687293,0.28077351560554614,0.009173852526953628,0.03732903870147658,"[[2164, 941], [1091, 1762]]","[[206, 139], [158, 159]]"
disclosure_x_bias,180,init_easy,N2,log_loss,0.6044075109306078,0.8996582538197238,0.6589450679600699,0.5468113975576662,0.007238036354782598,0.28065994780872056,0.009586132427294065,0.035086120008679104,"[[2172, 933], [1099, 1754]]","[[206, 139], [161, 156]]"
disclosure_x_bias,181,init_easy,N2,log_loss,0.6043023958011176,0.8995606044241914,0.6594487056567593,0.5468340117593848,0.007231471600868242,0.28073999636904573,0.009795695834276157,0.03621120700260367,"[[2168, 937], [1092, 1761]]","[[204, 141], [159, 158]]"
disclosure_x_bias,182,init_easy,N2,log_loss,0.6041862086297595,0.8995804912995314,0.65928092042186,0.5483265490728177,0.007227435453675083,0.28073916189242215,0.009779122655770333,0.0367621345661955,"[[2168, 937], [1093, 1760]]","[[205, 140], [159, 158]]"
disclosure_x_bias,183,init_easy,N2,log_loss,0.6040725396767848,0.8994739013966534,0.6591134171789521,0.5513116236996833,0.00721435515566582,0.2805897939898013,0.00945455922382762,0.03956666079337159,"[[2168, 937], [1094, 1759]]","[[205, 140], [157, 160]]"
disclosure_x_bias,184,init_easy,N2,log_loss,0.6039722165883487,0.8996316536844914,0.6592812024138515,0.5482813206693804,0.007209670522881248,0.2805482073485137,0.00924101615414254,0.03863584870447795,"[[2172, 933], [1097, 1756]]","[[205, 140], [159, 158]]"
disclosure_x_bias,185,init_easy,N2,log_loss,0.6038584716571196,0.8998712832550304,0.6591134171789521,0.5513116236996833,0.007200456796320427,0.28048963245188085,0.009651024546141572,0.03956666079337159,"[[2169, 936], [1095, 1758]]","[[205, 140], [157, 160]]"
disclosure_x_bias,186,init_easy,N2,log_loss,0.6037567072508179,0.899849681820417,0.6601204105803395,0.5467661691542288,0.007196161116218525,0.28056969665902975,0.009646252671901251,0.04096643767172271,"[[2176, 929], [1096, 1757]]","[[204, 141], [159, 158]]"
disclosure_x_bias,187,init_easy,N2,log_loss,0.6036535932988404,0.8998576435265135,0.6597848401105408,0.5497964721845319,0.007193220906897301,0.2804603703676599,0.009169587298881487,0.04196717642681755,"[[2168, 937], [1090, 1763]]","[[204, 141], [157, 160]]"
disclosure_x_bias,188,init_easy,N2,log_loss,0.6035310020767755,0.8992672810273241,0.6602890417912131,0.5497964721845319,0.0071385789533778745,0.2786931890632612,0.009647738102383275,0.04196717642681755,"[[2168, 937], [1087, 1766]]","[[204, 141], [157, 160]]"
disclosure_x_bias,189,init_easy,N2,log_loss,0.6034177985316367,0.8994095872060418,0.6606243302690203,0.5482813206693804,0.007127436936346406,0.2787645265784299,0.009486108620919127,0.04119210622481848,"[[2172, 933], [1089, 1764]]","[[204, 141], [158, 159]]"
disclosure_x_bias,190,init_easy,N2,log_loss,0.6033080412244106,0.8992266606505808,0.6606243302690203,0.5482813206693804,0.007122266844667155,0.2788663320726102,0.009999790792653824,0.04119210622481848,"[[2171, 934], [1088, 1765]]","[[204, 141], [158, 159]]"
disclosure_x_bias,191,init_easy,N2,log_loss,0.6031960900824027,0.8995064280193951,0.6604565450341211,0.5467661691542288,0.007128741276630033,0.2789419042800373,0.009879643107681118,0.04096643767172271,"[[2175, 930], [1093, 1760]]","[[204, 141], [159, 158]]"
disclosure_x_bias,192,init_easy,N2,log_loss,0.6030752467345872,0.8996352149165135,0.6606243302690203,0.5482813206693804,0.007146239904786327,0.278798977857924,0.009905504710016699,0.04119210622481848,"[[2169, 936], [1086, 1767]]","[[204, 141], [158, 159]]"
disclosure_x_bias,193,init_easy,N2,log_loss,0.6029585313840082,0.8995666091151767,0.6609601827308105,0.5467661691542288,0.007160708131875891,0.2789017970793247,0.010186185604594522,0.04096643767172271,"[[2172, 933], [1087, 1766]]","[[204, 141], [159, 158]]"
disclosure_x_bias,194,init_easy,N2,log_loss,0.6028541876311426,0.8997249013309411,0.6606246122610118,0.5482813206693804,0.007158095060918886,0.27867484933603787,0.010328431638594123,0.04119210622481848,"[[2169, 936], [1086, 1767]]","[[204, 141], [158, 159]]"
disclosure_x_bias,195,init_easy,N2,log_loss,0.6027559571253462,0.8994614645208368,0.6611279679657097,0.5467661691542288,0.00715382175269517,0.27899533770823576,0.010563590193058952,0.04096643767172271,"[[2173, 932], [1087, 1766]]","[[204, 141], [159, 158]]"
disclosure_x_bias,196,init_easy,N2,log_loss,0.60265574005892,0.899675665112523,0.6607923974959111,0.5482813206693804,0.007149171095955445,0.2788630198217931,0.010440416811019643,0.04119210622481848,"[[2169, 936], [1085, 1768]]","[[204, 141], [158, 159]]"
disclosure_x_bias,197,init_easy,N2,log_loss,0.6025543854511588,0.8998010156028403,0.6609599007388189,0.5467661691542288,0.007142825690510849,0.2789104811063256,0.009263754596261022,0.04096643767172271,"[[2166, 939], [1081, 1772]]","[[204, 141], [159, 158]]"
disclosure_x_bias,198,init_easy,N2,log_loss,0.602456188129121,0.8998836526273155,0.6612951892166262,0.5482813206693804,0.007139909730220781,0.2787294071499788,0.009733383879397768,0.04119210622481848,"[[2171, 934], [1084, 1769]]","[[204, 141], [158, 159]]"
disclosure_x_bias,199,init_easy,N2,log_loss,0.6023460880548094,0.9000958716150921,0.6616318876543905,0.5513116236996833,0.007126722603316811,0.278823547068118,0.0099323452883718,0.042066393432990484,"[[2165, 940], [1076, 1777]]","[[204, 141], [156, 161]]"
disclosure_x_bias,200,init_easy,N2,log_loss,0.60224190190006,0.9001708658589933,0.6617993908972986,0.5497964721845319,0.0071205744486176935,0.2787373943142391,0.010039877093568366,0.041354911373490774,"[[2167, 938], [1077, 1776]]","[[204, 141], [157, 160]]"
disclosure_x_bias,201,init_easy,N2,log_loss,0.6021337803122837,0.9003157312371608,0.6616318876543906,0.5513116236996833,0.007120074129588639,0.27883220710327383,0.010088581176520504,0.042066393432990484,"[[2165, 940], [1076, 1777]]","[[204, 141], [156, 161]]"
disclosure_x_bias,202,init_easy,N2,log_loss,0.6020196626815542,0.9002459026434545,0.6617999548812814,0.5513116236996833,0.007119589605398334,0.2788597207326106,0.010327748125342248,0.042066393432990484,"[[2163, 942], [1073, 1780]]","[[204, 141], [156, 161]]"
disclosure_x_bias,203,init_easy,N2,log_loss,0.6019187185296748,0.9004091737622361,0.6619671761321978,0.5513116236996833,0.007122291520285074,0.27872482558055595,0.010196345750757911,0.042066393432990484,"[[2164, 941], [1073, 1780]]","[[204, 141], [156, 161]]"
disclosure_x_bias,204,init_easy,N2,log_loss,0.6018226879582194,0.9005242220811395,0.6612954712086176,0.5513116236996833,0.007116617385269558,0.2788063335761602,0.01049884736363596,0.042066393432990484,"[[2161, 944], [1074, 1779]]","[[204, 141], [156, 161]]"
disclosure_x_bias,205,init_easy,N2,log_loss,0.6017260873400364,0.9006353834858487,0.6614638204274998,0.5513116236996833,0.007111117294269245,0.27883854487332066,0.01027723784004676,0.042066393432990484,"[[2162, 943], [1074, 1779]]","[[204, 141], [156, 161]]"
disclosure_x_bias,206,init_easy,N2,log_loss,0.6016301493365327,0.9007187192491986,0.6623030285939879,0.5497964721845319,0.007107313415312747,0.2787171549351028,0.010480011756841634,0.041354911373490774,"[[2166, 939], [1073, 1780]]","[[204, 141], [157, 160]]"
disclosure_x_bias,207,init_easy,N2,log_loss,0.6015281033826633,0.9007133389749772,0.6619671761321978,0.5497964721845319,0.007104806279047784,0.2787186575372236,0.010675908663807857,0.041354911373490774,"[[2168, 937], [1077, 1776]]","[[204, 141], [157, 160]]"
disclosure_x_bias,208,init_easy,N2,log_loss,0.601434222601398,0.9006958286729088,0.6624708138288873,0.5513116236996833,0.007101475315338681,0.2786378301796861,0.009856059076524456,0.04020616680147565,"[[2171, 934], [1077, 1776]]","[[205, 140], [157, 160]]"
disclosure_x_bias,209,init_easy,N2,log_loss,0.6013321327831466,0.9007520261133518,0.6624705318368959,0.5513116236996833,0.007098733842354074,0.2787371312100946,0.009835725618967853,0.04020616680147565,"[[2171, 934], [1077, 1776]]","[[205, 140], [157, 160]]"
disclosure_x_bias,210,init_easy,N2,log_loss,0.6012327751458607,0.9007699295637707,0.6624705318368959,0.5513116236996833,0.007096697708606609,0.2786449917435845,0.009545214583317425,0.04020616680147565,"[[2171, 934], [1077, 1776]]","[[205, 140], [157, 160]]"
disclosure_x_bias,211,init_easy,N2,log_loss,0.6011289808887765,0.9007971052675037,0.6626385990637866,0.5513116236996833,0.0070938627448932715,0.278606963175265,0.009907256869291165,0.04020616680147565,"[[2170, 935], [1075, 1778]]","[[205, 140], [157, 160]]"
disclosure_x_bias,212,init_easy,N2,log_loss,0.6010291858681628,0.9006886944347045,0.6626385990637866,0.5497964721845319,0.007096593905265241,0.27844451847164453,0.009781656992098034,0.04010234768250568,"[[2174, 931], [1079, 1774]]","[[204, 141], [157, 160]]"
disclosure_x_bias,213,init_easy,N2,log_loss,0.6009327169112052,0.9008893977882245,0.6626385990637866,0.5513116236996833,0.0070965037853288546,0.2785081811624706,0.009454912714365457,0.04020616680147565,"[[2169, 936], [1074, 1779]]","[[205, 140], [157, 160]]"
disclosure_x_bias,214,init_easy,N2,log_loss,0.6008380606500109,0.9009150823925047,0.6634772432462918,0.5482813206693804,0.0070916780689685216,0.2785081401284523,0.009284797570241624,0.04119210622481848,"[[2175, 930], [1075, 1778]]","[[204, 141], [158, 159]]"
disclosure_x_bias,215,init_easy,N2,log_loss,0.600746449398699,0.9009518252032931,0.6638133777000733,0.5482813206693804,0.007088145124992093,0.2782162881429732,0.009089350093629916,0.04119210622481848,"[[2173, 932], [1071, 1782]]","[[204, 141], [158, 159]]"
disclosure_x_bias,216,init_easy,N2,log_loss,0.6006526403800249,0.9007868844689296,0.6643172973887541,0.5482813206693804,0.007084419272465269,0.2783402964765888,0.009104646721212174,0.04119210622481848,"[[2175, 930], [1070, 1783]]","[[204, 141], [158, 159]]"
disclosure_x_bias,217,init_easy,N2,log_loss,0.600557165096444,0.9010968323439673,0.6643172973887541,0.5467661691542288,0.007082385844861416,0.27816728494093995,0.008646492070533193,0.042793628300276276,"[[2172, 933], [1067, 1786]]","[[203, 142], [158, 159]]"
disclosure_x_bias,218,init_easy,N2,log_loss,0.6004615910743926,0.9010238017385446,0.6653237268061587,0.5482813206693804,0.007081567794125595,0.2780966749548672,0.00804378589242262,0.04119210622481848,"[[2175, 930], [1064, 1789]]","[[204, 141], [158, 159]]"
disclosure_x_bias,219,init_easy,N2,log_loss,0.6003640706355388,0.9012241728062504,0.6649884383283514,0.5467661691542288,0.007077602620822933,0.27820972646990133,0.007501164339773031,0.040338986266151886,"[[2175, 930], [1066, 1787]]","[[203, 142], [158, 159]]"
disclosure_x_bias,220,init_easy,N2,log_loss,0.6002687995517098,0.9010217890927403,0.66465230387457,0.5482813206693804,0.0070804552760389385,0.2782072663377842,0.00829963107880596,0.04119210622481848,"[[2172, 933], [1065, 1788]]","[[204, 141], [158, 159]]"
disclosure_x_bias,221,init_easy,N2,log_loss,0.6001776618151948,0.901078891545555,0.6653242907901415,0.5482813206693804,0.007077043632630754,0.27811258489853125,0.008325270496286575,0.04056814529537153,"[[2176, 929], [1065, 1788]]","[[204, 141], [158, 159]]"
disclosure_x_bias,222,init_easy,N2,log_loss,0.6000837620279347,0.9008639932021252,0.6648200891094693,0.5482813206693804,0.007071872020864022,0.2782428622642145,0.008423723921964886,0.04119210622481848,"[[2178, 927], [1070, 1783]]","[[205, 140], [159, 158]]"
disclosure_x_bias,223,init_easy,N2,log_loss,0.5999880144902747,0.901020403665105,0.6648209350854436,0.5482813206693804,0.007074888066354241,0.2784350998512066,0.007519390440384417,0.04300971079683969,"[[2170, 935], [1062, 1791]]","[[203, 142], [157, 160]]"
disclosure_x_bias,224,init_easy,N2,log_loss,0.5998967191246779,0.9009167194913313,0.6651559415712593,0.5467661691542288,0.007072883685272339,0.27830342861895546,0.008424300572681372,0.042193357540871904,"[[2172, 933], [1062, 1791]]","[[203, 142], [158, 159]]"
disclosure_x_bias,225,init_easy,N2,log_loss,0.5998050571765198,0.9009161208790065,0.6659959957137217,0.5467661691542288,0.007070596773582687,0.27845467528272433,0.008340428765080416,0.042793628300276276,"[[2174, 931], [1059, 1794]]","[[202, 143], [157, 160]]"
disclosure_x_bias,226,init_easy,N2,log_loss,0.5997081412722841,0.9010821494472161,0.6656598612599403,0.5467661691542288,0.0070692171856748705,0.2785544001101357,0.008862989902797474,0.04096643767172271,"[[2180, 925], [1067, 1786]]","[[204, 141], [159, 158]]"
disclosure_x_bias,227,init_easy,N2,log_loss,0.5996038315824418,0.9011271767061206,0.6656598612599403,0.5482813206693804,0.00706475354303286,0.2784903717778963,0.008465873736119888,0.04300971079683969,"[[2174, 931], [1061, 1792]]","[[203, 142], [157, 160]]"
disclosure_x_bias,228,init_easy,N2,log_loss,0.5994968634606738,0.9013892035931491,0.6658276464948395,0.5452510176390774,0.007068491170261865,0.2785022403657747,0.00885298664039374,0.041912257164142735,"[[2179, 926], [1065, 1788]]","[[202, 143], [158, 159]]"
disclosure_x_bias,229,init_easy,N2,log_loss,0.5994004861494162,0.9014161077043518,0.6658273645028482,0.5452510176390774,0.007067711994354657,0.27835689603676433,0.00879472951631798,0.041912257164142735,"[[2180, 925], [1066, 1787]]","[[202, 143], [158, 159]]"
disclosure_x_bias,230,init_easy,N2,log_loss,0.5993037456212568,0.9014638968936757,0.6661632169646382,0.5452510176390774,0.007075088945667483,0.2783665905103944,0.009237988279049111,0.041912257164142735,"[[2180, 925], [1064, 1789]]","[[202, 143], [158, 159]]"
disclosure_x_bias,231,init_easy,N2,log_loss,0.5992001801683504,0.9015044933326035,0.6663318481755118,0.5452510176390774,0.007084047616360196,0.27813920117409874,0.008362368124403599,0.041912257164142735,"[[2180, 925], [1063, 1790]]","[[202, 143], [158, 159]]"
disclosure_x_bias,232,init_easy,N2,log_loss,0.5991080238282931,0.9014008608603643,0.6659951497377474,0.5452510176390774,0.007085032549069201,0.2782749032455117,0.009727503460634716,0.041912257164142735,"[[2178, 927], [1063, 1790]]","[[202, 143], [158, 159]]"
disclosure_x_bias,233,init_easy,N2,log_loss,0.5990184104451369,0.9013766511183847,0.6670029891151091,0.5452510176390774,0.007079931506300188,0.27820808940973796,0.009373466411537036,0.040044870994949765,"[[2185, 920], [1064, 1789]]","[[203, 142], [159, 158]]"
disclosure_x_bias,234,init_easy,N2,log_loss,0.5989248281713246,0.9015623628472442,0.6666665726693362,0.5437358661239258,0.0070748883508944,0.278080121827234,0.009030817683944033,0.041567940294914514,"[[2185, 920], [1066, 1787]]","[[202, 143], [159, 158]]"
disclosure_x_bias,235,init_easy,N2,log_loss,0.5988356700624847,0.9016238942909446,0.6663304382155546,0.5437358661239258,0.007072324785728421,0.278260585608889,0.009736960872246146,0.041567940294914514,"[[2181, 924], [1064, 1789]]","[[202, 143], [159, 158]]"
disclosure_x_bias,236,init_easy,N2,log_loss,0.5987469687182663,0.901870219117515,0.6670021431391349,0.5437358661239258,0.007069781690058625,0.2781138269337729,0.009441732916952043,0.041567940294914514,"[[2181, 924], [1060, 1793]]","[[202, 143], [159, 158]]"
disclosure_x_bias,237,init_easy,N2,log_loss,0.5986433214803843,0.9019285370285959,0.6673377136089335,0.5437358661239258,0.007072852097348272,0.2780964054012982,0.00923179180393285,0.041567940294914514,"[[2182, 923], [1059, 1794]]","[[202, 143], [159, 158]]"
disclosure_x_bias,238,init_easy,N2,log_loss,0.5985458478628704,0.9019159456945088,0.6668340759122441,0.5437358661239258,0.007074713129846706,0.27809173172720464,0.009808862893170374,0.041567940294914514,"[[2180, 925], [1060, 1793]]","[[202, 143], [159, 158]]"
disclosure_x_bias,239,init_easy,N2,log_loss,0.5984481245884348,0.9018620900350192,0.6671702103660256,0.5437358661239258,0.007073748477443601,0.2783020373023493,0.009225985656118468,0.041567940294914514,"[[2182, 923], [1060, 1793]]","[[202, 143], [159, 158]]"
disclosure_x_bias,240,init_easy,N2,log_loss,0.5983328221453191,0.9012934002904227,0.6673374316169421,0.5437358661239258,0.007032156277542022,0.2765346589167081,0.00967381944666241,0.041567940294914514,"[[2179, 926], [1056, 1797]]","[[202, 143], [159, 158]]"
disclosure_x_bias,241,init_easy,N2,log_loss,0.5982444198255552,0.901294202631504,0.6664982234504541,0.5437358661239258,0.007030505287714887,0.27643262750097275,0.009583804378781733,0.041567940294914514,"[[2178, 927], [1060, 1793]]","[[202, 143], [159, 158]]"
disclosure_x_bias,242,init_easy,N2,log_loss,0.5981560705433322,0.9013011620811376,0.6670018611471434,0.5452284034373587,0.007025043193082122,0.2763878274927432,0.009385712081601714,0.04389628269406333,"[[2175, 930], [1054, 1799]]","[[202, 143], [158, 159]]"
disclosure_x_bias,243,init_easy,N2,log_loss,0.598062187309408,0.9012652570292772,0.6680091365405223,0.542243328810493,0.007020221067013349,0.2762755764274293,0.009690500886860135,0.039666825421324284,"[[2187, 918], [1060, 1793]]","[[202, 143], [160, 157]]"
disclosure_x_bias,244,init_easy,N2,log_loss,0.59797177717494,0.9013633222313656,0.6675054988438329,0.5452284034373587,0.007018797411147609,0.27625096207672123,0.009014983210623604,0.04389628269406333,"[[2180, 925], [1056, 1797]]","[[202, 143], [158, 159]]"
disclosure_x_bias,245,init_easy,N2,log_loss,0.5978762458069374,0.9013491069008124,0.6681774857594045,0.542243328810493,0.007018462896041697,0.2762744727010208,0.00934951746246054,0.039666825421324284,"[[2189, 916], [1061, 1792]]","[[202, 143], [160, 157]]"
disclosure_x_bias,246,init_easy,N2,log_loss,0.5977852037016971,0.9012457360473627,0.6680094185325137,0.545273631840796,0.007019424366752118,0.27645059999332167,0.008940051486236956,0.04107199481478666,"[[2184, 921], [1057, 1796]]","[[202, 143], [158, 159]]"
disclosure_x_bias,247,init_easy,N2,log_loss,0.5976820545910471,0.9014947539622933,0.6680099825164966,0.5437584803256444,0.007020987810854603,0.27639654269298186,0.008916915649482096,0.040090223962921216,"[[2184, 921], [1057, 1796]]","[[202, 143], [159, 158]]"
disclosure_x_bias,248,init_easy,N2,log_loss,0.5975897789834967,0.9014677541050921,0.6676732840787322,0.5467435549525101,0.00701354666894291,0.2763434426048008,0.009070906232140812,0.044165618940857965,"[[2177, 928], [1052, 1801]]","[[202, 143], [157, 160]]"
disclosure_x_bias,249,init_easy,N2,log_loss,0.5975048866582768,0.9014734832877004,0.6686808414641024,0.542243328810493,0.007010356674776584,0.276242375641264,0.009159527914413539,0.039666825421324284,"[[2189, 916], [1058, 1795]]","[[202, 143], [160, 157]]"
disclosure_x_bias,250,init_easy,N2,log_loss,0.5974201480435335,0.9014488154850124,0.6685127742372117,0.5482587064676616,0.007008220804799432,0.27627782069360607,0.009240222633300658,0.04494701147772049,"[[2180, 925], [1050, 1803]]","[[202, 143], [156, 161]]"
disclosure_x_bias,251,init_easy,N2,log_loss,0.5973165414308598,0.9015327488106051,0.6688489086909932,0.542243328810493,0.007015301916829292,0.2765224724523739,0.008831624799286023,0.039666825421324284,"[[2191, 914], [1059, 1794]]","[[202, 143], [160, 157]]"
disclosure_x_bias,252,init_easy,N2,log_loss,0.5972245748089476,0.9014811749894955,0.6690166939258925,0.5452510176390774,0.007015974079616314,0.27633320630706965,0.009138539008952878,0.04251649683503552,"[[2190, 915], [1057, 1796]]","[[202, 143], [158, 159]]"
disclosure_x_bias,253,init_easy,N2,log_loss,0.5971390046263869,0.9013404760185567,0.669016975917884,0.5437358661239258,0.007013559925054237,0.27637983893706675,0.00795482317512427,0.041567940294914514,"[[2192, 913], [1059, 1794]]","[[202, 143], [159, 158]]"
disclosure_x_bias,254,init_easy,N2,log_loss,0.5970377466815534,0.9014019066635444,0.6688491906829845,0.5437358661239258,0.007001024178251592,0.2763514261124062,0.007763144211553361,0.041567940294914514,"[[2192, 913], [1060, 1793]]","[[202, 143], [159, 158]]"
disclosure_x_bias,255,init_easy,N2,log_loss,0.5969484476366678,0.9013835565148443,0.6695208956065648,0.5422207146087743,0.007000923136073774,0.27635492807010764,0.008156516974570262,0.038600358673922586,"[[2192, 913], [1056, 1797]]","[[202, 143], [160, 157]]"
disclosure_x_bias,256,init_easy,N2,log_loss,0.5968564756849198,0.901404399764089,0.6690172579098753,0.5437358661239258,0.006998911138580369,0.2765283576887808,0.007981803389242762,0.041567940294914514,"[[2192, 913], [1059, 1794]]","[[202, 143], [159, 158]]"
disclosure_x_bias,257,init_easy,N2,log_loss,0.5967683936412105,0.901548296660531,0.6691847611527832,0.5437358661239258,0.006992731271537444,0.27658773409042886,0.008252650970308847,0.041567940294914514,"[[2190, 915], [1056, 1797]]","[[202, 143], [159, 158]]"
disclosure_x_bias,258,init_easy,N2,log_loss,0.5966834786150326,0.9015705405046279,0.669352828379674,0.5437358661239258,0.006991224319886575,0.27659965166214817,0.008813607094404074,0.041567940294914514,"[[2191, 914], [1056, 1797]]","[[202, 143], [159, 158]]"
disclosure_x_bias,259,init_easy,N2,log_loss,0.5965848351174348,0.9018352018170914,0.6693525463876826,0.542243328810493,0.006977732169630423,0.27651164444366705,0.008681769080416214,0.039666825421324284,"[[2191, 914], [1056, 1797]]","[[201, 144], [159, 158]]"
disclosure_x_bias,260,init_easy,N2,log_loss,0.5964992607421308,0.901916850054916,0.6695206136145734,0.542243328810493,0.006975090618519179,0.2764944900307404,0.008433310598640735,0.039666825421324284,"[[2191, 914], [1055, 1798]]","[[201, 144], [159, 158]]"
disclosure_x_bias,261,init_easy,N2,log_loss,0.5964131139465281,0.9019516460976078,0.6693525463876826,0.542243328810493,0.006975398695949927,0.27652570334080906,0.008161785964347763,0.039666825421324284,"[[2191, 914], [1056, 1797]]","[[201, 144], [159, 158]]"
disclosure_x_bias,262,init_easy,N2,log_loss,0.596317967307602,0.9017251070447827,0.669856184084372,0.542243328810493,0.006982447765084114,0.2765715127204639,0.008715359408421752,0.039666825421324284,"[[2192, 913], [1054, 1799]]","[[201, 144], [159, 158]]"
disclosure_x_bias,263,init_easy,N2,log_loss,0.5962270571549105,0.9019475982201648,0.6696878348654899,0.542243328810493,0.006985869738910526,0.27644027637273405,0.0086184326014675,0.039666825421324284,"[[2193, 912], [1056, 1797]]","[[201, 144], [159, 158]]"
disclosure_x_bias,264,init_easy,N2,log_loss,0.5961403016802395,0.9018771079906023,0.6698559020923807,0.5437358661239258,0.006983785895184342,0.27648221030538706,0.008762376197367475,0.041567940294914514,"[[2192, 913], [1054, 1799]]","[[202, 143], [159, 158]]"
disclosure_x_bias,265,init_easy,N2,log_loss,0.5960569750996034,0.9020301787830917,0.6696878348654899,0.542243328810493,0.006982815810238008,0.27660140444161874,0.007698249269320013,0.039666825421324284,"[[2194, 911], [1057, 1796]]","[[201, 144], [159, 158]]"
disclosure_x_bias,266,init_easy,N2,log_loss,0.5959733276006993,0.901963479615348,0.6701914725621793,0.542243328810493,0.006980449889784519,0.2765434065224729,0.008809789170137992,0.039666825421324284,"[[2195, 910], [1055, 1798]]","[[201, 144], [159, 158]]"
disclosure_x_bias,267,init_easy,N2,log_loss,0.5958899297438325,0.9020456522641954,0.6700234053352885,0.5407281772953414,0.0069780709016626615,0.27660200835291776,0.008491635393155485,0.036476371670439024,"[[2191, 914], [1052, 1801]]","[[201, 144], [160, 157]]"
disclosure_x_bias,268,init_easy,N2,log_loss,0.595803424098861,0.9021683254982662,0.6706948282668772,0.5407281772953414,0.006974264067890448,0.2764917441596544,0.009217466203552183,0.036476371670439024,"[[2195, 910], [1052, 1801]]","[[201, 144], [160, 157]]"
disclosure_x_bias,269,init_easy,N2,log_loss,0.5957196278528277,0.9021439124510794,0.6706948282668772,0.542243328810493,0.006972093449265675,0.2764038248790588,0.008871623794887915,0.03700535405700643,"[[2191, 914], [1048, 1805]]","[[201, 144], [159, 158]]"
disclosure_x_bias,270,init_easy,N2,log_loss,0.5956241371225179,0.9021999712254514,0.6708620495177937,0.5407281772953414,0.006968843511657077,0.2764442778273675,0.009023869979855138,0.036476371670439024,"[[2195, 910], [1051, 1802]]","[[201, 144], [160, 157]]"
disclosure_x_bias,271,init_easy,N2,log_loss,0.5955397696365066,0.9022290926632767,0.6717026676442389,0.542243328810493,0.0069670561765628565,0.2762189088900905,0.008564356586354165,0.037688346095507544,"[[2200, 905], [1051, 1802]]","[[201, 144], [159, 158]]"
disclosure_x_bias,272,init_easy,N2,log_loss,0.5954588466898012,0.9021739316559471,0.6710301167446844,0.5407281772953414,0.006963975337166994,0.27654974096503787,0.00910306731714753,0.036476371670439024,"[[2197, 908], [1052, 1801]]","[[201, 144], [160, 157]]"
disclosure_x_bias,273,init_easy,N2,log_loss,0.5953753875225216,0.9023708677562512,0.6717026676442389,0.542243328810493,0.0069620367469863135,0.27649256308680276,0.008152707025096781,0.03700535405700643,"[[2199, 906], [1050, 1803]]","[[201, 144], [159, 158]]"
disclosure_x_bias,274,init_easy,N2,log_loss,0.5952889873332137,0.9022778208919077,0.6711981839715752,0.542243328810493,0.006956437181323109,0.27653919579255043,0.00897064418948195,0.037688346095507544,"[[2196, 909], [1050, 1803]]","[[201, 144], [159, 158]]"
disclosure_x_bias,275,init_easy,N2,log_loss,0.5952096755319316,0.9024677634979075,0.6717023856522475,0.542243328810493,0.006954203352900228,0.2766013561950779,0.007892602538977007,0.037688346095507544,"[[2200, 905], [1051, 1802]]","[[201, 144], [159, 158]]"
disclosure_x_bias,276,init_easy,N2,log_loss,0.595118451329232,0.9022967171244856,0.6718704528791382,0.5437584803256444,0.00696266990260113,0.2766087593405432,0.007884131204667582,0.03677159290465143,"[[2200, 905], [1050, 1803]]","[[202, 143], [159, 158]]"
disclosure_x_bias,277,init_easy,N2,log_loss,0.595030839173534,0.9026575442692885,0.6713659692064745,0.545273631840796,0.006965460879846353,0.27629515631607526,0.007670509860323669,0.035039576699678804,"[[2195, 910], [1048, 1805]]","[[202, 143], [158, 159]]"
disclosure_x_bias,278,init_easy,N2,log_loss,0.5949370949491449,0.9027225635190625,0.6720382381140375,0.545273631840796,0.006974145724847681,0.27645549255942115,0.007601964096416634,0.035039576699678804,"[[2200, 905], [1049, 1804]]","[[202, 143], [158, 159]]"
disclosure_x_bias,279,init_easy,N2,log_loss,0.5948531636526015,0.9027750073807284,0.6722063053409283,0.545273631840796,0.006972303064837419,0.2764923918536488,0.007204631141229426,0.03850776477471062,"[[2202, 903], [1050, 1803]]","[[201, 144], [157, 160]]"
disclosure_x_bias,280,init_easy,N2,log_loss,0.5947591276110873,0.9026683264418413,0.672541875810727,0.5483039348710991,0.006971869729850332,0.2765355293634968,0.007482774470201321,0.03491113244052487,"[[2202, 903], [1048, 1805]]","[[202, 143], [156, 161]]"
disclosure_x_bias,281,init_easy,N2,log_loss,0.5946786495268684,0.902763772606575,0.6722063053409283,0.5467887833559475,0.0069710262491705565,0.2765783031234811,0.007204631141229426,0.0381496883774872,"[[2201, 904], [1049, 1804]]","[[201, 144], [156, 161]]"
disclosure_x_bias,282,init_easy,N2,log_loss,0.5945926259973933,0.902871635648163,0.672541875810727,0.5467887833559475,0.006970082667966902,0.2765639217425111,0.007482774470201321,0.035374254948733065,"[[2201, 904], [1047, 1806]]","[[201, 144], [156, 161]]"
disclosure_x_bias,283,init_easy,N2,log_loss,0.5945115674201908,0.9028746799223886,0.6725415938187356,0.5483039348710991,0.006970076787140222,0.27662638424734326,0.007783145051956627,0.03491113244052487,"[[2201, 904], [1047, 1806]]","[[202, 143], [156, 161]]"
disclosure_x_bias,284,init_easy,N2,log_loss,0.5944220280996482,0.9030084445843958,0.6727093790536348,0.545273631840796,0.006967219027838332,0.2764918437540157,0.007847790657402374,0.03715935337009699,"[[2201, 904], [1046, 1807]]","[[201, 144], [157, 160]]"
disclosure_x_bias,285,init_easy,N2,log_loss,0.5943407139471383,0.9029188093420055,0.672541875810727,0.5467887833559475,0.006964736143960736,0.276582928544288,0.007524460858922542,0.03881254856138329,"[[2200, 905], [1046, 1807]]","[[200, 145], [155, 162]]"
disclosure_x_bias,286,init_easy,N2,log_loss,0.5942516889110099,0.9029335872875748,0.6723738085838362,0.545273631840796,0.00696954015081852,0.2764557061277612,0.00775434802534593,0.0404461809759031,"[[2198, 907], [1045, 1808]]","[[200, 145], [156, 161]]"
disclosure_x_bias,287,init_easy,N2,log_loss,0.5941681647755799,0.9029301422360925,0.6718704528791382,0.545273631840796,0.006969801733324258,0.27659215042348445,0.007764602138081517,0.041071994814786635,"[[2200, 905], [1050, 1803]]","[[200, 145], [156, 161]]"
disclosure_x_bias,288,init_easy,N2,log_loss,0.5940858679587329,0.9029976661808284,0.6725415938187356,0.545273631840796,0.006958212506172983,0.27649402469066825,0.007742851506663206,0.03981053067977306,"[[2202, 903], [1048, 1805]]","[[201, 144], [157, 160]]"
disclosure_x_bias,289,init_easy,N2,log_loss,0.5939997733961019,0.9030565560372829,0.6720382381140375,0.545273631840796,0.006959557512258806,0.27652054926194214,0.007683817606784305,0.041071994814786635,"[[2200, 905], [1049, 1804]]","[[200, 145], [156, 161]]"
disclosure_x_bias,290,init_easy,N2,log_loss,0.5939185958251435,0.9030700591795636,0.6720382381140375,0.5483039348710991,0.00695890730129141,0.2765967890678383,0.007925369052160337,0.040962470519404166,"[[2197, 908], [1046, 1807]]","[[201, 144], [155, 162]]"
disclosure_x_bias,291,init_easy,N2,log_loss,0.5938409465183029,0.9030141033466188,0.6722060233489369,0.5467887833559475,0.006956186441172307,0.2766010481807834,0.008344049690289438,0.041357886018885875,"[[2197, 908], [1045, 1808]]","[[200, 145], [155, 162]]"
disclosure_x_bias,292,init_easy,N2,log_loss,0.5937634089285222,0.90320911141258,0.6725421578027184,0.5483039348710991,0.006953661291886439,0.2766110975518629,0.00738531557604103,0.039049691208279655,"[[2200, 905], [1046, 1807]]","[[201, 144], [155, 162]]"
disclosure_x_bias,293,init_easy,N2,log_loss,0.5936784476467606,0.9030343384973897,0.6722060233489369,0.5467887833559475,0.006957289593589766,0.2766337856451903,0.007921357660137735,0.03946427661012033,"[[2205, 900], [1053, 1800]]","[[200, 145], [155, 162]]"
disclosure_x_bias,294,init_easy,N2,log_loss,0.5935954258061594,0.9032128851645913,0.6722063053409284,0.5483039348710991,0.006957998765689855,0.27651613405811915,0.0077887787309064175,0.039049691208279655,"[[2203, 902], [1051, 1802]]","[[201, 144], [155, 162]]"
disclosure_x_bias,295,init_easy,N2,log_loss,0.5935153046524927,0.903142939004827,0.6720382381140376,0.5483039348710991,0.0069532380941437115,0.2765983591262383,0.008042247439077095,0.039049691208279655,"[[2199, 906], [1048, 1805]]","[[201, 144], [155, 162]]"
disclosure_x_bias,296,init_easy,N2,log_loss,0.5934288721636835,0.9033922825098815,0.6727090970616435,0.5513116236996833,0.006947796849282048,0.2763611812445433,0.008620222021733114,0.04083565906653688,"[[2201, 904], [1046, 1807]]","[[202, 143], [154, 163]]"
disclosure_x_bias,297,init_easy,N2,log_loss,0.5933406231440019,0.9032860616457044,0.6720379561220462,0.5513342379014021,0.006934217126544202,0.2763827324530136,0.007818708283253576,0.03996896221442021,"[[2195, 910], [1044, 1809]]","[[201, 144], [153, 164]]"
disclosure_x_bias,298,init_easy,N2,log_loss,0.5932449922608952,0.9033197353172685,0.6723735265918448,0.5483039348710991,0.006942679649149989,0.2763191950336796,0.0084245664682647,0.039049691208279655,"[[2204, 901], [1051, 1802]]","[[201, 144], [155, 162]]"
disclosure_x_bias,299,init_easy,N2,log_loss,0.5931477751661764,0.9032250495422709,0.672541875810727,0.5483039348710991,0.006944313612274467,0.2763221865191664,0.008201285646446605,0.039049691208279655,"[[2200, 905], [1046, 1807]]","[[201, 144], [155, 162]]"
disclosure_x_bias,300,init_easy,N2,log_loss,0.5930683098241297,0.9031503347212263,0.6727093790536349,0.5483039348710991,0.006944451398615525,0.2761380624293367,0.007887548139185756,0.039049691208279655,"[[2202, 903], [1047, 1806]]","[[201, 144], [155, 162]]"
disclosure_x_bias,1,init_easy,N2,exponential,27.0765760990323,30.113200949768732,0.6181583103039874,0.5468566259611036,14.862008298231043,33.90156910793008,0.02399627250590758,0.024994530524254606,"[[2030, 1075], [1200, 1653]]","[[209, 136], [164, 153]]"
disclosure_x_bias,2,init_easy,N2,exponential,27.091928534652446,30.21332883974108,0.6189986464384412,0.5468566259611036,14.858642343937564,34.15156882910767,0.022542693543351464,0.024994530524254606,"[[2037, 1068], [1202, 1651]]","[[209, 136], [164, 153]]"
disclosure_x_bias,3,init_easy,N2,exponential,27.039807444762015,30.03869485183457,0.6206779087473916,0.5483717774762551,14.869903726332176,34.055596162364466,0.022940269284554365,0.02634345820143053,"[[2048, 1057], [1203, 1650]]","[[210, 135], [164, 153]]"
disclosure_x_bias,4,init_easy,N2,exponential,26.92708521637786,30.125893301411075,0.6215165529298968,0.5483717774762551,14.804428410944043,34.29302418585275,0.02314324904939431,0.02634345820143053,"[[2053, 1052], [1203, 1650]]","[[210, 135], [164, 153]]"
disclosure_x_bias,5,init_easy,N2,exponential,26.9331620350072,30.097949856646107,0.6240364333652925,0.5438715513342378,14.812372239908905,34.26563212556051,0.02136093757999801,0.027877195430870284,"[[2084, 1021], [1219, 1634]]","[[210, 135], [167, 150]]"
disclosure_x_bias,6,init_easy,N2,exponential,26.82278885900704,29.9945092048553,0.6242045005921832,0.5438715513342378,14.764195899155641,34.501382719555345,0.02158236055978644,0.027877195430870284,"[[2085, 1020], [1219, 1634]]","[[210, 135], [167, 150]]"
disclosure_x_bias,7,init_easy,N2,exponential,26.54034154015192,29.710333410502066,0.6253792792284699,0.5438715513342378,14.696578837459928,34.49706912303537,0.02158905402542831,0.027877195430870284,"[[2092, 1013], [1219, 1634]]","[[210, 135], [167, 150]]"
disclosure_x_bias,8,init_easy,N2,exponential,26.529131383026247,29.68900233198343,0.6255470644633693,0.5438715513342378,14.681208180723852,34.47845268588792,0.021425055084503125,0.027877195430870284,"[[2097, 1008], [1223, 1630]]","[[210, 135], [167, 150]]"
disclosure_x_bias,9,init_easy,N2,exponential,26.540209651192093,29.757106274474843,0.6272249168123626,0.5544776119402985,14.677899460726248,34.679117918744495,0.017445556613574057,0.05151257809546473,"[[2066, 1039], [1182, 1671]]","[[209, 136], [159, 158]]"
disclosure_x_bias,10,init_easy,N2,exponential,26.503955068197246,29.721715521941668,0.6278960577519599,0.5544776119402985,14.65568725827079,34.64361442110977,0.016446884057227936,0.05151257809546473,"[[2073, 1032], [1185, 1668]]","[[209, 136], [159, 158]]"
disclosure_x_bias,11,init_easy,N2,exponential,26.29107694015193,29.46735945655464,0.6277279905250691,0.5544776119402985,14.625871682779154,34.64712353885495,0.016197842294226335,0.05151257809546473,"[[2070, 1035], [1183, 1670]]","[[209, 136], [159, 158]]"
disclosure_x_bias,12,init_easy,N2,exponential,26.247971022970184,29.3989925740174,0.6289024871693644,0.5544776119402985,14.626799017074564,34.87332443442563,0.014935296163352938,0.05151257809546473,"[[2094, 1011], [1200, 1653]]","[[211, 134], [161, 156]]"
disclosure_x_bias,13,init_easy,N2,exponential,26.213007440491726,29.389895602752432,0.6295739101009532,0.5575079149706015,14.599275601567118,34.884366423272425,0.015216766502907826,0.05278865485291557,"[[2099, 1006], [1201, 1652]]","[[213, 132], [161, 156]]"
disclosure_x_bias,14,init_easy,N2,exponential,26.197485237155973,29.385964367982133,0.630077265805651,0.559023066485753,14.587258137994157,34.88669669621131,0.01528592171778537,0.05262143276816594,"[[2104, 1001], [1203, 1650]]","[[214, 131], [161, 156]]"
disclosure_x_bias,15,init_easy,N2,exponential,25.998175872700035,29.249870998590808,0.630077265805651,0.559023066485753,14.546112731694027,34.93189048958187,0.01528592171778537,0.05262143276816594,"[[2105, 1000], [1204, 1649]]","[[214, 131], [161, 156]]"
disclosure_x_bias,16,init_easy,N2,exponential,25.971945418119816,29.245907799945115,0.6304131182674413,0.559023066485753,14.515611600343398,34.9229856761305,0.015107656744900746,0.05262143276816594,"[[2107, 998], [1204, 1649]]","[[214, 131], [161, 156]]"
disclosure_x_bias,17,init_easy,N2,exponential,25.88921323046153,29.145022092381303,0.6304131182674413,0.559023066485753,14.488041903226428,35.09625937970572,0.01510765674490076,0.05262143276816594,"[[2111, 994], [1208, 1645]]","[[215, 130], [162, 155]]"
disclosure_x_bias,18,init_easy,N2,exponential,25.884589729167583,29.01966211146841,0.630581185494332,0.5575305291723203,14.522737143457707,35.02675707350938,0.014884854663322485,0.054427058818320065,"[[2105, 1000], [1201, 1652]]","[[214, 131], [162, 155]]"
disclosure_x_bias,19,init_easy,N2,exponential,25.898708475108663,29.036203426464795,0.6307492527212227,0.5575305291723203,14.52719220975767,35.05558704092801,0.014677923430438486,0.054427058818320065,"[[2105, 1000], [1200, 1653]]","[[214, 131], [162, 155]]"
disclosure_x_bias,20,init_easy,N2,exponential,25.791767244975187,29.013724415542463,0.6304134002594326,0.5575305291723203,14.49418079250691,35.03438536264133,0.014376135414239828,0.054427058818320065,"[[2103, 1002], [1200, 1653]]","[[214, 131], [162, 155]]"
disclosure_x_bias,21,init_easy,N2,exponential,25.677257223983695,28.863980122382976,0.6305814674863234,0.5575305291723203,14.4562867466637,35.06029086616996,0.014621908750319703,0.054427058818320065,"[[2106, 999], [1202, 1651]]","[[214, 131], [162, 155]]"
disclosure_x_bias,22,init_easy,N2,exponential,25.674136858221953,28.940669203302196,0.6309170379561221,0.5575305291723203,14.435068787695633,35.230549589376956,0.014774007313641048,0.054427058818320065,"[[2106, 999], [1200, 1653]]","[[214, 131], [162, 155]]"
disclosure_x_bias,23,init_easy,N2,exponential,25.68551372900719,28.924475802250566,0.6312526084259207,0.5575305291723203,14.434977203224326,35.2147553682284,0.015083000672632135,0.054427058818320065,"[[2109, 996], [1201, 1652]]","[[214, 131], [162, 155]]"
disclosure_x_bias,24,init_easy,N2,exponential,25.602831695412032,28.75898056443129,0.6317559641306187,0.5560153776571687,14.427351222333066,35.210912225734475,0.015316989342932267,0.054542701143771764,"[[2113, 992], [1202, 1651]]","[[214, 131], [163, 154]]"
disclosure_x_bias,25,init_easy,N2,exponential,25.591323837499328,28.741949474741197,0.6332665952286956,0.5560153776571687,14.427337963625092,35.175712899751275,0.014282472067502718,0.054542701143771764,"[[2098, 1007], [1178, 1675]]","[[212, 133], [161, 156]]"
disclosure_x_bias,26,init_easy,N2,exponential,25.586054944170435,28.720548538499806,0.6332665952286956,0.5560153776571687,14.439646822374787,35.10756621446046,0.014282472067502718,0.054542701143771764,"[[2099, 1006], [1179, 1674]]","[[212, 133], [161, 156]]"
disclosure_x_bias,27,init_easy,N2,exponential,25.57362356010909,28.67739709973419,0.6334343804635949,0.5575079149706015,14.456308204985936,35.203903752025305,0.014062271899917746,0.05278865485291557,"[[2098, 1007], [1177, 1676]]","[[212, 133], [160, 157]]"
disclosure_x_bias,28,init_easy,N2,exponential,25.49841959139506,28.563740085186243,0.6336021656984941,0.5575079149706015,14.44398582546479,35.25571609539386,0.014104984339502368,0.05278865485291557,"[[2100, 1005], [1178, 1675]]","[[212, 133], [160, 157]]"
disclosure_x_bias,29,init_easy,N2,exponential,25.380048667656695,28.534065106120824,0.6325954542890981,0.5575079149706015,14.392292261133852,35.19314151416029,0.015659521430448808,0.05278865485291557,"[[2123, 982], [1207, 1646]]","[[215, 130], [163, 154]]"
disclosure_x_bias,30,init_easy,N2,exponential,25.401089949633388,28.590587567125475,0.6327632395239975,0.5575079149706015,14.39655035230153,35.33009534175243,0.01572774935677121,0.05278865485291557,"[[2123, 982], [1206, 1647]]","[[215, 130], [163, 154]]"
disclosure_x_bias,31,init_easy,N2,exponential,25.315965624208896,28.476746494113286,0.6329310247588968,0.5575079149706015,14.372212794834796,35.349822458291946,0.015951357561288532,0.05278865485291557,"[[2125, 980], [1207, 1646]]","[[215, 130], [163, 154]]"
disclosure_x_bias,32,init_easy,N2,exponential,25.290425324167465,28.41051866210774,0.6339377361682927,0.5575079149706015,14.36975111690658,35.25417308593747,0.014227448236976366,0.05278865485291557,"[[2102, 1003], [1178, 1675]]","[[212, 133], [160, 157]]"
disclosure_x_bias,33,init_easy,N2,exponential,25.169285622499206,28.392952741179084,0.6339377361682927,0.5575079149706015,14.346999263353231,35.42873405851371,0.014227448236976366,0.05278865485291557,"[[2102, 1003], [1178, 1675]]","[[212, 133], [160, 157]]"
disclosure_x_bias,34,init_easy,N2,exponential,25.165505523122004,28.40763196083273,0.6334343804635949,0.5544776119402985,14.345412416123736,35.41955532499437,0.014946470695625665,0.045181448313186066,"[[2115, 990], [1194, 1659]]","[[212, 133], [162, 155]]"
disclosure_x_bias,35,init_easy,N2,exponential,25.177922034234868,28.414757710258026,0.6337699509333935,0.552962460425147,14.350887967864132,35.42922088346159,0.014623756682390932,0.047410404086498256,"[[2118, 987], [1195, 1658]]","[[212, 133], [163, 154]]"
disclosure_x_bias,36,init_easy,N2,exponential,25.172346179937247,28.339523571883614,0.6341055214031922,0.552962460425147,14.3734905556717,35.40226068267484,0.014822322015026455,0.047410404086498256,"[[2119, 986], [1194, 1659]]","[[212, 133], [163, 154]]"
disclosure_x_bias,37,init_easy,N2,exponential,25.06917691508755,28.290841970115974,0.6344410918729908,0.5544776119402985,14.44151476170229,35.30222514787085,0.013996245261102512,0.05101500269049291,"[[2108, 997], [1181, 1672]]","[[212, 133], [162, 155]]"
disclosure_x_bias,38,init_easy,N2,exponential,25.07678172642535,28.351266188780095,0.6346088771078902,0.5544776119402985,14.448946008022489,35.41531787007528,0.014070316629810084,0.05101500269049291,"[[2109, 996], [1181, 1672]]","[[212, 133], [162, 155]]"
disclosure_x_bias,39,init_easy,N2,exponential,25.079622355063158,28.328979238763004,0.6346088771078902,0.5575079149706015,14.447955124791363,35.42383837888311,0.014225083204749061,0.058735336162099645,"[[2098, 1007], [1170, 1683]]","[[212, 133], [160, 157]]"
disclosure_x_bias,40,init_easy,N2,exponential,25.009126054608362,28.241839586797,0.6352800180474875,0.5575079149706015,14.428630547341664,35.392211152662064,0.01373946127779829,0.058735336162099645,"[[2099, 1006], [1167, 1686]]","[[212, 133], [160, 157]]"
disclosure_x_bias,41,init_easy,N2,exponential,24.763535785430395,28.216291761454414,0.6356155885172861,0.55599276345545,14.31481980757854,35.57982108723965,0.013955102511432702,0.05927377405697906,"[[2101, 1004], [1167, 1686]]","[[212, 133], [161, 156]]"
disclosure_x_bias,42,init_easy,N2,exponential,24.748351396239286,28.172474795116255,0.6359511589870848,0.55599276345545,14.312144443246599,35.488836582164,0.014224750590556225,0.05927377405697906,"[[2103, 1002], [1167, 1686]]","[[212, 133], [161, 156]]"
disclosure_x_bias,43,init_easy,N2,exponential,24.739839369938483,28.19172133147717,0.6364545146917828,0.5590230664857531,14.313967214906269,35.46598371741705,0.013686124439628595,0.056816828575236386,"[[2097, 1008], [1158, 1695]]","[[211, 134], [158, 159]]"
disclosure_x_bias,44,init_easy,N2,exponential,24.70469925350241,28.126625351947713,0.6367900851615814,0.5544776119402985,14.294761427722303,35.49102673874662,0.01384848938361619,0.04949227103215141,"[[2110, 995], [1169, 1684]]","[[211, 134], [161, 156]]"
disclosure_x_bias,45,init_easy,N2,exponential,24.730465305359964,28.156949128349652,0.6366222999266821,0.55599276345545,14.288338250290888,35.58509179671176,0.013825360887830172,0.04784365611268964,"[[2110, 995], [1170, 1683]]","[[211, 134], [160, 157]]"
disclosure_x_bias,46,init_easy,N2,exponential,24.720209651974848,28.120186917056383,0.6367900851615814,0.5544776119402985,14.285671189987761,35.505179959259195,0.01384848938361619,0.04949227103215141,"[[2110, 995], [1169, 1684]]","[[211, 134], [161, 156]]"
disclosure_x_bias,47,init_easy,N2,exponential,24.66892965153705,28.029047369202704,0.6367900851615814,0.55599276345545,14.284365734494736,35.515327770309334,0.013916086035405653,0.04784365611268964,"[[2111, 994], [1170, 1683]]","[[212, 133], [161, 156]]"
disclosure_x_bias,48,init_easy,N2,exponential,24.593626645134755,28.019662276075554,0.6367900851615814,0.55599276345545,14.27692808955737,35.50610872097311,0.013916086035405653,0.04784365611268964,"[[2111, 994], [1170, 1683]]","[[212, 133], [161, 156]]"
disclosure_x_bias,49,init_easy,N2,exponential,24.579752607576786,28.042832265679596,0.6377982065309344,0.55599276345545,14.271825995449008,35.51244264951616,0.012768318020116314,0.04784365611268964,"[[2120, 985], [1173, 1680]]","[[212, 133], [161, 156]]"
disclosure_x_bias,50,init_easy,N2,exponential,24.588127215188475,28.05690628974507,0.637798488522926,0.55599276345545,14.283312812374271,35.512106256437185,0.013217820216182292,0.04784365611268964,"[[2120, 985], [1173, 1680]]","[[212, 133], [161, 156]]"
disclosure_x_bias,51,init_easy,N2,exponential,24.589562242857504,28.143123479143185,0.6379662737578252,0.55599276345545,14.300308766711922,35.65318377418615,0.013178053036739648,0.04784365611268964,"[[2121, 984], [1173, 1680]]","[[212, 133], [161, 156]]"
disclosure_x_bias,52,init_easy,N2,exponential,24.57206778519946,28.098293390238744,0.6383018442276239,0.5544776119402985,14.297568905645049,35.55248648175444,0.012776590192879333,0.04949227103215141,"[[2122, 983], [1172, 1681]]","[[211, 134], [161, 156]]"
disclosure_x_bias,53,init_easy,N2,exponential,24.415622511327758,27.95462517854679,0.6383018442276239,0.5544776119402985,14.232188171570616,35.6559431335569,0.012727531656439096,0.04949227103215141,"[[2122, 983], [1172, 1681]]","[[211, 134], [161, 156]]"
disclosure_x_bias,54,init_easy,N2,exponential,24.406330397741172,27.919645083841726,0.6383018442276239,0.5544776119402985,14.233438168117754,35.59389568342966,0.012727531656439096,0.04949227103215141,"[[2123, 982], [1173, 1680]]","[[211, 134], [161, 156]]"
disclosure_x_bias,55,init_easy,N2,exponential,24.335867830594957,27.906809304310237,0.6386374146974225,0.5544776119402985,14.293805066985964,35.57474694289901,0.01267690655832489,0.04949227103215141,"[[2124, 981], [1172, 1681]]","[[211, 134], [161, 156]]"
disclosure_x_bias,56,init_easy,N2,exponential,24.241462199996565,27.86044979530066,0.6396455360667758,0.5529850746268656,14.283567799434453,35.477660185093946,0.012057531845587794,0.05126107980211769,"[[2131, 974], [1173, 1680]]","[[211, 134], [162, 155]]"
disclosure_x_bias,57,init_easy,N2,exponential,24.25538083320273,27.929768857044046,0.6393099655969771,0.5529850746268656,14.30222983244216,35.6118039748622,0.01185497249437164,0.05126107980211769,"[[2130, 975], [1174, 1679]]","[[211, 134], [162, 155]]"
disclosure_x_bias,58,init_easy,N2,exponential,24.24924225800596,27.969386258706198,0.6396455360667758,0.5529850746268656,14.298037042713784,35.70643215163949,0.012057531845587794,0.05126107980211769,"[[2131, 974], [1173, 1680]]","[[211, 134], [162, 155]]"
disclosure_x_bias,59,init_easy,N2,exponential,24.25441605466485,27.966743445420366,0.6394777508318763,0.5514699231117142,14.30764679578044,35.633115538610895,0.011866082434302065,0.04971870523831893,"[[2132, 973], [1175, 1678]]","[[211, 134], [163, 154]]"
disclosure_x_bias,60,init_easy,N2,exponential,24.262669929777477,27.942308395349066,0.6394777508318763,0.5514699231117142,14.316232071973245,35.64748879072507,0.011866082434302065,0.04971870523831893,"[[2132, 973], [1175, 1678]]","[[211, 134], [163, 154]]"
disclosure_x_bias,61,init_easy,N2,exponential,24.201275585284755,27.858222499671804,0.6404844622412724,0.5529850746268656,14.318819767694098,35.66697974049578,0.011611004272604263,0.050256023493889475,"[[2136, 969], [1173, 1680]]","[[212, 133], [163, 154]]"
disclosure_x_bias,62,init_easy,N2,exponential,24.175014669559474,27.84571395440567,0.6403166770063731,0.5514699231117142,14.302281045008307,35.666127627642794,0.011064144353686666,0.046538784206215766,"[[2135, 970], [1173, 1680]]","[[211, 134], [163, 154]]"
disclosure_x_bias,63,init_easy,N2,exponential,24.180345366004172,27.798600026756567,0.6401488917714737,0.5514699231117142,14.316122774222475,35.65352887672976,0.011038068312032318,0.046538784206215766,"[[2134, 971], [1173, 1680]]","[[211, 134], [163, 154]]"
disclosure_x_bias,64,init_easy,N2,exponential,24.199859883628147,27.79630217699928,0.6401488917714737,0.5514699231117142,14.338647790698237,35.633029255596725,0.011038068312032318,0.046538784206215766,"[[2134, 971], [1173, 1680]]","[[211, 134], [163, 154]]"
disclosure_x_bias,65,init_easy,N2,exponential,24.18795824079083,27.80566524663743,0.6403169589983644,0.5514699231117142,14.354788213995999,35.60767571869337,0.011306664779990634,0.046538784206215766,"[[2135, 970], [1173, 1680]]","[[211, 134], [163, 154]]"
disclosure_x_bias,66,init_easy,N2,exponential,24.12659136473198,27.739883524601897,0.6404847442332638,0.5514699231117142,14.346809676670448,35.727107700448954,0.011629097715617789,0.046538784206215766,"[[2135, 970], [1172, 1681]]","[[211, 134], [163, 154]]"
disclosure_x_bias,67,init_easy,N2,exponential,24.049609975958834,27.798023159890988,0.6406525294681631,0.5514699231117142,14.3381683495264,35.83168930277308,0.01132165438084227,0.046538784206215766,"[[2137, 968], [1173, 1680]]","[[211, 134], [163, 154]]"
disclosure_x_bias,68,init_easy,N2,exponential,24.055732833035535,27.780106589029607,0.6406525294681631,0.5514699231117142,14.310921034349025,35.75988351746545,0.01148622838849237,0.046538784206215766,"[[2136, 969], [1172, 1681]]","[[211, 134], [163, 154]]"
disclosure_x_bias,69,init_easy,N2,exponential,24.068666876500522,27.81480016038198,0.641155885172861,0.5514699231117142,14.309432335799329,35.766155918786936,0.011981092665510689,0.046538784206215766,"[[2137, 968], [1170, 1683]]","[[211, 134], [163, 154]]"
disclosure_x_bias,70,init_easy,N2,exponential,23.9785865511701,27.829917305456682,0.6413236704077605,0.5529850746268656,14.258502868746998,35.781853379785126,0.011645372011044873,0.050256023493889475,"[[2139, 966], [1171, 1682]]","[[212, 133], [163, 154]]"
disclosure_x_bias,71,init_easy,N2,exponential,23.918967593270786,27.808545432364486,0.6413236704077605,0.5529850746268656,14.248475806050125,35.740109403624444,0.011645372011044873,0.050256023493889475,"[[2139, 966], [1171, 1682]]","[[212, 133], [163, 154]]"
disclosure_x_bias,72,init_easy,N2,exponential,23.910288536498218,27.773633952725977,0.6413236704077605,0.5499547715965626,14.2653898295217,35.74554709773661,0.011752322283611413,0.049640155982920015,"[[2137, 968], [1169, 1684]]","[[210, 135], [163, 154]]"
disclosure_x_bias,73,init_easy,N2,exponential,23.822352255992698,27.785449242571907,0.6430037786926851,0.5514246947082768,14.332674382362299,35.760121047710335,0.011693228317393448,0.04257242515944614,"[[2162, 943], [1184, 1669]]","[[212, 133], [164, 153]]"
disclosure_x_bias,74,init_easy,N2,exponential,23.804345760488175,27.77899896228187,0.6433393491624837,0.5514246947082768,14.32889549423714,35.75426083734746,0.011321908494112295,0.04257242515944614,"[[2164, 941], [1184, 1669]]","[[212, 133], [164, 153]]"
disclosure_x_bias,75,init_easy,N2,exponential,23.818811135574375,27.772554205859997,0.6435071343973832,0.5529398462234283,14.343530905004972,35.71583447135551,0.011014372169268467,0.042605946914209956,"[[2165, 940], [1184, 1669]]","[[213, 132], [164, 153]]"
disclosure_x_bias,76,init_easy,N2,exponential,23.882598034734432,28.14704024730517,0.6440104901020811,0.5529398462234283,14.277298721380735,35.87061518914916,0.010827027008752904,0.042605946914209956,"[[2165, 940], [1181, 1672]]","[[213, 132], [164, 153]]"
disclosure_x_bias,77,init_easy,N2,exponential,23.883342635010287,28.133555741157814,0.6443460605718798,0.5514246947082768,14.276121998911917,35.78440019002622,0.01083105636876477,0.04257242515944614,"[[2168, 937], [1182, 1671]]","[[212, 133], [164, 153]]"
disclosure_x_bias,78,init_easy,N2,exponential,23.781461589945675,28.037305695509694,0.6448496982685692,0.5514246947082768,14.277156240660307,35.917931352473666,0.010732615045545617,0.04257242515944614,"[[2172, 933], [1183, 1670]]","[[213, 132], [165, 152]]"
disclosure_x_bias,79,init_easy,N2,exponential,23.80520973201955,28.032640308707915,0.6445141277987705,0.5514246947082768,14.282252233136889,35.86539509900465,0.011089837492032762,0.04257242515944614,"[[2166, 939], [1179, 1674]]","[[212, 133], [164, 153]]"
disclosure_x_bias,80,init_easy,N2,exponential,23.793050523770635,28.026945531828705,0.6431695899836445,0.5469244685662595,14.285501045835979,35.975623049532835,0.011767068255603223,0.046120929966068314,"[[2142, 963], [1163, 1690]]","[[209, 136], [164, 153]]"
disclosure_x_bias,81,init_easy,N2,exponential,23.748648639922003,27.98779280741967,0.6445141277987705,0.5499095431931252,14.257927349997079,35.898426537306605,0.011313234513797527,0.04307516381552285,"[[2169, 936], [1182, 1671]]","[[212, 133], [165, 152]]"
disclosure_x_bias,82,init_easy,N2,exponential,23.701595305227123,27.93005084345245,0.6446821950256613,0.5499095431931252,14.261291761177105,35.911429675068,0.011422492542446547,0.04307516381552285,"[[2169, 936], [1181, 1672]]","[[212, 133], [165, 152]]"
disclosure_x_bias,83,init_easy,N2,exponential,23.711828366140534,27.93116334431579,0.6450177654954599,0.5529398462234283,14.278480552732338,35.943536314705256,0.011126712502602772,0.046608723756062585,"[[2159, 946], [1169, 1684]]","[[212, 133], [163, 154]]"
disclosure_x_bias,84,init_easy,N2,exponential,23.705776653304717,27.963791221620237,0.6446821950256613,0.5499095431931252,14.268203808207469,35.97929261383629,0.01190521271974325,0.04307516381552285,"[[2156, 949], [1168, 1685]]","[[210, 135], [163, 154]]"
disclosure_x_bias,85,init_easy,N2,exponential,23.68928621806217,27.923785950772505,0.6446819130336698,0.5483943916779738,14.267846679840808,35.937092495931516,0.011914375656870167,0.04171787343175004,"[[2158, 947], [1170, 1683]]","[[210, 135], [164, 153]]"
disclosure_x_bias,86,init_easy,N2,exponential,23.709805164849868,27.97391722517268,0.646024476904856,0.5483943916779738,14.294301464001329,35.97821596563116,0.01131118818755145,0.04171787343175004,"[[2162, 943], [1166, 1687]]","[[210, 135], [164, 153]]"
disclosure_x_bias,87,init_easy,N2,exponential,23.681871167482164,27.991524568462637,0.6463600473746546,0.5483943916779738,14.319411248870708,35.98042946051233,0.011136696198065215,0.04171787343175004,"[[2166, 939], [1168, 1685]]","[[211, 134], [165, 152]]"
disclosure_x_bias,88,init_easy,N2,exponential,23.6643911490661,27.989549420084224,0.6453533359652586,0.5514246947082768,14.311296262071094,35.96726434095878,0.01156611509543359,0.04257242515944614,"[[2164, 941], [1172, 1681]]","[[212, 133], [164, 153]]"
disclosure_x_bias,89,init_easy,N2,exponential,23.666562820490515,28.012108612772785,0.6455211212001579,0.5514246947082768,14.313501465919357,36.006347336153674,0.011534142595640048,0.04257242515944614,"[[2164, 941], [1171, 1682]]","[[212, 133], [164, 153]]"
disclosure_x_bias,90,init_easy,N2,exponential,23.72713007164821,28.437534452098095,0.6471995375331341,0.5499095431931252,14.2459029939511,36.24397207044703,0.00948003713929629,0.04307516381552285,"[[2163, 942], [1160, 1693]]","[[211, 134], [164, 153]]"
disclosure_x_bias,91,init_easy,N2,exponential,23.707397553613582,28.353945509076517,0.6463600473746546,0.5514246947082768,14.244259032524171,36.15876112915248,0.009727431432123098,0.04257242515944614,"[[2163, 942], [1165, 1688]]","[[212, 133], [164, 153]]"
disclosure_x_bias,92,init_easy,N2,exponential,23.71259376603368,28.38424664243154,0.6471995375331341,0.5483943916779738,14.245082238072262,36.15452124973191,0.009578512227852434,0.04171787343175004,"[[2165, 940], [1162, 1691]]","[[211, 134], [165, 152]]"
disclosure_x_bias,93,init_easy,N2,exponential,23.710750549166967,28.38138255861163,0.6473670407760419,0.5483943916779738,14.234902862221167,36.13751619326024,0.00934926198176744,0.04171787343175004,"[[2166, 939], [1162, 1691]]","[[211, 134], [165, 152]]"
disclosure_x_bias,94,init_easy,N2,exponential,23.682640221784247,28.377720029812377,0.6473670407760419,0.5468792401628223,14.234560321632433,36.17197757857353,0.00934926198176744,0.041499651497435196,"[[2166, 939], [1162, 1691]]","[[210, 135], [165, 152]]"
disclosure_x_bias,95,init_easy,N2,exponential,23.68252919279814,28.348569000484048,0.6470314703062433,0.5483943916779738,14.234911536162095,36.08695746478175,0.009530236510094223,0.04292331963779388,"[[2163, 942], [1161, 1692]]","[[210, 135], [164, 153]]"
disclosure_x_bias,96,init_easy,N2,exponential,23.61415737272033,28.38784924443197,0.6480384637076307,0.5499095431931252,14.290302035663064,36.18783924094623,0.011052105724095951,0.042478871632892656,"[[2163, 942], [1155, 1698]]","[[210, 135], [163, 154]]"
disclosure_x_bias,97,init_easy,N2,exponential,23.608294667260356,28.38567375767257,0.64820624894253,0.5499095431931252,14.30354492107784,36.16959905232479,0.011001586212912376,0.04126044267992124,"[[2165, 940], [1156, 1697]]","[[211, 134], [164, 153]]"
disclosure_x_bias,98,init_easy,N2,exponential,23.56426172037458,28.30437224858257,0.649212960351926,0.5483943916779738,14.310893904320432,36.28006875968338,0.009612053809788277,0.0371923990346823,"[[2163, 942], [1148, 1705]]","[[210, 135], [164, 153]]"
disclosure_x_bias,99,init_easy,N2,exponential,23.589671305519722,28.30592431364649,0.648709604647228,0.5483943916779738,14.267504349035544,36.22655502807306,0.00992719457634631,0.0371923990346823,"[[2161, 944], [1149, 1704]]","[[210, 135], [164, 153]]"
disclosure_x_bias,100,init_easy,N2,exponential,23.460910209886883,28.296620745782086,0.6482059669505386,0.5468792401628223,14.222351336089615,36.18861400310668,0.010030276167704605,0.03830332964321515,"[[2160, 945], [1151, 1702]]","[[209, 136], [164, 153]]"
disclosure_x_bias,101,init_easy,N2,exponential,23.45884389364506,28.289244265808257,0.6485415374203373,0.5483943916779738,14.224014299847298,36.190997866925834,0.00987750424617212,0.0371923990346823,"[[2163, 942], [1152, 1701]]","[[210, 135], [164, 153]]"
disclosure_x_bias,102,init_easy,N2,exponential,23.44806112299586,28.215806694567334,0.6485415374203373,0.5483943916779738,14.250308721224787,36.12837408642488,0.00987750424617212,0.0371923990346823,"[[2163, 942], [1152, 1701]]","[[210, 135], [164, 153]]"
disclosure_x_bias,103,init_easy,N2,exponential,23.420890159005204,28.235094461734075,0.6493804635948339,0.5468792401628223,14.227911869363044,36.1638521724297,0.010509521007499304,0.03694745805459556,"[[2165, 940], [1149, 1704]]","[[208, 137], [163, 154]]"
disclosure_x_bias,104,init_easy,N2,exponential,23.43375519250781,28.291307095180382,0.6495482488297333,0.5514246947082768,14.251247313796716,36.25558401831601,0.010901608889772433,0.04546963158646014,"[[2171, 934], [1154, 1699]]","[[211, 134], [163, 154]]"
disclosure_x_bias,105,init_easy,N2,exponential,23.434899256047867,28.282848656104267,0.6483729062094636,0.5544097693351425,14.247264572552156,36.197659986566364,0.010902269424342257,0.044316809538224804,"[[2176, 929], [1166, 1687]]","[[213, 132], [163, 154]]"
disclosure_x_bias,106,init_easy,N2,exponential,23.4734288093305,28.347867134208208,0.6490440471490609,0.5544097693351425,14.316784163484607,36.29719522889259,0.010973164056523137,0.044316809538224804,"[[2177, 928], [1163, 1690]]","[[213, 132], [163, 154]]"
disclosure_x_bias,107,init_easy,N2,exponential,23.481164324333964,28.309976276999958,0.6487084766792623,0.5544097693351425,14.322641133643936,36.21661587192332,0.011127731435086639,0.044316809538224804,"[[2176, 929], [1164, 1689]]","[[213, 132], [163, 154]]"
disclosure_x_bias,108,init_easy,N2,exponential,23.473169552583023,28.338918385938506,0.6488762619141617,0.5528946178199909,14.332734893988162,36.243039073068225,0.010779910588258442,0.04011193210880474,"[[2174, 931], [1161, 1692]]","[[212, 133], [163, 154]]"
disclosure_x_bias,109,init_easy,N2,exponential,23.475473130067964,28.368343461729694,0.6493796176188597,0.5528946178199909,14.340036140694677,36.29615496253172,0.010541045296509217,0.04011193210880474,"[[2173, 932], [1157, 1696]]","[[212, 133], [163, 154]]"
disclosure_x_bias,110,init_easy,N2,exponential,23.39785916852342,28.35754060022133,0.6492118323839603,0.5513794663048394,14.383808464847037,36.249173471229305,0.010818708677130277,0.041327834323559444,"[[2172, 933], [1157, 1696]]","[[211, 134], [163, 154]]"
disclosure_x_bias,111,init_easy,N2,exponential,23.345303790277185,28.361177841790493,0.6498829733235576,0.5528946178199909,14.403440333188605,36.323760283016576,0.010510116148680297,0.04011193210880474,"[[2175, 930], [1156, 1697]]","[[212, 133], [163, 154]]"
disclosure_x_bias,112,init_easy,N2,exponential,23.362421043849107,28.330997313206694,0.649547402853759,0.5528946178199909,14.41047292354406,36.24497009596122,0.010700664296404903,0.04011193210880474,"[[2173, 932], [1156, 1697]]","[[212, 133], [163, 154]]"
disclosure_x_bias,113,init_easy,N2,exponential,23.335194572708858,28.312788648497282,0.6503863290282557,0.5544097693351425,14.414490516528836,36.354180807173876,0.010834259368582807,0.04008582280476247,"[[2170, 935], [1148, 1705]]","[[212, 133], [162, 155]]"
disclosure_x_bias,114,init_easy,N2,exponential,23.444615421273365,28.7485262896128,0.6505541142631549,0.555924920850294,14.332810093608781,36.558048352179426,0.010712890414339152,0.03999597182361288,"[[2170, 935], [1147, 1706]]","[[212, 133], [161, 156]]"
disclosure_x_bias,115,init_easy,N2,exponential,23.417489964304124,28.695851042743165,0.6502185437933563,0.555924920850294,14.340562698276512,36.562244261832845,0.011344255621022486,0.03999597182361288,"[[2171, 934], [1150, 1703]]","[[212, 133], [161, 156]]"
disclosure_x_bias,116,init_easy,N2,exponential,23.43195730562027,28.73499507062063,0.6512252552027522,0.555924920850294,14.338757768628493,36.55592215202958,0.010779227817935362,0.03999597182361288,"[[2176, 929], [1149, 1704]]","[[212, 133], [161, 156]]"
disclosure_x_bias,117,init_easy,N2,exponential,23.43536182256258,28.737531823295832,0.6515608256725509,0.555924920850294,14.335883759678419,36.564378040093594,0.01099583746984258,0.03999597182361288,"[[2169, 936], [1140, 1713]]","[[211, 134], [160, 157]]"
disclosure_x_bias,118,init_easy,N2,exponential,23.4391877353028,28.76702348694571,0.6515608256725509,0.555924920850294,14.348062647977924,36.601827159956486,0.01099583746984258,0.03999597182361288,"[[2170, 935], [1141, 1712]]","[[211, 134], [160, 157]]"
disclosure_x_bias,119,init_easy,N2,exponential,23.423765522149765,28.76261740875655,0.6515608256725509,0.555924920850294,14.336005929457313,36.58135881494622,0.01099583746984258,0.03999597182361288,"[[2170, 935], [1141, 1712]]","[[211, 134], [160, 157]]"
disclosure_x_bias,120,init_easy,N2,exponential,23.36042165963673,28.770359129541767,0.6515608256725509,0.555924920850294,14.30836001448318,36.58102558092621,0.01099583746984258,0.03999597182361288,"[[2169, 936], [1140, 1713]]","[[211, 134], [160, 157]]"
disclosure_x_bias,121,init_easy,N2,exponential,23.318769977405637,28.796719928995895,0.6517286109074503,0.5544097693351425,14.350864356739159,36.63145319880597,0.011168569304811724,0.04133888720074022,"[[2169, 936], [1139, 1714]]","[[210, 135], [160, 157]]"
disclosure_x_bias,122,init_easy,N2,exponential,23.305706946349282,28.799104046399787,0.6520641813772489,0.5544097693351425,14.344786158350601,36.66223160720562,0.011306063694768729,0.04133888720074022,"[[2169, 936], [1137, 1716]]","[[210, 135], [160, 157]]"
disclosure_x_bias,123,init_easy,N2,exponential,23.30286857583793,28.745681623618715,0.6520641813772489,0.5544097693351425,14.365658318794605,36.60378825425356,0.011660181948085315,0.04133888720074022,"[[2168, 937], [1136, 1717]]","[[210, 135], [160, 157]]"
disclosure_x_bias,124,init_easy,N2,exponential,23.291628944615802,28.778510801149167,0.6520641813772489,0.5544097693351425,14.346875743083105,36.642379751132836,0.011660181948085315,0.04133888720074022,"[[2168, 937], [1136, 1717]]","[[210, 135], [160, 157]]"
disclosure_x_bias,125,init_easy,N2,exponential,23.28372193532914,28.770767283597035,0.6530708927866449,0.5544097693351425,14.338488454459759,36.59267705300673,0.010425706695619088,0.04133888720074022,"[[2170, 935], [1132, 1721]]","[[210, 135], [160, 157]]"
disclosure_x_bias,126,init_easy,N2,exponential,23.319777682692866,28.79903118603575,0.6529031075517455,0.555924920850294,14.327588950183847,36.663035301745055,0.010234341305661854,0.039353050194170236,"[[2165, 940], [1128, 1725]]","[[210, 135], [159, 158]]"
disclosure_x_bias,127,init_easy,N2,exponential,23.316378738520847,28.76731104522625,0.6527350403248547,0.5574400723654456,14.318130086112271,36.63325778897685,0.010384346348239563,0.03984194791978198,"[[2165, 940], [1129, 1724]]","[[211, 134], [159, 158]]"
disclosure_x_bias,128,init_easy,N2,exponential,23.32826919059574,28.75712814476853,0.6525675370819469,0.5574400723654456,14.336014378328723,36.627983384528115,0.010357701628113997,0.03984194791978198,"[[2165, 940], [1130, 1723]]","[[211, 134], [159, 158]]"
disclosure_x_bias,129,init_easy,N2,exponential,23.311895561110763,28.749421397538896,0.6525672550899555,0.5574400723654456,14.329576603592958,36.61240706088096,0.010724577396170247,0.03984194791978198,"[[2165, 940], [1130, 1723]]","[[211, 134], [159, 158]]"
disclosure_x_bias,130,init_easy,N2,exponential,23.304049522005492,28.779345786858563,0.6532386780215442,0.5574400723654456,14.330290342395553,36.67159829686764,0.010610674742956818,0.03984194791978198,"[[2164, 941], [1125, 1728]]","[[211, 134], [159, 158]]"
disclosure_x_bias,131,init_easy,N2,exponential,23.269175293001158,28.68055529669808,0.6534064632564436,0.5574400723654456,14.341636082801863,36.633459558228544,0.010435887494951444,0.03984194791978198,"[[2165, 940], [1125, 1728]]","[[211, 134], [159, 158]]"
disclosure_x_bias,132,init_easy,N2,exponential,23.26596450413573,28.7171611778599,0.6537420337262422,0.5574400723654456,14.339469041954027,36.72391171267366,0.010523625272212456,0.03984194791978198,"[[2168, 937], [1126, 1727]]","[[211, 134], [159, 158]]"
disclosure_x_bias,133,init_easy,N2,exponential,23.194977076681678,28.704430040452717,0.6542456714229317,0.5589326096788783,14.376714789359474,36.65375862804198,0.01051760221591863,0.039904964505714395,"[[2166, 939], [1121, 1732]]","[[211, 134], [158, 159]]"
disclosure_x_bias,134,init_easy,N2,exponential,23.179788273596706,28.689176812069423,0.653910100953133,0.5559023066485753,14.371600021421637,36.63760937013522,0.01103034600423008,0.03256964993026546,"[[2163, 942], [1120, 1733]]","[[209, 136], [158, 159]]"
disclosure_x_bias,135,init_easy,N2,exponential,23.193869582296294,28.728097612468833,0.6537423157182336,0.5559023066485753,14.377307108407171,36.720205416913736,0.011007079809093089,0.03256964993026546,"[[2161, 944], [1119, 1734]]","[[209, 136], [158, 159]]"
disclosure_x_bias,136,init_easy,N2,exponential,23.17672422076799,28.65049986035178,0.6544134566578309,0.5543871551334238,14.382977567775834,36.617049408138264,0.010503304562962916,0.03494205188447516,"[[2162, 943], [1116, 1737]]","[[208, 137], [158, 159]]"
disclosure_x_bias,137,init_easy,N2,exponential,23.2217681785247,28.729290806815307,0.6544134566578309,0.5498643147896879,14.433200569138553,36.653841512098985,0.011195255487741671,0.034492444558664015,"[[2164, 941], [1118, 1735]]","[[207, 138], [160, 157]]"
disclosure_x_bias,138,init_easy,N2,exponential,23.251789929834292,28.83735274240309,0.6545812418927303,0.5498643147896879,14.426718713011876,36.94715635018306,0.011234848951028957,0.034492444558664015,"[[2164, 941], [1117, 1736]]","[[207, 138], [160, 157]]"
disclosure_x_bias,139,init_easy,N2,exponential,23.239498278444906,28.82074715311159,0.6544137386498223,0.5513568521031208,14.433884373976774,36.92338140202489,0.011185230877559568,0.034926794880016536,"[[2164, 941], [1118, 1735]]","[[207, 138], [159, 158]]"
disclosure_x_bias,140,init_easy,N2,exponential,23.239449824528762,28.784430230297147,0.6557560205290169,0.5498417005879692,14.44514648097191,36.88200345577812,0.009343197321402102,0.031743265670634443,"[[2160, 945], [1106, 1747]]","[[206, 139], [159, 158]]"
disclosure_x_bias,141,init_easy,N2,exponential,23.207188519301166,28.823368092306197,0.6555882352941176,0.5498417005879692,14.42750399169046,36.94274567471712,0.009081084291285131,0.031743265670634443,"[[2158, 947], [1105, 1748]]","[[206, 139], [159, 158]]"
disclosure_x_bias,142,init_easy,N2,exponential,23.20929808937759,28.828838095560997,0.6557560205290169,0.5483265490728177,14.427082998962428,36.98097614838077,0.009140117696905899,0.034618043420621046,"[[2158, 947], [1104, 1749]]","[[205, 140], [159, 158]]"
disclosure_x_bias,143,init_easy,N2,exponential,23.182577577234902,28.863409064005026,0.6559238057639163,0.5483265490728177,14.452143620542996,37.013322542036946,0.009023683513333127,0.034618043420621046,"[[2158, 947], [1103, 1750]]","[[205, 140], [159, 158]]"
disclosure_x_bias,144,init_easy,N2,exponential,23.180244950257215,28.877276327526907,0.6554204500592183,0.5498417005879692,14.458244420714742,37.05691482556519,0.007869838101297042,0.0348094200692556,"[[2159, 946], [1107, 1746]]","[[207, 138], [160, 157]]"
disclosure_x_bias,145,init_easy,N2,exponential,23.175441190759962,28.846936848072907,0.6557560205290169,0.5483265490728177,14.45235725429246,36.994328027842684,0.009071414257003781,0.034618043420621046,"[[2157, 948], [1103, 1750]]","[[205, 140], [159, 158]]"
disclosure_x_bias,146,init_easy,N2,exponential,23.178515542527677,28.87018964115926,0.6557560205290169,0.5483265490728177,14.446816349293416,37.00251072144994,0.009071414257003781,0.034618043420621046,"[[2157, 948], [1103, 1750]]","[[205, 140], [159, 158]]"
disclosure_x_bias,147,init_easy,N2,exponential,23.192215650833642,28.866557612276473,0.6559238057639163,0.5483265490728177,14.462336545795397,36.97610310527048,0.009127083679110295,0.034618043420621046,"[[2157, 948], [1102, 1751]]","[[205, 140], [159, 158]]"
disclosure_x_bias,148,init_easy,N2,exponential,23.179242617090487,28.881324222013557,0.6559238057639163,0.5483265490728177,14.452674597537904,37.01472476420104,0.009127083679110295,0.034618043420621046,"[[2157, 948], [1102, 1751]]","[[205, 140], [159, 158]]"
disclosure_x_bias,149,init_easy,N2,exponential,23.22145367059011,28.868278468897905,0.6559238057639163,0.5498417005879692,14.479380073762,36.9979440482382,0.009127083679110295,0.036245360125381584,"[[2157, 948], [1102, 1751]]","[[206, 139], [159, 158]]"
disclosure_x_bias,150,init_easy,N2,exponential,23.220057991975445,28.871791987888884,0.6560913090068242,0.5483265490728177,14.487890175750422,37.01575303712776,0.008259180957906155,0.033873200730690466,"[[2166, 939], [1110, 1743]]","[[207, 138], [161, 156]]"
disclosure_x_bias,151,init_easy,N2,exponential,23.12673250859732,28.762743522697292,0.6557560205290169,0.5468340117593848,14.524225242657755,36.833132747441205,0.007930765146553989,0.030052119598167778,"[[2166, 939], [1112, 1741]]","[[207, 138], [162, 155]]"
disclosure_x_bias,152,init_easy,N2,exponential,23.103038181184793,28.816515518124113,0.656259376233715,0.5453188602442334,14.469209608843151,36.94232631366481,0.008261419124357565,0.032920768653926714,"[[2167, 938], [1110, 1743]]","[[206, 139], [162, 155]]"
disclosure_x_bias,153,init_easy,N2,exponential,23.173235724028793,28.810266053969617,0.6562599402176978,0.5498417005879692,14.519731386457236,36.8980077579052,0.007926070995191086,0.0348094200692556,"[[2161, 944], [1104, 1749]]","[[207, 138], [160, 157]]"
disclosure_x_bias,154,init_easy,N2,exponential,23.243606148028444,29.31616487338696,0.6564277254525972,0.5483265490728177,14.444164794787515,37.25508584338224,0.008171646039409569,0.033873200730690466,"[[2166, 939], [1108, 1745]]","[[207, 138], [161, 156]]"
disclosure_x_bias,155,init_easy,N2,exponential,23.238036448739827,29.28273348068779,0.655589081270092,0.5498417005879692,14.461310982897523,37.22138949658927,0.009484358033686873,0.0348094200692556,"[[2165, 940], [1112, 1741]]","[[207, 138], [160, 157]]"
disclosure_x_bias,156,init_easy,N2,exponential,23.22561419309766,29.29452635899089,0.6562599402176978,0.5483265490728177,14.45847102540952,37.25629161675841,0.010080160864071609,0.033873200730690466,"[[2171, 934], [1114, 1739]]","[[207, 138], [161, 156]]"
disclosure_x_bias,157,init_easy,N2,exponential,23.22326323308225,29.274182816687954,0.6567632959223958,0.5483265490728177,14.458764909995399,37.21939682747214,0.007671673791676516,0.032332078848736914,"[[2161, 944], [1101, 1752]]","[[206, 139], [160, 157]]"
disclosure_x_bias,158,init_easy,N2,exponential,23.21448072339867,29.29700763285511,0.6574344368619931,0.5498417005879692,14.459361921355203,37.263608940496404,0.00824080800918212,0.03406876168908316,"[[2161, 944], [1097, 1756]]","[[207, 138], [160, 157]]"
disclosure_x_bias,159,init_easy,N2,exponential,23.20711735608484,29.253581518131664,0.6576025040888839,0.5513568521031208,14.455182601428776,37.18453168665136,0.008976965434722622,0.03635809958800731,"[[2162, 943], [1097, 1756]]","[[208, 137], [160, 157]]"
disclosure_x_bias,160,init_easy,N2,exponential,23.18248855632966,29.296881264233207,0.6574347188539845,0.5498643147896879,14.482734341925374,37.2907593108843,0.00834047749539613,0.0359410508568297,"[[2160, 945], [1096, 1757]]","[[208, 137], [161, 156]]"
disclosure_x_bias,161,init_easy,N2,exponential,23.047849995425985,29.227834799501828,0.6574347188539845,0.5498417005879692,14.464291386345094,37.27984583740845,0.00845223977345,0.0348094200692556,"[[2163, 942], [1099, 1754]]","[[208, 137], [161, 156]]"
disclosure_x_bias,162,init_easy,N2,exponential,23.06238613454636,29.205661544001327,0.6576027860808753,0.5483491632745364,14.446748564486851,37.22903613496787,0.008084680116339449,0.0335485152564103,"[[2161, 944], [1096, 1757]]","[[207, 138], [161, 156]]"
disclosure_x_bias,163,init_easy,N2,exponential,23.118172809917326,29.24227200379956,0.6574347188539845,0.5498417005879692,14.486341847047383,37.302337912576995,0.009231372232762294,0.03762654030972432,"[[2159, 946], [1095, 1758]]","[[206, 139], [159, 158]]"
disclosure_x_bias,164,init_easy,N2,exponential,23.100834846688677,29.176749890808377,0.6567635779143872,0.5498417005879692,14.483832725850466,37.15382653777788,0.009147102565181375,0.03762654030972432,"[[2160, 945], [1100, 1753]]","[[206, 139], [159, 158]]"
disclosure_x_bias,165,init_easy,N2,exponential,23.126070992055524,29.276222075435953,0.6570991483841859,0.5468113975576662,14.495108809419628,37.41752053714077,0.00785714146780082,0.032046450772932944,"[[2164, 941], [1102, 1751]]","[[206, 139], [161, 156]]"
disclosure_x_bias,166,init_easy,N2,exponential,23.104414938541904,29.274101629337707,0.6574347188539845,0.5468113975576662,14.494239033565586,37.405608110136555,0.007996744346967517,0.032046450772932944,"[[2165, 940], [1101, 1752]]","[[206, 139], [161, 156]]"
disclosure_x_bias,167,init_easy,N2,exponential,23.102060983721852,29.2818386661368,0.6577705713157747,0.5498643147896879,14.4995278262724,37.42870289795011,0.007419664285699753,0.038675831559445935,"[[2159, 946], [1093, 1760]]","[[206, 139], [159, 158]]"
disclosure_x_bias,168,init_easy,N2,exponential,23.107657433652797,29.28906719687733,0.6576025040888839,0.5483491632745364,14.504034752609096,37.430239435105946,0.007620966650341623,0.03715614200319196,"[[2163, 942], [1098, 1755]]","[[206, 139], [160, 157]]"
disclosure_x_bias,169,init_easy,N2,exponential,23.11403589197107,29.295709549950935,0.6576025040888839,0.5468340117593848,14.516719541963887,37.4599734073609,0.007620966650341623,0.03327447523949848,"[[2161, 944], [1096, 1757]]","[[206, 139], [161, 156]]"
disclosure_x_bias,170,init_easy,N2,exponential,23.11167719580753,29.30908921605294,0.6576025040888839,0.5498643147896879,14.510695620803574,37.45044843414041,0.007620966650341623,0.038675831559445935,"[[2159, 946], [1094, 1759]]","[[206, 139], [159, 158]]"
disclosure_x_bias,171,init_easy,N2,exponential,23.096793139599693,29.275334680534154,0.6581067057695561,0.5452962460425147,14.508483042285576,37.41733606160644,0.00826056763342527,0.03086211218986316,"[[2167, 938], [1099, 1754]]","[[205, 140], [161, 156]]"
disclosure_x_bias,172,init_easy,N2,exponential,23.051242262920457,29.267477155901577,0.6579386385426653,0.5498417005879692,14.50529469081354,37.42487739911587,0.00810924506977823,0.03762654030972432,"[[2166, 939], [1099, 1754]]","[[206, 139], [159, 158]]"
disclosure_x_bias,173,init_easy,N2,exponential,23.035511703667925,29.270407325925568,0.6577708533077661,0.5483265490728177,14.493004767918219,37.41687394836789,0.00847077167918179,0.036762134566195495,"[[2165, 940], [1099, 1754]]","[[205, 140], [159, 158]]"
disclosure_x_bias,174,init_easy,N2,exponential,23.059558851940498,29.283350792993808,0.6576030680728667,0.5483265490728177,14.481357719289251,37.431661695454395,0.009127754781183788,0.036762134566195495,"[[2167, 938], [1102, 1751]]","[[205, 140], [159, 158]]"
disclosure_x_bias,175,init_easy,N2,exponential,23.02540382799378,29.239410463920525,0.6584419942473634,0.5483265490728177,14.532878852882854,37.44340352147377,0.00894053760051452,0.036762134566195495,"[[2165, 940], [1095, 1758]]","[[205, 140], [159, 158]]"
disclosure_x_bias,176,init_easy,N2,exponential,23.005752936923354,29.239505706539763,0.6584419942473634,0.5483265490728177,14.511254101155057,37.40425124002505,0.00894053760051452,0.036762134566195495,"[[2167, 938], [1097, 1756]]","[[205, 140], [159, 158]]"
disclosure_x_bias,177,init_easy,N2,exponential,23.01116726710628,29.24989047483063,0.6584419942473634,0.5498417005879692,14.518165703160927,37.445307692831165,0.00894053760051452,0.03762654030972432,"[[2166, 939], [1096, 1757]]","[[206, 139], [159, 158]]"
disclosure_x_bias,178,init_easy,N2,exponential,23.016407387709734,29.26750109677905,0.6582739270204726,0.5513342379014021,14.523435801892335,37.43230108480529,0.009156385426992137,0.0386715339162677,"[[2167, 938], [1098, 1755]]","[[207, 138], [159, 158]]"
disclosure_x_bias,179,init_easy,N2,exponential,23.008357062347354,29.27318543874093,0.6584419942473634,0.5498417005879692,14.526615148577868,37.495954456026304,0.00894053760051452,0.03762654030972432,"[[2166, 939], [1096, 1757]]","[[206, 139], [159, 158]]"
disclosure_x_bias,180,init_easy,N2,exponential,23.00704887177326,29.268913090126755,0.6582739270204726,0.5513342379014021,14.53869307233179,37.4513497034895,0.009156385426992137,0.0386715339162677,"[[2166, 939], [1097, 1756]]","[[207, 138], [159, 158]]"
disclosure_x_bias,181,init_easy,N2,exponential,23.005676251377896,29.28499664251968,0.6587781287011449,0.5513342379014021,14.54205651371982,37.50017772502238,0.009722644350628471,0.0386715339162677,"[[2164, 941], [1092, 1761]]","[[207, 138], [159, 158]]"
disclosure_x_bias,182,init_easy,N2,exponential,22.98152168270645,29.231197155298986,0.6589461959280356,0.5513116236996833,14.548333986222005,37.49210996802677,0.009509748737428481,0.03956666079337157,"[[2166, 939], [1093, 1760]]","[[206, 139], [158, 159]]"
disclosure_x_bias,183,init_easy,N2,exponential,23.01868858613829,29.247756645215624,0.6589461959280356,0.5498190863862505,14.555721591755713,37.49536261707937,0.009343839351209988,0.03789737346809807,"[[2166, 939], [1093, 1760]]","[[206, 139], [159, 158]]"
disclosure_x_bias,184,init_easy,N2,exponential,23.031238813904213,29.257533090722298,0.6584428402233377,0.5513116236996833,14.558772095028125,37.44706673255298,0.0093185571402634,0.041455593759211665,"[[2166, 939], [1096, 1757]]","[[206, 139], [158, 159]]"
disclosure_x_bias,185,init_easy,N2,exponential,23.017954983203058,29.210569954866276,0.6591142631549264,0.5513116236996833,14.553528407685677,37.44835802670597,0.00915301991457081,0.04083565906653688,"[[2165, 940], [1091, 1762]]","[[205, 140], [157, 160]]"
disclosure_x_bias,186,init_easy,N2,exponential,23.0009989329524,29.242406719417914,0.6594495516327337,0.5528041610131162,14.532718320573855,37.51792751171648,0.009065654295897452,0.0435020612974351,"[[2166, 939], [1090, 1763]]","[[206, 139], [157, 160]]"
disclosure_x_bias,187,init_easy,N2,exponential,23.02310939582693,29.267178115182087,0.6594495516327337,0.5513116236996833,14.5836377003615,37.50122421783905,0.009168581141561973,0.03956666079337157,"[[2168, 937], [1092, 1761]]","[[206, 139], [158, 159]]"
disclosure_x_bias,188,init_easy,N2,exponential,23.017474274168798,29.265167127845825,0.6592817663978343,0.5528267752148349,14.556356506855156,37.53476889719826,0.009778810258987749,0.04024638974907638,"[[2168, 937], [1093, 1760]]","[[207, 138], [158, 159]]"
disclosure_x_bias,189,init_easy,N2,exponential,23.00769017909176,29.214049042988346,0.6594495516327337,0.5497964721845319,14.555227321345125,37.38981823903325,0.009404364001267127,0.04073344439375246,"[[2168, 937], [1092, 1761]]","[[205, 140], [158, 159]]"
disclosure_x_bias,190,init_easy,N2,exponential,23.01988889022787,29.24211355787857,0.6594495516327337,0.5528267752148349,14.567021191720556,37.44007061188475,0.009236561862539879,0.04024638974907638,"[[2168, 937], [1092, 1761]]","[[207, 138], [158, 159]]"
disclosure_x_bias,191,init_easy,N2,exponential,22.980524642060413,29.204022546986558,0.6592817663978343,0.5528267752148349,14.557510265627805,37.393175956014005,0.00925286825542845,0.04024638974907638,"[[2167, 938], [1092, 1761]]","[[207, 138], [158, 159]]"
disclosure_x_bias,192,init_easy,N2,exponential,22.973270831206108,29.204102143544326,0.6592820483898257,0.5528041610131162,14.556692076165723,37.41340711516879,0.009474785270931296,0.0435020612974351,"[[2167, 938], [1092, 1761]]","[[206, 139], [157, 160]]"
disclosure_x_bias,193,init_easy,N2,exponential,22.91655297279325,29.14673960246135,0.659617336867633,0.5512890094979647,14.5974333932949,37.40572491998235,0.009871216851980827,0.04404693358902919,"[[2167, 938], [1090, 1763]]","[[205, 140], [157, 160]]"
disclosure_x_bias,194,init_easy,N2,exponential,22.957094249123664,29.16352688265486,0.6597856860865152,0.5512890094979647,14.615119490390788,37.475376971926686,0.009538401403978625,0.042873091252388626,"[[2168, 937], [1090, 1763]]","[[205, 140], [157, 160]]"
disclosure_x_bias,195,init_easy,N2,exponential,22.966279720353164,29.195890288257782,0.6604562630421296,0.5528041610131162,14.638836683769506,37.554447608106884,0.00899550464879167,0.04291170160452097,"[[2166, 939], [1084, 1769]]","[[206, 139], [157, 160]]"
disclosure_x_bias,196,init_easy,N2,exponential,22.9724693383208,29.183327582324846,0.6604565450341211,0.5512890094979647,14.608848591321962,37.505837519167784,0.009053585576783275,0.04404693358902919,"[[2166, 939], [1084, 1769]]","[[205, 140], [157, 160]]"
disclosure_x_bias,197,init_easy,N2,exponential,22.939178745787338,29.17813701135983,0.6602884778072303,0.5497738579828132,14.618445783751971,37.451452585567296,0.008893456498084186,0.043367078005707896,"[[2166, 939], [1085, 1768]]","[[204, 141], [157, 160]]"
disclosure_x_bias,198,init_easy,N2,exponential,22.94752671652764,29.190473015169268,0.660792961479894,0.5528041610131162,14.634783967148906,37.50351693537168,0.009072281011333097,0.04291170160452097,"[[2166, 939], [1082, 1771]]","[[206, 139], [157, 160]]"
disclosure_x_bias,199,init_easy,N2,exponential,22.933506206119855,29.206562442770498,0.660792961479894,0.5512890094979647,14.624257173908804,37.47243172041166,0.009673005570590976,0.04227394884565772,"[[2167, 938], [1083, 1770]]","[[205, 140], [157, 160]]"
disclosure_x_bias,200,init_easy,N2,exponential,22.731965447467697,28.42592578673367,0.6607932434718855,0.5512890094979647,14.567627395263907,35.67689612106683,0.01001258331020059,0.04404693358902919,"[[2165, 940], [1081, 1772]]","[[205, 140], [157, 160]]"
disclosure_x_bias,201,init_easy,N2,exponential,22.83961071026154,29.03960608852982,0.6602890417912131,0.5497738579828132,14.493807223672738,36.30582283962147,0.009384778682936204,0.04565921883776122,"[[2162, 943], [1081, 1772]]","[[203, 142], [156, 161]]"
disclosure_x_bias,202,init_easy,N2,exponential,22.840086493581058,29.021729565932038,0.6611288139416841,0.5512890094979647,14.532561370366487,36.21716277729643,0.009795751955161172,0.04404693358902919,"[[2168, 937], [1082, 1771]]","[[205, 140], [157, 160]]"
disclosure_x_bias,203,init_easy,N2,exponential,22.84535722646408,29.03862890988531,0.6606243302690203,0.5512890094979647,14.52830179876379,36.2678335992905,0.008907923450128395,0.04404693358902919,"[[2168, 937], [1085, 1768]]","[[205, 140], [157, 160]]"
disclosure_x_bias,204,init_easy,N2,exponential,22.834423669653713,29.033406113998247,0.660792961479894,0.5497738579828132,14.50685230128326,36.23518846670048,0.009575502307033442,0.043367078005707854,"[[2166, 939], [1082, 1771]]","[[204, 141], [157, 160]]"
disclosure_x_bias,205,init_easy,N2,exponential,22.907978480280555,29.033947810163397,0.6606246122610118,0.5543193125282677,14.561701131600023,36.27721562327803,0.008965509536161907,0.04168446221725198,"[[2162, 943], [1079, 1774]]","[[206, 139], [156, 161]]"
disclosure_x_bias,206,init_easy,N2,exponential,22.839189334781427,29.016574004784893,0.6614638204274998,0.5543193125282677,14.514966087682755,36.236448363995315,0.009934260664185146,0.0434814902910718,"[[2163, 942], [1075, 1778]]","[[205, 140], [155, 162]]"
disclosure_x_bias,207,init_easy,N2,exponential,22.837863346671586,29.032203027868086,0.6612957532006091,0.5528041610131162,14.52004645242938,36.28066103844055,0.00809540067836129,0.04231310591371295,"[[2165, 940], [1078, 1775]]","[[205, 140], [156, 161]]"
disclosure_x_bias,208,init_easy,N2,exponential,22.839623868639894,29.045010992313344,0.6617993908972986,0.5558344640434193,14.518050433648712,36.263734031263915,0.009260758208067453,0.0422104102494349,"[[2168, 937], [1078, 1775]]","[[207, 138], [156, 161]]"
disclosure_x_bias,209,init_easy,N2,exponential,22.835425904512668,29.051750219695073,0.6623024646100051,0.5543193125282677,14.524800498987497,36.323750406759345,0.007915918096209106,0.04289084745493165,"[[2166, 939], [1073, 1780]]","[[206, 139], [156, 161]]"
disclosure_x_bias,210,init_easy,N2,exponential,22.865514823047896,29.100042940699364,0.6619668941402064,0.5543193125282677,14.584358427321161,36.35676806750755,0.010355900353039503,0.04289084745493165,"[[2163, 942], [1072, 1781]]","[[206, 139], [156, 161]]"
disclosure_x_bias,211,init_easy,N2,exponential,22.85945697127939,29.043331546608936,0.6629741695335852,0.5543193125282677,14.592931242396556,36.32663258206265,0.008508837151717944,0.04168446221725197,"[[2167, 938], [1070, 1783]]","[[206, 139], [156, 161]]"
disclosure_x_bias,212,init_easy,N2,exponential,22.86117520254358,29.06815141365508,0.6629741695335852,0.5543193125282677,14.604388733944015,36.344253843051895,0.009933549334854911,0.04168446221725197,"[[2165, 940], [1068, 1785]]","[[206, 139], [156, 161]]"
disclosure_x_bias,213,init_easy,N2,exponential,22.84070794184848,29.005380619559496,0.6626385990637866,0.5528041610131162,14.573110174609681,36.207937024157566,0.009284624318667011,0.04231310591371295,"[[2166, 939], [1071, 1782]]","[[205, 140], [156, 161]]"
disclosure_x_bias,214,init_easy,N2,exponential,22.85473631325098,29.05907446950486,0.6631419547684846,0.5528041610131162,14.585082359998946,36.2791268729179,0.009225552561262316,0.04231310591371295,"[[2166, 939], [1068, 1785]]","[[205, 140], [156, 161]]"
disclosure_x_bias,215,init_easy,N2,exponential,22.837887245935228,29.039891479749446,0.6633097400033839,0.5512890094979647,14.574906929486115,36.23782088397072,0.009727835497910809,0.041666191912327774,"[[2171, 934], [1072, 1781]]","[[205, 140], [157, 160]]"
disclosure_x_bias,216,init_easy,N2,exponential,22.83091851025527,29.041261451458023,0.6633097400033839,0.5528041610131162,14.590602034271921,36.2393105642947,0.008992643642004382,0.04231310591371295,"[[2163, 942], [1064, 1789]]","[[205, 140], [156, 161]]"
disclosure_x_bias,217,init_easy,N2,exponential,22.814926669200812,29.034466067948113,0.6636453104731825,0.5528041610131162,14.58848192811183,36.2528939312076,0.008533416496744493,0.04108976182705836,"[[2170, 935], [1069, 1784]]","[[206, 139], [157, 160]]"
disclosure_x_bias,218,init_easy,N2,exponential,22.846570736879816,29.1419318289228,0.663309176019401,0.5528041610131162,14.600698250707639,36.48861369182668,0.00887728386465193,0.04108976182705836,"[[2170, 935], [1071, 1782]]","[[206, 139], [157, 160]]"
disclosure_x_bias,219,init_easy,N2,exponential,22.843735738430972,29.141889262812548,0.6636453104731825,0.5528041610131162,14.60460722284913,36.4736874388025,0.008533416496744493,0.04108976182705836,"[[2169, 936], [1068, 1785]]","[[206, 139], [157, 160]]"
disclosure_x_bias,220,init_easy,N2,exponential,22.825735839289106,29.130471013278775,0.6639811629349726,0.5528041610131162,14.600965034715175,36.48808356588976,0.00869357685420802,0.04108976182705836,"[[2170, 935], [1067, 1786]]","[[206, 139], [157, 160]]"
disclosure_x_bias,221,init_easy,N2,exponential,22.831066551923062,29.132312358354323,0.6636450284811911,0.5497738579828132,14.591538970771996,36.49911861302928,0.008361269485333922,0.0415651037188901,"[[2170, 935], [1069, 1784]]","[[204, 141], [157, 160]]"
disclosure_x_bias,222,init_easy,N2,exponential,22.825954348240455,29.130852535124767,0.6636450284811911,0.5512890094979647,14.610216552565994,36.49536132625075,0.008727359386548778,0.04104943782738782,"[[2169, 936], [1068, 1785]]","[[205, 140], [157, 160]]"
disclosure_x_bias,223,init_easy,N2,exponential,22.82447802088347,29.12339522916316,0.6639808809429812,0.5512890094979647,14.611759656650756,36.457371684749354,0.008561291767403594,0.04104943782738782,"[[2173, 932], [1070, 1783]]","[[205, 140], [157, 160]]"
disclosure_x_bias,224,init_easy,N2,exponential,22.841628071158638,29.14111934096785,0.6639805989509898,0.5512890094979647,14.622387224856327,36.511264115194884,0.00889545303082036,0.04104943782738782,"[[2166, 939], [1063, 1790]]","[[205, 140], [157, 160]]"
disclosure_x_bias,225,init_easy,N2,exponential,22.799441396331968,29.123006212730342,0.6643161694207884,0.5497738579828132,14.637640789227397,36.50208616687323,0.008326414564243507,0.043367078005707854,"[[2161, 944], [1056, 1797]]","[[203, 142], [156, 161]]"
disclosure_x_bias,226,init_easy,N2,exponential,22.796528059206242,29.099887001012387,0.6641483841858891,0.5512890094979647,14.627223268323434,36.470603421171695,0.008671724632402006,0.0446222765121492,"[[2157, 948], [1053, 1800]]","[[203, 142], [155, 162]]"
disclosure_x_bias,227,init_easy,N2,exponential,22.788694558764753,29.115976898036166,0.664148948169872,0.5497738579828132,14.633207382533872,36.48439598024599,0.009606898948950183,0.043367078005707854,"[[2161, 944], [1057, 1796]]","[[203, 142], [156, 161]]"
disclosure_x_bias,228,init_easy,N2,exponential,22.79629869187968,29.074619738177823,0.6644839546556878,0.5497738579828132,14.635687146148644,36.39972387423671,0.009098929165506529,0.043367078005707854,"[[2164, 941], [1058, 1795]]","[[203, 142], [156, 161]]"
disclosure_x_bias,229,init_easy,N2,exponential,22.812445043942194,29.13994101143158,0.6649878743443687,0.5482587064676616,14.642156948757734,36.473593143005246,0.009176798249788043,0.04261658163974348,"[[2171, 934], [1062, 1791]]","[[202, 143], [156, 161]]"
disclosure_x_bias,230,init_easy,N2,exponential,22.794277002293448,29.07510627288034,0.6644842366476792,0.5497738579828132,14.648430428673691,36.39677114570315,0.009086823907147011,0.043367078005707854,"[[2162, 943], [1056, 1797]]","[[202, 143], [155, 162]]"
disclosure_x_bias,231,init_easy,N2,exponential,22.793831383487795,29.06812029530837,0.6654909480570752,0.5497738579828132,14.651134145463272,36.37638475489838,0.008948223993641445,0.043367078005707854,"[[2169, 936], [1057, 1796]]","[[203, 142], [156, 161]]"
disclosure_x_bias,232,init_easy,N2,exponential,22.754040197109948,29.02141069795831,0.665491512041058,0.5482587064676616,14.653190075322515,36.43037161362516,0.009469662164904637,0.04261658163974348,"[[2171, 934], [1059, 1794]]","[[202, 143], [156, 161]]"
disclosure_x_bias,233,init_easy,N2,exponential,22.754500079217657,29.026969239925016,0.6658273645028482,0.5497738579828132,14.652004556251025,36.432525400924284,0.009342771220441517,0.043367078005707854,"[[2171, 934], [1057, 1796]]","[[203, 142], [156, 161]]"
disclosure_x_bias,234,init_easy,N2,exponential,22.74803887711909,29.034086940817637,0.6663310021995376,0.5482587064676616,14.653591983283171,36.45815630360113,0.010183179880099435,0.04261658163974348,"[[2173, 932], [1056, 1797]]","[[202, 143], [156, 161]]"
disclosure_x_bias,235,init_easy,N2,exponential,22.765520354603957,29.025259954309057,0.6664990694264283,0.5482587064676616,14.675993503615675,36.41858469616529,0.010027467753481836,0.04261658163974348,"[[2174, 931], [1056, 1797]]","[[202, 143], [156, 161]]"
disclosure_x_bias,236,init_easy,N2,exponential,22.75659277885011,29.045477955276834,0.6664985054424454,0.5482587064676616,14.664051769050316,36.47190186937384,0.009828907623367758,0.04261658163974348,"[[2175, 930], [1057, 1796]]","[[202, 143], [156, 161]]"
disclosure_x_bias,237,init_easy,N2,exponential,22.691446304598212,29.04618843058959,0.6666662906773448,0.5497738579828132,14.698790153341937,36.44259134434719,0.010659936322602434,0.043367078005707854,"[[2172, 933], [1053, 1800]]","[[203, 142], [156, 161]]"
disclosure_x_bias,238,init_easy,N2,exponential,22.668363276665698,29.047685072584436,0.6663298742315719,0.5482587064676616,14.65539325841745,36.474779679104216,0.010646357448966824,0.04261658163974348,"[[2174, 931], [1057, 1796]]","[[202, 143], [156, 161]]"
disclosure_x_bias,239,init_easy,N2,exponential,22.713113117098203,29.00496616422451,0.6670018611471434,0.5497738579828132,14.686062220311284,36.36419811507399,0.011512444133069677,0.043367078005707854,"[[2173, 932], [1052, 1801]]","[[203, 142], [156, 161]]"
disclosure_x_bias,240,init_easy,N2,exponential,22.697113717276643,28.990981927931433,0.6668343579042355,0.5497738579828132,14.683038102469409,36.33177753415877,0.011171164361893336,0.043367078005707854,"[[2173, 932], [1053, 1800]]","[[203, 142], [156, 161]]"
disclosure_x_bias,241,init_easy,N2,exponential,22.689948374898098,28.992448195102327,0.6666662906773448,0.5482587064676616,14.647010083600529,36.3512293845286,0.011372101358882575,0.04261658163974348,"[[2173, 932], [1054, 1799]]","[[202, 143], [156, 161]]"
disclosure_x_bias,242,init_easy,N2,exponential,22.703683768368894,29.02677640817858,0.6670018611471434,0.5482587064676616,14.688949772619498,36.39088544525425,0.010724721042589239,0.04261658163974348,"[[2174, 931], [1053, 1800]]","[[202, 143], [156, 161]]"
disclosure_x_bias,243,init_easy,N2,exponential,22.704148704132287,28.991804029164804,0.667001579155152,0.5482587064676616,14.699088388132958,36.355012563360745,0.011548092174930507,0.04261658163974348,"[[2176, 929], [1055, 1798]]","[[202, 143], [156, 161]]"
disclosure_x_bias,244,init_easy,N2,exponential,22.700992862832255,28.997275698807094,0.6663298742315719,0.5497738579828132,14.701895039912225,36.374961433967975,0.010994615086354012,0.043367078005707854,"[[2171, 934], [1054, 1799]]","[[203, 142], [156, 161]]"
disclosure_x_bias,245,init_easy,N2,exponential,22.69913706751959,28.986234977673423,0.6670027071231177,0.5482813206693804,14.698331456564615,36.365085573670335,0.009995760383262314,0.04119210622481848,"[[2177, 928], [1056, 1797]]","[[203, 142], [157, 160]]"
disclosure_x_bias,246,init_easy,N2,exponential,22.70582208742866,28.970959274051705,0.6668340759122441,0.5482813206693804,14.708407524199803,36.32566155042608,0.010276076729006186,0.03929050785680515,"[[2177, 928], [1057, 1796]]","[[203, 142], [157, 160]]"
disclosure_x_bias,247,init_easy,N2,exponential,22.699383368054246,29.00917518877001,0.6675057808358242,0.5482813206693804,14.70215519100103,36.386653256838315,0.009540748162240454,0.04119210622481848,"[[2180, 925], [1056, 1797]]","[[203, 142], [157, 160]]"
disclosure_x_bias,248,init_easy,N2,exponential,22.666711071297264,28.955508002753874,0.668177203767413,0.5482813206693804,14.7078025857184,36.40362042315411,0.01049629338101859,0.04119210622481848,"[[2183, 922], [1055, 1798]]","[[203, 142], [157, 160]]"
disclosure_x_bias,249,init_easy,N2,exponential,22.671252327353223,28.980323803368538,0.6680091365405223,0.5482813206693804,14.710030747602065,36.43125999347282,0.009623977280553926,0.04119210622481848,"[[2182, 923], [1055, 1798]]","[[203, 142], [157, 160]]"
disclosure_x_bias,250,init_easy,N2,exponential,22.675974632299656,28.957637189782826,0.6680085725565393,0.5497964721845319,14.724785847150354,36.40275298456866,0.009934057412736895,0.04010234768250568,"[[2182, 923], [1055, 1798]]","[[204, 141], [157, 160]]"
disclosure_x_bias,251,init_easy,N2,exponential,22.676111503268267,29.011054663048448,0.6680091365405223,0.5482813206693804,14.717799875972473,36.4931919248644,0.009785138012538223,0.04119210622481848,"[[2180, 925], [1053, 1800]]","[[203, 142], [157, 160]]"
disclosure_x_bias,252,init_easy,N2,exponential,22.679472809576453,29.0034016298661,0.6675052168518414,0.5482813206693804,14.758104693805615,36.470326793756996,0.00991670295586104,0.0430097107968397,"[[2180, 925], [1056, 1797]]","[[203, 142], [157, 160]]"
disclosure_x_bias,253,init_easy,N2,exponential,22.680968075135233,29.021242451352787,0.6680085725565394,0.5482813206693804,14.738214600294677,36.50629217216678,0.009548734331461249,0.04119210622481848,"[[2183, 922], [1056, 1797]]","[[203, 142], [157, 160]]"
disclosure_x_bias,254,init_easy,N2,exponential,22.67999266834762,29.020364735702778,0.6675052168518414,0.5482813206693804,14.756805536818298,36.47431701311183,0.00991670295586104,0.0430097107968397,"[[2180, 925], [1056, 1797]]","[[203, 142], [157, 160]]"
disclosure_x_bias,255,init_easy,N2,exponential,22.64211000325385,29.039279371589874,0.6678407873216401,0.5497964721845319,14.809115138895017,36.53132059156367,0.00972990782145283,0.04010234768250568,"[[2182, 923], [1056, 1797]]","[[204, 141], [157, 160]]"
disclosure_x_bias,256,init_easy,N2,exponential,22.64629829056714,29.013959477066937,0.6688474987310361,0.5497964721845319,14.798219636637652,36.47658662660515,0.008994932103749322,0.04010234768250568,"[[2186, 919], [1054, 1799]]","[[204, 141], [157, 160]]"
disclosure_x_bias,257,init_easy,N2,exponential,22.636907175716733,29.0335222298644,0.6693511364277255,0.5483039348710991,14.812414557142494,36.49920960673374,0.008918121158693924,0.03839092576288883,"[[2186, 919], [1051, 1802]]","[[203, 142], [157, 160]]"
disclosure_x_bias,258,init_easy,N2,exponential,22.64771210784092,29.043519092749413,0.6686799954881282,0.5483039348710991,14.783232413120531,36.54184332156872,0.010100126056393932,0.03839092576288883,"[[2181, 924], [1050, 1803]]","[[203, 142], [157, 160]]"
disclosure_x_bias,259,init_easy,N2,exponential,22.64859810731445,29.02625094510366,0.6696869888895155,0.5483039348710991,14.783011235289104,36.4986831173132,0.00941584412529657,0.03839092576288883,"[[2185, 920], [1048, 1805]]","[[203, 142], [157, 160]]"
disclosure_x_bias,260,init_easy,N2,exponential,22.665156791770723,29.57106020077211,0.6696869888895155,0.5483039348710991,14.631430519151689,36.96946981863248,0.00964634827384946,0.03839092576288883,"[[2187, 918], [1050, 1803]]","[[203, 142], [157, 160]]"
disclosure_x_bias,261,init_easy,N2,exponential,22.710403326349443,29.501137887060686,0.6696875528734985,0.5498190863862505,14.685618785353473,36.9052216202697,0.009123376460500588,0.03856457076528738,"[[2186, 919], [1049, 1804]]","[[203, 142], [156, 161]]"
disclosure_x_bias,262,init_easy,N2,exponential,22.691716709596285,29.531951503331705,0.670190626586205,0.5483039348710991,14.713070614612448,36.91860480330794,0.009880295537018984,0.03839092576288883,"[[2189, 916], [1049, 1804]]","[[203, 142], [157, 160]]"
disclosure_x_bias,263,init_easy,N2,exponential,22.69220899076394,29.48753400029828,0.6695192036546163,0.5498190863862505,14.702720948891953,36.899159644824664,0.009567666623681692,0.03856457076528738,"[[2187, 918], [1051, 1802]]","[[203, 142], [156, 161]]"
disclosure_x_bias,264,init_easy,N2,exponential,22.69775768163279,29.51358497531253,0.6701909085781963,0.5483039348710991,14.709931393012077,36.91600674217463,0.010213725314213358,0.03839092576288883,"[[2188, 917], [1048, 1805]]","[[203, 142], [157, 160]]"
disclosure_x_bias,265,init_easy,N2,exponential,22.68432484684179,29.493259966505907,0.6698553381083977,0.5483039348710991,14.696893943883769,36.89534690889753,0.010768699581988351,0.03772065718411182,"[[2185, 920], [1047, 1806]]","[[202, 143], [156, 161]]"
disclosure_x_bias,266,init_easy,N2,exponential,22.7102443451815,29.556781350781442,0.6693514184197169,0.5498190863862505,14.757111351098137,36.96988541688472,0.010397510298149509,0.03986548034793464,"[[2185, 920], [1050, 1803]]","[[203, 142], [156, 161]]"
disclosure_x_bias,267,init_easy,N2,exponential,22.688389920069604,29.524612721620418,0.6703586938130958,0.5513342379014021,14.72037767882486,36.93034480011867,0.009481978482368458,0.039968962214420235,"[[2188, 917], [1047, 1806]]","[[203, 142], [155, 162]]"
disclosure_x_bias,268,init_easy,N2,exponential,22.694639289445863,29.558774049003887,0.6693514184197169,0.5498190863862505,14.727055403808235,36.975133377773034,0.010030007530076877,0.03986548034793464,"[[2185, 920], [1050, 1803]]","[[203, 142], [156, 161]]"
disclosure_x_bias,269,init_easy,N2,exponential,22.7041537898282,29.541973457593446,0.6706953922508601,0.5498190863862505,14.728196258228811,36.93343827733177,0.009021748117932094,0.041740892790675055,"[[2191, 914], [1048, 1805]]","[[203, 142], [156, 161]]"
disclosure_x_bias,270,init_easy,N2,exponential,22.70014439389924,29.575776946954484,0.6698547741244149,0.545273631840796,14.736127890626648,37.001026478804555,0.009688945671680084,0.042894689247702046,"[[2189, 916], [1051, 1802]]","[[201, 144], [157, 160]]"
disclosure_x_bias,271,init_easy,N2,exponential,22.708065355373193,29.59869119464248,0.6708631774857594,0.5498190863862505,14.73813386486083,37.054125992075505,0.009149665312270119,0.041740892790675055,"[[2192, 913], [1048, 1805]]","[[203, 142], [156, 161]]"
disclosure_x_bias,272,init_easy,N2,exponential,22.70187279634173,29.5244579361973,0.6701903445942136,0.5467887833559475,14.745433276558051,36.92073875694336,0.009954337752216482,0.0401054152314927,"[[2189, 916], [1049, 1804]]","[[202, 143], [157, 160]]"
disclosure_x_bias,273,init_easy,N2,exponential,22.714990266871787,29.62884571524607,0.6708631774857594,0.5467887833559475,14.743291387198287,37.14505831712406,0.009485375574122726,0.0401054152314927,"[[2192, 913], [1048, 1805]]","[[202, 143], [157, 160]]"
disclosure_x_bias,274,init_easy,N2,exponential,22.556307421561947,28.960493133655234,0.6713668151824488,0.5483039348710991,14.692116668904038,35.64872489891039,0.009393862157140687,0.04033495740077957,"[[2195, 910], [1048, 1805]]","[[202, 143], [156, 161]]"
disclosure_x_bias,275,init_easy,N2,exponential,22.524160493847315,28.8913350516305,0.6715346004173481,0.545273631840796,14.703571165258118,35.64863833378328,0.009731285652408887,0.03916456498513423,"[[2199, 906], [1051, 1802]]","[[202, 143], [158, 159]]"
disclosure_x_bias,276,init_easy,N2,exponential,22.533959258306076,28.91134880038254,0.6710303987366759,0.5483039348710991,14.720845982054572,35.680290077976665,0.009461667987051932,0.04033495740077957,"[[2196, 909], [1051, 1802]]","[[202, 143], [156, 161]]"
disclosure_x_bias,277,init_easy,N2,exponential,22.4895697662404,28.897828260460464,0.6710306807286673,0.5483039348710991,14.709469271365112,35.64012696034634,0.008905284314194439,0.04033495740077957,"[[2199, 906], [1054, 1799]]","[[202, 143], [156, 161]]"
disclosure_x_bias,278,init_easy,N2,exponential,22.50090848154444,28.912707244672994,0.6710306807286673,0.5483039348710991,14.722673935391938,35.682453582508025,0.008619704702143438,0.04033495740077957,"[[2198, 907], [1053, 1800]]","[[202, 143], [156, 161]]"
disclosure_x_bias,279,init_easy,N2,exponential,22.48861430626679,28.90617258104112,0.6706948282668772,0.5483039348710991,14.72174915734961,35.66538571482575,0.009483733831684502,0.04033495740077957,"[[2197, 908], [1054, 1799]]","[[202, 143], [156, 161]]"
disclosure_x_bias,280,init_easy,N2,exponential,22.48154851976448,28.899734793828298,0.6705270430319779,0.5467887833559475,14.729991560251099,35.6835181133522,0.008662681584040103,0.0401054152314927,"[[2196, 909], [1054, 1799]]","[[202, 143], [157, 160]]"
disclosure_x_bias,281,init_easy,N2,exponential,22.486828948872862,28.890629007329984,0.6703592577970785,0.5498190863862505,14.73107346329078,35.65892287991296,0.009623481931571762,0.0398654803479347,"[[2194, 911], [1053, 1800]]","[[202, 143], [155, 162]]"
disclosure_x_bias,282,init_easy,N2,exponential,22.503732578197564,28.89330812762097,0.6727102250296092,0.5513342379014021,14.727442609088403,35.64060127780899,0.009307231507436496,0.04060213224731065,"[[2202, 903], [1047, 1806]]","[[202, 143], [154, 163]]"
disclosure_x_bias,283,init_easy,N2,exponential,22.52376307463119,28.914511600031272,0.6715343184253567,0.5498190863862505,14.755100066540765,35.67260057947338,0.00918001050688681,0.0398654803479347,"[[2200, 905], [1052, 1801]]","[[202, 143], [155, 162]]"
disclosure_x_bias,284,init_easy,N2,exponential,22.522285762937294,28.893039786306936,0.6713662511984659,0.5498190863862505,14.750755494943215,35.62781988699896,0.009281312542267403,0.0398654803479347,"[[2199, 906], [1052, 1801]]","[[202, 143], [155, 162]]"
disclosure_x_bias,285,init_easy,N2,exponential,22.52879240504975,28.896121231295275,0.6717023856522475,0.5498190863862505,14.754628629131645,35.652885395910175,0.009277623415088017,0.0398654803479347,"[[2199, 906], [1050, 1803]]","[[202, 143], [155, 162]]"
disclosure_x_bias,286,init_easy,N2,exponential,22.512445122044696,28.862164566501303,0.6717023856522475,0.5483039348710991,14.75359885755135,35.57126632824328,0.009444696049105665,0.039697526194869444,"[[2199, 906], [1050, 1803]]","[[202, 143], [156, 161]]"
disclosure_x_bias,287,init_easy,N2,exponential,22.574906934141463,28.956433700582085,0.6715343184253568,0.5483039348710991,14.776033595829496,35.77145628463354,0.008831748497647425,0.039049691208279634,"[[2198, 907], [1050, 1803]]","[[202, 143], [156, 161]]"
disclosure_x_bias,288,init_easy,N2,exponential,22.564221449368706,28.961961365441745,0.6717023856522475,0.5483039348710991,14.77007189479248,35.758966664803005,0.009038534953921809,0.039049691208279634,"[[2198, 907], [1049, 1804]]","[[202, 143], [156, 161]]"
disclosure_x_bias,289,init_easy,N2,exponential,22.559725149336053,28.957635488284694,0.6720382381140376,0.5467887833559475,14.776175069190513,35.78073071709021,0.008714269785325158,0.04602821261133207,"[[2198, 907], [1047, 1806]]","[[200, 145], [155, 162]]"
disclosure_x_bias,290,init_easy,N2,exponential,22.55697245380492,28.97747154167656,0.6718701708871468,0.5467887833559475,14.764370481443642,35.81148112240083,0.00876142196367032,0.04602821261133207,"[[2199, 906], [1049, 1804]]","[[200, 145], [155, 162]]"
disclosure_x_bias,291,init_easy,N2,exponential,22.557358966920788,28.964638972970892,0.6722060233489369,0.5467887833559475,14.771806912925031,35.80617328604406,0.008818290416700661,0.04602821261133207,"[[2197, 908], [1045, 1808]]","[[200, 145], [155, 162]]"
disclosure_x_bias,292,init_easy,N2,exponential,22.565702842620702,28.998400964595994,0.6718698888951554,0.5497964721845319,14.78861710134329,35.851319866939996,0.008664809569789251,0.048191400945329754,"[[2197, 908], [1047, 1806]]","[[201, 144], [154, 163]]"
disclosure_x_bias,293,init_easy,N2,exponential,22.571305882604612,29.011833085003747,0.6722057413569454,0.5467887833559475,14.828632640339363,35.871393799020325,0.008614917664318012,0.04602821261133207,"[[2198, 907], [1046, 1807]]","[[200, 145], [155, 162]]"
disclosure_x_bias,294,init_easy,N2,exponential,22.556160331678623,29.0191663017263,0.672541311826744,0.545273631840796,14.80073519839129,35.8900796757328,0.009297053168380837,0.04577150181399661,"[[2202, 903], [1048, 1805]]","[[200, 145], [156, 161]]"
disclosure_x_bias,295,init_easy,N2,exponential,22.563355279632525,28.995618711397004,0.67321414471829,0.545273631840796,14.802861502320434,35.845352701953296,0.00932760757484165,0.04577150181399661,"[[2204, 901], [1046, 1807]]","[[200, 145], [156, 161]]"
disclosure_x_bias,296,init_easy,N2,exponential,22.51675278270634,29.01826802837894,0.6735497151880887,0.545273631840796,14.784436347447928,35.891724679402074,0.009032139538837122,0.04577150181399661,"[[2205, 900], [1045, 1808]]","[[200, 145], [156, 161]]"
disclosure_x_bias,297,init_easy,N2,exponential,22.52108967450732,29.01472998461469,0.6730460774913992,0.5437584803256444,14.776660369970788,35.8886409171953,0.009158594882804056,0.044892623866733546,"[[2204, 901], [1047, 1806]]","[[200, 145], [157, 160]]"
disclosure_x_bias,298,init_easy,N2,exponential,22.54758111914387,29.000669793160846,0.672541311826744,0.5483039348710991,14.774874017572904,35.865315444601336,0.008741694345154585,0.0467768748032251,"[[2194, 911], [1040, 1813]]","[[200, 145], [154, 163]]"
disclosure_x_bias,299,init_easy,N2,exponential,22.54541920176161,29.029605443561167,0.6720371101460719,0.5483039348710991,14.773554383659825,35.9269417609848,0.008580427037450941,0.0467768748032251,"[[2193, 912], [1042, 1811]]","[[200, 145], [154, 163]]"
disclosure_x_bias,300,init_easy,N2,exponential,22.5452450993673,29.008681941019894,0.6727093790536349,0.5483039348710991,14.778796625630124,35.88433737757732,0.00864499205537307,0.0467768748032251,"[[2198, 907], [1043, 1810]]","[[200, 145], [154, 163]]"
disclosure_x_bias,1,init_easy,LSC,log_loss,0.6425103956347165,0.8974948755609164,0.6181583103039874,0.5468566259611036,0.006762623238129577,0.2806540742380735,0.02399627250590758,0.024994530524254606,"[[2030, 1075], [1200, 1653]]","[[209, 136], [164, 153]]"
disclosure_x_bias,2,init_easy,LSC,log_loss,0.6416981009370419,0.8972420148569278,0.6189986464384412,0.5468566259611036,0.0067078064589824495,0.2806181268595453,0.022542693543351464,0.024994530524254606,"[[2037, 1068], [1202, 1651]]","[[209, 136], [164, 153]]"
disclosure_x_bias,3,init_easy,LSC,log_loss,0.640986949987836,0.8971473419714965,0.6216846201567876,0.5483717774762551,0.006672246729868829,0.28091247877535247,0.023567853171152977,0.02634345820143053,"[[2054, 1051], [1203, 1650]]","[[210, 135], [164, 153]]"
disclosure_x_bias,4,init_easy,LSC,log_loss,0.6402811407790996,0.8964834780129609,0.6225235463312841,0.5483717774762551,0.006648821840535468,0.2810583743134441,0.024269206599310325,0.02634345820143053,"[[2059, 1046], [1203, 1650]]","[[210, 135], [164, 153]]"
disclosure_x_bias,5,init_easy,LSC,log_loss,0.6396642171127638,0.8970450981358808,0.6247081382888726,0.5423790140208051,0.0066285505663089776,0.2812685019387889,0.022077652845517142,0.030334366460042173,"[[2089, 1016], [1220, 1633]]","[[210, 135], [168, 149]]"
disclosure_x_bias,6,init_easy,LSC,log_loss,0.6390354777614663,0.8971663451373552,0.6248756415317805,0.5423790140208051,0.0066480892630754055,0.2812836995914513,0.021654932822298304,0.030334366460042173,"[[2089, 1016], [1219, 1634]]","[[210, 135], [168, 149]]"
disclosure_x_bias,7,init_easy,LSC,log_loss,0.6384708717171581,0.8969210167999859,0.6255473464553607,0.5423790140208051,0.006646081196389079,0.28145763120019884,0.021462926398950966,0.030334366460042173,"[[2093, 1012], [1219, 1634]]","[[210, 135], [168, 149]]"
disclosure_x_bias,8,init_easy,LSC,log_loss,0.6379464604974279,0.896493537978802,0.6255473464553607,0.5438941655359566,0.006640513105340892,0.28174216789870243,0.02122846321516982,0.030878567880708453,"[[2098, 1007], [1224, 1629]]","[[211, 134], [168, 149]]"
disclosure_x_bias,9,init_easy,LSC,log_loss,0.6373967315571131,0.8961944074844613,0.6280641249788507,0.5529850746268656,0.006640398356466164,0.2818979473344323,0.016252076106795264,0.05321427545875726,"[[2073, 1032], [1184, 1669]]","[[209, 136], [160, 157]]"
disclosure_x_bias,10,init_easy,LSC,log_loss,0.6369138094625981,0.8965240282571315,0.6280641249788507,0.5529850746268656,0.006641893641406476,0.28178716164171297,0.016252076106795264,0.05321427545875726,"[[2071, 1034], [1182, 1671]]","[[209, 136], [160, 157]]"
disclosure_x_bias,11,init_easy,LSC,log_loss,0.6364104812606282,0.8967368224171312,0.6292386216231459,0.5529850746268656,0.006671529158196069,0.28199757532538927,0.014964813592615474,0.05321427545875726,"[[2095, 1010], [1199, 1654]]","[[211, 134], [162, 155]]"
disclosure_x_bias,12,init_easy,LSC,log_loss,0.6359237248004498,0.89643816178535,0.6295741920929446,0.5545002261420172,0.006693064315838096,0.28220956703678296,0.015125888453232074,0.05461141130067686,"[[2097, 1008], [1199, 1654]]","[[212, 133], [162, 155]]"
disclosure_x_bias,13,init_easy,LSC,log_loss,0.6354862270336082,0.8961929236298827,0.6302453330325418,0.5575305291723203,0.006691671406284392,0.28194025846417664,0.015049077773094213,0.054427058818320065,"[[2102, 1003], [1200, 1653]]","[[214, 131], [162, 155]]"
disclosure_x_bias,14,init_easy,LSC,log_loss,0.6350112812886903,0.8960010602580175,0.6304134002594326,0.5575305291723203,0.006731144429153465,0.28176520069882727,0.014827508648930543,0.054427058818320065,"[[2104, 1001], [1201, 1652]]","[[214, 131], [162, 155]]"
disclosure_x_bias,15,init_easy,LSC,log_loss,0.6345888542570455,0.8959891370246034,0.6304134002594326,0.5575305291723203,0.006738860283630503,0.2816955748756409,0.014827508648930543,0.054427058818320065,"[[2106, 999], [1203, 1650]]","[[214, 131], [162, 155]]"
disclosure_x_bias,16,init_easy,LSC,log_loss,0.634163871721053,0.8960163868217361,0.6304134002594326,0.5575305291723203,0.006757700832240251,0.28192125418785985,0.014827508648930543,0.054427058818320065,"[[2104, 1001], [1201, 1652]]","[[214, 131], [162, 155]]"
disclosure_x_bias,17,init_easy,LSC,log_loss,0.6337648660582802,0.8962596001755916,0.6304134002594326,0.5575305291723203,0.006765273685471711,0.28222720487233804,0.014827508648930543,0.054427058818320065,"[[2104, 1001], [1201, 1652]]","[[214, 131], [162, 155]]"
disclosure_x_bias,18,init_easy,LSC,log_loss,0.6333767414794524,0.8960302964012291,0.6310845411990299,0.5560153776571687,0.006774722386226679,0.2823058677183075,0.01516735907785623,0.054542701143771764,"[[2109, 996], [1202, 1651]]","[[214, 131], [163, 154]]"
disclosure_x_bias,19,init_easy,LSC,log_loss,0.6329926728316719,0.8957932992482652,0.6310845411990299,0.5560153776571687,0.006788488536011508,0.2820041524463008,0.01516735907785623,0.054542701143771764,"[[2109, 996], [1202, 1651]]","[[214, 131], [163, 154]]"
disclosure_x_bias,20,init_easy,LSC,log_loss,0.6326076785189654,0.8960230453625236,0.6322593198353167,0.5560153776571687,0.006818848100432514,0.2821351283205511,0.013293751960174467,0.054542701143771764,"[[2086, 1019], [1172, 1681]]","[[211, 134], [160, 157]]"
disclosure_x_bias,21,init_easy,LSC,log_loss,0.6322362909726317,0.8959603541822604,0.632427105070216,0.5560153776571687,0.006832719602005412,0.2820608997481221,0.013378739079275816,0.054542701143771764,"[[2087, 1018], [1172, 1681]]","[[211, 134], [160, 157]]"
disclosure_x_bias,22,init_easy,LSC,log_loss,0.6318544698118896,0.895846720383384,0.6325948903051153,0.5560153776571687,0.006854549636999594,0.28223841680331874,0.013622558493117536,0.054542701143771764,"[[2089, 1016], [1173, 1680]]","[[211, 134], [160, 157]]"
disclosure_x_bias,23,init_easy,LSC,log_loss,0.6315100938646369,0.8958389665403018,0.6317559641306187,0.5560153776571687,0.0068600940394441205,0.2821885513250368,0.015316989342932267,0.054542701143771764,"[[2113, 992], [1202, 1651]]","[[214, 131], [163, 154]]"
disclosure_x_bias,24,init_easy,LSC,log_loss,0.631162104817413,0.8952683060311853,0.632930460774914,0.5560153776571687,0.006873803951696818,0.28246192425223055,0.013776608346070793,0.054542701143771764,"[[2096, 1009], [1178, 1675]]","[[212, 133], [161, 156]]"
disclosure_x_bias,25,init_easy,LSC,log_loss,0.6308266453032537,0.8950420349285088,0.632930460774914,0.5560153776571687,0.006882547892156077,0.28249914356189226,0.013776608346070793,0.054542701143771764,"[[2096, 1009], [1178, 1675]]","[[212, 133], [161, 156]]"
disclosure_x_bias,26,init_easy,LSC,log_loss,0.6304861241393291,0.8951611593321452,0.6327626755400146,0.5560153776571687,0.006903966193187524,0.2825121935596089,0.013746526596675867,0.054542701143771764,"[[2095, 1010], [1178, 1675]]","[[212, 133], [161, 156]]"
disclosure_x_bias,27,init_easy,LSC,log_loss,0.6301418806587157,0.8952023994773217,0.6325948903051153,0.5560153776571687,0.006931683279671647,0.2825652315729738,0.013507261479315724,0.054542701143771764,"[[2095, 1010], [1179, 1674]]","[[212, 133], [161, 156]]"
disclosure_x_bias,28,init_easy,LSC,log_loss,0.6298066782428058,0.8945339132781273,0.6325948903051153,0.5560153776571687,0.006955479036979158,0.28274105042690234,0.013507261479315724,0.054542701143771764,"[[2095, 1010], [1179, 1674]]","[[212, 133], [161, 156]]"
disclosure_x_bias,29,init_easy,LSC,log_loss,0.629506669964924,0.8949691455958938,0.6325948903051153,0.5560153776571687,0.006959767452600397,0.28279697378728696,0.013507261479315724,0.054542701143771764,"[[2095, 1010], [1179, 1674]]","[[212, 133], [161, 156]]"
disclosure_x_bias,30,init_easy,LSC,log_loss,0.6292056267231311,0.8946378235486266,0.6332668772206869,0.5575305291723203,0.0069635662310212195,0.2829353646671335,0.014384516330233004,0.054427058818320065,"[[2099, 1006], [1179, 1674]]","[[212, 133], [160, 157]]"
disclosure_x_bias,31,init_easy,LSC,log_loss,0.628901841760484,0.8945699549372843,0.6336024476904856,0.5575305291723203,0.006974980466641313,0.28294360527453055,0.014448434051123388,0.054427058818320065,"[[2101, 1004], [1179, 1674]]","[[212, 133], [160, 157]]"
disclosure_x_bias,32,init_easy,LSC,log_loss,0.6286224181725265,0.8949530653710346,0.6336024476904856,0.559023066485753,0.0069753378674278985,0.28282971000576745,0.014448434051123388,0.05262143276816594,"[[2100, 1005], [1178, 1675]]","[[212, 133], [159, 158]]"
disclosure_x_bias,33,init_easy,LSC,log_loss,0.6283368772078866,0.894793832373308,0.6336021656984941,0.5575079149706015,0.006973313709541797,0.2829634167340788,0.014390390891490539,0.05278865485291557,"[[2099, 1006], [1177, 1676]]","[[212, 133], [160, 157]]"
disclosure_x_bias,34,init_easy,LSC,log_loss,0.6280098765759174,0.8946349569900592,0.6339380181602843,0.5575079149706015,0.006985388466781102,0.2829897551977047,0.014717537785987311,0.05278865485291557,"[[2102, 1003], [1178, 1675]]","[[212, 133], [160, 157]]"
disclosure_x_bias,35,init_easy,LSC,log_loss,0.6277253652364172,0.8945504712426198,0.6336024476904856,0.5575079149706015,0.007007372483555333,0.2831801163740773,0.014620602795170438,0.05278865485291557,"[[2100, 1005], [1178, 1675]]","[[212, 133], [160, 157]]"
disclosure_x_bias,36,init_easy,LSC,log_loss,0.6274622855701891,0.8946233294347662,0.6336024476904856,0.5590230664857531,0.007009963890094503,0.2832837733834088,0.014620602795170438,0.056816828575236386,"[[2092, 1013], [1170, 1683]]","[[212, 133], [159, 158]]"
disclosure_x_bias,37,init_easy,LSC,log_loss,0.6272042731088092,0.8944328849758003,0.634273588630083,0.5575079149706015,0.007018942929063807,0.28343379362823545,0.014549653004275834,0.058735336162099645,"[[2097, 1008], [1171, 1682]]","[[212, 133], [160, 157]]"
disclosure_x_bias,38,init_easy,LSC,log_loss,0.6269349488028813,0.8947313113181199,0.6341058033951835,0.5575079149706015,0.007022572485914347,0.2834187136364288,0.014516874816402254,0.058735336162099645,"[[2096, 1009], [1171, 1682]]","[[212, 133], [160, 157]]"
disclosure_x_bias,39,init_easy,LSC,log_loss,0.6266500470974303,0.8947345262972025,0.6359514409790762,0.5575079149706015,0.007060723081239602,0.2834212607277745,0.01417349521683008,0.05741771596366218,"[[2094, 1011], [1158, 1695]]","[[211, 134], [159, 158]]"
disclosure_x_bias,40,init_easy,LSC,log_loss,0.6263927400790573,0.8948634966942196,0.6359514409790762,0.5575079149706015,0.007066413801795603,0.28341092964158987,0.013973460188924591,0.05741771596366218,"[[2094, 1011], [1158, 1695]]","[[211, 134], [159, 158]]"
disclosure_x_bias,41,init_easy,LSC,log_loss,0.6261415256065813,0.8949406509537944,0.6357833737521854,0.5575079149706015,0.00707640210073587,0.2833414792574835,0.013720536788135972,0.05741771596366218,"[[2094, 1011], [1159, 1694]]","[[211, 134], [159, 158]]"
disclosure_x_bias,42,init_easy,LSC,log_loss,0.6258995624962529,0.8948996722821507,0.6366237098866392,0.5575079149706015,0.0070736827903790335,0.2833524493876862,0.012343412357652423,0.05741771596366218,"[[2102, 1003], [1162, 1691]]","[[211, 134], [159, 158]]"
disclosure_x_bias,43,init_easy,LSC,log_loss,0.6256656073954955,0.8948011013214078,0.6366237098866392,0.5575079149706015,0.007078120276176775,0.28326682204201487,0.012113193287527526,0.05741771596366218,"[[2102, 1003], [1162, 1691]]","[[211, 134], [159, 158]]"
disclosure_x_bias,44,init_easy,LSC,log_loss,0.6254096251898242,0.8945329446517789,0.6367914951215385,0.5575079149706015,0.007092343651693198,0.2834698165912295,0.01231861041502541,0.05741771596366218,"[[2103, 1002], [1162, 1691]]","[[211, 134], [159, 158]]"
disclosure_x_bias,45,init_easy,LSC,log_loss,0.6251460726154995,0.8942745391515843,0.6369592803564379,0.5575079149706015,0.007092143469990798,0.2834421654900692,0.012342006791031352,0.05741771596366218,"[[2104, 1001], [1162, 1691]]","[[211, 134], [159, 158]]"
disclosure_x_bias,46,init_easy,LSC,log_loss,0.6249095651503329,0.8943439137607305,0.6369592803564379,0.5575079149706015,0.007106029645634294,0.28356673211981376,0.012342006791031352,0.05741771596366218,"[[2104, 1001], [1162, 1691]]","[[211, 134], [159, 158]]"
disclosure_x_bias,47,init_easy,LSC,log_loss,0.6246771889437599,0.8945541413345548,0.637295132818228,0.5575079149706015,0.007104406357079218,0.28358061196516626,0.012296722667890857,0.05741771596366218,"[[2106, 999], [1162, 1691]]","[[211, 134], [159, 158]]"
disclosure_x_bias,48,init_easy,LSC,log_loss,0.6244426113113297,0.8943044448285876,0.6371273475833286,0.5590230664857531,0.007120758952033961,0.28327713618404693,0.012580334386517534,0.05591173047122658,"[[2106, 999], [1163, 1690]]","[[212, 133], [159, 158]]"
disclosure_x_bias,49,init_easy,LSC,log_loss,0.6241855730151086,0.8942044151403363,0.6372951328182279,0.5575079149706015,0.0071609699511460696,0.28328674733110887,0.012498566635238805,0.05741771596366218,"[[2106, 999], [1162, 1691]]","[[211, 134], [159, 158]]"
disclosure_x_bias,50,init_easy,LSC,log_loss,0.6239656553087819,0.8940451034133947,0.6374629180531273,0.5575079149706015,0.007162931463682959,0.2833994717321662,0.012712518719615876,0.05741771596366218,"[[2107, 998], [1162, 1691]]","[[211, 134], [159, 158]]"
disclosure_x_bias,51,init_easy,LSC,log_loss,0.6237218350328024,0.8940650078948187,0.6379662737578252,0.5575079149706015,0.007189853581479917,0.2834150746822517,0.012545738250678982,0.05741771596366218,"[[2110, 995], [1162, 1691]]","[[211, 134], [159, 158]]"
disclosure_x_bias,52,init_easy,LSC,log_loss,0.623506563233098,0.8940918103639957,0.6381340589927247,0.5590230664857531,0.007190077445537563,0.2834497000764615,0.012501331892314511,0.06155744664280422,"[[2114, 991], [1165, 1688]]","[[212, 133], [159, 158]]"
disclosure_x_bias,53,init_easy,LSC,log_loss,0.6232888002494433,0.894270286990808,0.6384696294625233,0.5590230664857531,0.007186733018736573,0.2834053415763319,0.012479900393805775,0.06155744664280422,"[[2115, 990], [1164, 1689]]","[[212, 133], [159, 158]]"
disclosure_x_bias,54,init_easy,LSC,log_loss,0.6230706060791882,0.8942388716556342,0.6386374146974225,0.5544776119402985,0.0072050166545930255,0.2833514892143645,0.01284846846933222,0.04949227103215141,"[[2125, 980], [1173, 1680]]","[[211, 134], [161, 156]]"
disclosure_x_bias,55,init_easy,LSC,log_loss,0.622848987692332,0.8943609566043473,0.6386374146974225,0.5544776119402985,0.007221600211723639,0.28310347040854233,0.0126769065583249,0.04949227103215141,"[[2126, 979], [1174, 1679]]","[[211, 134], [161, 156]]"
disclosure_x_bias,56,init_easy,LSC,log_loss,0.6226348199240452,0.8945614607384904,0.6393099655969771,0.5575305291723203,0.007228939866191166,0.2833706397631215,0.011175886394523478,0.06310791378440547,"[[2121, 984], [1165, 1688]]","[[212, 133], [160, 157]]"
disclosure_x_bias,57,init_easy,LSC,log_loss,0.6224350996487511,0.8944058575779341,0.6394777508318763,0.5575305291723203,0.007224508087831086,0.2833198193353775,0.011243450141738526,0.06310791378440547,"[[2121, 984], [1164, 1689]]","[[212, 133], [160, 157]]"
disclosure_x_bias,58,init_easy,LSC,log_loss,0.6222322410221176,0.8943137991882978,0.639813321301675,0.5560153776571687,0.007213557831245263,0.2830645634555787,0.010891363737131059,0.0590343821290809,"[[2122, 983], [1163, 1690]]","[[211, 134], [160, 157]]"
disclosure_x_bias,59,init_easy,LSC,log_loss,0.6220331475309763,0.8942196298664058,0.6401488917714737,0.5545002261420172,0.007214010442125692,0.28280668315284635,0.011178861269775846,0.057788516696348755,"[[2127, 978], [1166, 1687]]","[[211, 134], [161, 156]]"
disclosure_x_bias,60,init_easy,LSC,log_loss,0.6218158225427541,0.8943003564366279,0.6399811065365744,0.5575305291723203,0.007239970046768152,0.2825481650094186,0.011150248487195896,0.0576143311106304,"[[2125, 980], [1165, 1688]]","[[212, 133], [160, 157]]"
disclosure_x_bias,61,init_easy,LSC,log_loss,0.6216171906146425,0.8940590716929881,0.6399811065365744,0.5575305291723203,0.007246175726423922,0.2825390387151179,0.011150248487195896,0.0576143311106304,"[[2125, 980], [1165, 1688]]","[[212, 133], [160, 157]]"
disclosure_x_bias,62,init_easy,LSC,log_loss,0.6214073768947518,0.8942069142377284,0.6403166770063731,0.5560153776571687,0.007263929079884417,0.28255321893103813,0.011148635908302762,0.0590343821290809,"[[2126, 979], [1164, 1689]]","[[211, 134], [160, 157]]"
disclosure_x_bias,63,init_easy,LSC,log_loss,0.6212151357365563,0.8943458552369845,0.6406522474761717,0.5560153776571687,0.007261971378208536,0.2824996081319766,0.011657282547532552,0.0590343821290809,"[[2126, 979], [1162, 1691]]","[[211, 134], [160, 157]]"
disclosure_x_bias,64,init_easy,LSC,log_loss,0.6210095328080529,0.8943560503558736,0.6404844622412724,0.5560153776571687,0.0072727406167484515,0.2825815173654786,0.01163791294279155,0.0590343821290809,"[[2125, 980], [1162, 1691]]","[[211, 134], [160, 157]]"
disclosure_x_bias,65,init_easy,LSC,log_loss,0.6208231757550767,0.8943902694927133,0.6406522474761717,0.5499547715965626,0.007274539986552407,0.28277545033412166,0.011737505217450959,0.048601591341723795,"[[2140, 965], [1176, 1677]]","[[211, 134], [164, 153]]"
disclosure_x_bias,66,init_easy,LSC,log_loss,0.620618177642111,0.894315384265221,0.6406522474761717,0.5514699231117142,0.00729456840839722,0.2828589273662187,0.011657282547532552,0.04971870523831893,"[[2138, 967], [1174, 1679]]","[[211, 134], [163, 154]]"
disclosure_x_bias,67,init_easy,LSC,log_loss,0.6204266005534007,0.8943112918401775,0.6411556031808697,0.5499547715965626,0.007298738995230764,0.2827847943271196,0.011858504070331594,0.048601591341723795,"[[2140, 965], [1173, 1680]]","[[211, 134], [164, 153]]"
disclosure_x_bias,68,init_easy,LSC,log_loss,0.6202437205521556,0.8943612885145462,0.6414914556426597,0.5514699231117142,0.007293338108486783,0.2828845671641674,0.010727479844620988,0.04920299226718318,"[[2141, 964], [1172, 1681]]","[[212, 133], [164, 153]]"
disclosure_x_bias,69,init_easy,LSC,log_loss,0.6200424796942459,0.8943632987822788,0.6416592408775591,0.5514699231117142,0.007298333863973255,0.28295769165660783,0.011215602324909967,0.04920299226718318,"[[2142, 963], [1172, 1681]]","[[212, 133], [164, 153]]"
disclosure_x_bias,70,init_easy,LSC,log_loss,0.6198426665398056,0.8941854466739756,0.6418270261124583,0.5514699231117142,0.0072891521454234096,0.28309298664153704,0.011327193856708736,0.04920299226718318,"[[2143, 962], [1172, 1681]]","[[212, 133], [164, 153]]"
disclosure_x_bias,71,init_easy,LSC,log_loss,0.6196606706818127,0.8940595564099525,0.6414914556426597,0.5499547715965626,0.007290161561125298,0.28298752169791497,0.01151501421156065,0.048601591341723795,"[[2141, 964], [1172, 1681]]","[[211, 134], [164, 153]]"
disclosure_x_bias,72,init_easy,LSC,log_loss,0.6194649655125968,0.8945761939276032,0.6418270261124583,0.5499547715965626,0.007282838182824844,0.2830461340626635,0.01189297553281897,0.048601591341723795,"[[2142, 963], [1171, 1682]]","[[211, 134], [164, 153]]"
disclosure_x_bias,73,init_easy,LSC,log_loss,0.6192688627496582,0.8946701748368548,0.6423306638091478,0.5514699231117142,0.007290108907479328,0.2830369405286447,0.011412200373937004,0.04920299226718318,"[[2143, 962], [1169, 1684]]","[[212, 133], [164, 153]]"
disclosure_x_bias,74,init_easy,LSC,log_loss,0.6190838704788965,0.8946011914736847,0.6424981670520558,0.5499547715965626,0.007296857890768746,0.28294324164025186,0.01132952347480812,0.045343394951919955,"[[2142, 963], [1167, 1686]]","[[211, 134], [164, 153]]"
disclosure_x_bias,75,init_easy,LSC,log_loss,0.6188874546331468,0.8947019231062917,0.642666516270938,0.5499547715965626,0.007316612904215142,0.282716098064891,0.011489011216421716,0.045343394951919955,"[[2141, 964], [1165, 1688]]","[[211, 134], [164, 153]]"
disclosure_x_bias,76,init_easy,LSC,log_loss,0.6186951940781545,0.8945389767196534,0.6428343015058372,0.5499547715965626,0.007339305292473183,0.2829744284957416,0.011418573048434863,0.045343394951919955,"[[2143, 962], [1166, 1687]]","[[211, 134], [164, 153]]"
disclosure_x_bias,77,init_easy,LSC,log_loss,0.6185216165863777,0.8945260107625537,0.6431698719756358,0.5469244685662595,0.007341291233470281,0.28298820615404846,0.011351025813917196,0.04443078407302662,"[[2145, 960], [1166, 1687]]","[[210, 135], [165, 152]]"
disclosure_x_bias,78,init_easy,LSC,log_loss,0.618327893217409,0.8946731524264477,0.6448499802605606,0.5514246947082768,0.00734520479961666,0.2831134037240092,0.01075157014711438,0.04135675251873549,"[[2173, 932], [1184, 1669]]","[[214, 131], [166, 151]]"
disclosure_x_bias,79,init_easy,LSC,log_loss,0.6181433609820137,0.8945055574293843,0.6451855507303592,0.5514246947082768,0.007350545225864978,0.28323107053336305,0.010726486415790779,0.04135675251873549,"[[2169, 936], [1178, 1675]]","[[213, 132], [165, 152]]"
disclosure_x_bias,80,init_easy,LSC,log_loss,0.6179738211359014,0.8947793420285167,0.6455211212001579,0.5514246947082768,0.007345184223691732,0.28299657650033333,0.009643557896372355,0.04135675251873549,"[[2168, 937], [1175, 1678]]","[[213, 132], [165, 152]]"
disclosure_x_bias,81,init_easy,LSC,log_loss,0.6178029168933826,0.8947124263409588,0.6458566916699565,0.5514246947082768,0.007332229576089167,0.28300302549245243,0.009458149468147468,0.04135675251873549,"[[2172, 933], [1177, 1676]]","[[214, 131], [166, 151]]"
disclosure_x_bias,82,init_easy,LSC,log_loss,0.6176431753098255,0.8948347496485807,0.646024476904856,0.5514246947082768,0.0073313915252477095,0.28291151746574383,0.009409056230243894,0.04135675251873549,"[[2172, 933], [1176, 1677]]","[[214, 131], [166, 151]]"
disclosure_x_bias,83,init_easy,LSC,log_loss,0.6174750912138907,0.8946340755521011,0.6458566916699565,0.5514246947082768,0.007335488107213565,0.28298952724166215,0.009458149468147468,0.04135675251873549,"[[2172, 933], [1177, 1676]]","[[214, 131], [166, 151]]"
disclosure_x_bias,84,init_easy,LSC,log_loss,0.6173127205563068,0.8948292055032436,0.6458566916699565,0.5529398462234283,0.00733686409280269,0.2829539026538937,0.00958952455255528,0.04550101894582413,"[[2160, 945], [1165, 1688]]","[[213, 132], [164, 153]]"
disclosure_x_bias,85,init_easy,LSC,log_loss,0.6171449198250192,0.894604495345888,0.6466956178444532,0.5499095431931252,0.007337581995127014,0.2826925044207702,0.009444814047460507,0.04594067642499291,"[[2163, 942], [1163, 1690]]","[[212, 133], [165, 152]]"
disclosure_x_bias,86,init_easy,LSC,log_loss,0.6169675183052001,0.8946143125927992,0.6468634030793525,0.5499095431931252,0.007354249148025966,0.28251756327948885,0.009412282342554354,0.04594067642499291,"[[2162, 943], [1161, 1692]]","[[212, 133], [165, 152]]"
disclosure_x_bias,87,init_easy,LSC,log_loss,0.6167964606476068,0.8945952254958381,0.6470311883142519,0.5514246947082768,0.007351553456552414,0.2823280836875233,0.009207988837333324,0.045469631586460134,"[[2164, 941], [1162, 1691]]","[[213, 132], [165, 152]]"
disclosure_x_bias,88,init_easy,LSC,log_loss,0.6166117896143818,0.8946164734175932,0.6470311883142519,0.5499095431931252,0.00735549393785922,0.2825374835048999,0.009704175395769742,0.04594067642499291,"[[2162, 943], [1160, 1693]]","[[212, 133], [165, 152]]"
disclosure_x_bias,89,init_easy,LSC,log_loss,0.616448059528245,0.8947864922628668,0.6468634030793525,0.5499095431931252,0.007357930458791828,0.28227825762290915,0.009412282342554354,0.04594067642499291,"[[2163, 942], [1162, 1691]]","[[212, 133], [165, 152]]"
disclosure_x_bias,90,init_easy,LSC,log_loss,0.6162954857737821,0.8948028254426419,0.6470309063222605,0.5514246947082768,0.0073542666477660204,0.2823634335225525,0.009151808177732312,0.045469631586460134,"[[2164, 941], [1162, 1691]]","[[213, 132], [165, 152]]"
disclosure_x_bias,91,init_easy,LSC,log_loss,0.6161044191960218,0.8948329739574001,0.6471986915571598,0.5499095431931252,0.007347824604949431,0.2819750363920608,0.009281439129142614,0.04594067642499291,"[[2164, 941], [1161, 1692]]","[[212, 133], [165, 152]]"
disclosure_x_bias,92,init_easy,LSC,log_loss,0.6159547946624098,0.8949695818958234,0.6480376177316565,0.5483943916779738,0.007342623557938102,0.28178061219974393,0.01026094926708943,0.04232488825972103,"[[2160, 945], [1152, 1701]]","[[210, 135], [164, 153]]"
disclosure_x_bias,93,init_easy,LSC,log_loss,0.6157929196365197,0.8949431021104838,0.6482056849585472,0.5483943916779738,0.0073524990512476365,0.2817514573024631,0.010256899290822186,0.04232488825972103,"[[2159, 946], [1150, 1703]]","[[210, 135], [164, 153]]"
disclosure_x_bias,94,init_easy,LSC,log_loss,0.6156275683103746,0.8955511489067621,0.6482056849585472,0.5483943916779738,0.007332829267546698,0.28182375185166136,0.010256899290822186,0.04232488825972103,"[[2160, 945], [1151, 1702]]","[[210, 135], [164, 153]]"
disclosure_x_bias,95,init_easy,LSC,log_loss,0.6154643517186287,0.895475034814722,0.6482056849585472,0.5483943916779738,0.007345632749770083,0.28184292520980064,0.010256899290822186,0.04232488825972103,"[[2159, 946], [1150, 1703]]","[[210, 135], [164, 153]]"
disclosure_x_bias,96,init_easy,LSC,log_loss,0.6153177944097672,0.8955897543788544,0.6482059669505386,0.5483943916779738,0.007343428148852462,0.28180849415671977,0.010576728890375892,0.04232488825972103,"[[2159, 946], [1150, 1703]]","[[210, 135], [164, 153]]"
disclosure_x_bias,97,init_easy,LSC,log_loss,0.6151640257446124,0.8954643228199128,0.6473659128080762,0.5513794663048394,0.007338512833539107,0.2818684864319739,0.010934922927838013,0.041327834323559444,"[[2167, 938], [1163, 1690]]","[[212, 133], [164, 153]]"
disclosure_x_bias,98,init_easy,LSC,log_loss,0.6150014982001913,0.8955534800381034,0.6482048389825729,0.5513794663048394,0.007334764196433685,0.28167841149382133,0.010618534005458508,0.041327834323559444,"[[2169, 936], [1160, 1693]]","[[212, 133], [164, 153]]"
disclosure_x_bias,99,init_easy,LSC,log_loss,0.6148559719550637,0.8953851281430152,0.6487090406632452,0.5483943916779738,0.007328448194334043,0.28167120399044304,0.010105069405279098,0.04232488825972103,"[[2162, 943], [1150, 1703]]","[[210, 135], [164, 153]]"
disclosure_x_bias,100,init_easy,LSC,log_loss,0.6147107249968208,0.8957133481405641,0.6482051209745643,0.5528946178199909,0.007322143704995868,0.28163953564223954,0.009874930454036908,0.04011193210880474,"[[2169, 936], [1160, 1693]]","[[213, 132], [164, 153]]"
disclosure_x_bias,101,init_easy,LSC,log_loss,0.6145600377352324,0.8958085205459826,0.6487093226552366,0.5483943916779738,0.007320702207461077,0.2815541444979358,0.010094243474154064,0.04232488825972103,"[[2162, 943], [1150, 1703]]","[[210, 135], [164, 153]]"
disclosure_x_bias,102,init_easy,LSC,log_loss,0.6144135657517702,0.895973442102272,0.6482051209745643,0.5513794663048394,0.007317300816056144,0.2816965039758504,0.010125168197938723,0.041327834323559444,"[[2170, 935], [1161, 1692]]","[[212, 133], [164, 153]]"
disclosure_x_bias,103,init_easy,LSC,log_loss,0.6142664310772676,0.8957661703213311,0.6482051209745643,0.5513794663048394,0.0073183577714725405,0.2818689249419825,0.010278473537658801,0.041327834323559444,"[[2173, 932], [1164, 1689]]","[[212, 133], [164, 153]]"
disclosure_x_bias,104,init_easy,LSC,log_loss,0.6141035505725663,0.8958629335678083,0.648540691444363,0.5513794663048394,0.007326640063966285,0.2818552335191513,0.01006752722174236,0.041327834323559444,"[[2172, 933], [1161, 1692]]","[[212, 133], [164, 153]]"
disclosure_x_bias,105,init_easy,LSC,log_loss,0.6139486957210514,0.8959490692220278,0.6490440471490609,0.5528946178199909,0.007335462398628238,0.2817019478826734,0.009956907966950085,0.04011193210880474,"[[2172, 933], [1158, 1695]]","[[213, 132], [164, 153]]"
disclosure_x_bias,106,init_easy,LSC,log_loss,0.6137966903841259,0.8959022620297421,0.6490440471490609,0.5513794663048394,0.007336130828564749,0.28170687595738353,0.010447467415181632,0.041327834323559444,"[[2171, 934], [1157, 1696]]","[[212, 133], [164, 153]]"
disclosure_x_bias,107,init_easy,LSC,log_loss,0.6136026266021501,0.8957723630618597,0.6492118323839604,0.5528946178199909,0.007350652852520264,0.2818022429110057,0.010007663384151187,0.041364205571509154,"[[2167, 938], [1152, 1701]]","[[212, 133], [163, 154]]"
disclosure_x_bias,108,init_easy,LSC,log_loss,0.6134457429877862,0.8957433015692488,0.6497151880886582,0.5544097693351425,0.007343958017317654,0.2816949060224929,0.010562966563683236,0.040085822804762486,"[[2173, 932], [1155, 1698]]","[[213, 132], [163, 154]]"
disclosure_x_bias,109,init_easy,LSC,log_loss,0.6133033843928224,0.8956922137568469,0.6502185437933563,0.5544097693351425,0.0073433686411434,0.2815113173466674,0.010150992085856398,0.040085822804762486,"[[2172, 933], [1151, 1702]]","[[213, 132], [163, 154]]"
disclosure_x_bias,110,init_easy,LSC,log_loss,0.6131597697650879,0.8958845688286494,0.6493796176188595,0.5544097693351425,0.007346739432982503,0.2814352953671958,0.010270504317365035,0.040085822804762486,"[[2175, 930], [1159, 1694]]","[[213, 132], [163, 154]]"
disclosure_x_bias,111,init_easy,LSC,log_loss,0.6130227176498273,0.896044338508311,0.6507218994980543,0.5544097693351425,0.007348440592267726,0.28130164386246687,0.010557590103969679,0.040085822804762486,"[[2173, 932], [1149, 1704]]","[[212, 133], [162, 155]]"
disclosure_x_bias,112,init_easy,LSC,log_loss,0.6128844449394423,0.8960925560230002,0.6503863290282557,0.5544097693351425,0.007348548076452295,0.2813994338797404,0.010148518848474012,0.040085822804762486,"[[2171, 934], [1149, 1704]]","[[212, 133], [162, 155]]"
disclosure_x_bias,113,init_easy,LSC,log_loss,0.6127405378083364,0.8963763277374923,0.6512252552027522,0.5544097693351425,0.007341072729122259,0.2813352516501347,0.009774816450831923,0.040085822804762486,"[[2177, 928], [1150, 1703]]","[[212, 133], [162, 155]]"
disclosure_x_bias,114,init_easy,LSC,log_loss,0.6126061959434921,0.8961519092884256,0.650050758558457,0.5544097693351425,0.007339631785034838,0.28153976937749065,0.010807100901452772,0.040085822804762486,"[[2174, 931], [1154, 1699]]","[[212, 133], [162, 155]]"
disclosure_x_bias,115,init_easy,LSC,log_loss,0.6124695663166221,0.8961022407652145,0.6515608256725509,0.5544097693351425,0.007337856171912063,0.28159553687492583,0.010967353564904954,0.04133888720074022,"[[2176, 929], [1147, 1706]]","[[212, 133], [162, 155]]"
disclosure_x_bias,116,init_easy,LSC,log_loss,0.6123205645865586,0.8962550417999708,0.6513930404376516,0.5528946178199909,0.007336086492682621,0.28147815163792445,0.011102853584599537,0.041364205571509154,"[[2176, 929], [1148, 1705]]","[[211, 134], [162, 155]]"
disclosure_x_bias,117,init_easy,LSC,log_loss,0.6121640079561314,0.896205750571502,0.651057469967853,0.5544097693351425,0.0073507685080237,0.28146609591762645,0.010322073311793986,0.040085822804762486,"[[2181, 924], [1155, 1698]]","[[213, 132], [163, 154]]"
disclosure_x_bias,118,init_easy,LSC,log_loss,0.61202162226889,0.8963215586314632,0.6518963961423496,0.555924920850294,0.007355825015609678,0.2817133106419538,0.010594212837225865,0.03999597182361288,"[[2178, 927], [1147, 1706]]","[[213, 132], [162, 155]]"
disclosure_x_bias,119,init_easy,LSC,log_loss,0.6118843651815558,0.8963023541833948,0.6517286109074503,0.5528946178199909,0.0073528012064107365,0.28147955305524885,0.010141056637341302,0.03236973694158581,"[[2176, 929], [1146, 1707]]","[[211, 134], [162, 155]]"
disclosure_x_bias,120,init_easy,LSC,log_loss,0.6117415253032623,0.8965448577411955,0.6522319666121482,0.5498643147896879,0.00735825497444697,0.28115253845022964,0.010040598630421524,0.032197563945762224,"[[2178, 927], [1145, 1708]]","[[210, 135], [163, 154]]"
disclosure_x_bias,121,init_easy,LSC,log_loss,0.6116103980647012,0.8963593854004053,0.6529031075517455,0.5513794663048394,0.007356096344616288,0.2814998009752193,0.009733045917481717,0.029862127342001468,"[[2177, 928], [1140, 1713]]","[[210, 135], [162, 155]]"
disclosure_x_bias,122,init_easy,LSC,log_loss,0.6114813053250732,0.8964823872441627,0.653406745248435,0.5513794663048394,0.007355076089769465,0.28146214982652096,0.009315900814026973,0.029862127342001468,"[[2171, 934], [1131, 1722]]","[[209, 136], [161, 156]]"
disclosure_x_bias,123,init_easy,LSC,log_loss,0.6113487373530304,0.8965508929997019,0.6532389600135355,0.5528946178199909,0.007350429878989468,0.2813786600395955,0.009576845968473881,0.029912443264909053,"[[2176, 929], [1137, 1716]]","[[210, 135], [161, 156]]"
disclosure_x_bias,124,init_easy,LSC,log_loss,0.6112152054132246,0.8965156599614993,0.6532389600135355,0.5513794663048394,0.007342934133148326,0.2813789648937022,0.009378826900551694,0.031524229640874965,"[[2176, 929], [1137, 1716]]","[[209, 136], [161, 156]]"
disclosure_x_bias,125,init_easy,LSC,log_loss,0.6110890629665585,0.8965949168265175,0.6537423157182336,0.5544097693351425,0.00733662879031692,0.28127837955205165,0.009643854046672458,0.03944436572445375,"[[2179, 926], [1137, 1716]]","[[211, 134], [161, 156]]"
disclosure_x_bias,126,init_easy,LSC,log_loss,0.6109387911584341,0.8964621505288074,0.6530711747786363,0.555924920850294,0.007350786707810795,0.2813934524200961,0.010048013326291372,0.039353050194170236,"[[2176, 929], [1138, 1715]]","[[212, 133], [161, 156]]"
disclosure_x_bias,127,init_easy,LSC,log_loss,0.6107895642569483,0.8970187463463384,0.6532389600135355,0.5544097693351425,0.007335710818205846,0.2814396833059271,0.010481331242982901,0.03944436572445375,"[[2175, 930], [1136, 1717]]","[[211, 134], [161, 156]]"
disclosure_x_bias,128,init_easy,LSC,log_loss,0.6106635695702858,0.8969538494572703,0.6534067452484349,0.5528946178199909,0.007335977331205822,0.2815051850522397,0.010779104226146656,0.03236973694158582,"[[2173, 932], [1133, 1720]]","[[209, 136], [160, 157]]"
disclosure_x_bias,129,init_easy,LSC,log_loss,0.6105391893603253,0.8969219906918818,0.6534067452484349,0.5498643147896879,0.007330984670066744,0.2814395569733442,0.01120593814017998,0.03139534872415173,"[[2171, 934], [1131, 1722]]","[[208, 137], [161, 156]]"
disclosure_x_bias,130,init_easy,LSC,log_loss,0.6104101285219129,0.8973331864246594,0.653910100953133,0.5513794663048394,0.007329390481841016,0.2812079051405502,0.011030346004230057,0.031524229640874986,"[[2169, 936], [1126, 1727]]","[[208, 137], [160, 157]]"
disclosure_x_bias,131,init_easy,LSC,log_loss,0.6102622809410597,0.897300438398078,0.6547490271276295,0.5468340117593848,0.007324402609669196,0.2812869209527644,0.010876074314138354,0.03170426307932876,"[[2171, 934], [1123, 1730]]","[[207, 138], [162, 155]]"
disclosure_x_bias,132,init_easy,LSC,log_loss,0.610138929963382,0.8975221899711181,0.6547490271276295,0.5483491632745364,0.007319789230687005,0.2812955506312598,0.011018937322376528,0.03277937878269265,"[[2167, 938], [1119, 1734]]","[[207, 138], [161, 156]]"
disclosure_x_bias,133,init_easy,LSC,log_loss,0.6100071974988575,0.8974299164609411,0.654916812362529,0.5483491632745363,0.007311271916393882,0.2811999971246415,0.009920042480285914,0.03199175629515963,"[[2170, 935], [1121, 1732]]","[[208, 137], [162, 155]]"
disclosure_x_bias,134,init_easy,LSC,log_loss,0.6098705125188991,0.8975113131068939,0.6552523828323276,0.5483491632745363,0.007316299093782202,0.2811158452700348,0.010506219691523965,0.030355264218717933,"[[2167, 938], [1116, 1737]]","[[208, 137], [162, 155]]"
disclosure_x_bias,135,init_easy,LSC,log_loss,0.6097365926356335,0.8975218434153748,0.654916812362529,0.5483491632745363,0.00731238045510957,0.28123649654148686,0.010138364016427941,0.03199175629515963,"[[2167, 938], [1118, 1735]]","[[208, 137], [162, 155]]"
disclosure_x_bias,136,init_easy,LSC,log_loss,0.6096057521902745,0.8974012516237279,0.6554204500592183,0.5483491632745364,0.0073130169544669,0.2811046828429546,0.009654751370110605,0.03503617103751925,"[[2166, 939], [1114, 1739]]","[[207, 138], [161, 156]]"
disclosure_x_bias,137,init_easy,LSC,log_loss,0.6094802027587016,0.8976826174390057,0.6545815238847217,0.5498643147896879,0.007313691005142515,0.2809539644826843,0.009986104217610016,0.03139534872415173,"[[2167, 938], [1120, 1733]]","[[208, 137], [161, 156]]"
disclosure_x_bias,138,init_easy,LSC,log_loss,0.6093495601188006,0.8976626544180913,0.6545815238847217,0.5498643147896879,0.00730755535578233,0.28101193302600874,0.009667797214948369,0.03374482966473764,"[[2167, 938], [1120, 1733]]","[[208, 137], [161, 156]]"
disclosure_x_bias,139,init_easy,LSC,log_loss,0.6092247944634848,0.8974928577020924,0.6545815238847217,0.5528946178199909,0.007301825369850971,0.2810082835801676,0.009570240887913004,0.032369736941585826,"[[2163, 942], [1116, 1737]]","[[209, 136], [160, 157]]"
disclosure_x_bias,140,init_easy,LSC,log_loss,0.6090966908440552,0.897714842811822,0.6555879533021262,0.5498643147896879,0.007301320182677696,0.28109266521218634,0.009725098201024403,0.03374482966473764,"[[2166, 939], [1113, 1740]]","[[208, 137], [161, 156]]"
disclosure_x_bias,141,init_easy,LSC,log_loss,0.608974276323508,0.8975900205717936,0.6544137386498223,0.5498643147896879,0.00729964999664986,0.2812088903589807,0.01046276510513827,0.030572090523559872,"[[2168, 937], [1122, 1731]]","[[209, 136], [162, 155]]"
disclosure_x_bias,142,init_easy,LSC,log_loss,0.6088403193668188,0.8976582816214643,0.6554201680672269,0.5498643147896879,0.007310376033088758,0.28121212962068404,0.010651681969654117,0.03374482966473764,"[[2167, 938], [1115, 1738]]","[[208, 137], [161, 156]]"
disclosure_x_bias,143,init_easy,LSC,log_loss,0.6087082459338533,0.8977097493554445,0.655252664824319,0.5498643147896879,0.007319036744204702,0.28105934775845887,0.010933422726956854,0.03374482966473764,"[[2168, 937], [1117, 1736]]","[[208, 137], [161, 156]]"
disclosure_x_bias,144,init_easy,LSC,log_loss,0.6085878240895053,0.8979629548496348,0.6552523828323276,0.5498643147896879,0.007315911750850456,0.2811725073547744,0.010565597337476343,0.03374482966473764,"[[2166, 939], [1115, 1738]]","[[208, 137], [161, 156]]"
disclosure_x_bias,145,init_easy,LSC,log_loss,0.6084683938689818,0.8979754289190914,0.6562599402176978,0.5498643147896879,0.007311193174041965,0.28121687769810627,0.010857033509671685,0.03374482966473764,"[[2165, 940], [1108, 1745]]","[[208, 137], [161, 156]]"
disclosure_x_bias,146,init_easy,LSC,log_loss,0.6083316717244639,0.8979763020113871,0.6562596582257064,0.5468340117593848,0.007319243411588753,0.281111275898668,0.01148319785617619,0.034773856667397504,"[[2164, 941], [1107, 1746]]","[[206, 139], [161, 156]]"
disclosure_x_bias,147,init_easy,LSC,log_loss,0.608213560143033,0.8980761604646906,0.6560918729908071,0.5453188602442334,0.007319473684179618,0.2807711290842596,0.010998472559558,0.03368667705927253,"[[2169, 936], [1113, 1740]]","[[207, 138], [163, 154]]"
disclosure_x_bias,148,init_easy,LSC,log_loss,0.6080929815087383,0.8979776785662998,0.6560918729908071,0.5468340117593848,0.007311493562897754,0.2807733302496568,0.011139765970214672,0.034773856667397504,"[[2166, 939], [1110, 1743]]","[[207, 138], [162, 155]]"
disclosure_x_bias,149,init_easy,LSC,log_loss,0.6079606674190428,0.8982214449361253,0.6565955106874964,0.5468340117593848,0.007314027413573785,0.2805949893345314,0.01121244897561441,0.034773856667397504,"[[2164, 941], [1105, 1748]]","[[206, 139], [161, 156]]"
disclosure_x_bias,150,init_easy,LSC,log_loss,0.6078406919347655,0.8982767783019365,0.6574347188539845,0.5468340117593848,0.0073100795122461315,0.2805527779276415,0.011302394759002913,0.034773856667397504,"[[2168, 937], [1104, 1749]]","[[206, 139], [161, 156]]"
disclosure_x_bias,151,init_easy,LSC,log_loss,0.6077237684480419,0.8981464419643854,0.6569313631492866,0.5468340117593848,0.007303646048570079,0.28055230459238434,0.010662797894473572,0.032498853824921924,"[[2162, 943], [1101, 1752]]","[[205, 140], [160, 157]]"
disclosure_x_bias,152,init_easy,LSC,log_loss,0.6076038556475626,0.898401067729351,0.6565957926794879,0.5483491632745364,0.007301651164911664,0.2804665307507269,0.011368772065908727,0.0357567963260225,"[[2163, 942], [1104, 1749]]","[[206, 139], [160, 157]]"
disclosure_x_bias,153,init_easy,LSC,log_loss,0.6074629501943252,0.8983839270882946,0.6570991483841858,0.5468340117593848,0.007314683567797409,0.2804526372717849,0.011397809495755628,0.034773856667397476,"[[2172, 933], [1110, 1743]]","[[206, 139], [161, 156]]"
disclosure_x_bias,154,init_easy,LSC,log_loss,0.6073531350907285,0.8984085003054506,0.6579380745586826,0.5453188602442334,0.0073089956932435324,0.28055209725849867,0.010663192314340769,0.03368667705927253,"[[2176, 929], [1109, 1744]]","[[206, 139], [162, 155]]"
disclosure_x_bias,155,init_easy,LSC,log_loss,0.6072337154800345,0.8985877242793773,0.6574347188539845,0.5468340117593848,0.007309753847051643,0.28055488751699786,0.011357610760166859,0.034773856667397504,"[[2167, 938], [1103, 1750]]","[[206, 139], [161, 156]]"
disclosure_x_bias,156,init_easy,LSC,log_loss,0.6071120722994444,0.8985072007302419,0.6582736450284812,0.5453188602442334,0.007312719403538146,0.2804575277557461,0.009401629158485029,0.028787167212381174,"[[2170, 935], [1101, 1752]]","[[206, 139], [162, 155]]"
disclosure_x_bias,157,init_easy,LSC,log_loss,0.6069984012037982,0.8983524704937549,0.6564277254525972,0.5498643147896879,0.007307944608843511,0.28043773969240676,0.010633438294591064,0.034492444558664015,"[[2169, 936], [1111, 1742]]","[[208, 137], [161, 156]]"
disclosure_x_bias,158,init_easy,LSC,log_loss,0.6068827050180252,0.8984551360230688,0.6564277254525972,0.5468340117593848,0.007306808998565591,0.2803767894633738,0.010808496409688045,0.034773856667397476,"[[2170, 935], [1112, 1741]]","[[207, 138], [162, 155]]"
disclosure_x_bias,159,init_easy,LSC,log_loss,0.6067594823878617,0.8983459140074931,0.6564277254525972,0.5468340117593848,0.007304182678708372,0.28047942146840127,0.0114274554665757,0.034773856667397476,"[[2170, 935], [1112, 1741]]","[[207, 138], [162, 155]]"
disclosure_x_bias,160,init_easy,LSC,log_loss,0.6066420495319477,0.8984568131337977,0.6569313631492866,0.5453188602442334,0.007300593668517863,0.2803618857956853,0.011400034759726113,0.03368667705927253,"[[2173, 932], [1112, 1741]]","[[207, 138], [163, 154]]"
disclosure_x_bias,161,init_easy,LSC,log_loss,0.6065134010771406,0.8987715261927148,0.6569313631492866,0.5438037087290819,0.007285974120780093,0.2806124942471841,0.010952225043067518,0.03003691374330314,"[[2173, 932], [1112, 1741]]","[[206, 139], [163, 154]]"
disclosure_x_bias,162,init_easy,LSC,log_loss,0.6064005010177153,0.8986608393166214,0.6579380745586826,0.5422885572139303,0.007283117863620673,0.2807671571007422,0.008834286385196425,0.026749838231788774,"[[2169, 936], [1102, 1751]]","[[205, 140], [163, 154]]"
disclosure_x_bias,163,init_easy,LSC,log_loss,0.6062804661979516,0.8987176810353692,0.6579380745586826,0.5422885572139303,0.007281404315319852,0.2806054433289564,0.008834286385196425,0.026749838231788774,"[[2168, 937], [1101, 1752]]","[[205, 140], [163, 154]]"
disclosure_x_bias,164,init_easy,LSC,log_loss,0.6061634057017746,0.8988267279437026,0.6584419942473634,0.5422885572139303,0.007274869675679138,0.2805756294759822,0.009009187862201003,0.026749838231788774,"[[2170, 935], [1100, 1753]]","[[205, 140], [163, 154]]"
disclosure_x_bias,165,init_easy,LSC,log_loss,0.6060534441413178,0.8990457700635055,0.658274209012464,0.5453188602442334,0.007270519845532482,0.2806305907493814,0.009005070124857392,0.03368667705927253,"[[2168, 937], [1099, 1754]]","[[205, 140], [161, 156]]"
disclosure_x_bias,166,init_easy,LSC,log_loss,0.6059467161359249,0.8989275126391127,0.6584419942473634,0.5438037087290819,0.007265936351349313,0.2806743450669674,0.009009187862201003,0.025438949950240927,"[[2171, 934], [1101, 1752]]","[[206, 139], [163, 154]]"
disclosure_x_bias,167,init_easy,LSC,log_loss,0.605836990310882,0.8989195095453134,0.658274209012464,0.5438037087290819,0.007263056967229896,0.28071415394439714,0.009005070124857392,0.025438949950240927,"[[2172, 933], [1103, 1750]]","[[206, 139], [163, 154]]"
disclosure_x_bias,168,init_easy,LSC,log_loss,0.6057222797466328,0.8990483035784871,0.6584419942473634,0.5438037087290819,0.007267893698899369,0.28065018912251605,0.009009187862201003,0.025438949950240927,"[[2171, 934], [1101, 1752]]","[[206, 139], [163, 154]]"
disclosure_x_bias,169,init_easy,LSC,log_loss,0.6056103893417992,0.8990988397419428,0.6579386385426653,0.5468340117593848,0.007265236454541953,0.28072821573988666,0.008594979979796562,0.03249885382492192,"[[2169, 936], [1102, 1751]]","[[206, 139], [161, 156]]"
disclosure_x_bias,170,init_easy,LSC,log_loss,0.6054990566452993,0.8994128642434038,0.6586097794822627,0.5438037087290819,0.007264238618302923,0.2807855236839357,0.009079002096366418,0.028287555252476754,"[[2169, 936], [1098, 1755]]","[[205, 140], [162, 155]]"
disclosure_x_bias,171,init_easy,LSC,log_loss,0.6053864599317713,0.8993675083325027,0.6581064237775648,0.5422885572139303,0.007262041512665126,0.28062850692487434,0.008786408000590983,0.026749838231788774,"[[2172, 933], [1104, 1749]]","[[205, 140], [163, 154]]"
disclosure_x_bias,172,init_easy,LSC,log_loss,0.6052823667358368,0.8995942241047825,0.6581064237775648,0.5468340117593848,0.0072588241093510504,0.28074505745809397,0.008678950006548473,0.034773856667397504,"[[2167, 938], [1099, 1754]]","[[205, 140], [160, 157]]"
disclosure_x_bias,173,init_easy,LSC,log_loss,0.6051649079872892,0.8996393794440565,0.658274209012464,0.5453188602442334,0.007261027763422584,0.28072832065325204,0.008865037967846337,0.037280936468220456,"[[2166, 939], [1097, 1756]]","[[204, 141], [160, 157]]"
disclosure_x_bias,174,init_easy,LSC,log_loss,0.6050584059659527,0.8996766449190667,0.658274209012464,0.5498417005879692,0.0072595741816738535,0.2807386144558539,0.008430998091841259,0.036245360125381605,"[[2163, 942], [1094, 1759]]","[[205, 140], [158, 159]]"
disclosure_x_bias,175,init_easy,LSC,log_loss,0.6049451938401813,0.899522428057978,0.658441712255372,0.5468113975576662,0.007256553962037819,0.2809225498136455,0.008811166585686946,0.040486509327259404,"[[2161, 944], [1091, 1762]]","[[204, 141], [159, 158]]"
disclosure_x_bias,176,init_easy,LSC,log_loss,0.6048399180294934,0.8996248616757019,0.65928092042186,0.5468113975576662,0.007252706244456566,0.2807250324591348,0.00951979308347176,0.037203244816205135,"[[2169, 936], [1094, 1759]]","[[205, 140], [160, 157]]"
disclosure_x_bias,177,init_easy,LSC,log_loss,0.6047323636544844,0.8995319299558769,0.6589453499520614,0.5468113975576662,0.007246869417548927,0.28074044198205084,0.00934278103211762,0.035086120008679104,"[[2172, 933], [1099, 1754]]","[[205, 140], [160, 157]]"
disclosure_x_bias,178,init_easy,LSC,log_loss,0.6046264075330094,0.8997009750322558,0.6589450679600699,0.5468340117593848,0.00724053989881077,0.2805522896181672,0.009420451238091234,0.034773856667397476,"[[2168, 937], [1095, 1758]]","[[205, 140], [160, 157]]"
disclosure_x_bias,179,init_easy,LSC,log_loss,0.6045126946708141,0.899554452491811,0.6589453499520614,0.5513342379014021,0.00723944332687293,0.28077351560554614,0.009173852526953628,0.03732903870147658,"[[2164, 941], [1091, 1762]]","[[206, 139], [158, 159]]"
disclosure_x_bias,180,init_easy,LSC,log_loss,0.6044075109306078,0.8996582538197238,0.6589450679600699,0.5468113975576662,0.007238036354782598,0.28065994780872056,0.009586132427294065,0.035086120008679104,"[[2172, 933], [1099, 1754]]","[[206, 139], [161, 156]]"
disclosure_x_bias,181,init_easy,LSC,log_loss,0.6043023958011176,0.8995606044241914,0.6594487056567593,0.5468340117593848,0.007231471600868242,0.28073999636904573,0.009795695834276157,0.03621120700260367,"[[2168, 937], [1092, 1761]]","[[204, 141], [159, 158]]"
disclosure_x_bias,182,init_easy,LSC,log_loss,0.6041862086297595,0.8995804912995314,0.65928092042186,0.5483265490728177,0.007227435453675083,0.28073916189242215,0.009779122655770333,0.0367621345661955,"[[2168, 937], [1093, 1760]]","[[205, 140], [159, 158]]"
disclosure_x_bias,183,init_easy,LSC,log_loss,0.6040725396767848,0.8994739013966534,0.6591134171789521,0.5513116236996833,0.00721435515566582,0.2805897939898013,0.00945455922382762,0.03956666079337159,"[[2168, 937], [1094, 1759]]","[[205, 140], [157, 160]]"
disclosure_x_bias,184,init_easy,LSC,log_loss,0.6039722165883487,0.8996316536844914,0.6592812024138515,0.5482813206693804,0.007209670522881248,0.2805482073485137,0.00924101615414254,0.03863584870447795,"[[2172, 933], [1097, 1756]]","[[205, 140], [159, 158]]"
disclosure_x_bias,185,init_easy,LSC,log_loss,0.6038584716571196,0.8998712832550304,0.6591134171789521,0.5513116236996833,0.007200456796320427,0.28048963245188085,0.009651024546141572,0.03956666079337159,"[[2169, 936], [1095, 1758]]","[[205, 140], [157, 160]]"
disclosure_x_bias,186,init_easy,LSC,log_loss,0.6037567072508179,0.899849681820417,0.6601204105803395,0.5467661691542288,0.007196161116218525,0.28056969665902975,0.009646252671901251,0.04096643767172271,"[[2176, 929], [1096, 1757]]","[[204, 141], [159, 158]]"
disclosure_x_bias,187,init_easy,LSC,log_loss,0.6036535932988404,0.8998576435265135,0.6597848401105408,0.5497964721845319,0.007193220906897301,0.2804603703676599,0.009169587298881487,0.04196717642681755,"[[2168, 937], [1090, 1763]]","[[204, 141], [157, 160]]"
disclosure_x_bias,188,init_easy,LSC,log_loss,0.6035310020767755,0.8992672810273241,0.6602890417912131,0.5497964721845319,0.0071385789533778745,0.2786931890632612,0.009647738102383275,0.04196717642681755,"[[2168, 937], [1087, 1766]]","[[204, 141], [157, 160]]"
disclosure_x_bias,189,init_easy,LSC,log_loss,0.6034177985316367,0.8994095872060418,0.6606243302690203,0.5482813206693804,0.007127436936346406,0.2787645265784299,0.009486108620919127,0.04119210622481848,"[[2172, 933], [1089, 1764]]","[[204, 141], [158, 159]]"
disclosure_x_bias,190,init_easy,LSC,log_loss,0.6033080412244106,0.8992266606505808,0.6606243302690203,0.5482813206693804,0.007122266844667155,0.2788663320726102,0.009999790792653824,0.04119210622481848,"[[2171, 934], [1088, 1765]]","[[204, 141], [158, 159]]"
disclosure_x_bias,191,init_easy,LSC,log_loss,0.6031960900824027,0.8995064280193951,0.6604565450341211,0.5467661691542288,0.007128741276630033,0.2789419042800373,0.009879643107681118,0.04096643767172271,"[[2175, 930], [1093, 1760]]","[[204, 141], [159, 158]]"
disclosure_x_bias,192,init_easy,LSC,log_loss,0.6030752467345872,0.8996352149165135,0.6606243302690203,0.5482813206693804,0.007146239904786327,0.278798977857924,0.009905504710016699,0.04119210622481848,"[[2169, 936], [1086, 1767]]","[[204, 141], [158, 159]]"
disclosure_x_bias,193,init_easy,LSC,log_loss,0.6029585313840082,0.8995666091151767,0.6609601827308105,0.5467661691542288,0.007160708131875891,0.2789017970793247,0.010186185604594522,0.04096643767172271,"[[2172, 933], [1087, 1766]]","[[204, 141], [159, 158]]"
disclosure_x_bias,194,init_easy,LSC,log_loss,0.6028541876311426,0.8997249013309411,0.6606246122610118,0.5482813206693804,0.007158095060918886,0.27867484933603787,0.010328431638594123,0.04119210622481848,"[[2169, 936], [1086, 1767]]","[[204, 141], [158, 159]]"
disclosure_x_bias,195,init_easy,LSC,log_loss,0.6027559571253462,0.8994614645208368,0.6611279679657097,0.5467661691542288,0.00715382175269517,0.27899533770823576,0.010563590193058952,0.04096643767172271,"[[2173, 932], [1087, 1766]]","[[204, 141], [159, 158]]"
disclosure_x_bias,196,init_easy,LSC,log_loss,0.60265574005892,0.899675665112523,0.6607923974959111,0.5482813206693804,0.007149171095955445,0.2788630198217931,0.010440416811019643,0.04119210622481848,"[[2169, 936], [1085, 1768]]","[[204, 141], [158, 159]]"
disclosure_x_bias,197,init_easy,LSC,log_loss,0.6025543854511588,0.8998010156028403,0.6609599007388189,0.5467661691542288,0.007142825690510849,0.2789104811063256,0.009263754596261022,0.04096643767172271,"[[2166, 939], [1081, 1772]]","[[204, 141], [159, 158]]"
disclosure_x_bias,198,init_easy,LSC,log_loss,0.602456188129121,0.8998836526273155,0.6612951892166262,0.5482813206693804,0.007139909730220781,0.2787294071499788,0.009733383879397768,0.04119210622481848,"[[2171, 934], [1084, 1769]]","[[204, 141], [158, 159]]"
disclosure_x_bias,199,init_easy,LSC,log_loss,0.6023460880548094,0.9000958716150921,0.6616318876543905,0.5513116236996833,0.007126722603316811,0.278823547068118,0.0099323452883718,0.042066393432990484,"[[2165, 940], [1076, 1777]]","[[204, 141], [156, 161]]"
disclosure_x_bias,200,init_easy,LSC,log_loss,0.60224190190006,0.9001708658589933,0.6617993908972986,0.5497964721845319,0.0071205744486176935,0.2787373943142391,0.010039877093568366,0.041354911373490774,"[[2167, 938], [1077, 1776]]","[[204, 141], [157, 160]]"
disclosure_x_bias,201,init_easy,LSC,log_loss,0.6021337803122837,0.9003157312371608,0.6616318876543906,0.5513116236996833,0.007120074129588639,0.27883220710327383,0.010088581176520504,0.042066393432990484,"[[2165, 940], [1076, 1777]]","[[204, 141], [156, 161]]"
disclosure_x_bias,202,init_easy,LSC,log_loss,0.6020196626815542,0.9002459026434545,0.6617999548812814,0.5513116236996833,0.007119589605398334,0.2788597207326106,0.010327748125342248,0.042066393432990484,"[[2163, 942], [1073, 1780]]","[[204, 141], [156, 161]]"
disclosure_x_bias,203,init_easy,LSC,log_loss,0.6019187185296748,0.9004091737622361,0.6619671761321978,0.5513116236996833,0.007122291520285074,0.27872482558055595,0.010196345750757911,0.042066393432990484,"[[2164, 941], [1073, 1780]]","[[204, 141], [156, 161]]"
disclosure_x_bias,204,init_easy,LSC,log_loss,0.6018226879582194,0.9005242220811395,0.6612954712086176,0.5513116236996833,0.007116617385269558,0.2788063335761602,0.01049884736363596,0.042066393432990484,"[[2161, 944], [1074, 1779]]","[[204, 141], [156, 161]]"
disclosure_x_bias,205,init_easy,LSC,log_loss,0.6017260873400364,0.9006353834858487,0.6614638204274998,0.5513116236996833,0.007111117294269245,0.27883854487332066,0.01027723784004676,0.042066393432990484,"[[2162, 943], [1074, 1779]]","[[204, 141], [156, 161]]"
disclosure_x_bias,206,init_easy,LSC,log_loss,0.6016301493365327,0.9007187192491986,0.6623030285939879,0.5497964721845319,0.007107313415312747,0.2787171549351028,0.010480011756841634,0.041354911373490774,"[[2166, 939], [1073, 1780]]","[[204, 141], [157, 160]]"
disclosure_x_bias,207,init_easy,LSC,log_loss,0.6015281033826633,0.9007133389749772,0.6619671761321978,0.5497964721845319,0.007104806279047784,0.2787186575372236,0.010675908663807857,0.041354911373490774,"[[2168, 937], [1077, 1776]]","[[204, 141], [157, 160]]"
disclosure_x_bias,208,init_easy,LSC,log_loss,0.601434222601398,0.9006958286729088,0.6624708138288873,0.5513116236996833,0.007101475315338681,0.2786378301796861,0.009856059076524456,0.04020616680147565,"[[2171, 934], [1077, 1776]]","[[205, 140], [157, 160]]"
disclosure_x_bias,209,init_easy,LSC,log_loss,0.6013321327831466,0.9007520261133518,0.6624705318368959,0.5513116236996833,0.007098733842354074,0.2787371312100946,0.009835725618967853,0.04020616680147565,"[[2171, 934], [1077, 1776]]","[[205, 140], [157, 160]]"
disclosure_x_bias,210,init_easy,LSC,log_loss,0.6012327751458607,0.9007699295637707,0.6624705318368959,0.5513116236996833,0.007096697708606609,0.2786449917435845,0.009545214583317425,0.04020616680147565,"[[2171, 934], [1077, 1776]]","[[205, 140], [157, 160]]"
disclosure_x_bias,211,init_easy,LSC,log_loss,0.6011289808887765,0.9007971052675037,0.6626385990637866,0.5513116236996833,0.0070938627448932715,0.278606963175265,0.009907256869291165,0.04020616680147565,"[[2170, 935], [1075, 1778]]","[[205, 140], [157, 160]]"
disclosure_x_bias,212,init_easy,LSC,log_loss,0.6010291858681628,0.9006886944347045,0.6626385990637866,0.5497964721845319,0.007096593905265241,0.27844451847164453,0.009781656992098034,0.04010234768250568,"[[2174, 931], [1079, 1774]]","[[204, 141], [157, 160]]"
disclosure_x_bias,213,init_easy,LSC,log_loss,0.6009327169112052,0.9008893977882245,0.6626385990637866,0.5513116236996833,0.0070965037853288546,0.2785081811624706,0.009454912714365457,0.04020616680147565,"[[2169, 936], [1074, 1779]]","[[205, 140], [157, 160]]"
disclosure_x_bias,214,init_easy,LSC,log_loss,0.6008380606500109,0.9009150823925047,0.6634772432462918,0.5482813206693804,0.0070916780689685216,0.2785081401284523,0.009284797570241624,0.04119210622481848,"[[2175, 930], [1075, 1778]]","[[204, 141], [158, 159]]"
disclosure_x_bias,215,init_easy,LSC,log_loss,0.600746449398699,0.9009518252032931,0.6638133777000733,0.5482813206693804,0.007088145124992093,0.2782162881429732,0.009089350093629916,0.04119210622481848,"[[2173, 932], [1071, 1782]]","[[204, 141], [158, 159]]"
disclosure_x_bias,216,init_easy,LSC,log_loss,0.6006526403800249,0.9007868844689296,0.6643172973887541,0.5482813206693804,0.007084419272465269,0.2783402964765888,0.009104646721212174,0.04119210622481848,"[[2175, 930], [1070, 1783]]","[[204, 141], [158, 159]]"
disclosure_x_bias,217,init_easy,LSC,log_loss,0.600557165096444,0.9010968323439673,0.6643172973887541,0.5467661691542288,0.007082385844861416,0.27816728494093995,0.008646492070533193,0.042793628300276276,"[[2172, 933], [1067, 1786]]","[[203, 142], [158, 159]]"
disclosure_x_bias,218,init_easy,LSC,log_loss,0.6004615910743926,0.9010238017385446,0.6653237268061587,0.5482813206693804,0.007081567794125595,0.2780966749548672,0.00804378589242262,0.04119210622481848,"[[2175, 930], [1064, 1789]]","[[204, 141], [158, 159]]"
disclosure_x_bias,219,init_easy,LSC,log_loss,0.6003640706355388,0.9012241728062504,0.6649884383283514,0.5467661691542288,0.007077602620822933,0.27820972646990133,0.007501164339773031,0.040338986266151886,"[[2175, 930], [1066, 1787]]","[[203, 142], [158, 159]]"
disclosure_x_bias,220,init_easy,LSC,log_loss,0.6002687995517098,0.9010217890927403,0.66465230387457,0.5482813206693804,0.0070804552760389385,0.2782072663377842,0.00829963107880596,0.04119210622481848,"[[2172, 933], [1065, 1788]]","[[204, 141], [158, 159]]"
disclosure_x_bias,221,init_easy,LSC,log_loss,0.6001776618151948,0.901078891545555,0.6653242907901415,0.5482813206693804,0.007077043632630754,0.27811258489853125,0.008325270496286575,0.04056814529537153,"[[2176, 929], [1065, 1788]]","[[204, 141], [158, 159]]"
disclosure_x_bias,222,init_easy,LSC,log_loss,0.6000837620279347,0.9008639932021252,0.6648200891094693,0.5482813206693804,0.007071872020864022,0.2782428622642145,0.008423723921964886,0.04119210622481848,"[[2178, 927], [1070, 1783]]","[[205, 140], [159, 158]]"
disclosure_x_bias,223,init_easy,LSC,log_loss,0.5999880144902747,0.901020403665105,0.6648209350854436,0.5482813206693804,0.007074888066354241,0.2784350998512066,0.007519390440384417,0.04300971079683969,"[[2170, 935], [1062, 1791]]","[[203, 142], [157, 160]]"
disclosure_x_bias,224,init_easy,LSC,log_loss,0.5998967191246779,0.9009167194913313,0.6651559415712593,0.5467661691542288,0.007072883685272339,0.27830342861895546,0.008424300572681372,0.042193357540871904,"[[2172, 933], [1062, 1791]]","[[203, 142], [158, 159]]"
disclosure_x_bias,225,init_easy,LSC,log_loss,0.5998050571765198,0.9009161208790065,0.6659959957137217,0.5467661691542288,0.007070596773582687,0.27845467528272433,0.008340428765080416,0.042793628300276276,"[[2174, 931], [1059, 1794]]","[[202, 143], [157, 160]]"
disclosure_x_bias,226,init_easy,LSC,log_loss,0.5997081412722841,0.9010821494472161,0.6656598612599403,0.5467661691542288,0.0070692171856748705,0.2785544001101357,0.008862989902797474,0.04096643767172271,"[[2180, 925], [1067, 1786]]","[[204, 141], [159, 158]]"
disclosure_x_bias,227,init_easy,LSC,log_loss,0.5996038315824418,0.9011271767061206,0.6656598612599403,0.5482813206693804,0.00706475354303286,0.2784903717778963,0.008465873736119888,0.04300971079683969,"[[2174, 931], [1061, 1792]]","[[203, 142], [157, 160]]"
disclosure_x_bias,228,init_easy,LSC,log_loss,0.5994968634606738,0.9013892035931491,0.6658276464948395,0.5452510176390774,0.007068491170261865,0.2785022403657747,0.00885298664039374,0.041912257164142735,"[[2179, 926], [1065, 1788]]","[[202, 143], [158, 159]]"
disclosure_x_bias,229,init_easy,LSC,log_loss,0.5994004861494162,0.9014161077043518,0.6658273645028482,0.5452510176390774,0.007067711994354657,0.27835689603676433,0.00879472951631798,0.041912257164142735,"[[2180, 925], [1066, 1787]]","[[202, 143], [158, 159]]"
disclosure_x_bias,230,init_easy,LSC,log_loss,0.5993037456212568,0.9014638968936757,0.6661632169646382,0.5452510176390774,0.007075088945667483,0.2783665905103944,0.009237988279049111,0.041912257164142735,"[[2180, 925], [1064, 1789]]","[[202, 143], [158, 159]]"
disclosure_x_bias,231,init_easy,LSC,log_loss,0.5992001801683504,0.9015044933326035,0.6663318481755118,0.5452510176390774,0.007084047616360196,0.27813920117409874,0.008362368124403599,0.041912257164142735,"[[2180, 925], [1063, 1790]]","[[202, 143], [158, 159]]"
disclosure_x_bias,232,init_easy,LSC,log_loss,0.5991080238282931,0.9014008608603643,0.6659951497377474,0.5452510176390774,0.007085032549069201,0.2782749032455117,0.009727503460634716,0.041912257164142735,"[[2178, 927], [1063, 1790]]","[[202, 143], [158, 159]]"
disclosure_x_bias,233,init_easy,LSC,log_loss,0.5990184104451369,0.9013766511183847,0.6670029891151091,0.5452510176390774,0.007079931506300188,0.27820808940973796,0.009373466411537036,0.040044870994949765,"[[2185, 920], [1064, 1789]]","[[203, 142], [159, 158]]"
disclosure_x_bias,234,init_easy,LSC,log_loss,0.5989248281713246,0.9015623628472442,0.6666665726693362,0.5437358661239258,0.0070748883508944,0.278080121827234,0.009030817683944033,0.041567940294914514,"[[2185, 920], [1066, 1787]]","[[202, 143], [159, 158]]"
disclosure_x_bias,235,init_easy,LSC,log_loss,0.5988356700624847,0.9016238942909446,0.6663304382155546,0.5437358661239258,0.007072324785728421,0.278260585608889,0.009736960872246146,0.041567940294914514,"[[2181, 924], [1064, 1789]]","[[202, 143], [159, 158]]"
disclosure_x_bias,236,init_easy,LSC,log_loss,0.5987469687182663,0.901870219117515,0.6670021431391349,0.5437358661239258,0.007069781690058625,0.2781138269337729,0.009441732916952043,0.041567940294914514,"[[2181, 924], [1060, 1793]]","[[202, 143], [159, 158]]"
disclosure_x_bias,237,init_easy,LSC,log_loss,0.5986433214803843,0.9019285370285959,0.6673377136089335,0.5437358661239258,0.007072852097348272,0.2780964054012982,0.00923179180393285,0.041567940294914514,"[[2182, 923], [1059, 1794]]","[[202, 143], [159, 158]]"
disclosure_x_bias,238,init_easy,LSC,log_loss,0.5985458478628704,0.9019159456945088,0.6668340759122441,0.5437358661239258,0.007074713129846706,0.27809173172720464,0.009808862893170374,0.041567940294914514,"[[2180, 925], [1060, 1793]]","[[202, 143], [159, 158]]"
disclosure_x_bias,239,init_easy,LSC,log_loss,0.5984481245884348,0.9018620900350192,0.6671702103660256,0.5437358661239258,0.007073748477443601,0.2783020373023493,0.009225985656118468,0.041567940294914514,"[[2182, 923], [1060, 1793]]","[[202, 143], [159, 158]]"
disclosure_x_bias,240,init_easy,LSC,log_loss,0.5983328221453191,0.9012934002904227,0.6673374316169421,0.5437358661239258,0.007032156277542022,0.2765346589167081,0.00967381944666241,0.041567940294914514,"[[2179, 926], [1056, 1797]]","[[202, 143], [159, 158]]"
disclosure_x_bias,241,init_easy,LSC,log_loss,0.5982444198255552,0.901294202631504,0.6664982234504541,0.5437358661239258,0.007030505287714887,0.27643262750097275,0.009583804378781733,0.041567940294914514,"[[2178, 927], [1060, 1793]]","[[202, 143], [159, 158]]"
disclosure_x_bias,242,init_easy,LSC,log_loss,0.5981560705433322,0.9013011620811376,0.6670018611471434,0.5452284034373587,0.007025043193082122,0.2763878274927432,0.009385712081601714,0.04389628269406333,"[[2175, 930], [1054, 1799]]","[[202, 143], [158, 159]]"
disclosure_x_bias,243,init_easy,LSC,log_loss,0.598062187309408,0.9012652570292772,0.6680091365405223,0.542243328810493,0.007020221067013349,0.2762755764274293,0.009690500886860135,0.039666825421324284,"[[2187, 918], [1060, 1793]]","[[202, 143], [160, 157]]"
disclosure_x_bias,244,init_easy,LSC,log_loss,0.59797177717494,0.9013633222313656,0.6675054988438329,0.5452284034373587,0.007018797411147609,0.27625096207672123,0.009014983210623604,0.04389628269406333,"[[2180, 925], [1056, 1797]]","[[202, 143], [158, 159]]"
disclosure_x_bias,245,init_easy,LSC,log_loss,0.5978762458069374,0.9013491069008124,0.6681774857594045,0.542243328810493,0.007018462896041697,0.2762744727010208,0.00934951746246054,0.039666825421324284,"[[2189, 916], [1061, 1792]]","[[202, 143], [160, 157]]"
disclosure_x_bias,246,init_easy,LSC,log_loss,0.5977852037016971,0.9012457360473627,0.6680094185325137,0.545273631840796,0.007019424366752118,0.27645059999332167,0.008940051486236956,0.04107199481478666,"[[2184, 921], [1057, 1796]]","[[202, 143], [158, 159]]"
disclosure_x_bias,247,init_easy,LSC,log_loss,0.5976820545910471,0.9014947539622933,0.6680099825164966,0.5437584803256444,0.007020987810854603,0.27639654269298186,0.008916915649482096,0.040090223962921216,"[[2184, 921], [1057, 1796]]","[[202, 143], [159, 158]]"
disclosure_x_bias,248,init_easy,LSC,log_loss,0.5975897789834967,0.9014677541050921,0.6676732840787322,0.5467435549525101,0.00701354666894291,0.2763434426048008,0.009070906232140812,0.044165618940857965,"[[2177, 928], [1052, 1801]]","[[202, 143], [157, 160]]"
disclosure_x_bias,249,init_easy,LSC,log_loss,0.5975048866582768,0.9014734832877004,0.6686808414641024,0.542243328810493,0.007010356674776584,0.276242375641264,0.009159527914413539,0.039666825421324284,"[[2189, 916], [1058, 1795]]","[[202, 143], [160, 157]]"
disclosure_x_bias,250,init_easy,LSC,log_loss,0.5974201480435335,0.9014488154850124,0.6685127742372117,0.5482587064676616,0.007008220804799432,0.27627782069360607,0.009240222633300658,0.04494701147772049,"[[2180, 925], [1050, 1803]]","[[202, 143], [156, 161]]"
disclosure_x_bias,251,init_easy,LSC,log_loss,0.5973165414308598,0.9015327488106051,0.6688489086909932,0.542243328810493,0.007015301916829292,0.2765224724523739,0.008831624799286023,0.039666825421324284,"[[2191, 914], [1059, 1794]]","[[202, 143], [160, 157]]"
disclosure_x_bias,252,init_easy,LSC,log_loss,0.5972245748089476,0.9014811749894955,0.6690166939258925,0.5452510176390774,0.007015974079616314,0.27633320630706965,0.009138539008952878,0.04251649683503552,"[[2190, 915], [1057, 1796]]","[[202, 143], [158, 159]]"
disclosure_x_bias,253,init_easy,LSC,log_loss,0.5971390046263869,0.9013404760185567,0.669016975917884,0.5437358661239258,0.007013559925054237,0.27637983893706675,0.00795482317512427,0.041567940294914514,"[[2192, 913], [1059, 1794]]","[[202, 143], [159, 158]]"
disclosure_x_bias,254,init_easy,LSC,log_loss,0.5970377466815534,0.9014019066635444,0.6688491906829845,0.5437358661239258,0.007001024178251592,0.2763514261124062,0.007763144211553361,0.041567940294914514,"[[2192, 913], [1060, 1793]]","[[202, 143], [159, 158]]"
disclosure_x_bias,255,init_easy,LSC,log_loss,0.5969484476366678,0.9013835565148443,0.6695208956065648,0.5422207146087743,0.007000923136073774,0.27635492807010764,0.008156516974570262,0.038600358673922586,"[[2192, 913], [1056, 1797]]","[[202, 143], [160, 157]]"
disclosure_x_bias,256,init_easy,LSC,log_loss,0.5968564756849198,0.901404399764089,0.6690172579098753,0.5437358661239258,0.006998911138580369,0.2765283576887808,0.007981803389242762,0.041567940294914514,"[[2192, 913], [1059, 1794]]","[[202, 143], [159, 158]]"
disclosure_x_bias,257,init_easy,LSC,log_loss,0.5967683936412105,0.901548296660531,0.6691847611527832,0.5437358661239258,0.006992731271537444,0.27658773409042886,0.008252650970308847,0.041567940294914514,"[[2190, 915], [1056, 1797]]","[[202, 143], [159, 158]]"
disclosure_x_bias,258,init_easy,LSC,log_loss,0.5966834786150326,0.9015705405046279,0.669352828379674,0.5437358661239258,0.006991224319886575,0.27659965166214817,0.008813607094404074,0.041567940294914514,"[[2191, 914], [1056, 1797]]","[[202, 143], [159, 158]]"
disclosure_x_bias,259,init_easy,LSC,log_loss,0.5965848351174348,0.9018352018170914,0.6693525463876826,0.542243328810493,0.006977732169630423,0.27651164444366705,0.008681769080416214,0.039666825421324284,"[[2191, 914], [1056, 1797]]","[[201, 144], [159, 158]]"
disclosure_x_bias,260,init_easy,LSC,log_loss,0.5964992607421308,0.901916850054916,0.6695206136145734,0.542243328810493,0.006975090618519179,0.2764944900307404,0.008433310598640735,0.039666825421324284,"[[2191, 914], [1055, 1798]]","[[201, 144], [159, 158]]"
disclosure_x_bias,261,init_easy,LSC,log_loss,0.5964131139465281,0.9019516460976078,0.6693525463876826,0.542243328810493,0.006975398695949927,0.27652570334080906,0.008161785964347763,0.039666825421324284,"[[2191, 914], [1056, 1797]]","[[201, 144], [159, 158]]"
disclosure_x_bias,262,init_easy,LSC,log_loss,0.596317967307602,0.9017251070447827,0.669856184084372,0.542243328810493,0.006982447765084114,0.2765715127204639,0.008715359408421752,0.039666825421324284,"[[2192, 913], [1054, 1799]]","[[201, 144], [159, 158]]"
disclosure_x_bias,263,init_easy,LSC,log_loss,0.5962270571549105,0.9019475982201648,0.6696878348654899,0.542243328810493,0.006985869738910526,0.27644027637273405,0.0086184326014675,0.039666825421324284,"[[2193, 912], [1056, 1797]]","[[201, 144], [159, 158]]"
disclosure_x_bias,264,init_easy,LSC,log_loss,0.5961403016802395,0.9018771079906023,0.6698559020923807,0.5437358661239258,0.006983785895184342,0.27648221030538706,0.008762376197367475,0.041567940294914514,"[[2192, 913], [1054, 1799]]","[[202, 143], [159, 158]]"
disclosure_x_bias,265,init_easy,LSC,log_loss,0.5960569750996034,0.9020301787830917,0.6696878348654899,0.542243328810493,0.006982815810238008,0.27660140444161874,0.007698249269320013,0.039666825421324284,"[[2194, 911], [1057, 1796]]","[[201, 144], [159, 158]]"
disclosure_x_bias,266,init_easy,LSC,log_loss,0.5959733276006993,0.901963479615348,0.6701914725621793,0.542243328810493,0.006980449889784519,0.2765434065224729,0.008809789170137992,0.039666825421324284,"[[2195, 910], [1055, 1798]]","[[201, 144], [159, 158]]"
disclosure_x_bias,267,init_easy,LSC,log_loss,0.5958899297438325,0.9020456522641954,0.6700234053352885,0.5407281772953414,0.0069780709016626615,0.27660200835291776,0.008491635393155485,0.036476371670439024,"[[2191, 914], [1052, 1801]]","[[201, 144], [160, 157]]"
disclosure_x_bias,268,init_easy,LSC,log_loss,0.595803424098861,0.9021683254982662,0.6706948282668772,0.5407281772953414,0.006974264067890448,0.2764917441596544,0.009217466203552183,0.036476371670439024,"[[2195, 910], [1052, 1801]]","[[201, 144], [160, 157]]"
disclosure_x_bias,269,init_easy,LSC,log_loss,0.5957196278528277,0.9021439124510794,0.6706948282668772,0.542243328810493,0.006972093449265675,0.2764038248790588,0.008871623794887915,0.03700535405700643,"[[2191, 914], [1048, 1805]]","[[201, 144], [159, 158]]"
disclosure_x_bias,270,init_easy,LSC,log_loss,0.5956241371225179,0.9021999712254514,0.6708620495177937,0.5407281772953414,0.006968843511657077,0.2764442778273675,0.009023869979855138,0.036476371670439024,"[[2195, 910], [1051, 1802]]","[[201, 144], [160, 157]]"
disclosure_x_bias,271,init_easy,LSC,log_loss,0.5955397696365066,0.9022290926632767,0.6717026676442389,0.542243328810493,0.0069670561765628565,0.2762189088900905,0.008564356586354165,0.037688346095507544,"[[2200, 905], [1051, 1802]]","[[201, 144], [159, 158]]"
disclosure_x_bias,272,init_easy,LSC,log_loss,0.5954588466898012,0.9021739316559471,0.6710301167446844,0.5407281772953414,0.006963975337166994,0.27654974096503787,0.00910306731714753,0.036476371670439024,"[[2197, 908], [1052, 1801]]","[[201, 144], [160, 157]]"
disclosure_x_bias,273,init_easy,LSC,log_loss,0.5953753875225216,0.9023708677562512,0.6717026676442389,0.542243328810493,0.0069620367469863135,0.27649256308680276,0.008152707025096781,0.03700535405700643,"[[2199, 906], [1050, 1803]]","[[201, 144], [159, 158]]"
disclosure_x_bias,274,init_easy,LSC,log_loss,0.5952889873332137,0.9022778208919077,0.6711981839715752,0.542243328810493,0.006956437181323109,0.27653919579255043,0.00897064418948195,0.037688346095507544,"[[2196, 909], [1050, 1803]]","[[201, 144], [159, 158]]"
disclosure_x_bias,275,init_easy,LSC,log_loss,0.5952096755319316,0.9024677634979075,0.6717023856522475,0.542243328810493,0.006954203352900228,0.2766013561950779,0.007892602538977007,0.037688346095507544,"[[2200, 905], [1051, 1802]]","[[201, 144], [159, 158]]"
disclosure_x_bias,276,init_easy,LSC,log_loss,0.595118451329232,0.9022967171244856,0.6718704528791382,0.5437584803256444,0.00696266990260113,0.2766087593405432,0.007884131204667582,0.03677159290465143,"[[2200, 905], [1050, 1803]]","[[202, 143], [159, 158]]"
disclosure_x_bias,277,init_easy,LSC,log_loss,0.595030839173534,0.9026575442692885,0.6713659692064745,0.545273631840796,0.006965460879846353,0.27629515631607526,0.007670509860323669,0.035039576699678804,"[[2195, 910], [1048, 1805]]","[[202, 143], [158, 159]]"
disclosure_x_bias,278,init_easy,LSC,log_loss,0.5949370949491449,0.9027225635190625,0.6720382381140375,0.545273631840796,0.006974145724847681,0.27645549255942115,0.007601964096416634,0.035039576699678804,"[[2200, 905], [1049, 1804]]","[[202, 143], [158, 159]]"
disclosure_x_bias,279,init_easy,LSC,log_loss,0.5948531636526015,0.9027750073807284,0.6722063053409283,0.545273631840796,0.006972303064837419,0.2764923918536488,0.007204631141229426,0.03850776477471062,"[[2202, 903], [1050, 1803]]","[[201, 144], [157, 160]]"
disclosure_x_bias,280,init_easy,LSC,log_loss,0.5947591276110873,0.9026683264418413,0.672541875810727,0.5483039348710991,0.006971869729850332,0.2765355293634968,0.007482774470201321,0.03491113244052487,"[[2202, 903], [1048, 1805]]","[[202, 143], [156, 161]]"
disclosure_x_bias,281,init_easy,LSC,log_loss,0.5946786495268684,0.902763772606575,0.6722063053409283,0.5467887833559475,0.0069710262491705565,0.2765783031234811,0.007204631141229426,0.0381496883774872,"[[2201, 904], [1049, 1804]]","[[201, 144], [156, 161]]"
disclosure_x_bias,282,init_easy,LSC,log_loss,0.5945926259973933,0.902871635648163,0.672541875810727,0.5467887833559475,0.006970082667966902,0.2765639217425111,0.007482774470201321,0.035374254948733065,"[[2201, 904], [1047, 1806]]","[[201, 144], [156, 161]]"
disclosure_x_bias,283,init_easy,LSC,log_loss,0.5945115674201908,0.9028746799223886,0.6725415938187356,0.5483039348710991,0.006970076787140222,0.27662638424734326,0.007783145051956627,0.03491113244052487,"[[2201, 904], [1047, 1806]]","[[202, 143], [156, 161]]"
disclosure_x_bias,284,init_easy,LSC,log_loss,0.5944220280996482,0.9030084445843958,0.6727093790536348,0.545273631840796,0.006967219027838332,0.2764918437540157,0.007847790657402374,0.03715935337009699,"[[2201, 904], [1046, 1807]]","[[201, 144], [157, 160]]"
disclosure_x_bias,285,init_easy,LSC,log_loss,0.5943407139471383,0.9029188093420055,0.672541875810727,0.5467887833559475,0.006964736143960736,0.276582928544288,0.007524460858922542,0.03881254856138329,"[[2200, 905], [1046, 1807]]","[[200, 145], [155, 162]]"
disclosure_x_bias,286,init_easy,LSC,log_loss,0.5942516889110099,0.9029335872875748,0.6723738085838362,0.545273631840796,0.00696954015081852,0.2764557061277612,0.00775434802534593,0.0404461809759031,"[[2198, 907], [1045, 1808]]","[[200, 145], [156, 161]]"
disclosure_x_bias,287,init_easy,LSC,log_loss,0.5941681647755799,0.9029301422360925,0.6718704528791382,0.545273631840796,0.006969801733324258,0.27659215042348445,0.007764602138081517,0.041071994814786635,"[[2200, 905], [1050, 1803]]","[[200, 145], [156, 161]]"
disclosure_x_bias,288,init_easy,LSC,log_loss,0.5940858679587329,0.9029976661808284,0.6725415938187356,0.545273631840796,0.006958212506172983,0.27649402469066825,0.007742851506663206,0.03981053067977306,"[[2202, 903], [1048, 1805]]","[[201, 144], [157, 160]]"
disclosure_x_bias,289,init_easy,LSC,log_loss,0.5939997733961019,0.9030565560372829,0.6720382381140375,0.545273631840796,0.006959557512258806,0.27652054926194214,0.007683817606784305,0.041071994814786635,"[[2200, 905], [1049, 1804]]","[[200, 145], [156, 161]]"
disclosure_x_bias,290,init_easy,LSC,log_loss,0.5939185958251435,0.9030700591795636,0.6720382381140375,0.5483039348710991,0.00695890730129141,0.2765967890678383,0.007925369052160337,0.040962470519404166,"[[2197, 908], [1046, 1807]]","[[201, 144], [155, 162]]"
disclosure_x_bias,291,init_easy,LSC,log_loss,0.5938409465183029,0.9030141033466188,0.6722060233489369,0.5467887833559475,0.006956186441172307,0.2766010481807834,0.008344049690289438,0.041357886018885875,"[[2197, 908], [1045, 1808]]","[[200, 145], [155, 162]]"
disclosure_x_bias,292,init_easy,LSC,log_loss,0.5937634089285222,0.90320911141258,0.6725421578027184,0.5483039348710991,0.006953661291886439,0.2766110975518629,0.00738531557604103,0.039049691208279655,"[[2200, 905], [1046, 1807]]","[[201, 144], [155, 162]]"
disclosure_x_bias,293,init_easy,LSC,log_loss,0.5936784476467606,0.9030343384973897,0.6722060233489369,0.5467887833559475,0.006957289593589766,0.2766337856451903,0.007921357660137735,0.03946427661012033,"[[2205, 900], [1053, 1800]]","[[200, 145], [155, 162]]"
disclosure_x_bias,294,init_easy,LSC,log_loss,0.5935954258061594,0.9032128851645913,0.6722063053409284,0.5483039348710991,0.006957998765689855,0.27651613405811915,0.0077887787309064175,0.039049691208279655,"[[2203, 902], [1051, 1802]]","[[201, 144], [155, 162]]"
disclosure_x_bias,295,init_easy,LSC,log_loss,0.5935153046524927,0.903142939004827,0.6720382381140376,0.5483039348710991,0.0069532380941437115,0.2765983591262383,0.008042247439077095,0.039049691208279655,"[[2199, 906], [1048, 1805]]","[[201, 144], [155, 162]]"
disclosure_x_bias,296,init_easy,LSC,log_loss,0.5934288721636835,0.9033922825098815,0.6727090970616435,0.5513116236996833,0.006947796849282048,0.2763611812445433,0.008620222021733114,0.04083565906653688,"[[2201, 904], [1046, 1807]]","[[202, 143], [154, 163]]"
disclosure_x_bias,297,init_easy,LSC,log_loss,0.5933406231440019,0.9032860616457044,0.6720379561220462,0.5513342379014021,0.006934217126544202,0.2763827324530136,0.007818708283253576,0.03996896221442021,"[[2195, 910], [1044, 1809]]","[[201, 144], [153, 164]]"
disclosure_x_bias,298,init_easy,LSC,log_loss,0.5932449922608952,0.9033197353172685,0.6723735265918448,0.5483039348710991,0.006942679649149989,0.2763191950336796,0.0084245664682647,0.039049691208279655,"[[2204, 901], [1051, 1802]]","[[201, 144], [155, 162]]"
disclosure_x_bias,299,init_easy,LSC,log_loss,0.5931477751661764,0.9032250495422709,0.672541875810727,0.5483039348710991,0.006944313612274467,0.2763221865191664,0.008201285646446605,0.039049691208279655,"[[2200, 905], [1046, 1807]]","[[201, 144], [155, 162]]"
disclosure_x_bias,300,init_easy,LSC,log_loss,0.5930683098241297,0.9031503347212263,0.6727093790536349,0.5483039348710991,0.006944451398615525,0.2761380624293367,0.007887548139185756,0.039049691208279655,"[[2202, 903], [1047, 1806]]","[[201, 144], [155, 162]]"
disclosure_x_bias,1,init_easy,LSC,exponential,27.0765760990323,30.113200949768732,0.6181583103039874,0.5468566259611036,14.862008298231043,33.90156910793008,0.02399627250590758,0.024994530524254606,"[[2030, 1075], [1200, 1653]]","[[209, 136], [164, 153]]"
disclosure_x_bias,2,init_easy,LSC,exponential,27.091928534652446,30.21332883974108,0.6189986464384412,0.5468566259611036,14.858642343937564,34.15156882910767,0.022542693543351464,0.024994530524254606,"[[2037, 1068], [1202, 1651]]","[[209, 136], [164, 153]]"
disclosure_x_bias,3,init_easy,LSC,exponential,27.039807444762015,30.03869485183457,0.6206779087473916,0.5483717774762551,14.869903726332176,34.055596162364466,0.022940269284554365,0.02634345820143053,"[[2048, 1057], [1203, 1650]]","[[210, 135], [164, 153]]"
disclosure_x_bias,4,init_easy,LSC,exponential,26.92708521637786,30.125893301411075,0.6215165529298968,0.5483717774762551,14.804428410944043,34.29302418585275,0.02314324904939431,0.02634345820143053,"[[2053, 1052], [1203, 1650]]","[[210, 135], [164, 153]]"
disclosure_x_bias,5,init_easy,LSC,exponential,26.9331620350072,30.097949856646107,0.6240364333652925,0.5438715513342378,14.812372239908905,34.26563212556051,0.02136093757999801,0.027877195430870284,"[[2084, 1021], [1219, 1634]]","[[210, 135], [167, 150]]"
disclosure_x_bias,6,init_easy,LSC,exponential,26.82278885900704,29.9945092048553,0.6242045005921832,0.5438715513342378,14.764195899155641,34.501382719555345,0.02158236055978644,0.027877195430870284,"[[2085, 1020], [1219, 1634]]","[[210, 135], [167, 150]]"
disclosure_x_bias,7,init_easy,LSC,exponential,26.54034154015192,29.710333410502066,0.6253792792284699,0.5438715513342378,14.696578837459928,34.49706912303537,0.02158905402542831,0.027877195430870284,"[[2092, 1013], [1219, 1634]]","[[210, 135], [167, 150]]"
disclosure_x_bias,8,init_easy,LSC,exponential,26.529131383026247,29.68900233198343,0.6255470644633693,0.5438715513342378,14.681208180723852,34.47845268588792,0.021425055084503125,0.027877195430870284,"[[2097, 1008], [1223, 1630]]","[[210, 135], [167, 150]]"
disclosure_x_bias,9,init_easy,LSC,exponential,26.540209651192093,29.757106274474843,0.6272249168123626,0.5544776119402985,14.677899460726248,34.679117918744495,0.017445556613574057,0.05151257809546473,"[[2066, 1039], [1182, 1671]]","[[209, 136], [159, 158]]"
disclosure_x_bias,10,init_easy,LSC,exponential,26.503955068197246,29.721715521941668,0.6278960577519599,0.5544776119402985,14.65568725827079,34.64361442110977,0.016446884057227936,0.05151257809546473,"[[2073, 1032], [1185, 1668]]","[[209, 136], [159, 158]]"
disclosure_x_bias,11,init_easy,LSC,exponential,26.29107694015193,29.46735945655464,0.6277279905250691,0.5544776119402985,14.625871682779154,34.64712353885495,0.016197842294226335,0.05151257809546473,"[[2070, 1035], [1183, 1670]]","[[209, 136], [159, 158]]"
disclosure_x_bias,12,init_easy,LSC,exponential,26.247971022970184,29.3989925740174,0.6289024871693644,0.5544776119402985,14.626799017074564,34.87332443442563,0.014935296163352938,0.05151257809546473,"[[2094, 1011], [1200, 1653]]","[[211, 134], [161, 156]]"
disclosure_x_bias,13,init_easy,LSC,exponential,26.213007440491726,29.389895602752432,0.6295739101009532,0.5575079149706015,14.599275601567118,34.884366423272425,0.015216766502907826,0.05278865485291557,"[[2099, 1006], [1201, 1652]]","[[213, 132], [161, 156]]"
disclosure_x_bias,14,init_easy,LSC,exponential,26.197485237155973,29.385964367982133,0.630077265805651,0.559023066485753,14.587258137994157,34.88669669621131,0.01528592171778537,0.05262143276816594,"[[2104, 1001], [1203, 1650]]","[[214, 131], [161, 156]]"
disclosure_x_bias,15,init_easy,LSC,exponential,25.998175872700035,29.249870998590808,0.630077265805651,0.559023066485753,14.546112731694027,34.93189048958187,0.01528592171778537,0.05262143276816594,"[[2105, 1000], [1204, 1649]]","[[214, 131], [161, 156]]"
disclosure_x_bias,16,init_easy,LSC,exponential,25.971945418119816,29.245907799945115,0.6304131182674413,0.559023066485753,14.515611600343398,34.9229856761305,0.015107656744900746,0.05262143276816594,"[[2107, 998], [1204, 1649]]","[[214, 131], [161, 156]]"
disclosure_x_bias,17,init_easy,LSC,exponential,25.88921323046153,29.145022092381303,0.6304131182674413,0.559023066485753,14.488041903226428,35.09625937970572,0.01510765674490076,0.05262143276816594,"[[2111, 994], [1208, 1645]]","[[215, 130], [162, 155]]"
disclosure_x_bias,18,init_easy,LSC,exponential,25.884589729167583,29.01966211146841,0.630581185494332,0.5575305291723203,14.522737143457707,35.02675707350938,0.014884854663322485,0.054427058818320065,"[[2105, 1000], [1201, 1652]]","[[214, 131], [162, 155]]"
disclosure_x_bias,19,init_easy,LSC,exponential,25.898708475108663,29.036203426464795,0.6307492527212227,0.5575305291723203,14.52719220975767,35.05558704092801,0.014677923430438486,0.054427058818320065,"[[2105, 1000], [1200, 1653]]","[[214, 131], [162, 155]]"
disclosure_x_bias,20,init_easy,LSC,exponential,25.791767244975187,29.013724415542463,0.6304134002594326,0.5575305291723203,14.49418079250691,35.03438536264133,0.014376135414239828,0.054427058818320065,"[[2103, 1002], [1200, 1653]]","[[214, 131], [162, 155]]"
disclosure_x_bias,21,init_easy,LSC,exponential,25.677257223983695,28.863980122382976,0.6305814674863234,0.5575305291723203,14.4562867466637,35.06029086616996,0.014621908750319703,0.054427058818320065,"[[2106, 999], [1202, 1651]]","[[214, 131], [162, 155]]"
disclosure_x_bias,22,init_easy,LSC,exponential,25.674136858221953,28.940669203302196,0.6309170379561221,0.5575305291723203,14.435068787695633,35.230549589376956,0.014774007313641048,0.054427058818320065,"[[2106, 999], [1200, 1653]]","[[214, 131], [162, 155]]"
disclosure_x_bias,23,init_easy,LSC,exponential,25.68551372900719,28.924475802250566,0.6312526084259207,0.5575305291723203,14.434977203224326,35.2147553682284,0.015083000672632135,0.054427058818320065,"[[2109, 996], [1201, 1652]]","[[214, 131], [162, 155]]"
disclosure_x_bias,24,init_easy,LSC,exponential,25.602831695412032,28.75898056443129,0.6317559641306187,0.5560153776571687,14.427351222333066,35.210912225734475,0.015316989342932267,0.054542701143771764,"[[2113, 992], [1202, 1651]]","[[214, 131], [163, 154]]"
disclosure_x_bias,25,init_easy,LSC,exponential,25.591323837499328,28.741949474741197,0.6332665952286956,0.5560153776571687,14.427337963625092,35.175712899751275,0.014282472067502718,0.054542701143771764,"[[2098, 1007], [1178, 1675]]","[[212, 133], [161, 156]]"
disclosure_x_bias,26,init_easy,LSC,exponential,25.586054944170435,28.720548538499806,0.6332665952286956,0.5560153776571687,14.439646822374787,35.10756621446046,0.014282472067502718,0.054542701143771764,"[[2099, 1006], [1179, 1674]]","[[212, 133], [161, 156]]"
disclosure_x_bias,27,init_easy,LSC,exponential,25.57362356010909,28.67739709973419,0.6334343804635949,0.5575079149706015,14.456308204985936,35.203903752025305,0.014062271899917746,0.05278865485291557,"[[2098, 1007], [1177, 1676]]","[[212, 133], [160, 157]]"
disclosure_x_bias,28,init_easy,LSC,exponential,25.49841959139506,28.563740085186243,0.6336021656984941,0.5575079149706015,14.44398582546479,35.25571609539386,0.014104984339502368,0.05278865485291557,"[[2100, 1005], [1178, 1675]]","[[212, 133], [160, 157]]"
disclosure_x_bias,29,init_easy,LSC,exponential,25.380048667656695,28.534065106120824,0.6325954542890981,0.5575079149706015,14.392292261133852,35.19314151416029,0.015659521430448808,0.05278865485291557,"[[2123, 982], [1207, 1646]]","[[215, 130], [163, 154]]"
disclosure_x_bias,30,init_easy,LSC,exponential,25.401089949633388,28.590587567125475,0.6327632395239975,0.5575079149706015,14.39655035230153,35.33009534175243,0.01572774935677121,0.05278865485291557,"[[2123, 982], [1206, 1647]]","[[215, 130], [163, 154]]"
disclosure_x_bias,31,init_easy,LSC,exponential,25.315965624208896,28.476746494113286,0.6329310247588968,0.5575079149706015,14.372212794834796,35.349822458291946,0.015951357561288532,0.05278865485291557,"[[2125, 980], [1207, 1646]]","[[215, 130], [163, 154]]"
disclosure_x_bias,32,init_easy,LSC,exponential,25.290425324167465,28.41051866210774,0.6339377361682927,0.5575079149706015,14.36975111690658,35.25417308593747,0.014227448236976366,0.05278865485291557,"[[2102, 1003], [1178, 1675]]","[[212, 133], [160, 157]]"
disclosure_x_bias,33,init_easy,LSC,exponential,25.169285622499206,28.392952741179084,0.6339377361682927,0.5575079149706015,14.346999263353231,35.42873405851371,0.014227448236976366,0.05278865485291557,"[[2102, 1003], [1178, 1675]]","[[212, 133], [160, 157]]"
disclosure_x_bias,34,init_easy,LSC,exponential,25.165505523122004,28.40763196083273,0.6334343804635949,0.5544776119402985,14.345412416123736,35.41955532499437,0.014946470695625665,0.045181448313186066,"[[2115, 990], [1194, 1659]]","[[212, 133], [162, 155]]"
disclosure_x_bias,35,init_easy,LSC,exponential,25.177922034234868,28.414757710258026,0.6337699509333935,0.552962460425147,14.350887967864132,35.42922088346159,0.014623756682390932,0.047410404086498256,"[[2118, 987], [1195, 1658]]","[[212, 133], [163, 154]]"
disclosure_x_bias,36,init_easy,LSC,exponential,25.172346179937247,28.339523571883614,0.6341055214031922,0.552962460425147,14.3734905556717,35.40226068267484,0.014822322015026455,0.047410404086498256,"[[2119, 986], [1194, 1659]]","[[212, 133], [163, 154]]"
disclosure_x_bias,37,init_easy,LSC,exponential,25.06917691508755,28.290841970115974,0.6344410918729908,0.5544776119402985,14.44151476170229,35.30222514787085,0.013996245261102512,0.05101500269049291,"[[2108, 997], [1181, 1672]]","[[212, 133], [162, 155]]"
disclosure_x_bias,38,init_easy,LSC,exponential,25.07678172642535,28.351266188780095,0.6346088771078902,0.5544776119402985,14.448946008022489,35.41531787007528,0.014070316629810084,0.05101500269049291,"[[2109, 996], [1181, 1672]]","[[212, 133], [162, 155]]"
disclosure_x_bias,39,init_easy,LSC,exponential,25.079622355063158,28.328979238763004,0.6346088771078902,0.5575079149706015,14.447955124791363,35.42383837888311,0.014225083204749061,0.058735336162099645,"[[2098, 1007], [1170, 1683]]","[[212, 133], [160, 157]]"
disclosure_x_bias,40,init_easy,LSC,exponential,25.009126054608362,28.241839586797,0.6352800180474875,0.5575079149706015,14.428630547341664,35.392211152662064,0.01373946127779829,0.058735336162099645,"[[2099, 1006], [1167, 1686]]","[[212, 133], [160, 157]]"
disclosure_x_bias,41,init_easy,LSC,exponential,24.763535785430395,28.216291761454414,0.6356155885172861,0.55599276345545,14.31481980757854,35.57982108723965,0.013955102511432702,0.05927377405697906,"[[2101, 1004], [1167, 1686]]","[[212, 133], [161, 156]]"
disclosure_x_bias,42,init_easy,LSC,exponential,24.748351396239286,28.172474795116255,0.6359511589870848,0.55599276345545,14.312144443246599,35.488836582164,0.014224750590556225,0.05927377405697906,"[[2103, 1002], [1167, 1686]]","[[212, 133], [161, 156]]"
disclosure_x_bias,43,init_easy,LSC,exponential,24.739839369938483,28.19172133147717,0.6364545146917828,0.5590230664857531,14.313967214906269,35.46598371741705,0.013686124439628595,0.056816828575236386,"[[2097, 1008], [1158, 1695]]","[[211, 134], [158, 159]]"
disclosure_x_bias,44,init_easy,LSC,exponential,24.70469925350241,28.126625351947713,0.6367900851615814,0.5544776119402985,14.294761427722303,35.49102673874662,0.01384848938361619,0.04949227103215141,"[[2110, 995], [1169, 1684]]","[[211, 134], [161, 156]]"
disclosure_x_bias,45,init_easy,LSC,exponential,24.730465305359964,28.156949128349652,0.6366222999266821,0.55599276345545,14.288338250290888,35.58509179671176,0.013825360887830172,0.04784365611268964,"[[2110, 995], [1170, 1683]]","[[211, 134], [160, 157]]"
disclosure_x_bias,46,init_easy,LSC,exponential,24.720209651974848,28.120186917056383,0.6367900851615814,0.5544776119402985,14.285671189987761,35.505179959259195,0.01384848938361619,0.04949227103215141,"[[2110, 995], [1169, 1684]]","[[211, 134], [161, 156]]"
disclosure_x_bias,47,init_easy,LSC,exponential,24.66892965153705,28.029047369202704,0.6367900851615814,0.55599276345545,14.284365734494736,35.515327770309334,0.013916086035405653,0.04784365611268964,"[[2111, 994], [1170, 1683]]","[[212, 133], [161, 156]]"
disclosure_x_bias,48,init_easy,LSC,exponential,24.593626645134755,28.019662276075554,0.6367900851615814,0.55599276345545,14.27692808955737,35.50610872097311,0.013916086035405653,0.04784365611268964,"[[2111, 994], [1170, 1683]]","[[212, 133], [161, 156]]"
disclosure_x_bias,49,init_easy,LSC,exponential,24.579752607576786,28.042832265679596,0.6377982065309344,0.55599276345545,14.271825995449008,35.51244264951616,0.012768318020116314,0.04784365611268964,"[[2120, 985], [1173, 1680]]","[[212, 133], [161, 156]]"
disclosure_x_bias,50,init_easy,LSC,exponential,24.588127215188475,28.05690628974507,0.637798488522926,0.55599276345545,14.283312812374271,35.512106256437185,0.013217820216182292,0.04784365611268964,"[[2120, 985], [1173, 1680]]","[[212, 133], [161, 156]]"
disclosure_x_bias,51,init_easy,LSC,exponential,24.589562242857504,28.143123479143185,0.6379662737578252,0.55599276345545,14.300308766711922,35.65318377418615,0.013178053036739648,0.04784365611268964,"[[2121, 984], [1173, 1680]]","[[212, 133], [161, 156]]"
disclosure_x_bias,52,init_easy,LSC,exponential,24.57206778519946,28.098293390238744,0.6383018442276239,0.5544776119402985,14.297568905645049,35.55248648175444,0.012776590192879333,0.04949227103215141,"[[2122, 983], [1172, 1681]]","[[211, 134], [161, 156]]"
disclosure_x_bias,53,init_easy,LSC,exponential,24.415622511327758,27.95462517854679,0.6383018442276239,0.5544776119402985,14.232188171570616,35.6559431335569,0.012727531656439096,0.04949227103215141,"[[2122, 983], [1172, 1681]]","[[211, 134], [161, 156]]"
disclosure_x_bias,54,init_easy,LSC,exponential,24.406330397741172,27.919645083841726,0.6383018442276239,0.5544776119402985,14.233438168117754,35.59389568342966,0.012727531656439096,0.04949227103215141,"[[2123, 982], [1173, 1680]]","[[211, 134], [161, 156]]"
disclosure_x_bias,55,init_easy,LSC,exponential,24.335867830594957,27.906809304310237,0.6386374146974225,0.5544776119402985,14.293805066985964,35.57474694289901,0.01267690655832489,0.04949227103215141,"[[2124, 981], [1172, 1681]]","[[211, 134], [161, 156]]"
disclosure_x_bias,56,init_easy,LSC,exponential,24.241462199996565,27.86044979530066,0.6396455360667758,0.5529850746268656,14.283567799434453,35.477660185093946,0.012057531845587794,0.05126107980211769,"[[2131, 974], [1173, 1680]]","[[211, 134], [162, 155]]"
disclosure_x_bias,57,init_easy,LSC,exponential,24.25538083320273,27.929768857044046,0.6393099655969771,0.5529850746268656,14.30222983244216,35.6118039748622,0.01185497249437164,0.05126107980211769,"[[2130, 975], [1174, 1679]]","[[211, 134], [162, 155]]"
disclosure_x_bias,58,init_easy,LSC,exponential,24.24924225800596,27.969386258706198,0.6396455360667758,0.5529850746268656,14.298037042713784,35.70643215163949,0.012057531845587794,0.05126107980211769,"[[2131, 974], [1173, 1680]]","[[211, 134], [162, 155]]"
disclosure_x_bias,59,init_easy,LSC,exponential,24.25441605466485,27.966743445420366,0.6394777508318763,0.5514699231117142,14.30764679578044,35.633115538610895,0.011866082434302065,0.04971870523831893,"[[2132, 973], [1175, 1678]]","[[211, 134], [163, 154]]"
disclosure_x_bias,60,init_easy,LSC,exponential,24.262669929777477,27.942308395349066,0.6394777508318763,0.5514699231117142,14.316232071973245,35.64748879072507,0.011866082434302065,0.04971870523831893,"[[2132, 973], [1175, 1678]]","[[211, 134], [163, 154]]"
disclosure_x_bias,61,init_easy,LSC,exponential,24.201275585284755,27.858222499671804,0.6404844622412724,0.5529850746268656,14.318819767694098,35.66697974049578,0.011611004272604263,0.050256023493889475,"[[2136, 969], [1173, 1680]]","[[212, 133], [163, 154]]"
disclosure_x_bias,62,init_easy,LSC,exponential,24.175014669559474,27.84571395440567,0.6403166770063731,0.5514699231117142,14.302281045008307,35.666127627642794,0.011064144353686666,0.046538784206215766,"[[2135, 970], [1173, 1680]]","[[211, 134], [163, 154]]"
disclosure_x_bias,63,init_easy,LSC,exponential,24.180345366004172,27.798600026756567,0.6401488917714737,0.5514699231117142,14.316122774222475,35.65352887672976,0.011038068312032318,0.046538784206215766,"[[2134, 971], [1173, 1680]]","[[211, 134], [163, 154]]"
disclosure_x_bias,64,init_easy,LSC,exponential,24.199859883628147,27.79630217699928,0.6401488917714737,0.5514699231117142,14.338647790698237,35.633029255596725,0.011038068312032318,0.046538784206215766,"[[2134, 971], [1173, 1680]]","[[211, 134], [163, 154]]"
disclosure_x_bias,65,init_easy,LSC,exponential,24.18795824079083,27.80566524663743,0.6403169589983644,0.5514699231117142,14.354788213995999,35.60767571869337,0.011306664779990634,0.046538784206215766,"[[2135, 970], [1173, 1680]]","[[211, 134], [163, 154]]"
disclosure_x_bias,66,init_easy,LSC,exponential,24.12659136473198,27.739883524601897,0.6404847442332638,0.5514699231117142,14.346809676670448,35.727107700448954,0.011629097715617789,0.046538784206215766,"[[2135, 970], [1172, 1681]]","[[211, 134], [163, 154]]"
disclosure_x_bias,67,init_easy,LSC,exponential,24.049609975958834,27.798023159890988,0.6406525294681631,0.5514699231117142,14.3381683495264,35.83168930277308,0.01132165438084227,0.046538784206215766,"[[2137, 968], [1173, 1680]]","[[211, 134], [163, 154]]"
disclosure_x_bias,68,init_easy,LSC,exponential,24.055732833035535,27.780106589029607,0.6406525294681631,0.5514699231117142,14.310921034349025,35.75988351746545,0.01148622838849237,0.046538784206215766,"[[2136, 969], [1172, 1681]]","[[211, 134], [163, 154]]"
disclosure_x_bias,69,init_easy,LSC,exponential,24.068666876500522,27.81480016038198,0.641155885172861,0.5514699231117142,14.309432335799329,35.766155918786936,0.011981092665510689,0.046538784206215766,"[[2137, 968], [1170, 1683]]","[[211, 134], [163, 154]]"
disclosure_x_bias,70,init_easy,LSC,exponential,23.9785865511701,27.829917305456682,0.6413236704077605,0.5529850746268656,14.258502868746998,35.781853379785126,0.011645372011044873,0.050256023493889475,"[[2139, 966], [1171, 1682]]","[[212, 133], [163, 154]]"
disclosure_x_bias,71,init_easy,LSC,exponential,23.918967593270786,27.808545432364486,0.6413236704077605,0.5529850746268656,14.248475806050125,35.740109403624444,0.011645372011044873,0.050256023493889475,"[[2139, 966], [1171, 1682]]","[[212, 133], [163, 154]]"
disclosure_x_bias,72,init_easy,LSC,exponential,23.910288536498218,27.773633952725977,0.6413236704077605,0.5499547715965626,14.2653898295217,35.74554709773661,0.011752322283611413,0.049640155982920015,"[[2137, 968], [1169, 1684]]","[[210, 135], [163, 154]]"
disclosure_x_bias,73,init_easy,LSC,exponential,23.822352255992698,27.785449242571907,0.6430037786926851,0.5514246947082768,14.332674382362299,35.760121047710335,0.011693228317393448,0.04257242515944614,"[[2162, 943], [1184, 1669]]","[[212, 133], [164, 153]]"
disclosure_x_bias,74,init_easy,LSC,exponential,23.804345760488175,27.77899896228187,0.6433393491624837,0.5514246947082768,14.32889549423714,35.75426083734746,0.011321908494112295,0.04257242515944614,"[[2164, 941], [1184, 1669]]","[[212, 133], [164, 153]]"
disclosure_x_bias,75,init_easy,LSC,exponential,23.818811135574375,27.772554205859997,0.6435071343973832,0.5529398462234283,14.343530905004972,35.71583447135551,0.011014372169268467,0.042605946914209956,"[[2165, 940], [1184, 1669]]","[[213, 132], [164, 153]]"
disclosure_x_bias,76,init_easy,LSC,exponential,23.882598034734432,28.14704024730517,0.6440104901020811,0.5529398462234283,14.277298721380735,35.87061518914916,0.010827027008752904,0.042605946914209956,"[[2165, 940], [1181, 1672]]","[[213, 132], [164, 153]]"
disclosure_x_bias,77,init_easy,LSC,exponential,23.883342635010287,28.133555741157814,0.6443460605718798,0.5514246947082768,14.276121998911917,35.78440019002622,0.01083105636876477,0.04257242515944614,"[[2168, 937], [1182, 1671]]","[[212, 133], [164, 153]]"
disclosure_x_bias,78,init_easy,LSC,exponential,23.781461589945675,28.037305695509694,0.6448496982685692,0.5514246947082768,14.277156240660307,35.917931352473666,0.010732615045545617,0.04257242515944614,"[[2172, 933], [1183, 1670]]","[[213, 132], [165, 152]]"
disclosure_x_bias,79,init_easy,LSC,exponential,23.80520973201955,28.032640308707915,0.6445141277987705,0.5514246947082768,14.282252233136889,35.86539509900465,0.011089837492032762,0.04257242515944614,"[[2166, 939], [1179, 1674]]","[[212, 133], [164, 153]]"
disclosure_x_bias,80,init_easy,LSC,exponential,23.793050523770635,28.026945531828705,0.6431695899836445,0.5469244685662595,14.285501045835979,35.975623049532835,0.011767068255603223,0.046120929966068314,"[[2142, 963], [1163, 1690]]","[[209, 136], [164, 153]]"
disclosure_x_bias,81,init_easy,LSC,exponential,23.748648639922003,27.98779280741967,0.6445141277987705,0.5499095431931252,14.257927349997079,35.898426537306605,0.011313234513797527,0.04307516381552285,"[[2169, 936], [1182, 1671]]","[[212, 133], [165, 152]]"
disclosure_x_bias,82,init_easy,LSC,exponential,23.701595305227123,27.93005084345245,0.6446821950256613,0.5499095431931252,14.261291761177105,35.911429675068,0.011422492542446547,0.04307516381552285,"[[2169, 936], [1181, 1672]]","[[212, 133], [165, 152]]"
disclosure_x_bias,83,init_easy,LSC,exponential,23.711828366140534,27.93116334431579,0.6450177654954599,0.5529398462234283,14.278480552732338,35.943536314705256,0.011126712502602772,0.046608723756062585,"[[2159, 946], [1169, 1684]]","[[212, 133], [163, 154]]"
disclosure_x_bias,84,init_easy,LSC,exponential,23.705776653304717,27.963791221620237,0.6446821950256613,0.5499095431931252,14.268203808207469,35.97929261383629,0.01190521271974325,0.04307516381552285,"[[2156, 949], [1168, 1685]]","[[210, 135], [163, 154]]"
disclosure_x_bias,85,init_easy,LSC,exponential,23.68928621806217,27.923785950772505,0.6446819130336698,0.5483943916779738,14.267846679840808,35.937092495931516,0.011914375656870167,0.04171787343175004,"[[2158, 947], [1170, 1683]]","[[210, 135], [164, 153]]"
disclosure_x_bias,86,init_easy,LSC,exponential,23.709805164849868,27.97391722517268,0.646024476904856,0.5483943916779738,14.294301464001329,35.97821596563116,0.01131118818755145,0.04171787343175004,"[[2162, 943], [1166, 1687]]","[[210, 135], [164, 153]]"
disclosure_x_bias,87,init_easy,LSC,exponential,23.681871167482164,27.991524568462637,0.6463600473746546,0.5483943916779738,14.319411248870708,35.98042946051233,0.011136696198065215,0.04171787343175004,"[[2166, 939], [1168, 1685]]","[[211, 134], [165, 152]]"
disclosure_x_bias,88,init_easy,LSC,exponential,23.6643911490661,27.989549420084224,0.6453533359652586,0.5514246947082768,14.311296262071094,35.96726434095878,0.01156611509543359,0.04257242515944614,"[[2164, 941], [1172, 1681]]","[[212, 133], [164, 153]]"
disclosure_x_bias,89,init_easy,LSC,exponential,23.666562820490515,28.012108612772785,0.6455211212001579,0.5514246947082768,14.313501465919357,36.006347336153674,0.011534142595640048,0.04257242515944614,"[[2164, 941], [1171, 1682]]","[[212, 133], [164, 153]]"
disclosure_x_bias,90,init_easy,LSC,exponential,23.72713007164821,28.437534452098095,0.6471995375331341,0.5499095431931252,14.2459029939511,36.24397207044703,0.00948003713929629,0.04307516381552285,"[[2163, 942], [1160, 1693]]","[[211, 134], [164, 153]]"
disclosure_x_bias,91,init_easy,LSC,exponential,23.707397553613582,28.353945509076517,0.6463600473746546,0.5514246947082768,14.244259032524171,36.15876112915248,0.009727431432123098,0.04257242515944614,"[[2163, 942], [1165, 1688]]","[[212, 133], [164, 153]]"
disclosure_x_bias,92,init_easy,LSC,exponential,23.71259376603368,28.38424664243154,0.6471995375331341,0.5483943916779738,14.245082238072262,36.15452124973191,0.009578512227852434,0.04171787343175004,"[[2165, 940], [1162, 1691]]","[[211, 134], [165, 152]]"
disclosure_x_bias,93,init_easy,LSC,exponential,23.710750549166967,28.38138255861163,0.6473670407760419,0.5483943916779738,14.234902862221167,36.13751619326024,0.00934926198176744,0.04171787343175004,"[[2166, 939], [1162, 1691]]","[[211, 134], [165, 152]]"
disclosure_x_bias,94,init_easy,LSC,exponential,23.682640221784247,28.377720029812377,0.6473670407760419,0.5468792401628223,14.234560321632433,36.17197757857353,0.00934926198176744,0.041499651497435196,"[[2166, 939], [1162, 1691]]","[[210, 135], [165, 152]]"
disclosure_x_bias,95,init_easy,LSC,exponential,23.68252919279814,28.348569000484048,0.6470314703062433,0.5483943916779738,14.234911536162095,36.08695746478175,0.009530236510094223,0.04292331963779388,"[[2163, 942], [1161, 1692]]","[[210, 135], [164, 153]]"
disclosure_x_bias,96,init_easy,LSC,exponential,23.61415737272033,28.38784924443197,0.6480384637076307,0.5499095431931252,14.290302035663064,36.18783924094623,0.011052105724095951,0.042478871632892656,"[[2163, 942], [1155, 1698]]","[[210, 135], [163, 154]]"
disclosure_x_bias,97,init_easy,LSC,exponential,23.608294667260356,28.38567375767257,0.64820624894253,0.5499095431931252,14.30354492107784,36.16959905232479,0.011001586212912376,0.04126044267992124,"[[2165, 940], [1156, 1697]]","[[211, 134], [164, 153]]"
disclosure_x_bias,98,init_easy,LSC,exponential,23.56426172037458,28.30437224858257,0.649212960351926,0.5483943916779738,14.310893904320432,36.28006875968338,0.009612053809788277,0.0371923990346823,"[[2163, 942], [1148, 1705]]","[[210, 135], [164, 153]]"
disclosure_x_bias,99,init_easy,LSC,exponential,23.589671305519722,28.30592431364649,0.648709604647228,0.5483943916779738,14.267504349035544,36.22655502807306,0.00992719457634631,0.0371923990346823,"[[2161, 944], [1149, 1704]]","[[210, 135], [164, 153]]"
disclosure_x_bias,100,init_easy,LSC,exponential,23.460910209886883,28.296620745782086,0.6482059669505386,0.5468792401628223,14.222351336089615,36.18861400310668,0.010030276167704605,0.03830332964321515,"[[2160, 945], [1151, 1702]]","[[209, 136], [164, 153]]"
disclosure_x_bias,101,init_easy,LSC,exponential,23.45884389364506,28.289244265808257,0.6485415374203373,0.5483943916779738,14.224014299847298,36.190997866925834,0.00987750424617212,0.0371923990346823,"[[2163, 942], [1152, 1701]]","[[210, 135], [164, 153]]"
disclosure_x_bias,102,init_easy,LSC,exponential,23.44806112299586,28.215806694567334,0.6485415374203373,0.5483943916779738,14.250308721224787,36.12837408642488,0.00987750424617212,0.0371923990346823,"[[2163, 942], [1152, 1701]]","[[210, 135], [164, 153]]"
disclosure_x_bias,103,init_easy,LSC,exponential,23.420890159005204,28.235094461734075,0.6493804635948339,0.5468792401628223,14.227911869363044,36.1638521724297,0.010509521007499304,0.03694745805459556,"[[2165, 940], [1149, 1704]]","[[208, 137], [163, 154]]"
disclosure_x_bias,104,init_easy,LSC,exponential,23.43375519250781,28.291307095180382,0.6495482488297333,0.5514246947082768,14.251247313796716,36.25558401831601,0.010901608889772433,0.04546963158646014,"[[2171, 934], [1154, 1699]]","[[211, 134], [163, 154]]"
disclosure_x_bias,105,init_easy,LSC,exponential,23.434899256047867,28.282848656104267,0.6483729062094636,0.5544097693351425,14.247264572552156,36.197659986566364,0.010902269424342257,0.044316809538224804,"[[2176, 929], [1166, 1687]]","[[213, 132], [163, 154]]"
disclosure_x_bias,106,init_easy,LSC,exponential,23.4734288093305,28.347867134208208,0.6490440471490609,0.5544097693351425,14.316784163484607,36.29719522889259,0.010973164056523137,0.044316809538224804,"[[2177, 928], [1163, 1690]]","[[213, 132], [163, 154]]"
disclosure_x_bias,107,init_easy,LSC,exponential,23.481164324333964,28.309976276999958,0.6487084766792623,0.5544097693351425,14.322641133643936,36.21661587192332,0.011127731435086639,0.044316809538224804,"[[2176, 929], [1164, 1689]]","[[213, 132], [163, 154]]"
disclosure_x_bias,108,init_easy,LSC,exponential,23.473169552583023,28.338918385938506,0.6488762619141617,0.5528946178199909,14.332734893988162,36.243039073068225,0.010779910588258442,0.04011193210880474,"[[2174, 931], [1161, 1692]]","[[212, 133], [163, 154]]"
disclosure_x_bias,109,init_easy,LSC,exponential,23.475473130067964,28.368343461729694,0.6493796176188597,0.5528946178199909,14.340036140694677,36.29615496253172,0.010541045296509217,0.04011193210880474,"[[2173, 932], [1157, 1696]]","[[212, 133], [163, 154]]"
disclosure_x_bias,110,init_easy,LSC,exponential,23.39785916852342,28.35754060022133,0.6492118323839603,0.5513794663048394,14.383808464847037,36.249173471229305,0.010818708677130277,0.041327834323559444,"[[2172, 933], [1157, 1696]]","[[211, 134], [163, 154]]"
disclosure_x_bias,111,init_easy,LSC,exponential,23.345303790277185,28.361177841790493,0.6498829733235576,0.5528946178199909,14.403440333188605,36.323760283016576,0.010510116148680297,0.04011193210880474,"[[2175, 930], [1156, 1697]]","[[212, 133], [163, 154]]"
disclosure_x_bias,112,init_easy,LSC,exponential,23.362421043849107,28.330997313206694,0.649547402853759,0.5528946178199909,14.41047292354406,36.24497009596122,0.010700664296404903,0.04011193210880474,"[[2173, 932], [1156, 1697]]","[[212, 133], [163, 154]]"
disclosure_x_bias,113,init_easy,LSC,exponential,23.335194572708858,28.312788648497282,0.6503863290282557,0.5544097693351425,14.414490516528836,36.354180807173876,0.010834259368582807,0.04008582280476247,"[[2170, 935], [1148, 1705]]","[[212, 133], [162, 155]]"
disclosure_x_bias,114,init_easy,LSC,exponential,23.444615421273365,28.7485262896128,0.6505541142631549,0.555924920850294,14.332810093608781,36.558048352179426,0.010712890414339152,0.03999597182361288,"[[2170, 935], [1147, 1706]]","[[212, 133], [161, 156]]"
disclosure_x_bias,115,init_easy,LSC,exponential,23.417489964304124,28.695851042743165,0.6502185437933563,0.555924920850294,14.340562698276512,36.562244261832845,0.011344255621022486,0.03999597182361288,"[[2171, 934], [1150, 1703]]","[[212, 133], [161, 156]]"
disclosure_x_bias,116,init_easy,LSC,exponential,23.43195730562027,28.73499507062063,0.6512252552027522,0.555924920850294,14.338757768628493,36.55592215202958,0.010779227817935362,0.03999597182361288,"[[2176, 929], [1149, 1704]]","[[212, 133], [161, 156]]"
disclosure_x_bias,117,init_easy,LSC,exponential,23.43536182256258,28.737531823295832,0.6515608256725509,0.555924920850294,14.335883759678419,36.564378040093594,0.01099583746984258,0.03999597182361288,"[[2169, 936], [1140, 1713]]","[[211, 134], [160, 157]]"
disclosure_x_bias,118,init_easy,LSC,exponential,23.4391877353028,28.76702348694571,0.6515608256725509,0.555924920850294,14.348062647977924,36.601827159956486,0.01099583746984258,0.03999597182361288,"[[2170, 935], [1141, 1712]]","[[211, 134], [160, 157]]"
disclosure_x_bias,119,init_easy,LSC,exponential,23.423765522149765,28.76261740875655,0.6515608256725509,0.555924920850294,14.336005929457313,36.58135881494622,0.01099583746984258,0.03999597182361288,"[[2170, 935], [1141, 1712]]","[[211, 134], [160, 157]]"
disclosure_x_bias,120,init_easy,LSC,exponential,23.36042165963673,28.770359129541767,0.6515608256725509,0.555924920850294,14.30836001448318,36.58102558092621,0.01099583746984258,0.03999597182361288,"[[2169, 936], [1140, 1713]]","[[211, 134], [160, 157]]"
disclosure_x_bias,121,init_easy,LSC,exponential,23.318769977405637,28.796719928995895,0.6517286109074503,0.5544097693351425,14.350864356739159,36.63145319880597,0.011168569304811724,0.04133888720074022,"[[2169, 936], [1139, 1714]]","[[210, 135], [160, 157]]"
disclosure_x_bias,122,init_easy,LSC,exponential,23.305706946349282,28.799104046399787,0.6520641813772489,0.5544097693351425,14.344786158350601,36.66223160720562,0.011306063694768729,0.04133888720074022,"[[2169, 936], [1137, 1716]]","[[210, 135], [160, 157]]"
disclosure_x_bias,123,init_easy,LSC,exponential,23.30286857583793,28.745681623618715,0.6520641813772489,0.5544097693351425,14.365658318794605,36.60378825425356,0.011660181948085315,0.04133888720074022,"[[2168, 937], [1136, 1717]]","[[210, 135], [160, 157]]"
disclosure_x_bias,124,init_easy,LSC,exponential,23.291628944615802,28.778510801149167,0.6520641813772489,0.5544097693351425,14.346875743083105,36.642379751132836,0.011660181948085315,0.04133888720074022,"[[2168, 937], [1136, 1717]]","[[210, 135], [160, 157]]"
disclosure_x_bias,125,init_easy,LSC,exponential,23.28372193532914,28.770767283597035,0.6530708927866449,0.5544097693351425,14.338488454459759,36.59267705300673,0.010425706695619088,0.04133888720074022,"[[2170, 935], [1132, 1721]]","[[210, 135], [160, 157]]"
disclosure_x_bias,126,init_easy,LSC,exponential,23.319777682692866,28.79903118603575,0.6529031075517455,0.555924920850294,14.327588950183847,36.663035301745055,0.010234341305661854,0.039353050194170236,"[[2165, 940], [1128, 1725]]","[[210, 135], [159, 158]]"
disclosure_x_bias,127,init_easy,LSC,exponential,23.316378738520847,28.76731104522625,0.6527350403248547,0.5574400723654456,14.318130086112271,36.63325778897685,0.010384346348239563,0.03984194791978198,"[[2165, 940], [1129, 1724]]","[[211, 134], [159, 158]]"
disclosure_x_bias,128,init_easy,LSC,exponential,23.32826919059574,28.75712814476853,0.6525675370819469,0.5574400723654456,14.336014378328723,36.627983384528115,0.010357701628113997,0.03984194791978198,"[[2165, 940], [1130, 1723]]","[[211, 134], [159, 158]]"
disclosure_x_bias,129,init_easy,LSC,exponential,23.311895561110763,28.749421397538896,0.6525672550899555,0.5574400723654456,14.329576603592958,36.61240706088096,0.010724577396170247,0.03984194791978198,"[[2165, 940], [1130, 1723]]","[[211, 134], [159, 158]]"
disclosure_x_bias,130,init_easy,LSC,exponential,23.304049522005492,28.779345786858563,0.6532386780215442,0.5574400723654456,14.330290342395553,36.67159829686764,0.010610674742956818,0.03984194791978198,"[[2164, 941], [1125, 1728]]","[[211, 134], [159, 158]]"
disclosure_x_bias,131,init_easy,LSC,exponential,23.269175293001158,28.68055529669808,0.6534064632564436,0.5574400723654456,14.341636082801863,36.633459558228544,0.010435887494951444,0.03984194791978198,"[[2165, 940], [1125, 1728]]","[[211, 134], [159, 158]]"
disclosure_x_bias,132,init_easy,LSC,exponential,23.26596450413573,28.7171611778599,0.6537420337262422,0.5574400723654456,14.339469041954027,36.72391171267366,0.010523625272212456,0.03984194791978198,"[[2168, 937], [1126, 1727]]","[[211, 134], [159, 158]]"
disclosure_x_bias,133,init_easy,LSC,exponential,23.194977076681678,28.704430040452717,0.6542456714229317,0.5589326096788783,14.376714789359474,36.65375862804198,0.01051760221591863,0.039904964505714395,"[[2166, 939], [1121, 1732]]","[[211, 134], [158, 159]]"
disclosure_x_bias,134,init_easy,LSC,exponential,23.179788273596706,28.689176812069423,0.653910100953133,0.5559023066485753,14.371600021421637,36.63760937013522,0.01103034600423008,0.03256964993026546,"[[2163, 942], [1120, 1733]]","[[209, 136], [158, 159]]"
disclosure_x_bias,135,init_easy,LSC,exponential,23.193869582296294,28.728097612468833,0.6537423157182336,0.5559023066485753,14.377307108407171,36.720205416913736,0.011007079809093089,0.03256964993026546,"[[2161, 944], [1119, 1734]]","[[209, 136], [158, 159]]"
disclosure_x_bias,136,init_easy,LSC,exponential,23.17672422076799,28.65049986035178,0.6544134566578309,0.5543871551334238,14.382977567775834,36.617049408138264,0.010503304562962916,0.03494205188447516,"[[2162, 943], [1116, 1737]]","[[208, 137], [158, 159]]"
disclosure_x_bias,137,init_easy,LSC,exponential,23.2217681785247,28.729290806815307,0.6544134566578309,0.5498643147896879,14.433200569138553,36.653841512098985,0.011195255487741671,0.034492444558664015,"[[2164, 941], [1118, 1735]]","[[207, 138], [160, 157]]"
disclosure_x_bias,138,init_easy,LSC,exponential,23.251789929834292,28.83735274240309,0.6545812418927303,0.5498643147896879,14.426718713011876,36.94715635018306,0.011234848951028957,0.034492444558664015,"[[2164, 941], [1117, 1736]]","[[207, 138], [160, 157]]"
disclosure_x_bias,139,init_easy,LSC,exponential,23.239498278444906,28.82074715311159,0.6544137386498223,0.5513568521031208,14.433884373976774,36.92338140202489,0.011185230877559568,0.034926794880016536,"[[2164, 941], [1118, 1735]]","[[207, 138], [159, 158]]"
disclosure_x_bias,140,init_easy,LSC,exponential,23.239449824528762,28.784430230297147,0.6557560205290169,0.5498417005879692,14.44514648097191,36.88200345577812,0.009343197321402102,0.031743265670634443,"[[2160, 945], [1106, 1747]]","[[206, 139], [159, 158]]"
disclosure_x_bias,141,init_easy,LSC,exponential,23.207188519301166,28.823368092306197,0.6555882352941176,0.5498417005879692,14.42750399169046,36.94274567471712,0.009081084291285131,0.031743265670634443,"[[2158, 947], [1105, 1748]]","[[206, 139], [159, 158]]"
disclosure_x_bias,142,init_easy,LSC,exponential,23.20929808937759,28.828838095560997,0.6557560205290169,0.5483265490728177,14.427082998962428,36.98097614838077,0.009140117696905899,0.034618043420621046,"[[2158, 947], [1104, 1749]]","[[205, 140], [159, 158]]"
disclosure_x_bias,143,init_easy,LSC,exponential,23.182577577234902,28.863409064005026,0.6559238057639163,0.5483265490728177,14.452143620542996,37.013322542036946,0.009023683513333127,0.034618043420621046,"[[2158, 947], [1103, 1750]]","[[205, 140], [159, 158]]"
disclosure_x_bias,144,init_easy,LSC,exponential,23.180244950257215,28.877276327526907,0.6554204500592183,0.5498417005879692,14.458244420714742,37.05691482556519,0.007869838101297042,0.0348094200692556,"[[2159, 946], [1107, 1746]]","[[207, 138], [160, 157]]"
disclosure_x_bias,145,init_easy,LSC,exponential,23.175441190759962,28.846936848072907,0.6557560205290169,0.5483265490728177,14.45235725429246,36.994328027842684,0.009071414257003781,0.034618043420621046,"[[2157, 948], [1103, 1750]]","[[205, 140], [159, 158]]"
disclosure_x_bias,146,init_easy,LSC,exponential,23.178515542527677,28.87018964115926,0.6557560205290169,0.5483265490728177,14.446816349293416,37.00251072144994,0.009071414257003781,0.034618043420621046,"[[2157, 948], [1103, 1750]]","[[205, 140], [159, 158]]"
disclosure_x_bias,147,init_easy,LSC,exponential,23.192215650833642,28.866557612276473,0.6559238057639163,0.5483265490728177,14.462336545795397,36.97610310527048,0.009127083679110295,0.034618043420621046,"[[2157, 948], [1102, 1751]]","[[205, 140], [159, 158]]"
disclosure_x_bias,148,init_easy,LSC,exponential,23.179242617090487,28.881324222013557,0.6559238057639163,0.5483265490728177,14.452674597537904,37.01472476420104,0.009127083679110295,0.034618043420621046,"[[2157, 948], [1102, 1751]]","[[205, 140], [159, 158]]"
disclosure_x_bias,149,init_easy,LSC,exponential,23.22145367059011,28.868278468897905,0.6559238057639163,0.5498417005879692,14.479380073762,36.9979440482382,0.009127083679110295,0.036245360125381584,"[[2157, 948], [1102, 1751]]","[[206, 139], [159, 158]]"
disclosure_x_bias,150,init_easy,LSC,exponential,23.220057991975445,28.871791987888884,0.6560913090068242,0.5483265490728177,14.487890175750422,37.01575303712776,0.008259180957906155,0.033873200730690466,"[[2166, 939], [1110, 1743]]","[[207, 138], [161, 156]]"
disclosure_x_bias,151,init_easy,LSC,exponential,23.12673250859732,28.762743522697292,0.6557560205290169,0.5468340117593848,14.524225242657755,36.833132747441205,0.007930765146553989,0.030052119598167778,"[[2166, 939], [1112, 1741]]","[[207, 138], [162, 155]]"
disclosure_x_bias,152,init_easy,LSC,exponential,23.103038181184793,28.816515518124113,0.656259376233715,0.5453188602442334,14.469209608843151,36.94232631366481,0.008261419124357565,0.032920768653926714,"[[2167, 938], [1110, 1743]]","[[206, 139], [162, 155]]"
disclosure_x_bias,153,init_easy,LSC,exponential,23.173235724028793,28.810266053969617,0.6562599402176978,0.5498417005879692,14.519731386457236,36.8980077579052,0.007926070995191086,0.0348094200692556,"[[2161, 944], [1104, 1749]]","[[207, 138], [160, 157]]"
disclosure_x_bias,154,init_easy,LSC,exponential,23.243606148028444,29.31616487338696,0.6564277254525972,0.5483265490728177,14.444164794787515,37.25508584338224,0.008171646039409569,0.033873200730690466,"[[2166, 939], [1108, 1745]]","[[207, 138], [161, 156]]"
disclosure_x_bias,155,init_easy,LSC,exponential,23.238036448739827,29.28273348068779,0.655589081270092,0.5498417005879692,14.461310982897523,37.22138949658927,0.009484358033686873,0.0348094200692556,"[[2165, 940], [1112, 1741]]","[[207, 138], [160, 157]]"
disclosure_x_bias,156,init_easy,LSC,exponential,23.22561419309766,29.29452635899089,0.6562599402176978,0.5483265490728177,14.45847102540952,37.25629161675841,0.010080160864071609,0.033873200730690466,"[[2171, 934], [1114, 1739]]","[[207, 138], [161, 156]]"
disclosure_x_bias,157,init_easy,LSC,exponential,23.22326323308225,29.274182816687954,0.6567632959223958,0.5483265490728177,14.458764909995399,37.21939682747214,0.007671673791676516,0.032332078848736914,"[[2161, 944], [1101, 1752]]","[[206, 139], [160, 157]]"
disclosure_x_bias,158,init_easy,LSC,exponential,23.21448072339867,29.29700763285511,0.6574344368619931,0.5498417005879692,14.459361921355203,37.263608940496404,0.00824080800918212,0.03406876168908316,"[[2161, 944], [1097, 1756]]","[[207, 138], [160, 157]]"
disclosure_x_bias,159,init_easy,LSC,exponential,23.20711735608484,29.253581518131664,0.6576025040888839,0.5513568521031208,14.455182601428776,37.18453168665136,0.008976965434722622,0.03635809958800731,"[[2162, 943], [1097, 1756]]","[[208, 137], [160, 157]]"
disclosure_x_bias,160,init_easy,LSC,exponential,23.18248855632966,29.296881264233207,0.6574347188539845,0.5498643147896879,14.482734341925374,37.2907593108843,0.00834047749539613,0.0359410508568297,"[[2160, 945], [1096, 1757]]","[[208, 137], [161, 156]]"
disclosure_x_bias,161,init_easy,LSC,exponential,23.047849995425985,29.227834799501828,0.6574347188539845,0.5498417005879692,14.464291386345094,37.27984583740845,0.00845223977345,0.0348094200692556,"[[2163, 942], [1099, 1754]]","[[208, 137], [161, 156]]"
disclosure_x_bias,162,init_easy,LSC,exponential,23.06238613454636,29.205661544001327,0.6576027860808753,0.5483491632745364,14.446748564486851,37.22903613496787,0.008084680116339449,0.0335485152564103,"[[2161, 944], [1096, 1757]]","[[207, 138], [161, 156]]"
disclosure_x_bias,163,init_easy,LSC,exponential,23.118172809917326,29.24227200379956,0.6574347188539845,0.5498417005879692,14.486341847047383,37.302337912576995,0.009231372232762294,0.03762654030972432,"[[2159, 946], [1095, 1758]]","[[206, 139], [159, 158]]"
disclosure_x_bias,164,init_easy,LSC,exponential,23.100834846688677,29.176749890808377,0.6567635779143872,0.5498417005879692,14.483832725850466,37.15382653777788,0.009147102565181375,0.03762654030972432,"[[2160, 945], [1100, 1753]]","[[206, 139], [159, 158]]"
disclosure_x_bias,165,init_easy,LSC,exponential,23.126070992055524,29.276222075435953,0.6570991483841859,0.5468113975576662,14.495108809419628,37.41752053714077,0.00785714146780082,0.032046450772932944,"[[2164, 941], [1102, 1751]]","[[206, 139], [161, 156]]"
disclosure_x_bias,166,init_easy,LSC,exponential,23.104414938541904,29.274101629337707,0.6574347188539845,0.5468113975576662,14.494239033565586,37.405608110136555,0.007996744346967517,0.032046450772932944,"[[2165, 940], [1101, 1752]]","[[206, 139], [161, 156]]"
disclosure_x_bias,167,init_easy,LSC,exponential,23.102060983721852,29.2818386661368,0.6577705713157747,0.5498643147896879,14.4995278262724,37.42870289795011,0.007419664285699753,0.038675831559445935,"[[2159, 946], [1093, 1760]]","[[206, 139], [159, 158]]"
disclosure_x_bias,168,init_easy,LSC,exponential,23.107657433652797,29.28906719687733,0.6576025040888839,0.5483491632745364,14.504034752609096,37.430239435105946,0.007620966650341623,0.03715614200319196,"[[2163, 942], [1098, 1755]]","[[206, 139], [160, 157]]"
disclosure_x_bias,169,init_easy,LSC,exponential,23.11403589197107,29.295709549950935,0.6576025040888839,0.5468340117593848,14.516719541963887,37.4599734073609,0.007620966650341623,0.03327447523949848,"[[2161, 944], [1096, 1757]]","[[206, 139], [161, 156]]"
disclosure_x_bias,170,init_easy,LSC,exponential,23.11167719580753,29.30908921605294,0.6576025040888839,0.5498643147896879,14.510695620803574,37.45044843414041,0.007620966650341623,0.038675831559445935,"[[2159, 946], [1094, 1759]]","[[206, 139], [159, 158]]"
disclosure_x_bias,171,init_easy,LSC,exponential,23.096793139599693,29.275334680534154,0.6581067057695561,0.5452962460425147,14.508483042285576,37.41733606160644,0.00826056763342527,0.03086211218986316,"[[2167, 938], [1099, 1754]]","[[205, 140], [161, 156]]"
disclosure_x_bias,172,init_easy,LSC,exponential,23.051242262920457,29.267477155901577,0.6579386385426653,0.5498417005879692,14.50529469081354,37.42487739911587,0.00810924506977823,0.03762654030972432,"[[2166, 939], [1099, 1754]]","[[206, 139], [159, 158]]"
disclosure_x_bias,173,init_easy,LSC,exponential,23.035511703667925,29.270407325925568,0.6577708533077661,0.5483265490728177,14.493004767918219,37.41687394836789,0.00847077167918179,0.036762134566195495,"[[2165, 940], [1099, 1754]]","[[205, 140], [159, 158]]"
disclosure_x_bias,174,init_easy,LSC,exponential,23.059558851940498,29.283350792993808,0.6576030680728667,0.5483265490728177,14.481357719289251,37.431661695454395,0.009127754781183788,0.036762134566195495,"[[2167, 938], [1102, 1751]]","[[205, 140], [159, 158]]"
disclosure_x_bias,175,init_easy,LSC,exponential,23.02540382799378,29.239410463920525,0.6584419942473634,0.5483265490728177,14.532878852882854,37.44340352147377,0.00894053760051452,0.036762134566195495,"[[2165, 940], [1095, 1758]]","[[205, 140], [159, 158]]"
disclosure_x_bias,176,init_easy,LSC,exponential,23.005752936923354,29.239505706539763,0.6584419942473634,0.5483265490728177,14.511254101155057,37.40425124002505,0.00894053760051452,0.036762134566195495,"[[2167, 938], [1097, 1756]]","[[205, 140], [159, 158]]"
disclosure_x_bias,177,init_easy,LSC,exponential,23.01116726710628,29.24989047483063,0.6584419942473634,0.5498417005879692,14.518165703160927,37.445307692831165,0.00894053760051452,0.03762654030972432,"[[2166, 939], [1096, 1757]]","[[206, 139], [159, 158]]"
disclosure_x_bias,178,init_easy,LSC,exponential,23.016407387709734,29.26750109677905,0.6582739270204726,0.5513342379014021,14.523435801892335,37.43230108480529,0.009156385426992137,0.0386715339162677,"[[2167, 938], [1098, 1755]]","[[207, 138], [159, 158]]"
disclosure_x_bias,179,init_easy,LSC,exponential,23.008357062347354,29.27318543874093,0.6584419942473634,0.5498417005879692,14.526615148577868,37.495954456026304,0.00894053760051452,0.03762654030972432,"[[2166, 939], [1096, 1757]]","[[206, 139], [159, 158]]"
disclosure_x_bias,180,init_easy,LSC,exponential,23.00704887177326,29.268913090126755,0.6582739270204726,0.5513342379014021,14.53869307233179,37.4513497034895,0.009156385426992137,0.0386715339162677,"[[2166, 939], [1097, 1756]]","[[207, 138], [159, 158]]"
disclosure_x_bias,181,init_easy,LSC,exponential,23.005676251377896,29.28499664251968,0.6587781287011449,0.5513342379014021,14.54205651371982,37.50017772502238,0.009722644350628471,0.0386715339162677,"[[2164, 941], [1092, 1761]]","[[207, 138], [159, 158]]"
disclosure_x_bias,182,init_easy,LSC,exponential,22.98152168270645,29.231197155298986,0.6589461959280356,0.5513116236996833,14.548333986222005,37.49210996802677,0.009509748737428481,0.03956666079337157,"[[2166, 939], [1093, 1760]]","[[206, 139], [158, 159]]"
disclosure_x_bias,183,init_easy,LSC,exponential,23.01868858613829,29.247756645215624,0.6589461959280356,0.5498190863862505,14.555721591755713,37.49536261707937,0.009343839351209988,0.03789737346809807,"[[2166, 939], [1093, 1760]]","[[206, 139], [159, 158]]"
disclosure_x_bias,184,init_easy,LSC,exponential,23.031238813904213,29.257533090722298,0.6584428402233377,0.5513116236996833,14.558772095028125,37.44706673255298,0.0093185571402634,0.041455593759211665,"[[2166, 939], [1096, 1757]]","[[206, 139], [158, 159]]"
disclosure_x_bias,185,init_easy,LSC,exponential,23.017954983203058,29.210569954866276,0.6591142631549264,0.5513116236996833,14.553528407685677,37.44835802670597,0.00915301991457081,0.04083565906653688,"[[2165, 940], [1091, 1762]]","[[205, 140], [157, 160]]"
disclosure_x_bias,186,init_easy,LSC,exponential,23.0009989329524,29.242406719417914,0.6594495516327337,0.5528041610131162,14.532718320573855,37.51792751171648,0.009065654295897452,0.0435020612974351,"[[2166, 939], [1090, 1763]]","[[206, 139], [157, 160]]"
disclosure_x_bias,187,init_easy,LSC,exponential,23.02310939582693,29.267178115182087,0.6594495516327337,0.5513116236996833,14.5836377003615,37.50122421783905,0.009168581141561973,0.03956666079337157,"[[2168, 937], [1092, 1761]]","[[206, 139], [158, 159]]"
disclosure_x_bias,188,init_easy,LSC,exponential,23.017474274168798,29.265167127845825,0.6592817663978343,0.5528267752148349,14.556356506855156,37.53476889719826,0.009778810258987749,0.04024638974907638,"[[2168, 937], [1093, 1760]]","[[207, 138], [158, 159]]"
disclosure_x_bias,189,init_easy,LSC,exponential,23.00769017909176,29.214049042988346,0.6594495516327337,0.5497964721845319,14.555227321345125,37.38981823903325,0.009404364001267127,0.04073344439375246,"[[2168, 937], [1092, 1761]]","[[205, 140], [158, 159]]"
disclosure_x_bias,190,init_easy,LSC,exponential,23.01988889022787,29.24211355787857,0.6594495516327337,0.5528267752148349,14.567021191720556,37.44007061188475,0.009236561862539879,0.04024638974907638,"[[2168, 937], [1092, 1761]]","[[207, 138], [158, 159]]"
disclosure_x_bias,191,init_easy,LSC,exponential,22.980524642060413,29.204022546986558,0.6592817663978343,0.5528267752148349,14.557510265627805,37.393175956014005,0.00925286825542845,0.04024638974907638,"[[2167, 938], [1092, 1761]]","[[207, 138], [158, 159]]"
disclosure_x_bias,192,init_easy,LSC,exponential,22.973270831206108,29.204102143544326,0.6592820483898257,0.5528041610131162,14.556692076165723,37.41340711516879,0.009474785270931296,0.0435020612974351,"[[2167, 938], [1092, 1761]]","[[206, 139], [157, 160]]"
disclosure_x_bias,193,init_easy,LSC,exponential,22.91655297279325,29.14673960246135,0.659617336867633,0.5512890094979647,14.5974333932949,37.40572491998235,0.009871216851980827,0.04404693358902919,"[[2167, 938], [1090, 1763]]","[[205, 140], [157, 160]]"
disclosure_x_bias,194,init_easy,LSC,exponential,22.957094249123664,29.16352688265486,0.6597856860865152,0.5512890094979647,14.615119490390788,37.475376971926686,0.009538401403978625,0.042873091252388626,"[[2168, 937], [1090, 1763]]","[[205, 140], [157, 160]]"
disclosure_x_bias,195,init_easy,LSC,exponential,22.966279720353164,29.195890288257782,0.6604562630421296,0.5528041610131162,14.638836683769506,37.554447608106884,0.00899550464879167,0.04291170160452097,"[[2166, 939], [1084, 1769]]","[[206, 139], [157, 160]]"
disclosure_x_bias,196,init_easy,LSC,exponential,22.9724693383208,29.183327582324846,0.6604565450341211,0.5512890094979647,14.608848591321962,37.505837519167784,0.009053585576783275,0.04404693358902919,"[[2166, 939], [1084, 1769]]","[[205, 140], [157, 160]]"
disclosure_x_bias,197,init_easy,LSC,exponential,22.939178745787338,29.17813701135983,0.6602884778072303,0.5497738579828132,14.618445783751971,37.451452585567296,0.008893456498084186,0.043367078005707896,"[[2166, 939], [1085, 1768]]","[[204, 141], [157, 160]]"
disclosure_x_bias,198,init_easy,LSC,exponential,22.94752671652764,29.190473015169268,0.660792961479894,0.5528041610131162,14.634783967148906,37.50351693537168,0.009072281011333097,0.04291170160452097,"[[2166, 939], [1082, 1771]]","[[206, 139], [157, 160]]"
disclosure_x_bias,199,init_easy,LSC,exponential,22.933506206119855,29.206562442770498,0.660792961479894,0.5512890094979647,14.624257173908804,37.47243172041166,0.009673005570590976,0.04227394884565772,"[[2167, 938], [1083, 1770]]","[[205, 140], [157, 160]]"
disclosure_x_bias,200,init_easy,LSC,exponential,22.731965447467697,28.42592578673367,0.6607932434718855,0.5512890094979647,14.567627395263907,35.67689612106683,0.01001258331020059,0.04404693358902919,"[[2165, 940], [1081, 1772]]","[[205, 140], [157, 160]]"
disclosure_x_bias,201,init_easy,LSC,exponential,22.83961071026154,29.03960608852982,0.6602890417912131,0.5497738579828132,14.493807223672738,36.30582283962147,0.009384778682936204,0.04565921883776122,"[[2162, 943], [1081, 1772]]","[[203, 142], [156, 161]]"
disclosure_x_bias,202,init_easy,LSC,exponential,22.840086493581058,29.021729565932038,0.6611288139416841,0.5512890094979647,14.532561370366487,36.21716277729643,0.009795751955161172,0.04404693358902919,"[[2168, 937], [1082, 1771]]","[[205, 140], [157, 160]]"
disclosure_x_bias,203,init_easy,LSC,exponential,22.84535722646408,29.03862890988531,0.6606243302690203,0.5512890094979647,14.52830179876379,36.2678335992905,0.008907923450128395,0.04404693358902919,"[[2168, 937], [1085, 1768]]","[[205, 140], [157, 160]]"
disclosure_x_bias,204,init_easy,LSC,exponential,22.834423669653713,29.033406113998247,0.660792961479894,0.5497738579828132,14.50685230128326,36.23518846670048,0.009575502307033442,0.043367078005707854,"[[2166, 939], [1082, 1771]]","[[204, 141], [157, 160]]"
disclosure_x_bias,205,init_easy,LSC,exponential,22.907978480280555,29.033947810163397,0.6606246122610118,0.5543193125282677,14.561701131600023,36.27721562327803,0.008965509536161907,0.04168446221725198,"[[2162, 943], [1079, 1774]]","[[206, 139], [156, 161]]"
disclosure_x_bias,206,init_easy,LSC,exponential,22.839189334781427,29.016574004784893,0.6614638204274998,0.5543193125282677,14.514966087682755,36.236448363995315,0.009934260664185146,0.0434814902910718,"[[2163, 942], [1075, 1778]]","[[205, 140], [155, 162]]"
disclosure_x_bias,207,init_easy,LSC,exponential,22.837863346671586,29.032203027868086,0.6612957532006091,0.5528041610131162,14.52004645242938,36.28066103844055,0.00809540067836129,0.04231310591371295,"[[2165, 940], [1078, 1775]]","[[205, 140], [156, 161]]"
disclosure_x_bias,208,init_easy,LSC,exponential,22.839623868639894,29.045010992313344,0.6617993908972986,0.5558344640434193,14.518050433648712,36.263734031263915,0.009260758208067453,0.0422104102494349,"[[2168, 937], [1078, 1775]]","[[207, 138], [156, 161]]"
disclosure_x_bias,209,init_easy,LSC,exponential,22.835425904512668,29.051750219695073,0.6623024646100051,0.5543193125282677,14.524800498987497,36.323750406759345,0.007915918096209106,0.04289084745493165,"[[2166, 939], [1073, 1780]]","[[206, 139], [156, 161]]"
disclosure_x_bias,210,init_easy,LSC,exponential,22.865514823047896,29.100042940699364,0.6619668941402064,0.5543193125282677,14.584358427321161,36.35676806750755,0.010355900353039503,0.04289084745493165,"[[2163, 942], [1072, 1781]]","[[206, 139], [156, 161]]"
disclosure_x_bias,211,init_easy,LSC,exponential,22.85945697127939,29.043331546608936,0.6629741695335852,0.5543193125282677,14.592931242396556,36.32663258206265,0.008508837151717944,0.04168446221725197,"[[2167, 938], [1070, 1783]]","[[206, 139], [156, 161]]"
disclosure_x_bias,212,init_easy,LSC,exponential,22.86117520254358,29.06815141365508,0.6629741695335852,0.5543193125282677,14.604388733944015,36.344253843051895,0.009933549334854911,0.04168446221725197,"[[2165, 940], [1068, 1785]]","[[206, 139], [156, 161]]"
disclosure_x_bias,213,init_easy,LSC,exponential,22.84070794184848,29.005380619559496,0.6626385990637866,0.5528041610131162,14.573110174609681,36.207937024157566,0.009284624318667011,0.04231310591371295,"[[2166, 939], [1071, 1782]]","[[205, 140], [156, 161]]"
disclosure_x_bias,214,init_easy,LSC,exponential,22.85473631325098,29.05907446950486,0.6631419547684846,0.5528041610131162,14.585082359998946,36.2791268729179,0.009225552561262316,0.04231310591371295,"[[2166, 939], [1068, 1785]]","[[205, 140], [156, 161]]"
disclosure_x_bias,215,init_easy,LSC,exponential,22.837887245935228,29.039891479749446,0.6633097400033839,0.5512890094979647,14.574906929486115,36.23782088397072,0.009727835497910809,0.041666191912327774,"[[2171, 934], [1072, 1781]]","[[205, 140], [157, 160]]"
disclosure_x_bias,216,init_easy,LSC,exponential,22.83091851025527,29.041261451458023,0.6633097400033839,0.5528041610131162,14.590602034271921,36.2393105642947,0.008992643642004382,0.04231310591371295,"[[2163, 942], [1064, 1789]]","[[205, 140], [156, 161]]"
disclosure_x_bias,217,init_easy,LSC,exponential,22.814926669200812,29.034466067948113,0.6636453104731825,0.5528041610131162,14.58848192811183,36.2528939312076,0.008533416496744493,0.04108976182705836,"[[2170, 935], [1069, 1784]]","[[206, 139], [157, 160]]"
disclosure_x_bias,218,init_easy,LSC,exponential,22.846570736879816,29.1419318289228,0.663309176019401,0.5528041610131162,14.600698250707639,36.48861369182668,0.00887728386465193,0.04108976182705836,"[[2170, 935], [1071, 1782]]","[[206, 139], [157, 160]]"
disclosure_x_bias,219,init_easy,LSC,exponential,22.843735738430972,29.141889262812548,0.6636453104731825,0.5528041610131162,14.60460722284913,36.4736874388025,0.008533416496744493,0.04108976182705836,"[[2169, 936], [1068, 1785]]","[[206, 139], [157, 160]]"
disclosure_x_bias,220,init_easy,LSC,exponential,22.825735839289106,29.130471013278775,0.6639811629349726,0.5528041610131162,14.600965034715175,36.48808356588976,0.00869357685420802,0.04108976182705836,"[[2170, 935], [1067, 1786]]","[[206, 139], [157, 160]]"
disclosure_x_bias,221,init_easy,LSC,exponential,22.831066551923062,29.132312358354323,0.6636450284811911,0.5497738579828132,14.591538970771996,36.49911861302928,0.008361269485333922,0.0415651037188901,"[[2170, 935], [1069, 1784]]","[[204, 141], [157, 160]]"
disclosure_x_bias,222,init_easy,LSC,exponential,22.825954348240455,29.130852535124767,0.6636450284811911,0.5512890094979647,14.610216552565994,36.49536132625075,0.008727359386548778,0.04104943782738782,"[[2169, 936], [1068, 1785]]","[[205, 140], [157, 160]]"
disclosure_x_bias,223,init_easy,LSC,exponential,22.82447802088347,29.12339522916316,0.6639808809429812,0.5512890094979647,14.611759656650756,36.457371684749354,0.008561291767403594,0.04104943782738782,"[[2173, 932], [1070, 1783]]","[[205, 140], [157, 160]]"
disclosure_x_bias,224,init_easy,LSC,exponential,22.841628071158638,29.14111934096785,0.6639805989509898,0.5512890094979647,14.622387224856327,36.511264115194884,0.00889545303082036,0.04104943782738782,"[[2166, 939], [1063, 1790]]","[[205, 140], [157, 160]]"
disclosure_x_bias,225,init_easy,LSC,exponential,22.799441396331968,29.123006212730342,0.6643161694207884,0.5497738579828132,14.637640789227397,36.50208616687323,0.008326414564243507,0.043367078005707854,"[[2161, 944], [1056, 1797]]","[[203, 142], [156, 161]]"
disclosure_x_bias,226,init_easy,LSC,exponential,22.796528059206242,29.099887001012387,0.6641483841858891,0.5512890094979647,14.627223268323434,36.470603421171695,0.008671724632402006,0.0446222765121492,"[[2157, 948], [1053, 1800]]","[[203, 142], [155, 162]]"
disclosure_x_bias,227,init_easy,LSC,exponential,22.788694558764753,29.115976898036166,0.664148948169872,0.5497738579828132,14.633207382533872,36.48439598024599,0.009606898948950183,0.043367078005707854,"[[2161, 944], [1057, 1796]]","[[203, 142], [156, 161]]"
disclosure_x_bias,228,init_easy,LSC,exponential,22.79629869187968,29.074619738177823,0.6644839546556878,0.5497738579828132,14.635687146148644,36.39972387423671,0.009098929165506529,0.043367078005707854,"[[2164, 941], [1058, 1795]]","[[203, 142], [156, 161]]"
disclosure_x_bias,229,init_easy,LSC,exponential,22.812445043942194,29.13994101143158,0.6649878743443687,0.5482587064676616,14.642156948757734,36.473593143005246,0.009176798249788043,0.04261658163974348,"[[2171, 934], [1062, 1791]]","[[202, 143], [156, 161]]"
disclosure_x_bias,230,init_easy,LSC,exponential,22.794277002293448,29.07510627288034,0.6644842366476792,0.5497738579828132,14.648430428673691,36.39677114570315,0.009086823907147011,0.043367078005707854,"[[2162, 943], [1056, 1797]]","[[202, 143], [155, 162]]"
disclosure_x_bias,231,init_easy,LSC,exponential,22.793831383487795,29.06812029530837,0.6654909480570752,0.5497738579828132,14.651134145463272,36.37638475489838,0.008948223993641445,0.043367078005707854,"[[2169, 936], [1057, 1796]]","[[203, 142], [156, 161]]"
disclosure_x_bias,232,init_easy,LSC,exponential,22.754040197109948,29.02141069795831,0.665491512041058,0.5482587064676616,14.653190075322515,36.43037161362516,0.009469662164904637,0.04261658163974348,"[[2171, 934], [1059, 1794]]","[[202, 143], [156, 161]]"
disclosure_x_bias,233,init_easy,LSC,exponential,22.754500079217657,29.026969239925016,0.6658273645028482,0.5497738579828132,14.652004556251025,36.432525400924284,0.009342771220441517,0.043367078005707854,"[[2171, 934], [1057, 1796]]","[[203, 142], [156, 161]]"
disclosure_x_bias,234,init_easy,LSC,exponential,22.74803887711909,29.034086940817637,0.6663310021995376,0.5482587064676616,14.653591983283171,36.45815630360113,0.010183179880099435,0.04261658163974348,"[[2173, 932], [1056, 1797]]","[[202, 143], [156, 161]]"
disclosure_x_bias,235,init_easy,LSC,exponential,22.765520354603957,29.025259954309057,0.6664990694264283,0.5482587064676616,14.675993503615675,36.41858469616529,0.010027467753481836,0.04261658163974348,"[[2174, 931], [1056, 1797]]","[[202, 143], [156, 161]]"
disclosure_x_bias,236,init_easy,LSC,exponential,22.75659277885011,29.045477955276834,0.6664985054424454,0.5482587064676616,14.664051769050316,36.47190186937384,0.009828907623367758,0.04261658163974348,"[[2175, 930], [1057, 1796]]","[[202, 143], [156, 161]]"
disclosure_x_bias,237,init_easy,LSC,exponential,22.691446304598212,29.04618843058959,0.6666662906773448,0.5497738579828132,14.698790153341937,36.44259134434719,0.010659936322602434,0.043367078005707854,"[[2172, 933], [1053, 1800]]","[[203, 142], [156, 161]]"
disclosure_x_bias,238,init_easy,LSC,exponential,22.668363276665698,29.047685072584436,0.6663298742315719,0.5482587064676616,14.65539325841745,36.474779679104216,0.010646357448966824,0.04261658163974348,"[[2174, 931], [1057, 1796]]","[[202, 143], [156, 161]]"
disclosure_x_bias,239,init_easy,LSC,exponential,22.713113117098203,29.00496616422451,0.6670018611471434,0.5497738579828132,14.686062220311284,36.36419811507399,0.011512444133069677,0.043367078005707854,"[[2173, 932], [1052, 1801]]","[[203, 142], [156, 161]]"
disclosure_x_bias,240,init_easy,LSC,exponential,22.697113717276643,28.990981927931433,0.6668343579042355,0.5497738579828132,14.683038102469409,36.33177753415877,0.011171164361893336,0.043367078005707854,"[[2173, 932], [1053, 1800]]","[[203, 142], [156, 161]]"
disclosure_x_bias,241,init_easy,LSC,exponential,22.689948374898098,28.992448195102327,0.6666662906773448,0.5482587064676616,14.647010083600529,36.3512293845286,0.011372101358882575,0.04261658163974348,"[[2173, 932], [1054, 1799]]","[[202, 143], [156, 161]]"
disclosure_x_bias,242,init_easy,LSC,exponential,22.703683768368894,29.02677640817858,0.6670018611471434,0.5482587064676616,14.688949772619498,36.39088544525425,0.010724721042589239,0.04261658163974348,"[[2174, 931], [1053, 1800]]","[[202, 143], [156, 161]]"
disclosure_x_bias,243,init_easy,LSC,exponential,22.704148704132287,28.991804029164804,0.667001579155152,0.5482587064676616,14.699088388132958,36.355012563360745,0.011548092174930507,0.04261658163974348,"[[2176, 929], [1055, 1798]]","[[202, 143], [156, 161]]"
disclosure_x_bias,244,init_easy,LSC,exponential,22.700992862832255,28.997275698807094,0.6663298742315719,0.5497738579828132,14.701895039912225,36.374961433967975,0.010994615086354012,0.043367078005707854,"[[2171, 934], [1054, 1799]]","[[203, 142], [156, 161]]"
disclosure_x_bias,245,init_easy,LSC,exponential,22.69913706751959,28.986234977673423,0.6670027071231177,0.5482813206693804,14.698331456564615,36.365085573670335,0.009995760383262314,0.04119210622481848,"[[2177, 928], [1056, 1797]]","[[203, 142], [157, 160]]"
disclosure_x_bias,246,init_easy,LSC,exponential,22.70582208742866,28.970959274051705,0.6668340759122441,0.5482813206693804,14.708407524199803,36.32566155042608,0.010276076729006186,0.03929050785680515,"[[2177, 928], [1057, 1796]]","[[203, 142], [157, 160]]"
disclosure_x_bias,247,init_easy,LSC,exponential,22.699383368054246,29.00917518877001,0.6675057808358242,0.5482813206693804,14.70215519100103,36.386653256838315,0.009540748162240454,0.04119210622481848,"[[2180, 925], [1056, 1797]]","[[203, 142], [157, 160]]"
disclosure_x_bias,248,init_easy,LSC,exponential,22.666711071297264,28.955508002753874,0.668177203767413,0.5482813206693804,14.7078025857184,36.40362042315411,0.01049629338101859,0.04119210622481848,"[[2183, 922], [1055, 1798]]","[[203, 142], [157, 160]]"
disclosure_x_bias,249,init_easy,LSC,exponential,22.671252327353223,28.980323803368538,0.6680091365405223,0.5482813206693804,14.710030747602065,36.43125999347282,0.009623977280553926,0.04119210622481848,"[[2182, 923], [1055, 1798]]","[[203, 142], [157, 160]]"
disclosure_x_bias,250,init_easy,LSC,exponential,22.675974632299656,28.957637189782826,0.6680085725565393,0.5497964721845319,14.724785847150354,36.40275298456866,0.009934057412736895,0.04010234768250568,"[[2182, 923], [1055, 1798]]","[[204, 141], [157, 160]]"
disclosure_x_bias,251,init_easy,LSC,exponential,22.676111503268267,29.011054663048448,0.6680091365405223,0.5482813206693804,14.717799875972473,36.4931919248644,0.009785138012538223,0.04119210622481848,"[[2180, 925], [1053, 1800]]","[[203, 142], [157, 160]]"
disclosure_x_bias,252,init_easy,LSC,exponential,22.679472809576453,29.0034016298661,0.6675052168518414,0.5482813206693804,14.758104693805615,36.470326793756996,0.00991670295586104,0.0430097107968397,"[[2180, 925], [1056, 1797]]","[[203, 142], [157, 160]]"
disclosure_x_bias,253,init_easy,LSC,exponential,22.680968075135233,29.021242451352787,0.6680085725565394,0.5482813206693804,14.738214600294677,36.50629217216678,0.009548734331461249,0.04119210622481848,"[[2183, 922], [1056, 1797]]","[[203, 142], [157, 160]]"
disclosure_x_bias,254,init_easy,LSC,exponential,22.67999266834762,29.020364735702778,0.6675052168518414,0.5482813206693804,14.756805536818298,36.47431701311183,0.00991670295586104,0.0430097107968397,"[[2180, 925], [1056, 1797]]","[[203, 142], [157, 160]]"
disclosure_x_bias,255,init_easy,LSC,exponential,22.64211000325385,29.039279371589874,0.6678407873216401,0.5497964721845319,14.809115138895017,36.53132059156367,0.00972990782145283,0.04010234768250568,"[[2182, 923], [1056, 1797]]","[[204, 141], [157, 160]]"
disclosure_x_bias,256,init_easy,LSC,exponential,22.64629829056714,29.013959477066937,0.6688474987310361,0.5497964721845319,14.798219636637652,36.47658662660515,0.008994932103749322,0.04010234768250568,"[[2186, 919], [1054, 1799]]","[[204, 141], [157, 160]]"
disclosure_x_bias,257,init_easy,LSC,exponential,22.636907175716733,29.0335222298644,0.6693511364277255,0.5483039348710991,14.812414557142494,36.49920960673374,0.008918121158693924,0.03839092576288883,"[[2186, 919], [1051, 1802]]","[[203, 142], [157, 160]]"
disclosure_x_bias,258,init_easy,LSC,exponential,22.64771210784092,29.043519092749413,0.6686799954881282,0.5483039348710991,14.783232413120531,36.54184332156872,0.010100126056393932,0.03839092576288883,"[[2181, 924], [1050, 1803]]","[[203, 142], [157, 160]]"
disclosure_x_bias,259,init_easy,LSC,exponential,22.64859810731445,29.02625094510366,0.6696869888895155,0.5483039348710991,14.783011235289104,36.4986831173132,0.00941584412529657,0.03839092576288883,"[[2185, 920], [1048, 1805]]","[[203, 142], [157, 160]]"
disclosure_x_bias,260,init_easy,LSC,exponential,22.665156791770723,29.57106020077211,0.6696869888895155,0.5483039348710991,14.631430519151689,36.96946981863248,0.00964634827384946,0.03839092576288883,"[[2187, 918], [1050, 1803]]","[[203, 142], [157, 160]]"
disclosure_x_bias,261,init_easy,LSC,exponential,22.710403326349443,29.501137887060686,0.6696875528734985,0.5498190863862505,14.685618785353473,36.9052216202697,0.009123376460500588,0.03856457076528738,"[[2186, 919], [1049, 1804]]","[[203, 142], [156, 161]]"
disclosure_x_bias,262,init_easy,LSC,exponential,22.691716709596285,29.531951503331705,0.670190626586205,0.5483039348710991,14.713070614612448,36.91860480330794,0.009880295537018984,0.03839092576288883,"[[2189, 916], [1049, 1804]]","[[203, 142], [157, 160]]"
disclosure_x_bias,263,init_easy,LSC,exponential,22.69220899076394,29.48753400029828,0.6695192036546163,0.5498190863862505,14.702720948891953,36.899159644824664,0.009567666623681692,0.03856457076528738,"[[2187, 918], [1051, 1802]]","[[203, 142], [156, 161]]"
disclosure_x_bias,264,init_easy,LSC,exponential,22.69775768163279,29.51358497531253,0.6701909085781963,0.5483039348710991,14.709931393012077,36.91600674217463,0.010213725314213358,0.03839092576288883,"[[2188, 917], [1048, 1805]]","[[203, 142], [157, 160]]"
disclosure_x_bias,265,init_easy,LSC,exponential,22.68432484684179,29.493259966505907,0.6698553381083977,0.5483039348710991,14.696893943883769,36.89534690889753,0.010768699581988351,0.03772065718411182,"[[2185, 920], [1047, 1806]]","[[202, 143], [156, 161]]"
disclosure_x_bias,266,init_easy,LSC,exponential,22.7102443451815,29.556781350781442,0.6693514184197169,0.5498190863862505,14.757111351098137,36.96988541688472,0.010397510298149509,0.03986548034793464,"[[2185, 920], [1050, 1803]]","[[203, 142], [156, 161]]"
disclosure_x_bias,267,init_easy,LSC,exponential,22.688389920069604,29.524612721620418,0.6703586938130958,0.5513342379014021,14.72037767882486,36.93034480011867,0.009481978482368458,0.039968962214420235,"[[2188, 917], [1047, 1806]]","[[203, 142], [155, 162]]"
disclosure_x_bias,268,init_easy,LSC,exponential,22.694639289445863,29.558774049003887,0.6693514184197169,0.5498190863862505,14.727055403808235,36.975133377773034,0.010030007530076877,0.03986548034793464,"[[2185, 920], [1050, 1803]]","[[203, 142], [156, 161]]"
disclosure_x_bias,269,init_easy,LSC,exponential,22.7041537898282,29.541973457593446,0.6706953922508601,0.5498190863862505,14.728196258228811,36.93343827733177,0.009021748117932094,0.041740892790675055,"[[2191, 914], [1048, 1805]]","[[203, 142], [156, 161]]"
disclosure_x_bias,270,init_easy,LSC,exponential,22.70014439389924,29.575776946954484,0.6698547741244149,0.545273631840796,14.736127890626648,37.001026478804555,0.009688945671680084,0.042894689247702046,"[[2189, 916], [1051, 1802]]","[[201, 144], [157, 160]]"
disclosure_x_bias,271,init_easy,LSC,exponential,22.708065355373193,29.59869119464248,0.6708631774857594,0.5498190863862505,14.73813386486083,37.054125992075505,0.009149665312270119,0.041740892790675055,"[[2192, 913], [1048, 1805]]","[[203, 142], [156, 161]]"
disclosure_x_bias,272,init_easy,LSC,exponential,22.70187279634173,29.5244579361973,0.6701903445942136,0.5467887833559475,14.745433276558051,36.92073875694336,0.009954337752216482,0.0401054152314927,"[[2189, 916], [1049, 1804]]","[[202, 143], [157, 160]]"
disclosure_x_bias,273,init_easy,LSC,exponential,22.714990266871787,29.62884571524607,0.6708631774857594,0.5467887833559475,14.743291387198287,37.14505831712406,0.009485375574122726,0.0401054152314927,"[[2192, 913], [1048, 1805]]","[[202, 143], [157, 160]]"
disclosure_x_bias,274,init_easy,LSC,exponential,22.556307421561947,28.960493133655234,0.6713668151824488,0.5483039348710991,14.692116668904038,35.64872489891039,0.009393862157140687,0.04033495740077957,"[[2195, 910], [1048, 1805]]","[[202, 143], [156, 161]]"
disclosure_x_bias,275,init_easy,LSC,exponential,22.524160493847315,28.8913350516305,0.6715346004173481,0.545273631840796,14.703571165258118,35.64863833378328,0.009731285652408887,0.03916456498513423,"[[2199, 906], [1051, 1802]]","[[202, 143], [158, 159]]"
disclosure_x_bias,276,init_easy,LSC,exponential,22.533959258306076,28.91134880038254,0.6710303987366759,0.5483039348710991,14.720845982054572,35.680290077976665,0.009461667987051932,0.04033495740077957,"[[2196, 909], [1051, 1802]]","[[202, 143], [156, 161]]"
disclosure_x_bias,277,init_easy,LSC,exponential,22.4895697662404,28.897828260460464,0.6710306807286673,0.5483039348710991,14.709469271365112,35.64012696034634,0.008905284314194439,0.04033495740077957,"[[2199, 906], [1054, 1799]]","[[202, 143], [156, 161]]"
disclosure_x_bias,278,init_easy,LSC,exponential,22.50090848154444,28.912707244672994,0.6710306807286673,0.5483039348710991,14.722673935391938,35.682453582508025,0.008619704702143438,0.04033495740077957,"[[2198, 907], [1053, 1800]]","[[202, 143], [156, 161]]"
disclosure_x_bias,279,init_easy,LSC,exponential,22.48861430626679,28.90617258104112,0.6706948282668772,0.5483039348710991,14.72174915734961,35.66538571482575,0.009483733831684502,0.04033495740077957,"[[2197, 908], [1054, 1799]]","[[202, 143], [156, 161]]"
disclosure_x_bias,280,init_easy,LSC,exponential,22.48154851976448,28.899734793828298,0.6705270430319779,0.5467887833559475,14.729991560251099,35.6835181133522,0.008662681584040103,0.0401054152314927,"[[2196, 909], [1054, 1799]]","[[202, 143], [157, 160]]"
disclosure_x_bias,281,init_easy,LSC,exponential,22.486828948872862,28.890629007329984,0.6703592577970785,0.5498190863862505,14.73107346329078,35.65892287991296,0.009623481931571762,0.0398654803479347,"[[2194, 911], [1053, 1800]]","[[202, 143], [155, 162]]"
disclosure_x_bias,282,init_easy,LSC,exponential,22.503732578197564,28.89330812762097,0.6727102250296092,0.5513342379014021,14.727442609088403,35.64060127780899,0.009307231507436496,0.04060213224731065,"[[2202, 903], [1047, 1806]]","[[202, 143], [154, 163]]"
disclosure_x_bias,283,init_easy,LSC,exponential,22.52376307463119,28.914511600031272,0.6715343184253567,0.5498190863862505,14.755100066540765,35.67260057947338,0.00918001050688681,0.0398654803479347,"[[2200, 905], [1052, 1801]]","[[202, 143], [155, 162]]"
disclosure_x_bias,284,init_easy,LSC,exponential,22.522285762937294,28.893039786306936,0.6713662511984659,0.5498190863862505,14.750755494943215,35.62781988699896,0.009281312542267403,0.0398654803479347,"[[2199, 906], [1052, 1801]]","[[202, 143], [155, 162]]"
disclosure_x_bias,285,init_easy,LSC,exponential,22.52879240504975,28.896121231295275,0.6717023856522475,0.5498190863862505,14.754628629131645,35.652885395910175,0.009277623415088017,0.0398654803479347,"[[2199, 906], [1050, 1803]]","[[202, 143], [155, 162]]"
disclosure_x_bias,286,init_easy,LSC,exponential,22.512445122044696,28.862164566501303,0.6717023856522475,0.5483039348710991,14.75359885755135,35.57126632824328,0.009444696049105665,0.039697526194869444,"[[2199, 906], [1050, 1803]]","[[202, 143], [156, 161]]"
disclosure_x_bias,287,init_easy,LSC,exponential,22.574906934141463,28.956433700582085,0.6715343184253568,0.5483039348710991,14.776033595829496,35.77145628463354,0.008831748497647425,0.039049691208279634,"[[2198, 907], [1050, 1803]]","[[202, 143], [156, 161]]"
disclosure_x_bias,288,init_easy,LSC,exponential,22.564221449368706,28.961961365441745,0.6717023856522475,0.5483039348710991,14.77007189479248,35.758966664803005,0.009038534953921809,0.039049691208279634,"[[2198, 907], [1049, 1804]]","[[202, 143], [156, 161]]"
disclosure_x_bias,289,init_easy,LSC,exponential,22.559725149336053,28.957635488284694,0.6720382381140376,0.5467887833559475,14.776175069190513,35.78073071709021,0.008714269785325158,0.04602821261133207,"[[2198, 907], [1047, 1806]]","[[200, 145], [155, 162]]"
disclosure_x_bias,290,init_easy,LSC,exponential,22.55697245380492,28.97747154167656,0.6718701708871468,0.5467887833559475,14.764370481443642,35.81148112240083,0.00876142196367032,0.04602821261133207,"[[2199, 906], [1049, 1804]]","[[200, 145], [155, 162]]"
disclosure_x_bias,291,init_easy,LSC,exponential,22.557358966920788,28.964638972970892,0.6722060233489369,0.5467887833559475,14.771806912925031,35.80617328604406,0.008818290416700661,0.04602821261133207,"[[2197, 908], [1045, 1808]]","[[200, 145], [155, 162]]"
disclosure_x_bias,292,init_easy,LSC,exponential,22.565702842620702,28.998400964595994,0.6718698888951554,0.5497964721845319,14.78861710134329,35.851319866939996,0.008664809569789251,0.048191400945329754,"[[2197, 908], [1047, 1806]]","[[201, 144], [154, 163]]"
disclosure_x_bias,293,init_easy,LSC,exponential,22.571305882604612,29.011833085003747,0.6722057413569454,0.5467887833559475,14.828632640339363,35.871393799020325,0.008614917664318012,0.04602821261133207,"[[2198, 907], [1046, 1807]]","[[200, 145], [155, 162]]"
disclosure_x_bias,294,init_easy,LSC,exponential,22.556160331678623,29.0191663017263,0.672541311826744,0.545273631840796,14.80073519839129,35.8900796757328,0.009297053168380837,0.04577150181399661,"[[2202, 903], [1048, 1805]]","[[200, 145], [156, 161]]"
disclosure_x_bias,295,init_easy,LSC,exponential,22.563355279632525,28.995618711397004,0.67321414471829,0.545273631840796,14.802861502320434,35.845352701953296,0.00932760757484165,0.04577150181399661,"[[2204, 901], [1046, 1807]]","[[200, 145], [156, 161]]"
disclosure_x_bias,296,init_easy,LSC,exponential,22.51675278270634,29.01826802837894,0.6735497151880887,0.545273631840796,14.784436347447928,35.891724679402074,0.009032139538837122,0.04577150181399661,"[[2205, 900], [1045, 1808]]","[[200, 145], [156, 161]]"
disclosure_x_bias,297,init_easy,LSC,exponential,22.52108967450732,29.01472998461469,0.6730460774913992,0.5437584803256444,14.776660369970788,35.8886409171953,0.009158594882804056,0.044892623866733546,"[[2204, 901], [1047, 1806]]","[[200, 145], [157, 160]]"
disclosure_x_bias,298,init_easy,LSC,exponential,22.54758111914387,29.000669793160846,0.672541311826744,0.5483039348710991,14.774874017572904,35.865315444601336,0.008741694345154585,0.0467768748032251,"[[2194, 911], [1040, 1813]]","[[200, 145], [154, 163]]"
disclosure_x_bias,299,init_easy,LSC,exponential,22.54541920176161,29.029605443561167,0.6720371101460719,0.5483039348710991,14.773554383659825,35.9269417609848,0.008580427037450941,0.0467768748032251,"[[2193, 912], [1042, 1811]]","[[200, 145], [154, 163]]"
disclosure_x_bias,300,init_easy,LSC,exponential,22.5452450993673,29.008681941019894,0.6727093790536349,0.5483039348710991,14.778796625630124,35.88433737757732,0.00864499205537307,0.0467768748032251,"[[2198, 907], [1043, 1810]]","[[200, 145], [154, 163]]"
disclosure_x_bias,1,init_easy,F1,log_loss,0.6425103956347165,0.8974948755609164,0.6181583103039874,0.5468566259611036,0.006762623238129577,0.2806540742380735,0.02399627250590758,0.024994530524254606,"[[2030, 1075], [1200, 1653]]","[[209, 136], [164, 153]]"
disclosure_x_bias,2,init_easy,F1,log_loss,0.6416981009370419,0.8972420148569278,0.6189986464384412,0.5468566259611036,0.0067078064589824495,0.2806181268595453,0.022542693543351464,0.024994530524254606,"[[2037, 1068], [1202, 1651]]","[[209, 136], [164, 153]]"
disclosure_x_bias,3,init_easy,F1,log_loss,0.640986949987836,0.8971473419714965,0.6216846201567876,0.5483717774762551,0.006672246729868829,0.28091247877535247,0.023567853171152977,0.02634345820143053,"[[2054, 1051], [1203, 1650]]","[[210, 135], [164, 153]]"
disclosure_x_bias,4,init_easy,F1,log_loss,0.6402811407790996,0.8964834780129609,0.6225235463312841,0.5483717774762551,0.006648821840535468,0.2810583743134441,0.024269206599310325,0.02634345820143053,"[[2059, 1046], [1203, 1650]]","[[210, 135], [164, 153]]"
disclosure_x_bias,5,init_easy,F1,log_loss,0.6396642171127638,0.8970450981358808,0.6247081382888726,0.5423790140208051,0.0066285505663089776,0.2812685019387889,0.022077652845517142,0.030334366460042173,"[[2089, 1016], [1220, 1633]]","[[210, 135], [168, 149]]"
disclosure_x_bias,6,init_easy,F1,log_loss,0.6390354777614663,0.8971663451373552,0.6248756415317805,0.5423790140208051,0.0066480892630754055,0.2812836995914513,0.021654932822298304,0.030334366460042173,"[[2089, 1016], [1219, 1634]]","[[210, 135], [168, 149]]"
disclosure_x_bias,7,init_easy,F1,log_loss,0.6384708717171581,0.8969210167999859,0.6255473464553607,0.5423790140208051,0.006646081196389079,0.28145763120019884,0.021462926398950966,0.030334366460042173,"[[2093, 1012], [1219, 1634]]","[[210, 135], [168, 149]]"
disclosure_x_bias,8,init_easy,F1,log_loss,0.6379464604974279,0.896493537978802,0.6255473464553607,0.5438941655359566,0.006640513105340892,0.28174216789870243,0.02122846321516982,0.030878567880708453,"[[2098, 1007], [1224, 1629]]","[[211, 134], [168, 149]]"
disclosure_x_bias,9,init_easy,F1,log_loss,0.6373967315571131,0.8961944074844613,0.6280641249788507,0.5529850746268656,0.006640398356466164,0.2818979473344323,0.016252076106795264,0.05321427545875726,"[[2073, 1032], [1184, 1669]]","[[209, 136], [160, 157]]"
disclosure_x_bias,10,init_easy,F1,log_loss,0.6369138094625981,0.8965240282571315,0.6280641249788507,0.5529850746268656,0.006641893641406476,0.28178716164171297,0.016252076106795264,0.05321427545875726,"[[2071, 1034], [1182, 1671]]","[[209, 136], [160, 157]]"
disclosure_x_bias,11,init_easy,F1,log_loss,0.6364104812606282,0.8967368224171312,0.6292386216231459,0.5529850746268656,0.006671529158196069,0.28199757532538927,0.014964813592615474,0.05321427545875726,"[[2095, 1010], [1199, 1654]]","[[211, 134], [162, 155]]"
disclosure_x_bias,12,init_easy,F1,log_loss,0.6359237248004498,0.89643816178535,0.6295741920929446,0.5545002261420172,0.006693064315838096,0.28220956703678296,0.015125888453232074,0.05461141130067686,"[[2097, 1008], [1199, 1654]]","[[212, 133], [162, 155]]"
disclosure_x_bias,13,init_easy,F1,log_loss,0.6354862270336082,0.8961929236298827,0.6302453330325418,0.5575305291723203,0.006691671406284392,0.28194025846417664,0.015049077773094213,0.054427058818320065,"[[2102, 1003], [1200, 1653]]","[[214, 131], [162, 155]]"
disclosure_x_bias,14,init_easy,F1,log_loss,0.6350112812886903,0.8960010602580175,0.6304134002594326,0.5575305291723203,0.006731144429153465,0.28176520069882727,0.014827508648930543,0.054427058818320065,"[[2104, 1001], [1201, 1652]]","[[214, 131], [162, 155]]"
disclosure_x_bias,15,init_easy,F1,log_loss,0.6345888542570455,0.8959891370246034,0.6304134002594326,0.5575305291723203,0.006738860283630503,0.2816955748756409,0.014827508648930543,0.054427058818320065,"[[2106, 999], [1203, 1650]]","[[214, 131], [162, 155]]"
disclosure_x_bias,16,init_easy,F1,log_loss,0.634163871721053,0.8960163868217361,0.6304134002594326,0.5575305291723203,0.006757700832240251,0.28192125418785985,0.014827508648930543,0.054427058818320065,"[[2104, 1001], [1201, 1652]]","[[214, 131], [162, 155]]"
disclosure_x_bias,17,init_easy,F1,log_loss,0.6337648660582802,0.8962596001755916,0.6304134002594326,0.5575305291723203,0.006765273685471711,0.28222720487233804,0.014827508648930543,0.054427058818320065,"[[2104, 1001], [1201, 1652]]","[[214, 131], [162, 155]]"
disclosure_x_bias,18,init_easy,F1,log_loss,0.6333767414794524,0.8960302964012291,0.6310845411990299,0.5560153776571687,0.006774722386226679,0.2823058677183075,0.01516735907785623,0.054542701143771764,"[[2109, 996], [1202, 1651]]","[[214, 131], [163, 154]]"
disclosure_x_bias,19,init_easy,F1,log_loss,0.6329926728316719,0.8957932992482652,0.6310845411990299,0.5560153776571687,0.006788488536011508,0.2820041524463008,0.01516735907785623,0.054542701143771764,"[[2109, 996], [1202, 1651]]","[[214, 131], [163, 154]]"
disclosure_x_bias,20,init_easy,F1,log_loss,0.6326076785189654,0.8960230453625236,0.6322593198353167,0.5560153776571687,0.006818848100432514,0.2821351283205511,0.013293751960174467,0.054542701143771764,"[[2086, 1019], [1172, 1681]]","[[211, 134], [160, 157]]"
disclosure_x_bias,21,init_easy,F1,log_loss,0.6322362909726317,0.8959603541822604,0.632427105070216,0.5560153776571687,0.006832719602005412,0.2820608997481221,0.013378739079275816,0.054542701143771764,"[[2087, 1018], [1172, 1681]]","[[211, 134], [160, 157]]"
disclosure_x_bias,22,init_easy,F1,log_loss,0.6318544698118896,0.895846720383384,0.6325948903051153,0.5560153776571687,0.006854549636999594,0.28223841680331874,0.013622558493117536,0.054542701143771764,"[[2089, 1016], [1173, 1680]]","[[211, 134], [160, 157]]"
disclosure_x_bias,23,init_easy,F1,log_loss,0.6315100938646369,0.8958389665403018,0.6317559641306187,0.5560153776571687,0.0068600940394441205,0.2821885513250368,0.015316989342932267,0.054542701143771764,"[[2113, 992], [1202, 1651]]","[[214, 131], [163, 154]]"
disclosure_x_bias,24,init_easy,F1,log_loss,0.631162104817413,0.8952683060311853,0.632930460774914,0.5560153776571687,0.006873803951696818,0.28246192425223055,0.013776608346070793,0.054542701143771764,"[[2096, 1009], [1178, 1675]]","[[212, 133], [161, 156]]"
disclosure_x_bias,25,init_easy,F1,log_loss,0.6308266453032537,0.8950420349285088,0.632930460774914,0.5560153776571687,0.006882547892156077,0.28249914356189226,0.013776608346070793,0.054542701143771764,"[[2096, 1009], [1178, 1675]]","[[212, 133], [161, 156]]"
disclosure_x_bias,26,init_easy,F1,log_loss,0.6304861241393291,0.8951611593321452,0.6327626755400146,0.5560153776571687,0.006903966193187524,0.2825121935596089,0.013746526596675867,0.054542701143771764,"[[2095, 1010], [1178, 1675]]","[[212, 133], [161, 156]]"
disclosure_x_bias,27,init_easy,F1,log_loss,0.6301418806587157,0.8952023994773217,0.6325948903051153,0.5560153776571687,0.006931683279671647,0.2825652315729738,0.013507261479315724,0.054542701143771764,"[[2095, 1010], [1179, 1674]]","[[212, 133], [161, 156]]"
disclosure_x_bias,28,init_easy,F1,log_loss,0.6298066782428058,0.8945339132781273,0.6325948903051153,0.5560153776571687,0.006955479036979158,0.28274105042690234,0.013507261479315724,0.054542701143771764,"[[2095, 1010], [1179, 1674]]","[[212, 133], [161, 156]]"
disclosure_x_bias,29,init_easy,F1,log_loss,0.629506669964924,0.8949691455958938,0.6325948903051153,0.5560153776571687,0.006959767452600397,0.28279697378728696,0.013507261479315724,0.054542701143771764,"[[2095, 1010], [1179, 1674]]","[[212, 133], [161, 156]]"
disclosure_x_bias,30,init_easy,F1,log_loss,0.6292056267231311,0.8946378235486266,0.6332668772206869,0.5575305291723203,0.0069635662310212195,0.2829353646671335,0.014384516330233004,0.054427058818320065,"[[2099, 1006], [1179, 1674]]","[[212, 133], [160, 157]]"
disclosure_x_bias,31,init_easy,F1,log_loss,0.628901841760484,0.8945699549372843,0.6336024476904856,0.5575305291723203,0.006974980466641313,0.28294360527453055,0.014448434051123388,0.054427058818320065,"[[2101, 1004], [1179, 1674]]","[[212, 133], [160, 157]]"
disclosure_x_bias,32,init_easy,F1,log_loss,0.6286224181725265,0.8949530653710346,0.6336024476904856,0.559023066485753,0.0069753378674278985,0.28282971000576745,0.014448434051123388,0.05262143276816594,"[[2100, 1005], [1178, 1675]]","[[212, 133], [159, 158]]"
disclosure_x_bias,33,init_easy,F1,log_loss,0.6283368772078866,0.894793832373308,0.6336021656984941,0.5575079149706015,0.006973313709541797,0.2829634167340788,0.014390390891490539,0.05278865485291557,"[[2099, 1006], [1177, 1676]]","[[212, 133], [160, 157]]"
disclosure_x_bias,34,init_easy,F1,log_loss,0.6280098765759174,0.8946349569900592,0.6339380181602843,0.5575079149706015,0.006985388466781102,0.2829897551977047,0.014717537785987311,0.05278865485291557,"[[2102, 1003], [1178, 1675]]","[[212, 133], [160, 157]]"
disclosure_x_bias,35,init_easy,F1,log_loss,0.6277253652364172,0.8945504712426198,0.6336024476904856,0.5575079149706015,0.007007372483555333,0.2831801163740773,0.014620602795170438,0.05278865485291557,"[[2100, 1005], [1178, 1675]]","[[212, 133], [160, 157]]"
disclosure_x_bias,36,init_easy,F1,log_loss,0.6274622855701891,0.8946233294347662,0.6336024476904856,0.5590230664857531,0.007009963890094503,0.2832837733834088,0.014620602795170438,0.056816828575236386,"[[2092, 1013], [1170, 1683]]","[[212, 133], [159, 158]]"
disclosure_x_bias,37,init_easy,F1,log_loss,0.6272042731088092,0.8944328849758003,0.634273588630083,0.5575079149706015,0.007018942929063807,0.28343379362823545,0.014549653004275834,0.058735336162099645,"[[2097, 1008], [1171, 1682]]","[[212, 133], [160, 157]]"
disclosure_x_bias,38,init_easy,F1,log_loss,0.6269349488028813,0.8947313113181199,0.6341058033951835,0.5575079149706015,0.007022572485914347,0.2834187136364288,0.014516874816402254,0.058735336162099645,"[[2096, 1009], [1171, 1682]]","[[212, 133], [160, 157]]"
disclosure_x_bias,39,init_easy,F1,log_loss,0.6266500470974303,0.8947345262972025,0.6359514409790762,0.5575079149706015,0.007060723081239602,0.2834212607277745,0.01417349521683008,0.05741771596366218,"[[2094, 1011], [1158, 1695]]","[[211, 134], [159, 158]]"
disclosure_x_bias,40,init_easy,F1,log_loss,0.6263927400790573,0.8948634966942196,0.6359514409790762,0.5575079149706015,0.007066413801795603,0.28341092964158987,0.013973460188924591,0.05741771596366218,"[[2094, 1011], [1158, 1695]]","[[211, 134], [159, 158]]"
disclosure_x_bias,41,init_easy,F1,log_loss,0.6261415256065813,0.8949406509537944,0.6357833737521854,0.5575079149706015,0.00707640210073587,0.2833414792574835,0.013720536788135972,0.05741771596366218,"[[2094, 1011], [1159, 1694]]","[[211, 134], [159, 158]]"
disclosure_x_bias,42,init_easy,F1,log_loss,0.6258995624962529,0.8948996722821507,0.6366237098866392,0.5575079149706015,0.0070736827903790335,0.2833524493876862,0.012343412357652423,0.05741771596366218,"[[2102, 1003], [1162, 1691]]","[[211, 134], [159, 158]]"
disclosure_x_bias,43,init_easy,F1,log_loss,0.6256656073954955,0.8948011013214078,0.6366237098866392,0.5575079149706015,0.007078120276176775,0.28326682204201487,0.012113193287527526,0.05741771596366218,"[[2102, 1003], [1162, 1691]]","[[211, 134], [159, 158]]"
disclosure_x_bias,44,init_easy,F1,log_loss,0.6254096251898242,0.8945329446517789,0.6367914951215385,0.5575079149706015,0.007092343651693198,0.2834698165912295,0.01231861041502541,0.05741771596366218,"[[2103, 1002], [1162, 1691]]","[[211, 134], [159, 158]]"
disclosure_x_bias,45,init_easy,F1,log_loss,0.6251460726154995,0.8942745391515843,0.6369592803564379,0.5575079149706015,0.007092143469990798,0.2834421654900692,0.012342006791031352,0.05741771596366218,"[[2104, 1001], [1162, 1691]]","[[211, 134], [159, 158]]"
disclosure_x_bias,46,init_easy,F1,log_loss,0.6249095651503329,0.8943439137607305,0.6369592803564379,0.5575079149706015,0.007106029645634294,0.28356673211981376,0.012342006791031352,0.05741771596366218,"[[2104, 1001], [1162, 1691]]","[[211, 134], [159, 158]]"
disclosure_x_bias,47,init_easy,F1,log_loss,0.6246771889437599,0.8945541413345548,0.637295132818228,0.5575079149706015,0.007104406357079218,0.28358061196516626,0.012296722667890857,0.05741771596366218,"[[2106, 999], [1162, 1691]]","[[211, 134], [159, 158]]"
disclosure_x_bias,48,init_easy,F1,log_loss,0.6244426113113297,0.8943044448285876,0.6371273475833286,0.5590230664857531,0.007120758952033961,0.28327713618404693,0.012580334386517534,0.05591173047122658,"[[2106, 999], [1163, 1690]]","[[212, 133], [159, 158]]"
disclosure_x_bias,49,init_easy,F1,log_loss,0.6241855730151086,0.8942044151403363,0.6372951328182279,0.5575079149706015,0.0071609699511460696,0.28328674733110887,0.012498566635238805,0.05741771596366218,"[[2106, 999], [1162, 1691]]","[[211, 134], [159, 158]]"
disclosure_x_bias,50,init_easy,F1,log_loss,0.6239656553087819,0.8940451034133947,0.6374629180531273,0.5575079149706015,0.007162931463682959,0.2833994717321662,0.012712518719615876,0.05741771596366218,"[[2107, 998], [1162, 1691]]","[[211, 134], [159, 158]]"
disclosure_x_bias,51,init_easy,F1,log_loss,0.6237218350328024,0.8940650078948187,0.6379662737578252,0.5575079149706015,0.007189853581479917,0.2834150746822517,0.012545738250678982,0.05741771596366218,"[[2110, 995], [1162, 1691]]","[[211, 134], [159, 158]]"
disclosure_x_bias,52,init_easy,F1,log_loss,0.623506563233098,0.8940918103639957,0.6381340589927247,0.5590230664857531,0.007190077445537563,0.2834497000764615,0.012501331892314511,0.06155744664280422,"[[2114, 991], [1165, 1688]]","[[212, 133], [159, 158]]"
disclosure_x_bias,53,init_easy,F1,log_loss,0.6232888002494433,0.894270286990808,0.6384696294625233,0.5590230664857531,0.007186733018736573,0.2834053415763319,0.012479900393805775,0.06155744664280422,"[[2115, 990], [1164, 1689]]","[[212, 133], [159, 158]]"
disclosure_x_bias,54,init_easy,F1,log_loss,0.6230706060791882,0.8942388716556342,0.6386374146974225,0.5544776119402985,0.0072050166545930255,0.2833514892143645,0.01284846846933222,0.04949227103215141,"[[2125, 980], [1173, 1680]]","[[211, 134], [161, 156]]"
disclosure_x_bias,55,init_easy,F1,log_loss,0.622848987692332,0.8943609566043473,0.6386374146974225,0.5544776119402985,0.007221600211723639,0.28310347040854233,0.0126769065583249,0.04949227103215141,"[[2126, 979], [1174, 1679]]","[[211, 134], [161, 156]]"
disclosure_x_bias,56,init_easy,F1,log_loss,0.6226348199240452,0.8945614607384904,0.6393099655969771,0.5575305291723203,0.007228939866191166,0.2833706397631215,0.011175886394523478,0.06310791378440547,"[[2121, 984], [1165, 1688]]","[[212, 133], [160, 157]]"
disclosure_x_bias,57,init_easy,F1,log_loss,0.6224350996487511,0.8944058575779341,0.6394777508318763,0.5575305291723203,0.007224508087831086,0.2833198193353775,0.011243450141738526,0.06310791378440547,"[[2121, 984], [1164, 1689]]","[[212, 133], [160, 157]]"
disclosure_x_bias,58,init_easy,F1,log_loss,0.6222322410221176,0.8943137991882978,0.639813321301675,0.5560153776571687,0.007213557831245263,0.2830645634555787,0.010891363737131059,0.0590343821290809,"[[2122, 983], [1163, 1690]]","[[211, 134], [160, 157]]"
disclosure_x_bias,59,init_easy,F1,log_loss,0.6220331475309763,0.8942196298664058,0.6401488917714737,0.5545002261420172,0.007214010442125692,0.28280668315284635,0.011178861269775846,0.057788516696348755,"[[2127, 978], [1166, 1687]]","[[211, 134], [161, 156]]"
disclosure_x_bias,60,init_easy,F1,log_loss,0.6218158225427541,0.8943003564366279,0.6399811065365744,0.5575305291723203,0.007239970046768152,0.2825481650094186,0.011150248487195896,0.0576143311106304,"[[2125, 980], [1165, 1688]]","[[212, 133], [160, 157]]"
disclosure_x_bias,61,init_easy,F1,log_loss,0.6216171906146425,0.8940590716929881,0.6399811065365744,0.5575305291723203,0.007246175726423922,0.2825390387151179,0.011150248487195896,0.0576143311106304,"[[2125, 980], [1165, 1688]]","[[212, 133], [160, 157]]"
disclosure_x_bias,62,init_easy,F1,log_loss,0.6214073768947518,0.8942069142377284,0.6403166770063731,0.5560153776571687,0.007263929079884417,0.28255321893103813,0.011148635908302762,0.0590343821290809,"[[2126, 979], [1164, 1689]]","[[211, 134], [160, 157]]"
disclosure_x_bias,63,init_easy,F1,log_loss,0.6212151357365563,0.8943458552369845,0.6406522474761717,0.5560153776571687,0.007261971378208536,0.2824996081319766,0.011657282547532552,0.0590343821290809,"[[2126, 979], [1162, 1691]]","[[211, 134], [160, 157]]"
disclosure_x_bias,64,init_easy,F1,log_loss,0.6210095328080529,0.8943560503558736,0.6404844622412724,0.5560153776571687,0.0072727406167484515,0.2825815173654786,0.01163791294279155,0.0590343821290809,"[[2125, 980], [1162, 1691]]","[[211, 134], [160, 157]]"
disclosure_x_bias,65,init_easy,F1,log_loss,0.6208231757550767,0.8943902694927133,0.6406522474761717,0.5499547715965626,0.007274539986552407,0.28277545033412166,0.011737505217450959,0.048601591341723795,"[[2140, 965], [1176, 1677]]","[[211, 134], [164, 153]]"
disclosure_x_bias,66,init_easy,F1,log_loss,0.620618177642111,0.894315384265221,0.6406522474761717,0.5514699231117142,0.00729456840839722,0.2828589273662187,0.011657282547532552,0.04971870523831893,"[[2138, 967], [1174, 1679]]","[[211, 134], [163, 154]]"
disclosure_x_bias,67,init_easy,F1,log_loss,0.6204266005534007,0.8943112918401775,0.6411556031808697,0.5499547715965626,0.007298738995230764,0.2827847943271196,0.011858504070331594,0.048601591341723795,"[[2140, 965], [1173, 1680]]","[[211, 134], [164, 153]]"
disclosure_x_bias,68,init_easy,F1,log_loss,0.6202437205521556,0.8943612885145462,0.6414914556426597,0.5514699231117142,0.007293338108486783,0.2828845671641674,0.010727479844620988,0.04920299226718318,"[[2141, 964], [1172, 1681]]","[[212, 133], [164, 153]]"
disclosure_x_bias,69,init_easy,F1,log_loss,0.6200424796942459,0.8943632987822788,0.6416592408775591,0.5514699231117142,0.007298333863973255,0.28295769165660783,0.011215602324909967,0.04920299226718318,"[[2142, 963], [1172, 1681]]","[[212, 133], [164, 153]]"
disclosure_x_bias,70,init_easy,F1,log_loss,0.6198426665398056,0.8941854466739756,0.6418270261124583,0.5514699231117142,0.0072891521454234096,0.28309298664153704,0.011327193856708736,0.04920299226718318,"[[2143, 962], [1172, 1681]]","[[212, 133], [164, 153]]"
disclosure_x_bias,71,init_easy,F1,log_loss,0.6196606706818127,0.8940595564099525,0.6414914556426597,0.5499547715965626,0.007290161561125298,0.28298752169791497,0.01151501421156065,0.048601591341723795,"[[2141, 964], [1172, 1681]]","[[211, 134], [164, 153]]"
disclosure_x_bias,72,init_easy,F1,log_loss,0.6194649655125968,0.8945761939276032,0.6418270261124583,0.5499547715965626,0.007282838182824844,0.2830461340626635,0.01189297553281897,0.048601591341723795,"[[2142, 963], [1171, 1682]]","[[211, 134], [164, 153]]"
disclosure_x_bias,73,init_easy,F1,log_loss,0.6192688627496582,0.8946701748368548,0.6423306638091478,0.5514699231117142,0.007290108907479328,0.2830369405286447,0.011412200373937004,0.04920299226718318,"[[2143, 962], [1169, 1684]]","[[212, 133], [164, 153]]"
disclosure_x_bias,74,init_easy,F1,log_loss,0.6190838704788965,0.8946011914736847,0.6424981670520558,0.5499547715965626,0.007296857890768746,0.28294324164025186,0.01132952347480812,0.045343394951919955,"[[2142, 963], [1167, 1686]]","[[211, 134], [164, 153]]"
disclosure_x_bias,75,init_easy,F1,log_loss,0.6188874546331468,0.8947019231062917,0.642666516270938,0.5499547715965626,0.007316612904215142,0.282716098064891,0.011489011216421716,0.045343394951919955,"[[2141, 964], [1165, 1688]]","[[211, 134], [164, 153]]"
disclosure_x_bias,76,init_easy,F1,log_loss,0.6186951940781545,0.8945389767196534,0.6428343015058372,0.5499547715965626,0.007339305292473183,0.2829744284957416,0.011418573048434863,0.045343394951919955,"[[2143, 962], [1166, 1687]]","[[211, 134], [164, 153]]"
disclosure_x_bias,77,init_easy,F1,log_loss,0.6185216165863777,0.8945260107625537,0.6431698719756358,0.5469244685662595,0.007341291233470281,0.28298820615404846,0.011351025813917196,0.04443078407302662,"[[2145, 960], [1166, 1687]]","[[210, 135], [165, 152]]"
disclosure_x_bias,78,init_easy,F1,log_loss,0.618327893217409,0.8946731524264477,0.6448499802605606,0.5514246947082768,0.00734520479961666,0.2831134037240092,0.01075157014711438,0.04135675251873549,"[[2173, 932], [1184, 1669]]","[[214, 131], [166, 151]]"
disclosure_x_bias,79,init_easy,F1,log_loss,0.6181433609820137,0.8945055574293843,0.6451855507303592,0.5514246947082768,0.007350545225864978,0.28323107053336305,0.010726486415790779,0.04135675251873549,"[[2169, 936], [1178, 1675]]","[[213, 132], [165, 152]]"
disclosure_x_bias,80,init_easy,F1,log_loss,0.6179738211359014,0.8947793420285167,0.6455211212001579,0.5514246947082768,0.007345184223691732,0.28299657650033333,0.009643557896372355,0.04135675251873549,"[[2168, 937], [1175, 1678]]","[[213, 132], [165, 152]]"
disclosure_x_bias,81,init_easy,F1,log_loss,0.6178029168933826,0.8947124263409588,0.6458566916699565,0.5514246947082768,0.007332229576089167,0.28300302549245243,0.009458149468147468,0.04135675251873549,"[[2172, 933], [1177, 1676]]","[[214, 131], [166, 151]]"
disclosure_x_bias,82,init_easy,F1,log_loss,0.6176431753098255,0.8948347496485807,0.646024476904856,0.5514246947082768,0.0073313915252477095,0.28291151746574383,0.009409056230243894,0.04135675251873549,"[[2172, 933], [1176, 1677]]","[[214, 131], [166, 151]]"
disclosure_x_bias,83,init_easy,F1,log_loss,0.6174750912138907,0.8946340755521011,0.6458566916699565,0.5514246947082768,0.007335488107213565,0.28298952724166215,0.009458149468147468,0.04135675251873549,"[[2172, 933], [1177, 1676]]","[[214, 131], [166, 151]]"
disclosure_x_bias,84,init_easy,F1,log_loss,0.6173127205563068,0.8948292055032436,0.6458566916699565,0.5529398462234283,0.00733686409280269,0.2829539026538937,0.00958952455255528,0.04550101894582413,"[[2160, 945], [1165, 1688]]","[[213, 132], [164, 153]]"
disclosure_x_bias,85,init_easy,F1,log_loss,0.6171449198250192,0.894604495345888,0.6466956178444532,0.5499095431931252,0.007337581995127014,0.2826925044207702,0.009444814047460507,0.04594067642499291,"[[2163, 942], [1163, 1690]]","[[212, 133], [165, 152]]"
disclosure_x_bias,86,init_easy,F1,log_loss,0.6169675183052001,0.8946143125927992,0.6468634030793525,0.5499095431931252,0.007354249148025966,0.28251756327948885,0.009412282342554354,0.04594067642499291,"[[2162, 943], [1161, 1692]]","[[212, 133], [165, 152]]"
disclosure_x_bias,87,init_easy,F1,log_loss,0.6167964606476068,0.8945952254958381,0.6470311883142519,0.5514246947082768,0.007351553456552414,0.2823280836875233,0.009207988837333324,0.045469631586460134,"[[2164, 941], [1162, 1691]]","[[213, 132], [165, 152]]"
disclosure_x_bias,88,init_easy,F1,log_loss,0.6166117896143818,0.8946164734175932,0.6470311883142519,0.5499095431931252,0.00735549393785922,0.2825374835048999,0.009704175395769742,0.04594067642499291,"[[2162, 943], [1160, 1693]]","[[212, 133], [165, 152]]"
disclosure_x_bias,89,init_easy,F1,log_loss,0.616448059528245,0.8947864922628668,0.6468634030793525,0.5499095431931252,0.007357930458791828,0.28227825762290915,0.009412282342554354,0.04594067642499291,"[[2163, 942], [1162, 1691]]","[[212, 133], [165, 152]]"
disclosure_x_bias,90,init_easy,F1,log_loss,0.6162954857737821,0.8948028254426419,0.6470309063222605,0.5514246947082768,0.0073542666477660204,0.2823634335225525,0.009151808177732312,0.045469631586460134,"[[2164, 941], [1162, 1691]]","[[213, 132], [165, 152]]"
disclosure_x_bias,91,init_easy,F1,log_loss,0.6161044191960218,0.8948329739574001,0.6471986915571598,0.5499095431931252,0.007347824604949431,0.2819750363920608,0.009281439129142614,0.04594067642499291,"[[2164, 941], [1161, 1692]]","[[212, 133], [165, 152]]"
disclosure_x_bias,92,init_easy,F1,log_loss,0.6159547946624098,0.8949695818958234,0.6480376177316565,0.5483943916779738,0.007342623557938102,0.28178061219974393,0.01026094926708943,0.04232488825972103,"[[2160, 945], [1152, 1701]]","[[210, 135], [164, 153]]"
disclosure_x_bias,93,init_easy,F1,log_loss,0.6157929196365197,0.8949431021104838,0.6482056849585472,0.5483943916779738,0.0073524990512476365,0.2817514573024631,0.010256899290822186,0.04232488825972103,"[[2159, 946], [1150, 1703]]","[[210, 135], [164, 153]]"
disclosure_x_bias,94,init_easy,F1,log_loss,0.6156275683103746,0.8955511489067621,0.6482056849585472,0.5483943916779738,0.007332829267546698,0.28182375185166136,0.010256899290822186,0.04232488825972103,"[[2160, 945], [1151, 1702]]","[[210, 135], [164, 153]]"
disclosure_x_bias,95,init_easy,F1,log_loss,0.6154643517186287,0.895475034814722,0.6482056849585472,0.5483943916779738,0.007345632749770083,0.28184292520980064,0.010256899290822186,0.04232488825972103,"[[2159, 946], [1150, 1703]]","[[210, 135], [164, 153]]"
disclosure_x_bias,96,init_easy,F1,log_loss,0.6153177944097672,0.8955897543788544,0.6482059669505386,0.5483943916779738,0.007343428148852462,0.28180849415671977,0.010576728890375892,0.04232488825972103,"[[2159, 946], [1150, 1703]]","[[210, 135], [164, 153]]"
disclosure_x_bias,97,init_easy,F1,log_loss,0.6151640257446124,0.8954643228199128,0.6473659128080762,0.5513794663048394,0.007338512833539107,0.2818684864319739,0.010934922927838013,0.041327834323559444,"[[2167, 938], [1163, 1690]]","[[212, 133], [164, 153]]"
disclosure_x_bias,98,init_easy,F1,log_loss,0.6150014982001913,0.8955534800381034,0.6482048389825729,0.5513794663048394,0.007334764196433685,0.28167841149382133,0.010618534005458508,0.041327834323559444,"[[2169, 936], [1160, 1693]]","[[212, 133], [164, 153]]"
disclosure_x_bias,99,init_easy,F1,log_loss,0.6148559719550637,0.8953851281430152,0.6487090406632452,0.5483943916779738,0.007328448194334043,0.28167120399044304,0.010105069405279098,0.04232488825972103,"[[2162, 943], [1150, 1703]]","[[210, 135], [164, 153]]"
disclosure_x_bias,100,init_easy,F1,log_loss,0.6147107249968208,0.8957133481405641,0.6482051209745643,0.5528946178199909,0.007322143704995868,0.28163953564223954,0.009874930454036908,0.04011193210880474,"[[2169, 936], [1160, 1693]]","[[213, 132], [164, 153]]"
disclosure_x_bias,101,init_easy,F1,log_loss,0.6145600377352324,0.8958085205459826,0.6487093226552366,0.5483943916779738,0.007320702207461077,0.2815541444979358,0.010094243474154064,0.04232488825972103,"[[2162, 943], [1150, 1703]]","[[210, 135], [164, 153]]"
disclosure_x_bias,102,init_easy,F1,log_loss,0.6144135657517702,0.895973442102272,0.6482051209745643,0.5513794663048394,0.007317300816056144,0.2816965039758504,0.010125168197938723,0.041327834323559444,"[[2170, 935], [1161, 1692]]","[[212, 133], [164, 153]]"
disclosure_x_bias,103,init_easy,F1,log_loss,0.6142664310772676,0.8957661703213311,0.6482051209745643,0.5513794663048394,0.0073183577714725405,0.2818689249419825,0.010278473537658801,0.041327834323559444,"[[2173, 932], [1164, 1689]]","[[212, 133], [164, 153]]"
disclosure_x_bias,104,init_easy,F1,log_loss,0.6141035505725663,0.8958629335678083,0.648540691444363,0.5513794663048394,0.007326640063966285,0.2818552335191513,0.01006752722174236,0.041327834323559444,"[[2172, 933], [1161, 1692]]","[[212, 133], [164, 153]]"
disclosure_x_bias,105,init_easy,F1,log_loss,0.6139486957210514,0.8959490692220278,0.6490440471490609,0.5528946178199909,0.007335462398628238,0.2817019478826734,0.009956907966950085,0.04011193210880474,"[[2172, 933], [1158, 1695]]","[[213, 132], [164, 153]]"
disclosure_x_bias,106,init_easy,F1,log_loss,0.6137966903841259,0.8959022620297421,0.6490440471490609,0.5513794663048394,0.007336130828564749,0.28170687595738353,0.010447467415181632,0.041327834323559444,"[[2171, 934], [1157, 1696]]","[[212, 133], [164, 153]]"
disclosure_x_bias,107,init_easy,F1,log_loss,0.6136026266021501,0.8957723630618597,0.6492118323839604,0.5528946178199909,0.007350652852520264,0.2818022429110057,0.010007663384151187,0.041364205571509154,"[[2167, 938], [1152, 1701]]","[[212, 133], [163, 154]]"
disclosure_x_bias,108,init_easy,F1,log_loss,0.6134457429877862,0.8957433015692488,0.6497151880886582,0.5544097693351425,0.007343958017317654,0.2816949060224929,0.010562966563683236,0.040085822804762486,"[[2173, 932], [1155, 1698]]","[[213, 132], [163, 154]]"
disclosure_x_bias,109,init_easy,F1,log_loss,0.6133033843928224,0.8956922137568469,0.6502185437933563,0.5544097693351425,0.0073433686411434,0.2815113173466674,0.010150992085856398,0.040085822804762486,"[[2172, 933], [1151, 1702]]","[[213, 132], [163, 154]]"
disclosure_x_bias,110,init_easy,F1,log_loss,0.6131597697650879,0.8958845688286494,0.6493796176188595,0.5544097693351425,0.007346739432982503,0.2814352953671958,0.010270504317365035,0.040085822804762486,"[[2175, 930], [1159, 1694]]","[[213, 132], [163, 154]]"
disclosure_x_bias,111,init_easy,F1,log_loss,0.6130227176498273,0.896044338508311,0.6507218994980543,0.5544097693351425,0.007348440592267726,0.28130164386246687,0.010557590103969679,0.040085822804762486,"[[2173, 932], [1149, 1704]]","[[212, 133], [162, 155]]"
disclosure_x_bias,112,init_easy,F1,log_loss,0.6128844449394423,0.8960925560230002,0.6503863290282557,0.5544097693351425,0.007348548076452295,0.2813994338797404,0.010148518848474012,0.040085822804762486,"[[2171, 934], [1149, 1704]]","[[212, 133], [162, 155]]"
disclosure_x_bias,113,init_easy,F1,log_loss,0.6127405378083364,0.8963763277374923,0.6512252552027522,0.5544097693351425,0.007341072729122259,0.2813352516501347,0.009774816450831923,0.040085822804762486,"[[2177, 928], [1150, 1703]]","[[212, 133], [162, 155]]"
disclosure_x_bias,114,init_easy,F1,log_loss,0.6126061959434921,0.8961519092884256,0.650050758558457,0.5544097693351425,0.007339631785034838,0.28153976937749065,0.010807100901452772,0.040085822804762486,"[[2174, 931], [1154, 1699]]","[[212, 133], [162, 155]]"
disclosure_x_bias,115,init_easy,F1,log_loss,0.6124695663166221,0.8961022407652145,0.6515608256725509,0.5544097693351425,0.007337856171912063,0.28159553687492583,0.010967353564904954,0.04133888720074022,"[[2176, 929], [1147, 1706]]","[[212, 133], [162, 155]]"
disclosure_x_bias,116,init_easy,F1,log_loss,0.6123205645865586,0.8962550417999708,0.6513930404376516,0.5528946178199909,0.007336086492682621,0.28147815163792445,0.011102853584599537,0.041364205571509154,"[[2176, 929], [1148, 1705]]","[[211, 134], [162, 155]]"
disclosure_x_bias,117,init_easy,F1,log_loss,0.6121640079561314,0.896205750571502,0.651057469967853,0.5544097693351425,0.0073507685080237,0.28146609591762645,0.010322073311793986,0.040085822804762486,"[[2181, 924], [1155, 1698]]","[[213, 132], [163, 154]]"
disclosure_x_bias,118,init_easy,F1,log_loss,0.61202162226889,0.8963215586314632,0.6518963961423496,0.555924920850294,0.007355825015609678,0.2817133106419538,0.010594212837225865,0.03999597182361288,"[[2178, 927], [1147, 1706]]","[[213, 132], [162, 155]]"
disclosure_x_bias,119,init_easy,F1,log_loss,0.6118843651815558,0.8963023541833948,0.6517286109074503,0.5528946178199909,0.0073528012064107365,0.28147955305524885,0.010141056637341302,0.03236973694158581,"[[2176, 929], [1146, 1707]]","[[211, 134], [162, 155]]"
disclosure_x_bias,120,init_easy,F1,log_loss,0.6117415253032623,0.8965448577411955,0.6522319666121482,0.5498643147896879,0.00735825497444697,0.28115253845022964,0.010040598630421524,0.032197563945762224,"[[2178, 927], [1145, 1708]]","[[210, 135], [163, 154]]"
disclosure_x_bias,121,init_easy,F1,log_loss,0.6116103980647012,0.8963593854004053,0.6529031075517455,0.5513794663048394,0.007356096344616288,0.2814998009752193,0.009733045917481717,0.029862127342001468,"[[2177, 928], [1140, 1713]]","[[210, 135], [162, 155]]"
disclosure_x_bias,122,init_easy,F1,log_loss,0.6114813053250732,0.8964823872441627,0.653406745248435,0.5513794663048394,0.007355076089769465,0.28146214982652096,0.009315900814026973,0.029862127342001468,"[[2171, 934], [1131, 1722]]","[[209, 136], [161, 156]]"
disclosure_x_bias,123,init_easy,F1,log_loss,0.6113487373530304,0.8965508929997019,0.6532389600135355,0.5528946178199909,0.007350429878989468,0.2813786600395955,0.009576845968473881,0.029912443264909053,"[[2176, 929], [1137, 1716]]","[[210, 135], [161, 156]]"
disclosure_x_bias,124,init_easy,F1,log_loss,0.6112152054132246,0.8965156599614993,0.6532389600135355,0.5513794663048394,0.007342934133148326,0.2813789648937022,0.009378826900551694,0.031524229640874965,"[[2176, 929], [1137, 1716]]","[[209, 136], [161, 156]]"
disclosure_x_bias,125,init_easy,F1,log_loss,0.6110890629665585,0.8965949168265175,0.6537423157182336,0.5544097693351425,0.00733662879031692,0.28127837955205165,0.009643854046672458,0.03944436572445375,"[[2179, 926], [1137, 1716]]","[[211, 134], [161, 156]]"
disclosure_x_bias,126,init_easy,F1,log_loss,0.6109387911584341,0.8964621505288074,0.6530711747786363,0.555924920850294,0.007350786707810795,0.2813934524200961,0.010048013326291372,0.039353050194170236,"[[2176, 929], [1138, 1715]]","[[212, 133], [161, 156]]"
disclosure_x_bias,127,init_easy,F1,log_loss,0.6107895642569483,0.8970187463463384,0.6532389600135355,0.5544097693351425,0.007335710818205846,0.2814396833059271,0.010481331242982901,0.03944436572445375,"[[2175, 930], [1136, 1717]]","[[211, 134], [161, 156]]"
disclosure_x_bias,128,init_easy,F1,log_loss,0.6106635695702858,0.8969538494572703,0.6534067452484349,0.5528946178199909,0.007335977331205822,0.2815051850522397,0.010779104226146656,0.03236973694158582,"[[2173, 932], [1133, 1720]]","[[209, 136], [160, 157]]"
disclosure_x_bias,129,init_easy,F1,log_loss,0.6105391893603253,0.8969219906918818,0.6534067452484349,0.5498643147896879,0.007330984670066744,0.2814395569733442,0.01120593814017998,0.03139534872415173,"[[2171, 934], [1131, 1722]]","[[208, 137], [161, 156]]"
disclosure_x_bias,130,init_easy,F1,log_loss,0.6104101285219129,0.8973331864246594,0.653910100953133,0.5513794663048394,0.007329390481841016,0.2812079051405502,0.011030346004230057,0.031524229640874986,"[[2169, 936], [1126, 1727]]","[[208, 137], [160, 157]]"
disclosure_x_bias,131,init_easy,F1,log_loss,0.6102622809410597,0.897300438398078,0.6547490271276295,0.5468340117593848,0.007324402609669196,0.2812869209527644,0.010876074314138354,0.03170426307932876,"[[2171, 934], [1123, 1730]]","[[207, 138], [162, 155]]"
disclosure_x_bias,132,init_easy,F1,log_loss,0.610138929963382,0.8975221899711181,0.6547490271276295,0.5483491632745364,0.007319789230687005,0.2812955506312598,0.011018937322376528,0.03277937878269265,"[[2167, 938], [1119, 1734]]","[[207, 138], [161, 156]]"
disclosure_x_bias,133,init_easy,F1,log_loss,0.6100071974988575,0.8974299164609411,0.654916812362529,0.5483491632745363,0.007311271916393882,0.2811999971246415,0.009920042480285914,0.03199175629515963,"[[2170, 935], [1121, 1732]]","[[208, 137], [162, 155]]"
disclosure_x_bias,134,init_easy,F1,log_loss,0.6098705125188991,0.8975113131068939,0.6552523828323276,0.5483491632745363,0.007316299093782202,0.2811158452700348,0.010506219691523965,0.030355264218717933,"[[2167, 938], [1116, 1737]]","[[208, 137], [162, 155]]"
disclosure_x_bias,135,init_easy,F1,log_loss,0.6097365926356335,0.8975218434153748,0.654916812362529,0.5483491632745363,0.00731238045510957,0.28123649654148686,0.010138364016427941,0.03199175629515963,"[[2167, 938], [1118, 1735]]","[[208, 137], [162, 155]]"
disclosure_x_bias,136,init_easy,F1,log_loss,0.6096057521902745,0.8974012516237279,0.6554204500592183,0.5483491632745364,0.0073130169544669,0.2811046828429546,0.009654751370110605,0.03503617103751925,"[[2166, 939], [1114, 1739]]","[[207, 138], [161, 156]]"
disclosure_x_bias,137,init_easy,F1,log_loss,0.6094802027587016,0.8976826174390057,0.6545815238847217,0.5498643147896879,0.007313691005142515,0.2809539644826843,0.009986104217610016,0.03139534872415173,"[[2167, 938], [1120, 1733]]","[[208, 137], [161, 156]]"
disclosure_x_bias,138,init_easy,F1,log_loss,0.6093495601188006,0.8976626544180913,0.6545815238847217,0.5498643147896879,0.00730755535578233,0.28101193302600874,0.009667797214948369,0.03374482966473764,"[[2167, 938], [1120, 1733]]","[[208, 137], [161, 156]]"
disclosure_x_bias,139,init_easy,F1,log_loss,0.6092247944634848,0.8974928577020924,0.6545815238847217,0.5528946178199909,0.007301825369850971,0.2810082835801676,0.009570240887913004,0.032369736941585826,"[[2163, 942], [1116, 1737]]","[[209, 136], [160, 157]]"
disclosure_x_bias,140,init_easy,F1,log_loss,0.6090966908440552,0.897714842811822,0.6555879533021262,0.5498643147896879,0.007301320182677696,0.28109266521218634,0.009725098201024403,0.03374482966473764,"[[2166, 939], [1113, 1740]]","[[208, 137], [161, 156]]"
disclosure_x_bias,141,init_easy,F1,log_loss,0.608974276323508,0.8975900205717936,0.6544137386498223,0.5498643147896879,0.00729964999664986,0.2812088903589807,0.01046276510513827,0.030572090523559872,"[[2168, 937], [1122, 1731]]","[[209, 136], [162, 155]]"
disclosure_x_bias,142,init_easy,F1,log_loss,0.6088403193668188,0.8976582816214643,0.6554201680672269,0.5498643147896879,0.007310376033088758,0.28121212962068404,0.010651681969654117,0.03374482966473764,"[[2167, 938], [1115, 1738]]","[[208, 137], [161, 156]]"
disclosure_x_bias,143,init_easy,F1,log_loss,0.6087082459338533,0.8977097493554445,0.655252664824319,0.5498643147896879,0.007319036744204702,0.28105934775845887,0.010933422726956854,0.03374482966473764,"[[2168, 937], [1117, 1736]]","[[208, 137], [161, 156]]"
disclosure_x_bias,144,init_easy,F1,log_loss,0.6085878240895053,0.8979629548496348,0.6552523828323276,0.5498643147896879,0.007315911750850456,0.2811725073547744,0.010565597337476343,0.03374482966473764,"[[2166, 939], [1115, 1738]]","[[208, 137], [161, 156]]"
disclosure_x_bias,145,init_easy,F1,log_loss,0.6084683938689818,0.8979754289190914,0.6562599402176978,0.5498643147896879,0.007311193174041965,0.28121687769810627,0.010857033509671685,0.03374482966473764,"[[2165, 940], [1108, 1745]]","[[208, 137], [161, 156]]"
disclosure_x_bias,146,init_easy,F1,log_loss,0.6083316717244639,0.8979763020113871,0.6562596582257064,0.5468340117593848,0.007319243411588753,0.281111275898668,0.01148319785617619,0.034773856667397504,"[[2164, 941], [1107, 1746]]","[[206, 139], [161, 156]]"
disclosure_x_bias,147,init_easy,F1,log_loss,0.608213560143033,0.8980761604646906,0.6560918729908071,0.5453188602442334,0.007319473684179618,0.2807711290842596,0.010998472559558,0.03368667705927253,"[[2169, 936], [1113, 1740]]","[[207, 138], [163, 154]]"
disclosure_x_bias,148,init_easy,F1,log_loss,0.6080929815087383,0.8979776785662998,0.6560918729908071,0.5468340117593848,0.007311493562897754,0.2807733302496568,0.011139765970214672,0.034773856667397504,"[[2166, 939], [1110, 1743]]","[[207, 138], [162, 155]]"
disclosure_x_bias,149,init_easy,F1,log_loss,0.6079606674190428,0.8982214449361253,0.6565955106874964,0.5468340117593848,0.007314027413573785,0.2805949893345314,0.01121244897561441,0.034773856667397504,"[[2164, 941], [1105, 1748]]","[[206, 139], [161, 156]]"
disclosure_x_bias,150,init_easy,F1,log_loss,0.6078406919347655,0.8982767783019365,0.6574347188539845,0.5468340117593848,0.0073100795122461315,0.2805527779276415,0.011302394759002913,0.034773856667397504,"[[2168, 937], [1104, 1749]]","[[206, 139], [161, 156]]"
disclosure_x_bias,151,init_easy,F1,log_loss,0.6077237684480419,0.8981464419643854,0.6569313631492866,0.5468340117593848,0.007303646048570079,0.28055230459238434,0.010662797894473572,0.032498853824921924,"[[2162, 943], [1101, 1752]]","[[205, 140], [160, 157]]"
disclosure_x_bias,152,init_easy,F1,log_loss,0.6076038556475626,0.898401067729351,0.6565957926794879,0.5483491632745364,0.007301651164911664,0.2804665307507269,0.011368772065908727,0.0357567963260225,"[[2163, 942], [1104, 1749]]","[[206, 139], [160, 157]]"
disclosure_x_bias,153,init_easy,F1,log_loss,0.6074629501943252,0.8983839270882946,0.6570991483841858,0.5468340117593848,0.007314683567797409,0.2804526372717849,0.011397809495755628,0.034773856667397476,"[[2172, 933], [1110, 1743]]","[[206, 139], [161, 156]]"
disclosure_x_bias,154,init_easy,F1,log_loss,0.6073531350907285,0.8984085003054506,0.6579380745586826,0.5453188602442334,0.0073089956932435324,0.28055209725849867,0.010663192314340769,0.03368667705927253,"[[2176, 929], [1109, 1744]]","[[206, 139], [162, 155]]"
disclosure_x_bias,155,init_easy,F1,log_loss,0.6072337154800345,0.8985877242793773,0.6574347188539845,0.5468340117593848,0.007309753847051643,0.28055488751699786,0.011357610760166859,0.034773856667397504,"[[2167, 938], [1103, 1750]]","[[206, 139], [161, 156]]"
disclosure_x_bias,156,init_easy,F1,log_loss,0.6071120722994444,0.8985072007302419,0.6582736450284812,0.5453188602442334,0.007312719403538146,0.2804575277557461,0.009401629158485029,0.028787167212381174,"[[2170, 935], [1101, 1752]]","[[206, 139], [162, 155]]"
disclosure_x_bias,157,init_easy,F1,log_loss,0.6069984012037982,0.8983524704937549,0.6564277254525972,0.5498643147896879,0.007307944608843511,0.28043773969240676,0.010633438294591064,0.034492444558664015,"[[2169, 936], [1111, 1742]]","[[208, 137], [161, 156]]"
disclosure_x_bias,158,init_easy,F1,log_loss,0.6068827050180252,0.8984551360230688,0.6564277254525972,0.5468340117593848,0.007306808998565591,0.2803767894633738,0.010808496409688045,0.034773856667397476,"[[2170, 935], [1112, 1741]]","[[207, 138], [162, 155]]"
disclosure_x_bias,159,init_easy,F1,log_loss,0.6067594823878617,0.8983459140074931,0.6564277254525972,0.5468340117593848,0.007304182678708372,0.28047942146840127,0.0114274554665757,0.034773856667397476,"[[2170, 935], [1112, 1741]]","[[207, 138], [162, 155]]"
disclosure_x_bias,160,init_easy,F1,log_loss,0.6066420495319477,0.8984568131337977,0.6569313631492866,0.5453188602442334,0.007300593668517863,0.2803618857956853,0.011400034759726113,0.03368667705927253,"[[2173, 932], [1112, 1741]]","[[207, 138], [163, 154]]"
disclosure_x_bias,161,init_easy,F1,log_loss,0.6065134010771406,0.8987715261927148,0.6569313631492866,0.5438037087290819,0.007285974120780093,0.2806124942471841,0.010952225043067518,0.03003691374330314,"[[2173, 932], [1112, 1741]]","[[206, 139], [163, 154]]"
disclosure_x_bias,162,init_easy,F1,log_loss,0.6064005010177153,0.8986608393166214,0.6579380745586826,0.5422885572139303,0.007283117863620673,0.2807671571007422,0.008834286385196425,0.026749838231788774,"[[2169, 936], [1102, 1751]]","[[205, 140], [163, 154]]"
disclosure_x_bias,163,init_easy,F1,log_loss,0.6062804661979516,0.8987176810353692,0.6579380745586826,0.5422885572139303,0.007281404315319852,0.2806054433289564,0.008834286385196425,0.026749838231788774,"[[2168, 937], [1101, 1752]]","[[205, 140], [163, 154]]"
disclosure_x_bias,164,init_easy,F1,log_loss,0.6061634057017746,0.8988267279437026,0.6584419942473634,0.5422885572139303,0.007274869675679138,0.2805756294759822,0.009009187862201003,0.026749838231788774,"[[2170, 935], [1100, 1753]]","[[205, 140], [163, 154]]"
disclosure_x_bias,165,init_easy,F1,log_loss,0.6060534441413178,0.8990457700635055,0.658274209012464,0.5453188602442334,0.007270519845532482,0.2806305907493814,0.009005070124857392,0.03368667705927253,"[[2168, 937], [1099, 1754]]","[[205, 140], [161, 156]]"
disclosure_x_bias,166,init_easy,F1,log_loss,0.6059467161359249,0.8989275126391127,0.6584419942473634,0.5438037087290819,0.007265936351349313,0.2806743450669674,0.009009187862201003,0.025438949950240927,"[[2171, 934], [1101, 1752]]","[[206, 139], [163, 154]]"
disclosure_x_bias,167,init_easy,F1,log_loss,0.605836990310882,0.8989195095453134,0.658274209012464,0.5438037087290819,0.007263056967229896,0.28071415394439714,0.009005070124857392,0.025438949950240927,"[[2172, 933], [1103, 1750]]","[[206, 139], [163, 154]]"
disclosure_x_bias,168,init_easy,F1,log_loss,0.6057222797466328,0.8990483035784871,0.6584419942473634,0.5438037087290819,0.007267893698899369,0.28065018912251605,0.009009187862201003,0.025438949950240927,"[[2171, 934], [1101, 1752]]","[[206, 139], [163, 154]]"
disclosure_x_bias,169,init_easy,F1,log_loss,0.6056103893417992,0.8990988397419428,0.6579386385426653,0.5468340117593848,0.007265236454541953,0.28072821573988666,0.008594979979796562,0.03249885382492192,"[[2169, 936], [1102, 1751]]","[[206, 139], [161, 156]]"
disclosure_x_bias,170,init_easy,F1,log_loss,0.6054990566452993,0.8994128642434038,0.6586097794822627,0.5438037087290819,0.007264238618302923,0.2807855236839357,0.009079002096366418,0.028287555252476754,"[[2169, 936], [1098, 1755]]","[[205, 140], [162, 155]]"
disclosure_x_bias,171,init_easy,F1,log_loss,0.6053864599317713,0.8993675083325027,0.6581064237775648,0.5422885572139303,0.007262041512665126,0.28062850692487434,0.008786408000590983,0.026749838231788774,"[[2172, 933], [1104, 1749]]","[[205, 140], [163, 154]]"
disclosure_x_bias,172,init_easy,F1,log_loss,0.6052823667358368,0.8995942241047825,0.6581064237775648,0.5468340117593848,0.0072588241093510504,0.28074505745809397,0.008678950006548473,0.034773856667397504,"[[2167, 938], [1099, 1754]]","[[205, 140], [160, 157]]"
disclosure_x_bias,173,init_easy,F1,log_loss,0.6051649079872892,0.8996393794440565,0.658274209012464,0.5453188602442334,0.007261027763422584,0.28072832065325204,0.008865037967846337,0.037280936468220456,"[[2166, 939], [1097, 1756]]","[[204, 141], [160, 157]]"
disclosure_x_bias,174,init_easy,F1,log_loss,0.6050584059659527,0.8996766449190667,0.658274209012464,0.5498417005879692,0.0072595741816738535,0.2807386144558539,0.008430998091841259,0.036245360125381605,"[[2163, 942], [1094, 1759]]","[[205, 140], [158, 159]]"
disclosure_x_bias,175,init_easy,F1,log_loss,0.6049451938401813,0.899522428057978,0.658441712255372,0.5468113975576662,0.007256553962037819,0.2809225498136455,0.008811166585686946,0.040486509327259404,"[[2161, 944], [1091, 1762]]","[[204, 141], [159, 158]]"
disclosure_x_bias,176,init_easy,F1,log_loss,0.6048399180294934,0.8996248616757019,0.65928092042186,0.5468113975576662,0.007252706244456566,0.2807250324591348,0.00951979308347176,0.037203244816205135,"[[2169, 936], [1094, 1759]]","[[205, 140], [160, 157]]"
disclosure_x_bias,177,init_easy,F1,log_loss,0.6047323636544844,0.8995319299558769,0.6589453499520614,0.5468113975576662,0.007246869417548927,0.28074044198205084,0.00934278103211762,0.035086120008679104,"[[2172, 933], [1099, 1754]]","[[205, 140], [160, 157]]"
disclosure_x_bias,178,init_easy,F1,log_loss,0.6046264075330094,0.8997009750322558,0.6589450679600699,0.5468340117593848,0.00724053989881077,0.2805522896181672,0.009420451238091234,0.034773856667397476,"[[2168, 937], [1095, 1758]]","[[205, 140], [160, 157]]"
disclosure_x_bias,179,init_easy,F1,log_loss,0.6045126946708141,0.899554452491811,0.6589453499520614,0.5513342379014021,0.00723944332687293,0.28077351560554614,0.009173852526953628,0.03732903870147658,"[[2164, 941], [1091, 1762]]","[[206, 139], [158, 159]]"
disclosure_x_bias,180,init_easy,F1,log_loss,0.6044075109306078,0.8996582538197238,0.6589450679600699,0.5468113975576662,0.007238036354782598,0.28065994780872056,0.009586132427294065,0.035086120008679104,"[[2172, 933], [1099, 1754]]","[[206, 139], [161, 156]]"
disclosure_x_bias,181,init_easy,F1,log_loss,0.6043023958011176,0.8995606044241914,0.6594487056567593,0.5468340117593848,0.007231471600868242,0.28073999636904573,0.009795695834276157,0.03621120700260367,"[[2168, 937], [1092, 1761]]","[[204, 141], [159, 158]]"
disclosure_x_bias,182,init_easy,F1,log_loss,0.6041862086297595,0.8995804912995314,0.65928092042186,0.5483265490728177,0.007227435453675083,0.28073916189242215,0.009779122655770333,0.0367621345661955,"[[2168, 937], [1093, 1760]]","[[205, 140], [159, 158]]"
disclosure_x_bias,183,init_easy,F1,log_loss,0.6040725396767848,0.8994739013966534,0.6591134171789521,0.5513116236996833,0.00721435515566582,0.2805897939898013,0.00945455922382762,0.03956666079337159,"[[2168, 937], [1094, 1759]]","[[205, 140], [157, 160]]"
disclosure_x_bias,184,init_easy,F1,log_loss,0.6039722165883487,0.8996316536844914,0.6592812024138515,0.5482813206693804,0.007209670522881248,0.2805482073485137,0.00924101615414254,0.03863584870447795,"[[2172, 933], [1097, 1756]]","[[205, 140], [159, 158]]"
disclosure_x_bias,185,init_easy,F1,log_loss,0.6038584716571196,0.8998712832550304,0.6591134171789521,0.5513116236996833,0.007200456796320427,0.28048963245188085,0.009651024546141572,0.03956666079337159,"[[2169, 936], [1095, 1758]]","[[205, 140], [157, 160]]"
disclosure_x_bias,186,init_easy,F1,log_loss,0.6037567072508179,0.899849681820417,0.6601204105803395,0.5467661691542288,0.007196161116218525,0.28056969665902975,0.009646252671901251,0.04096643767172271,"[[2176, 929], [1096, 1757]]","[[204, 141], [159, 158]]"
disclosure_x_bias,187,init_easy,F1,log_loss,0.6036535932988404,0.8998576435265135,0.6597848401105408,0.5497964721845319,0.007193220906897301,0.2804603703676599,0.009169587298881487,0.04196717642681755,"[[2168, 937], [1090, 1763]]","[[204, 141], [157, 160]]"
disclosure_x_bias,188,init_easy,F1,log_loss,0.6035310020767755,0.8992672810273241,0.6602890417912131,0.5497964721845319,0.0071385789533778745,0.2786931890632612,0.009647738102383275,0.04196717642681755,"[[2168, 937], [1087, 1766]]","[[204, 141], [157, 160]]"
disclosure_x_bias,189,init_easy,F1,log_loss,0.6034177985316367,0.8994095872060418,0.6606243302690203,0.5482813206693804,0.007127436936346406,0.2787645265784299,0.009486108620919127,0.04119210622481848,"[[2172, 933], [1089, 1764]]","[[204, 141], [158, 159]]"
disclosure_x_bias,190,init_easy,F1,log_loss,0.6033080412244106,0.8992266606505808,0.6606243302690203,0.5482813206693804,0.007122266844667155,0.2788663320726102,0.009999790792653824,0.04119210622481848,"[[2171, 934], [1088, 1765]]","[[204, 141], [158, 159]]"
disclosure_x_bias,191,init_easy,F1,log_loss,0.6031960900824027,0.8995064280193951,0.6604565450341211,0.5467661691542288,0.007128741276630033,0.2789419042800373,0.009879643107681118,0.04096643767172271,"[[2175, 930], [1093, 1760]]","[[204, 141], [159, 158]]"
disclosure_x_bias,192,init_easy,F1,log_loss,0.6030752467345872,0.8996352149165135,0.6606243302690203,0.5482813206693804,0.007146239904786327,0.278798977857924,0.009905504710016699,0.04119210622481848,"[[2169, 936], [1086, 1767]]","[[204, 141], [158, 159]]"
disclosure_x_bias,193,init_easy,F1,log_loss,0.6029585313840082,0.8995666091151767,0.6609601827308105,0.5467661691542288,0.007160708131875891,0.2789017970793247,0.010186185604594522,0.04096643767172271,"[[2172, 933], [1087, 1766]]","[[204, 141], [159, 158]]"
disclosure_x_bias,194,init_easy,F1,log_loss,0.6028541876311426,0.8997249013309411,0.6606246122610118,0.5482813206693804,0.007158095060918886,0.27867484933603787,0.010328431638594123,0.04119210622481848,"[[2169, 936], [1086, 1767]]","[[204, 141], [158, 159]]"
disclosure_x_bias,195,init_easy,F1,log_loss,0.6027559571253462,0.8994614645208368,0.6611279679657097,0.5467661691542288,0.00715382175269517,0.27899533770823576,0.010563590193058952,0.04096643767172271,"[[2173, 932], [1087, 1766]]","[[204, 141], [159, 158]]"
disclosure_x_bias,196,init_easy,F1,log_loss,0.60265574005892,0.899675665112523,0.6607923974959111,0.5482813206693804,0.007149171095955445,0.2788630198217931,0.010440416811019643,0.04119210622481848,"[[2169, 936], [1085, 1768]]","[[204, 141], [158, 159]]"
disclosure_x_bias,197,init_easy,F1,log_loss,0.6025543854511588,0.8998010156028403,0.6609599007388189,0.5467661691542288,0.007142825690510849,0.2789104811063256,0.009263754596261022,0.04096643767172271,"[[2166, 939], [1081, 1772]]","[[204, 141], [159, 158]]"
disclosure_x_bias,198,init_easy,F1,log_loss,0.602456188129121,0.8998836526273155,0.6612951892166262,0.5482813206693804,0.007139909730220781,0.2787294071499788,0.009733383879397768,0.04119210622481848,"[[2171, 934], [1084, 1769]]","[[204, 141], [158, 159]]"
disclosure_x_bias,199,init_easy,F1,log_loss,0.6023460880548094,0.9000958716150921,0.6616318876543905,0.5513116236996833,0.007126722603316811,0.278823547068118,0.0099323452883718,0.042066393432990484,"[[2165, 940], [1076, 1777]]","[[204, 141], [156, 161]]"
disclosure_x_bias,200,init_easy,F1,log_loss,0.60224190190006,0.9001708658589933,0.6617993908972986,0.5497964721845319,0.0071205744486176935,0.2787373943142391,0.010039877093568366,0.041354911373490774,"[[2167, 938], [1077, 1776]]","[[204, 141], [157, 160]]"
disclosure_x_bias,201,init_easy,F1,log_loss,0.6021337803122837,0.9003157312371608,0.6616318876543906,0.5513116236996833,0.007120074129588639,0.27883220710327383,0.010088581176520504,0.042066393432990484,"[[2165, 940], [1076, 1777]]","[[204, 141], [156, 161]]"
disclosure_x_bias,202,init_easy,F1,log_loss,0.6020196626815542,0.9002459026434545,0.6617999548812814,0.5513116236996833,0.007119589605398334,0.2788597207326106,0.010327748125342248,0.042066393432990484,"[[2163, 942], [1073, 1780]]","[[204, 141], [156, 161]]"
disclosure_x_bias,203,init_easy,F1,log_loss,0.6019187185296748,0.9004091737622361,0.6619671761321978,0.5513116236996833,0.007122291520285074,0.27872482558055595,0.010196345750757911,0.042066393432990484,"[[2164, 941], [1073, 1780]]","[[204, 141], [156, 161]]"
disclosure_x_bias,204,init_easy,F1,log_loss,0.6018226879582194,0.9005242220811395,0.6612954712086176,0.5513116236996833,0.007116617385269558,0.2788063335761602,0.01049884736363596,0.042066393432990484,"[[2161, 944], [1074, 1779]]","[[204, 141], [156, 161]]"
disclosure_x_bias,205,init_easy,F1,log_loss,0.6017260873400364,0.9006353834858487,0.6614638204274998,0.5513116236996833,0.007111117294269245,0.27883854487332066,0.01027723784004676,0.042066393432990484,"[[2162, 943], [1074, 1779]]","[[204, 141], [156, 161]]"
disclosure_x_bias,206,init_easy,F1,log_loss,0.6016301493365327,0.9007187192491986,0.6623030285939879,0.5497964721845319,0.007107313415312747,0.2787171549351028,0.010480011756841634,0.041354911373490774,"[[2166, 939], [1073, 1780]]","[[204, 141], [157, 160]]"
disclosure_x_bias,207,init_easy,F1,log_loss,0.6015281033826633,0.9007133389749772,0.6619671761321978,0.5497964721845319,0.007104806279047784,0.2787186575372236,0.010675908663807857,0.041354911373490774,"[[2168, 937], [1077, 1776]]","[[204, 141], [157, 160]]"
disclosure_x_bias,208,init_easy,F1,log_loss,0.601434222601398,0.9006958286729088,0.6624708138288873,0.5513116236996833,0.007101475315338681,0.2786378301796861,0.009856059076524456,0.04020616680147565,"[[2171, 934], [1077, 1776]]","[[205, 140], [157, 160]]"
disclosure_x_bias,209,init_easy,F1,log_loss,0.6013321327831466,0.9007520261133518,0.6624705318368959,0.5513116236996833,0.007098733842354074,0.2787371312100946,0.009835725618967853,0.04020616680147565,"[[2171, 934], [1077, 1776]]","[[205, 140], [157, 160]]"
disclosure_x_bias,210,init_easy,F1,log_loss,0.6012327751458607,0.9007699295637707,0.6624705318368959,0.5513116236996833,0.007096697708606609,0.2786449917435845,0.009545214583317425,0.04020616680147565,"[[2171, 934], [1077, 1776]]","[[205, 140], [157, 160]]"
disclosure_x_bias,211,init_easy,F1,log_loss,0.6011289808887765,0.9007971052675037,0.6626385990637866,0.5513116236996833,0.0070938627448932715,0.278606963175265,0.009907256869291165,0.04020616680147565,"[[2170, 935], [1075, 1778]]","[[205, 140], [157, 160]]"
disclosure_x_bias,212,init_easy,F1,log_loss,0.6010291858681628,0.9006886944347045,0.6626385990637866,0.5497964721845319,0.007096593905265241,0.27844451847164453,0.009781656992098034,0.04010234768250568,"[[2174, 931], [1079, 1774]]","[[204, 141], [157, 160]]"
disclosure_x_bias,213,init_easy,F1,log_loss,0.6009327169112052,0.9008893977882245,0.6626385990637866,0.5513116236996833,0.0070965037853288546,0.2785081811624706,0.009454912714365457,0.04020616680147565,"[[2169, 936], [1074, 1779]]","[[205, 140], [157, 160]]"
disclosure_x_bias,214,init_easy,F1,log_loss,0.6008380606500109,0.9009150823925047,0.6634772432462918,0.5482813206693804,0.0070916780689685216,0.2785081401284523,0.009284797570241624,0.04119210622481848,"[[2175, 930], [1075, 1778]]","[[204, 141], [158, 159]]"
disclosure_x_bias,215,init_easy,F1,log_loss,0.600746449398699,0.9009518252032931,0.6638133777000733,0.5482813206693804,0.007088145124992093,0.2782162881429732,0.009089350093629916,0.04119210622481848,"[[2173, 932], [1071, 1782]]","[[204, 141], [158, 159]]"
disclosure_x_bias,216,init_easy,F1,log_loss,0.6006526403800249,0.9007868844689296,0.6643172973887541,0.5482813206693804,0.007084419272465269,0.2783402964765888,0.009104646721212174,0.04119210622481848,"[[2175, 930], [1070, 1783]]","[[204, 141], [158, 159]]"
disclosure_x_bias,217,init_easy,F1,log_loss,0.600557165096444,0.9010968323439673,0.6643172973887541,0.5467661691542288,0.007082385844861416,0.27816728494093995,0.008646492070533193,0.042793628300276276,"[[2172, 933], [1067, 1786]]","[[203, 142], [158, 159]]"
disclosure_x_bias,218,init_easy,F1,log_loss,0.6004615910743926,0.9010238017385446,0.6653237268061587,0.5482813206693804,0.007081567794125595,0.2780966749548672,0.00804378589242262,0.04119210622481848,"[[2175, 930], [1064, 1789]]","[[204, 141], [158, 159]]"
disclosure_x_bias,219,init_easy,F1,log_loss,0.6003640706355388,0.9012241728062504,0.6649884383283514,0.5467661691542288,0.007077602620822933,0.27820972646990133,0.007501164339773031,0.040338986266151886,"[[2175, 930], [1066, 1787]]","[[203, 142], [158, 159]]"
disclosure_x_bias,220,init_easy,F1,log_loss,0.6002687995517098,0.9010217890927403,0.66465230387457,0.5482813206693804,0.0070804552760389385,0.2782072663377842,0.00829963107880596,0.04119210622481848,"[[2172, 933], [1065, 1788]]","[[204, 141], [158, 159]]"
disclosure_x_bias,221,init_easy,F1,log_loss,0.6001776618151948,0.901078891545555,0.6653242907901415,0.5482813206693804,0.007077043632630754,0.27811258489853125,0.008325270496286575,0.04056814529537153,"[[2176, 929], [1065, 1788]]","[[204, 141], [158, 159]]"
disclosure_x_bias,222,init_easy,F1,log_loss,0.6000837620279347,0.9008639932021252,0.6648200891094693,0.5482813206693804,0.007071872020864022,0.2782428622642145,0.008423723921964886,0.04119210622481848,"[[2178, 927], [1070, 1783]]","[[205, 140], [159, 158]]"
disclosure_x_bias,223,init_easy,F1,log_loss,0.5999880144902747,0.901020403665105,0.6648209350854436,0.5482813206693804,0.007074888066354241,0.2784350998512066,0.007519390440384417,0.04300971079683969,"[[2170, 935], [1062, 1791]]","[[203, 142], [157, 160]]"
disclosure_x_bias,224,init_easy,F1,log_loss,0.5998967191246779,0.9009167194913313,0.6651559415712593,0.5467661691542288,0.007072883685272339,0.27830342861895546,0.008424300572681372,0.042193357540871904,"[[2172, 933], [1062, 1791]]","[[203, 142], [158, 159]]"
disclosure_x_bias,225,init_easy,F1,log_loss,0.5998050571765198,0.9009161208790065,0.6659959957137217,0.5467661691542288,0.007070596773582687,0.27845467528272433,0.008340428765080416,0.042793628300276276,"[[2174, 931], [1059, 1794]]","[[202, 143], [157, 160]]"
disclosure_x_bias,226,init_easy,F1,log_loss,0.5997081412722841,0.9010821494472161,0.6656598612599403,0.5467661691542288,0.0070692171856748705,0.2785544001101357,0.008862989902797474,0.04096643767172271,"[[2180, 925], [1067, 1786]]","[[204, 141], [159, 158]]"
disclosure_x_bias,227,init_easy,F1,log_loss,0.5996038315824418,0.9011271767061206,0.6656598612599403,0.5482813206693804,0.00706475354303286,0.2784903717778963,0.008465873736119888,0.04300971079683969,"[[2174, 931], [1061, 1792]]","[[203, 142], [157, 160]]"
disclosure_x_bias,228,init_easy,F1,log_loss,0.5994968634606738,0.9013892035931491,0.6658276464948395,0.5452510176390774,0.007068491170261865,0.2785022403657747,0.00885298664039374,0.041912257164142735,"[[2179, 926], [1065, 1788]]","[[202, 143], [158, 159]]"
disclosure_x_bias,229,init_easy,F1,log_loss,0.5994004861494162,0.9014161077043518,0.6658273645028482,0.5452510176390774,0.007067711994354657,0.27835689603676433,0.00879472951631798,0.041912257164142735,"[[2180, 925], [1066, 1787]]","[[202, 143], [158, 159]]"
disclosure_x_bias,230,init_easy,F1,log_loss,0.5993037456212568,0.9014638968936757,0.6661632169646382,0.5452510176390774,0.007075088945667483,0.2783665905103944,0.009237988279049111,0.041912257164142735,"[[2180, 925], [1064, 1789]]","[[202, 143], [158, 159]]"
disclosure_x_bias,231,init_easy,F1,log_loss,0.5992001801683504,0.9015044933326035,0.6663318481755118,0.5452510176390774,0.007084047616360196,0.27813920117409874,0.008362368124403599,0.041912257164142735,"[[2180, 925], [1063, 1790]]","[[202, 143], [158, 159]]"
disclosure_x_bias,232,init_easy,F1,log_loss,0.5991080238282931,0.9014008608603643,0.6659951497377474,0.5452510176390774,0.007085032549069201,0.2782749032455117,0.009727503460634716,0.041912257164142735,"[[2178, 927], [1063, 1790]]","[[202, 143], [158, 159]]"
disclosure_x_bias,233,init_easy,F1,log_loss,0.5990184104451369,0.9013766511183847,0.6670029891151091,0.5452510176390774,0.007079931506300188,0.27820808940973796,0.009373466411537036,0.040044870994949765,"[[2185, 920], [1064, 1789]]","[[203, 142], [159, 158]]"
disclosure_x_bias,234,init_easy,F1,log_loss,0.5989248281713246,0.9015623628472442,0.6666665726693362,0.5437358661239258,0.0070748883508944,0.278080121827234,0.009030817683944033,0.041567940294914514,"[[2185, 920], [1066, 1787]]","[[202, 143], [159, 158]]"
disclosure_x_bias,235,init_easy,F1,log_loss,0.5988356700624847,0.9016238942909446,0.6663304382155546,0.5437358661239258,0.007072324785728421,0.278260585608889,0.009736960872246146,0.041567940294914514,"[[2181, 924], [1064, 1789]]","[[202, 143], [159, 158]]"
disclosure_x_bias,236,init_easy,F1,log_loss,0.5987469687182663,0.901870219117515,0.6670021431391349,0.5437358661239258,0.007069781690058625,0.2781138269337729,0.009441732916952043,0.041567940294914514,"[[2181, 924], [1060, 1793]]","[[202, 143], [159, 158]]"
disclosure_x_bias,237,init_easy,F1,log_loss,0.5986433214803843,0.9019285370285959,0.6673377136089335,0.5437358661239258,0.007072852097348272,0.2780964054012982,0.00923179180393285,0.041567940294914514,"[[2182, 923], [1059, 1794]]","[[202, 143], [159, 158]]"
disclosure_x_bias,238,init_easy,F1,log_loss,0.5985458478628704,0.9019159456945088,0.6668340759122441,0.5437358661239258,0.007074713129846706,0.27809173172720464,0.009808862893170374,0.041567940294914514,"[[2180, 925], [1060, 1793]]","[[202, 143], [159, 158]]"
disclosure_x_bias,239,init_easy,F1,log_loss,0.5984481245884348,0.9018620900350192,0.6671702103660256,0.5437358661239258,0.007073748477443601,0.2783020373023493,0.009225985656118468,0.041567940294914514,"[[2182, 923], [1060, 1793]]","[[202, 143], [159, 158]]"
disclosure_x_bias,240,init_easy,F1,log_loss,0.5983328221453191,0.9012934002904227,0.6673374316169421,0.5437358661239258,0.007032156277542022,0.2765346589167081,0.00967381944666241,0.041567940294914514,"[[2179, 926], [1056, 1797]]","[[202, 143], [159, 158]]"
disclosure_x_bias,241,init_easy,F1,log_loss,0.5982444198255552,0.901294202631504,0.6664982234504541,0.5437358661239258,0.007030505287714887,0.27643262750097275,0.009583804378781733,0.041567940294914514,"[[2178, 927], [1060, 1793]]","[[202, 143], [159, 158]]"
disclosure_x_bias,242,init_easy,F1,log_loss,0.5981560705433322,0.9013011620811376,0.6670018611471434,0.5452284034373587,0.007025043193082122,0.2763878274927432,0.009385712081601714,0.04389628269406333,"[[2175, 930], [1054, 1799]]","[[202, 143], [158, 159]]"
disclosure_x_bias,243,init_easy,F1,log_loss,0.598062187309408,0.9012652570292772,0.6680091365405223,0.542243328810493,0.007020221067013349,0.2762755764274293,0.009690500886860135,0.039666825421324284,"[[2187, 918], [1060, 1793]]","[[202, 143], [160, 157]]"
disclosure_x_bias,244,init_easy,F1,log_loss,0.59797177717494,0.9013633222313656,0.6675054988438329,0.5452284034373587,0.007018797411147609,0.27625096207672123,0.009014983210623604,0.04389628269406333,"[[2180, 925], [1056, 1797]]","[[202, 143], [158, 159]]"
disclosure_x_bias,245,init_easy,F1,log_loss,0.5978762458069374,0.9013491069008124,0.6681774857594045,0.542243328810493,0.007018462896041697,0.2762744727010208,0.00934951746246054,0.039666825421324284,"[[2189, 916], [1061, 1792]]","[[202, 143], [160, 157]]"
disclosure_x_bias,246,init_easy,F1,log_loss,0.5977852037016971,0.9012457360473627,0.6680094185325137,0.545273631840796,0.007019424366752118,0.27645059999332167,0.008940051486236956,0.04107199481478666,"[[2184, 921], [1057, 1796]]","[[202, 143], [158, 159]]"
disclosure_x_bias,247,init_easy,F1,log_loss,0.5976820545910471,0.9014947539622933,0.6680099825164966,0.5437584803256444,0.007020987810854603,0.27639654269298186,0.008916915649482096,0.040090223962921216,"[[2184, 921], [1057, 1796]]","[[202, 143], [159, 158]]"
disclosure_x_bias,248,init_easy,F1,log_loss,0.5975897789834967,0.9014677541050921,0.6676732840787322,0.5467435549525101,0.00701354666894291,0.2763434426048008,0.009070906232140812,0.044165618940857965,"[[2177, 928], [1052, 1801]]","[[202, 143], [157, 160]]"
disclosure_x_bias,249,init_easy,F1,log_loss,0.5975048866582768,0.9014734832877004,0.6686808414641024,0.542243328810493,0.007010356674776584,0.276242375641264,0.009159527914413539,0.039666825421324284,"[[2189, 916], [1058, 1795]]","[[202, 143], [160, 157]]"
disclosure_x_bias,250,init_easy,F1,log_loss,0.5974201480435335,0.9014488154850124,0.6685127742372117,0.5482587064676616,0.007008220804799432,0.27627782069360607,0.009240222633300658,0.04494701147772049,"[[2180, 925], [1050, 1803]]","[[202, 143], [156, 161]]"
disclosure_x_bias,251,init_easy,F1,log_loss,0.5973165414308598,0.9015327488106051,0.6688489086909932,0.542243328810493,0.007015301916829292,0.2765224724523739,0.008831624799286023,0.039666825421324284,"[[2191, 914], [1059, 1794]]","[[202, 143], [160, 157]]"
disclosure_x_bias,252,init_easy,F1,log_loss,0.5972245748089476,0.9014811749894955,0.6690166939258925,0.5452510176390774,0.007015974079616314,0.27633320630706965,0.009138539008952878,0.04251649683503552,"[[2190, 915], [1057, 1796]]","[[202, 143], [158, 159]]"
disclosure_x_bias,253,init_easy,F1,log_loss,0.5971390046263869,0.9013404760185567,0.669016975917884,0.5437358661239258,0.007013559925054237,0.27637983893706675,0.00795482317512427,0.041567940294914514,"[[2192, 913], [1059, 1794]]","[[202, 143], [159, 158]]"
disclosure_x_bias,254,init_easy,F1,log_loss,0.5970377466815534,0.9014019066635444,0.6688491906829845,0.5437358661239258,0.007001024178251592,0.2763514261124062,0.007763144211553361,0.041567940294914514,"[[2192, 913], [1060, 1793]]","[[202, 143], [159, 158]]"
disclosure_x_bias,255,init_easy,F1,log_loss,0.5969484476366678,0.9013835565148443,0.6695208956065648,0.5422207146087743,0.007000923136073774,0.27635492807010764,0.008156516974570262,0.038600358673922586,"[[2192, 913], [1056, 1797]]","[[202, 143], [160, 157]]"
disclosure_x_bias,256,init_easy,F1,log_loss,0.5968564756849198,0.901404399764089,0.6690172579098753,0.5437358661239258,0.006998911138580369,0.2765283576887808,0.007981803389242762,0.041567940294914514,"[[2192, 913], [1059, 1794]]","[[202, 143], [159, 158]]"
disclosure_x_bias,257,init_easy,F1,log_loss,0.5967683936412105,0.901548296660531,0.6691847611527832,0.5437358661239258,0.006992731271537444,0.27658773409042886,0.008252650970308847,0.041567940294914514,"[[2190, 915], [1056, 1797]]","[[202, 143], [159, 158]]"
disclosure_x_bias,258,init_easy,F1,log_loss,0.5966834786150326,0.9015705405046279,0.669352828379674,0.5437358661239258,0.006991224319886575,0.27659965166214817,0.008813607094404074,0.041567940294914514,"[[2191, 914], [1056, 1797]]","[[202, 143], [159, 158]]"
disclosure_x_bias,259,init_easy,F1,log_loss,0.5965848351174348,0.9018352018170914,0.6693525463876826,0.542243328810493,0.006977732169630423,0.27651164444366705,0.008681769080416214,0.039666825421324284,"[[2191, 914], [1056, 1797]]","[[201, 144], [159, 158]]"
disclosure_x_bias,260,init_easy,F1,log_loss,0.5964992607421308,0.901916850054916,0.6695206136145734,0.542243328810493,0.006975090618519179,0.2764944900307404,0.008433310598640735,0.039666825421324284,"[[2191, 914], [1055, 1798]]","[[201, 144], [159, 158]]"
disclosure_x_bias,261,init_easy,F1,log_loss,0.5964131139465281,0.9019516460976078,0.6693525463876826,0.542243328810493,0.006975398695949927,0.27652570334080906,0.008161785964347763,0.039666825421324284,"[[2191, 914], [1056, 1797]]","[[201, 144], [159, 158]]"
disclosure_x_bias,262,init_easy,F1,log_loss,0.596317967307602,0.9017251070447827,0.669856184084372,0.542243328810493,0.006982447765084114,0.2765715127204639,0.008715359408421752,0.039666825421324284,"[[2192, 913], [1054, 1799]]","[[201, 144], [159, 158]]"
disclosure_x_bias,263,init_easy,F1,log_loss,0.5962270571549105,0.9019475982201648,0.6696878348654899,0.542243328810493,0.006985869738910526,0.27644027637273405,0.0086184326014675,0.039666825421324284,"[[2193, 912], [1056, 1797]]","[[201, 144], [159, 158]]"
disclosure_x_bias,264,init_easy,F1,log_loss,0.5961403016802395,0.9018771079906023,0.6698559020923807,0.5437358661239258,0.006983785895184342,0.27648221030538706,0.008762376197367475,0.041567940294914514,"[[2192, 913], [1054, 1799]]","[[202, 143], [159, 158]]"
disclosure_x_bias,265,init_easy,F1,log_loss,0.5960569750996034,0.9020301787830917,0.6696878348654899,0.542243328810493,0.006982815810238008,0.27660140444161874,0.007698249269320013,0.039666825421324284,"[[2194, 911], [1057, 1796]]","[[201, 144], [159, 158]]"
disclosure_x_bias,266,init_easy,F1,log_loss,0.5959733276006993,0.901963479615348,0.6701914725621793,0.542243328810493,0.006980449889784519,0.2765434065224729,0.008809789170137992,0.039666825421324284,"[[2195, 910], [1055, 1798]]","[[201, 144], [159, 158]]"
disclosure_x_bias,267,init_easy,F1,log_loss,0.5958899297438325,0.9020456522641954,0.6700234053352885,0.5407281772953414,0.0069780709016626615,0.27660200835291776,0.008491635393155485,0.036476371670439024,"[[2191, 914], [1052, 1801]]","[[201, 144], [160, 157]]"
disclosure_x_bias,268,init_easy,F1,log_loss,0.595803424098861,0.9021683254982662,0.6706948282668772,0.5407281772953414,0.006974264067890448,0.2764917441596544,0.009217466203552183,0.036476371670439024,"[[2195, 910], [1052, 1801]]","[[201, 144], [160, 157]]"
disclosure_x_bias,269,init_easy,F1,log_loss,0.5957196278528277,0.9021439124510794,0.6706948282668772,0.542243328810493,0.006972093449265675,0.2764038248790588,0.008871623794887915,0.03700535405700643,"[[2191, 914], [1048, 1805]]","[[201, 144], [159, 158]]"
disclosure_x_bias,270,init_easy,F1,log_loss,0.5956241371225179,0.9021999712254514,0.6708620495177937,0.5407281772953414,0.006968843511657077,0.2764442778273675,0.009023869979855138,0.036476371670439024,"[[2195, 910], [1051, 1802]]","[[201, 144], [160, 157]]"
disclosure_x_bias,271,init_easy,F1,log_loss,0.5955397696365066,0.9022290926632767,0.6717026676442389,0.542243328810493,0.0069670561765628565,0.2762189088900905,0.008564356586354165,0.037688346095507544,"[[2200, 905], [1051, 1802]]","[[201, 144], [159, 158]]"
disclosure_x_bias,272,init_easy,F1,log_loss,0.5954588466898012,0.9021739316559471,0.6710301167446844,0.5407281772953414,0.006963975337166994,0.27654974096503787,0.00910306731714753,0.036476371670439024,"[[2197, 908], [1052, 1801]]","[[201, 144], [160, 157]]"
disclosure_x_bias,273,init_easy,F1,log_loss,0.5953753875225216,0.9023708677562512,0.6717026676442389,0.542243328810493,0.0069620367469863135,0.27649256308680276,0.008152707025096781,0.03700535405700643,"[[2199, 906], [1050, 1803]]","[[201, 144], [159, 158]]"
disclosure_x_bias,274,init_easy,F1,log_loss,0.5952889873332137,0.9022778208919077,0.6711981839715752,0.542243328810493,0.006956437181323109,0.27653919579255043,0.00897064418948195,0.037688346095507544,"[[2196, 909], [1050, 1803]]","[[201, 144], [159, 158]]"
disclosure_x_bias,275,init_easy,F1,log_loss,0.5952096755319316,0.9024677634979075,0.6717023856522475,0.542243328810493,0.006954203352900228,0.2766013561950779,0.007892602538977007,0.037688346095507544,"[[2200, 905], [1051, 1802]]","[[201, 144], [159, 158]]"
disclosure_x_bias,276,init_easy,F1,log_loss,0.595118451329232,0.9022967171244856,0.6718704528791382,0.5437584803256444,0.00696266990260113,0.2766087593405432,0.007884131204667582,0.03677159290465143,"[[2200, 905], [1050, 1803]]","[[202, 143], [159, 158]]"
disclosure_x_bias,277,init_easy,F1,log_loss,0.595030839173534,0.9026575442692885,0.6713659692064745,0.545273631840796,0.006965460879846353,0.27629515631607526,0.007670509860323669,0.035039576699678804,"[[2195, 910], [1048, 1805]]","[[202, 143], [158, 159]]"
disclosure_x_bias,278,init_easy,F1,log_loss,0.5949370949491449,0.9027225635190625,0.6720382381140375,0.545273631840796,0.006974145724847681,0.27645549255942115,0.007601964096416634,0.035039576699678804,"[[2200, 905], [1049, 1804]]","[[202, 143], [158, 159]]"
disclosure_x_bias,279,init_easy,F1,log_loss,0.5948531636526015,0.9027750073807284,0.6722063053409283,0.545273631840796,0.006972303064837419,0.2764923918536488,0.007204631141229426,0.03850776477471062,"[[2202, 903], [1050, 1803]]","[[201, 144], [157, 160]]"
disclosure_x_bias,280,init_easy,F1,log_loss,0.5947591276110873,0.9026683264418413,0.672541875810727,0.5483039348710991,0.006971869729850332,0.2765355293634968,0.007482774470201321,0.03491113244052487,"[[2202, 903], [1048, 1805]]","[[202, 143], [156, 161]]"
disclosure_x_bias,281,init_easy,F1,log_loss,0.5946786495268684,0.902763772606575,0.6722063053409283,0.5467887833559475,0.0069710262491705565,0.2765783031234811,0.007204631141229426,0.0381496883774872,"[[2201, 904], [1049, 1804]]","[[201, 144], [156, 161]]"
disclosure_x_bias,282,init_easy,F1,log_loss,0.5945926259973933,0.902871635648163,0.672541875810727,0.5467887833559475,0.006970082667966902,0.2765639217425111,0.007482774470201321,0.035374254948733065,"[[2201, 904], [1047, 1806]]","[[201, 144], [156, 161]]"
disclosure_x_bias,283,init_easy,F1,log_loss,0.5945115674201908,0.9028746799223886,0.6725415938187356,0.5483039348710991,0.006970076787140222,0.27662638424734326,0.007783145051956627,0.03491113244052487,"[[2201, 904], [1047, 1806]]","[[202, 143], [156, 161]]"
disclosure_x_bias,284,init_easy,F1,log_loss,0.5944220280996482,0.9030084445843958,0.6727093790536348,0.545273631840796,0.006967219027838332,0.2764918437540157,0.007847790657402374,0.03715935337009699,"[[2201, 904], [1046, 1807]]","[[201, 144], [157, 160]]"
disclosure_x_bias,285,init_easy,F1,log_loss,0.5943407139471383,0.9029188093420055,0.672541875810727,0.5467887833559475,0.006964736143960736,0.276582928544288,0.007524460858922542,0.03881254856138329,"[[2200, 905], [1046, 1807]]","[[200, 145], [155, 162]]"
disclosure_x_bias,286,init_easy,F1,log_loss,0.5942516889110099,0.9029335872875748,0.6723738085838362,0.545273631840796,0.00696954015081852,0.2764557061277612,0.00775434802534593,0.0404461809759031,"[[2198, 907], [1045, 1808]]","[[200, 145], [156, 161]]"
disclosure_x_bias,287,init_easy,F1,log_loss,0.5941681647755799,0.9029301422360925,0.6718704528791382,0.545273631840796,0.006969801733324258,0.27659215042348445,0.007764602138081517,0.041071994814786635,"[[2200, 905], [1050, 1803]]","[[200, 145], [156, 161]]"
disclosure_x_bias,288,init_easy,F1,log_loss,0.5940858679587329,0.9029976661808284,0.6725415938187356,0.545273631840796,0.006958212506172983,0.27649402469066825,0.007742851506663206,0.03981053067977306,"[[2202, 903], [1048, 1805]]","[[201, 144], [157, 160]]"
disclosure_x_bias,289,init_easy,F1,log_loss,0.5939997733961019,0.9030565560372829,0.6720382381140375,0.545273631840796,0.006959557512258806,0.27652054926194214,0.007683817606784305,0.041071994814786635,"[[2200, 905], [1049, 1804]]","[[200, 145], [156, 161]]"
disclosure_x_bias,290,init_easy,F1,log_loss,0.5939185958251435,0.9030700591795636,0.6720382381140375,0.5483039348710991,0.00695890730129141,0.2765967890678383,0.007925369052160337,0.040962470519404166,"[[2197, 908], [1046, 1807]]","[[201, 144], [155, 162]]"
disclosure_x_bias,291,init_easy,F1,log_loss,0.5938409465183029,0.9030141033466188,0.6722060233489369,0.5467887833559475,0.006956186441172307,0.2766010481807834,0.008344049690289438,0.041357886018885875,"[[2197, 908], [1045, 1808]]","[[200, 145], [155, 162]]"
disclosure_x_bias,292,init_easy,F1,log_loss,0.5937634089285222,0.90320911141258,0.6725421578027184,0.5483039348710991,0.006953661291886439,0.2766110975518629,0.00738531557604103,0.039049691208279655,"[[2200, 905], [1046, 1807]]","[[201, 144], [155, 162]]"
disclosure_x_bias,293,init_easy,F1,log_loss,0.5936784476467606,0.9030343384973897,0.6722060233489369,0.5467887833559475,0.006957289593589766,0.2766337856451903,0.007921357660137735,0.03946427661012033,"[[2205, 900], [1053, 1800]]","[[200, 145], [155, 162]]"
disclosure_x_bias,294,init_easy,F1,log_loss,0.5935954258061594,0.9032128851645913,0.6722063053409284,0.5483039348710991,0.006957998765689855,0.27651613405811915,0.0077887787309064175,0.039049691208279655,"[[2203, 902], [1051, 1802]]","[[201, 144], [155, 162]]"
disclosure_x_bias,295,init_easy,F1,log_loss,0.5935153046524927,0.903142939004827,0.6720382381140376,0.5483039348710991,0.0069532380941437115,0.2765983591262383,0.008042247439077095,0.039049691208279655,"[[2199, 906], [1048, 1805]]","[[201, 144], [155, 162]]"
disclosure_x_bias,296,init_easy,F1,log_loss,0.5934288721636835,0.9033922825098815,0.6727090970616435,0.5513116236996833,0.006947796849282048,0.2763611812445433,0.008620222021733114,0.04083565906653688,"[[2201, 904], [1046, 1807]]","[[202, 143], [154, 163]]"
disclosure_x_bias,297,init_easy,F1,log_loss,0.5933406231440019,0.9032860616457044,0.6720379561220462,0.5513342379014021,0.006934217126544202,0.2763827324530136,0.007818708283253576,0.03996896221442021,"[[2195, 910], [1044, 1809]]","[[201, 144], [153, 164]]"
disclosure_x_bias,298,init_easy,F1,log_loss,0.5932449922608952,0.9033197353172685,0.6723735265918448,0.5483039348710991,0.006942679649149989,0.2763191950336796,0.0084245664682647,0.039049691208279655,"[[2204, 901], [1051, 1802]]","[[201, 144], [155, 162]]"
disclosure_x_bias,299,init_easy,F1,log_loss,0.5931477751661764,0.9032250495422709,0.672541875810727,0.5483039348710991,0.006944313612274467,0.2763221865191664,0.008201285646446605,0.039049691208279655,"[[2200, 905], [1046, 1807]]","[[201, 144], [155, 162]]"
disclosure_x_bias,300,init_easy,F1,log_loss,0.5930683098241297,0.9031503347212263,0.6727093790536349,0.5483039348710991,0.006944451398615525,0.2761380624293367,0.007887548139185756,0.039049691208279655,"[[2202, 903], [1047, 1806]]","[[201, 144], [155, 162]]"
disclosure_x_bias,1,init_easy,F1,exponential,27.0765760990323,30.113200949768732,0.6181583103039874,0.5468566259611036,14.862008298231043,33.90156910793008,0.02399627250590758,0.024994530524254606,"[[2030, 1075], [1200, 1653]]","[[209, 136], [164, 153]]"
disclosure_x_bias,2,init_easy,F1,exponential,27.091928534652446,30.21332883974108,0.6189986464384412,0.5468566259611036,14.858642343937564,34.15156882910767,0.022542693543351464,0.024994530524254606,"[[2037, 1068], [1202, 1651]]","[[209, 136], [164, 153]]"
disclosure_x_bias,3,init_easy,F1,exponential,27.039807444762015,30.03869485183457,0.6206779087473916,0.5483717774762551,14.869903726332176,34.055596162364466,0.022940269284554365,0.02634345820143053,"[[2048, 1057], [1203, 1650]]","[[210, 135], [164, 153]]"
disclosure_x_bias,4,init_easy,F1,exponential,26.92708521637786,30.125893301411075,0.6215165529298968,0.5483717774762551,14.804428410944043,34.29302418585275,0.02314324904939431,0.02634345820143053,"[[2053, 1052], [1203, 1650]]","[[210, 135], [164, 153]]"
disclosure_x_bias,5,init_easy,F1,exponential,26.9331620350072,30.097949856646107,0.6240364333652925,0.5438715513342378,14.812372239908905,34.26563212556051,0.02136093757999801,0.027877195430870284,"[[2084, 1021], [1219, 1634]]","[[210, 135], [167, 150]]"
disclosure_x_bias,6,init_easy,F1,exponential,26.82278885900704,29.9945092048553,0.6242045005921832,0.5438715513342378,14.764195899155641,34.501382719555345,0.02158236055978644,0.027877195430870284,"[[2085, 1020], [1219, 1634]]","[[210, 135], [167, 150]]"
disclosure_x_bias,7,init_easy,F1,exponential,26.54034154015192,29.710333410502066,0.6253792792284699,0.5438715513342378,14.696578837459928,34.49706912303537,0.02158905402542831,0.027877195430870284,"[[2092, 1013], [1219, 1634]]","[[210, 135], [167, 150]]"
disclosure_x_bias,8,init_easy,F1,exponential,26.529131383026247,29.68900233198343,0.6255470644633693,0.5438715513342378,14.681208180723852,34.47845268588792,0.021425055084503125,0.027877195430870284,"[[2097, 1008], [1223, 1630]]","[[210, 135], [167, 150]]"
disclosure_x_bias,9,init_easy,F1,exponential,26.540209651192093,29.757106274474843,0.6272249168123626,0.5544776119402985,14.677899460726248,34.679117918744495,0.017445556613574057,0.05151257809546473,"[[2066, 1039], [1182, 1671]]","[[209, 136], [159, 158]]"
disclosure_x_bias,10,init_easy,F1,exponential,26.503955068197246,29.721715521941668,0.6278960577519599,0.5544776119402985,14.65568725827079,34.64361442110977,0.016446884057227936,0.05151257809546473,"[[2073, 1032], [1185, 1668]]","[[209, 136], [159, 158]]"
disclosure_x_bias,11,init_easy,F1,exponential,26.29107694015193,29.46735945655464,0.6277279905250691,0.5544776119402985,14.625871682779154,34.64712353885495,0.016197842294226335,0.05151257809546473,"[[2070, 1035], [1183, 1670]]","[[209, 136], [159, 158]]"
disclosure_x_bias,12,init_easy,F1,exponential,26.247971022970184,29.3989925740174,0.6289024871693644,0.5544776119402985,14.626799017074564,34.87332443442563,0.014935296163352938,0.05151257809546473,"[[2094, 1011], [1200, 1653]]","[[211, 134], [161, 156]]"
disclosure_x_bias,13,init_easy,F1,exponential,26.213007440491726,29.389895602752432,0.6295739101009532,0.5575079149706015,14.599275601567118,34.884366423272425,0.015216766502907826,0.05278865485291557,"[[2099, 1006], [1201, 1652]]","[[213, 132], [161, 156]]"
disclosure_x_bias,14,init_easy,F1,exponential,26.197485237155973,29.385964367982133,0.630077265805651,0.559023066485753,14.587258137994157,34.88669669621131,0.01528592171778537,0.05262143276816594,"[[2104, 1001], [1203, 1650]]","[[214, 131], [161, 156]]"
disclosure_x_bias,15,init_easy,F1,exponential,25.998175872700035,29.249870998590808,0.630077265805651,0.559023066485753,14.546112731694027,34.93189048958187,0.01528592171778537,0.05262143276816594,"[[2105, 1000], [1204, 1649]]","[[214, 131], [161, 156]]"
disclosure_x_bias,16,init_easy,F1,exponential,25.971945418119816,29.245907799945115,0.6304131182674413,0.559023066485753,14.515611600343398,34.9229856761305,0.015107656744900746,0.05262143276816594,"[[2107, 998], [1204, 1649]]","[[214, 131], [161, 156]]"
disclosure_x_bias,17,init_easy,F1,exponential,25.88921323046153,29.145022092381303,0.6304131182674413,0.559023066485753,14.488041903226428,35.09625937970572,0.01510765674490076,0.05262143276816594,"[[2111, 994], [1208, 1645]]","[[215, 130], [162, 155]]"
disclosure_x_bias,18,init_easy,F1,exponential,25.884589729167583,29.01966211146841,0.630581185494332,0.5575305291723203,14.522737143457707,35.02675707350938,0.014884854663322485,0.054427058818320065,"[[2105, 1000], [1201, 1652]]","[[214, 131], [162, 155]]"
disclosure_x_bias,19,init_easy,F1,exponential,25.898708475108663,29.036203426464795,0.6307492527212227,0.5575305291723203,14.52719220975767,35.05558704092801,0.014677923430438486,0.054427058818320065,"[[2105, 1000], [1200, 1653]]","[[214, 131], [162, 155]]"
disclosure_x_bias,20,init_easy,F1,exponential,25.791767244975187,29.013724415542463,0.6304134002594326,0.5575305291723203,14.49418079250691,35.03438536264133,0.014376135414239828,0.054427058818320065,"[[2103, 1002], [1200, 1653]]","[[214, 131], [162, 155]]"
disclosure_x_bias,21,init_easy,F1,exponential,25.677257223983695,28.863980122382976,0.6305814674863234,0.5575305291723203,14.4562867466637,35.06029086616996,0.014621908750319703,0.054427058818320065,"[[2106, 999], [1202, 1651]]","[[214, 131], [162, 155]]"
disclosure_x_bias,22,init_easy,F1,exponential,25.674136858221953,28.940669203302196,0.6309170379561221,0.5575305291723203,14.435068787695633,35.230549589376956,0.014774007313641048,0.054427058818320065,"[[2106, 999], [1200, 1653]]","[[214, 131], [162, 155]]"
disclosure_x_bias,23,init_easy,F1,exponential,25.68551372900719,28.924475802250566,0.6312526084259207,0.5575305291723203,14.434977203224326,35.2147553682284,0.015083000672632135,0.054427058818320065,"[[2109, 996], [1201, 1652]]","[[214, 131], [162, 155]]"
disclosure_x_bias,24,init_easy,F1,exponential,25.602831695412032,28.75898056443129,0.6317559641306187,0.5560153776571687,14.427351222333066,35.210912225734475,0.015316989342932267,0.054542701143771764,"[[2113, 992], [1202, 1651]]","[[214, 131], [163, 154]]"
disclosure_x_bias,25,init_easy,F1,exponential,25.591323837499328,28.741949474741197,0.6332665952286956,0.5560153776571687,14.427337963625092,35.175712899751275,0.014282472067502718,0.054542701143771764,"[[2098, 1007], [1178, 1675]]","[[212, 133], [161, 156]]"
disclosure_x_bias,26,init_easy,F1,exponential,25.586054944170435,28.720548538499806,0.6332665952286956,0.5560153776571687,14.439646822374787,35.10756621446046,0.014282472067502718,0.054542701143771764,"[[2099, 1006], [1179, 1674]]","[[212, 133], [161, 156]]"
disclosure_x_bias,27,init_easy,F1,exponential,25.57362356010909,28.67739709973419,0.6334343804635949,0.5575079149706015,14.456308204985936,35.203903752025305,0.014062271899917746,0.05278865485291557,"[[2098, 1007], [1177, 1676]]","[[212, 133], [160, 157]]"
disclosure_x_bias,28,init_easy,F1,exponential,25.49841959139506,28.563740085186243,0.6336021656984941,0.5575079149706015,14.44398582546479,35.25571609539386,0.014104984339502368,0.05278865485291557,"[[2100, 1005], [1178, 1675]]","[[212, 133], [160, 157]]"
disclosure_x_bias,29,init_easy,F1,exponential,25.380048667656695,28.534065106120824,0.6325954542890981,0.5575079149706015,14.392292261133852,35.19314151416029,0.015659521430448808,0.05278865485291557,"[[2123, 982], [1207, 1646]]","[[215, 130], [163, 154]]"
disclosure_x_bias,30,init_easy,F1,exponential,25.401089949633388,28.590587567125475,0.6327632395239975,0.5575079149706015,14.39655035230153,35.33009534175243,0.01572774935677121,0.05278865485291557,"[[2123, 982], [1206, 1647]]","[[215, 130], [163, 154]]"
disclosure_x_bias,31,init_easy,F1,exponential,25.315965624208896,28.476746494113286,0.6329310247588968,0.5575079149706015,14.372212794834796,35.349822458291946,0.015951357561288532,0.05278865485291557,"[[2125, 980], [1207, 1646]]","[[215, 130], [163, 154]]"
disclosure_x_bias,32,init_easy,F1,exponential,25.290425324167465,28.41051866210774,0.6339377361682927,0.5575079149706015,14.36975111690658,35.25417308593747,0.014227448236976366,0.05278865485291557,"[[2102, 1003], [1178, 1675]]","[[212, 133], [160, 157]]"
disclosure_x_bias,33,init_easy,F1,exponential,25.169285622499206,28.392952741179084,0.6339377361682927,0.5575079149706015,14.346999263353231,35.42873405851371,0.014227448236976366,0.05278865485291557,"[[2102, 1003], [1178, 1675]]","[[212, 133], [160, 157]]"
disclosure_x_bias,34,init_easy,F1,exponential,25.165505523122004,28.40763196083273,0.6334343804635949,0.5544776119402985,14.345412416123736,35.41955532499437,0.014946470695625665,0.045181448313186066,"[[2115, 990], [1194, 1659]]","[[212, 133], [162, 155]]"
disclosure_x_bias,35,init_easy,F1,exponential,25.177922034234868,28.414757710258026,0.6337699509333935,0.552962460425147,14.350887967864132,35.42922088346159,0.014623756682390932,0.047410404086498256,"[[2118, 987], [1195, 1658]]","[[212, 133], [163, 154]]"
disclosure_x_bias,36,init_easy,F1,exponential,25.172346179937247,28.339523571883614,0.6341055214031922,0.552962460425147,14.3734905556717,35.40226068267484,0.014822322015026455,0.047410404086498256,"[[2119, 986], [1194, 1659]]","[[212, 133], [163, 154]]"
disclosure_x_bias,37,init_easy,F1,exponential,25.06917691508755,28.290841970115974,0.6344410918729908,0.5544776119402985,14.44151476170229,35.30222514787085,0.013996245261102512,0.05101500269049291,"[[2108, 997], [1181, 1672]]","[[212, 133], [162, 155]]"
disclosure_x_bias,38,init_easy,F1,exponential,25.07678172642535,28.351266188780095,0.6346088771078902,0.5544776119402985,14.448946008022489,35.41531787007528,0.014070316629810084,0.05101500269049291,"[[2109, 996], [1181, 1672]]","[[212, 133], [162, 155]]"
disclosure_x_bias,39,init_easy,F1,exponential,25.079622355063158,28.328979238763004,0.6346088771078902,0.5575079149706015,14.447955124791363,35.42383837888311,0.014225083204749061,0.058735336162099645,"[[2098, 1007], [1170, 1683]]","[[212, 133], [160, 157]]"
disclosure_x_bias,40,init_easy,F1,exponential,25.009126054608362,28.241839586797,0.6352800180474875,0.5575079149706015,14.428630547341664,35.392211152662064,0.01373946127779829,0.058735336162099645,"[[2099, 1006], [1167, 1686]]","[[212, 133], [160, 157]]"
disclosure_x_bias,41,init_easy,F1,exponential,24.763535785430395,28.216291761454414,0.6356155885172861,0.55599276345545,14.31481980757854,35.57982108723965,0.013955102511432702,0.05927377405697906,"[[2101, 1004], [1167, 1686]]","[[212, 133], [161, 156]]"
disclosure_x_bias,42,init_easy,F1,exponential,24.748351396239286,28.172474795116255,0.6359511589870848,0.55599276345545,14.312144443246599,35.488836582164,0.014224750590556225,0.05927377405697906,"[[2103, 1002], [1167, 1686]]","[[212, 133], [161, 156]]"
disclosure_x_bias,43,init_easy,F1,exponential,24.739839369938483,28.19172133147717,0.6364545146917828,0.5590230664857531,14.313967214906269,35.46598371741705,0.013686124439628595,0.056816828575236386,"[[2097, 1008], [1158, 1695]]","[[211, 134], [158, 159]]"
disclosure_x_bias,44,init_easy,F1,exponential,24.70469925350241,28.126625351947713,0.6367900851615814,0.5544776119402985,14.294761427722303,35.49102673874662,0.01384848938361619,0.04949227103215141,"[[2110, 995], [1169, 1684]]","[[211, 134], [161, 156]]"
disclosure_x_bias,45,init_easy,F1,exponential,24.730465305359964,28.156949128349652,0.6366222999266821,0.55599276345545,14.288338250290888,35.58509179671176,0.013825360887830172,0.04784365611268964,"[[2110, 995], [1170, 1683]]","[[211, 134], [160, 157]]"
disclosure_x_bias,46,init_easy,F1,exponential,24.720209651974848,28.120186917056383,0.6367900851615814,0.5544776119402985,14.285671189987761,35.505179959259195,0.01384848938361619,0.04949227103215141,"[[2110, 995], [1169, 1684]]","[[211, 134], [161, 156]]"
disclosure_x_bias,47,init_easy,F1,exponential,24.66892965153705,28.029047369202704,0.6367900851615814,0.55599276345545,14.284365734494736,35.515327770309334,0.013916086035405653,0.04784365611268964,"[[2111, 994], [1170, 1683]]","[[212, 133], [161, 156]]"
disclosure_x_bias,48,init_easy,F1,exponential,24.593626645134755,28.019662276075554,0.6367900851615814,0.55599276345545,14.27692808955737,35.50610872097311,0.013916086035405653,0.04784365611268964,"[[2111, 994], [1170, 1683]]","[[212, 133], [161, 156]]"
disclosure_x_bias,49,init_easy,F1,exponential,24.579752607576786,28.042832265679596,0.6377982065309344,0.55599276345545,14.271825995449008,35.51244264951616,0.012768318020116314,0.04784365611268964,"[[2120, 985], [1173, 1680]]","[[212, 133], [161, 156]]"
disclosure_x_bias,50,init_easy,F1,exponential,24.588127215188475,28.05690628974507,0.637798488522926,0.55599276345545,14.283312812374271,35.512106256437185,0.013217820216182292,0.04784365611268964,"[[2120, 985], [1173, 1680]]","[[212, 133], [161, 156]]"
disclosure_x_bias,51,init_easy,F1,exponential,24.589562242857504,28.143123479143185,0.6379662737578252,0.55599276345545,14.300308766711922,35.65318377418615,0.013178053036739648,0.04784365611268964,"[[2121, 984], [1173, 1680]]","[[212, 133], [161, 156]]"
disclosure_x_bias,52,init_easy,F1,exponential,24.57206778519946,28.098293390238744,0.6383018442276239,0.5544776119402985,14.297568905645049,35.55248648175444,0.012776590192879333,0.04949227103215141,"[[2122, 983], [1172, 1681]]","[[211, 134], [161, 156]]"
disclosure_x_bias,53,init_easy,F1,exponential,24.415622511327758,27.95462517854679,0.6383018442276239,0.5544776119402985,14.232188171570616,35.6559431335569,0.012727531656439096,0.04949227103215141,"[[2122, 983], [1172, 1681]]","[[211, 134], [161, 156]]"
disclosure_x_bias,54,init_easy,F1,exponential,24.406330397741172,27.919645083841726,0.6383018442276239,0.5544776119402985,14.233438168117754,35.59389568342966,0.012727531656439096,0.04949227103215141,"[[2123, 982], [1173, 1680]]","[[211, 134], [161, 156]]"
disclosure_x_bias,55,init_easy,F1,exponential,24.335867830594957,27.906809304310237,0.6386374146974225,0.5544776119402985,14.293805066985964,35.57474694289901,0.01267690655832489,0.04949227103215141,"[[2124, 981], [1172, 1681]]","[[211, 134], [161, 156]]"
disclosure_x_bias,56,init_easy,F1,exponential,24.241462199996565,27.86044979530066,0.6396455360667758,0.5529850746268656,14.283567799434453,35.477660185093946,0.012057531845587794,0.05126107980211769,"[[2131, 974], [1173, 1680]]","[[211, 134], [162, 155]]"
disclosure_x_bias,57,init_easy,F1,exponential,24.25538083320273,27.929768857044046,0.6393099655969771,0.5529850746268656,14.30222983244216,35.6118039748622,0.01185497249437164,0.05126107980211769,"[[2130, 975], [1174, 1679]]","[[211, 134], [162, 155]]"
disclosure_x_bias,58,init_easy,F1,exponential,24.24924225800596,27.969386258706198,0.6396455360667758,0.5529850746268656,14.298037042713784,35.70643215163949,0.012057531845587794,0.05126107980211769,"[[2131, 974], [1173, 1680]]","[[211, 134], [162, 155]]"
disclosure_x_bias,59,init_easy,F1,exponential,24.25441605466485,27.966743445420366,0.6394777508318763,0.5514699231117142,14.30764679578044,35.633115538610895,0.011866082434302065,0.04971870523831893,"[[2132, 973], [1175, 1678]]","[[211, 134], [163, 154]]"
disclosure_x_bias,60,init_easy,F1,exponential,24.262669929777477,27.942308395349066,0.6394777508318763,0.5514699231117142,14.316232071973245,35.64748879072507,0.011866082434302065,0.04971870523831893,"[[2132, 973], [1175, 1678]]","[[211, 134], [163, 154]]"
disclosure_x_bias,61,init_easy,F1,exponential,24.201275585284755,27.858222499671804,0.6404844622412724,0.5529850746268656,14.318819767694098,35.66697974049578,0.011611004272604263,0.050256023493889475,"[[2136, 969], [1173, 1680]]","[[212, 133], [163, 154]]"
disclosure_x_bias,62,init_easy,F1,exponential,24.175014669559474,27.84571395440567,0.6403166770063731,0.5514699231117142,14.302281045008307,35.666127627642794,0.011064144353686666,0.046538784206215766,"[[2135, 970], [1173, 1680]]","[[211, 134], [163, 154]]"
disclosure_x_bias,63,init_easy,F1,exponential,24.180345366004172,27.798600026756567,0.6401488917714737,0.5514699231117142,14.316122774222475,35.65352887672976,0.011038068312032318,0.046538784206215766,"[[2134, 971], [1173, 1680]]","[[211, 134], [163, 154]]"
disclosure_x_bias,64,init_easy,F1,exponential,24.199859883628147,27.79630217699928,0.6401488917714737,0.5514699231117142,14.338647790698237,35.633029255596725,0.011038068312032318,0.046538784206215766,"[[2134, 971], [1173, 1680]]","[[211, 134], [163, 154]]"
disclosure_x_bias,65,init_easy,F1,exponential,24.18795824079083,27.80566524663743,0.6403169589983644,0.5514699231117142,14.354788213995999,35.60767571869337,0.011306664779990634,0.046538784206215766,"[[2135, 970], [1173, 1680]]","[[211, 134], [163, 154]]"
disclosure_x_bias,66,init_easy,F1,exponential,24.12659136473198,27.739883524601897,0.6404847442332638,0.5514699231117142,14.346809676670448,35.727107700448954,0.011629097715617789,0.046538784206215766,"[[2135, 970], [1172, 1681]]","[[211, 134], [163, 154]]"
disclosure_x_bias,67,init_easy,F1,exponential,24.049609975958834,27.798023159890988,0.6406525294681631,0.5514699231117142,14.3381683495264,35.83168930277308,0.01132165438084227,0.046538784206215766,"[[2137, 968], [1173, 1680]]","[[211, 134], [163, 154]]"
disclosure_x_bias,68,init_easy,F1,exponential,24.055732833035535,27.780106589029607,0.6406525294681631,0.5514699231117142,14.310921034349025,35.75988351746545,0.01148622838849237,0.046538784206215766,"[[2136, 969], [1172, 1681]]","[[211, 134], [163, 154]]"
disclosure_x_bias,69,init_easy,F1,exponential,24.068666876500522,27.81480016038198,0.641155885172861,0.5514699231117142,14.309432335799329,35.766155918786936,0.011981092665510689,0.046538784206215766,"[[2137, 968], [1170, 1683]]","[[211, 134], [163, 154]]"
disclosure_x_bias,70,init_easy,F1,exponential,23.9785865511701,27.829917305456682,0.6413236704077605,0.5529850746268656,14.258502868746998,35.781853379785126,0.011645372011044873,0.050256023493889475,"[[2139, 966], [1171, 1682]]","[[212, 133], [163, 154]]"
disclosure_x_bias,71,init_easy,F1,exponential,23.918967593270786,27.808545432364486,0.6413236704077605,0.5529850746268656,14.248475806050125,35.740109403624444,0.011645372011044873,0.050256023493889475,"[[2139, 966], [1171, 1682]]","[[212, 133], [163, 154]]"
disclosure_x_bias,72,init_easy,F1,exponential,23.910288536498218,27.773633952725977,0.6413236704077605,0.5499547715965626,14.2653898295217,35.74554709773661,0.011752322283611413,0.049640155982920015,"[[2137, 968], [1169, 1684]]","[[210, 135], [163, 154]]"
disclosure_x_bias,73,init_easy,F1,exponential,23.822352255992698,27.785449242571907,0.6430037786926851,0.5514246947082768,14.332674382362299,35.760121047710335,0.011693228317393448,0.04257242515944614,"[[2162, 943], [1184, 1669]]","[[212, 133], [164, 153]]"
disclosure_x_bias,74,init_easy,F1,exponential,23.804345760488175,27.77899896228187,0.6433393491624837,0.5514246947082768,14.32889549423714,35.75426083734746,0.011321908494112295,0.04257242515944614,"[[2164, 941], [1184, 1669]]","[[212, 133], [164, 153]]"
disclosure_x_bias,75,init_easy,F1,exponential,23.818811135574375,27.772554205859997,0.6435071343973832,0.5529398462234283,14.343530905004972,35.71583447135551,0.011014372169268467,0.042605946914209956,"[[2165, 940], [1184, 1669]]","[[213, 132], [164, 153]]"
disclosure_x_bias,76,init_easy,F1,exponential,23.882598034734432,28.14704024730517,0.6440104901020811,0.5529398462234283,14.277298721380735,35.87061518914916,0.010827027008752904,0.042605946914209956,"[[2165, 940], [1181, 1672]]","[[213, 132], [164, 153]]"
disclosure_x_bias,77,init_easy,F1,exponential,23.883342635010287,28.133555741157814,0.6443460605718798,0.5514246947082768,14.276121998911917,35.78440019002622,0.01083105636876477,0.04257242515944614,"[[2168, 937], [1182, 1671]]","[[212, 133], [164, 153]]"
disclosure_x_bias,78,init_easy,F1,exponential,23.781461589945675,28.037305695509694,0.6448496982685692,0.5514246947082768,14.277156240660307,35.917931352473666,0.010732615045545617,0.04257242515944614,"[[2172, 933], [1183, 1670]]","[[213, 132], [165, 152]]"
disclosure_x_bias,79,init_easy,F1,exponential,23.80520973201955,28.032640308707915,0.6445141277987705,0.5514246947082768,14.282252233136889,35.86539509900465,0.011089837492032762,0.04257242515944614,"[[2166, 939], [1179, 1674]]","[[212, 133], [164, 153]]"
disclosure_x_bias,80,init_easy,F1,exponential,23.793050523770635,28.026945531828705,0.6431695899836445,0.5469244685662595,14.285501045835979,35.975623049532835,0.011767068255603223,0.046120929966068314,"[[2142, 963], [1163, 1690]]","[[209, 136], [164, 153]]"
disclosure_x_bias,81,init_easy,F1,exponential,23.748648639922003,27.98779280741967,0.6445141277987705,0.5499095431931252,14.257927349997079,35.898426537306605,0.011313234513797527,0.04307516381552285,"[[2169, 936], [1182, 1671]]","[[212, 133], [165, 152]]"
disclosure_x_bias,82,init_easy,F1,exponential,23.701595305227123,27.93005084345245,0.6446821950256613,0.5499095431931252,14.261291761177105,35.911429675068,0.011422492542446547,0.04307516381552285,"[[2169, 936], [1181, 1672]]","[[212, 133], [165, 152]]"
disclosure_x_bias,83,init_easy,F1,exponential,23.711828366140534,27.93116334431579,0.6450177654954599,0.5529398462234283,14.278480552732338,35.943536314705256,0.011126712502602772,0.046608723756062585,"[[2159, 946], [1169, 1684]]","[[212, 133], [163, 154]]"
disclosure_x_bias,84,init_easy,F1,exponential,23.705776653304717,27.963791221620237,0.6446821950256613,0.5499095431931252,14.268203808207469,35.97929261383629,0.01190521271974325,0.04307516381552285,"[[2156, 949], [1168, 1685]]","[[210, 135], [163, 154]]"
disclosure_x_bias,85,init_easy,F1,exponential,23.68928621806217,27.923785950772505,0.6446819130336698,0.5483943916779738,14.267846679840808,35.937092495931516,0.011914375656870167,0.04171787343175004,"[[2158, 947], [1170, 1683]]","[[210, 135], [164, 153]]"
disclosure_x_bias,86,init_easy,F1,exponential,23.709805164849868,27.97391722517268,0.646024476904856,0.5483943916779738,14.294301464001329,35.97821596563116,0.01131118818755145,0.04171787343175004,"[[2162, 943], [1166, 1687]]","[[210, 135], [164, 153]]"
disclosure_x_bias,87,init_easy,F1,exponential,23.681871167482164,27.991524568462637,0.6463600473746546,0.5483943916779738,14.319411248870708,35.98042946051233,0.011136696198065215,0.04171787343175004,"[[2166, 939], [1168, 1685]]","[[211, 134], [165, 152]]"
disclosure_x_bias,88,init_easy,F1,exponential,23.6643911490661,27.989549420084224,0.6453533359652586,0.5514246947082768,14.311296262071094,35.96726434095878,0.01156611509543359,0.04257242515944614,"[[2164, 941], [1172, 1681]]","[[212, 133], [164, 153]]"
disclosure_x_bias,89,init_easy,F1,exponential,23.666562820490515,28.012108612772785,0.6455211212001579,0.5514246947082768,14.313501465919357,36.006347336153674,0.011534142595640048,0.04257242515944614,"[[2164, 941], [1171, 1682]]","[[212, 133], [164, 153]]"
disclosure_x_bias,90,init_easy,F1,exponential,23.72713007164821,28.437534452098095,0.6471995375331341,0.5499095431931252,14.2459029939511,36.24397207044703,0.00948003713929629,0.04307516381552285,"[[2163, 942], [1160, 1693]]","[[211, 134], [164, 153]]"
disclosure_x_bias,91,init_easy,F1,exponential,23.707397553613582,28.353945509076517,0.6463600473746546,0.5514246947082768,14.244259032524171,36.15876112915248,0.009727431432123098,0.04257242515944614,"[[2163, 942], [1165, 1688]]","[[212, 133], [164, 153]]"
disclosure_x_bias,92,init_easy,F1,exponential,23.71259376603368,28.38424664243154,0.6471995375331341,0.5483943916779738,14.245082238072262,36.15452124973191,0.009578512227852434,0.04171787343175004,"[[2165, 940], [1162, 1691]]","[[211, 134], [165, 152]]"
disclosure_x_bias,93,init_easy,F1,exponential,23.710750549166967,28.38138255861163,0.6473670407760419,0.5483943916779738,14.234902862221167,36.13751619326024,0.00934926198176744,0.04171787343175004,"[[2166, 939], [1162, 1691]]","[[211, 134], [165, 152]]"
disclosure_x_bias,94,init_easy,F1,exponential,23.682640221784247,28.377720029812377,0.6473670407760419,0.5468792401628223,14.234560321632433,36.17197757857353,0.00934926198176744,0.041499651497435196,"[[2166, 939], [1162, 1691]]","[[210, 135], [165, 152]]"
disclosure_x_bias,95,init_easy,F1,exponential,23.68252919279814,28.348569000484048,0.6470314703062433,0.5483943916779738,14.234911536162095,36.08695746478175,0.009530236510094223,0.04292331963779388,"[[2163, 942], [1161, 1692]]","[[210, 135], [164, 153]]"
disclosure_x_bias,96,init_easy,F1,exponential,23.61415737272033,28.38784924443197,0.6480384637076307,0.5499095431931252,14.290302035663064,36.18783924094623,0.011052105724095951,0.042478871632892656,"[[2163, 942], [1155, 1698]]","[[210, 135], [163, 154]]"
disclosure_x_bias,97,init_easy,F1,exponential,23.608294667260356,28.38567375767257,0.64820624894253,0.5499095431931252,14.30354492107784,36.16959905232479,0.011001586212912376,0.04126044267992124,"[[2165, 940], [1156, 1697]]","[[211, 134], [164, 153]]"
disclosure_x_bias,98,init_easy,F1,exponential,23.56426172037458,28.30437224858257,0.649212960351926,0.5483943916779738,14.310893904320432,36.28006875968338,0.009612053809788277,0.0371923990346823,"[[2163, 942], [1148, 1705]]","[[210, 135], [164, 153]]"
disclosure_x_bias,99,init_easy,F1,exponential,23.589671305519722,28.30592431364649,0.648709604647228,0.5483943916779738,14.267504349035544,36.22655502807306,0.00992719457634631,0.0371923990346823,"[[2161, 944], [1149, 1704]]","[[210, 135], [164, 153]]"
disclosure_x_bias,100,init_easy,F1,exponential,23.460910209886883,28.296620745782086,0.6482059669505386,0.5468792401628223,14.222351336089615,36.18861400310668,0.010030276167704605,0.03830332964321515,"[[2160, 945], [1151, 1702]]","[[209, 136], [164, 153]]"
disclosure_x_bias,101,init_easy,F1,exponential,23.45884389364506,28.289244265808257,0.6485415374203373,0.5483943916779738,14.224014299847298,36.190997866925834,0.00987750424617212,0.0371923990346823,"[[2163, 942], [1152, 1701]]","[[210, 135], [164, 153]]"
disclosure_x_bias,102,init_easy,F1,exponential,23.44806112299586,28.215806694567334,0.6485415374203373,0.5483943916779738,14.250308721224787,36.12837408642488,0.00987750424617212,0.0371923990346823,"[[2163, 942], [1152, 1701]]","[[210, 135], [164, 153]]"
disclosure_x_bias,103,init_easy,F1,exponential,23.420890159005204,28.235094461734075,0.6493804635948339,0.5468792401628223,14.227911869363044,36.1638521724297,0.010509521007499304,0.03694745805459556,"[[2165, 940], [1149, 1704]]","[[208, 137], [163, 154]]"
disclosure_x_bias,104,init_easy,F1,exponential,23.43375519250781,28.291307095180382,0.6495482488297333,0.5514246947082768,14.251247313796716,36.25558401831601,0.010901608889772433,0.04546963158646014,"[[2171, 934], [1154, 1699]]","[[211, 134], [163, 154]]"
disclosure_x_bias,105,init_easy,F1,exponential,23.434899256047867,28.282848656104267,0.6483729062094636,0.5544097693351425,14.247264572552156,36.197659986566364,0.010902269424342257,0.044316809538224804,"[[2176, 929], [1166, 1687]]","[[213, 132], [163, 154]]"
disclosure_x_bias,106,init_easy,F1,exponential,23.4734288093305,28.347867134208208,0.6490440471490609,0.5544097693351425,14.316784163484607,36.29719522889259,0.010973164056523137,0.044316809538224804,"[[2177, 928], [1163, 1690]]","[[213, 132], [163, 154]]"
disclosure_x_bias,107,init_easy,F1,exponential,23.481164324333964,28.309976276999958,0.6487084766792623,0.5544097693351425,14.322641133643936,36.21661587192332,0.011127731435086639,0.044316809538224804,"[[2176, 929], [1164, 1689]]","[[213, 132], [163, 154]]"
disclosure_x_bias,108,init_easy,F1,exponential,23.473169552583023,28.338918385938506,0.6488762619141617,0.5528946178199909,14.332734893988162,36.243039073068225,0.010779910588258442,0.04011193210880474,"[[2174, 931], [1161, 1692]]","[[212, 133], [163, 154]]"
disclosure_x_bias,109,init_easy,F1,exponential,23.475473130067964,28.368343461729694,0.6493796176188597,0.5528946178199909,14.340036140694677,36.29615496253172,0.010541045296509217,0.04011193210880474,"[[2173, 932], [1157, 1696]]","[[212, 133], [163, 154]]"
disclosure_x_bias,110,init_easy,F1,exponential,23.39785916852342,28.35754060022133,0.6492118323839603,0.5513794663048394,14.383808464847037,36.249173471229305,0.010818708677130277,0.041327834323559444,"[[2172, 933], [1157, 1696]]","[[211, 134], [163, 154]]"
disclosure_x_bias,111,init_easy,F1,exponential,23.345303790277185,28.361177841790493,0.6498829733235576,0.5528946178199909,14.403440333188605,36.323760283016576,0.010510116148680297,0.04011193210880474,"[[2175, 930], [1156, 1697]]","[[212, 133], [163, 154]]"
disclosure_x_bias,112,init_easy,F1,exponential,23.362421043849107,28.330997313206694,0.649547402853759,0.5528946178199909,14.41047292354406,36.24497009596122,0.010700664296404903,0.04011193210880474,"[[2173, 932], [1156, 1697]]","[[212, 133], [163, 154]]"
disclosure_x_bias,113,init_easy,F1,exponential,23.335194572708858,28.312788648497282,0.6503863290282557,0.5544097693351425,14.414490516528836,36.354180807173876,0.010834259368582807,0.04008582280476247,"[[2170, 935], [1148, 1705]]","[[212, 133], [162, 155]]"
disclosure_x_bias,114,init_easy,F1,exponential,23.444615421273365,28.7485262896128,0.6505541142631549,0.555924920850294,14.332810093608781,36.558048352179426,0.010712890414339152,0.03999597182361288,"[[2170, 935], [1147, 1706]]","[[212, 133], [161, 156]]"
disclosure_x_bias,115,init_easy,F1,exponential,23.417489964304124,28.695851042743165,0.6502185437933563,0.555924920850294,14.340562698276512,36.562244261832845,0.011344255621022486,0.03999597182361288,"[[2171, 934], [1150, 1703]]","[[212, 133], [161, 156]]"
disclosure_x_bias,116,init_easy,F1,exponential,23.43195730562027,28.73499507062063,0.6512252552027522,0.555924920850294,14.338757768628493,36.55592215202958,0.010779227817935362,0.03999597182361288,"[[2176, 929], [1149, 1704]]","[[212, 133], [161, 156]]"
disclosure_x_bias,117,init_easy,F1,exponential,23.43536182256258,28.737531823295832,0.6515608256725509,0.555924920850294,14.335883759678419,36.564378040093594,0.01099583746984258,0.03999597182361288,"[[2169, 936], [1140, 1713]]","[[211, 134], [160, 157]]"
disclosure_x_bias,118,init_easy,F1,exponential,23.4391877353028,28.76702348694571,0.6515608256725509,0.555924920850294,14.348062647977924,36.601827159956486,0.01099583746984258,0.03999597182361288,"[[2170, 935], [1141, 1712]]","[[211, 134], [160, 157]]"
disclosure_x_bias,119,init_easy,F1,exponential,23.423765522149765,28.76261740875655,0.6515608256725509,0.555924920850294,14.336005929457313,36.58135881494622,0.01099583746984258,0.03999597182361288,"[[2170, 935], [1141, 1712]]","[[211, 134], [160, 157]]"
disclosure_x_bias,120,init_easy,F1,exponential,23.36042165963673,28.770359129541767,0.6515608256725509,0.555924920850294,14.30836001448318,36.58102558092621,0.01099583746984258,0.03999597182361288,"[[2169, 936], [1140, 1713]]","[[211, 134], [160, 157]]"
disclosure_x_bias,121,init_easy,F1,exponential,23.318769977405637,28.796719928995895,0.6517286109074503,0.5544097693351425,14.350864356739159,36.63145319880597,0.011168569304811724,0.04133888720074022,"[[2169, 936], [1139, 1714]]","[[210, 135], [160, 157]]"
disclosure_x_bias,122,init_easy,F1,exponential,23.305706946349282,28.799104046399787,0.6520641813772489,0.5544097693351425,14.344786158350601,36.66223160720562,0.011306063694768729,0.04133888720074022,"[[2169, 936], [1137, 1716]]","[[210, 135], [160, 157]]"
disclosure_x_bias,123,init_easy,F1,exponential,23.30286857583793,28.745681623618715,0.6520641813772489,0.5544097693351425,14.365658318794605,36.60378825425356,0.011660181948085315,0.04133888720074022,"[[2168, 937], [1136, 1717]]","[[210, 135], [160, 157]]"
disclosure_x_bias,124,init_easy,F1,exponential,23.291628944615802,28.778510801149167,0.6520641813772489,0.5544097693351425,14.346875743083105,36.642379751132836,0.011660181948085315,0.04133888720074022,"[[2168, 937], [1136, 1717]]","[[210, 135], [160, 157]]"
disclosure_x_bias,125,init_easy,F1,exponential,23.28372193532914,28.770767283597035,0.6530708927866449,0.5544097693351425,14.338488454459759,36.59267705300673,0.010425706695619088,0.04133888720074022,"[[2170, 935], [1132, 1721]]","[[210, 135], [160, 157]]"
disclosure_x_bias,126,init_easy,F1,exponential,23.319777682692866,28.79903118603575,0.6529031075517455,0.555924920850294,14.327588950183847,36.663035301745055,0.010234341305661854,0.039353050194170236,"[[2165, 940], [1128, 1725]]","[[210, 135], [159, 158]]"
disclosure_x_bias,127,init_easy,F1,exponential,23.316378738520847,28.76731104522625,0.6527350403248547,0.5574400723654456,14.318130086112271,36.63325778897685,0.010384346348239563,0.03984194791978198,"[[2165, 940], [1129, 1724]]","[[211, 134], [159, 158]]"
disclosure_x_bias,128,init_easy,F1,exponential,23.32826919059574,28.75712814476853,0.6525675370819469,0.5574400723654456,14.336014378328723,36.627983384528115,0.010357701628113997,0.03984194791978198,"[[2165, 940], [1130, 1723]]","[[211, 134], [159, 158]]"
disclosure_x_bias,129,init_easy,F1,exponential,23.311895561110763,28.749421397538896,0.6525672550899555,0.5574400723654456,14.329576603592958,36.61240706088096,0.010724577396170247,0.03984194791978198,"[[2165, 940], [1130, 1723]]","[[211, 134], [159, 158]]"
disclosure_x_bias,130,init_easy,F1,exponential,23.304049522005492,28.779345786858563,0.6532386780215442,0.5574400723654456,14.330290342395553,36.67159829686764,0.010610674742956818,0.03984194791978198,"[[2164, 941], [1125, 1728]]","[[211, 134], [159, 158]]"
disclosure_x_bias,131,init_easy,F1,exponential,23.269175293001158,28.68055529669808,0.6534064632564436,0.5574400723654456,14.341636082801863,36.633459558228544,0.010435887494951444,0.03984194791978198,"[[2165, 940], [1125, 1728]]","[[211, 134], [159, 158]]"
disclosure_x_bias,132,init_easy,F1,exponential,23.26596450413573,28.7171611778599,0.6537420337262422,0.5574400723654456,14.339469041954027,36.72391171267366,0.010523625272212456,0.03984194791978198,"[[2168, 937], [1126, 1727]]","[[211, 134], [159, 158]]"
disclosure_x_bias,133,init_easy,F1,exponential,23.194977076681678,28.704430040452717,0.6542456714229317,0.5589326096788783,14.376714789359474,36.65375862804198,0.01051760221591863,0.039904964505714395,"[[2166, 939], [1121, 1732]]","[[211, 134], [158, 159]]"
disclosure_x_bias,134,init_easy,F1,exponential,23.179788273596706,28.689176812069423,0.653910100953133,0.5559023066485753,14.371600021421637,36.63760937013522,0.01103034600423008,0.03256964993026546,"[[2163, 942], [1120, 1733]]","[[209, 136], [158, 159]]"
disclosure_x_bias,135,init_easy,F1,exponential,23.193869582296294,28.728097612468833,0.6537423157182336,0.5559023066485753,14.377307108407171,36.720205416913736,0.011007079809093089,0.03256964993026546,"[[2161, 944], [1119, 1734]]","[[209, 136], [158, 159]]"
disclosure_x_bias,136,init_easy,F1,exponential,23.17672422076799,28.65049986035178,0.6544134566578309,0.5543871551334238,14.382977567775834,36.617049408138264,0.010503304562962916,0.03494205188447516,"[[2162, 943], [1116, 1737]]","[[208, 137], [158, 159]]"
disclosure_x_bias,137,init_easy,F1,exponential,23.2217681785247,28.729290806815307,0.6544134566578309,0.5498643147896879,14.433200569138553,36.653841512098985,0.011195255487741671,0.034492444558664015,"[[2164, 941], [1118, 1735]]","[[207, 138], [160, 157]]"
disclosure_x_bias,138,init_easy,F1,exponential,23.251789929834292,28.83735274240309,0.6545812418927303,0.5498643147896879,14.426718713011876,36.94715635018306,0.011234848951028957,0.034492444558664015,"[[2164, 941], [1117, 1736]]","[[207, 138], [160, 157]]"
disclosure_x_bias,139,init_easy,F1,exponential,23.239498278444906,28.82074715311159,0.6544137386498223,0.5513568521031208,14.433884373976774,36.92338140202489,0.011185230877559568,0.034926794880016536,"[[2164, 941], [1118, 1735]]","[[207, 138], [159, 158]]"
disclosure_x_bias,140,init_easy,F1,exponential,23.239449824528762,28.784430230297147,0.6557560205290169,0.5498417005879692,14.44514648097191,36.88200345577812,0.009343197321402102,0.031743265670634443,"[[2160, 945], [1106, 1747]]","[[206, 139], [159, 158]]"
disclosure_x_bias,141,init_easy,F1,exponential,23.207188519301166,28.823368092306197,0.6555882352941176,0.5498417005879692,14.42750399169046,36.94274567471712,0.009081084291285131,0.031743265670634443,"[[2158, 947], [1105, 1748]]","[[206, 139], [159, 158]]"
disclosure_x_bias,142,init_easy,F1,exponential,23.20929808937759,28.828838095560997,0.6557560205290169,0.5483265490728177,14.427082998962428,36.98097614838077,0.009140117696905899,0.034618043420621046,"[[2158, 947], [1104, 1749]]","[[205, 140], [159, 158]]"
disclosure_x_bias,143,init_easy,F1,exponential,23.182577577234902,28.863409064005026,0.6559238057639163,0.5483265490728177,14.452143620542996,37.013322542036946,0.009023683513333127,0.034618043420621046,"[[2158, 947], [1103, 1750]]","[[205, 140], [159, 158]]"
disclosure_x_bias,144,init_easy,F1,exponential,23.180244950257215,28.877276327526907,0.6554204500592183,0.5498417005879692,14.458244420714742,37.05691482556519,0.007869838101297042,0.0348094200692556,"[[2159, 946], [1107, 1746]]","[[207, 138], [160, 157]]"
disclosure_x_bias,145,init_easy,F1,exponential,23.175441190759962,28.846936848072907,0.6557560205290169,0.5483265490728177,14.45235725429246,36.994328027842684,0.009071414257003781,0.034618043420621046,"[[2157, 948], [1103, 1750]]","[[205, 140], [159, 158]]"
disclosure_x_bias,146,init_easy,F1,exponential,23.178515542527677,28.87018964115926,0.6557560205290169,0.5483265490728177,14.446816349293416,37.00251072144994,0.009071414257003781,0.034618043420621046,"[[2157, 948], [1103, 1750]]","[[205, 140], [159, 158]]"
disclosure_x_bias,147,init_easy,F1,exponential,23.192215650833642,28.866557612276473,0.6559238057639163,0.5483265490728177,14.462336545795397,36.97610310527048,0.009127083679110295,0.034618043420621046,"[[2157, 948], [1102, 1751]]","[[205, 140], [159, 158]]"
disclosure_x_bias,148,init_easy,F1,exponential,23.179242617090487,28.881324222013557,0.6559238057639163,0.5483265490728177,14.452674597537904,37.01472476420104,0.009127083679110295,0.034618043420621046,"[[2157, 948], [1102, 1751]]","[[205, 140], [159, 158]]"
disclosure_x_bias,149,init_easy,F1,exponential,23.22145367059011,28.868278468897905,0.6559238057639163,0.5498417005879692,14.479380073762,36.9979440482382,0.009127083679110295,0.036245360125381584,"[[2157, 948], [1102, 1751]]","[[206, 139], [159, 158]]"
disclosure_x_bias,150,init_easy,F1,exponential,23.220057991975445,28.871791987888884,0.6560913090068242,0.5483265490728177,14.487890175750422,37.01575303712776,0.008259180957906155,0.033873200730690466,"[[2166, 939], [1110, 1743]]","[[207, 138], [161, 156]]"
disclosure_x_bias,151,init_easy,F1,exponential,23.12673250859732,28.762743522697292,0.6557560205290169,0.5468340117593848,14.524225242657755,36.833132747441205,0.007930765146553989,0.030052119598167778,"[[2166, 939], [1112, 1741]]","[[207, 138], [162, 155]]"
disclosure_x_bias,152,init_easy,F1,exponential,23.103038181184793,28.816515518124113,0.656259376233715,0.5453188602442334,14.469209608843151,36.94232631366481,0.008261419124357565,0.032920768653926714,"[[2167, 938], [1110, 1743]]","[[206, 139], [162, 155]]"
disclosure_x_bias,153,init_easy,F1,exponential,23.173235724028793,28.810266053969617,0.6562599402176978,0.5498417005879692,14.519731386457236,36.8980077579052,0.007926070995191086,0.0348094200692556,"[[2161, 944], [1104, 1749]]","[[207, 138], [160, 157]]"
disclosure_x_bias,154,init_easy,F1,exponential,23.243606148028444,29.31616487338696,0.6564277254525972,0.5483265490728177,14.444164794787515,37.25508584338224,0.008171646039409569,0.033873200730690466,"[[2166, 939], [1108, 1745]]","[[207, 138], [161, 156]]"
disclosure_x_bias,155,init_easy,F1,exponential,23.238036448739827,29.28273348068779,0.655589081270092,0.5498417005879692,14.461310982897523,37.22138949658927,0.009484358033686873,0.0348094200692556,"[[2165, 940], [1112, 1741]]","[[207, 138], [160, 157]]"
disclosure_x_bias,156,init_easy,F1,exponential,23.22561419309766,29.29452635899089,0.6562599402176978,0.5483265490728177,14.45847102540952,37.25629161675841,0.010080160864071609,0.033873200730690466,"[[2171, 934], [1114, 1739]]","[[207, 138], [161, 156]]"
disclosure_x_bias,157,init_easy,F1,exponential,23.22326323308225,29.274182816687954,0.6567632959223958,0.5483265490728177,14.458764909995399,37.21939682747214,0.007671673791676516,0.032332078848736914,"[[2161, 944], [1101, 1752]]","[[206, 139], [160, 157]]"
disclosure_x_bias,158,init_easy,F1,exponential,23.21448072339867,29.29700763285511,0.6574344368619931,0.5498417005879692,14.459361921355203,37.263608940496404,0.00824080800918212,0.03406876168908316,"[[2161, 944], [1097, 1756]]","[[207, 138], [160, 157]]"
disclosure_x_bias,159,init_easy,F1,exponential,23.20711735608484,29.253581518131664,0.6576025040888839,0.5513568521031208,14.455182601428776,37.18453168665136,0.008976965434722622,0.03635809958800731,"[[2162, 943], [1097, 1756]]","[[208, 137], [160, 157]]"
disclosure_x_bias,160,init_easy,F1,exponential,23.18248855632966,29.296881264233207,0.6574347188539845,0.5498643147896879,14.482734341925374,37.2907593108843,0.00834047749539613,0.0359410508568297,"[[2160, 945], [1096, 1757]]","[[208, 137], [161, 156]]"
disclosure_x_bias,161,init_easy,F1,exponential,23.047849995425985,29.227834799501828,0.6574347188539845,0.5498417005879692,14.464291386345094,37.27984583740845,0.00845223977345,0.0348094200692556,"[[2163, 942], [1099, 1754]]","[[208, 137], [161, 156]]"
disclosure_x_bias,162,init_easy,F1,exponential,23.06238613454636,29.205661544001327,0.6576027860808753,0.5483491632745364,14.446748564486851,37.22903613496787,0.008084680116339449,0.0335485152564103,"[[2161, 944], [1096, 1757]]","[[207, 138], [161, 156]]"
disclosure_x_bias,163,init_easy,F1,exponential,23.118172809917326,29.24227200379956,0.6574347188539845,0.5498417005879692,14.486341847047383,37.302337912576995,0.009231372232762294,0.03762654030972432,"[[2159, 946], [1095, 1758]]","[[206, 139], [159, 158]]"
disclosure_x_bias,164,init_easy,F1,exponential,23.100834846688677,29.176749890808377,0.6567635779143872,0.5498417005879692,14.483832725850466,37.15382653777788,0.009147102565181375,0.03762654030972432,"[[2160, 945], [1100, 1753]]","[[206, 139], [159, 158]]"
disclosure_x_bias,165,init_easy,F1,exponential,23.126070992055524,29.276222075435953,0.6570991483841859,0.5468113975576662,14.495108809419628,37.41752053714077,0.00785714146780082,0.032046450772932944,"[[2164, 941], [1102, 1751]]","[[206, 139], [161, 156]]"
disclosure_x_bias,166,init_easy,F1,exponential,23.104414938541904,29.274101629337707,0.6574347188539845,0.5468113975576662,14.494239033565586,37.405608110136555,0.007996744346967517,0.032046450772932944,"[[2165, 940], [1101, 1752]]","[[206, 139], [161, 156]]"
disclosure_x_bias,167,init_easy,F1,exponential,23.102060983721852,29.2818386661368,0.6577705713157747,0.5498643147896879,14.4995278262724,37.42870289795011,0.007419664285699753,0.038675831559445935,"[[2159, 946], [1093, 1760]]","[[206, 139], [159, 158]]"
disclosure_x_bias,168,init_easy,F1,exponential,23.107657433652797,29.28906719687733,0.6576025040888839,0.5483491632745364,14.504034752609096,37.430239435105946,0.007620966650341623,0.03715614200319196,"[[2163, 942], [1098, 1755]]","[[206, 139], [160, 157]]"
disclosure_x_bias,169,init_easy,F1,exponential,23.11403589197107,29.295709549950935,0.6576025040888839,0.5468340117593848,14.516719541963887,37.4599734073609,0.007620966650341623,0.03327447523949848,"[[2161, 944], [1096, 1757]]","[[206, 139], [161, 156]]"
disclosure_x_bias,170,init_easy,F1,exponential,23.11167719580753,29.30908921605294,0.6576025040888839,0.5498643147896879,14.510695620803574,37.45044843414041,0.007620966650341623,0.038675831559445935,"[[2159, 946], [1094, 1759]]","[[206, 139], [159, 158]]"
disclosure_x_bias,171,init_easy,F1,exponential,23.096793139599693,29.275334680534154,0.6581067057695561,0.5452962460425147,14.508483042285576,37.41733606160644,0.00826056763342527,0.03086211218986316,"[[2167, 938], [1099, 1754]]","[[205, 140], [161, 156]]"
disclosure_x_bias,172,init_easy,F1,exponential,23.051242262920457,29.267477155901577,0.6579386385426653,0.5498417005879692,14.50529469081354,37.42487739911587,0.00810924506977823,0.03762654030972432,"[[2166, 939], [1099, 1754]]","[[206, 139], [159, 158]]"
disclosure_x_bias,173,init_easy,F1,exponential,23.035511703667925,29.270407325925568,0.6577708533077661,0.5483265490728177,14.493004767918219,37.41687394836789,0.00847077167918179,0.036762134566195495,"[[2165, 940], [1099, 1754]]","[[205, 140], [159, 158]]"
disclosure_x_bias,174,init_easy,F1,exponential,23.059558851940498,29.283350792993808,0.6576030680728667,0.5483265490728177,14.481357719289251,37.431661695454395,0.009127754781183788,0.036762134566195495,"[[2167, 938], [1102, 1751]]","[[205, 140], [159, 158]]"
disclosure_x_bias,175,init_easy,F1,exponential,23.02540382799378,29.239410463920525,0.6584419942473634,0.5483265490728177,14.532878852882854,37.44340352147377,0.00894053760051452,0.036762134566195495,"[[2165, 940], [1095, 1758]]","[[205, 140], [159, 158]]"
disclosure_x_bias,176,init_easy,F1,exponential,23.005752936923354,29.239505706539763,0.6584419942473634,0.5483265490728177,14.511254101155057,37.40425124002505,0.00894053760051452,0.036762134566195495,"[[2167, 938], [1097, 1756]]","[[205, 140], [159, 158]]"
disclosure_x_bias,177,init_easy,F1,exponential,23.01116726710628,29.24989047483063,0.6584419942473634,0.5498417005879692,14.518165703160927,37.445307692831165,0.00894053760051452,0.03762654030972432,"[[2166, 939], [1096, 1757]]","[[206, 139], [159, 158]]"
disclosure_x_bias,178,init_easy,F1,exponential,23.016407387709734,29.26750109677905,0.6582739270204726,0.5513342379014021,14.523435801892335,37.43230108480529,0.009156385426992137,0.0386715339162677,"[[2167, 938], [1098, 1755]]","[[207, 138], [159, 158]]"
disclosure_x_bias,179,init_easy,F1,exponential,23.008357062347354,29.27318543874093,0.6584419942473634,0.5498417005879692,14.526615148577868,37.495954456026304,0.00894053760051452,0.03762654030972432,"[[2166, 939], [1096, 1757]]","[[206, 139], [159, 158]]"
disclosure_x_bias,180,init_easy,F1,exponential,23.00704887177326,29.268913090126755,0.6582739270204726,0.5513342379014021,14.53869307233179,37.4513497034895,0.009156385426992137,0.0386715339162677,"[[2166, 939], [1097, 1756]]","[[207, 138], [159, 158]]"
disclosure_x_bias,181,init_easy,F1,exponential,23.005676251377896,29.28499664251968,0.6587781287011449,0.5513342379014021,14.54205651371982,37.50017772502238,0.009722644350628471,0.0386715339162677,"[[2164, 941], [1092, 1761]]","[[207, 138], [159, 158]]"
disclosure_x_bias,182,init_easy,F1,exponential,22.98152168270645,29.231197155298986,0.6589461959280356,0.5513116236996833,14.548333986222005,37.49210996802677,0.009509748737428481,0.03956666079337157,"[[2166, 939], [1093, 1760]]","[[206, 139], [158, 159]]"
disclosure_x_bias,183,init_easy,F1,exponential,23.01868858613829,29.247756645215624,0.6589461959280356,0.5498190863862505,14.555721591755713,37.49536261707937,0.009343839351209988,0.03789737346809807,"[[2166, 939], [1093, 1760]]","[[206, 139], [159, 158]]"
disclosure_x_bias,184,init_easy,F1,exponential,23.031238813904213,29.257533090722298,0.6584428402233377,0.5513116236996833,14.558772095028125,37.44706673255298,0.0093185571402634,0.041455593759211665,"[[2166, 939], [1096, 1757]]","[[206, 139], [158, 159]]"
disclosure_x_bias,185,init_easy,F1,exponential,23.017954983203058,29.210569954866276,0.6591142631549264,0.5513116236996833,14.553528407685677,37.44835802670597,0.00915301991457081,0.04083565906653688,"[[2165, 940], [1091, 1762]]","[[205, 140], [157, 160]]"
disclosure_x_bias,186,init_easy,F1,exponential,23.0009989329524,29.242406719417914,0.6594495516327337,0.5528041610131162,14.532718320573855,37.51792751171648,0.009065654295897452,0.0435020612974351,"[[2166, 939], [1090, 1763]]","[[206, 139], [157, 160]]"
disclosure_x_bias,187,init_easy,F1,exponential,23.02310939582693,29.267178115182087,0.6594495516327337,0.5513116236996833,14.5836377003615,37.50122421783905,0.009168581141561973,0.03956666079337157,"[[2168, 937], [1092, 1761]]","[[206, 139], [158, 159]]"
disclosure_x_bias,188,init_easy,F1,exponential,23.017474274168798,29.265167127845825,0.6592817663978343,0.5528267752148349,14.556356506855156,37.53476889719826,0.009778810258987749,0.04024638974907638,"[[2168, 937], [1093, 1760]]","[[207, 138], [158, 159]]"
disclosure_x_bias,189,init_easy,F1,exponential,23.00769017909176,29.214049042988346,0.6594495516327337,0.5497964721845319,14.555227321345125,37.38981823903325,0.009404364001267127,0.04073344439375246,"[[2168, 937], [1092, 1761]]","[[205, 140], [158, 159]]"
disclosure_x_bias,190,init_easy,F1,exponential,23.01988889022787,29.24211355787857,0.6594495516327337,0.5528267752148349,14.567021191720556,37.44007061188475,0.009236561862539879,0.04024638974907638,"[[2168, 937], [1092, 1761]]","[[207, 138], [158, 159]]"
disclosure_x_bias,191,init_easy,F1,exponential,22.980524642060413,29.204022546986558,0.6592817663978343,0.5528267752148349,14.557510265627805,37.393175956014005,0.00925286825542845,0.04024638974907638,"[[2167, 938], [1092, 1761]]","[[207, 138], [158, 159]]"
disclosure_x_bias,192,init_easy,F1,exponential,22.973270831206108,29.204102143544326,0.6592820483898257,0.5528041610131162,14.556692076165723,37.41340711516879,0.009474785270931296,0.0435020612974351,"[[2167, 938], [1092, 1761]]","[[206, 139], [157, 160]]"
disclosure_x_bias,193,init_easy,F1,exponential,22.91655297279325,29.14673960246135,0.659617336867633,0.5512890094979647,14.5974333932949,37.40572491998235,0.009871216851980827,0.04404693358902919,"[[2167, 938], [1090, 1763]]","[[205, 140], [157, 160]]"
disclosure_x_bias,194,init_easy,F1,exponential,22.957094249123664,29.16352688265486,0.6597856860865152,0.5512890094979647,14.615119490390788,37.475376971926686,0.009538401403978625,0.042873091252388626,"[[2168, 937], [1090, 1763]]","[[205, 140], [157, 160]]"
disclosure_x_bias,195,init_easy,F1,exponential,22.966279720353164,29.195890288257782,0.6604562630421296,0.5528041610131162,14.638836683769506,37.554447608106884,0.00899550464879167,0.04291170160452097,"[[2166, 939], [1084, 1769]]","[[206, 139], [157, 160]]"
disclosure_x_bias,196,init_easy,F1,exponential,22.9724693383208,29.183327582324846,0.6604565450341211,0.5512890094979647,14.608848591321962,37.505837519167784,0.009053585576783275,0.04404693358902919,"[[2166, 939], [1084, 1769]]","[[205, 140], [157, 160]]"
disclosure_x_bias,197,init_easy,F1,exponential,22.939178745787338,29.17813701135983,0.6602884778072303,0.5497738579828132,14.618445783751971,37.451452585567296,0.008893456498084186,0.043367078005707896,"[[2166, 939], [1085, 1768]]","[[204, 141], [157, 160]]"
disclosure_x_bias,198,init_easy,F1,exponential,22.94752671652764,29.190473015169268,0.660792961479894,0.5528041610131162,14.634783967148906,37.50351693537168,0.009072281011333097,0.04291170160452097,"[[2166, 939], [1082, 1771]]","[[206, 139], [157, 160]]"
disclosure_x_bias,199,init_easy,F1,exponential,22.933506206119855,29.206562442770498,0.660792961479894,0.5512890094979647,14.624257173908804,37.47243172041166,0.009673005570590976,0.04227394884565772,"[[2167, 938], [1083, 1770]]","[[205, 140], [157, 160]]"
disclosure_x_bias,200,init_easy,F1,exponential,22.731965447467697,28.42592578673367,0.6607932434718855,0.5512890094979647,14.567627395263907,35.67689612106683,0.01001258331020059,0.04404693358902919,"[[2165, 940], [1081, 1772]]","[[205, 140], [157, 160]]"
disclosure_x_bias,201,init_easy,F1,exponential,22.83961071026154,29.03960608852982,0.6602890417912131,0.5497738579828132,14.493807223672738,36.30582283962147,0.009384778682936204,0.04565921883776122,"[[2162, 943], [1081, 1772]]","[[203, 142], [156, 161]]"
disclosure_x_bias,202,init_easy,F1,exponential,22.840086493581058,29.021729565932038,0.6611288139416841,0.5512890094979647,14.532561370366487,36.21716277729643,0.009795751955161172,0.04404693358902919,"[[2168, 937], [1082, 1771]]","[[205, 140], [157, 160]]"
disclosure_x_bias,203,init_easy,F1,exponential,22.84535722646408,29.03862890988531,0.6606243302690203,0.5512890094979647,14.52830179876379,36.2678335992905,0.008907923450128395,0.04404693358902919,"[[2168, 937], [1085, 1768]]","[[205, 140], [157, 160]]"
disclosure_x_bias,204,init_easy,F1,exponential,22.834423669653713,29.033406113998247,0.660792961479894,0.5497738579828132,14.50685230128326,36.23518846670048,0.009575502307033442,0.043367078005707854,"[[2166, 939], [1082, 1771]]","[[204, 141], [157, 160]]"
disclosure_x_bias,205,init_easy,F1,exponential,22.907978480280555,29.033947810163397,0.6606246122610118,0.5543193125282677,14.561701131600023,36.27721562327803,0.008965509536161907,0.04168446221725198,"[[2162, 943], [1079, 1774]]","[[206, 139], [156, 161]]"
disclosure_x_bias,206,init_easy,F1,exponential,22.839189334781427,29.016574004784893,0.6614638204274998,0.5543193125282677,14.514966087682755,36.236448363995315,0.009934260664185146,0.0434814902910718,"[[2163, 942], [1075, 1778]]","[[205, 140], [155, 162]]"
disclosure_x_bias,207,init_easy,F1,exponential,22.837863346671586,29.032203027868086,0.6612957532006091,0.5528041610131162,14.52004645242938,36.28066103844055,0.00809540067836129,0.04231310591371295,"[[2165, 940], [1078, 1775]]","[[205, 140], [156, 161]]"
disclosure_x_bias,208,init_easy,F1,exponential,22.839623868639894,29.045010992313344,0.6617993908972986,0.5558344640434193,14.518050433648712,36.263734031263915,0.009260758208067453,0.0422104102494349,"[[2168, 937], [1078, 1775]]","[[207, 138], [156, 161]]"
disclosure_x_bias,209,init_easy,F1,exponential,22.835425904512668,29.051750219695073,0.6623024646100051,0.5543193125282677,14.524800498987497,36.323750406759345,0.007915918096209106,0.04289084745493165,"[[2166, 939], [1073, 1780]]","[[206, 139], [156, 161]]"
disclosure_x_bias,210,init_easy,F1,exponential,22.865514823047896,29.100042940699364,0.6619668941402064,0.5543193125282677,14.584358427321161,36.35676806750755,0.010355900353039503,0.04289084745493165,"[[2163, 942], [1072, 1781]]","[[206, 139], [156, 161]]"
disclosure_x_bias,211,init_easy,F1,exponential,22.85945697127939,29.043331546608936,0.6629741695335852,0.5543193125282677,14.592931242396556,36.32663258206265,0.008508837151717944,0.04168446221725197,"[[2167, 938], [1070, 1783]]","[[206, 139], [156, 161]]"
disclosure_x_bias,212,init_easy,F1,exponential,22.86117520254358,29.06815141365508,0.6629741695335852,0.5543193125282677,14.604388733944015,36.344253843051895,0.009933549334854911,0.04168446221725197,"[[2165, 940], [1068, 1785]]","[[206, 139], [156, 161]]"
disclosure_x_bias,213,init_easy,F1,exponential,22.84070794184848,29.005380619559496,0.6626385990637866,0.5528041610131162,14.573110174609681,36.207937024157566,0.009284624318667011,0.04231310591371295,"[[2166, 939], [1071, 1782]]","[[205, 140], [156, 161]]"
disclosure_x_bias,214,init_easy,F1,exponential,22.85473631325098,29.05907446950486,0.6631419547684846,0.5528041610131162,14.585082359998946,36.2791268729179,0.009225552561262316,0.04231310591371295,"[[2166, 939], [1068, 1785]]","[[205, 140], [156, 161]]"
disclosure_x_bias,215,init_easy,F1,exponential,22.837887245935228,29.039891479749446,0.6633097400033839,0.5512890094979647,14.574906929486115,36.23782088397072,0.009727835497910809,0.041666191912327774,"[[2171, 934], [1072, 1781]]","[[205, 140], [157, 160]]"
disclosure_x_bias,216,init_easy,F1,exponential,22.83091851025527,29.041261451458023,0.6633097400033839,0.5528041610131162,14.590602034271921,36.2393105642947,0.008992643642004382,0.04231310591371295,"[[2163, 942], [1064, 1789]]","[[205, 140], [156, 161]]"
disclosure_x_bias,217,init_easy,F1,exponential,22.814926669200812,29.034466067948113,0.6636453104731825,0.5528041610131162,14.58848192811183,36.2528939312076,0.008533416496744493,0.04108976182705836,"[[2170, 935], [1069, 1784]]","[[206, 139], [157, 160]]"
disclosure_x_bias,218,init_easy,F1,exponential,22.846570736879816,29.1419318289228,0.663309176019401,0.5528041610131162,14.600698250707639,36.48861369182668,0.00887728386465193,0.04108976182705836,"[[2170, 935], [1071, 1782]]","[[206, 139], [157, 160]]"
disclosure_x_bias,219,init_easy,F1,exponential,22.843735738430972,29.141889262812548,0.6636453104731825,0.5528041610131162,14.60460722284913,36.4736874388025,0.008533416496744493,0.04108976182705836,"[[2169, 936], [1068, 1785]]","[[206, 139], [157, 160]]"
disclosure_x_bias,220,init_easy,F1,exponential,22.825735839289106,29.130471013278775,0.6639811629349726,0.5528041610131162,14.600965034715175,36.48808356588976,0.00869357685420802,0.04108976182705836,"[[2170, 935], [1067, 1786]]","[[206, 139], [157, 160]]"
disclosure_x_bias,221,init_easy,F1,exponential,22.831066551923062,29.132312358354323,0.6636450284811911,0.5497738579828132,14.591538970771996,36.49911861302928,0.008361269485333922,0.0415651037188901,"[[2170, 935], [1069, 1784]]","[[204, 141], [157, 160]]"
disclosure_x_bias,222,init_easy,F1,exponential,22.825954348240455,29.130852535124767,0.6636450284811911,0.5512890094979647,14.610216552565994,36.49536132625075,0.008727359386548778,0.04104943782738782,"[[2169, 936], [1068, 1785]]","[[205, 140], [157, 160]]"
disclosure_x_bias,223,init_easy,F1,exponential,22.82447802088347,29.12339522916316,0.6639808809429812,0.5512890094979647,14.611759656650756,36.457371684749354,0.008561291767403594,0.04104943782738782,"[[2173, 932], [1070, 1783]]","[[205, 140], [157, 160]]"
disclosure_x_bias,224,init_easy,F1,exponential,22.841628071158638,29.14111934096785,0.6639805989509898,0.5512890094979647,14.622387224856327,36.511264115194884,0.00889545303082036,0.04104943782738782,"[[2166, 939], [1063, 1790]]","[[205, 140], [157, 160]]"
disclosure_x_bias,225,init_easy,F1,exponential,22.799441396331968,29.123006212730342,0.6643161694207884,0.5497738579828132,14.637640789227397,36.50208616687323,0.008326414564243507,0.043367078005707854,"[[2161, 944], [1056, 1797]]","[[203, 142], [156, 161]]"
disclosure_x_bias,226,init_easy,F1,exponential,22.796528059206242,29.099887001012387,0.6641483841858891,0.5512890094979647,14.627223268323434,36.470603421171695,0.008671724632402006,0.0446222765121492,"[[2157, 948], [1053, 1800]]","[[203, 142], [155, 162]]"
disclosure_x_bias,227,init_easy,F1,exponential,22.788694558764753,29.115976898036166,0.664148948169872,0.5497738579828132,14.633207382533872,36.48439598024599,0.009606898948950183,0.043367078005707854,"[[2161, 944], [1057, 1796]]","[[203, 142], [156, 161]]"
disclosure_x_bias,228,init_easy,F1,exponential,22.79629869187968,29.074619738177823,0.6644839546556878,0.5497738579828132,14.635687146148644,36.39972387423671,0.009098929165506529,0.043367078005707854,"[[2164, 941], [1058, 1795]]","[[203, 142], [156, 161]]"
disclosure_x_bias,229,init_easy,F1,exponential,22.812445043942194,29.13994101143158,0.6649878743443687,0.5482587064676616,14.642156948757734,36.473593143005246,0.009176798249788043,0.04261658163974348,"[[2171, 934], [1062, 1791]]","[[202, 143], [156, 161]]"
disclosure_x_bias,230,init_easy,F1,exponential,22.794277002293448,29.07510627288034,0.6644842366476792,0.5497738579828132,14.648430428673691,36.39677114570315,0.009086823907147011,0.043367078005707854,"[[2162, 943], [1056, 1797]]","[[202, 143], [155, 162]]"
disclosure_x_bias,231,init_easy,F1,exponential,22.793831383487795,29.06812029530837,0.6654909480570752,0.5497738579828132,14.651134145463272,36.37638475489838,0.008948223993641445,0.043367078005707854,"[[2169, 936], [1057, 1796]]","[[203, 142], [156, 161]]"
disclosure_x_bias,232,init_easy,F1,exponential,22.754040197109948,29.02141069795831,0.665491512041058,0.5482587064676616,14.653190075322515,36.43037161362516,0.009469662164904637,0.04261658163974348,"[[2171, 934], [1059, 1794]]","[[202, 143], [156, 161]]"
disclosure_x_bias,233,init_easy,F1,exponential,22.754500079217657,29.026969239925016,0.6658273645028482,0.5497738579828132,14.652004556251025,36.432525400924284,0.009342771220441517,0.043367078005707854,"[[2171, 934], [1057, 1796]]","[[203, 142], [156, 161]]"
disclosure_x_bias,234,init_easy,F1,exponential,22.74803887711909,29.034086940817637,0.6663310021995376,0.5482587064676616,14.653591983283171,36.45815630360113,0.010183179880099435,0.04261658163974348,"[[2173, 932], [1056, 1797]]","[[202, 143], [156, 161]]"
disclosure_x_bias,235,init_easy,F1,exponential,22.765520354603957,29.025259954309057,0.6664990694264283,0.5482587064676616,14.675993503615675,36.41858469616529,0.010027467753481836,0.04261658163974348,"[[2174, 931], [1056, 1797]]","[[202, 143], [156, 161]]"
disclosure_x_bias,236,init_easy,F1,exponential,22.75659277885011,29.045477955276834,0.6664985054424454,0.5482587064676616,14.664051769050316,36.47190186937384,0.009828907623367758,0.04261658163974348,"[[2175, 930], [1057, 1796]]","[[202, 143], [156, 161]]"
disclosure_x_bias,237,init_easy,F1,exponential,22.691446304598212,29.04618843058959,0.6666662906773448,0.5497738579828132,14.698790153341937,36.44259134434719,0.010659936322602434,0.043367078005707854,"[[2172, 933], [1053, 1800]]","[[203, 142], [156, 161]]"
disclosure_x_bias,238,init_easy,F1,exponential,22.668363276665698,29.047685072584436,0.6663298742315719,0.5482587064676616,14.65539325841745,36.474779679104216,0.010646357448966824,0.04261658163974348,"[[2174, 931], [1057, 1796]]","[[202, 143], [156, 161]]"
disclosure_x_bias,239,init_easy,F1,exponential,22.713113117098203,29.00496616422451,0.6670018611471434,0.5497738579828132,14.686062220311284,36.36419811507399,0.011512444133069677,0.043367078005707854,"[[2173, 932], [1052, 1801]]","[[203, 142], [156, 161]]"
disclosure_x_bias,240,init_easy,F1,exponential,22.697113717276643,28.990981927931433,0.6668343579042355,0.5497738579828132,14.683038102469409,36.33177753415877,0.011171164361893336,0.043367078005707854,"[[2173, 932], [1053, 1800]]","[[203, 142], [156, 161]]"
disclosure_x_bias,241,init_easy,F1,exponential,22.689948374898098,28.992448195102327,0.6666662906773448,0.5482587064676616,14.647010083600529,36.3512293845286,0.011372101358882575,0.04261658163974348,"[[2173, 932], [1054, 1799]]","[[202, 143], [156, 161]]"
disclosure_x_bias,242,init_easy,F1,exponential,22.703683768368894,29.02677640817858,0.6670018611471434,0.5482587064676616,14.688949772619498,36.39088544525425,0.010724721042589239,0.04261658163974348,"[[2174, 931], [1053, 1800]]","[[202, 143], [156, 161]]"
disclosure_x_bias,243,init_easy,F1,exponential,22.704148704132287,28.991804029164804,0.667001579155152,0.5482587064676616,14.699088388132958,36.355012563360745,0.011548092174930507,0.04261658163974348,"[[2176, 929], [1055, 1798]]","[[202, 143], [156, 161]]"
disclosure_x_bias,244,init_easy,F1,exponential,22.700992862832255,28.997275698807094,0.6663298742315719,0.5497738579828132,14.701895039912225,36.374961433967975,0.010994615086354012,0.043367078005707854,"[[2171, 934], [1054, 1799]]","[[203, 142], [156, 161]]"
disclosure_x_bias,245,init_easy,F1,exponential,22.69913706751959,28.986234977673423,0.6670027071231177,0.5482813206693804,14.698331456564615,36.365085573670335,0.009995760383262314,0.04119210622481848,"[[2177, 928], [1056, 1797]]","[[203, 142], [157, 160]]"
disclosure_x_bias,246,init_easy,F1,exponential,22.70582208742866,28.970959274051705,0.6668340759122441,0.5482813206693804,14.708407524199803,36.32566155042608,0.010276076729006186,0.03929050785680515,"[[2177, 928], [1057, 1796]]","[[203, 142], [157, 160]]"
disclosure_x_bias,247,init_easy,F1,exponential,22.699383368054246,29.00917518877001,0.6675057808358242,0.5482813206693804,14.70215519100103,36.386653256838315,0.009540748162240454,0.04119210622481848,"[[2180, 925], [1056, 1797]]","[[203, 142], [157, 160]]"
disclosure_x_bias,248,init_easy,F1,exponential,22.666711071297264,28.955508002753874,0.668177203767413,0.5482813206693804,14.7078025857184,36.40362042315411,0.01049629338101859,0.04119210622481848,"[[2183, 922], [1055, 1798]]","[[203, 142], [157, 160]]"
disclosure_x_bias,249,init_easy,F1,exponential,22.671252327353223,28.980323803368538,0.6680091365405223,0.5482813206693804,14.710030747602065,36.43125999347282,0.009623977280553926,0.04119210622481848,"[[2182, 923], [1055, 1798]]","[[203, 142], [157, 160]]"
disclosure_x_bias,250,init_easy,F1,exponential,22.675974632299656,28.957637189782826,0.6680085725565393,0.5497964721845319,14.724785847150354,36.40275298456866,0.009934057412736895,0.04010234768250568,"[[2182, 923], [1055, 1798]]","[[204, 141], [157, 160]]"
disclosure_x_bias,251,init_easy,F1,exponential,22.676111503268267,29.011054663048448,0.6680091365405223,0.5482813206693804,14.717799875972473,36.4931919248644,0.009785138012538223,0.04119210622481848,"[[2180, 925], [1053, 1800]]","[[203, 142], [157, 160]]"
disclosure_x_bias,252,init_easy,F1,exponential,22.679472809576453,29.0034016298661,0.6675052168518414,0.5482813206693804,14.758104693805615,36.470326793756996,0.00991670295586104,0.0430097107968397,"[[2180, 925], [1056, 1797]]","[[203, 142], [157, 160]]"
disclosure_x_bias,253,init_easy,F1,exponential,22.680968075135233,29.021242451352787,0.6680085725565394,0.5482813206693804,14.738214600294677,36.50629217216678,0.009548734331461249,0.04119210622481848,"[[2183, 922], [1056, 1797]]","[[203, 142], [157, 160]]"
disclosure_x_bias,254,init_easy,F1,exponential,22.67999266834762,29.020364735702778,0.6675052168518414,0.5482813206693804,14.756805536818298,36.47431701311183,0.00991670295586104,0.0430097107968397,"[[2180, 925], [1056, 1797]]","[[203, 142], [157, 160]]"
disclosure_x_bias,255,init_easy,F1,exponential,22.64211000325385,29.039279371589874,0.6678407873216401,0.5497964721845319,14.809115138895017,36.53132059156367,0.00972990782145283,0.04010234768250568,"[[2182, 923], [1056, 1797]]","[[204, 141], [157, 160]]"
disclosure_x_bias,256,init_easy,F1,exponential,22.64629829056714,29.013959477066937,0.6688474987310361,0.5497964721845319,14.798219636637652,36.47658662660515,0.008994932103749322,0.04010234768250568,"[[2186, 919], [1054, 1799]]","[[204, 141], [157, 160]]"
disclosure_x_bias,257,init_easy,F1,exponential,22.636907175716733,29.0335222298644,0.6693511364277255,0.5483039348710991,14.812414557142494,36.49920960673374,0.008918121158693924,0.03839092576288883,"[[2186, 919], [1051, 1802]]","[[203, 142], [157, 160]]"
disclosure_x_bias,258,init_easy,F1,exponential,22.64771210784092,29.043519092749413,0.6686799954881282,0.5483039348710991,14.783232413120531,36.54184332156872,0.010100126056393932,0.03839092576288883,"[[2181, 924], [1050, 1803]]","[[203, 142], [157, 160]]"
disclosure_x_bias,259,init_easy,F1,exponential,22.64859810731445,29.02625094510366,0.6696869888895155,0.5483039348710991,14.783011235289104,36.4986831173132,0.00941584412529657,0.03839092576288883,"[[2185, 920], [1048, 1805]]","[[203, 142], [157, 160]]"
disclosure_x_bias,260,init_easy,F1,exponential,22.665156791770723,29.57106020077211,0.6696869888895155,0.5483039348710991,14.631430519151689,36.96946981863248,0.00964634827384946,0.03839092576288883,"[[2187, 918], [1050, 1803]]","[[203, 142], [157, 160]]"
disclosure_x_bias,261,init_easy,F1,exponential,22.710403326349443,29.501137887060686,0.6696875528734985,0.5498190863862505,14.685618785353473,36.9052216202697,0.009123376460500588,0.03856457076528738,"[[2186, 919], [1049, 1804]]","[[203, 142], [156, 161]]"
disclosure_x_bias,262,init_easy,F1,exponential,22.691716709596285,29.531951503331705,0.670190626586205,0.5483039348710991,14.713070614612448,36.91860480330794,0.009880295537018984,0.03839092576288883,"[[2189, 916], [1049, 1804]]","[[203, 142], [157, 160]]"
disclosure_x_bias,263,init_easy,F1,exponential,22.69220899076394,29.48753400029828,0.6695192036546163,0.5498190863862505,14.702720948891953,36.899159644824664,0.009567666623681692,0.03856457076528738,"[[2187, 918], [1051, 1802]]","[[203, 142], [156, 161]]"
disclosure_x_bias,264,init_easy,F1,exponential,22.69775768163279,29.51358497531253,0.6701909085781963,0.5483039348710991,14.709931393012077,36.91600674217463,0.010213725314213358,0.03839092576288883,"[[2188, 917], [1048, 1805]]","[[203, 142], [157, 160]]"
disclosure_x_bias,265,init_easy,F1,exponential,22.68432484684179,29.493259966505907,0.6698553381083977,0.5483039348710991,14.696893943883769,36.89534690889753,0.010768699581988351,0.03772065718411182,"[[2185, 920], [1047, 1806]]","[[202, 143], [156, 161]]"
disclosure_x_bias,266,init_easy,F1,exponential,22.7102443451815,29.556781350781442,0.6693514184197169,0.5498190863862505,14.757111351098137,36.96988541688472,0.010397510298149509,0.03986548034793464,"[[2185, 920], [1050, 1803]]","[[203, 142], [156, 161]]"
disclosure_x_bias,267,init_easy,F1,exponential,22.688389920069604,29.524612721620418,0.6703586938130958,0.5513342379014021,14.72037767882486,36.93034480011867,0.009481978482368458,0.039968962214420235,"[[2188, 917], [1047, 1806]]","[[203, 142], [155, 162]]"
disclosure_x_bias,268,init_easy,F1,exponential,22.694639289445863,29.558774049003887,0.6693514184197169,0.5498190863862505,14.727055403808235,36.975133377773034,0.010030007530076877,0.03986548034793464,"[[2185, 920], [1050, 1803]]","[[203, 142], [156, 161]]"
disclosure_x_bias,269,init_easy,F1,exponential,22.7041537898282,29.541973457593446,0.6706953922508601,0.5498190863862505,14.728196258228811,36.93343827733177,0.009021748117932094,0.041740892790675055,"[[2191, 914], [1048, 1805]]","[[203, 142], [156, 161]]"
disclosure_x_bias,270,init_easy,F1,exponential,22.70014439389924,29.575776946954484,0.6698547741244149,0.545273631840796,14.736127890626648,37.001026478804555,0.009688945671680084,0.042894689247702046,"[[2189, 916], [1051, 1802]]","[[201, 144], [157, 160]]"
disclosure_x_bias,271,init_easy,F1,exponential,22.708065355373193,29.59869119464248,0.6708631774857594,0.5498190863862505,14.73813386486083,37.054125992075505,0.009149665312270119,0.041740892790675055,"[[2192, 913], [1048, 1805]]","[[203, 142], [156, 161]]"
disclosure_x_bias,272,init_easy,F1,exponential,22.70187279634173,29.5244579361973,0.6701903445942136,0.5467887833559475,14.745433276558051,36.92073875694336,0.009954337752216482,0.0401054152314927,"[[2189, 916], [1049, 1804]]","[[202, 143], [157, 160]]"
disclosure_x_bias,273,init_easy,F1,exponential,22.714990266871787,29.62884571524607,0.6708631774857594,0.5467887833559475,14.743291387198287,37.14505831712406,0.009485375574122726,0.0401054152314927,"[[2192, 913], [1048, 1805]]","[[202, 143], [157, 160]]"
disclosure_x_bias,274,init_easy,F1,exponential,22.556307421561947,28.960493133655234,0.6713668151824488,0.5483039348710991,14.692116668904038,35.64872489891039,0.009393862157140687,0.04033495740077957,"[[2195, 910], [1048, 1805]]","[[202, 143], [156, 161]]"
disclosure_x_bias,275,init_easy,F1,exponential,22.524160493847315,28.8913350516305,0.6715346004173481,0.545273631840796,14.703571165258118,35.64863833378328,0.009731285652408887,0.03916456498513423,"[[2199, 906], [1051, 1802]]","[[202, 143], [158, 159]]"
disclosure_x_bias,276,init_easy,F1,exponential,22.533959258306076,28.91134880038254,0.6710303987366759,0.5483039348710991,14.720845982054572,35.680290077976665,0.009461667987051932,0.04033495740077957,"[[2196, 909], [1051, 1802]]","[[202, 143], [156, 161]]"
disclosure_x_bias,277,init_easy,F1,exponential,22.4895697662404,28.897828260460464,0.6710306807286673,0.5483039348710991,14.709469271365112,35.64012696034634,0.008905284314194439,0.04033495740077957,"[[2199, 906], [1054, 1799]]","[[202, 143], [156, 161]]"
disclosure_x_bias,278,init_easy,F1,exponential,22.50090848154444,28.912707244672994,0.6710306807286673,0.5483039348710991,14.722673935391938,35.682453582508025,0.008619704702143438,0.04033495740077957,"[[2198, 907], [1053, 1800]]","[[202, 143], [156, 161]]"
disclosure_x_bias,279,init_easy,F1,exponential,22.48861430626679,28.90617258104112,0.6706948282668772,0.5483039348710991,14.72174915734961,35.66538571482575,0.009483733831684502,0.04033495740077957,"[[2197, 908], [1054, 1799]]","[[202, 143], [156, 161]]"
disclosure_x_bias,280,init_easy,F1,exponential,22.48154851976448,28.899734793828298,0.6705270430319779,0.5467887833559475,14.729991560251099,35.6835181133522,0.008662681584040103,0.0401054152314927,"[[2196, 909], [1054, 1799]]","[[202, 143], [157, 160]]"
disclosure_x_bias,281,init_easy,F1,exponential,22.486828948872862,28.890629007329984,0.6703592577970785,0.5498190863862505,14.73107346329078,35.65892287991296,0.009623481931571762,0.0398654803479347,"[[2194, 911], [1053, 1800]]","[[202, 143], [155, 162]]"
disclosure_x_bias,282,init_easy,F1,exponential,22.503732578197564,28.89330812762097,0.6727102250296092,0.5513342379014021,14.727442609088403,35.64060127780899,0.009307231507436496,0.04060213224731065,"[[2202, 903], [1047, 1806]]","[[202, 143], [154, 163]]"
disclosure_x_bias,283,init_easy,F1,exponential,22.52376307463119,28.914511600031272,0.6715343184253567,0.5498190863862505,14.755100066540765,35.67260057947338,0.00918001050688681,0.0398654803479347,"[[2200, 905], [1052, 1801]]","[[202, 143], [155, 162]]"
disclosure_x_bias,284,init_easy,F1,exponential,22.522285762937294,28.893039786306936,0.6713662511984659,0.5498190863862505,14.750755494943215,35.62781988699896,0.009281312542267403,0.0398654803479347,"[[2199, 906], [1052, 1801]]","[[202, 143], [155, 162]]"
disclosure_x_bias,285,init_easy,F1,exponential,22.52879240504975,28.896121231295275,0.6717023856522475,0.5498190863862505,14.754628629131645,35.652885395910175,0.009277623415088017,0.0398654803479347,"[[2199, 906], [1050, 1803]]","[[202, 143], [155, 162]]"
disclosure_x_bias,286,init_easy,F1,exponential,22.512445122044696,28.862164566501303,0.6717023856522475,0.5483039348710991,14.75359885755135,35.57126632824328,0.009444696049105665,0.039697526194869444,"[[2199, 906], [1050, 1803]]","[[202, 143], [156, 161]]"
disclosure_x_bias,287,init_easy,F1,exponential,22.574906934141463,28.956433700582085,0.6715343184253568,0.5483039348710991,14.776033595829496,35.77145628463354,0.008831748497647425,0.039049691208279634,"[[2198, 907], [1050, 1803]]","[[202, 143], [156, 161]]"
disclosure_x_bias,288,init_easy,F1,exponential,22.564221449368706,28.961961365441745,0.6717023856522475,0.5483039348710991,14.77007189479248,35.758966664803005,0.009038534953921809,0.039049691208279634,"[[2198, 907], [1049, 1804]]","[[202, 143], [156, 161]]"
disclosure_x_bias,289,init_easy,F1,exponential,22.559725149336053,28.957635488284694,0.6720382381140376,0.5467887833559475,14.776175069190513,35.78073071709021,0.008714269785325158,0.04602821261133207,"[[2198, 907], [1047, 1806]]","[[200, 145], [155, 162]]"
disclosure_x_bias,290,init_easy,F1,exponential,22.55697245380492,28.97747154167656,0.6718701708871468,0.5467887833559475,14.764370481443642,35.81148112240083,0.00876142196367032,0.04602821261133207,"[[2199, 906], [1049, 1804]]","[[200, 145], [155, 162]]"
disclosure_x_bias,291,init_easy,F1,exponential,22.557358966920788,28.964638972970892,0.6722060233489369,0.5467887833559475,14.771806912925031,35.80617328604406,0.008818290416700661,0.04602821261133207,"[[2197, 908], [1045, 1808]]","[[200, 145], [155, 162]]"
disclosure_x_bias,292,init_easy,F1,exponential,22.565702842620702,28.998400964595994,0.6718698888951554,0.5497964721845319,14.78861710134329,35.851319866939996,0.008664809569789251,0.048191400945329754,"[[2197, 908], [1047, 1806]]","[[201, 144], [154, 163]]"
disclosure_x_bias,293,init_easy,F1,exponential,22.571305882604612,29.011833085003747,0.6722057413569454,0.5467887833559475,14.828632640339363,35.871393799020325,0.008614917664318012,0.04602821261133207,"[[2198, 907], [1046, 1807]]","[[200, 145], [155, 162]]"
disclosure_x_bias,294,init_easy,F1,exponential,22.556160331678623,29.0191663017263,0.672541311826744,0.545273631840796,14.80073519839129,35.8900796757328,0.009297053168380837,0.04577150181399661,"[[2202, 903], [1048, 1805]]","[[200, 145], [156, 161]]"
disclosure_x_bias,295,init_easy,F1,exponential,22.563355279632525,28.995618711397004,0.67321414471829,0.545273631840796,14.802861502320434,35.845352701953296,0.00932760757484165,0.04577150181399661,"[[2204, 901], [1046, 1807]]","[[200, 145], [156, 161]]"
disclosure_x_bias,296,init_easy,F1,exponential,22.51675278270634,29.01826802837894,0.6735497151880887,0.545273631840796,14.784436347447928,35.891724679402074,0.009032139538837122,0.04577150181399661,"[[2205, 900], [1045, 1808]]","[[200, 145], [156, 161]]"
disclosure_x_bias,297,init_easy,F1,exponential,22.52108967450732,29.01472998461469,0.6730460774913992,0.5437584803256444,14.776660369970788,35.8886409171953,0.009158594882804056,0.044892623866733546,"[[2204, 901], [1047, 1806]]","[[200, 145], [157, 160]]"
disclosure_x_bias,298,init_easy,F1,exponential,22.54758111914387,29.000669793160846,0.672541311826744,0.5483039348710991,14.774874017572904,35.865315444601336,0.008741694345154585,0.0467768748032251,"[[2194, 911], [1040, 1813]]","[[200, 145], [154, 163]]"
disclosure_x_bias,299,init_easy,F1,exponential,22.54541920176161,29.029605443561167,0.6720371101460719,0.5483039348710991,14.773554383659825,35.9269417609848,0.008580427037450941,0.0467768748032251,"[[2193, 912], [1042, 1811]]","[[200, 145], [154, 163]]"
disclosure_x_bias,300,init_easy,F1,exponential,22.5452450993673,29.008681941019894,0.6727093790536349,0.5483039348710991,14.778796625630124,35.88433737757732,0.00864499205537307,0.0467768748032251,"[[2198, 907], [1043, 1810]]","[[200, 145], [154, 163]]"
disclosure_x_bias,1,init_hard,Hostility,log_loss,0.6425103956347165,0.8974948755609164,0.6181583103039874,0.5468566259611036,0.006762623238129577,0.2806540742380735,0.02399627250590758,0.024994530524254606,"[[2030, 1075], [1200, 1653]]","[[209, 136], [164, 153]]"
disclosure_x_bias,2,init_hard,Hostility,log_loss,0.6416981009370419,0.8972420148569278,0.6189986464384412,0.5468566259611036,0.0067078064589824495,0.2806181268595453,0.022542693543351464,0.024994530524254606,"[[2037, 1068], [1202, 1651]]","[[209, 136], [164, 153]]"
disclosure_x_bias,3,init_hard,Hostility,log_loss,0.640986949987836,0.8971473419714965,0.6216846201567876,0.5483717774762551,0.006672246729868829,0.28091247877535247,0.023567853171152977,0.02634345820143053,"[[2054, 1051], [1203, 1650]]","[[210, 135], [164, 153]]"
disclosure_x_bias,4,init_hard,Hostility,log_loss,0.6402811407790996,0.8964834780129609,0.6225235463312841,0.5483717774762551,0.006648821840535468,0.2810583743134441,0.024269206599310325,0.02634345820143053,"[[2059, 1046], [1203, 1650]]","[[210, 135], [164, 153]]"
disclosure_x_bias,5,init_hard,Hostility,log_loss,0.6396642171127638,0.8970450981358808,0.6247081382888726,0.5423790140208051,0.0066285505663089776,0.2812685019387889,0.022077652845517142,0.030334366460042173,"[[2089, 1016], [1220, 1633]]","[[210, 135], [168, 149]]"
disclosure_x_bias,6,init_hard,Hostility,log_loss,0.6390354777614663,0.8971663451373552,0.6248756415317805,0.5423790140208051,0.0066480892630754055,0.2812836995914513,0.021654932822298304,0.030334366460042173,"[[2089, 1016], [1219, 1634]]","[[210, 135], [168, 149]]"
disclosure_x_bias,7,init_hard,Hostility,log_loss,0.6384708717171581,0.8969210167999859,0.6255473464553607,0.5423790140208051,0.006646081196389079,0.28145763120019884,0.021462926398950966,0.030334366460042173,"[[2093, 1012], [1219, 1634]]","[[210, 135], [168, 149]]"
disclosure_x_bias,8,init_hard,Hostility,log_loss,0.6379464604974279,0.896493537978802,0.6255473464553607,0.5438941655359566,0.006640513105340892,0.28174216789870243,0.02122846321516982,0.030878567880708453,"[[2098, 1007], [1224, 1629]]","[[211, 134], [168, 149]]"
disclosure_x_bias,9,init_hard,Hostility,log_loss,0.6373967315571131,0.8961944074844613,0.6280641249788507,0.5529850746268656,0.006640398356466164,0.2818979473344323,0.016252076106795264,0.05321427545875726,"[[2073, 1032], [1184, 1669]]","[[209, 136], [160, 157]]"
disclosure_x_bias,10,init_hard,Hostility,log_loss,0.6369138094625981,0.8965240282571315,0.6280641249788507,0.5529850746268656,0.006641893641406476,0.28178716164171297,0.016252076106795264,0.05321427545875726,"[[2071, 1034], [1182, 1671]]","[[209, 136], [160, 157]]"
disclosure_x_bias,11,init_hard,Hostility,log_loss,0.6364104812606282,0.8967368224171312,0.6292386216231459,0.5529850746268656,0.006671529158196069,0.28199757532538927,0.014964813592615474,0.05321427545875726,"[[2095, 1010], [1199, 1654]]","[[211, 134], [162, 155]]"
disclosure_x_bias,12,init_hard,Hostility,log_loss,0.6359237248004498,0.89643816178535,0.6295741920929446,0.5545002261420172,0.006693064315838096,0.28220956703678296,0.015125888453232074,0.05461141130067686,"[[2097, 1008], [1199, 1654]]","[[212, 133], [162, 155]]"
disclosure_x_bias,13,init_hard,Hostility,log_loss,0.6354862270336082,0.8961929236298827,0.6302453330325418,0.5575305291723203,0.006691671406284392,0.28194025846417664,0.015049077773094213,0.054427058818320065,"[[2102, 1003], [1200, 1653]]","[[214, 131], [162, 155]]"
disclosure_x_bias,14,init_hard,Hostility,log_loss,0.6350112812886903,0.8960010602580175,0.6304134002594326,0.5575305291723203,0.006731144429153465,0.28176520069882727,0.014827508648930543,0.054427058818320065,"[[2104, 1001], [1201, 1652]]","[[214, 131], [162, 155]]"
disclosure_x_bias,15,init_hard,Hostility,log_loss,0.6345888542570455,0.8959891370246034,0.6304134002594326,0.5575305291723203,0.006738860283630503,0.2816955748756409,0.014827508648930543,0.054427058818320065,"[[2106, 999], [1203, 1650]]","[[214, 131], [162, 155]]"
disclosure_x_bias,16,init_hard,Hostility,log_loss,0.634163871721053,0.8960163868217361,0.6304134002594326,0.5575305291723203,0.006757700832240251,0.28192125418785985,0.014827508648930543,0.054427058818320065,"[[2104, 1001], [1201, 1652]]","[[214, 131], [162, 155]]"
disclosure_x_bias,17,init_hard,Hostility,log_loss,0.6337648660582802,0.8962596001755916,0.6304134002594326,0.5575305291723203,0.006765273685471711,0.28222720487233804,0.014827508648930543,0.054427058818320065,"[[2104, 1001], [1201, 1652]]","[[214, 131], [162, 155]]"
disclosure_x_bias,18,init_hard,Hostility,log_loss,0.6333767414794524,0.8960302964012291,0.6310845411990299,0.5560153776571687,0.006774722386226679,0.2823058677183075,0.01516735907785623,0.054542701143771764,"[[2109, 996], [1202, 1651]]","[[214, 131], [163, 154]]"
disclosure_x_bias,19,init_hard,Hostility,log_loss,0.6329926728316719,0.8957932992482652,0.6310845411990299,0.5560153776571687,0.006788488536011508,0.2820041524463008,0.01516735907785623,0.054542701143771764,"[[2109, 996], [1202, 1651]]","[[214, 131], [163, 154]]"
disclosure_x_bias,20,init_hard,Hostility,log_loss,0.6326076785189654,0.8960230453625236,0.6322593198353167,0.5560153776571687,0.006818848100432514,0.2821351283205511,0.013293751960174467,0.054542701143771764,"[[2086, 1019], [1172, 1681]]","[[211, 134], [160, 157]]"
disclosure_x_bias,21,init_hard,Hostility,log_loss,0.6322362909726317,0.8959603541822604,0.632427105070216,0.5560153776571687,0.006832719602005412,0.2820608997481221,0.013378739079275816,0.054542701143771764,"[[2087, 1018], [1172, 1681]]","[[211, 134], [160, 157]]"
disclosure_x_bias,22,init_hard,Hostility,log_loss,0.6318544698118896,0.895846720383384,0.6325948903051153,0.5560153776571687,0.006854549636999594,0.28223841680331874,0.013622558493117536,0.054542701143771764,"[[2089, 1016], [1173, 1680]]","[[211, 134], [160, 157]]"
disclosure_x_bias,23,init_hard,Hostility,log_loss,0.6315100938646369,0.8958389665403018,0.6317559641306187,0.5560153776571687,0.0068600940394441205,0.2821885513250368,0.015316989342932267,0.054542701143771764,"[[2113, 992], [1202, 1651]]","[[214, 131], [163, 154]]"
disclosure_x_bias,24,init_hard,Hostility,log_loss,0.631162104817413,0.8952683060311853,0.632930460774914,0.5560153776571687,0.006873803951696818,0.28246192425223055,0.013776608346070793,0.054542701143771764,"[[2096, 1009], [1178, 1675]]","[[212, 133], [161, 156]]"
disclosure_x_bias,25,init_hard,Hostility,log_loss,0.6308266453032537,0.8950420349285088,0.632930460774914,0.5560153776571687,0.006882547892156077,0.28249914356189226,0.013776608346070793,0.054542701143771764,"[[2096, 1009], [1178, 1675]]","[[212, 133], [161, 156]]"
disclosure_x_bias,26,init_hard,Hostility,log_loss,0.6304861241393291,0.8951611593321452,0.6327626755400146,0.5560153776571687,0.006903966193187524,0.2825121935596089,0.013746526596675867,0.054542701143771764,"[[2095, 1010], [1178, 1675]]","[[212, 133], [161, 156]]"
disclosure_x_bias,27,init_hard,Hostility,log_loss,0.6301418806587157,0.8952023994773217,0.6325948903051153,0.5560153776571687,0.006931683279671647,0.2825652315729738,0.013507261479315724,0.054542701143771764,"[[2095, 1010], [1179, 1674]]","[[212, 133], [161, 156]]"
disclosure_x_bias,28,init_hard,Hostility,log_loss,0.6298066782428058,0.8945339132781273,0.6325948903051153,0.5560153776571687,0.006955479036979158,0.28274105042690234,0.013507261479315724,0.054542701143771764,"[[2095, 1010], [1179, 1674]]","[[212, 133], [161, 156]]"
disclosure_x_bias,29,init_hard,Hostility,log_loss,0.629506669964924,0.8949691455958938,0.6325948903051153,0.5560153776571687,0.006959767452600397,0.28279697378728696,0.013507261479315724,0.054542701143771764,"[[2095, 1010], [1179, 1674]]","[[212, 133], [161, 156]]"
disclosure_x_bias,30,init_hard,Hostility,log_loss,0.6292056267231311,0.8946378235486266,0.6332668772206869,0.5575305291723203,0.0069635662310212195,0.2829353646671335,0.014384516330233004,0.054427058818320065,"[[2099, 1006], [1179, 1674]]","[[212, 133], [160, 157]]"
disclosure_x_bias,31,init_hard,Hostility,log_loss,0.628901841760484,0.8945699549372843,0.6336024476904856,0.5575305291723203,0.006974980466641313,0.28294360527453055,0.014448434051123388,0.054427058818320065,"[[2101, 1004], [1179, 1674]]","[[212, 133], [160, 157]]"
disclosure_x_bias,32,init_hard,Hostility,log_loss,0.6286224181725265,0.8949530653710346,0.6336024476904856,0.559023066485753,0.0069753378674278985,0.28282971000576745,0.014448434051123388,0.05262143276816594,"[[2100, 1005], [1178, 1675]]","[[212, 133], [159, 158]]"
disclosure_x_bias,33,init_hard,Hostility,log_loss,0.6283368772078866,0.894793832373308,0.6336021656984941,0.5575079149706015,0.006973313709541797,0.2829634167340788,0.014390390891490539,0.05278865485291557,"[[2099, 1006], [1177, 1676]]","[[212, 133], [160, 157]]"
disclosure_x_bias,34,init_hard,Hostility,log_loss,0.6280098765759174,0.8946349569900592,0.6339380181602843,0.5575079149706015,0.006985388466781102,0.2829897551977047,0.014717537785987311,0.05278865485291557,"[[2102, 1003], [1178, 1675]]","[[212, 133], [160, 157]]"
disclosure_x_bias,35,init_hard,Hostility,log_loss,0.6277253652364172,0.8945504712426198,0.6336024476904856,0.5575079149706015,0.007007372483555333,0.2831801163740773,0.014620602795170438,0.05278865485291557,"[[2100, 1005], [1178, 1675]]","[[212, 133], [160, 157]]"
disclosure_x_bias,36,init_hard,Hostility,log_loss,0.6274622855701891,0.8946233294347662,0.6336024476904856,0.5590230664857531,0.007009963890094503,0.2832837733834088,0.014620602795170438,0.056816828575236386,"[[2092, 1013], [1170, 1683]]","[[212, 133], [159, 158]]"
disclosure_x_bias,37,init_hard,Hostility,log_loss,0.6272042731088092,0.8944328849758003,0.634273588630083,0.5575079149706015,0.007018942929063807,0.28343379362823545,0.014549653004275834,0.058735336162099645,"[[2097, 1008], [1171, 1682]]","[[212, 133], [160, 157]]"
disclosure_x_bias,38,init_hard,Hostility,log_loss,0.6269349488028813,0.8947313113181199,0.6341058033951835,0.5575079149706015,0.007022572485914347,0.2834187136364288,0.014516874816402254,0.058735336162099645,"[[2096, 1009], [1171, 1682]]","[[212, 133], [160, 157]]"
disclosure_x_bias,39,init_hard,Hostility,log_loss,0.6266500470974303,0.8947345262972025,0.6359514409790762,0.5575079149706015,0.007060723081239602,0.2834212607277745,0.01417349521683008,0.05741771596366218,"[[2094, 1011], [1158, 1695]]","[[211, 134], [159, 158]]"
disclosure_x_bias,40,init_hard,Hostility,log_loss,0.6263927400790573,0.8948634966942196,0.6359514409790762,0.5575079149706015,0.007066413801795603,0.28341092964158987,0.013973460188924591,0.05741771596366218,"[[2094, 1011], [1158, 1695]]","[[211, 134], [159, 158]]"
disclosure_x_bias,41,init_hard,Hostility,log_loss,0.6261415256065813,0.8949406509537944,0.6357833737521854,0.5575079149706015,0.00707640210073587,0.2833414792574835,0.013720536788135972,0.05741771596366218,"[[2094, 1011], [1159, 1694]]","[[211, 134], [159, 158]]"
disclosure_x_bias,42,init_hard,Hostility,log_loss,0.6258995624962529,0.8948996722821507,0.6366237098866392,0.5575079149706015,0.0070736827903790335,0.2833524493876862,0.012343412357652423,0.05741771596366218,"[[2102, 1003], [1162, 1691]]","[[211, 134], [159, 158]]"
disclosure_x_bias,43,init_hard,Hostility,log_loss,0.6256656073954955,0.8948011013214078,0.6366237098866392,0.5575079149706015,0.007078120276176775,0.28326682204201487,0.012113193287527526,0.05741771596366218,"[[2102, 1003], [1162, 1691]]","[[211, 134], [159, 158]]"
disclosure_x_bias,44,init_hard,Hostility,log_loss,0.6254096251898242,0.8945329446517789,0.6367914951215385,0.5575079149706015,0.007092343651693198,0.2834698165912295,0.01231861041502541,0.05741771596366218,"[[2103, 1002], [1162, 1691]]","[[211, 134], [159, 158]]"
disclosure_x_bias,45,init_hard,Hostility,log_loss,0.6251460726154995,0.8942745391515843,0.6369592803564379,0.5575079149706015,0.007092143469990798,0.2834421654900692,0.012342006791031352,0.05741771596366218,"[[2104, 1001], [1162, 1691]]","[[211, 134], [159, 158]]"
disclosure_x_bias,46,init_hard,Hostility,log_loss,0.6249095651503329,0.8943439137607305,0.6369592803564379,0.5575079149706015,0.007106029645634294,0.28356673211981376,0.012342006791031352,0.05741771596366218,"[[2104, 1001], [1162, 1691]]","[[211, 134], [159, 158]]"
disclosure_x_bias,47,init_hard,Hostility,log_loss,0.6246771889437599,0.8945541413345548,0.637295132818228,0.5575079149706015,0.007104406357079218,0.28358061196516626,0.012296722667890857,0.05741771596366218,"[[2106, 999], [1162, 1691]]","[[211, 134], [159, 158]]"
disclosure_x_bias,48,init_hard,Hostility,log_loss,0.6244426113113297,0.8943044448285876,0.6371273475833286,0.5590230664857531,0.007120758952033961,0.28327713618404693,0.012580334386517534,0.05591173047122658,"[[2106, 999], [1163, 1690]]","[[212, 133], [159, 158]]"
disclosure_x_bias,49,init_hard,Hostility,log_loss,0.6241855730151086,0.8942044151403363,0.6372951328182279,0.5575079149706015,0.0071609699511460696,0.28328674733110887,0.012498566635238805,0.05741771596366218,"[[2106, 999], [1162, 1691]]","[[211, 134], [159, 158]]"
disclosure_x_bias,50,init_hard,Hostility,log_loss,0.6239656553087819,0.8940451034133947,0.6374629180531273,0.5575079149706015,0.007162931463682959,0.2833994717321662,0.012712518719615876,0.05741771596366218,"[[2107, 998], [1162, 1691]]","[[211, 134], [159, 158]]"
disclosure_x_bias,51,init_hard,Hostility,log_loss,0.6237218350328024,0.8940650078948187,0.6379662737578252,0.5575079149706015,0.007189853581479917,0.2834150746822517,0.012545738250678982,0.05741771596366218,"[[2110, 995], [1162, 1691]]","[[211, 134], [159, 158]]"
disclosure_x_bias,52,init_hard,Hostility,log_loss,0.623506563233098,0.8940918103639957,0.6381340589927247,0.5590230664857531,0.007190077445537563,0.2834497000764615,0.012501331892314511,0.06155744664280422,"[[2114, 991], [1165, 1688]]","[[212, 133], [159, 158]]"
disclosure_x_bias,53,init_hard,Hostility,log_loss,0.6232888002494433,0.894270286990808,0.6384696294625233,0.5590230664857531,0.007186733018736573,0.2834053415763319,0.012479900393805775,0.06155744664280422,"[[2115, 990], [1164, 1689]]","[[212, 133], [159, 158]]"
disclosure_x_bias,54,init_hard,Hostility,log_loss,0.6230706060791882,0.8942388716556342,0.6386374146974225,0.5544776119402985,0.0072050166545930255,0.2833514892143645,0.01284846846933222,0.04949227103215141,"[[2125, 980], [1173, 1680]]","[[211, 134], [161, 156]]"
disclosure_x_bias,55,init_hard,Hostility,log_loss,0.622848987692332,0.8943609566043473,0.6386374146974225,0.5544776119402985,0.007221600211723639,0.28310347040854233,0.0126769065583249,0.04949227103215141,"[[2126, 979], [1174, 1679]]","[[211, 134], [161, 156]]"
disclosure_x_bias,56,init_hard,Hostility,log_loss,0.6226348199240452,0.8945614607384904,0.6393099655969771,0.5575305291723203,0.007228939866191166,0.2833706397631215,0.011175886394523478,0.06310791378440547,"[[2121, 984], [1165, 1688]]","[[212, 133], [160, 157]]"
disclosure_x_bias,57,init_hard,Hostility,log_loss,0.6224350996487511,0.8944058575779341,0.6394777508318763,0.5575305291723203,0.007224508087831086,0.2833198193353775,0.011243450141738526,0.06310791378440547,"[[2121, 984], [1164, 1689]]","[[212, 133], [160, 157]]"
disclosure_x_bias,58,init_hard,Hostility,log_loss,0.6222322410221176,0.8943137991882978,0.639813321301675,0.5560153776571687,0.007213557831245263,0.2830645634555787,0.010891363737131059,0.0590343821290809,"[[2122, 983], [1163, 1690]]","[[211, 134], [160, 157]]"
disclosure_x_bias,59,init_hard,Hostility,log_loss,0.6220331475309763,0.8942196298664058,0.6401488917714737,0.5545002261420172,0.007214010442125692,0.28280668315284635,0.011178861269775846,0.057788516696348755,"[[2127, 978], [1166, 1687]]","[[211, 134], [161, 156]]"
disclosure_x_bias,60,init_hard,Hostility,log_loss,0.6218158225427541,0.8943003564366279,0.6399811065365744,0.5575305291723203,0.007239970046768152,0.2825481650094186,0.011150248487195896,0.0576143311106304,"[[2125, 980], [1165, 1688]]","[[212, 133], [160, 157]]"
disclosure_x_bias,61,init_hard,Hostility,log_loss,0.6216171906146425,0.8940590716929881,0.6399811065365744,0.5575305291723203,0.007246175726423922,0.2825390387151179,0.011150248487195896,0.0576143311106304,"[[2125, 980], [1165, 1688]]","[[212, 133], [160, 157]]"
disclosure_x_bias,62,init_hard,Hostility,log_loss,0.6214073768947518,0.8942069142377284,0.6403166770063731,0.5560153776571687,0.007263929079884417,0.28255321893103813,0.011148635908302762,0.0590343821290809,"[[2126, 979], [1164, 1689]]","[[211, 134], [160, 157]]"
disclosure_x_bias,63,init_hard,Hostility,log_loss,0.6212151357365563,0.8943458552369845,0.6406522474761717,0.5560153776571687,0.007261971378208536,0.2824996081319766,0.011657282547532552,0.0590343821290809,"[[2126, 979], [1162, 1691]]","[[211, 134], [160, 157]]"
disclosure_x_bias,64,init_hard,Hostility,log_loss,0.6210095328080529,0.8943560503558736,0.6404844622412724,0.5560153776571687,0.0072727406167484515,0.2825815173654786,0.01163791294279155,0.0590343821290809,"[[2125, 980], [1162, 1691]]","[[211, 134], [160, 157]]"
disclosure_x_bias,65,init_hard,Hostility,log_loss,0.6208231757550767,0.8943902694927133,0.6406522474761717,0.5499547715965626,0.007274539986552407,0.28277545033412166,0.011737505217450959,0.048601591341723795,"[[2140, 965], [1176, 1677]]","[[211, 134], [164, 153]]"
disclosure_x_bias,66,init_hard,Hostility,log_loss,0.620618177642111,0.894315384265221,0.6406522474761717,0.5514699231117142,0.00729456840839722,0.2828589273662187,0.011657282547532552,0.04971870523831893,"[[2138, 967], [1174, 1679]]","[[211, 134], [163, 154]]"
disclosure_x_bias,67,init_hard,Hostility,log_loss,0.6204266005534007,0.8943112918401775,0.6411556031808697,0.5499547715965626,0.007298738995230764,0.2827847943271196,0.011858504070331594,0.048601591341723795,"[[2140, 965], [1173, 1680]]","[[211, 134], [164, 153]]"
disclosure_x_bias,68,init_hard,Hostility,log_loss,0.6202437205521556,0.8943612885145462,0.6414914556426597,0.5514699231117142,0.007293338108486783,0.2828845671641674,0.010727479844620988,0.04920299226718318,"[[2141, 964], [1172, 1681]]","[[212, 133], [164, 153]]"
disclosure_x_bias,69,init_hard,Hostility,log_loss,0.6200424796942459,0.8943632987822788,0.6416592408775591,0.5514699231117142,0.007298333863973255,0.28295769165660783,0.011215602324909967,0.04920299226718318,"[[2142, 963], [1172, 1681]]","[[212, 133], [164, 153]]"
disclosure_x_bias,70,init_hard,Hostility,log_loss,0.6198426665398056,0.8941854466739756,0.6418270261124583,0.5514699231117142,0.0072891521454234096,0.28309298664153704,0.011327193856708736,0.04920299226718318,"[[2143, 962], [1172, 1681]]","[[212, 133], [164, 153]]"
disclosure_x_bias,71,init_hard,Hostility,log_loss,0.6196606706818127,0.8940595564099525,0.6414914556426597,0.5499547715965626,0.007290161561125298,0.28298752169791497,0.01151501421156065,0.048601591341723795,"[[2141, 964], [1172, 1681]]","[[211, 134], [164, 153]]"
disclosure_x_bias,72,init_hard,Hostility,log_loss,0.6194649655125968,0.8945761939276032,0.6418270261124583,0.5499547715965626,0.007282838182824844,0.2830461340626635,0.01189297553281897,0.048601591341723795,"[[2142, 963], [1171, 1682]]","[[211, 134], [164, 153]]"
disclosure_x_bias,73,init_hard,Hostility,log_loss,0.6192688627496582,0.8946701748368548,0.6423306638091478,0.5514699231117142,0.007290108907479328,0.2830369405286447,0.011412200373937004,0.04920299226718318,"[[2143, 962], [1169, 1684]]","[[212, 133], [164, 153]]"
disclosure_x_bias,74,init_hard,Hostility,log_loss,0.6190838704788965,0.8946011914736847,0.6424981670520558,0.5499547715965626,0.007296857890768746,0.28294324164025186,0.01132952347480812,0.045343394951919955,"[[2142, 963], [1167, 1686]]","[[211, 134], [164, 153]]"
disclosure_x_bias,75,init_hard,Hostility,log_loss,0.6188874546331468,0.8947019231062917,0.642666516270938,0.5499547715965626,0.007316612904215142,0.282716098064891,0.011489011216421716,0.045343394951919955,"[[2141, 964], [1165, 1688]]","[[211, 134], [164, 153]]"
disclosure_x_bias,76,init_hard,Hostility,log_loss,0.6186951940781545,0.8945389767196534,0.6428343015058372,0.5499547715965626,0.007339305292473183,0.2829744284957416,0.011418573048434863,0.045343394951919955,"[[2143, 962], [1166, 1687]]","[[211, 134], [164, 153]]"
disclosure_x_bias,77,init_hard,Hostility,log_loss,0.6185216165863777,0.8945260107625537,0.6431698719756358,0.5469244685662595,0.007341291233470281,0.28298820615404846,0.011351025813917196,0.04443078407302662,"[[2145, 960], [1166, 1687]]","[[210, 135], [165, 152]]"
disclosure_x_bias,78,init_hard,Hostility,log_loss,0.618327893217409,0.8946731524264477,0.6448499802605606,0.5514246947082768,0.00734520479961666,0.2831134037240092,0.01075157014711438,0.04135675251873549,"[[2173, 932], [1184, 1669]]","[[214, 131], [166, 151]]"
disclosure_x_bias,79,init_hard,Hostility,log_loss,0.6181433609820137,0.8945055574293843,0.6451855507303592,0.5514246947082768,0.007350545225864978,0.28323107053336305,0.010726486415790779,0.04135675251873549,"[[2169, 936], [1178, 1675]]","[[213, 132], [165, 152]]"
disclosure_x_bias,80,init_hard,Hostility,log_loss,0.6179738211359014,0.8947793420285167,0.6455211212001579,0.5514246947082768,0.007345184223691732,0.28299657650033333,0.009643557896372355,0.04135675251873549,"[[2168, 937], [1175, 1678]]","[[213, 132], [165, 152]]"
disclosure_x_bias,81,init_hard,Hostility,log_loss,0.6178029168933826,0.8947124263409588,0.6458566916699565,0.5514246947082768,0.007332229576089167,0.28300302549245243,0.009458149468147468,0.04135675251873549,"[[2172, 933], [1177, 1676]]","[[214, 131], [166, 151]]"
disclosure_x_bias,82,init_hard,Hostility,log_loss,0.6176431753098255,0.8948347496485807,0.646024476904856,0.5514246947082768,0.0073313915252477095,0.28291151746574383,0.009409056230243894,0.04135675251873549,"[[2172, 933], [1176, 1677]]","[[214, 131], [166, 151]]"
disclosure_x_bias,83,init_hard,Hostility,log_loss,0.6174750912138907,0.8946340755521011,0.6458566916699565,0.5514246947082768,0.007335488107213565,0.28298952724166215,0.009458149468147468,0.04135675251873549,"[[2172, 933], [1177, 1676]]","[[214, 131], [166, 151]]"
disclosure_x_bias,84,init_hard,Hostility,log_loss,0.6173127205563068,0.8948292055032436,0.6458566916699565,0.5529398462234283,0.00733686409280269,0.2829539026538937,0.00958952455255528,0.04550101894582413,"[[2160, 945], [1165, 1688]]","[[213, 132], [164, 153]]"
disclosure_x_bias,85,init_hard,Hostility,log_loss,0.6171449198250192,0.894604495345888,0.6466956178444532,0.5499095431931252,0.007337581995127014,0.2826925044207702,0.009444814047460507,0.04594067642499291,"[[2163, 942], [1163, 1690]]","[[212, 133], [165, 152]]"
disclosure_x_bias,86,init_hard,Hostility,log_loss,0.6169675183052001,0.8946143125927992,0.6468634030793525,0.5499095431931252,0.007354249148025966,0.28251756327948885,0.009412282342554354,0.04594067642499291,"[[2162, 943], [1161, 1692]]","[[212, 133], [165, 152]]"
disclosure_x_bias,87,init_hard,Hostility,log_loss,0.6167964606476068,0.8945952254958381,0.6470311883142519,0.5514246947082768,0.007351553456552414,0.2823280836875233,0.009207988837333324,0.045469631586460134,"[[2164, 941], [1162, 1691]]","[[213, 132], [165, 152]]"
disclosure_x_bias,88,init_hard,Hostility,log_loss,0.6166117896143818,0.8946164734175932,0.6470311883142519,0.5499095431931252,0.00735549393785922,0.2825374835048999,0.009704175395769742,0.04594067642499291,"[[2162, 943], [1160, 1693]]","[[212, 133], [165, 152]]"
disclosure_x_bias,89,init_hard,Hostility,log_loss,0.616448059528245,0.8947864922628668,0.6468634030793525,0.5499095431931252,0.007357930458791828,0.28227825762290915,0.009412282342554354,0.04594067642499291,"[[2163, 942], [1162, 1691]]","[[212, 133], [165, 152]]"
disclosure_x_bias,90,init_hard,Hostility,log_loss,0.6162954857737821,0.8948028254426419,0.6470309063222605,0.5514246947082768,0.0073542666477660204,0.2823634335225525,0.009151808177732312,0.045469631586460134,"[[2164, 941], [1162, 1691]]","[[213, 132], [165, 152]]"
disclosure_x_bias,91,init_hard,Hostility,log_loss,0.6161044191960218,0.8948329739574001,0.6471986915571598,0.5499095431931252,0.007347824604949431,0.2819750363920608,0.009281439129142614,0.04594067642499291,"[[2164, 941], [1161, 1692]]","[[212, 133], [165, 152]]"
disclosure_x_bias,92,init_hard,Hostility,log_loss,0.6159547946624098,0.8949695818958234,0.6480376177316565,0.5483943916779738,0.007342623557938102,0.28178061219974393,0.01026094926708943,0.04232488825972103,"[[2160, 945], [1152, 1701]]","[[210, 135], [164, 153]]"
disclosure_x_bias,93,init_hard,Hostility,log_loss,0.6157929196365197,0.8949431021104838,0.6482056849585472,0.5483943916779738,0.0073524990512476365,0.2817514573024631,0.010256899290822186,0.04232488825972103,"[[2159, 946], [1150, 1703]]","[[210, 135], [164, 153]]"
disclosure_x_bias,94,init_hard,Hostility,log_loss,0.6156275683103746,0.8955511489067621,0.6482056849585472,0.5483943916779738,0.007332829267546698,0.28182375185166136,0.010256899290822186,0.04232488825972103,"[[2160, 945], [1151, 1702]]","[[210, 135], [164, 153]]"
disclosure_x_bias,95,init_hard,Hostility,log_loss,0.6154643517186287,0.895475034814722,0.6482056849585472,0.5483943916779738,0.007345632749770083,0.28184292520980064,0.010256899290822186,0.04232488825972103,"[[2159, 946], [1150, 1703]]","[[210, 135], [164, 153]]"
disclosure_x_bias,96,init_hard,Hostility,log_loss,0.6153177944097672,0.8955897543788544,0.6482059669505386,0.5483943916779738,0.007343428148852462,0.28180849415671977,0.010576728890375892,0.04232488825972103,"[[2159, 946], [1150, 1703]]","[[210, 135], [164, 153]]"
disclosure_x_bias,97,init_hard,Hostility,log_loss,0.6151640257446124,0.8954643228199128,0.6473659128080762,0.5513794663048394,0.007338512833539107,0.2818684864319739,0.010934922927838013,0.041327834323559444,"[[2167, 938], [1163, 1690]]","[[212, 133], [164, 153]]"
disclosure_x_bias,98,init_hard,Hostility,log_loss,0.6150014982001913,0.8955534800381034,0.6482048389825729,0.5513794663048394,0.007334764196433685,0.28167841149382133,0.010618534005458508,0.041327834323559444,"[[2169, 936], [1160, 1693]]","[[212, 133], [164, 153]]"
disclosure_x_bias,99,init_hard,Hostility,log_loss,0.6148559719550637,0.8953851281430152,0.6487090406632452,0.5483943916779738,0.007328448194334043,0.28167120399044304,0.010105069405279098,0.04232488825972103,"[[2162, 943], [1150, 1703]]","[[210, 135], [164, 153]]"
disclosure_x_bias,100,init_hard,Hostility,log_loss,0.6147107249968208,0.8957133481405641,0.6482051209745643,0.5528946178199909,0.007322143704995868,0.28163953564223954,0.009874930454036908,0.04011193210880474,"[[2169, 936], [1160, 1693]]","[[213, 132], [164, 153]]"
disclosure_x_bias,101,init_hard,Hostility,log_loss,0.6145600377352324,0.8958085205459826,0.6487093226552366,0.5483943916779738,0.007320702207461077,0.2815541444979358,0.010094243474154064,0.04232488825972103,"[[2162, 943], [1150, 1703]]","[[210, 135], [164, 153]]"
disclosure_x_bias,102,init_hard,Hostility,log_loss,0.6144135657517702,0.895973442102272,0.6482051209745643,0.5513794663048394,0.007317300816056144,0.2816965039758504,0.010125168197938723,0.041327834323559444,"[[2170, 935], [1161, 1692]]","[[212, 133], [164, 153]]"
disclosure_x_bias,103,init_hard,Hostility,log_loss,0.6142664310772676,0.8957661703213311,0.6482051209745643,0.5513794663048394,0.0073183577714725405,0.2818689249419825,0.010278473537658801,0.041327834323559444,"[[2173, 932], [1164, 1689]]","[[212, 133], [164, 153]]"
disclosure_x_bias,104,init_hard,Hostility,log_loss,0.6141035505725663,0.8958629335678083,0.648540691444363,0.5513794663048394,0.007326640063966285,0.2818552335191513,0.01006752722174236,0.041327834323559444,"[[2172, 933], [1161, 1692]]","[[212, 133], [164, 153]]"
disclosure_x_bias,105,init_hard,Hostility,log_loss,0.6139486957210514,0.8959490692220278,0.6490440471490609,0.5528946178199909,0.007335462398628238,0.2817019478826734,0.009956907966950085,0.04011193210880474,"[[2172, 933], [1158, 1695]]","[[213, 132], [164, 153]]"
disclosure_x_bias,106,init_hard,Hostility,log_loss,0.6137966903841259,0.8959022620297421,0.6490440471490609,0.5513794663048394,0.007336130828564749,0.28170687595738353,0.010447467415181632,0.041327834323559444,"[[2171, 934], [1157, 1696]]","[[212, 133], [164, 153]]"
disclosure_x_bias,107,init_hard,Hostility,log_loss,0.6136026266021501,0.8957723630618597,0.6492118323839604,0.5528946178199909,0.007350652852520264,0.2818022429110057,0.010007663384151187,0.041364205571509154,"[[2167, 938], [1152, 1701]]","[[212, 133], [163, 154]]"
disclosure_x_bias,108,init_hard,Hostility,log_loss,0.6134457429877862,0.8957433015692488,0.6497151880886582,0.5544097693351425,0.007343958017317654,0.2816949060224929,0.010562966563683236,0.040085822804762486,"[[2173, 932], [1155, 1698]]","[[213, 132], [163, 154]]"
disclosure_x_bias,109,init_hard,Hostility,log_loss,0.6133033843928224,0.8956922137568469,0.6502185437933563,0.5544097693351425,0.0073433686411434,0.2815113173466674,0.010150992085856398,0.040085822804762486,"[[2172, 933], [1151, 1702]]","[[213, 132], [163, 154]]"
disclosure_x_bias,110,init_hard,Hostility,log_loss,0.6131597697650879,0.8958845688286494,0.6493796176188595,0.5544097693351425,0.007346739432982503,0.2814352953671958,0.010270504317365035,0.040085822804762486,"[[2175, 930], [1159, 1694]]","[[213, 132], [163, 154]]"
disclosure_x_bias,111,init_hard,Hostility,log_loss,0.6130227176498273,0.896044338508311,0.6507218994980543,0.5544097693351425,0.007348440592267726,0.28130164386246687,0.010557590103969679,0.040085822804762486,"[[2173, 932], [1149, 1704]]","[[212, 133], [162, 155]]"
disclosure_x_bias,112,init_hard,Hostility,log_loss,0.6128844449394423,0.8960925560230002,0.6503863290282557,0.5544097693351425,0.007348548076452295,0.2813994338797404,0.010148518848474012,0.040085822804762486,"[[2171, 934], [1149, 1704]]","[[212, 133], [162, 155]]"
disclosure_x_bias,113,init_hard,Hostility,log_loss,0.6127405378083364,0.8963763277374923,0.6512252552027522,0.5544097693351425,0.007341072729122259,0.2813352516501347,0.009774816450831923,0.040085822804762486,"[[2177, 928], [1150, 1703]]","[[212, 133], [162, 155]]"
disclosure_x_bias,114,init_hard,Hostility,log_loss,0.6126061959434921,0.8961519092884256,0.650050758558457,0.5544097693351425,0.007339631785034838,0.28153976937749065,0.010807100901452772,0.040085822804762486,"[[2174, 931], [1154, 1699]]","[[212, 133], [162, 155]]"
disclosure_x_bias,115,init_hard,Hostility,log_loss,0.6124695663166221,0.8961022407652145,0.6515608256725509,0.5544097693351425,0.007337856171912063,0.28159553687492583,0.010967353564904954,0.04133888720074022,"[[2176, 929], [1147, 1706]]","[[212, 133], [162, 155]]"
disclosure_x_bias,116,init_hard,Hostility,log_loss,0.6123205645865586,0.8962550417999708,0.6513930404376516,0.5528946178199909,0.007336086492682621,0.28147815163792445,0.011102853584599537,0.041364205571509154,"[[2176, 929], [1148, 1705]]","[[211, 134], [162, 155]]"
disclosure_x_bias,117,init_hard,Hostility,log_loss,0.6121640079561314,0.896205750571502,0.651057469967853,0.5544097693351425,0.0073507685080237,0.28146609591762645,0.010322073311793986,0.040085822804762486,"[[2181, 924], [1155, 1698]]","[[213, 132], [163, 154]]"
disclosure_x_bias,118,init_hard,Hostility,log_loss,0.61202162226889,0.8963215586314632,0.6518963961423496,0.555924920850294,0.007355825015609678,0.2817133106419538,0.010594212837225865,0.03999597182361288,"[[2178, 927], [1147, 1706]]","[[213, 132], [162, 155]]"
disclosure_x_bias,119,init_hard,Hostility,log_loss,0.6118843651815558,0.8963023541833948,0.6517286109074503,0.5528946178199909,0.0073528012064107365,0.28147955305524885,0.010141056637341302,0.03236973694158581,"[[2176, 929], [1146, 1707]]","[[211, 134], [162, 155]]"
disclosure_x_bias,120,init_hard,Hostility,log_loss,0.6117415253032623,0.8965448577411955,0.6522319666121482,0.5498643147896879,0.00735825497444697,0.28115253845022964,0.010040598630421524,0.032197563945762224,"[[2178, 927], [1145, 1708]]","[[210, 135], [163, 154]]"
disclosure_x_bias,121,init_hard,Hostility,log_loss,0.6116103980647012,0.8963593854004053,0.6529031075517455,0.5513794663048394,0.007356096344616288,0.2814998009752193,0.009733045917481717,0.029862127342001468,"[[2177, 928], [1140, 1713]]","[[210, 135], [162, 155]]"
disclosure_x_bias,122,init_hard,Hostility,log_loss,0.6114813053250732,0.8964823872441627,0.653406745248435,0.5513794663048394,0.007355076089769465,0.28146214982652096,0.009315900814026973,0.029862127342001468,"[[2171, 934], [1131, 1722]]","[[209, 136], [161, 156]]"
disclosure_x_bias,123,init_hard,Hostility,log_loss,0.6113487373530304,0.8965508929997019,0.6532389600135355,0.5528946178199909,0.007350429878989468,0.2813786600395955,0.009576845968473881,0.029912443264909053,"[[2176, 929], [1137, 1716]]","[[210, 135], [161, 156]]"
disclosure_x_bias,124,init_hard,Hostility,log_loss,0.6112152054132246,0.8965156599614993,0.6532389600135355,0.5513794663048394,0.007342934133148326,0.2813789648937022,0.009378826900551694,0.031524229640874965,"[[2176, 929], [1137, 1716]]","[[209, 136], [161, 156]]"
disclosure_x_bias,125,init_hard,Hostility,log_loss,0.6110890629665585,0.8965949168265175,0.6537423157182336,0.5544097693351425,0.00733662879031692,0.28127837955205165,0.009643854046672458,0.03944436572445375,"[[2179, 926], [1137, 1716]]","[[211, 134], [161, 156]]"
disclosure_x_bias,126,init_hard,Hostility,log_loss,0.6109387911584341,0.8964621505288074,0.6530711747786363,0.555924920850294,0.007350786707810795,0.2813934524200961,0.010048013326291372,0.039353050194170236,"[[2176, 929], [1138, 1715]]","[[212, 133], [161, 156]]"
disclosure_x_bias,127,init_hard,Hostility,log_loss,0.6107895642569483,0.8970187463463384,0.6532389600135355,0.5544097693351425,0.007335710818205846,0.2814396833059271,0.010481331242982901,0.03944436572445375,"[[2175, 930], [1136, 1717]]","[[211, 134], [161, 156]]"
disclosure_x_bias,128,init_hard,Hostility,log_loss,0.6106635695702858,0.8969538494572703,0.6534067452484349,0.5528946178199909,0.007335977331205822,0.2815051850522397,0.010779104226146656,0.03236973694158582,"[[2173, 932], [1133, 1720]]","[[209, 136], [160, 157]]"
disclosure_x_bias,129,init_hard,Hostility,log_loss,0.6105391893603253,0.8969219906918818,0.6534067452484349,0.5498643147896879,0.007330984670066744,0.2814395569733442,0.01120593814017998,0.03139534872415173,"[[2171, 934], [1131, 1722]]","[[208, 137], [161, 156]]"
disclosure_x_bias,130,init_hard,Hostility,log_loss,0.6104101285219129,0.8973331864246594,0.653910100953133,0.5513794663048394,0.007329390481841016,0.2812079051405502,0.011030346004230057,0.031524229640874986,"[[2169, 936], [1126, 1727]]","[[208, 137], [160, 157]]"
disclosure_x_bias,131,init_hard,Hostility,log_loss,0.6102622809410597,0.897300438398078,0.6547490271276295,0.5468340117593848,0.007324402609669196,0.2812869209527644,0.010876074314138354,0.03170426307932876,"[[2171, 934], [1123, 1730]]","[[207, 138], [162, 155]]"
disclosure_x_bias,132,init_hard,Hostility,log_loss,0.610138929963382,0.8975221899711181,0.6547490271276295,0.5483491632745364,0.007319789230687005,0.2812955506312598,0.011018937322376528,0.03277937878269265,"[[2167, 938], [1119, 1734]]","[[207, 138], [161, 156]]"
disclosure_x_bias,133,init_hard,Hostility,log_loss,0.6100071974988575,0.8974299164609411,0.654916812362529,0.5483491632745363,0.007311271916393882,0.2811999971246415,0.009920042480285914,0.03199175629515963,"[[2170, 935], [1121, 1732]]","[[208, 137], [162, 155]]"
disclosure_x_bias,134,init_hard,Hostility,log_loss,0.6098705125188991,0.8975113131068939,0.6552523828323276,0.5483491632745363,0.007316299093782202,0.2811158452700348,0.010506219691523965,0.030355264218717933,"[[2167, 938], [1116, 1737]]","[[208, 137], [162, 155]]"
disclosure_x_bias,135,init_hard,Hostility,log_loss,0.6097365926356335,0.8975218434153748,0.654916812362529,0.5483491632745363,0.00731238045510957,0.28123649654148686,0.010138364016427941,0.03199175629515963,"[[2167, 938], [1118, 1735]]","[[208, 137], [162, 155]]"
disclosure_x_bias,136,init_hard,Hostility,log_loss,0.6096057521902745,0.8974012516237279,0.6554204500592183,0.5483491632745364,0.0073130169544669,0.2811046828429546,0.009654751370110605,0.03503617103751925,"[[2166, 939], [1114, 1739]]","[[207, 138], [161, 156]]"
disclosure_x_bias,137,init_hard,Hostility,log_loss,0.6094802027587016,0.8976826174390057,0.6545815238847217,0.5498643147896879,0.007313691005142515,0.2809539644826843,0.009986104217610016,0.03139534872415173,"[[2167, 938], [1120, 1733]]","[[208, 137], [161, 156]]"
disclosure_x_bias,138,init_hard,Hostility,log_loss,0.6093495601188006,0.8976626544180913,0.6545815238847217,0.5498643147896879,0.00730755535578233,0.28101193302600874,0.009667797214948369,0.03374482966473764,"[[2167, 938], [1120, 1733]]","[[208, 137], [161, 156]]"
disclosure_x_bias,139,init_hard,Hostility,log_loss,0.6092247944634848,0.8974928577020924,0.6545815238847217,0.5528946178199909,0.007301825369850971,0.2810082835801676,0.009570240887913004,0.032369736941585826,"[[2163, 942], [1116, 1737]]","[[209, 136], [160, 157]]"
disclosure_x_bias,140,init_hard,Hostility,log_loss,0.6090966908440552,0.897714842811822,0.6555879533021262,0.5498643147896879,0.007301320182677696,0.28109266521218634,0.009725098201024403,0.03374482966473764,"[[2166, 939], [1113, 1740]]","[[208, 137], [161, 156]]"
disclosure_x_bias,141,init_hard,Hostility,log_loss,0.608974276323508,0.8975900205717936,0.6544137386498223,0.5498643147896879,0.00729964999664986,0.2812088903589807,0.01046276510513827,0.030572090523559872,"[[2168, 937], [1122, 1731]]","[[209, 136], [162, 155]]"
disclosure_x_bias,142,init_hard,Hostility,log_loss,0.6088403193668188,0.8976582816214643,0.6554201680672269,0.5498643147896879,0.007310376033088758,0.28121212962068404,0.010651681969654117,0.03374482966473764,"[[2167, 938], [1115, 1738]]","[[208, 137], [161, 156]]"
disclosure_x_bias,143,init_hard,Hostility,log_loss,0.6087082459338533,0.8977097493554445,0.655252664824319,0.5498643147896879,0.007319036744204702,0.28105934775845887,0.010933422726956854,0.03374482966473764,"[[2168, 937], [1117, 1736]]","[[208, 137], [161, 156]]"
disclosure_x_bias,144,init_hard,Hostility,log_loss,0.6085878240895053,0.8979629548496348,0.6552523828323276,0.5498643147896879,0.007315911750850456,0.2811725073547744,0.010565597337476343,0.03374482966473764,"[[2166, 939], [1115, 1738]]","[[208, 137], [161, 156]]"
disclosure_x_bias,145,init_hard,Hostility,log_loss,0.6084683938689818,0.8979754289190914,0.6562599402176978,0.5498643147896879,0.007311193174041965,0.28121687769810627,0.010857033509671685,0.03374482966473764,"[[2165, 940], [1108, 1745]]","[[208, 137], [161, 156]]"
disclosure_x_bias,146,init_hard,Hostility,log_loss,0.6083316717244639,0.8979763020113871,0.6562596582257064,0.5468340117593848,0.007319243411588753,0.281111275898668,0.01148319785617619,0.034773856667397504,"[[2164, 941], [1107, 1746]]","[[206, 139], [161, 156]]"
disclosure_x_bias,147,init_hard,Hostility,log_loss,0.608213560143033,0.8980761604646906,0.6560918729908071,0.5453188602442334,0.007319473684179618,0.2807711290842596,0.010998472559558,0.03368667705927253,"[[2169, 936], [1113, 1740]]","[[207, 138], [163, 154]]"
disclosure_x_bias,148,init_hard,Hostility,log_loss,0.6080929815087383,0.8979776785662998,0.6560918729908071,0.5468340117593848,0.007311493562897754,0.2807733302496568,0.011139765970214672,0.034773856667397504,"[[2166, 939], [1110, 1743]]","[[207, 138], [162, 155]]"
disclosure_x_bias,149,init_hard,Hostility,log_loss,0.6079606674190428,0.8982214449361253,0.6565955106874964,0.5468340117593848,0.007314027413573785,0.2805949893345314,0.01121244897561441,0.034773856667397504,"[[2164, 941], [1105, 1748]]","[[206, 139], [161, 156]]"
disclosure_x_bias,150,init_hard,Hostility,log_loss,0.6078406919347655,0.8982767783019365,0.6574347188539845,0.5468340117593848,0.0073100795122461315,0.2805527779276415,0.011302394759002913,0.034773856667397504,"[[2168, 937], [1104, 1749]]","[[206, 139], [161, 156]]"
disclosure_x_bias,151,init_hard,Hostility,log_loss,0.6077237684480419,0.8981464419643854,0.6569313631492866,0.5468340117593848,0.007303646048570079,0.28055230459238434,0.010662797894473572,0.032498853824921924,"[[2162, 943], [1101, 1752]]","[[205, 140], [160, 157]]"
disclosure_x_bias,152,init_hard,Hostility,log_loss,0.6076038556475626,0.898401067729351,0.6565957926794879,0.5483491632745364,0.007301651164911664,0.2804665307507269,0.011368772065908727,0.0357567963260225,"[[2163, 942], [1104, 1749]]","[[206, 139], [160, 157]]"
disclosure_x_bias,153,init_hard,Hostility,log_loss,0.6074629501943252,0.8983839270882946,0.6570991483841858,0.5468340117593848,0.007314683567797409,0.2804526372717849,0.011397809495755628,0.034773856667397476,"[[2172, 933], [1110, 1743]]","[[206, 139], [161, 156]]"
disclosure_x_bias,154,init_hard,Hostility,log_loss,0.6073531350907285,0.8984085003054506,0.6579380745586826,0.5453188602442334,0.0073089956932435324,0.28055209725849867,0.010663192314340769,0.03368667705927253,"[[2176, 929], [1109, 1744]]","[[206, 139], [162, 155]]"
disclosure_x_bias,155,init_hard,Hostility,log_loss,0.6072337154800345,0.8985877242793773,0.6574347188539845,0.5468340117593848,0.007309753847051643,0.28055488751699786,0.011357610760166859,0.034773856667397504,"[[2167, 938], [1103, 1750]]","[[206, 139], [161, 156]]"
disclosure_x_bias,156,init_hard,Hostility,log_loss,0.6071120722994444,0.8985072007302419,0.6582736450284812,0.5453188602442334,0.007312719403538146,0.2804575277557461,0.009401629158485029,0.028787167212381174,"[[2170, 935], [1101, 1752]]","[[206, 139], [162, 155]]"
disclosure_x_bias,157,init_hard,Hostility,log_loss,0.6069984012037982,0.8983524704937549,0.6564277254525972,0.5498643147896879,0.007307944608843511,0.28043773969240676,0.010633438294591064,0.034492444558664015,"[[2169, 936], [1111, 1742]]","[[208, 137], [161, 156]]"
disclosure_x_bias,158,init_hard,Hostility,log_loss,0.6068827050180252,0.8984551360230688,0.6564277254525972,0.5468340117593848,0.007306808998565591,0.2803767894633738,0.010808496409688045,0.034773856667397476,"[[2170, 935], [1112, 1741]]","[[207, 138], [162, 155]]"
disclosure_x_bias,159,init_hard,Hostility,log_loss,0.6067594823878617,0.8983459140074931,0.6564277254525972,0.5468340117593848,0.007304182678708372,0.28047942146840127,0.0114274554665757,0.034773856667397476,"[[2170, 935], [1112, 1741]]","[[207, 138], [162, 155]]"
disclosure_x_bias,160,init_hard,Hostility,log_loss,0.6066420495319477,0.8984568131337977,0.6569313631492866,0.5453188602442334,0.007300593668517863,0.2803618857956853,0.011400034759726113,0.03368667705927253,"[[2173, 932], [1112, 1741]]","[[207, 138], [163, 154]]"
disclosure_x_bias,161,init_hard,Hostility,log_loss,0.6065134010771406,0.8987715261927148,0.6569313631492866,0.5438037087290819,0.007285974120780093,0.2806124942471841,0.010952225043067518,0.03003691374330314,"[[2173, 932], [1112, 1741]]","[[206, 139], [163, 154]]"
disclosure_x_bias,162,init_hard,Hostility,log_loss,0.6064005010177153,0.8986608393166214,0.6579380745586826,0.5422885572139303,0.007283117863620673,0.2807671571007422,0.008834286385196425,0.026749838231788774,"[[2169, 936], [1102, 1751]]","[[205, 140], [163, 154]]"
disclosure_x_bias,163,init_hard,Hostility,log_loss,0.6062804661979516,0.8987176810353692,0.6579380745586826,0.5422885572139303,0.007281404315319852,0.2806054433289564,0.008834286385196425,0.026749838231788774,"[[2168, 937], [1101, 1752]]","[[205, 140], [163, 154]]"
disclosure_x_bias,164,init_hard,Hostility,log_loss,0.6061634057017746,0.8988267279437026,0.6584419942473634,0.5422885572139303,0.007274869675679138,0.2805756294759822,0.009009187862201003,0.026749838231788774,"[[2170, 935], [1100, 1753]]","[[205, 140], [163, 154]]"
disclosure_x_bias,165,init_hard,Hostility,log_loss,0.6060534441413178,0.8990457700635055,0.658274209012464,0.5453188602442334,0.007270519845532482,0.2806305907493814,0.009005070124857392,0.03368667705927253,"[[2168, 937], [1099, 1754]]","[[205, 140], [161, 156]]"
disclosure_x_bias,166,init_hard,Hostility,log_loss,0.6059467161359249,0.8989275126391127,0.6584419942473634,0.5438037087290819,0.007265936351349313,0.2806743450669674,0.009009187862201003,0.025438949950240927,"[[2171, 934], [1101, 1752]]","[[206, 139], [163, 154]]"
disclosure_x_bias,167,init_hard,Hostility,log_loss,0.605836990310882,0.8989195095453134,0.658274209012464,0.5438037087290819,0.007263056967229896,0.28071415394439714,0.009005070124857392,0.025438949950240927,"[[2172, 933], [1103, 1750]]","[[206, 139], [163, 154]]"
disclosure_x_bias,168,init_hard,Hostility,log_loss,0.6057222797466328,0.8990483035784871,0.6584419942473634,0.5438037087290819,0.007267893698899369,0.28065018912251605,0.009009187862201003,0.025438949950240927,"[[2171, 934], [1101, 1752]]","[[206, 139], [163, 154]]"
disclosure_x_bias,169,init_hard,Hostility,log_loss,0.6056103893417992,0.8990988397419428,0.6579386385426653,0.5468340117593848,0.007265236454541953,0.28072821573988666,0.008594979979796562,0.03249885382492192,"[[2169, 936], [1102, 1751]]","[[206, 139], [161, 156]]"
disclosure_x_bias,170,init_hard,Hostility,log_loss,0.6054990566452993,0.8994128642434038,0.6586097794822627,0.5438037087290819,0.007264238618302923,0.2807855236839357,0.009079002096366418,0.028287555252476754,"[[2169, 936], [1098, 1755]]","[[205, 140], [162, 155]]"
disclosure_x_bias,171,init_hard,Hostility,log_loss,0.6053864599317713,0.8993675083325027,0.6581064237775648,0.5422885572139303,0.007262041512665126,0.28062850692487434,0.008786408000590983,0.026749838231788774,"[[2172, 933], [1104, 1749]]","[[205, 140], [163, 154]]"
disclosure_x_bias,172,init_hard,Hostility,log_loss,0.6052823667358368,0.8995942241047825,0.6581064237775648,0.5468340117593848,0.0072588241093510504,0.28074505745809397,0.008678950006548473,0.034773856667397504,"[[2167, 938], [1099, 1754]]","[[205, 140], [160, 157]]"
disclosure_x_bias,173,init_hard,Hostility,log_loss,0.6051649079872892,0.8996393794440565,0.658274209012464,0.5453188602442334,0.007261027763422584,0.28072832065325204,0.008865037967846337,0.037280936468220456,"[[2166, 939], [1097, 1756]]","[[204, 141], [160, 157]]"
disclosure_x_bias,174,init_hard,Hostility,log_loss,0.6050584059659527,0.8996766449190667,0.658274209012464,0.5498417005879692,0.0072595741816738535,0.2807386144558539,0.008430998091841259,0.036245360125381605,"[[2163, 942], [1094, 1759]]","[[205, 140], [158, 159]]"
disclosure_x_bias,175,init_hard,Hostility,log_loss,0.6049451938401813,0.899522428057978,0.658441712255372,0.5468113975576662,0.007256553962037819,0.2809225498136455,0.008811166585686946,0.040486509327259404,"[[2161, 944], [1091, 1762]]","[[204, 141], [159, 158]]"
disclosure_x_bias,176,init_hard,Hostility,log_loss,0.6048399180294934,0.8996248616757019,0.65928092042186,0.5468113975576662,0.007252706244456566,0.2807250324591348,0.00951979308347176,0.037203244816205135,"[[2169, 936], [1094, 1759]]","[[205, 140], [160, 157]]"
disclosure_x_bias,177,init_hard,Hostility,log_loss,0.6047323636544844,0.8995319299558769,0.6589453499520614,0.5468113975576662,0.007246869417548927,0.28074044198205084,0.00934278103211762,0.035086120008679104,"[[2172, 933], [1099, 1754]]","[[205, 140], [160, 157]]"
disclosure_x_bias,178,init_hard,Hostility,log_loss,0.6046264075330094,0.8997009750322558,0.6589450679600699,0.5468340117593848,0.00724053989881077,0.2805522896181672,0.009420451238091234,0.034773856667397476,"[[2168, 937], [1095, 1758]]","[[205, 140], [160, 157]]"
disclosure_x_bias,179,init_hard,Hostility,log_loss,0.6045126946708141,0.899554452491811,0.6589453499520614,0.5513342379014021,0.00723944332687293,0.28077351560554614,0.009173852526953628,0.03732903870147658,"[[2164, 941], [1091, 1762]]","[[206, 139], [158, 159]]"
disclosure_x_bias,180,init_hard,Hostility,log_loss,0.6044075109306078,0.8996582538197238,0.6589450679600699,0.5468113975576662,0.007238036354782598,0.28065994780872056,0.009586132427294065,0.035086120008679104,"[[2172, 933], [1099, 1754]]","[[206, 139], [161, 156]]"
disclosure_x_bias,181,init_hard,Hostility,log_loss,0.6043023958011176,0.8995606044241914,0.6594487056567593,0.5468340117593848,0.007231471600868242,0.28073999636904573,0.009795695834276157,0.03621120700260367,"[[2168, 937], [1092, 1761]]","[[204, 141], [159, 158]]"
disclosure_x_bias,182,init_hard,Hostility,log_loss,0.6041862086297595,0.8995804912995314,0.65928092042186,0.5483265490728177,0.007227435453675083,0.28073916189242215,0.009779122655770333,0.0367621345661955,"[[2168, 937], [1093, 1760]]","[[205, 140], [159, 158]]"
disclosure_x_bias,183,init_hard,Hostility,log_loss,0.6040725396767848,0.8994739013966534,0.6591134171789521,0.5513116236996833,0.00721435515566582,0.2805897939898013,0.00945455922382762,0.03956666079337159,"[[2168, 937], [1094, 1759]]","[[205, 140], [157, 160]]"
disclosure_x_bias,184,init_hard,Hostility,log_loss,0.6039722165883487,0.8996316536844914,0.6592812024138515,0.5482813206693804,0.007209670522881248,0.2805482073485137,0.00924101615414254,0.03863584870447795,"[[2172, 933], [1097, 1756]]","[[205, 140], [159, 158]]"
disclosure_x_bias,185,init_hard,Hostility,log_loss,0.6038584716571196,0.8998712832550304,0.6591134171789521,0.5513116236996833,0.007200456796320427,0.28048963245188085,0.009651024546141572,0.03956666079337159,"[[2169, 936], [1095, 1758]]","[[205, 140], [157, 160]]"
disclosure_x_bias,186,init_hard,Hostility,log_loss,0.6037567072508179,0.899849681820417,0.6601204105803395,0.5467661691542288,0.007196161116218525,0.28056969665902975,0.009646252671901251,0.04096643767172271,"[[2176, 929], [1096, 1757]]","[[204, 141], [159, 158]]"
disclosure_x_bias,187,init_hard,Hostility,log_loss,0.6036535932988404,0.8998576435265135,0.6597848401105408,0.5497964721845319,0.007193220906897301,0.2804603703676599,0.009169587298881487,0.04196717642681755,"[[2168, 937], [1090, 1763]]","[[204, 141], [157, 160]]"
disclosure_x_bias,188,init_hard,Hostility,log_loss,0.6035310020767755,0.8992672810273241,0.6602890417912131,0.5497964721845319,0.0071385789533778745,0.2786931890632612,0.009647738102383275,0.04196717642681755,"[[2168, 937], [1087, 1766]]","[[204, 141], [157, 160]]"
disclosure_x_bias,189,init_hard,Hostility,log_loss,0.6034177985316367,0.8994095872060418,0.6606243302690203,0.5482813206693804,0.007127436936346406,0.2787645265784299,0.009486108620919127,0.04119210622481848,"[[2172, 933], [1089, 1764]]","[[204, 141], [158, 159]]"
disclosure_x_bias,190,init_hard,Hostility,log_loss,0.6033080412244106,0.8992266606505808,0.6606243302690203,0.5482813206693804,0.007122266844667155,0.2788663320726102,0.009999790792653824,0.04119210622481848,"[[2171, 934], [1088, 1765]]","[[204, 141], [158, 159]]"
disclosure_x_bias,191,init_hard,Hostility,log_loss,0.6031960900824027,0.8995064280193951,0.6604565450341211,0.5467661691542288,0.007128741276630033,0.2789419042800373,0.009879643107681118,0.04096643767172271,"[[2175, 930], [1093, 1760]]","[[204, 141], [159, 158]]"
disclosure_x_bias,192,init_hard,Hostility,log_loss,0.6030752467345872,0.8996352149165135,0.6606243302690203,0.5482813206693804,0.007146239904786327,0.278798977857924,0.009905504710016699,0.04119210622481848,"[[2169, 936], [1086, 1767]]","[[204, 141], [158, 159]]"
disclosure_x_bias,193,init_hard,Hostility,log_loss,0.6029585313840082,0.8995666091151767,0.6609601827308105,0.5467661691542288,0.007160708131875891,0.2789017970793247,0.010186185604594522,0.04096643767172271,"[[2172, 933], [1087, 1766]]","[[204, 141], [159, 158]]"
disclosure_x_bias,194,init_hard,Hostility,log_loss,0.6028541876311426,0.8997249013309411,0.6606246122610118,0.5482813206693804,0.007158095060918886,0.27867484933603787,0.010328431638594123,0.04119210622481848,"[[2169, 936], [1086, 1767]]","[[204, 141], [158, 159]]"
disclosure_x_bias,195,init_hard,Hostility,log_loss,0.6027559571253462,0.8994614645208368,0.6611279679657097,0.5467661691542288,0.00715382175269517,0.27899533770823576,0.010563590193058952,0.04096643767172271,"[[2173, 932], [1087, 1766]]","[[204, 141], [159, 158]]"
disclosure_x_bias,196,init_hard,Hostility,log_loss,0.60265574005892,0.899675665112523,0.6607923974959111,0.5482813206693804,0.007149171095955445,0.2788630198217931,0.010440416811019643,0.04119210622481848,"[[2169, 936], [1085, 1768]]","[[204, 141], [158, 159]]"
disclosure_x_bias,197,init_hard,Hostility,log_loss,0.6025543854511588,0.8998010156028403,0.6609599007388189,0.5467661691542288,0.007142825690510849,0.2789104811063256,0.009263754596261022,0.04096643767172271,"[[2166, 939], [1081, 1772]]","[[204, 141], [159, 158]]"
disclosure_x_bias,198,init_hard,Hostility,log_loss,0.602456188129121,0.8998836526273155,0.6612951892166262,0.5482813206693804,0.007139909730220781,0.2787294071499788,0.009733383879397768,0.04119210622481848,"[[2171, 934], [1084, 1769]]","[[204, 141], [158, 159]]"
disclosure_x_bias,199,init_hard,Hostility,log_loss,0.6023460880548094,0.9000958716150921,0.6616318876543905,0.5513116236996833,0.007126722603316811,0.278823547068118,0.0099323452883718,0.042066393432990484,"[[2165, 940], [1076, 1777]]","[[204, 141], [156, 161]]"
disclosure_x_bias,200,init_hard,Hostility,log_loss,0.60224190190006,0.9001708658589933,0.6617993908972986,0.5497964721845319,0.0071205744486176935,0.2787373943142391,0.010039877093568366,0.041354911373490774,"[[2167, 938], [1077, 1776]]","[[204, 141], [157, 160]]"
disclosure_x_bias,201,init_hard,Hostility,log_loss,0.6021337803122837,0.9003157312371608,0.6616318876543906,0.5513116236996833,0.007120074129588639,0.27883220710327383,0.010088581176520504,0.042066393432990484,"[[2165, 940], [1076, 1777]]","[[204, 141], [156, 161]]"
disclosure_x_bias,202,init_hard,Hostility,log_loss,0.6020196626815542,0.9002459026434545,0.6617999548812814,0.5513116236996833,0.007119589605398334,0.2788597207326106,0.010327748125342248,0.042066393432990484,"[[2163, 942], [1073, 1780]]","[[204, 141], [156, 161]]"
disclosure_x_bias,203,init_hard,Hostility,log_loss,0.6019187185296748,0.9004091737622361,0.6619671761321978,0.5513116236996833,0.007122291520285074,0.27872482558055595,0.010196345750757911,0.042066393432990484,"[[2164, 941], [1073, 1780]]","[[204, 141], [156, 161]]"
disclosure_x_bias,204,init_hard,Hostility,log_loss,0.6018226879582194,0.9005242220811395,0.6612954712086176,0.5513116236996833,0.007116617385269558,0.2788063335761602,0.01049884736363596,0.042066393432990484,"[[2161, 944], [1074, 1779]]","[[204, 141], [156, 161]]"
disclosure_x_bias,205,init_hard,Hostility,log_loss,0.6017260873400364,0.9006353834858487,0.6614638204274998,0.5513116236996833,0.007111117294269245,0.27883854487332066,0.01027723784004676,0.042066393432990484,"[[2162, 943], [1074, 1779]]","[[204, 141], [156, 161]]"
disclosure_x_bias,206,init_hard,Hostility,log_loss,0.6016301493365327,0.9007187192491986,0.6623030285939879,0.5497964721845319,0.007107313415312747,0.2787171549351028,0.010480011756841634,0.041354911373490774,"[[2166, 939], [1073, 1780]]","[[204, 141], [157, 160]]"
disclosure_x_bias,207,init_hard,Hostility,log_loss,0.6015281033826633,0.9007133389749772,0.6619671761321978,0.5497964721845319,0.007104806279047784,0.2787186575372236,0.010675908663807857,0.041354911373490774,"[[2168, 937], [1077, 1776]]","[[204, 141], [157, 160]]"
disclosure_x_bias,208,init_hard,Hostility,log_loss,0.601434222601398,0.9006958286729088,0.6624708138288873,0.5513116236996833,0.007101475315338681,0.2786378301796861,0.009856059076524456,0.04020616680147565,"[[2171, 934], [1077, 1776]]","[[205, 140], [157, 160]]"
disclosure_x_bias,209,init_hard,Hostility,log_loss,0.6013321327831466,0.9007520261133518,0.6624705318368959,0.5513116236996833,0.007098733842354074,0.2787371312100946,0.009835725618967853,0.04020616680147565,"[[2171, 934], [1077, 1776]]","[[205, 140], [157, 160]]"
disclosure_x_bias,210,init_hard,Hostility,log_loss,0.6012327751458607,0.9007699295637707,0.6624705318368959,0.5513116236996833,0.007096697708606609,0.2786449917435845,0.009545214583317425,0.04020616680147565,"[[2171, 934], [1077, 1776]]","[[205, 140], [157, 160]]"
disclosure_x_bias,211,init_hard,Hostility,log_loss,0.6011289808887765,0.9007971052675037,0.6626385990637866,0.5513116236996833,0.0070938627448932715,0.278606963175265,0.009907256869291165,0.04020616680147565,"[[2170, 935], [1075, 1778]]","[[205, 140], [157, 160]]"
disclosure_x_bias,212,init_hard,Hostility,log_loss,0.6010291858681628,0.9006886944347045,0.6626385990637866,0.5497964721845319,0.007096593905265241,0.27844451847164453,0.009781656992098034,0.04010234768250568,"[[2174, 931], [1079, 1774]]","[[204, 141], [157, 160]]"
disclosure_x_bias,213,init_hard,Hostility,log_loss,0.6009327169112052,0.9008893977882245,0.6626385990637866,0.5513116236996833,0.0070965037853288546,0.2785081811624706,0.009454912714365457,0.04020616680147565,"[[2169, 936], [1074, 1779]]","[[205, 140], [157, 160]]"
disclosure_x_bias,214,init_hard,Hostility,log_loss,0.6008380606500109,0.9009150823925047,0.6634772432462918,0.5482813206693804,0.0070916780689685216,0.2785081401284523,0.009284797570241624,0.04119210622481848,"[[2175, 930], [1075, 1778]]","[[204, 141], [158, 159]]"
disclosure_x_bias,215,init_hard,Hostility,log_loss,0.600746449398699,0.9009518252032931,0.6638133777000733,0.5482813206693804,0.007088145124992093,0.2782162881429732,0.009089350093629916,0.04119210622481848,"[[2173, 932], [1071, 1782]]","[[204, 141], [158, 159]]"
disclosure_x_bias,216,init_hard,Hostility,log_loss,0.6006526403800249,0.9007868844689296,0.6643172973887541,0.5482813206693804,0.007084419272465269,0.2783402964765888,0.009104646721212174,0.04119210622481848,"[[2175, 930], [1070, 1783]]","[[204, 141], [158, 159]]"
disclosure_x_bias,217,init_hard,Hostility,log_loss,0.600557165096444,0.9010968323439673,0.6643172973887541,0.5467661691542288,0.007082385844861416,0.27816728494093995,0.008646492070533193,0.042793628300276276,"[[2172, 933], [1067, 1786]]","[[203, 142], [158, 159]]"
disclosure_x_bias,218,init_hard,Hostility,log_loss,0.6004615910743926,0.9010238017385446,0.6653237268061587,0.5482813206693804,0.007081567794125595,0.2780966749548672,0.00804378589242262,0.04119210622481848,"[[2175, 930], [1064, 1789]]","[[204, 141], [158, 159]]"
disclosure_x_bias,219,init_hard,Hostility,log_loss,0.6003640706355388,0.9012241728062504,0.6649884383283514,0.5467661691542288,0.007077602620822933,0.27820972646990133,0.007501164339773031,0.040338986266151886,"[[2175, 930], [1066, 1787]]","[[203, 142], [158, 159]]"
disclosure_x_bias,220,init_hard,Hostility,log_loss,0.6002687995517098,0.9010217890927403,0.66465230387457,0.5482813206693804,0.0070804552760389385,0.2782072663377842,0.00829963107880596,0.04119210622481848,"[[2172, 933], [1065, 1788]]","[[204, 141], [158, 159]]"
disclosure_x_bias,221,init_hard,Hostility,log_loss,0.6001776618151948,0.901078891545555,0.6653242907901415,0.5482813206693804,0.007077043632630754,0.27811258489853125,0.008325270496286575,0.04056814529537153,"[[2176, 929], [1065, 1788]]","[[204, 141], [158, 159]]"
disclosure_x_bias,222,init_hard,Hostility,log_loss,0.6000837620279347,0.9008639932021252,0.6648200891094693,0.5482813206693804,0.007071872020864022,0.2782428622642145,0.008423723921964886,0.04119210622481848,"[[2178, 927], [1070, 1783]]","[[205, 140], [159, 158]]"
disclosure_x_bias,223,init_hard,Hostility,log_loss,0.5999880144902747,0.901020403665105,0.6648209350854436,0.5482813206693804,0.007074888066354241,0.2784350998512066,0.007519390440384417,0.04300971079683969,"[[2170, 935], [1062, 1791]]","[[203, 142], [157, 160]]"
disclosure_x_bias,224,init_hard,Hostility,log_loss,0.5998967191246779,0.9009167194913313,0.6651559415712593,0.5467661691542288,0.007072883685272339,0.27830342861895546,0.008424300572681372,0.042193357540871904,"[[2172, 933], [1062, 1791]]","[[203, 142], [158, 159]]"
disclosure_x_bias,225,init_hard,Hostility,log_loss,0.5998050571765198,0.9009161208790065,0.6659959957137217,0.5467661691542288,0.007070596773582687,0.27845467528272433,0.008340428765080416,0.042793628300276276,"[[2174, 931], [1059, 1794]]","[[202, 143], [157, 160]]"
disclosure_x_bias,226,init_hard,Hostility,log_loss,0.5997081412722841,0.9010821494472161,0.6656598612599403,0.5467661691542288,0.0070692171856748705,0.2785544001101357,0.008862989902797474,0.04096643767172271,"[[2180, 925], [1067, 1786]]","[[204, 141], [159, 158]]"
disclosure_x_bias,227,init_hard,Hostility,log_loss,0.5996038315824418,0.9011271767061206,0.6656598612599403,0.5482813206693804,0.00706475354303286,0.2784903717778963,0.008465873736119888,0.04300971079683969,"[[2174, 931], [1061, 1792]]","[[203, 142], [157, 160]]"
disclosure_x_bias,228,init_hard,Hostility,log_loss,0.5994968634606738,0.9013892035931491,0.6658276464948395,0.5452510176390774,0.007068491170261865,0.2785022403657747,0.00885298664039374,0.041912257164142735,"[[2179, 926], [1065, 1788]]","[[202, 143], [158, 159]]"
disclosure_x_bias,229,init_hard,Hostility,log_loss,0.5994004861494162,0.9014161077043518,0.6658273645028482,0.5452510176390774,0.007067711994354657,0.27835689603676433,0.00879472951631798,0.041912257164142735,"[[2180, 925], [1066, 1787]]","[[202, 143], [158, 159]]"
disclosure_x_bias,230,init_hard,Hostility,log_loss,0.5993037456212568,0.9014638968936757,0.6661632169646382,0.5452510176390774,0.007075088945667483,0.2783665905103944,0.009237988279049111,0.041912257164142735,"[[2180, 925], [1064, 1789]]","[[202, 143], [158, 159]]"
disclosure_x_bias,231,init_hard,Hostility,log_loss,0.5992001801683504,0.9015044933326035,0.6663318481755118,0.5452510176390774,0.007084047616360196,0.27813920117409874,0.008362368124403599,0.041912257164142735,"[[2180, 925], [1063, 1790]]","[[202, 143], [158, 159]]"
disclosure_x_bias,232,init_hard,Hostility,log_loss,0.5991080238282931,0.9014008608603643,0.6659951497377474,0.5452510176390774,0.007085032549069201,0.2782749032455117,0.009727503460634716,0.041912257164142735,"[[2178, 927], [1063, 1790]]","[[202, 143], [158, 159]]"
disclosure_x_bias,233,init_hard,Hostility,log_loss,0.5990184104451369,0.9013766511183847,0.6670029891151091,0.5452510176390774,0.007079931506300188,0.27820808940973796,0.009373466411537036,0.040044870994949765,"[[2185, 920], [1064, 1789]]","[[203, 142], [159, 158]]"
disclosure_x_bias,234,init_hard,Hostility,log_loss,0.5989248281713246,0.9015623628472442,0.6666665726693362,0.5437358661239258,0.0070748883508944,0.278080121827234,0.009030817683944033,0.041567940294914514,"[[2185, 920], [1066, 1787]]","[[202, 143], [159, 158]]"
disclosure_x_bias,235,init_hard,Hostility,log_loss,0.5988356700624847,0.9016238942909446,0.6663304382155546,0.5437358661239258,0.007072324785728421,0.278260585608889,0.009736960872246146,0.041567940294914514,"[[2181, 924], [1064, 1789]]","[[202, 143], [159, 158]]"
disclosure_x_bias,236,init_hard,Hostility,log_loss,0.5987469687182663,0.901870219117515,0.6670021431391349,0.5437358661239258,0.007069781690058625,0.2781138269337729,0.009441732916952043,0.041567940294914514,"[[2181, 924], [1060, 1793]]","[[202, 143], [159, 158]]"
disclosure_x_bias,237,init_hard,Hostility,log_loss,0.5986433214803843,0.9019285370285959,0.6673377136089335,0.5437358661239258,0.007072852097348272,0.2780964054012982,0.00923179180393285,0.041567940294914514,"[[2182, 923], [1059, 1794]]","[[202, 143], [159, 158]]"
disclosure_x_bias,238,init_hard,Hostility,log_loss,0.5985458478628704,0.9019159456945088,0.6668340759122441,0.5437358661239258,0.007074713129846706,0.27809173172720464,0.009808862893170374,0.041567940294914514,"[[2180, 925], [1060, 1793]]","[[202, 143], [159, 158]]"
disclosure_x_bias,239,init_hard,Hostility,log_loss,0.5984481245884348,0.9018620900350192,0.6671702103660256,0.5437358661239258,0.007073748477443601,0.2783020373023493,0.009225985656118468,0.041567940294914514,"[[2182, 923], [1060, 1793]]","[[202, 143], [159, 158]]"
disclosure_x_bias,240,init_hard,Hostility,log_loss,0.5983328221453191,0.9012934002904227,0.6673374316169421,0.5437358661239258,0.007032156277542022,0.2765346589167081,0.00967381944666241,0.041567940294914514,"[[2179, 926], [1056, 1797]]","[[202, 143], [159, 158]]"
disclosure_x_bias,241,init_hard,Hostility,log_loss,0.5982444198255552,0.901294202631504,0.6664982234504541,0.5437358661239258,0.007030505287714887,0.27643262750097275,0.009583804378781733,0.041567940294914514,"[[2178, 927], [1060, 1793]]","[[202, 143], [159, 158]]"
disclosure_x_bias,242,init_hard,Hostility,log_loss,0.5981560705433322,0.9013011620811376,0.6670018611471434,0.5452284034373587,0.007025043193082122,0.2763878274927432,0.009385712081601714,0.04389628269406333,"[[2175, 930], [1054, 1799]]","[[202, 143], [158, 159]]"
disclosure_x_bias,243,init_hard,Hostility,log_loss,0.598062187309408,0.9012652570292772,0.6680091365405223,0.542243328810493,0.007020221067013349,0.2762755764274293,0.009690500886860135,0.039666825421324284,"[[2187, 918], [1060, 1793]]","[[202, 143], [160, 157]]"
disclosure_x_bias,244,init_hard,Hostility,log_loss,0.59797177717494,0.9013633222313656,0.6675054988438329,0.5452284034373587,0.007018797411147609,0.27625096207672123,0.009014983210623604,0.04389628269406333,"[[2180, 925], [1056, 1797]]","[[202, 143], [158, 159]]"
disclosure_x_bias,245,init_hard,Hostility,log_loss,0.5978762458069374,0.9013491069008124,0.6681774857594045,0.542243328810493,0.007018462896041697,0.2762744727010208,0.00934951746246054,0.039666825421324284,"[[2189, 916], [1061, 1792]]","[[202, 143], [160, 157]]"
disclosure_x_bias,246,init_hard,Hostility,log_loss,0.5977852037016971,0.9012457360473627,0.6680094185325137,0.545273631840796,0.007019424366752118,0.27645059999332167,0.008940051486236956,0.04107199481478666,"[[2184, 921], [1057, 1796]]","[[202, 143], [158, 159]]"
disclosure_x_bias,247,init_hard,Hostility,log_loss,0.5976820545910471,0.9014947539622933,0.6680099825164966,0.5437584803256444,0.007020987810854603,0.27639654269298186,0.008916915649482096,0.040090223962921216,"[[2184, 921], [1057, 1796]]","[[202, 143], [159, 158]]"
disclosure_x_bias,248,init_hard,Hostility,log_loss,0.5975897789834967,0.9014677541050921,0.6676732840787322,0.5467435549525101,0.00701354666894291,0.2763434426048008,0.009070906232140812,0.044165618940857965,"[[2177, 928], [1052, 1801]]","[[202, 143], [157, 160]]"
disclosure_x_bias,249,init_hard,Hostility,log_loss,0.5975048866582768,0.9014734832877004,0.6686808414641024,0.542243328810493,0.007010356674776584,0.276242375641264,0.009159527914413539,0.039666825421324284,"[[2189, 916], [1058, 1795]]","[[202, 143], [160, 157]]"
disclosure_x_bias,250,init_hard,Hostility,log_loss,0.5974201480435335,0.9014488154850124,0.6685127742372117,0.5482587064676616,0.007008220804799432,0.27627782069360607,0.009240222633300658,0.04494701147772049,"[[2180, 925], [1050, 1803]]","[[202, 143], [156, 161]]"
disclosure_x_bias,251,init_hard,Hostility,log_loss,0.5973165414308598,0.9015327488106051,0.6688489086909932,0.542243328810493,0.007015301916829292,0.2765224724523739,0.008831624799286023,0.039666825421324284,"[[2191, 914], [1059, 1794]]","[[202, 143], [160, 157]]"
disclosure_x_bias,252,init_hard,Hostility,log_loss,0.5972245748089476,0.9014811749894955,0.6690166939258925,0.5452510176390774,0.007015974079616314,0.27633320630706965,0.009138539008952878,0.04251649683503552,"[[2190, 915], [1057, 1796]]","[[202, 143], [158, 159]]"
disclosure_x_bias,253,init_hard,Hostility,log_loss,0.5971390046263869,0.9013404760185567,0.669016975917884,0.5437358661239258,0.007013559925054237,0.27637983893706675,0.00795482317512427,0.041567940294914514,"[[2192, 913], [1059, 1794]]","[[202, 143], [159, 158]]"
disclosure_x_bias,254,init_hard,Hostility,log_loss,0.5970377466815534,0.9014019066635444,0.6688491906829845,0.5437358661239258,0.007001024178251592,0.2763514261124062,0.007763144211553361,0.041567940294914514,"[[2192, 913], [1060, 1793]]","[[202, 143], [159, 158]]"
disclosure_x_bias,255,init_hard,Hostility,log_loss,0.5969484476366678,0.9013835565148443,0.6695208956065648,0.5422207146087743,0.007000923136073774,0.27635492807010764,0.008156516974570262,0.038600358673922586,"[[2192, 913], [1056, 1797]]","[[202, 143], [160, 157]]"
disclosure_x_bias,256,init_hard,Hostility,log_loss,0.5968564756849198,0.901404399764089,0.6690172579098753,0.5437358661239258,0.006998911138580369,0.2765283576887808,0.007981803389242762,0.041567940294914514,"[[2192, 913], [1059, 1794]]","[[202, 143], [159, 158]]"
disclosure_x_bias,257,init_hard,Hostility,log_loss,0.5967683936412105,0.901548296660531,0.6691847611527832,0.5437358661239258,0.006992731271537444,0.27658773409042886,0.008252650970308847,0.041567940294914514,"[[2190, 915], [1056, 1797]]","[[202, 143], [159, 158]]"
disclosure_x_bias,258,init_hard,Hostility,log_loss,0.5966834786150326,0.9015705405046279,0.669352828379674,0.5437358661239258,0.006991224319886575,0.27659965166214817,0.008813607094404074,0.041567940294914514,"[[2191, 914], [1056, 1797]]","[[202, 143], [159, 158]]"
disclosure_x_bias,259,init_hard,Hostility,log_loss,0.5965848351174348,0.9018352018170914,0.6693525463876826,0.542243328810493,0.006977732169630423,0.27651164444366705,0.008681769080416214,0.039666825421324284,"[[2191, 914], [1056, 1797]]","[[201, 144], [159, 158]]"
disclosure_x_bias,260,init_hard,Hostility,log_loss,0.5964992607421308,0.901916850054916,0.6695206136145734,0.542243328810493,0.006975090618519179,0.2764944900307404,0.008433310598640735,0.039666825421324284,"[[2191, 914], [1055, 1798]]","[[201, 144], [159, 158]]"
disclosure_x_bias,261,init_hard,Hostility,log_loss,0.5964131139465281,0.9019516460976078,0.6693525463876826,0.542243328810493,0.006975398695949927,0.27652570334080906,0.008161785964347763,0.039666825421324284,"[[2191, 914], [1056, 1797]]","[[201, 144], [159, 158]]"
disclosure_x_bias,262,init_hard,Hostility,log_loss,0.596317967307602,0.9017251070447827,0.669856184084372,0.542243328810493,0.006982447765084114,0.2765715127204639,0.008715359408421752,0.039666825421324284,"[[2192, 913], [1054, 1799]]","[[201, 144], [159, 158]]"
disclosure_x_bias,263,init_hard,Hostility,log_loss,0.5962270571549105,0.9019475982201648,0.6696878348654899,0.542243328810493,0.006985869738910526,0.27644027637273405,0.0086184326014675,0.039666825421324284,"[[2193, 912], [1056, 1797]]","[[201, 144], [159, 158]]"
disclosure_x_bias,264,init_hard,Hostility,log_loss,0.5961403016802395,0.9018771079906023,0.6698559020923807,0.5437358661239258,0.006983785895184342,0.27648221030538706,0.008762376197367475,0.041567940294914514,"[[2192, 913], [1054, 1799]]","[[202, 143], [159, 158]]"
disclosure_x_bias,265,init_hard,Hostility,log_loss,0.5960569750996034,0.9020301787830917,0.6696878348654899,0.542243328810493,0.006982815810238008,0.27660140444161874,0.007698249269320013,0.039666825421324284,"[[2194, 911], [1057, 1796]]","[[201, 144], [159, 158]]"
disclosure_x_bias,266,init_hard,Hostility,log_loss,0.5959733276006993,0.901963479615348,0.6701914725621793,0.542243328810493,0.006980449889784519,0.2765434065224729,0.008809789170137992,0.039666825421324284,"[[2195, 910], [1055, 1798]]","[[201, 144], [159, 158]]"
disclosure_x_bias,267,init_hard,Hostility,log_loss,0.5958899297438325,0.9020456522641954,0.6700234053352885,0.5407281772953414,0.0069780709016626615,0.27660200835291776,0.008491635393155485,0.036476371670439024,"[[2191, 914], [1052, 1801]]","[[201, 144], [160, 157]]"
disclosure_x_bias,268,init_hard,Hostility,log_loss,0.595803424098861,0.9021683254982662,0.6706948282668772,0.5407281772953414,0.006974264067890448,0.2764917441596544,0.009217466203552183,0.036476371670439024,"[[2195, 910], [1052, 1801]]","[[201, 144], [160, 157]]"
disclosure_x_bias,269,init_hard,Hostility,log_loss,0.5957196278528277,0.9021439124510794,0.6706948282668772,0.542243328810493,0.006972093449265675,0.2764038248790588,0.008871623794887915,0.03700535405700643,"[[2191, 914], [1048, 1805]]","[[201, 144], [159, 158]]"
disclosure_x_bias,270,init_hard,Hostility,log_loss,0.5956241371225179,0.9021999712254514,0.6708620495177937,0.5407281772953414,0.006968843511657077,0.2764442778273675,0.009023869979855138,0.036476371670439024,"[[2195, 910], [1051, 1802]]","[[201, 144], [160, 157]]"
disclosure_x_bias,271,init_hard,Hostility,log_loss,0.5955397696365066,0.9022290926632767,0.6717026676442389,0.542243328810493,0.0069670561765628565,0.2762189088900905,0.008564356586354165,0.037688346095507544,"[[2200, 905], [1051, 1802]]","[[201, 144], [159, 158]]"
disclosure_x_bias,272,init_hard,Hostility,log_loss,0.5954588466898012,0.9021739316559471,0.6710301167446844,0.5407281772953414,0.006963975337166994,0.27654974096503787,0.00910306731714753,0.036476371670439024,"[[2197, 908], [1052, 1801]]","[[201, 144], [160, 157]]"
disclosure_x_bias,273,init_hard,Hostility,log_loss,0.5953753875225216,0.9023708677562512,0.6717026676442389,0.542243328810493,0.0069620367469863135,0.27649256308680276,0.008152707025096781,0.03700535405700643,"[[2199, 906], [1050, 1803]]","[[201, 144], [159, 158]]"
disclosure_x_bias,274,init_hard,Hostility,log_loss,0.5952889873332137,0.9022778208919077,0.6711981839715752,0.542243328810493,0.006956437181323109,0.27653919579255043,0.00897064418948195,0.037688346095507544,"[[2196, 909], [1050, 1803]]","[[201, 144], [159, 158]]"
disclosure_x_bias,275,init_hard,Hostility,log_loss,0.5952096755319316,0.9024677634979075,0.6717023856522475,0.542243328810493,0.006954203352900228,0.2766013561950779,0.007892602538977007,0.037688346095507544,"[[2200, 905], [1051, 1802]]","[[201, 144], [159, 158]]"
disclosure_x_bias,276,init_hard,Hostility,log_loss,0.595118451329232,0.9022967171244856,0.6718704528791382,0.5437584803256444,0.00696266990260113,0.2766087593405432,0.007884131204667582,0.03677159290465143,"[[2200, 905], [1050, 1803]]","[[202, 143], [159, 158]]"
disclosure_x_bias,277,init_hard,Hostility,log_loss,0.595030839173534,0.9026575442692885,0.6713659692064745,0.545273631840796,0.006965460879846353,0.27629515631607526,0.007670509860323669,0.035039576699678804,"[[2195, 910], [1048, 1805]]","[[202, 143], [158, 159]]"
disclosure_x_bias,278,init_hard,Hostility,log_loss,0.5949370949491449,0.9027225635190625,0.6720382381140375,0.545273631840796,0.006974145724847681,0.27645549255942115,0.007601964096416634,0.035039576699678804,"[[2200, 905], [1049, 1804]]","[[202, 143], [158, 159]]"
disclosure_x_bias,279,init_hard,Hostility,log_loss,0.5948531636526015,0.9027750073807284,0.6722063053409283,0.545273631840796,0.006972303064837419,0.2764923918536488,0.007204631141229426,0.03850776477471062,"[[2202, 903], [1050, 1803]]","[[201, 144], [157, 160]]"
disclosure_x_bias,280,init_hard,Hostility,log_loss,0.5947591276110873,0.9026683264418413,0.672541875810727,0.5483039348710991,0.006971869729850332,0.2765355293634968,0.007482774470201321,0.03491113244052487,"[[2202, 903], [1048, 1805]]","[[202, 143], [156, 161]]"
disclosure_x_bias,281,init_hard,Hostility,log_loss,0.5946786495268684,0.902763772606575,0.6722063053409283,0.5467887833559475,0.0069710262491705565,0.2765783031234811,0.007204631141229426,0.0381496883774872,"[[2201, 904], [1049, 1804]]","[[201, 144], [156, 161]]"
disclosure_x_bias,282,init_hard,Hostility,log_loss,0.5945926259973933,0.902871635648163,0.672541875810727,0.5467887833559475,0.006970082667966902,0.2765639217425111,0.007482774470201321,0.035374254948733065,"[[2201, 904], [1047, 1806]]","[[201, 144], [156, 161]]"
disclosure_x_bias,283,init_hard,Hostility,log_loss,0.5945115674201908,0.9028746799223886,0.6725415938187356,0.5483039348710991,0.006970076787140222,0.27662638424734326,0.007783145051956627,0.03491113244052487,"[[2201, 904], [1047, 1806]]","[[202, 143], [156, 161]]"
disclosure_x_bias,284,init_hard,Hostility,log_loss,0.5944220280996482,0.9030084445843958,0.6727093790536348,0.545273631840796,0.006967219027838332,0.2764918437540157,0.007847790657402374,0.03715935337009699,"[[2201, 904], [1046, 1807]]","[[201, 144], [157, 160]]"
disclosure_x_bias,285,init_hard,Hostility,log_loss,0.5943407139471383,0.9029188093420055,0.672541875810727,0.5467887833559475,0.006964736143960736,0.276582928544288,0.007524460858922542,0.03881254856138329,"[[2200, 905], [1046, 1807]]","[[200, 145], [155, 162]]"
disclosure_x_bias,286,init_hard,Hostility,log_loss,0.5942516889110099,0.9029335872875748,0.6723738085838362,0.545273631840796,0.00696954015081852,0.2764557061277612,0.00775434802534593,0.0404461809759031,"[[2198, 907], [1045, 1808]]","[[200, 145], [156, 161]]"
disclosure_x_bias,287,init_hard,Hostility,log_loss,0.5941681647755799,0.9029301422360925,0.6718704528791382,0.545273631840796,0.006969801733324258,0.27659215042348445,0.007764602138081517,0.041071994814786635,"[[2200, 905], [1050, 1803]]","[[200, 145], [156, 161]]"
disclosure_x_bias,288,init_hard,Hostility,log_loss,0.5940858679587329,0.9029976661808284,0.6725415938187356,0.545273631840796,0.006958212506172983,0.27649402469066825,0.007742851506663206,0.03981053067977306,"[[2202, 903], [1048, 1805]]","[[201, 144], [157, 160]]"
disclosure_x_bias,289,init_hard,Hostility,log_loss,0.5939997733961019,0.9030565560372829,0.6720382381140375,0.545273631840796,0.006959557512258806,0.27652054926194214,0.007683817606784305,0.041071994814786635,"[[2200, 905], [1049, 1804]]","[[200, 145], [156, 161]]"
disclosure_x_bias,290,init_hard,Hostility,log_loss,0.5939185958251435,0.9030700591795636,0.6720382381140375,0.5483039348710991,0.00695890730129141,0.2765967890678383,0.007925369052160337,0.040962470519404166,"[[2197, 908], [1046, 1807]]","[[201, 144], [155, 162]]"
disclosure_x_bias,291,init_hard,Hostility,log_loss,0.5938409465183029,0.9030141033466188,0.6722060233489369,0.5467887833559475,0.006956186441172307,0.2766010481807834,0.008344049690289438,0.041357886018885875,"[[2197, 908], [1045, 1808]]","[[200, 145], [155, 162]]"
disclosure_x_bias,292,init_hard,Hostility,log_loss,0.5937634089285222,0.90320911141258,0.6725421578027184,0.5483039348710991,0.006953661291886439,0.2766110975518629,0.00738531557604103,0.039049691208279655,"[[2200, 905], [1046, 1807]]","[[201, 144], [155, 162]]"
disclosure_x_bias,293,init_hard,Hostility,log_loss,0.5936784476467606,0.9030343384973897,0.6722060233489369,0.5467887833559475,0.006957289593589766,0.2766337856451903,0.007921357660137735,0.03946427661012033,"[[2205, 900], [1053, 1800]]","[[200, 145], [155, 162]]"
disclosure_x_bias,294,init_hard,Hostility,log_loss,0.5935954258061594,0.9032128851645913,0.6722063053409284,0.5483039348710991,0.006957998765689855,0.27651613405811915,0.0077887787309064175,0.039049691208279655,"[[2203, 902], [1051, 1802]]","[[201, 144], [155, 162]]"
disclosure_x_bias,295,init_hard,Hostility,log_loss,0.5935153046524927,0.903142939004827,0.6720382381140376,0.5483039348710991,0.0069532380941437115,0.2765983591262383,0.008042247439077095,0.039049691208279655,"[[2199, 906], [1048, 1805]]","[[201, 144], [155, 162]]"
disclosure_x_bias,296,init_hard,Hostility,log_loss,0.5934288721636835,0.9033922825098815,0.6727090970616435,0.5513116236996833,0.006947796849282048,0.2763611812445433,0.008620222021733114,0.04083565906653688,"[[2201, 904], [1046, 1807]]","[[202, 143], [154, 163]]"
disclosure_x_bias,297,init_hard,Hostility,log_loss,0.5933406231440019,0.9032860616457044,0.6720379561220462,0.5513342379014021,0.006934217126544202,0.2763827324530136,0.007818708283253576,0.03996896221442021,"[[2195, 910], [1044, 1809]]","[[201, 144], [153, 164]]"
disclosure_x_bias,298,init_hard,Hostility,log_loss,0.5932449922608952,0.9033197353172685,0.6723735265918448,0.5483039348710991,0.006942679649149989,0.2763191950336796,0.0084245664682647,0.039049691208279655,"[[2204, 901], [1051, 1802]]","[[201, 144], [155, 162]]"
disclosure_x_bias,299,init_hard,Hostility,log_loss,0.5931477751661764,0.9032250495422709,0.672541875810727,0.5483039348710991,0.006944313612274467,0.2763221865191664,0.008201285646446605,0.039049691208279655,"[[2200, 905], [1046, 1807]]","[[201, 144], [155, 162]]"
disclosure_x_bias,300,init_hard,Hostility,log_loss,0.5930683098241297,0.9031503347212263,0.6727093790536349,0.5483039348710991,0.006944451398615525,0.2761380624293367,0.007887548139185756,0.039049691208279655,"[[2202, 903], [1047, 1806]]","[[201, 144], [155, 162]]"
disclosure_x_bias,1,init_hard,Hostility,exponential,27.0765760990323,30.113200949768732,0.6181583103039874,0.5468566259611036,14.862008298231043,33.90156910793008,0.02399627250590758,0.024994530524254606,"[[2030, 1075], [1200, 1653]]","[[209, 136], [164, 153]]"
disclosure_x_bias,2,init_hard,Hostility,exponential,27.091928534652446,30.21332883974108,0.6189986464384412,0.5468566259611036,14.858642343937564,34.15156882910767,0.022542693543351464,0.024994530524254606,"[[2037, 1068], [1202, 1651]]","[[209, 136], [164, 153]]"
disclosure_x_bias,3,init_hard,Hostility,exponential,27.039807444762015,30.03869485183457,0.6206779087473916,0.5483717774762551,14.869903726332176,34.055596162364466,0.022940269284554365,0.02634345820143053,"[[2048, 1057], [1203, 1650]]","[[210, 135], [164, 153]]"
disclosure_x_bias,4,init_hard,Hostility,exponential,26.92708521637786,30.125893301411075,0.6215165529298968,0.5483717774762551,14.804428410944043,34.29302418585275,0.02314324904939431,0.02634345820143053,"[[2053, 1052], [1203, 1650]]","[[210, 135], [164, 153]]"
disclosure_x_bias,5,init_hard,Hostility,exponential,26.9331620350072,30.097949856646107,0.6240364333652925,0.5438715513342378,14.812372239908905,34.26563212556051,0.02136093757999801,0.027877195430870284,"[[2084, 1021], [1219, 1634]]","[[210, 135], [167, 150]]"
disclosure_x_bias,6,init_hard,Hostility,exponential,26.82278885900704,29.9945092048553,0.6242045005921832,0.5438715513342378,14.764195899155641,34.501382719555345,0.02158236055978644,0.027877195430870284,"[[2085, 1020], [1219, 1634]]","[[210, 135], [167, 150]]"
disclosure_x_bias,7,init_hard,Hostility,exponential,26.54034154015192,29.710333410502066,0.6253792792284699,0.5438715513342378,14.696578837459928,34.49706912303537,0.02158905402542831,0.027877195430870284,"[[2092, 1013], [1219, 1634]]","[[210, 135], [167, 150]]"
disclosure_x_bias,8,init_hard,Hostility,exponential,26.529131383026247,29.68900233198343,0.6255470644633693,0.5438715513342378,14.681208180723852,34.47845268588792,0.021425055084503125,0.027877195430870284,"[[2097, 1008], [1223, 1630]]","[[210, 135], [167, 150]]"
disclosure_x_bias,9,init_hard,Hostility,exponential,26.540209651192093,29.757106274474843,0.6272249168123626,0.5544776119402985,14.677899460726248,34.679117918744495,0.017445556613574057,0.05151257809546473,"[[2066, 1039], [1182, 1671]]","[[209, 136], [159, 158]]"
disclosure_x_bias,10,init_hard,Hostility,exponential,26.503955068197246,29.721715521941668,0.6278960577519599,0.5544776119402985,14.65568725827079,34.64361442110977,0.016446884057227936,0.05151257809546473,"[[2073, 1032], [1185, 1668]]","[[209, 136], [159, 158]]"
disclosure_x_bias,11,init_hard,Hostility,exponential,26.29107694015193,29.46735945655464,0.6277279905250691,0.5544776119402985,14.625871682779154,34.64712353885495,0.016197842294226335,0.05151257809546473,"[[2070, 1035], [1183, 1670]]","[[209, 136], [159, 158]]"
disclosure_x_bias,12,init_hard,Hostility,exponential,26.247971022970184,29.3989925740174,0.6289024871693644,0.5544776119402985,14.626799017074564,34.87332443442563,0.014935296163352938,0.05151257809546473,"[[2094, 1011], [1200, 1653]]","[[211, 134], [161, 156]]"
disclosure_x_bias,13,init_hard,Hostility,exponential,26.213007440491726,29.389895602752432,0.6295739101009532,0.5575079149706015,14.599275601567118,34.884366423272425,0.015216766502907826,0.05278865485291557,"[[2099, 1006], [1201, 1652]]","[[213, 132], [161, 156]]"
disclosure_x_bias,14,init_hard,Hostility,exponential,26.197485237155973,29.385964367982133,0.630077265805651,0.559023066485753,14.587258137994157,34.88669669621131,0.01528592171778537,0.05262143276816594,"[[2104, 1001], [1203, 1650]]","[[214, 131], [161, 156]]"
disclosure_x_bias,15,init_hard,Hostility,exponential,25.998175872700035,29.249870998590808,0.630077265805651,0.559023066485753,14.546112731694027,34.93189048958187,0.01528592171778537,0.05262143276816594,"[[2105, 1000], [1204, 1649]]","[[214, 131], [161, 156]]"
disclosure_x_bias,16,init_hard,Hostility,exponential,25.971945418119816,29.245907799945115,0.6304131182674413,0.559023066485753,14.515611600343398,34.9229856761305,0.015107656744900746,0.05262143276816594,"[[2107, 998], [1204, 1649]]","[[214, 131], [161, 156]]"
disclosure_x_bias,17,init_hard,Hostility,exponential,25.88921323046153,29.145022092381303,0.6304131182674413,0.559023066485753,14.488041903226428,35.09625937970572,0.01510765674490076,0.05262143276816594,"[[2111, 994], [1208, 1645]]","[[215, 130], [162, 155]]"
disclosure_x_bias,18,init_hard,Hostility,exponential,25.884589729167583,29.01966211146841,0.630581185494332,0.5575305291723203,14.522737143457707,35.02675707350938,0.014884854663322485,0.054427058818320065,"[[2105, 1000], [1201, 1652]]","[[214, 131], [162, 155]]"
disclosure_x_bias,19,init_hard,Hostility,exponential,25.898708475108663,29.036203426464795,0.6307492527212227,0.5575305291723203,14.52719220975767,35.05558704092801,0.014677923430438486,0.054427058818320065,"[[2105, 1000], [1200, 1653]]","[[214, 131], [162, 155]]"
disclosure_x_bias,20,init_hard,Hostility,exponential,25.791767244975187,29.013724415542463,0.6304134002594326,0.5575305291723203,14.49418079250691,35.03438536264133,0.014376135414239828,0.054427058818320065,"[[2103, 1002], [1200, 1653]]","[[214, 131], [162, 155]]"
disclosure_x_bias,21,init_hard,Hostility,exponential,25.677257223983695,28.863980122382976,0.6305814674863234,0.5575305291723203,14.4562867466637,35.06029086616996,0.014621908750319703,0.054427058818320065,"[[2106, 999], [1202, 1651]]","[[214, 131], [162, 155]]"
disclosure_x_bias,22,init_hard,Hostility,exponential,25.674136858221953,28.940669203302196,0.6309170379561221,0.5575305291723203,14.435068787695633,35.230549589376956,0.014774007313641048,0.054427058818320065,"[[2106, 999], [1200, 1653]]","[[214, 131], [162, 155]]"
disclosure_x_bias,23,init_hard,Hostility,exponential,25.68551372900719,28.924475802250566,0.6312526084259207,0.5575305291723203,14.434977203224326,35.2147553682284,0.015083000672632135,0.054427058818320065,"[[2109, 996], [1201, 1652]]","[[214, 131], [162, 155]]"
disclosure_x_bias,24,init_hard,Hostility,exponential,25.602831695412032,28.75898056443129,0.6317559641306187,0.5560153776571687,14.427351222333066,35.210912225734475,0.015316989342932267,0.054542701143771764,"[[2113, 992], [1202, 1651]]","[[214, 131], [163, 154]]"
disclosure_x_bias,25,init_hard,Hostility,exponential,25.591323837499328,28.741949474741197,0.6332665952286956,0.5560153776571687,14.427337963625092,35.175712899751275,0.014282472067502718,0.054542701143771764,"[[2098, 1007], [1178, 1675]]","[[212, 133], [161, 156]]"
disclosure_x_bias,26,init_hard,Hostility,exponential,25.586054944170435,28.720548538499806,0.6332665952286956,0.5560153776571687,14.439646822374787,35.10756621446046,0.014282472067502718,0.054542701143771764,"[[2099, 1006], [1179, 1674]]","[[212, 133], [161, 156]]"
disclosure_x_bias,27,init_hard,Hostility,exponential,25.57362356010909,28.67739709973419,0.6334343804635949,0.5575079149706015,14.456308204985936,35.203903752025305,0.014062271899917746,0.05278865485291557,"[[2098, 1007], [1177, 1676]]","[[212, 133], [160, 157]]"
disclosure_x_bias,28,init_hard,Hostility,exponential,25.49841959139506,28.563740085186243,0.6336021656984941,0.5575079149706015,14.44398582546479,35.25571609539386,0.014104984339502368,0.05278865485291557,"[[2100, 1005], [1178, 1675]]","[[212, 133], [160, 157]]"
disclosure_x_bias,29,init_hard,Hostility,exponential,25.380048667656695,28.534065106120824,0.6325954542890981,0.5575079149706015,14.392292261133852,35.19314151416029,0.015659521430448808,0.05278865485291557,"[[2123, 982], [1207, 1646]]","[[215, 130], [163, 154]]"
disclosure_x_bias,30,init_hard,Hostility,exponential,25.401089949633388,28.590587567125475,0.6327632395239975,0.5575079149706015,14.39655035230153,35.33009534175243,0.01572774935677121,0.05278865485291557,"[[2123, 982], [1206, 1647]]","[[215, 130], [163, 154]]"
disclosure_x_bias,31,init_hard,Hostility,exponential,25.315965624208896,28.476746494113286,0.6329310247588968,0.5575079149706015,14.372212794834796,35.349822458291946,0.015951357561288532,0.05278865485291557,"[[2125, 980], [1207, 1646]]","[[215, 130], [163, 154]]"
disclosure_x_bias,32,init_hard,Hostility,exponential,25.290425324167465,28.41051866210774,0.6339377361682927,0.5575079149706015,14.36975111690658,35.25417308593747,0.014227448236976366,0.05278865485291557,"[[2102, 1003], [1178, 1675]]","[[212, 133], [160, 157]]"
disclosure_x_bias,33,init_hard,Hostility,exponential,25.169285622499206,28.392952741179084,0.6339377361682927,0.5575079149706015,14.346999263353231,35.42873405851371,0.014227448236976366,0.05278865485291557,"[[2102, 1003], [1178, 1675]]","[[212, 133], [160, 157]]"
disclosure_x_bias,34,init_hard,Hostility,exponential,25.165505523122004,28.40763196083273,0.6334343804635949,0.5544776119402985,14.345412416123736,35.41955532499437,0.014946470695625665,0.045181448313186066,"[[2115, 990], [1194, 1659]]","[[212, 133], [162, 155]]"
disclosure_x_bias,35,init_hard,Hostility,exponential,25.177922034234868,28.414757710258026,0.6337699509333935,0.552962460425147,14.350887967864132,35.42922088346159,0.014623756682390932,0.047410404086498256,"[[2118, 987], [1195, 1658]]","[[212, 133], [163, 154]]"
disclosure_x_bias,36,init_hard,Hostility,exponential,25.172346179937247,28.339523571883614,0.6341055214031922,0.552962460425147,14.3734905556717,35.40226068267484,0.014822322015026455,0.047410404086498256,"[[2119, 986], [1194, 1659]]","[[212, 133], [163, 154]]"
disclosure_x_bias,37,init_hard,Hostility,exponential,25.06917691508755,28.290841970115974,0.6344410918729908,0.5544776119402985,14.44151476170229,35.30222514787085,0.013996245261102512,0.05101500269049291,"[[2108, 997], [1181, 1672]]","[[212, 133], [162, 155]]"
disclosure_x_bias,38,init_hard,Hostility,exponential,25.07678172642535,28.351266188780095,0.6346088771078902,0.5544776119402985,14.448946008022489,35.41531787007528,0.014070316629810084,0.05101500269049291,"[[2109, 996], [1181, 1672]]","[[212, 133], [162, 155]]"
disclosure_x_bias,39,init_hard,Hostility,exponential,25.079622355063158,28.328979238763004,0.6346088771078902,0.5575079149706015,14.447955124791363,35.42383837888311,0.014225083204749061,0.058735336162099645,"[[2098, 1007], [1170, 1683]]","[[212, 133], [160, 157]]"
disclosure_x_bias,40,init_hard,Hostility,exponential,25.009126054608362,28.241839586797,0.6352800180474875,0.5575079149706015,14.428630547341664,35.392211152662064,0.01373946127779829,0.058735336162099645,"[[2099, 1006], [1167, 1686]]","[[212, 133], [160, 157]]"
disclosure_x_bias,41,init_hard,Hostility,exponential,24.763535785430395,28.216291761454414,0.6356155885172861,0.55599276345545,14.31481980757854,35.57982108723965,0.013955102511432702,0.05927377405697906,"[[2101, 1004], [1167, 1686]]","[[212, 133], [161, 156]]"
disclosure_x_bias,42,init_hard,Hostility,exponential,24.748351396239286,28.172474795116255,0.6359511589870848,0.55599276345545,14.312144443246599,35.488836582164,0.014224750590556225,0.05927377405697906,"[[2103, 1002], [1167, 1686]]","[[212, 133], [161, 156]]"
disclosure_x_bias,43,init_hard,Hostility,exponential,24.739839369938483,28.19172133147717,0.6364545146917828,0.5590230664857531,14.313967214906269,35.46598371741705,0.013686124439628595,0.056816828575236386,"[[2097, 1008], [1158, 1695]]","[[211, 134], [158, 159]]"
disclosure_x_bias,44,init_hard,Hostility,exponential,24.70469925350241,28.126625351947713,0.6367900851615814,0.5544776119402985,14.294761427722303,35.49102673874662,0.01384848938361619,0.04949227103215141,"[[2110, 995], [1169, 1684]]","[[211, 134], [161, 156]]"
disclosure_x_bias,45,init_hard,Hostility,exponential,24.730465305359964,28.156949128349652,0.6366222999266821,0.55599276345545,14.288338250290888,35.58509179671176,0.013825360887830172,0.04784365611268964,"[[2110, 995], [1170, 1683]]","[[211, 134], [160, 157]]"
disclosure_x_bias,46,init_hard,Hostility,exponential,24.720209651974848,28.120186917056383,0.6367900851615814,0.5544776119402985,14.285671189987761,35.505179959259195,0.01384848938361619,0.04949227103215141,"[[2110, 995], [1169, 1684]]","[[211, 134], [161, 156]]"
disclosure_x_bias,47,init_hard,Hostility,exponential,24.66892965153705,28.029047369202704,0.6367900851615814,0.55599276345545,14.284365734494736,35.515327770309334,0.013916086035405653,0.04784365611268964,"[[2111, 994], [1170, 1683]]","[[212, 133], [161, 156]]"
disclosure_x_bias,48,init_hard,Hostility,exponential,24.593626645134755,28.019662276075554,0.6367900851615814,0.55599276345545,14.27692808955737,35.50610872097311,0.013916086035405653,0.04784365611268964,"[[2111, 994], [1170, 1683]]","[[212, 133], [161, 156]]"
disclosure_x_bias,49,init_hard,Hostility,exponential,24.579752607576786,28.042832265679596,0.6377982065309344,0.55599276345545,14.271825995449008,35.51244264951616,0.012768318020116314,0.04784365611268964,"[[2120, 985], [1173, 1680]]","[[212, 133], [161, 156]]"
disclosure_x_bias,50,init_hard,Hostility,exponential,24.588127215188475,28.05690628974507,0.637798488522926,0.55599276345545,14.283312812374271,35.512106256437185,0.013217820216182292,0.04784365611268964,"[[2120, 985], [1173, 1680]]","[[212, 133], [161, 156]]"
disclosure_x_bias,51,init_hard,Hostility,exponential,24.589562242857504,28.143123479143185,0.6379662737578252,0.55599276345545,14.300308766711922,35.65318377418615,0.013178053036739648,0.04784365611268964,"[[2121, 984], [1173, 1680]]","[[212, 133], [161, 156]]"
disclosure_x_bias,52,init_hard,Hostility,exponential,24.57206778519946,28.098293390238744,0.6383018442276239,0.5544776119402985,14.297568905645049,35.55248648175444,0.012776590192879333,0.04949227103215141,"[[2122, 983], [1172, 1681]]","[[211, 134], [161, 156]]"
disclosure_x_bias,53,init_hard,Hostility,exponential,24.415622511327758,27.95462517854679,0.6383018442276239,0.5544776119402985,14.232188171570616,35.6559431335569,0.012727531656439096,0.04949227103215141,"[[2122, 983], [1172, 1681]]","[[211, 134], [161, 156]]"
disclosure_x_bias,54,init_hard,Hostility,exponential,24.406330397741172,27.919645083841726,0.6383018442276239,0.5544776119402985,14.233438168117754,35.59389568342966,0.012727531656439096,0.04949227103215141,"[[2123, 982], [1173, 1680]]","[[211, 134], [161, 156]]"
disclosure_x_bias,55,init_hard,Hostility,exponential,24.335867830594957,27.906809304310237,0.6386374146974225,0.5544776119402985,14.293805066985964,35.57474694289901,0.01267690655832489,0.04949227103215141,"[[2124, 981], [1172, 1681]]","[[211, 134], [161, 156]]"
disclosure_x_bias,56,init_hard,Hostility,exponential,24.241462199996565,27.86044979530066,0.6396455360667758,0.5529850746268656,14.283567799434453,35.477660185093946,0.012057531845587794,0.05126107980211769,"[[2131, 974], [1173, 1680]]","[[211, 134], [162, 155]]"
disclosure_x_bias,57,init_hard,Hostility,exponential,24.25538083320273,27.929768857044046,0.6393099655969771,0.5529850746268656,14.30222983244216,35.6118039748622,0.01185497249437164,0.05126107980211769,"[[2130, 975], [1174, 1679]]","[[211, 134], [162, 155]]"
disclosure_x_bias,58,init_hard,Hostility,exponential,24.24924225800596,27.969386258706198,0.6396455360667758,0.5529850746268656,14.298037042713784,35.70643215163949,0.012057531845587794,0.05126107980211769,"[[2131, 974], [1173, 1680]]","[[211, 134], [162, 155]]"
disclosure_x_bias,59,init_hard,Hostility,exponential,24.25441605466485,27.966743445420366,0.6394777508318763,0.5514699231117142,14.30764679578044,35.633115538610895,0.011866082434302065,0.04971870523831893,"[[2132, 973], [1175, 1678]]","[[211, 134], [163, 154]]"
disclosure_x_bias,60,init_hard,Hostility,exponential,24.262669929777477,27.942308395349066,0.6394777508318763,0.5514699231117142,14.316232071973245,35.64748879072507,0.011866082434302065,0.04971870523831893,"[[2132, 973], [1175, 1678]]","[[211, 134], [163, 154]]"
disclosure_x_bias,61,init_hard,Hostility,exponential,24.201275585284755,27.858222499671804,0.6404844622412724,0.5529850746268656,14.318819767694098,35.66697974049578,0.011611004272604263,0.050256023493889475,"[[2136, 969], [1173, 1680]]","[[212, 133], [163, 154]]"
disclosure_x_bias,62,init_hard,Hostility,exponential,24.175014669559474,27.84571395440567,0.6403166770063731,0.5514699231117142,14.302281045008307,35.666127627642794,0.011064144353686666,0.046538784206215766,"[[2135, 970], [1173, 1680]]","[[211, 134], [163, 154]]"
disclosure_x_bias,63,init_hard,Hostility,exponential,24.180345366004172,27.798600026756567,0.6401488917714737,0.5514699231117142,14.316122774222475,35.65352887672976,0.011038068312032318,0.046538784206215766,"[[2134, 971], [1173, 1680]]","[[211, 134], [163, 154]]"
disclosure_x_bias,64,init_hard,Hostility,exponential,24.199859883628147,27.79630217699928,0.6401488917714737,0.5514699231117142,14.338647790698237,35.633029255596725,0.011038068312032318,0.046538784206215766,"[[2134, 971], [1173, 1680]]","[[211, 134], [163, 154]]"
disclosure_x_bias,65,init_hard,Hostility,exponential,24.18795824079083,27.80566524663743,0.6403169589983644,0.5514699231117142,14.354788213995999,35.60767571869337,0.011306664779990634,0.046538784206215766,"[[2135, 970], [1173, 1680]]","[[211, 134], [163, 154]]"
disclosure_x_bias,66,init_hard,Hostility,exponential,24.12659136473198,27.739883524601897,0.6404847442332638,0.5514699231117142,14.346809676670448,35.727107700448954,0.011629097715617789,0.046538784206215766,"[[2135, 970], [1172, 1681]]","[[211, 134], [163, 154]]"
disclosure_x_bias,67,init_hard,Hostility,exponential,24.049609975958834,27.798023159890988,0.6406525294681631,0.5514699231117142,14.3381683495264,35.83168930277308,0.01132165438084227,0.046538784206215766,"[[2137, 968], [1173, 1680]]","[[211, 134], [163, 154]]"
disclosure_x_bias,68,init_hard,Hostility,exponential,24.055732833035535,27.780106589029607,0.6406525294681631,0.5514699231117142,14.310921034349025,35.75988351746545,0.01148622838849237,0.046538784206215766,"[[2136, 969], [1172, 1681]]","[[211, 134], [163, 154]]"
disclosure_x_bias,69,init_hard,Hostility,exponential,24.068666876500522,27.81480016038198,0.641155885172861,0.5514699231117142,14.309432335799329,35.766155918786936,0.011981092665510689,0.046538784206215766,"[[2137, 968], [1170, 1683]]","[[211, 134], [163, 154]]"
disclosure_x_bias,70,init_hard,Hostility,exponential,23.9785865511701,27.829917305456682,0.6413236704077605,0.5529850746268656,14.258502868746998,35.781853379785126,0.011645372011044873,0.050256023493889475,"[[2139, 966], [1171, 1682]]","[[212, 133], [163, 154]]"
disclosure_x_bias,71,init_hard,Hostility,exponential,23.918967593270786,27.808545432364486,0.6413236704077605,0.5529850746268656,14.248475806050125,35.740109403624444,0.011645372011044873,0.050256023493889475,"[[2139, 966], [1171, 1682]]","[[212, 133], [163, 154]]"
disclosure_x_bias,72,init_hard,Hostility,exponential,23.910288536498218,27.773633952725977,0.6413236704077605,0.5499547715965626,14.2653898295217,35.74554709773661,0.011752322283611413,0.049640155982920015,"[[2137, 968], [1169, 1684]]","[[210, 135], [163, 154]]"
disclosure_x_bias,73,init_hard,Hostility,exponential,23.822352255992698,27.785449242571907,0.6430037786926851,0.5514246947082768,14.332674382362299,35.760121047710335,0.011693228317393448,0.04257242515944614,"[[2162, 943], [1184, 1669]]","[[212, 133], [164, 153]]"
disclosure_x_bias,74,init_hard,Hostility,exponential,23.804345760488175,27.77899896228187,0.6433393491624837,0.5514246947082768,14.32889549423714,35.75426083734746,0.011321908494112295,0.04257242515944614,"[[2164, 941], [1184, 1669]]","[[212, 133], [164, 153]]"
disclosure_x_bias,75,init_hard,Hostility,exponential,23.818811135574375,27.772554205859997,0.6435071343973832,0.5529398462234283,14.343530905004972,35.71583447135551,0.011014372169268467,0.042605946914209956,"[[2165, 940], [1184, 1669]]","[[213, 132], [164, 153]]"
disclosure_x_bias,76,init_hard,Hostility,exponential,23.882598034734432,28.14704024730517,0.6440104901020811,0.5529398462234283,14.277298721380735,35.87061518914916,0.010827027008752904,0.042605946914209956,"[[2165, 940], [1181, 1672]]","[[213, 132], [164, 153]]"
disclosure_x_bias,77,init_hard,Hostility,exponential,23.883342635010287,28.133555741157814,0.6443460605718798,0.5514246947082768,14.276121998911917,35.78440019002622,0.01083105636876477,0.04257242515944614,"[[2168, 937], [1182, 1671]]","[[212, 133], [164, 153]]"
disclosure_x_bias,78,init_hard,Hostility,exponential,23.781461589945675,28.037305695509694,0.6448496982685692,0.5514246947082768,14.277156240660307,35.917931352473666,0.010732615045545617,0.04257242515944614,"[[2172, 933], [1183, 1670]]","[[213, 132], [165, 152]]"
disclosure_x_bias,79,init_hard,Hostility,exponential,23.80520973201955,28.032640308707915,0.6445141277987705,0.5514246947082768,14.282252233136889,35.86539509900465,0.011089837492032762,0.04257242515944614,"[[2166, 939], [1179, 1674]]","[[212, 133], [164, 153]]"
disclosure_x_bias,80,init_hard,Hostility,exponential,23.793050523770635,28.026945531828705,0.6431695899836445,0.5469244685662595,14.285501045835979,35.975623049532835,0.011767068255603223,0.046120929966068314,"[[2142, 963], [1163, 1690]]","[[209, 136], [164, 153]]"
disclosure_x_bias,81,init_hard,Hostility,exponential,23.748648639922003,27.98779280741967,0.6445141277987705,0.5499095431931252,14.257927349997079,35.898426537306605,0.011313234513797527,0.04307516381552285,"[[2169, 936], [1182, 1671]]","[[212, 133], [165, 152]]"
disclosure_x_bias,82,init_hard,Hostility,exponential,23.701595305227123,27.93005084345245,0.6446821950256613,0.5499095431931252,14.261291761177105,35.911429675068,0.011422492542446547,0.04307516381552285,"[[2169, 936], [1181, 1672]]","[[212, 133], [165, 152]]"
disclosure_x_bias,83,init_hard,Hostility,exponential,23.711828366140534,27.93116334431579,0.6450177654954599,0.5529398462234283,14.278480552732338,35.943536314705256,0.011126712502602772,0.046608723756062585,"[[2159, 946], [1169, 1684]]","[[212, 133], [163, 154]]"
disclosure_x_bias,84,init_hard,Hostility,exponential,23.705776653304717,27.963791221620237,0.6446821950256613,0.5499095431931252,14.268203808207469,35.97929261383629,0.01190521271974325,0.04307516381552285,"[[2156, 949], [1168, 1685]]","[[210, 135], [163, 154]]"
disclosure_x_bias,85,init_hard,Hostility,exponential,23.68928621806217,27.923785950772505,0.6446819130336698,0.5483943916779738,14.267846679840808,35.937092495931516,0.011914375656870167,0.04171787343175004,"[[2158, 947], [1170, 1683]]","[[210, 135], [164, 153]]"
disclosure_x_bias,86,init_hard,Hostility,exponential,23.709805164849868,27.97391722517268,0.646024476904856,0.5483943916779738,14.294301464001329,35.97821596563116,0.01131118818755145,0.04171787343175004,"[[2162, 943], [1166, 1687]]","[[210, 135], [164, 153]]"
disclosure_x_bias,87,init_hard,Hostility,exponential,23.681871167482164,27.991524568462637,0.6463600473746546,0.5483943916779738,14.319411248870708,35.98042946051233,0.011136696198065215,0.04171787343175004,"[[2166, 939], [1168, 1685]]","[[211, 134], [165, 152]]"
disclosure_x_bias,88,init_hard,Hostility,exponential,23.6643911490661,27.989549420084224,0.6453533359652586,0.5514246947082768,14.311296262071094,35.96726434095878,0.01156611509543359,0.04257242515944614,"[[2164, 941], [1172, 1681]]","[[212, 133], [164, 153]]"
disclosure_x_bias,89,init_hard,Hostility,exponential,23.666562820490515,28.012108612772785,0.6455211212001579,0.5514246947082768,14.313501465919357,36.006347336153674,0.011534142595640048,0.04257242515944614,"[[2164, 941], [1171, 1682]]","[[212, 133], [164, 153]]"
disclosure_x_bias,90,init_hard,Hostility,exponential,23.72713007164821,28.437534452098095,0.6471995375331341,0.5499095431931252,14.2459029939511,36.24397207044703,0.00948003713929629,0.04307516381552285,"[[2163, 942], [1160, 1693]]","[[211, 134], [164, 153]]"
disclosure_x_bias,91,init_hard,Hostility,exponential,23.707397553613582,28.353945509076517,0.6463600473746546,0.5514246947082768,14.244259032524171,36.15876112915248,0.009727431432123098,0.04257242515944614,"[[2163, 942], [1165, 1688]]","[[212, 133], [164, 153]]"
disclosure_x_bias,92,init_hard,Hostility,exponential,23.71259376603368,28.38424664243154,0.6471995375331341,0.5483943916779738,14.245082238072262,36.15452124973191,0.009578512227852434,0.04171787343175004,"[[2165, 940], [1162, 1691]]","[[211, 134], [165, 152]]"
disclosure_x_bias,93,init_hard,Hostility,exponential,23.710750549166967,28.38138255861163,0.6473670407760419,0.5483943916779738,14.234902862221167,36.13751619326024,0.00934926198176744,0.04171787343175004,"[[2166, 939], [1162, 1691]]","[[211, 134], [165, 152]]"
disclosure_x_bias,94,init_hard,Hostility,exponential,23.682640221784247,28.377720029812377,0.6473670407760419,0.5468792401628223,14.234560321632433,36.17197757857353,0.00934926198176744,0.041499651497435196,"[[2166, 939], [1162, 1691]]","[[210, 135], [165, 152]]"
disclosure_x_bias,95,init_hard,Hostility,exponential,23.68252919279814,28.348569000484048,0.6470314703062433,0.5483943916779738,14.234911536162095,36.08695746478175,0.009530236510094223,0.04292331963779388,"[[2163, 942], [1161, 1692]]","[[210, 135], [164, 153]]"
disclosure_x_bias,96,init_hard,Hostility,exponential,23.61415737272033,28.38784924443197,0.6480384637076307,0.5499095431931252,14.290302035663064,36.18783924094623,0.011052105724095951,0.042478871632892656,"[[2163, 942], [1155, 1698]]","[[210, 135], [163, 154]]"
disclosure_x_bias,97,init_hard,Hostility,exponential,23.608294667260356,28.38567375767257,0.64820624894253,0.5499095431931252,14.30354492107784,36.16959905232479,0.011001586212912376,0.04126044267992124,"[[2165, 940], [1156, 1697]]","[[211, 134], [164, 153]]"
disclosure_x_bias,98,init_hard,Hostility,exponential,23.56426172037458,28.30437224858257,0.649212960351926,0.5483943916779738,14.310893904320432,36.28006875968338,0.009612053809788277,0.0371923990346823,"[[2163, 942], [1148, 1705]]","[[210, 135], [164, 153]]"
disclosure_x_bias,99,init_hard,Hostility,exponential,23.589671305519722,28.30592431364649,0.648709604647228,0.5483943916779738,14.267504349035544,36.22655502807306,0.00992719457634631,0.0371923990346823,"[[2161, 944], [1149, 1704]]","[[210, 135], [164, 153]]"
disclosure_x_bias,100,init_hard,Hostility,exponential,23.460910209886883,28.296620745782086,0.6482059669505386,0.5468792401628223,14.222351336089615,36.18861400310668,0.010030276167704605,0.03830332964321515,"[[2160, 945], [1151, 1702]]","[[209, 136], [164, 153]]"
disclosure_x_bias,101,init_hard,Hostility,exponential,23.45884389364506,28.289244265808257,0.6485415374203373,0.5483943916779738,14.224014299847298,36.190997866925834,0.00987750424617212,0.0371923990346823,"[[2163, 942], [1152, 1701]]","[[210, 135], [164, 153]]"
disclosure_x_bias,102,init_hard,Hostility,exponential,23.44806112299586,28.215806694567334,0.6485415374203373,0.5483943916779738,14.250308721224787,36.12837408642488,0.00987750424617212,0.0371923990346823,"[[2163, 942], [1152, 1701]]","[[210, 135], [164, 153]]"
disclosure_x_bias,103,init_hard,Hostility,exponential,23.420890159005204,28.235094461734075,0.6493804635948339,0.5468792401628223,14.227911869363044,36.1638521724297,0.010509521007499304,0.03694745805459556,"[[2165, 940], [1149, 1704]]","[[208, 137], [163, 154]]"
disclosure_x_bias,104,init_hard,Hostility,exponential,23.43375519250781,28.291307095180382,0.6495482488297333,0.5514246947082768,14.251247313796716,36.25558401831601,0.010901608889772433,0.04546963158646014,"[[2171, 934], [1154, 1699]]","[[211, 134], [163, 154]]"
disclosure_x_bias,105,init_hard,Hostility,exponential,23.434899256047867,28.282848656104267,0.6483729062094636,0.5544097693351425,14.247264572552156,36.197659986566364,0.010902269424342257,0.044316809538224804,"[[2176, 929], [1166, 1687]]","[[213, 132], [163, 154]]"
disclosure_x_bias,106,init_hard,Hostility,exponential,23.4734288093305,28.347867134208208,0.6490440471490609,0.5544097693351425,14.316784163484607,36.29719522889259,0.010973164056523137,0.044316809538224804,"[[2177, 928], [1163, 1690]]","[[213, 132], [163, 154]]"
disclosure_x_bias,107,init_hard,Hostility,exponential,23.481164324333964,28.309976276999958,0.6487084766792623,0.5544097693351425,14.322641133643936,36.21661587192332,0.011127731435086639,0.044316809538224804,"[[2176, 929], [1164, 1689]]","[[213, 132], [163, 154]]"
disclosure_x_bias,108,init_hard,Hostility,exponential,23.473169552583023,28.338918385938506,0.6488762619141617,0.5528946178199909,14.332734893988162,36.243039073068225,0.010779910588258442,0.04011193210880474,"[[2174, 931], [1161, 1692]]","[[212, 133], [163, 154]]"
disclosure_x_bias,109,init_hard,Hostility,exponential,23.475473130067964,28.368343461729694,0.6493796176188597,0.5528946178199909,14.340036140694677,36.29615496253172,0.010541045296509217,0.04011193210880474,"[[2173, 932], [1157, 1696]]","[[212, 133], [163, 154]]"
disclosure_x_bias,110,init_hard,Hostility,exponential,23.39785916852342,28.35754060022133,0.6492118323839603,0.5513794663048394,14.383808464847037,36.249173471229305,0.010818708677130277,0.041327834323559444,"[[2172, 933], [1157, 1696]]","[[211, 134], [163, 154]]"
disclosure_x_bias,111,init_hard,Hostility,exponential,23.345303790277185,28.361177841790493,0.6498829733235576,0.5528946178199909,14.403440333188605,36.323760283016576,0.010510116148680297,0.04011193210880474,"[[2175, 930], [1156, 1697]]","[[212, 133], [163, 154]]"
disclosure_x_bias,112,init_hard,Hostility,exponential,23.362421043849107,28.330997313206694,0.649547402853759,0.5528946178199909,14.41047292354406,36.24497009596122,0.010700664296404903,0.04011193210880474,"[[2173, 932], [1156, 1697]]","[[212, 133], [163, 154]]"
disclosure_x_bias,113,init_hard,Hostility,exponential,23.335194572708858,28.312788648497282,0.6503863290282557,0.5544097693351425,14.414490516528836,36.354180807173876,0.010834259368582807,0.04008582280476247,"[[2170, 935], [1148, 1705]]","[[212, 133], [162, 155]]"
disclosure_x_bias,114,init_hard,Hostility,exponential,23.444615421273365,28.7485262896128,0.6505541142631549,0.555924920850294,14.332810093608781,36.558048352179426,0.010712890414339152,0.03999597182361288,"[[2170, 935], [1147, 1706]]","[[212, 133], [161, 156]]"
disclosure_x_bias,115,init_hard,Hostility,exponential,23.417489964304124,28.695851042743165,0.6502185437933563,0.555924920850294,14.340562698276512,36.562244261832845,0.011344255621022486,0.03999597182361288,"[[2171, 934], [1150, 1703]]","[[212, 133], [161, 156]]"
disclosure_x_bias,116,init_hard,Hostility,exponential,23.43195730562027,28.73499507062063,0.6512252552027522,0.555924920850294,14.338757768628493,36.55592215202958,0.010779227817935362,0.03999597182361288,"[[2176, 929], [1149, 1704]]","[[212, 133], [161, 156]]"
disclosure_x_bias,117,init_hard,Hostility,exponential,23.43536182256258,28.737531823295832,0.6515608256725509,0.555924920850294,14.335883759678419,36.564378040093594,0.01099583746984258,0.03999597182361288,"[[2169, 936], [1140, 1713]]","[[211, 134], [160, 157]]"
disclosure_x_bias,118,init_hard,Hostility,exponential,23.4391877353028,28.76702348694571,0.6515608256725509,0.555924920850294,14.348062647977924,36.601827159956486,0.01099583746984258,0.03999597182361288,"[[2170, 935], [1141, 1712]]","[[211, 134], [160, 157]]"
disclosure_x_bias,119,init_hard,Hostility,exponential,23.423765522149765,28.76261740875655,0.6515608256725509,0.555924920850294,14.336005929457313,36.58135881494622,0.01099583746984258,0.03999597182361288,"[[2170, 935], [1141, 1712]]","[[211, 134], [160, 157]]"
disclosure_x_bias,120,init_hard,Hostility,exponential,23.36042165963673,28.770359129541767,0.6515608256725509,0.555924920850294,14.30836001448318,36.58102558092621,0.01099583746984258,0.03999597182361288,"[[2169, 936], [1140, 1713]]","[[211, 134], [160, 157]]"
disclosure_x_bias,121,init_hard,Hostility,exponential,23.318769977405637,28.796719928995895,0.6517286109074503,0.5544097693351425,14.350864356739159,36.63145319880597,0.011168569304811724,0.04133888720074022,"[[2169, 936], [1139, 1714]]","[[210, 135], [160, 157]]"
disclosure_x_bias,122,init_hard,Hostility,exponential,23.305706946349282,28.799104046399787,0.6520641813772489,0.5544097693351425,14.344786158350601,36.66223160720562,0.011306063694768729,0.04133888720074022,"[[2169, 936], [1137, 1716]]","[[210, 135], [160, 157]]"
disclosure_x_bias,123,init_hard,Hostility,exponential,23.30286857583793,28.745681623618715,0.6520641813772489,0.5544097693351425,14.365658318794605,36.60378825425356,0.011660181948085315,0.04133888720074022,"[[2168, 937], [1136, 1717]]","[[210, 135], [160, 157]]"
disclosure_x_bias,124,init_hard,Hostility,exponential,23.291628944615802,28.778510801149167,0.6520641813772489,0.5544097693351425,14.346875743083105,36.642379751132836,0.011660181948085315,0.04133888720074022,"[[2168, 937], [1136, 1717]]","[[210, 135], [160, 157]]"
disclosure_x_bias,125,init_hard,Hostility,exponential,23.28372193532914,28.770767283597035,0.6530708927866449,0.5544097693351425,14.338488454459759,36.59267705300673,0.010425706695619088,0.04133888720074022,"[[2170, 935], [1132, 1721]]","[[210, 135], [160, 157]]"
disclosure_x_bias,126,init_hard,Hostility,exponential,23.319777682692866,28.79903118603575,0.6529031075517455,0.555924920850294,14.327588950183847,36.663035301745055,0.010234341305661854,0.039353050194170236,"[[2165, 940], [1128, 1725]]","[[210, 135], [159, 158]]"
disclosure_x_bias,127,init_hard,Hostility,exponential,23.316378738520847,28.76731104522625,0.6527350403248547,0.5574400723654456,14.318130086112271,36.63325778897685,0.010384346348239563,0.03984194791978198,"[[2165, 940], [1129, 1724]]","[[211, 134], [159, 158]]"
disclosure_x_bias,128,init_hard,Hostility,exponential,23.32826919059574,28.75712814476853,0.6525675370819469,0.5574400723654456,14.336014378328723,36.627983384528115,0.010357701628113997,0.03984194791978198,"[[2165, 940], [1130, 1723]]","[[211, 134], [159, 158]]"
disclosure_x_bias,129,init_hard,Hostility,exponential,23.311895561110763,28.749421397538896,0.6525672550899555,0.5574400723654456,14.329576603592958,36.61240706088096,0.010724577396170247,0.03984194791978198,"[[2165, 940], [1130, 1723]]","[[211, 134], [159, 158]]"
disclosure_x_bias,130,init_hard,Hostility,exponential,23.304049522005492,28.779345786858563,0.6532386780215442,0.5574400723654456,14.330290342395553,36.67159829686764,0.010610674742956818,0.03984194791978198,"[[2164, 941], [1125, 1728]]","[[211, 134], [159, 158]]"
disclosure_x_bias,131,init_hard,Hostility,exponential,23.269175293001158,28.68055529669808,0.6534064632564436,0.5574400723654456,14.341636082801863,36.633459558228544,0.010435887494951444,0.03984194791978198,"[[2165, 940], [1125, 1728]]","[[211, 134], [159, 158]]"
disclosure_x_bias,132,init_hard,Hostility,exponential,23.26596450413573,28.7171611778599,0.6537420337262422,0.5574400723654456,14.339469041954027,36.72391171267366,0.010523625272212456,0.03984194791978198,"[[2168, 937], [1126, 1727]]","[[211, 134], [159, 158]]"
disclosure_x_bias,133,init_hard,Hostility,exponential,23.194977076681678,28.704430040452717,0.6542456714229317,0.5589326096788783,14.376714789359474,36.65375862804198,0.01051760221591863,0.039904964505714395,"[[2166, 939], [1121, 1732]]","[[211, 134], [158, 159]]"
disclosure_x_bias,134,init_hard,Hostility,exponential,23.179788273596706,28.689176812069423,0.653910100953133,0.5559023066485753,14.371600021421637,36.63760937013522,0.01103034600423008,0.03256964993026546,"[[2163, 942], [1120, 1733]]","[[209, 136], [158, 159]]"
disclosure_x_bias,135,init_hard,Hostility,exponential,23.193869582296294,28.728097612468833,0.6537423157182336,0.5559023066485753,14.377307108407171,36.720205416913736,0.011007079809093089,0.03256964993026546,"[[2161, 944], [1119, 1734]]","[[209, 136], [158, 159]]"
disclosure_x_bias,136,init_hard,Hostility,exponential,23.17672422076799,28.65049986035178,0.6544134566578309,0.5543871551334238,14.382977567775834,36.617049408138264,0.010503304562962916,0.03494205188447516,"[[2162, 943], [1116, 1737]]","[[208, 137], [158, 159]]"
disclosure_x_bias,137,init_hard,Hostility,exponential,23.2217681785247,28.729290806815307,0.6544134566578309,0.5498643147896879,14.433200569138553,36.653841512098985,0.011195255487741671,0.034492444558664015,"[[2164, 941], [1118, 1735]]","[[207, 138], [160, 157]]"
disclosure_x_bias,138,init_hard,Hostility,exponential,23.251789929834292,28.83735274240309,0.6545812418927303,0.5498643147896879,14.426718713011876,36.94715635018306,0.011234848951028957,0.034492444558664015,"[[2164, 941], [1117, 1736]]","[[207, 138], [160, 157]]"
disclosure_x_bias,139,init_hard,Hostility,exponential,23.239498278444906,28.82074715311159,0.6544137386498223,0.5513568521031208,14.433884373976774,36.92338140202489,0.011185230877559568,0.034926794880016536,"[[2164, 941], [1118, 1735]]","[[207, 138], [159, 158]]"
disclosure_x_bias,140,init_hard,Hostility,exponential,23.239449824528762,28.784430230297147,0.6557560205290169,0.5498417005879692,14.44514648097191,36.88200345577812,0.009343197321402102,0.031743265670634443,"[[2160, 945], [1106, 1747]]","[[206, 139], [159, 158]]"
disclosure_x_bias,141,init_hard,Hostility,exponential,23.207188519301166,28.823368092306197,0.6555882352941176,0.5498417005879692,14.42750399169046,36.94274567471712,0.009081084291285131,0.031743265670634443,"[[2158, 947], [1105, 1748]]","[[206, 139], [159, 158]]"
disclosure_x_bias,142,init_hard,Hostility,exponential,23.20929808937759,28.828838095560997,0.6557560205290169,0.5483265490728177,14.427082998962428,36.98097614838077,0.009140117696905899,0.034618043420621046,"[[2158, 947], [1104, 1749]]","[[205, 140], [159, 158]]"
disclosure_x_bias,143,init_hard,Hostility,exponential,23.182577577234902,28.863409064005026,0.6559238057639163,0.5483265490728177,14.452143620542996,37.013322542036946,0.009023683513333127,0.034618043420621046,"[[2158, 947], [1103, 1750]]","[[205, 140], [159, 158]]"
disclosure_x_bias,144,init_hard,Hostility,exponential,23.180244950257215,28.877276327526907,0.6554204500592183,0.5498417005879692,14.458244420714742,37.05691482556519,0.007869838101297042,0.0348094200692556,"[[2159, 946], [1107, 1746]]","[[207, 138], [160, 157]]"
disclosure_x_bias,145,init_hard,Hostility,exponential,23.175441190759962,28.846936848072907,0.6557560205290169,0.5483265490728177,14.45235725429246,36.994328027842684,0.009071414257003781,0.034618043420621046,"[[2157, 948], [1103, 1750]]","[[205, 140], [159, 158]]"
disclosure_x_bias,146,init_hard,Hostility,exponential,23.178515542527677,28.87018964115926,0.6557560205290169,0.5483265490728177,14.446816349293416,37.00251072144994,0.009071414257003781,0.034618043420621046,"[[2157, 948], [1103, 1750]]","[[205, 140], [159, 158]]"
disclosure_x_bias,147,init_hard,Hostility,exponential,23.192215650833642,28.866557612276473,0.6559238057639163,0.5483265490728177,14.462336545795397,36.97610310527048,0.009127083679110295,0.034618043420621046,"[[2157, 948], [1102, 1751]]","[[205, 140], [159, 158]]"
disclosure_x_bias,148,init_hard,Hostility,exponential,23.179242617090487,28.881324222013557,0.6559238057639163,0.5483265490728177,14.452674597537904,37.01472476420104,0.009127083679110295,0.034618043420621046,"[[2157, 948], [1102, 1751]]","[[205, 140], [159, 158]]"
disclosure_x_bias,149,init_hard,Hostility,exponential,23.22145367059011,28.868278468897905,0.6559238057639163,0.5498417005879692,14.479380073762,36.9979440482382,0.009127083679110295,0.036245360125381584,"[[2157, 948], [1102, 1751]]","[[206, 139], [159, 158]]"
disclosure_x_bias,150,init_hard,Hostility,exponential,23.220057991975445,28.871791987888884,0.6560913090068242,0.5483265490728177,14.487890175750422,37.01575303712776,0.008259180957906155,0.033873200730690466,"[[2166, 939], [1110, 1743]]","[[207, 138], [161, 156]]"
disclosure_x_bias,151,init_hard,Hostility,exponential,23.12673250859732,28.762743522697292,0.6557560205290169,0.5468340117593848,14.524225242657755,36.833132747441205,0.007930765146553989,0.030052119598167778,"[[2166, 939], [1112, 1741]]","[[207, 138], [162, 155]]"
disclosure_x_bias,152,init_hard,Hostility,exponential,23.103038181184793,28.816515518124113,0.656259376233715,0.5453188602442334,14.469209608843151,36.94232631366481,0.008261419124357565,0.032920768653926714,"[[2167, 938], [1110, 1743]]","[[206, 139], [162, 155]]"
disclosure_x_bias,153,init_hard,Hostility,exponential,23.173235724028793,28.810266053969617,0.6562599402176978,0.5498417005879692,14.519731386457236,36.8980077579052,0.007926070995191086,0.0348094200692556,"[[2161, 944], [1104, 1749]]","[[207, 138], [160, 157]]"
disclosure_x_bias,154,init_hard,Hostility,exponential,23.243606148028444,29.31616487338696,0.6564277254525972,0.5483265490728177,14.444164794787515,37.25508584338224,0.008171646039409569,0.033873200730690466,"[[2166, 939], [1108, 1745]]","[[207, 138], [161, 156]]"
disclosure_x_bias,155,init_hard,Hostility,exponential,23.238036448739827,29.28273348068779,0.655589081270092,0.5498417005879692,14.461310982897523,37.22138949658927,0.009484358033686873,0.0348094200692556,"[[2165, 940], [1112, 1741]]","[[207, 138], [160, 157]]"
disclosure_x_bias,156,init_hard,Hostility,exponential,23.22561419309766,29.29452635899089,0.6562599402176978,0.5483265490728177,14.45847102540952,37.25629161675841,0.010080160864071609,0.033873200730690466,"[[2171, 934], [1114, 1739]]","[[207, 138], [161, 156]]"
disclosure_x_bias,157,init_hard,Hostility,exponential,23.22326323308225,29.274182816687954,0.6567632959223958,0.5483265490728177,14.458764909995399,37.21939682747214,0.007671673791676516,0.032332078848736914,"[[2161, 944], [1101, 1752]]","[[206, 139], [160, 157]]"
disclosure_x_bias,158,init_hard,Hostility,exponential,23.21448072339867,29.29700763285511,0.6574344368619931,0.5498417005879692,14.459361921355203,37.263608940496404,0.00824080800918212,0.03406876168908316,"[[2161, 944], [1097, 1756]]","[[207, 138], [160, 157]]"
disclosure_x_bias,159,init_hard,Hostility,exponential,23.20711735608484,29.253581518131664,0.6576025040888839,0.5513568521031208,14.455182601428776,37.18453168665136,0.008976965434722622,0.03635809958800731,"[[2162, 943], [1097, 1756]]","[[208, 137], [160, 157]]"
disclosure_x_bias,160,init_hard,Hostility,exponential,23.18248855632966,29.296881264233207,0.6574347188539845,0.5498643147896879,14.482734341925374,37.2907593108843,0.00834047749539613,0.0359410508568297,"[[2160, 945], [1096, 1757]]","[[208, 137], [161, 156]]"
disclosure_x_bias,161,init_hard,Hostility,exponential,23.047849995425985,29.227834799501828,0.6574347188539845,0.5498417005879692,14.464291386345094,37.27984583740845,0.00845223977345,0.0348094200692556,"[[2163, 942], [1099, 1754]]","[[208, 137], [161, 156]]"
disclosure_x_bias,162,init_hard,Hostility,exponential,23.06238613454636,29.205661544001327,0.6576027860808753,0.5483491632745364,14.446748564486851,37.22903613496787,0.008084680116339449,0.0335485152564103,"[[2161, 944], [1096, 1757]]","[[207, 138], [161, 156]]"
disclosure_x_bias,163,init_hard,Hostility,exponential,23.118172809917326,29.24227200379956,0.6574347188539845,0.5498417005879692,14.486341847047383,37.302337912576995,0.009231372232762294,0.03762654030972432,"[[2159, 946], [1095, 1758]]","[[206, 139], [159, 158]]"
disclosure_x_bias,164,init_hard,Hostility,exponential,23.100834846688677,29.176749890808377,0.6567635779143872,0.5498417005879692,14.483832725850466,37.15382653777788,0.009147102565181375,0.03762654030972432,"[[2160, 945], [1100, 1753]]","[[206, 139], [159, 158]]"
disclosure_x_bias,165,init_hard,Hostility,exponential,23.126070992055524,29.276222075435953,0.6570991483841859,0.5468113975576662,14.495108809419628,37.41752053714077,0.00785714146780082,0.032046450772932944,"[[2164, 941], [1102, 1751]]","[[206, 139], [161, 156]]"
disclosure_x_bias,166,init_hard,Hostility,exponential,23.104414938541904,29.274101629337707,0.6574347188539845,0.5468113975576662,14.494239033565586,37.405608110136555,0.007996744346967517,0.032046450772932944,"[[2165, 940], [1101, 1752]]","[[206, 139], [161, 156]]"
disclosure_x_bias,167,init_hard,Hostility,exponential,23.102060983721852,29.2818386661368,0.6577705713157747,0.5498643147896879,14.4995278262724,37.42870289795011,0.007419664285699753,0.038675831559445935,"[[2159, 946], [1093, 1760]]","[[206, 139], [159, 158]]"
disclosure_x_bias,168,init_hard,Hostility,exponential,23.107657433652797,29.28906719687733,0.6576025040888839,0.5483491632745364,14.504034752609096,37.430239435105946,0.007620966650341623,0.03715614200319196,"[[2163, 942], [1098, 1755]]","[[206, 139], [160, 157]]"
disclosure_x_bias,169,init_hard,Hostility,exponential,23.11403589197107,29.295709549950935,0.6576025040888839,0.5468340117593848,14.516719541963887,37.4599734073609,0.007620966650341623,0.03327447523949848,"[[2161, 944], [1096, 1757]]","[[206, 139], [161, 156]]"
disclosure_x_bias,170,init_hard,Hostility,exponential,23.11167719580753,29.30908921605294,0.6576025040888839,0.5498643147896879,14.510695620803574,37.45044843414041,0.007620966650341623,0.038675831559445935,"[[2159, 946], [1094, 1759]]","[[206, 139], [159, 158]]"
disclosure_x_bias,171,init_hard,Hostility,exponential,23.096793139599693,29.275334680534154,0.6581067057695561,0.5452962460425147,14.508483042285576,37.41733606160644,0.00826056763342527,0.03086211218986316,"[[2167, 938], [1099, 1754]]","[[205, 140], [161, 156]]"
disclosure_x_bias,172,init_hard,Hostility,exponential,23.051242262920457,29.267477155901577,0.6579386385426653,0.5498417005879692,14.50529469081354,37.42487739911587,0.00810924506977823,0.03762654030972432,"[[2166, 939], [1099, 1754]]","[[206, 139], [159, 158]]"
disclosure_x_bias,173,init_hard,Hostility,exponential,23.035511703667925,29.270407325925568,0.6577708533077661,0.5483265490728177,14.493004767918219,37.41687394836789,0.00847077167918179,0.036762134566195495,"[[2165, 940], [1099, 1754]]","[[205, 140], [159, 158]]"
disclosure_x_bias,174,init_hard,Hostility,exponential,23.059558851940498,29.283350792993808,0.6576030680728667,0.5483265490728177,14.481357719289251,37.431661695454395,0.009127754781183788,0.036762134566195495,"[[2167, 938], [1102, 1751]]","[[205, 140], [159, 158]]"
disclosure_x_bias,175,init_hard,Hostility,exponential,23.02540382799378,29.239410463920525,0.6584419942473634,0.5483265490728177,14.532878852882854,37.44340352147377,0.00894053760051452,0.036762134566195495,"[[2165, 940], [1095, 1758]]","[[205, 140], [159, 158]]"
disclosure_x_bias,176,init_hard,Hostility,exponential,23.005752936923354,29.239505706539763,0.6584419942473634,0.5483265490728177,14.511254101155057,37.40425124002505,0.00894053760051452,0.036762134566195495,"[[2167, 938], [1097, 1756]]","[[205, 140], [159, 158]]"
disclosure_x_bias,177,init_hard,Hostility,exponential,23.01116726710628,29.24989047483063,0.6584419942473634,0.5498417005879692,14.518165703160927,37.445307692831165,0.00894053760051452,0.03762654030972432,"[[2166, 939], [1096, 1757]]","[[206, 139], [159, 158]]"
disclosure_x_bias,178,init_hard,Hostility,exponential,23.016407387709734,29.26750109677905,0.6582739270204726,0.5513342379014021,14.523435801892335,37.43230108480529,0.009156385426992137,0.0386715339162677,"[[2167, 938], [1098, 1755]]","[[207, 138], [159, 158]]"
disclosure_x_bias,179,init_hard,Hostility,exponential,23.008357062347354,29.27318543874093,0.6584419942473634,0.5498417005879692,14.526615148577868,37.495954456026304,0.00894053760051452,0.03762654030972432,"[[2166, 939], [1096, 1757]]","[[206, 139], [159, 158]]"
disclosure_x_bias,180,init_hard,Hostility,exponential,23.00704887177326,29.268913090126755,0.6582739270204726,0.5513342379014021,14.53869307233179,37.4513497034895,0.009156385426992137,0.0386715339162677,"[[2166, 939], [1097, 1756]]","[[207, 138], [159, 158]]"
disclosure_x_bias,181,init_hard,Hostility,exponential,23.005676251377896,29.28499664251968,0.6587781287011449,0.5513342379014021,14.54205651371982,37.50017772502238,0.009722644350628471,0.0386715339162677,"[[2164, 941], [1092, 1761]]","[[207, 138], [159, 158]]"
disclosure_x_bias,182,init_hard,Hostility,exponential,22.98152168270645,29.231197155298986,0.6589461959280356,0.5513116236996833,14.548333986222005,37.49210996802677,0.009509748737428481,0.03956666079337157,"[[2166, 939], [1093, 1760]]","[[206, 139], [158, 159]]"
disclosure_x_bias,183,init_hard,Hostility,exponential,23.01868858613829,29.247756645215624,0.6589461959280356,0.5498190863862505,14.555721591755713,37.49536261707937,0.009343839351209988,0.03789737346809807,"[[2166, 939], [1093, 1760]]","[[206, 139], [159, 158]]"
disclosure_x_bias,184,init_hard,Hostility,exponential,23.031238813904213,29.257533090722298,0.6584428402233377,0.5513116236996833,14.558772095028125,37.44706673255298,0.0093185571402634,0.041455593759211665,"[[2166, 939], [1096, 1757]]","[[206, 139], [158, 159]]"
disclosure_x_bias,185,init_hard,Hostility,exponential,23.017954983203058,29.210569954866276,0.6591142631549264,0.5513116236996833,14.553528407685677,37.44835802670597,0.00915301991457081,0.04083565906653688,"[[2165, 940], [1091, 1762]]","[[205, 140], [157, 160]]"
disclosure_x_bias,186,init_hard,Hostility,exponential,23.0009989329524,29.242406719417914,0.6594495516327337,0.5528041610131162,14.532718320573855,37.51792751171648,0.009065654295897452,0.0435020612974351,"[[2166, 939], [1090, 1763]]","[[206, 139], [157, 160]]"
disclosure_x_bias,187,init_hard,Hostility,exponential,23.02310939582693,29.267178115182087,0.6594495516327337,0.5513116236996833,14.5836377003615,37.50122421783905,0.009168581141561973,0.03956666079337157,"[[2168, 937], [1092, 1761]]","[[206, 139], [158, 159]]"
disclosure_x_bias,188,init_hard,Hostility,exponential,23.017474274168798,29.265167127845825,0.6592817663978343,0.5528267752148349,14.556356506855156,37.53476889719826,0.009778810258987749,0.04024638974907638,"[[2168, 937], [1093, 1760]]","[[207, 138], [158, 159]]"
disclosure_x_bias,189,init_hard,Hostility,exponential,23.00769017909176,29.214049042988346,0.6594495516327337,0.5497964721845319,14.555227321345125,37.38981823903325,0.009404364001267127,0.04073344439375246,"[[2168, 937], [1092, 1761]]","[[205, 140], [158, 159]]"
disclosure_x_bias,190,init_hard,Hostility,exponential,23.01988889022787,29.24211355787857,0.6594495516327337,0.5528267752148349,14.567021191720556,37.44007061188475,0.009236561862539879,0.04024638974907638,"[[2168, 937], [1092, 1761]]","[[207, 138], [158, 159]]"
disclosure_x_bias,191,init_hard,Hostility,exponential,22.980524642060413,29.204022546986558,0.6592817663978343,0.5528267752148349,14.557510265627805,37.393175956014005,0.00925286825542845,0.04024638974907638,"[[2167, 938], [1092, 1761]]","[[207, 138], [158, 159]]"
disclosure_x_bias,192,init_hard,Hostility,exponential,22.973270831206108,29.204102143544326,0.6592820483898257,0.5528041610131162,14.556692076165723,37.41340711516879,0.009474785270931296,0.0435020612974351,"[[2167, 938], [1092, 1761]]","[[206, 139], [157, 160]]"
disclosure_x_bias,193,init_hard,Hostility,exponential,22.91655297279325,29.14673960246135,0.659617336867633,0.5512890094979647,14.5974333932949,37.40572491998235,0.009871216851980827,0.04404693358902919,"[[2167, 938], [1090, 1763]]","[[205, 140], [157, 160]]"
disclosure_x_bias,194,init_hard,Hostility,exponential,22.957094249123664,29.16352688265486,0.6597856860865152,0.5512890094979647,14.615119490390788,37.475376971926686,0.009538401403978625,0.042873091252388626,"[[2168, 937], [1090, 1763]]","[[205, 140], [157, 160]]"
disclosure_x_bias,195,init_hard,Hostility,exponential,22.966279720353164,29.195890288257782,0.6604562630421296,0.5528041610131162,14.638836683769506,37.554447608106884,0.00899550464879167,0.04291170160452097,"[[2166, 939], [1084, 1769]]","[[206, 139], [157, 160]]"
disclosure_x_bias,196,init_hard,Hostility,exponential,22.9724693383208,29.183327582324846,0.6604565450341211,0.5512890094979647,14.608848591321962,37.505837519167784,0.009053585576783275,0.04404693358902919,"[[2166, 939], [1084, 1769]]","[[205, 140], [157, 160]]"
disclosure_x_bias,197,init_hard,Hostility,exponential,22.939178745787338,29.17813701135983,0.6602884778072303,0.5497738579828132,14.618445783751971,37.451452585567296,0.008893456498084186,0.043367078005707896,"[[2166, 939], [1085, 1768]]","[[204, 141], [157, 160]]"
disclosure_x_bias,198,init_hard,Hostility,exponential,22.94752671652764,29.190473015169268,0.660792961479894,0.5528041610131162,14.634783967148906,37.50351693537168,0.009072281011333097,0.04291170160452097,"[[2166, 939], [1082, 1771]]","[[206, 139], [157, 160]]"
disclosure_x_bias,199,init_hard,Hostility,exponential,22.933506206119855,29.206562442770498,0.660792961479894,0.5512890094979647,14.624257173908804,37.47243172041166,0.009673005570590976,0.04227394884565772,"[[2167, 938], [1083, 1770]]","[[205, 140], [157, 160]]"
disclosure_x_bias,200,init_hard,Hostility,exponential,22.731965447467697,28.42592578673367,0.6607932434718855,0.5512890094979647,14.567627395263907,35.67689612106683,0.01001258331020059,0.04404693358902919,"[[2165, 940], [1081, 1772]]","[[205, 140], [157, 160]]"
disclosure_x_bias,201,init_hard,Hostility,exponential,22.83961071026154,29.03960608852982,0.6602890417912131,0.5497738579828132,14.493807223672738,36.30582283962147,0.009384778682936204,0.04565921883776122,"[[2162, 943], [1081, 1772]]","[[203, 142], [156, 161]]"
disclosure_x_bias,202,init_hard,Hostility,exponential,22.840086493581058,29.021729565932038,0.6611288139416841,0.5512890094979647,14.532561370366487,36.21716277729643,0.009795751955161172,0.04404693358902919,"[[2168, 937], [1082, 1771]]","[[205, 140], [157, 160]]"
disclosure_x_bias,203,init_hard,Hostility,exponential,22.84535722646408,29.03862890988531,0.6606243302690203,0.5512890094979647,14.52830179876379,36.2678335992905,0.008907923450128395,0.04404693358902919,"[[2168, 937], [1085, 1768]]","[[205, 140], [157, 160]]"
disclosure_x_bias,204,init_hard,Hostility,exponential,22.834423669653713,29.033406113998247,0.660792961479894,0.5497738579828132,14.50685230128326,36.23518846670048,0.009575502307033442,0.043367078005707854,"[[2166, 939], [1082, 1771]]","[[204, 141], [157, 160]]"
disclosure_x_bias,205,init_hard,Hostility,exponential,22.907978480280555,29.033947810163397,0.6606246122610118,0.5543193125282677,14.561701131600023,36.27721562327803,0.008965509536161907,0.04168446221725198,"[[2162, 943], [1079, 1774]]","[[206, 139], [156, 161]]"
disclosure_x_bias,206,init_hard,Hostility,exponential,22.839189334781427,29.016574004784893,0.6614638204274998,0.5543193125282677,14.514966087682755,36.236448363995315,0.009934260664185146,0.0434814902910718,"[[2163, 942], [1075, 1778]]","[[205, 140], [155, 162]]"
disclosure_x_bias,207,init_hard,Hostility,exponential,22.837863346671586,29.032203027868086,0.6612957532006091,0.5528041610131162,14.52004645242938,36.28066103844055,0.00809540067836129,0.04231310591371295,"[[2165, 940], [1078, 1775]]","[[205, 140], [156, 161]]"
disclosure_x_bias,208,init_hard,Hostility,exponential,22.839623868639894,29.045010992313344,0.6617993908972986,0.5558344640434193,14.518050433648712,36.263734031263915,0.009260758208067453,0.0422104102494349,"[[2168, 937], [1078, 1775]]","[[207, 138], [156, 161]]"
disclosure_x_bias,209,init_hard,Hostility,exponential,22.835425904512668,29.051750219695073,0.6623024646100051,0.5543193125282677,14.524800498987497,36.323750406759345,0.007915918096209106,0.04289084745493165,"[[2166, 939], [1073, 1780]]","[[206, 139], [156, 161]]"
disclosure_x_bias,210,init_hard,Hostility,exponential,22.865514823047896,29.100042940699364,0.6619668941402064,0.5543193125282677,14.584358427321161,36.35676806750755,0.010355900353039503,0.04289084745493165,"[[2163, 942], [1072, 1781]]","[[206, 139], [156, 161]]"
disclosure_x_bias,211,init_hard,Hostility,exponential,22.85945697127939,29.043331546608936,0.6629741695335852,0.5543193125282677,14.592931242396556,36.32663258206265,0.008508837151717944,0.04168446221725197,"[[2167, 938], [1070, 1783]]","[[206, 139], [156, 161]]"
disclosure_x_bias,212,init_hard,Hostility,exponential,22.86117520254358,29.06815141365508,0.6629741695335852,0.5543193125282677,14.604388733944015,36.344253843051895,0.009933549334854911,0.04168446221725197,"[[2165, 940], [1068, 1785]]","[[206, 139], [156, 161]]"
disclosure_x_bias,213,init_hard,Hostility,exponential,22.84070794184848,29.005380619559496,0.6626385990637866,0.5528041610131162,14.573110174609681,36.207937024157566,0.009284624318667011,0.04231310591371295,"[[2166, 939], [1071, 1782]]","[[205, 140], [156, 161]]"
disclosure_x_bias,214,init_hard,Hostility,exponential,22.85473631325098,29.05907446950486,0.6631419547684846,0.5528041610131162,14.585082359998946,36.2791268729179,0.009225552561262316,0.04231310591371295,"[[2166, 939], [1068, 1785]]","[[205, 140], [156, 161]]"
disclosure_x_bias,215,init_hard,Hostility,exponential,22.837887245935228,29.039891479749446,0.6633097400033839,0.5512890094979647,14.574906929486115,36.23782088397072,0.009727835497910809,0.041666191912327774,"[[2171, 934], [1072, 1781]]","[[205, 140], [157, 160]]"
disclosure_x_bias,216,init_hard,Hostility,exponential,22.83091851025527,29.041261451458023,0.6633097400033839,0.5528041610131162,14.590602034271921,36.2393105642947,0.008992643642004382,0.04231310591371295,"[[2163, 942], [1064, 1789]]","[[205, 140], [156, 161]]"
disclosure_x_bias,217,init_hard,Hostility,exponential,22.814926669200812,29.034466067948113,0.6636453104731825,0.5528041610131162,14.58848192811183,36.2528939312076,0.008533416496744493,0.04108976182705836,"[[2170, 935], [1069, 1784]]","[[206, 139], [157, 160]]"
disclosure_x_bias,218,init_hard,Hostility,exponential,22.846570736879816,29.1419318289228,0.663309176019401,0.5528041610131162,14.600698250707639,36.48861369182668,0.00887728386465193,0.04108976182705836,"[[2170, 935], [1071, 1782]]","[[206, 139], [157, 160]]"
disclosure_x_bias,219,init_hard,Hostility,exponential,22.843735738430972,29.141889262812548,0.6636453104731825,0.5528041610131162,14.60460722284913,36.4736874388025,0.008533416496744493,0.04108976182705836,"[[2169, 936], [1068, 1785]]","[[206, 139], [157, 160]]"
disclosure_x_bias,220,init_hard,Hostility,exponential,22.825735839289106,29.130471013278775,0.6639811629349726,0.5528041610131162,14.600965034715175,36.48808356588976,0.00869357685420802,0.04108976182705836,"[[2170, 935], [1067, 1786]]","[[206, 139], [157, 160]]"
disclosure_x_bias,221,init_hard,Hostility,exponential,22.831066551923062,29.132312358354323,0.6636450284811911,0.5497738579828132,14.591538970771996,36.49911861302928,0.008361269485333922,0.0415651037188901,"[[2170, 935], [1069, 1784]]","[[204, 141], [157, 160]]"
disclosure_x_bias,222,init_hard,Hostility,exponential,22.825954348240455,29.130852535124767,0.6636450284811911,0.5512890094979647,14.610216552565994,36.49536132625075,0.008727359386548778,0.04104943782738782,"[[2169, 936], [1068, 1785]]","[[205, 140], [157, 160]]"
disclosure_x_bias,223,init_hard,Hostility,exponential,22.82447802088347,29.12339522916316,0.6639808809429812,0.5512890094979647,14.611759656650756,36.457371684749354,0.008561291767403594,0.04104943782738782,"[[2173, 932], [1070, 1783]]","[[205, 140], [157, 160]]"
disclosure_x_bias,224,init_hard,Hostility,exponential,22.841628071158638,29.14111934096785,0.6639805989509898,0.5512890094979647,14.622387224856327,36.511264115194884,0.00889545303082036,0.04104943782738782,"[[2166, 939], [1063, 1790]]","[[205, 140], [157, 160]]"
disclosure_x_bias,225,init_hard,Hostility,exponential,22.799441396331968,29.123006212730342,0.6643161694207884,0.5497738579828132,14.637640789227397,36.50208616687323,0.008326414564243507,0.043367078005707854,"[[2161, 944], [1056, 1797]]","[[203, 142], [156, 161]]"
disclosure_x_bias,226,init_hard,Hostility,exponential,22.796528059206242,29.099887001012387,0.6641483841858891,0.5512890094979647,14.627223268323434,36.470603421171695,0.008671724632402006,0.0446222765121492,"[[2157, 948], [1053, 1800]]","[[203, 142], [155, 162]]"
disclosure_x_bias,227,init_hard,Hostility,exponential,22.788694558764753,29.115976898036166,0.664148948169872,0.5497738579828132,14.633207382533872,36.48439598024599,0.009606898948950183,0.043367078005707854,"[[2161, 944], [1057, 1796]]","[[203, 142], [156, 161]]"
disclosure_x_bias,228,init_hard,Hostility,exponential,22.79629869187968,29.074619738177823,0.6644839546556878,0.5497738579828132,14.635687146148644,36.39972387423671,0.009098929165506529,0.043367078005707854,"[[2164, 941], [1058, 1795]]","[[203, 142], [156, 161]]"
disclosure_x_bias,229,init_hard,Hostility,exponential,22.812445043942194,29.13994101143158,0.6649878743443687,0.5482587064676616,14.642156948757734,36.473593143005246,0.009176798249788043,0.04261658163974348,"[[2171, 934], [1062, 1791]]","[[202, 143], [156, 161]]"
disclosure_x_bias,230,init_hard,Hostility,exponential,22.794277002293448,29.07510627288034,0.6644842366476792,0.5497738579828132,14.648430428673691,36.39677114570315,0.009086823907147011,0.043367078005707854,"[[2162, 943], [1056, 1797]]","[[202, 143], [155, 162]]"
disclosure_x_bias,231,init_hard,Hostility,exponential,22.793831383487795,29.06812029530837,0.6654909480570752,0.5497738579828132,14.651134145463272,36.37638475489838,0.008948223993641445,0.043367078005707854,"[[2169, 936], [1057, 1796]]","[[203, 142], [156, 161]]"
disclosure_x_bias,232,init_hard,Hostility,exponential,22.754040197109948,29.02141069795831,0.665491512041058,0.5482587064676616,14.653190075322515,36.43037161362516,0.009469662164904637,0.04261658163974348,"[[2171, 934], [1059, 1794]]","[[202, 143], [156, 161]]"
disclosure_x_bias,233,init_hard,Hostility,exponential,22.754500079217657,29.026969239925016,0.6658273645028482,0.5497738579828132,14.652004556251025,36.432525400924284,0.009342771220441517,0.043367078005707854,"[[2171, 934], [1057, 1796]]","[[203, 142], [156, 161]]"
disclosure_x_bias,234,init_hard,Hostility,exponential,22.74803887711909,29.034086940817637,0.6663310021995376,0.5482587064676616,14.653591983283171,36.45815630360113,0.010183179880099435,0.04261658163974348,"[[2173, 932], [1056, 1797]]","[[202, 143], [156, 161]]"
disclosure_x_bias,235,init_hard,Hostility,exponential,22.765520354603957,29.025259954309057,0.6664990694264283,0.5482587064676616,14.675993503615675,36.41858469616529,0.010027467753481836,0.04261658163974348,"[[2174, 931], [1056, 1797]]","[[202, 143], [156, 161]]"
disclosure_x_bias,236,init_hard,Hostility,exponential,22.75659277885011,29.045477955276834,0.6664985054424454,0.5482587064676616,14.664051769050316,36.47190186937384,0.009828907623367758,0.04261658163974348,"[[2175, 930], [1057, 1796]]","[[202, 143], [156, 161]]"
disclosure_x_bias,237,init_hard,Hostility,exponential,22.691446304598212,29.04618843058959,0.6666662906773448,0.5497738579828132,14.698790153341937,36.44259134434719,0.010659936322602434,0.043367078005707854,"[[2172, 933], [1053, 1800]]","[[203, 142], [156, 161]]"
disclosure_x_bias,238,init_hard,Hostility,exponential,22.668363276665698,29.047685072584436,0.6663298742315719,0.5482587064676616,14.65539325841745,36.474779679104216,0.010646357448966824,0.04261658163974348,"[[2174, 931], [1057, 1796]]","[[202, 143], [156, 161]]"
disclosure_x_bias,239,init_hard,Hostility,exponential,22.713113117098203,29.00496616422451,0.6670018611471434,0.5497738579828132,14.686062220311284,36.36419811507399,0.011512444133069677,0.043367078005707854,"[[2173, 932], [1052, 1801]]","[[203, 142], [156, 161]]"
disclosure_x_bias,240,init_hard,Hostility,exponential,22.697113717276643,28.990981927931433,0.6668343579042355,0.5497738579828132,14.683038102469409,36.33177753415877,0.011171164361893336,0.043367078005707854,"[[2173, 932], [1053, 1800]]","[[203, 142], [156, 161]]"
disclosure_x_bias,241,init_hard,Hostility,exponential,22.689948374898098,28.992448195102327,0.6666662906773448,0.5482587064676616,14.647010083600529,36.3512293845286,0.011372101358882575,0.04261658163974348,"[[2173, 932], [1054, 1799]]","[[202, 143], [156, 161]]"
disclosure_x_bias,242,init_hard,Hostility,exponential,22.703683768368894,29.02677640817858,0.6670018611471434,0.5482587064676616,14.688949772619498,36.39088544525425,0.010724721042589239,0.04261658163974348,"[[2174, 931], [1053, 1800]]","[[202, 143], [156, 161]]"
disclosure_x_bias,243,init_hard,Hostility,exponential,22.704148704132287,28.991804029164804,0.667001579155152,0.5482587064676616,14.699088388132958,36.355012563360745,0.011548092174930507,0.04261658163974348,"[[2176, 929], [1055, 1798]]","[[202, 143], [156, 161]]"
disclosure_x_bias,244,init_hard,Hostility,exponential,22.700992862832255,28.997275698807094,0.6663298742315719,0.5497738579828132,14.701895039912225,36.374961433967975,0.010994615086354012,0.043367078005707854,"[[2171, 934], [1054, 1799]]","[[203, 142], [156, 161]]"
disclosure_x_bias,245,init_hard,Hostility,exponential,22.69913706751959,28.986234977673423,0.6670027071231177,0.5482813206693804,14.698331456564615,36.365085573670335,0.009995760383262314,0.04119210622481848,"[[2177, 928], [1056, 1797]]","[[203, 142], [157, 160]]"
disclosure_x_bias,246,init_hard,Hostility,exponential,22.70582208742866,28.970959274051705,0.6668340759122441,0.5482813206693804,14.708407524199803,36.32566155042608,0.010276076729006186,0.03929050785680515,"[[2177, 928], [1057, 1796]]","[[203, 142], [157, 160]]"
disclosure_x_bias,247,init_hard,Hostility,exponential,22.699383368054246,29.00917518877001,0.6675057808358242,0.5482813206693804,14.70215519100103,36.386653256838315,0.009540748162240454,0.04119210622481848,"[[2180, 925], [1056, 1797]]","[[203, 142], [157, 160]]"
disclosure_x_bias,248,init_hard,Hostility,exponential,22.666711071297264,28.955508002753874,0.668177203767413,0.5482813206693804,14.7078025857184,36.40362042315411,0.01049629338101859,0.04119210622481848,"[[2183, 922], [1055, 1798]]","[[203, 142], [157, 160]]"
disclosure_x_bias,249,init_hard,Hostility,exponential,22.671252327353223,28.980323803368538,0.6680091365405223,0.5482813206693804,14.710030747602065,36.43125999347282,0.009623977280553926,0.04119210622481848,"[[2182, 923], [1055, 1798]]","[[203, 142], [157, 160]]"
disclosure_x_bias,250,init_hard,Hostility,exponential,22.675974632299656,28.957637189782826,0.6680085725565393,0.5497964721845319,14.724785847150354,36.40275298456866,0.009934057412736895,0.04010234768250568,"[[2182, 923], [1055, 1798]]","[[204, 141], [157, 160]]"
disclosure_x_bias,251,init_hard,Hostility,exponential,22.676111503268267,29.011054663048448,0.6680091365405223,0.5482813206693804,14.717799875972473,36.4931919248644,0.009785138012538223,0.04119210622481848,"[[2180, 925], [1053, 1800]]","[[203, 142], [157, 160]]"
disclosure_x_bias,252,init_hard,Hostility,exponential,22.679472809576453,29.0034016298661,0.6675052168518414,0.5482813206693804,14.758104693805615,36.470326793756996,0.00991670295586104,0.0430097107968397,"[[2180, 925], [1056, 1797]]","[[203, 142], [157, 160]]"
disclosure_x_bias,253,init_hard,Hostility,exponential,22.680968075135233,29.021242451352787,0.6680085725565394,0.5482813206693804,14.738214600294677,36.50629217216678,0.009548734331461249,0.04119210622481848,"[[2183, 922], [1056, 1797]]","[[203, 142], [157, 160]]"
disclosure_x_bias,254,init_hard,Hostility,exponential,22.67999266834762,29.020364735702778,0.6675052168518414,0.5482813206693804,14.756805536818298,36.47431701311183,0.00991670295586104,0.0430097107968397,"[[2180, 925], [1056, 1797]]","[[203, 142], [157, 160]]"
disclosure_x_bias,255,init_hard,Hostility,exponential,22.64211000325385,29.039279371589874,0.6678407873216401,0.5497964721845319,14.809115138895017,36.53132059156367,0.00972990782145283,0.04010234768250568,"[[2182, 923], [1056, 1797]]","[[204, 141], [157, 160]]"
disclosure_x_bias,256,init_hard,Hostility,exponential,22.64629829056714,29.013959477066937,0.6688474987310361,0.5497964721845319,14.798219636637652,36.47658662660515,0.008994932103749322,0.04010234768250568,"[[2186, 919], [1054, 1799]]","[[204, 141], [157, 160]]"
disclosure_x_bias,257,init_hard,Hostility,exponential,22.636907175716733,29.0335222298644,0.6693511364277255,0.5483039348710991,14.812414557142494,36.49920960673374,0.008918121158693924,0.03839092576288883,"[[2186, 919], [1051, 1802]]","[[203, 142], [157, 160]]"
disclosure_x_bias,258,init_hard,Hostility,exponential,22.64771210784092,29.043519092749413,0.6686799954881282,0.5483039348710991,14.783232413120531,36.54184332156872,0.010100126056393932,0.03839092576288883,"[[2181, 924], [1050, 1803]]","[[203, 142], [157, 160]]"
disclosure_x_bias,259,init_hard,Hostility,exponential,22.64859810731445,29.02625094510366,0.6696869888895155,0.5483039348710991,14.783011235289104,36.4986831173132,0.00941584412529657,0.03839092576288883,"[[2185, 920], [1048, 1805]]","[[203, 142], [157, 160]]"
disclosure_x_bias,260,init_hard,Hostility,exponential,22.665156791770723,29.57106020077211,0.6696869888895155,0.5483039348710991,14.631430519151689,36.96946981863248,0.00964634827384946,0.03839092576288883,"[[2187, 918], [1050, 1803]]","[[203, 142], [157, 160]]"
disclosure_x_bias,261,init_hard,Hostility,exponential,22.710403326349443,29.501137887060686,0.6696875528734985,0.5498190863862505,14.685618785353473,36.9052216202697,0.009123376460500588,0.03856457076528738,"[[2186, 919], [1049, 1804]]","[[203, 142], [156, 161]]"
disclosure_x_bias,262,init_hard,Hostility,exponential,22.691716709596285,29.531951503331705,0.670190626586205,0.5483039348710991,14.713070614612448,36.91860480330794,0.009880295537018984,0.03839092576288883,"[[2189, 916], [1049, 1804]]","[[203, 142], [157, 160]]"
disclosure_x_bias,263,init_hard,Hostility,exponential,22.69220899076394,29.48753400029828,0.6695192036546163,0.5498190863862505,14.702720948891953,36.899159644824664,0.009567666623681692,0.03856457076528738,"[[2187, 918], [1051, 1802]]","[[203, 142], [156, 161]]"
disclosure_x_bias,264,init_hard,Hostility,exponential,22.69775768163279,29.51358497531253,0.6701909085781963,0.5483039348710991,14.709931393012077,36.91600674217463,0.010213725314213358,0.03839092576288883,"[[2188, 917], [1048, 1805]]","[[203, 142], [157, 160]]"
disclosure_x_bias,265,init_hard,Hostility,exponential,22.68432484684179,29.493259966505907,0.6698553381083977,0.5483039348710991,14.696893943883769,36.89534690889753,0.010768699581988351,0.03772065718411182,"[[2185, 920], [1047, 1806]]","[[202, 143], [156, 161]]"
disclosure_x_bias,266,init_hard,Hostility,exponential,22.7102443451815,29.556781350781442,0.6693514184197169,0.5498190863862505,14.757111351098137,36.96988541688472,0.010397510298149509,0.03986548034793464,"[[2185, 920], [1050, 1803]]","[[203, 142], [156, 161]]"
disclosure_x_bias,267,init_hard,Hostility,exponential,22.688389920069604,29.524612721620418,0.6703586938130958,0.5513342379014021,14.72037767882486,36.93034480011867,0.009481978482368458,0.039968962214420235,"[[2188, 917], [1047, 1806]]","[[203, 142], [155, 162]]"
disclosure_x_bias,268,init_hard,Hostility,exponential,22.694639289445863,29.558774049003887,0.6693514184197169,0.5498190863862505,14.727055403808235,36.975133377773034,0.010030007530076877,0.03986548034793464,"[[2185, 920], [1050, 1803]]","[[203, 142], [156, 161]]"
disclosure_x_bias,269,init_hard,Hostility,exponential,22.7041537898282,29.541973457593446,0.6706953922508601,0.5498190863862505,14.728196258228811,36.93343827733177,0.009021748117932094,0.041740892790675055,"[[2191, 914], [1048, 1805]]","[[203, 142], [156, 161]]"
disclosure_x_bias,270,init_hard,Hostility,exponential,22.70014439389924,29.575776946954484,0.6698547741244149,0.545273631840796,14.736127890626648,37.001026478804555,0.009688945671680084,0.042894689247702046,"[[2189, 916], [1051, 1802]]","[[201, 144], [157, 160]]"
disclosure_x_bias,271,init_hard,Hostility,exponential,22.708065355373193,29.59869119464248,0.6708631774857594,0.5498190863862505,14.73813386486083,37.054125992075505,0.009149665312270119,0.041740892790675055,"[[2192, 913], [1048, 1805]]","[[203, 142], [156, 161]]"
disclosure_x_bias,272,init_hard,Hostility,exponential,22.70187279634173,29.5244579361973,0.6701903445942136,0.5467887833559475,14.745433276558051,36.92073875694336,0.009954337752216482,0.0401054152314927,"[[2189, 916], [1049, 1804]]","[[202, 143], [157, 160]]"
disclosure_x_bias,273,init_hard,Hostility,exponential,22.714990266871787,29.62884571524607,0.6708631774857594,0.5467887833559475,14.743291387198287,37.14505831712406,0.009485375574122726,0.0401054152314927,"[[2192, 913], [1048, 1805]]","[[202, 143], [157, 160]]"
disclosure_x_bias,274,init_hard,Hostility,exponential,22.556307421561947,28.960493133655234,0.6713668151824488,0.5483039348710991,14.692116668904038,35.64872489891039,0.009393862157140687,0.04033495740077957,"[[2195, 910], [1048, 1805]]","[[202, 143], [156, 161]]"
disclosure_x_bias,275,init_hard,Hostility,exponential,22.524160493847315,28.8913350516305,0.6715346004173481,0.545273631840796,14.703571165258118,35.64863833378328,0.009731285652408887,0.03916456498513423,"[[2199, 906], [1051, 1802]]","[[202, 143], [158, 159]]"
disclosure_x_bias,276,init_hard,Hostility,exponential,22.533959258306076,28.91134880038254,0.6710303987366759,0.5483039348710991,14.720845982054572,35.680290077976665,0.009461667987051932,0.04033495740077957,"[[2196, 909], [1051, 1802]]","[[202, 143], [156, 161]]"
disclosure_x_bias,277,init_hard,Hostility,exponential,22.4895697662404,28.897828260460464,0.6710306807286673,0.5483039348710991,14.709469271365112,35.64012696034634,0.008905284314194439,0.04033495740077957,"[[2199, 906], [1054, 1799]]","[[202, 143], [156, 161]]"
disclosure_x_bias,278,init_hard,Hostility,exponential,22.50090848154444,28.912707244672994,0.6710306807286673,0.5483039348710991,14.722673935391938,35.682453582508025,0.008619704702143438,0.04033495740077957,"[[2198, 907], [1053, 1800]]","[[202, 143], [156, 161]]"
disclosure_x_bias,279,init_hard,Hostility,exponential,22.48861430626679,28.90617258104112,0.6706948282668772,0.5483039348710991,14.72174915734961,35.66538571482575,0.009483733831684502,0.04033495740077957,"[[2197, 908], [1054, 1799]]","[[202, 143], [156, 161]]"
disclosure_x_bias,280,init_hard,Hostility,exponential,22.48154851976448,28.899734793828298,0.6705270430319779,0.5467887833559475,14.729991560251099,35.6835181133522,0.008662681584040103,0.0401054152314927,"[[2196, 909], [1054, 1799]]","[[202, 143], [157, 160]]"
disclosure_x_bias,281,init_hard,Hostility,exponential,22.486828948872862,28.890629007329984,0.6703592577970785,0.5498190863862505,14.73107346329078,35.65892287991296,0.009623481931571762,0.0398654803479347,"[[2194, 911], [1053, 1800]]","[[202, 143], [155, 162]]"
disclosure_x_bias,282,init_hard,Hostility,exponential,22.503732578197564,28.89330812762097,0.6727102250296092,0.5513342379014021,14.727442609088403,35.64060127780899,0.009307231507436496,0.04060213224731065,"[[2202, 903], [1047, 1806]]","[[202, 143], [154, 163]]"
disclosure_x_bias,283,init_hard,Hostility,exponential,22.52376307463119,28.914511600031272,0.6715343184253567,0.5498190863862505,14.755100066540765,35.67260057947338,0.00918001050688681,0.0398654803479347,"[[2200, 905], [1052, 1801]]","[[202, 143], [155, 162]]"
disclosure_x_bias,284,init_hard,Hostility,exponential,22.522285762937294,28.893039786306936,0.6713662511984659,0.5498190863862505,14.750755494943215,35.62781988699896,0.009281312542267403,0.0398654803479347,"[[2199, 906], [1052, 1801]]","[[202, 143], [155, 162]]"
disclosure_x_bias,285,init_hard,Hostility,exponential,22.52879240504975,28.896121231295275,0.6717023856522475,0.5498190863862505,14.754628629131645,35.652885395910175,0.009277623415088017,0.0398654803479347,"[[2199, 906], [1050, 1803]]","[[202, 143], [155, 162]]"
disclosure_x_bias,286,init_hard,Hostility,exponential,22.512445122044696,28.862164566501303,0.6717023856522475,0.5483039348710991,14.75359885755135,35.57126632824328,0.009444696049105665,0.039697526194869444,"[[2199, 906], [1050, 1803]]","[[202, 143], [156, 161]]"
disclosure_x_bias,287,init_hard,Hostility,exponential,22.574906934141463,28.956433700582085,0.6715343184253568,0.5483039348710991,14.776033595829496,35.77145628463354,0.008831748497647425,0.039049691208279634,"[[2198, 907], [1050, 1803]]","[[202, 143], [156, 161]]"
disclosure_x_bias,288,init_hard,Hostility,exponential,22.564221449368706,28.961961365441745,0.6717023856522475,0.5483039348710991,14.77007189479248,35.758966664803005,0.009038534953921809,0.039049691208279634,"[[2198, 907], [1049, 1804]]","[[202, 143], [156, 161]]"
disclosure_x_bias,289,init_hard,Hostility,exponential,22.559725149336053,28.957635488284694,0.6720382381140376,0.5467887833559475,14.776175069190513,35.78073071709021,0.008714269785325158,0.04602821261133207,"[[2198, 907], [1047, 1806]]","[[200, 145], [155, 162]]"
disclosure_x_bias,290,init_hard,Hostility,exponential,22.55697245380492,28.97747154167656,0.6718701708871468,0.5467887833559475,14.764370481443642,35.81148112240083,0.00876142196367032,0.04602821261133207,"[[2199, 906], [1049, 1804]]","[[200, 145], [155, 162]]"
disclosure_x_bias,291,init_hard,Hostility,exponential,22.557358966920788,28.964638972970892,0.6722060233489369,0.5467887833559475,14.771806912925031,35.80617328604406,0.008818290416700661,0.04602821261133207,"[[2197, 908], [1045, 1808]]","[[200, 145], [155, 162]]"
disclosure_x_bias,292,init_hard,Hostility,exponential,22.565702842620702,28.998400964595994,0.6718698888951554,0.5497964721845319,14.78861710134329,35.851319866939996,0.008664809569789251,0.048191400945329754,"[[2197, 908], [1047, 1806]]","[[201, 144], [154, 163]]"
disclosure_x_bias,293,init_hard,Hostility,exponential,22.571305882604612,29.011833085003747,0.6722057413569454,0.5467887833559475,14.828632640339363,35.871393799020325,0.008614917664318012,0.04602821261133207,"[[2198, 907], [1046, 1807]]","[[200, 145], [155, 162]]"
disclosure_x_bias,294,init_hard,Hostility,exponential,22.556160331678623,29.0191663017263,0.672541311826744,0.545273631840796,14.80073519839129,35.8900796757328,0.009297053168380837,0.04577150181399661,"[[2202, 903], [1048, 1805]]","[[200, 145], [156, 161]]"
disclosure_x_bias,295,init_hard,Hostility,exponential,22.563355279632525,28.995618711397004,0.67321414471829,0.545273631840796,14.802861502320434,35.845352701953296,0.00932760757484165,0.04577150181399661,"[[2204, 901], [1046, 1807]]","[[200, 145], [156, 161]]"
disclosure_x_bias,296,init_hard,Hostility,exponential,22.51675278270634,29.01826802837894,0.6735497151880887,0.545273631840796,14.784436347447928,35.891724679402074,0.009032139538837122,0.04577150181399661,"[[2205, 900], [1045, 1808]]","[[200, 145], [156, 161]]"
disclosure_x_bias,297,init_hard,Hostility,exponential,22.52108967450732,29.01472998461469,0.6730460774913992,0.5437584803256444,14.776660369970788,35.8886409171953,0.009158594882804056,0.044892623866733546,"[[2204, 901], [1047, 1806]]","[[200, 145], [157, 160]]"
disclosure_x_bias,298,init_hard,Hostility,exponential,22.54758111914387,29.000669793160846,0.672541311826744,0.5483039348710991,14.774874017572904,35.865315444601336,0.008741694345154585,0.0467768748032251,"[[2194, 911], [1040, 1813]]","[[200, 145], [154, 163]]"
disclosure_x_bias,299,init_hard,Hostility,exponential,22.54541920176161,29.029605443561167,0.6720371101460719,0.5483039348710991,14.773554383659825,35.9269417609848,0.008580427037450941,0.0467768748032251,"[[2193, 912], [1042, 1811]]","[[200, 145], [154, 163]]"
disclosure_x_bias,300,init_hard,Hostility,exponential,22.5452450993673,29.008681941019894,0.6727093790536349,0.5483039348710991,14.778796625630124,35.88433737757732,0.00864499205537307,0.0467768748032251,"[[2198, 907], [1043, 1810]]","[[200, 145], [154, 163]]"
disclosure_x_bias,1,init_hard,kDN,log_loss,0.6425103956347165,0.8974948755609164,0.6181583103039874,0.5468566259611036,0.006762623238129577,0.2806540742380735,0.02399627250590758,0.024994530524254606,"[[2030, 1075], [1200, 1653]]","[[209, 136], [164, 153]]"
disclosure_x_bias,2,init_hard,kDN,log_loss,0.6416981009370419,0.8972420148569278,0.6189986464384412,0.5468566259611036,0.0067078064589824495,0.2806181268595453,0.022542693543351464,0.024994530524254606,"[[2037, 1068], [1202, 1651]]","[[209, 136], [164, 153]]"
disclosure_x_bias,3,init_hard,kDN,log_loss,0.640986949987836,0.8971473419714965,0.6216846201567876,0.5483717774762551,0.006672246729868829,0.28091247877535247,0.023567853171152977,0.02634345820143053,"[[2054, 1051], [1203, 1650]]","[[210, 135], [164, 153]]"
disclosure_x_bias,4,init_hard,kDN,log_loss,0.6402811407790996,0.8964834780129609,0.6225235463312841,0.5483717774762551,0.006648821840535468,0.2810583743134441,0.024269206599310325,0.02634345820143053,"[[2059, 1046], [1203, 1650]]","[[210, 135], [164, 153]]"
disclosure_x_bias,5,init_hard,kDN,log_loss,0.6396642171127638,0.8970450981358808,0.6247081382888726,0.5423790140208051,0.0066285505663089776,0.2812685019387889,0.022077652845517142,0.030334366460042173,"[[2089, 1016], [1220, 1633]]","[[210, 135], [168, 149]]"
disclosure_x_bias,6,init_hard,kDN,log_loss,0.6390354777614663,0.8971663451373552,0.6248756415317805,0.5423790140208051,0.0066480892630754055,0.2812836995914513,0.021654932822298304,0.030334366460042173,"[[2089, 1016], [1219, 1634]]","[[210, 135], [168, 149]]"
disclosure_x_bias,7,init_hard,kDN,log_loss,0.6384708717171581,0.8969210167999859,0.6255473464553607,0.5423790140208051,0.006646081196389079,0.28145763120019884,0.021462926398950966,0.030334366460042173,"[[2093, 1012], [1219, 1634]]","[[210, 135], [168, 149]]"
disclosure_x_bias,8,init_hard,kDN,log_loss,0.6379464604974279,0.896493537978802,0.6255473464553607,0.5438941655359566,0.006640513105340892,0.28174216789870243,0.02122846321516982,0.030878567880708453,"[[2098, 1007], [1224, 1629]]","[[211, 134], [168, 149]]"
disclosure_x_bias,9,init_hard,kDN,log_loss,0.6373967315571131,0.8961944074844613,0.6280641249788507,0.5529850746268656,0.006640398356466164,0.2818979473344323,0.016252076106795264,0.05321427545875726,"[[2073, 1032], [1184, 1669]]","[[209, 136], [160, 157]]"
disclosure_x_bias,10,init_hard,kDN,log_loss,0.6369138094625981,0.8965240282571315,0.6280641249788507,0.5529850746268656,0.006641893641406476,0.28178716164171297,0.016252076106795264,0.05321427545875726,"[[2071, 1034], [1182, 1671]]","[[209, 136], [160, 157]]"
disclosure_x_bias,11,init_hard,kDN,log_loss,0.6364104812606282,0.8967368224171312,0.6292386216231459,0.5529850746268656,0.006671529158196069,0.28199757532538927,0.014964813592615474,0.05321427545875726,"[[2095, 1010], [1199, 1654]]","[[211, 134], [162, 155]]"
disclosure_x_bias,12,init_hard,kDN,log_loss,0.6359237248004498,0.89643816178535,0.6295741920929446,0.5545002261420172,0.006693064315838096,0.28220956703678296,0.015125888453232074,0.05461141130067686,"[[2097, 1008], [1199, 1654]]","[[212, 133], [162, 155]]"
disclosure_x_bias,13,init_hard,kDN,log_loss,0.6354862270336082,0.8961929236298827,0.6302453330325418,0.5575305291723203,0.006691671406284392,0.28194025846417664,0.015049077773094213,0.054427058818320065,"[[2102, 1003], [1200, 1653]]","[[214, 131], [162, 155]]"
disclosure_x_bias,14,init_hard,kDN,log_loss,0.6350112812886903,0.8960010602580175,0.6304134002594326,0.5575305291723203,0.006731144429153465,0.28176520069882727,0.014827508648930543,0.054427058818320065,"[[2104, 1001], [1201, 1652]]","[[214, 131], [162, 155]]"
disclosure_x_bias,15,init_hard,kDN,log_loss,0.6345888542570455,0.8959891370246034,0.6304134002594326,0.5575305291723203,0.006738860283630503,0.2816955748756409,0.014827508648930543,0.054427058818320065,"[[2106, 999], [1203, 1650]]","[[214, 131], [162, 155]]"
disclosure_x_bias,16,init_hard,kDN,log_loss,0.634163871721053,0.8960163868217361,0.6304134002594326,0.5575305291723203,0.006757700832240251,0.28192125418785985,0.014827508648930543,0.054427058818320065,"[[2104, 1001], [1201, 1652]]","[[214, 131], [162, 155]]"
disclosure_x_bias,17,init_hard,kDN,log_loss,0.6337648660582802,0.8962596001755916,0.6304134002594326,0.5575305291723203,0.006765273685471711,0.28222720487233804,0.014827508648930543,0.054427058818320065,"[[2104, 1001], [1201, 1652]]","[[214, 131], [162, 155]]"
disclosure_x_bias,18,init_hard,kDN,log_loss,0.6333767414794524,0.8960302964012291,0.6310845411990299,0.5560153776571687,0.006774722386226679,0.2823058677183075,0.01516735907785623,0.054542701143771764,"[[2109, 996], [1202, 1651]]","[[214, 131], [163, 154]]"
disclosure_x_bias,19,init_hard,kDN,log_loss,0.6329926728316719,0.8957932992482652,0.6310845411990299,0.5560153776571687,0.006788488536011508,0.2820041524463008,0.01516735907785623,0.054542701143771764,"[[2109, 996], [1202, 1651]]","[[214, 131], [163, 154]]"
disclosure_x_bias,20,init_hard,kDN,log_loss,0.6326076785189654,0.8960230453625236,0.6322593198353167,0.5560153776571687,0.006818848100432514,0.2821351283205511,0.013293751960174467,0.054542701143771764,"[[2086, 1019], [1172, 1681]]","[[211, 134], [160, 157]]"
disclosure_x_bias,21,init_hard,kDN,log_loss,0.6322362909726317,0.8959603541822604,0.632427105070216,0.5560153776571687,0.006832719602005412,0.2820608997481221,0.013378739079275816,0.054542701143771764,"[[2087, 1018], [1172, 1681]]","[[211, 134], [160, 157]]"
disclosure_x_bias,22,init_hard,kDN,log_loss,0.6318544698118896,0.895846720383384,0.6325948903051153,0.5560153776571687,0.006854549636999594,0.28223841680331874,0.013622558493117536,0.054542701143771764,"[[2089, 1016], [1173, 1680]]","[[211, 134], [160, 157]]"
disclosure_x_bias,23,init_hard,kDN,log_loss,0.6315100938646369,0.8958389665403018,0.6317559641306187,0.5560153776571687,0.0068600940394441205,0.2821885513250368,0.015316989342932267,0.054542701143771764,"[[2113, 992], [1202, 1651]]","[[214, 131], [163, 154]]"
disclosure_x_bias,24,init_hard,kDN,log_loss,0.631162104817413,0.8952683060311853,0.632930460774914,0.5560153776571687,0.006873803951696818,0.28246192425223055,0.013776608346070793,0.054542701143771764,"[[2096, 1009], [1178, 1675]]","[[212, 133], [161, 156]]"
disclosure_x_bias,25,init_hard,kDN,log_loss,0.6308266453032537,0.8950420349285088,0.632930460774914,0.5560153776571687,0.006882547892156077,0.28249914356189226,0.013776608346070793,0.054542701143771764,"[[2096, 1009], [1178, 1675]]","[[212, 133], [161, 156]]"
disclosure_x_bias,26,init_hard,kDN,log_loss,0.6304861241393291,0.8951611593321452,0.6327626755400146,0.5560153776571687,0.006903966193187524,0.2825121935596089,0.013746526596675867,0.054542701143771764,"[[2095, 1010], [1178, 1675]]","[[212, 133], [161, 156]]"
disclosure_x_bias,27,init_hard,kDN,log_loss,0.6301418806587157,0.8952023994773217,0.6325948903051153,0.5560153776571687,0.006931683279671647,0.2825652315729738,0.013507261479315724,0.054542701143771764,"[[2095, 1010], [1179, 1674]]","[[212, 133], [161, 156]]"
disclosure_x_bias,28,init_hard,kDN,log_loss,0.6298066782428058,0.8945339132781273,0.6325948903051153,0.5560153776571687,0.006955479036979158,0.28274105042690234,0.013507261479315724,0.054542701143771764,"[[2095, 1010], [1179, 1674]]","[[212, 133], [161, 156]]"
disclosure_x_bias,29,init_hard,kDN,log_loss,0.629506669964924,0.8949691455958938,0.6325948903051153,0.5560153776571687,0.006959767452600397,0.28279697378728696,0.013507261479315724,0.054542701143771764,"[[2095, 1010], [1179, 1674]]","[[212, 133], [161, 156]]"
disclosure_x_bias,30,init_hard,kDN,log_loss,0.6292056267231311,0.8946378235486266,0.6332668772206869,0.5575305291723203,0.0069635662310212195,0.2829353646671335,0.014384516330233004,0.054427058818320065,"[[2099, 1006], [1179, 1674]]","[[212, 133], [160, 157]]"
disclosure_x_bias,31,init_hard,kDN,log_loss,0.628901841760484,0.8945699549372843,0.6336024476904856,0.5575305291723203,0.006974980466641313,0.28294360527453055,0.014448434051123388,0.054427058818320065,"[[2101, 1004], [1179, 1674]]","[[212, 133], [160, 157]]"
disclosure_x_bias,32,init_hard,kDN,log_loss,0.6286224181725265,0.8949530653710346,0.6336024476904856,0.559023066485753,0.0069753378674278985,0.28282971000576745,0.014448434051123388,0.05262143276816594,"[[2100, 1005], [1178, 1675]]","[[212, 133], [159, 158]]"
disclosure_x_bias,33,init_hard,kDN,log_loss,0.6283368772078866,0.894793832373308,0.6336021656984941,0.5575079149706015,0.006973313709541797,0.2829634167340788,0.014390390891490539,0.05278865485291557,"[[2099, 1006], [1177, 1676]]","[[212, 133], [160, 157]]"
disclosure_x_bias,34,init_hard,kDN,log_loss,0.6280098765759174,0.8946349569900592,0.6339380181602843,0.5575079149706015,0.006985388466781102,0.2829897551977047,0.014717537785987311,0.05278865485291557,"[[2102, 1003], [1178, 1675]]","[[212, 133], [160, 157]]"
disclosure_x_bias,35,init_hard,kDN,log_loss,0.6277253652364172,0.8945504712426198,0.6336024476904856,0.5575079149706015,0.007007372483555333,0.2831801163740773,0.014620602795170438,0.05278865485291557,"[[2100, 1005], [1178, 1675]]","[[212, 133], [160, 157]]"
disclosure_x_bias,36,init_hard,kDN,log_loss,0.6274622855701891,0.8946233294347662,0.6336024476904856,0.5590230664857531,0.007009963890094503,0.2832837733834088,0.014620602795170438,0.056816828575236386,"[[2092, 1013], [1170, 1683]]","[[212, 133], [159, 158]]"
disclosure_x_bias,37,init_hard,kDN,log_loss,0.6272042731088092,0.8944328849758003,0.634273588630083,0.5575079149706015,0.007018942929063807,0.28343379362823545,0.014549653004275834,0.058735336162099645,"[[2097, 1008], [1171, 1682]]","[[212, 133], [160, 157]]"
disclosure_x_bias,38,init_hard,kDN,log_loss,0.6269349488028813,0.8947313113181199,0.6341058033951835,0.5575079149706015,0.007022572485914347,0.2834187136364288,0.014516874816402254,0.058735336162099645,"[[2096, 1009], [1171, 1682]]","[[212, 133], [160, 157]]"
disclosure_x_bias,39,init_hard,kDN,log_loss,0.6266500470974303,0.8947345262972025,0.6359514409790762,0.5575079149706015,0.007060723081239602,0.2834212607277745,0.01417349521683008,0.05741771596366218,"[[2094, 1011], [1158, 1695]]","[[211, 134], [159, 158]]"
disclosure_x_bias,40,init_hard,kDN,log_loss,0.6263927400790573,0.8948634966942196,0.6359514409790762,0.5575079149706015,0.007066413801795603,0.28341092964158987,0.013973460188924591,0.05741771596366218,"[[2094, 1011], [1158, 1695]]","[[211, 134], [159, 158]]"
disclosure_x_bias,41,init_hard,kDN,log_loss,0.6261415256065813,0.8949406509537944,0.6357833737521854,0.5575079149706015,0.00707640210073587,0.2833414792574835,0.013720536788135972,0.05741771596366218,"[[2094, 1011], [1159, 1694]]","[[211, 134], [159, 158]]"
disclosure_x_bias,42,init_hard,kDN,log_loss,0.6258995624962529,0.8948996722821507,0.6366237098866392,0.5575079149706015,0.0070736827903790335,0.2833524493876862,0.012343412357652423,0.05741771596366218,"[[2102, 1003], [1162, 1691]]","[[211, 134], [159, 158]]"
disclosure_x_bias,43,init_hard,kDN,log_loss,0.6256656073954955,0.8948011013214078,0.6366237098866392,0.5575079149706015,0.007078120276176775,0.28326682204201487,0.012113193287527526,0.05741771596366218,"[[2102, 1003], [1162, 1691]]","[[211, 134], [159, 158]]"
disclosure_x_bias,44,init_hard,kDN,log_loss,0.6254096251898242,0.8945329446517789,0.6367914951215385,0.5575079149706015,0.007092343651693198,0.2834698165912295,0.01231861041502541,0.05741771596366218,"[[2103, 1002], [1162, 1691]]","[[211, 134], [159, 158]]"
disclosure_x_bias,45,init_hard,kDN,log_loss,0.6251460726154995,0.8942745391515843,0.6369592803564379,0.5575079149706015,0.007092143469990798,0.2834421654900692,0.012342006791031352,0.05741771596366218,"[[2104, 1001], [1162, 1691]]","[[211, 134], [159, 158]]"
disclosure_x_bias,46,init_hard,kDN,log_loss,0.6249095651503329,0.8943439137607305,0.6369592803564379,0.5575079149706015,0.007106029645634294,0.28356673211981376,0.012342006791031352,0.05741771596366218,"[[2104, 1001], [1162, 1691]]","[[211, 134], [159, 158]]"
disclosure_x_bias,47,init_hard,kDN,log_loss,0.6246771889437599,0.8945541413345548,0.637295132818228,0.5575079149706015,0.007104406357079218,0.28358061196516626,0.012296722667890857,0.05741771596366218,"[[2106, 999], [1162, 1691]]","[[211, 134], [159, 158]]"
disclosure_x_bias,48,init_hard,kDN,log_loss,0.6244426113113297,0.8943044448285876,0.6371273475833286,0.5590230664857531,0.007120758952033961,0.28327713618404693,0.012580334386517534,0.05591173047122658,"[[2106, 999], [1163, 1690]]","[[212, 133], [159, 158]]"
disclosure_x_bias,49,init_hard,kDN,log_loss,0.6241855730151086,0.8942044151403363,0.6372951328182279,0.5575079149706015,0.0071609699511460696,0.28328674733110887,0.012498566635238805,0.05741771596366218,"[[2106, 999], [1162, 1691]]","[[211, 134], [159, 158]]"
disclosure_x_bias,50,init_hard,kDN,log_loss,0.6239656553087819,0.8940451034133947,0.6374629180531273,0.5575079149706015,0.007162931463682959,0.2833994717321662,0.012712518719615876,0.05741771596366218,"[[2107, 998], [1162, 1691]]","[[211, 134], [159, 158]]"
disclosure_x_bias,51,init_hard,kDN,log_loss,0.6237218350328024,0.8940650078948187,0.6379662737578252,0.5575079149706015,0.007189853581479917,0.2834150746822517,0.012545738250678982,0.05741771596366218,"[[2110, 995], [1162, 1691]]","[[211, 134], [159, 158]]"
disclosure_x_bias,52,init_hard,kDN,log_loss,0.623506563233098,0.8940918103639957,0.6381340589927247,0.5590230664857531,0.007190077445537563,0.2834497000764615,0.012501331892314511,0.06155744664280422,"[[2114, 991], [1165, 1688]]","[[212, 133], [159, 158]]"
disclosure_x_bias,53,init_hard,kDN,log_loss,0.6232888002494433,0.894270286990808,0.6384696294625233,0.5590230664857531,0.007186733018736573,0.2834053415763319,0.012479900393805775,0.06155744664280422,"[[2115, 990], [1164, 1689]]","[[212, 133], [159, 158]]"
disclosure_x_bias,54,init_hard,kDN,log_loss,0.6230706060791882,0.8942388716556342,0.6386374146974225,0.5544776119402985,0.0072050166545930255,0.2833514892143645,0.01284846846933222,0.04949227103215141,"[[2125, 980], [1173, 1680]]","[[211, 134], [161, 156]]"
disclosure_x_bias,55,init_hard,kDN,log_loss,0.622848987692332,0.8943609566043473,0.6386374146974225,0.5544776119402985,0.007221600211723639,0.28310347040854233,0.0126769065583249,0.04949227103215141,"[[2126, 979], [1174, 1679]]","[[211, 134], [161, 156]]"
disclosure_x_bias,56,init_hard,kDN,log_loss,0.6226348199240452,0.8945614607384904,0.6393099655969771,0.5575305291723203,0.007228939866191166,0.2833706397631215,0.011175886394523478,0.06310791378440547,"[[2121, 984], [1165, 1688]]","[[212, 133], [160, 157]]"
disclosure_x_bias,57,init_hard,kDN,log_loss,0.6224350996487511,0.8944058575779341,0.6394777508318763,0.5575305291723203,0.007224508087831086,0.2833198193353775,0.011243450141738526,0.06310791378440547,"[[2121, 984], [1164, 1689]]","[[212, 133], [160, 157]]"
disclosure_x_bias,58,init_hard,kDN,log_loss,0.6222322410221176,0.8943137991882978,0.639813321301675,0.5560153776571687,0.007213557831245263,0.2830645634555787,0.010891363737131059,0.0590343821290809,"[[2122, 983], [1163, 1690]]","[[211, 134], [160, 157]]"
disclosure_x_bias,59,init_hard,kDN,log_loss,0.6220331475309763,0.8942196298664058,0.6401488917714737,0.5545002261420172,0.007214010442125692,0.28280668315284635,0.011178861269775846,0.057788516696348755,"[[2127, 978], [1166, 1687]]","[[211, 134], [161, 156]]"
disclosure_x_bias,60,init_hard,kDN,log_loss,0.6218158225427541,0.8943003564366279,0.6399811065365744,0.5575305291723203,0.007239970046768152,0.2825481650094186,0.011150248487195896,0.0576143311106304,"[[2125, 980], [1165, 1688]]","[[212, 133], [160, 157]]"
disclosure_x_bias,61,init_hard,kDN,log_loss,0.6216171906146425,0.8940590716929881,0.6399811065365744,0.5575305291723203,0.007246175726423922,0.2825390387151179,0.011150248487195896,0.0576143311106304,"[[2125, 980], [1165, 1688]]","[[212, 133], [160, 157]]"
disclosure_x_bias,62,init_hard,kDN,log_loss,0.6214073768947518,0.8942069142377284,0.6403166770063731,0.5560153776571687,0.007263929079884417,0.28255321893103813,0.011148635908302762,0.0590343821290809,"[[2126, 979], [1164, 1689]]","[[211, 134], [160, 157]]"
disclosure_x_bias,63,init_hard,kDN,log_loss,0.6212151357365563,0.8943458552369845,0.6406522474761717,0.5560153776571687,0.007261971378208536,0.2824996081319766,0.011657282547532552,0.0590343821290809,"[[2126, 979], [1162, 1691]]","[[211, 134], [160, 157]]"
disclosure_x_bias,64,init_hard,kDN,log_loss,0.6210095328080529,0.8943560503558736,0.6404844622412724,0.5560153776571687,0.0072727406167484515,0.2825815173654786,0.01163791294279155,0.0590343821290809,"[[2125, 980], [1162, 1691]]","[[211, 134], [160, 157]]"
disclosure_x_bias,65,init_hard,kDN,log_loss,0.6208231757550767,0.8943902694927133,0.6406522474761717,0.5499547715965626,0.007274539986552407,0.28277545033412166,0.011737505217450959,0.048601591341723795,"[[2140, 965], [1176, 1677]]","[[211, 134], [164, 153]]"
disclosure_x_bias,66,init_hard,kDN,log_loss,0.620618177642111,0.894315384265221,0.6406522474761717,0.5514699231117142,0.00729456840839722,0.2828589273662187,0.011657282547532552,0.04971870523831893,"[[2138, 967], [1174, 1679]]","[[211, 134], [163, 154]]"
disclosure_x_bias,67,init_hard,kDN,log_loss,0.6204266005534007,0.8943112918401775,0.6411556031808697,0.5499547715965626,0.007298738995230764,0.2827847943271196,0.011858504070331594,0.048601591341723795,"[[2140, 965], [1173, 1680]]","[[211, 134], [164, 153]]"
disclosure_x_bias,68,init_hard,kDN,log_loss,0.6202437205521556,0.8943612885145462,0.6414914556426597,0.5514699231117142,0.007293338108486783,0.2828845671641674,0.010727479844620988,0.04920299226718318,"[[2141, 964], [1172, 1681]]","[[212, 133], [164, 153]]"
disclosure_x_bias,69,init_hard,kDN,log_loss,0.6200424796942459,0.8943632987822788,0.6416592408775591,0.5514699231117142,0.007298333863973255,0.28295769165660783,0.011215602324909967,0.04920299226718318,"[[2142, 963], [1172, 1681]]","[[212, 133], [164, 153]]"
disclosure_x_bias,70,init_hard,kDN,log_loss,0.6198426665398056,0.8941854466739756,0.6418270261124583,0.5514699231117142,0.0072891521454234096,0.28309298664153704,0.011327193856708736,0.04920299226718318,"[[2143, 962], [1172, 1681]]","[[212, 133], [164, 153]]"
disclosure_x_bias,71,init_hard,kDN,log_loss,0.6196606706818127,0.8940595564099525,0.6414914556426597,0.5499547715965626,0.007290161561125298,0.28298752169791497,0.01151501421156065,0.048601591341723795,"[[2141, 964], [1172, 1681]]","[[211, 134], [164, 153]]"
disclosure_x_bias,72,init_hard,kDN,log_loss,0.6194649655125968,0.8945761939276032,0.6418270261124583,0.5499547715965626,0.007282838182824844,0.2830461340626635,0.01189297553281897,0.048601591341723795,"[[2142, 963], [1171, 1682]]","[[211, 134], [164, 153]]"
disclosure_x_bias,73,init_hard,kDN,log_loss,0.6192688627496582,0.8946701748368548,0.6423306638091478,0.5514699231117142,0.007290108907479328,0.2830369405286447,0.011412200373937004,0.04920299226718318,"[[2143, 962], [1169, 1684]]","[[212, 133], [164, 153]]"
disclosure_x_bias,74,init_hard,kDN,log_loss,0.6190838704788965,0.8946011914736847,0.6424981670520558,0.5499547715965626,0.007296857890768746,0.28294324164025186,0.01132952347480812,0.045343394951919955,"[[2142, 963], [1167, 1686]]","[[211, 134], [164, 153]]"
disclosure_x_bias,75,init_hard,kDN,log_loss,0.6188874546331468,0.8947019231062917,0.642666516270938,0.5499547715965626,0.007316612904215142,0.282716098064891,0.011489011216421716,0.045343394951919955,"[[2141, 964], [1165, 1688]]","[[211, 134], [164, 153]]"
disclosure_x_bias,76,init_hard,kDN,log_loss,0.6186951940781545,0.8945389767196534,0.6428343015058372,0.5499547715965626,0.007339305292473183,0.2829744284957416,0.011418573048434863,0.045343394951919955,"[[2143, 962], [1166, 1687]]","[[211, 134], [164, 153]]"
disclosure_x_bias,77,init_hard,kDN,log_loss,0.6185216165863777,0.8945260107625537,0.6431698719756358,0.5469244685662595,0.007341291233470281,0.28298820615404846,0.011351025813917196,0.04443078407302662,"[[2145, 960], [1166, 1687]]","[[210, 135], [165, 152]]"
disclosure_x_bias,78,init_hard,kDN,log_loss,0.618327893217409,0.8946731524264477,0.6448499802605606,0.5514246947082768,0.00734520479961666,0.2831134037240092,0.01075157014711438,0.04135675251873549,"[[2173, 932], [1184, 1669]]","[[214, 131], [166, 151]]"
disclosure_x_bias,79,init_hard,kDN,log_loss,0.6181433609820137,0.8945055574293843,0.6451855507303592,0.5514246947082768,0.007350545225864978,0.28323107053336305,0.010726486415790779,0.04135675251873549,"[[2169, 936], [1178, 1675]]","[[213, 132], [165, 152]]"
disclosure_x_bias,80,init_hard,kDN,log_loss,0.6179738211359014,0.8947793420285167,0.6455211212001579,0.5514246947082768,0.007345184223691732,0.28299657650033333,0.009643557896372355,0.04135675251873549,"[[2168, 937], [1175, 1678]]","[[213, 132], [165, 152]]"
disclosure_x_bias,81,init_hard,kDN,log_loss,0.6178029168933826,0.8947124263409588,0.6458566916699565,0.5514246947082768,0.007332229576089167,0.28300302549245243,0.009458149468147468,0.04135675251873549,"[[2172, 933], [1177, 1676]]","[[214, 131], [166, 151]]"
disclosure_x_bias,82,init_hard,kDN,log_loss,0.6176431753098255,0.8948347496485807,0.646024476904856,0.5514246947082768,0.0073313915252477095,0.28291151746574383,0.009409056230243894,0.04135675251873549,"[[2172, 933], [1176, 1677]]","[[214, 131], [166, 151]]"
disclosure_x_bias,83,init_hard,kDN,log_loss,0.6174750912138907,0.8946340755521011,0.6458566916699565,0.5514246947082768,0.007335488107213565,0.28298952724166215,0.009458149468147468,0.04135675251873549,"[[2172, 933], [1177, 1676]]","[[214, 131], [166, 151]]"
disclosure_x_bias,84,init_hard,kDN,log_loss,0.6173127205563068,0.8948292055032436,0.6458566916699565,0.5529398462234283,0.00733686409280269,0.2829539026538937,0.00958952455255528,0.04550101894582413,"[[2160, 945], [1165, 1688]]","[[213, 132], [164, 153]]"
disclosure_x_bias,85,init_hard,kDN,log_loss,0.6171449198250192,0.894604495345888,0.6466956178444532,0.5499095431931252,0.007337581995127014,0.2826925044207702,0.009444814047460507,0.04594067642499291,"[[2163, 942], [1163, 1690]]","[[212, 133], [165, 152]]"
disclosure_x_bias,86,init_hard,kDN,log_loss,0.6169675183052001,0.8946143125927992,0.6468634030793525,0.5499095431931252,0.007354249148025966,0.28251756327948885,0.009412282342554354,0.04594067642499291,"[[2162, 943], [1161, 1692]]","[[212, 133], [165, 152]]"
disclosure_x_bias,87,init_hard,kDN,log_loss,0.6167964606476068,0.8945952254958381,0.6470311883142519,0.5514246947082768,0.007351553456552414,0.2823280836875233,0.009207988837333324,0.045469631586460134,"[[2164, 941], [1162, 1691]]","[[213, 132], [165, 152]]"
disclosure_x_bias,88,init_hard,kDN,log_loss,0.6166117896143818,0.8946164734175932,0.6470311883142519,0.5499095431931252,0.00735549393785922,0.2825374835048999,0.009704175395769742,0.04594067642499291,"[[2162, 943], [1160, 1693]]","[[212, 133], [165, 152]]"
disclosure_x_bias,89,init_hard,kDN,log_loss,0.616448059528245,0.8947864922628668,0.6468634030793525,0.5499095431931252,0.007357930458791828,0.28227825762290915,0.009412282342554354,0.04594067642499291,"[[2163, 942], [1162, 1691]]","[[212, 133], [165, 152]]"
disclosure_x_bias,90,init_hard,kDN,log_loss,0.6162954857737821,0.8948028254426419,0.6470309063222605,0.5514246947082768,0.0073542666477660204,0.2823634335225525,0.009151808177732312,0.045469631586460134,"[[2164, 941], [1162, 1691]]","[[213, 132], [165, 152]]"
disclosure_x_bias,91,init_hard,kDN,log_loss,0.6161044191960218,0.8948329739574001,0.6471986915571598,0.5499095431931252,0.007347824604949431,0.2819750363920608,0.009281439129142614,0.04594067642499291,"[[2164, 941], [1161, 1692]]","[[212, 133], [165, 152]]"
disclosure_x_bias,92,init_hard,kDN,log_loss,0.6159547946624098,0.8949695818958234,0.6480376177316565,0.5483943916779738,0.007342623557938102,0.28178061219974393,0.01026094926708943,0.04232488825972103,"[[2160, 945], [1152, 1701]]","[[210, 135], [164, 153]]"
disclosure_x_bias,93,init_hard,kDN,log_loss,0.6157929196365197,0.8949431021104838,0.6482056849585472,0.5483943916779738,0.0073524990512476365,0.2817514573024631,0.010256899290822186,0.04232488825972103,"[[2159, 946], [1150, 1703]]","[[210, 135], [164, 153]]"
disclosure_x_bias,94,init_hard,kDN,log_loss,0.6156275683103746,0.8955511489067621,0.6482056849585472,0.5483943916779738,0.007332829267546698,0.28182375185166136,0.010256899290822186,0.04232488825972103,"[[2160, 945], [1151, 1702]]","[[210, 135], [164, 153]]"
disclosure_x_bias,95,init_hard,kDN,log_loss,0.6154643517186287,0.895475034814722,0.6482056849585472,0.5483943916779738,0.007345632749770083,0.28184292520980064,0.010256899290822186,0.04232488825972103,"[[2159, 946], [1150, 1703]]","[[210, 135], [164, 153]]"
disclosure_x_bias,96,init_hard,kDN,log_loss,0.6153177944097672,0.8955897543788544,0.6482059669505386,0.5483943916779738,0.007343428148852462,0.28180849415671977,0.010576728890375892,0.04232488825972103,"[[2159, 946], [1150, 1703]]","[[210, 135], [164, 153]]"
disclosure_x_bias,97,init_hard,kDN,log_loss,0.6151640257446124,0.8954643228199128,0.6473659128080762,0.5513794663048394,0.007338512833539107,0.2818684864319739,0.010934922927838013,0.041327834323559444,"[[2167, 938], [1163, 1690]]","[[212, 133], [164, 153]]"
disclosure_x_bias,98,init_hard,kDN,log_loss,0.6150014982001913,0.8955534800381034,0.6482048389825729,0.5513794663048394,0.007334764196433685,0.28167841149382133,0.010618534005458508,0.041327834323559444,"[[2169, 936], [1160, 1693]]","[[212, 133], [164, 153]]"
disclosure_x_bias,99,init_hard,kDN,log_loss,0.6148559719550637,0.8953851281430152,0.6487090406632452,0.5483943916779738,0.007328448194334043,0.28167120399044304,0.010105069405279098,0.04232488825972103,"[[2162, 943], [1150, 1703]]","[[210, 135], [164, 153]]"
disclosure_x_bias,100,init_hard,kDN,log_loss,0.6147107249968208,0.8957133481405641,0.6482051209745643,0.5528946178199909,0.007322143704995868,0.28163953564223954,0.009874930454036908,0.04011193210880474,"[[2169, 936], [1160, 1693]]","[[213, 132], [164, 153]]"
disclosure_x_bias,101,init_hard,kDN,log_loss,0.6145600377352324,0.8958085205459826,0.6487093226552366,0.5483943916779738,0.007320702207461077,0.2815541444979358,0.010094243474154064,0.04232488825972103,"[[2162, 943], [1150, 1703]]","[[210, 135], [164, 153]]"
disclosure_x_bias,102,init_hard,kDN,log_loss,0.6144135657517702,0.895973442102272,0.6482051209745643,0.5513794663048394,0.007317300816056144,0.2816965039758504,0.010125168197938723,0.041327834323559444,"[[2170, 935], [1161, 1692]]","[[212, 133], [164, 153]]"
disclosure_x_bias,103,init_hard,kDN,log_loss,0.6142664310772676,0.8957661703213311,0.6482051209745643,0.5513794663048394,0.0073183577714725405,0.2818689249419825,0.010278473537658801,0.041327834323559444,"[[2173, 932], [1164, 1689]]","[[212, 133], [164, 153]]"
disclosure_x_bias,104,init_hard,kDN,log_loss,0.6141035505725663,0.8958629335678083,0.648540691444363,0.5513794663048394,0.007326640063966285,0.2818552335191513,0.01006752722174236,0.041327834323559444,"[[2172, 933], [1161, 1692]]","[[212, 133], [164, 153]]"
disclosure_x_bias,105,init_hard,kDN,log_loss,0.6139486957210514,0.8959490692220278,0.6490440471490609,0.5528946178199909,0.007335462398628238,0.2817019478826734,0.009956907966950085,0.04011193210880474,"[[2172, 933], [1158, 1695]]","[[213, 132], [164, 153]]"
disclosure_x_bias,106,init_hard,kDN,log_loss,0.6137966903841259,0.8959022620297421,0.6490440471490609,0.5513794663048394,0.007336130828564749,0.28170687595738353,0.010447467415181632,0.041327834323559444,"[[2171, 934], [1157, 1696]]","[[212, 133], [164, 153]]"
disclosure_x_bias,107,init_hard,kDN,log_loss,0.6136026266021501,0.8957723630618597,0.6492118323839604,0.5528946178199909,0.007350652852520264,0.2818022429110057,0.010007663384151187,0.041364205571509154,"[[2167, 938], [1152, 1701]]","[[212, 133], [163, 154]]"
disclosure_x_bias,108,init_hard,kDN,log_loss,0.6134457429877862,0.8957433015692488,0.6497151880886582,0.5544097693351425,0.007343958017317654,0.2816949060224929,0.010562966563683236,0.040085822804762486,"[[2173, 932], [1155, 1698]]","[[213, 132], [163, 154]]"
disclosure_x_bias,109,init_hard,kDN,log_loss,0.6133033843928224,0.8956922137568469,0.6502185437933563,0.5544097693351425,0.0073433686411434,0.2815113173466674,0.010150992085856398,0.040085822804762486,"[[2172, 933], [1151, 1702]]","[[213, 132], [163, 154]]"
disclosure_x_bias,110,init_hard,kDN,log_loss,0.6131597697650879,0.8958845688286494,0.6493796176188595,0.5544097693351425,0.007346739432982503,0.2814352953671958,0.010270504317365035,0.040085822804762486,"[[2175, 930], [1159, 1694]]","[[213, 132], [163, 154]]"
disclosure_x_bias,111,init_hard,kDN,log_loss,0.6130227176498273,0.896044338508311,0.6507218994980543,0.5544097693351425,0.007348440592267726,0.28130164386246687,0.010557590103969679,0.040085822804762486,"[[2173, 932], [1149, 1704]]","[[212, 133], [162, 155]]"
disclosure_x_bias,112,init_hard,kDN,log_loss,0.6128844449394423,0.8960925560230002,0.6503863290282557,0.5544097693351425,0.007348548076452295,0.2813994338797404,0.010148518848474012,0.040085822804762486,"[[2171, 934], [1149, 1704]]","[[212, 133], [162, 155]]"
disclosure_x_bias,113,init_hard,kDN,log_loss,0.6127405378083364,0.8963763277374923,0.6512252552027522,0.5544097693351425,0.007341072729122259,0.2813352516501347,0.009774816450831923,0.040085822804762486,"[[2177, 928], [1150, 1703]]","[[212, 133], [162, 155]]"
disclosure_x_bias,114,init_hard,kDN,log_loss,0.6126061959434921,0.8961519092884256,0.650050758558457,0.5544097693351425,0.007339631785034838,0.28153976937749065,0.010807100901452772,0.040085822804762486,"[[2174, 931], [1154, 1699]]","[[212, 133], [162, 155]]"
disclosure_x_bias,115,init_hard,kDN,log_loss,0.6124695663166221,0.8961022407652145,0.6515608256725509,0.5544097693351425,0.007337856171912063,0.28159553687492583,0.010967353564904954,0.04133888720074022,"[[2176, 929], [1147, 1706]]","[[212, 133], [162, 155]]"
disclosure_x_bias,116,init_hard,kDN,log_loss,0.6123205645865586,0.8962550417999708,0.6513930404376516,0.5528946178199909,0.007336086492682621,0.28147815163792445,0.011102853584599537,0.041364205571509154,"[[2176, 929], [1148, 1705]]","[[211, 134], [162, 155]]"
disclosure_x_bias,117,init_hard,kDN,log_loss,0.6121640079561314,0.896205750571502,0.651057469967853,0.5544097693351425,0.0073507685080237,0.28146609591762645,0.010322073311793986,0.040085822804762486,"[[2181, 924], [1155, 1698]]","[[213, 132], [163, 154]]"
disclosure_x_bias,118,init_hard,kDN,log_loss,0.61202162226889,0.8963215586314632,0.6518963961423496,0.555924920850294,0.007355825015609678,0.2817133106419538,0.010594212837225865,0.03999597182361288,"[[2178, 927], [1147, 1706]]","[[213, 132], [162, 155]]"
disclosure_x_bias,119,init_hard,kDN,log_loss,0.6118843651815558,0.8963023541833948,0.6517286109074503,0.5528946178199909,0.0073528012064107365,0.28147955305524885,0.010141056637341302,0.03236973694158581,"[[2176, 929], [1146, 1707]]","[[211, 134], [162, 155]]"
disclosure_x_bias,120,init_hard,kDN,log_loss,0.6117415253032623,0.8965448577411955,0.6522319666121482,0.5498643147896879,0.00735825497444697,0.28115253845022964,0.010040598630421524,0.032197563945762224,"[[2178, 927], [1145, 1708]]","[[210, 135], [163, 154]]"
disclosure_x_bias,121,init_hard,kDN,log_loss,0.6116103980647012,0.8963593854004053,0.6529031075517455,0.5513794663048394,0.007356096344616288,0.2814998009752193,0.009733045917481717,0.029862127342001468,"[[2177, 928], [1140, 1713]]","[[210, 135], [162, 155]]"
disclosure_x_bias,122,init_hard,kDN,log_loss,0.6114813053250732,0.8964823872441627,0.653406745248435,0.5513794663048394,0.007355076089769465,0.28146214982652096,0.009315900814026973,0.029862127342001468,"[[2171, 934], [1131, 1722]]","[[209, 136], [161, 156]]"
disclosure_x_bias,123,init_hard,kDN,log_loss,0.6113487373530304,0.8965508929997019,0.6532389600135355,0.5528946178199909,0.007350429878989468,0.2813786600395955,0.009576845968473881,0.029912443264909053,"[[2176, 929], [1137, 1716]]","[[210, 135], [161, 156]]"
disclosure_x_bias,124,init_hard,kDN,log_loss,0.6112152054132246,0.8965156599614993,0.6532389600135355,0.5513794663048394,0.007342934133148326,0.2813789648937022,0.009378826900551694,0.031524229640874965,"[[2176, 929], [1137, 1716]]","[[209, 136], [161, 156]]"
disclosure_x_bias,125,init_hard,kDN,log_loss,0.6110890629665585,0.8965949168265175,0.6537423157182336,0.5544097693351425,0.00733662879031692,0.28127837955205165,0.009643854046672458,0.03944436572445375,"[[2179, 926], [1137, 1716]]","[[211, 134], [161, 156]]"
disclosure_x_bias,126,init_hard,kDN,log_loss,0.6109387911584341,0.8964621505288074,0.6530711747786363,0.555924920850294,0.007350786707810795,0.2813934524200961,0.010048013326291372,0.039353050194170236,"[[2176, 929], [1138, 1715]]","[[212, 133], [161, 156]]"
disclosure_x_bias,127,init_hard,kDN,log_loss,0.6107895642569483,0.8970187463463384,0.6532389600135355,0.5544097693351425,0.007335710818205846,0.2814396833059271,0.010481331242982901,0.03944436572445375,"[[2175, 930], [1136, 1717]]","[[211, 134], [161, 156]]"
disclosure_x_bias,128,init_hard,kDN,log_loss,0.6106635695702858,0.8969538494572703,0.6534067452484349,0.5528946178199909,0.007335977331205822,0.2815051850522397,0.010779104226146656,0.03236973694158582,"[[2173, 932], [1133, 1720]]","[[209, 136], [160, 157]]"
disclosure_x_bias,129,init_hard,kDN,log_loss,0.6105391893603253,0.8969219906918818,0.6534067452484349,0.5498643147896879,0.007330984670066744,0.2814395569733442,0.01120593814017998,0.03139534872415173,"[[2171, 934], [1131, 1722]]","[[208, 137], [161, 156]]"
disclosure_x_bias,130,init_hard,kDN,log_loss,0.6104101285219129,0.8973331864246594,0.653910100953133,0.5513794663048394,0.007329390481841016,0.2812079051405502,0.011030346004230057,0.031524229640874986,"[[2169, 936], [1126, 1727]]","[[208, 137], [160, 157]]"
disclosure_x_bias,131,init_hard,kDN,log_loss,0.6102622809410597,0.897300438398078,0.6547490271276295,0.5468340117593848,0.007324402609669196,0.2812869209527644,0.010876074314138354,0.03170426307932876,"[[2171, 934], [1123, 1730]]","[[207, 138], [162, 155]]"
disclosure_x_bias,132,init_hard,kDN,log_loss,0.610138929963382,0.8975221899711181,0.6547490271276295,0.5483491632745364,0.007319789230687005,0.2812955506312598,0.011018937322376528,0.03277937878269265,"[[2167, 938], [1119, 1734]]","[[207, 138], [161, 156]]"
disclosure_x_bias,133,init_hard,kDN,log_loss,0.6100071974988575,0.8974299164609411,0.654916812362529,0.5483491632745363,0.007311271916393882,0.2811999971246415,0.009920042480285914,0.03199175629515963,"[[2170, 935], [1121, 1732]]","[[208, 137], [162, 155]]"
disclosure_x_bias,134,init_hard,kDN,log_loss,0.6098705125188991,0.8975113131068939,0.6552523828323276,0.5483491632745363,0.007316299093782202,0.2811158452700348,0.010506219691523965,0.030355264218717933,"[[2167, 938], [1116, 1737]]","[[208, 137], [162, 155]]"
disclosure_x_bias,135,init_hard,kDN,log_loss,0.6097365926356335,0.8975218434153748,0.654916812362529,0.5483491632745363,0.00731238045510957,0.28123649654148686,0.010138364016427941,0.03199175629515963,"[[2167, 938], [1118, 1735]]","[[208, 137], [162, 155]]"
disclosure_x_bias,136,init_hard,kDN,log_loss,0.6096057521902745,0.8974012516237279,0.6554204500592183,0.5483491632745364,0.0073130169544669,0.2811046828429546,0.009654751370110605,0.03503617103751925,"[[2166, 939], [1114, 1739]]","[[207, 138], [161, 156]]"
disclosure_x_bias,137,init_hard,kDN,log_loss,0.6094802027587016,0.8976826174390057,0.6545815238847217,0.5498643147896879,0.007313691005142515,0.2809539644826843,0.009986104217610016,0.03139534872415173,"[[2167, 938], [1120, 1733]]","[[208, 137], [161, 156]]"
disclosure_x_bias,138,init_hard,kDN,log_loss,0.6093495601188006,0.8976626544180913,0.6545815238847217,0.5498643147896879,0.00730755535578233,0.28101193302600874,0.009667797214948369,0.03374482966473764,"[[2167, 938], [1120, 1733]]","[[208, 137], [161, 156]]"
disclosure_x_bias,139,init_hard,kDN,log_loss,0.6092247944634848,0.8974928577020924,0.6545815238847217,0.5528946178199909,0.007301825369850971,0.2810082835801676,0.009570240887913004,0.032369736941585826,"[[2163, 942], [1116, 1737]]","[[209, 136], [160, 157]]"
disclosure_x_bias,140,init_hard,kDN,log_loss,0.6090966908440552,0.897714842811822,0.6555879533021262,0.5498643147896879,0.007301320182677696,0.28109266521218634,0.009725098201024403,0.03374482966473764,"[[2166, 939], [1113, 1740]]","[[208, 137], [161, 156]]"
disclosure_x_bias,141,init_hard,kDN,log_loss,0.608974276323508,0.8975900205717936,0.6544137386498223,0.5498643147896879,0.00729964999664986,0.2812088903589807,0.01046276510513827,0.030572090523559872,"[[2168, 937], [1122, 1731]]","[[209, 136], [162, 155]]"
disclosure_x_bias,142,init_hard,kDN,log_loss,0.6088403193668188,0.8976582816214643,0.6554201680672269,0.5498643147896879,0.007310376033088758,0.28121212962068404,0.010651681969654117,0.03374482966473764,"[[2167, 938], [1115, 1738]]","[[208, 137], [161, 156]]"
disclosure_x_bias,143,init_hard,kDN,log_loss,0.6087082459338533,0.8977097493554445,0.655252664824319,0.5498643147896879,0.007319036744204702,0.28105934775845887,0.010933422726956854,0.03374482966473764,"[[2168, 937], [1117, 1736]]","[[208, 137], [161, 156]]"
disclosure_x_bias,144,init_hard,kDN,log_loss,0.6085878240895053,0.8979629548496348,0.6552523828323276,0.5498643147896879,0.007315911750850456,0.2811725073547744,0.010565597337476343,0.03374482966473764,"[[2166, 939], [1115, 1738]]","[[208, 137], [161, 156]]"
disclosure_x_bias,145,init_hard,kDN,log_loss,0.6084683938689818,0.8979754289190914,0.6562599402176978,0.5498643147896879,0.007311193174041965,0.28121687769810627,0.010857033509671685,0.03374482966473764,"[[2165, 940], [1108, 1745]]","[[208, 137], [161, 156]]"
disclosure_x_bias,146,init_hard,kDN,log_loss,0.6083316717244639,0.8979763020113871,0.6562596582257064,0.5468340117593848,0.007319243411588753,0.281111275898668,0.01148319785617619,0.034773856667397504,"[[2164, 941], [1107, 1746]]","[[206, 139], [161, 156]]"
disclosure_x_bias,147,init_hard,kDN,log_loss,0.608213560143033,0.8980761604646906,0.6560918729908071,0.5453188602442334,0.007319473684179618,0.2807711290842596,0.010998472559558,0.03368667705927253,"[[2169, 936], [1113, 1740]]","[[207, 138], [163, 154]]"
disclosure_x_bias,148,init_hard,kDN,log_loss,0.6080929815087383,0.8979776785662998,0.6560918729908071,0.5468340117593848,0.007311493562897754,0.2807733302496568,0.011139765970214672,0.034773856667397504,"[[2166, 939], [1110, 1743]]","[[207, 138], [162, 155]]"
disclosure_x_bias,149,init_hard,kDN,log_loss,0.6079606674190428,0.8982214449361253,0.6565955106874964,0.5468340117593848,0.007314027413573785,0.2805949893345314,0.01121244897561441,0.034773856667397504,"[[2164, 941], [1105, 1748]]","[[206, 139], [161, 156]]"
disclosure_x_bias,150,init_hard,kDN,log_loss,0.6078406919347655,0.8982767783019365,0.6574347188539845,0.5468340117593848,0.0073100795122461315,0.2805527779276415,0.011302394759002913,0.034773856667397504,"[[2168, 937], [1104, 1749]]","[[206, 139], [161, 156]]"
disclosure_x_bias,151,init_hard,kDN,log_loss,0.6077237684480419,0.8981464419643854,0.6569313631492866,0.5468340117593848,0.007303646048570079,0.28055230459238434,0.010662797894473572,0.032498853824921924,"[[2162, 943], [1101, 1752]]","[[205, 140], [160, 157]]"
disclosure_x_bias,152,init_hard,kDN,log_loss,0.6076038556475626,0.898401067729351,0.6565957926794879,0.5483491632745364,0.007301651164911664,0.2804665307507269,0.011368772065908727,0.0357567963260225,"[[2163, 942], [1104, 1749]]","[[206, 139], [160, 157]]"
disclosure_x_bias,153,init_hard,kDN,log_loss,0.6074629501943252,0.8983839270882946,0.6570991483841858,0.5468340117593848,0.007314683567797409,0.2804526372717849,0.011397809495755628,0.034773856667397476,"[[2172, 933], [1110, 1743]]","[[206, 139], [161, 156]]"
disclosure_x_bias,154,init_hard,kDN,log_loss,0.6073531350907285,0.8984085003054506,0.6579380745586826,0.5453188602442334,0.0073089956932435324,0.28055209725849867,0.010663192314340769,0.03368667705927253,"[[2176, 929], [1109, 1744]]","[[206, 139], [162, 155]]"
disclosure_x_bias,155,init_hard,kDN,log_loss,0.6072337154800345,0.8985877242793773,0.6574347188539845,0.5468340117593848,0.007309753847051643,0.28055488751699786,0.011357610760166859,0.034773856667397504,"[[2167, 938], [1103, 1750]]","[[206, 139], [161, 156]]"
disclosure_x_bias,156,init_hard,kDN,log_loss,0.6071120722994444,0.8985072007302419,0.6582736450284812,0.5453188602442334,0.007312719403538146,0.2804575277557461,0.009401629158485029,0.028787167212381174,"[[2170, 935], [1101, 1752]]","[[206, 139], [162, 155]]"
disclosure_x_bias,157,init_hard,kDN,log_loss,0.6069984012037982,0.8983524704937549,0.6564277254525972,0.5498643147896879,0.007307944608843511,0.28043773969240676,0.010633438294591064,0.034492444558664015,"[[2169, 936], [1111, 1742]]","[[208, 137], [161, 156]]"
disclosure_x_bias,158,init_hard,kDN,log_loss,0.6068827050180252,0.8984551360230688,0.6564277254525972,0.5468340117593848,0.007306808998565591,0.2803767894633738,0.010808496409688045,0.034773856667397476,"[[2170, 935], [1112, 1741]]","[[207, 138], [162, 155]]"
disclosure_x_bias,159,init_hard,kDN,log_loss,0.6067594823878617,0.8983459140074931,0.6564277254525972,0.5468340117593848,0.007304182678708372,0.28047942146840127,0.0114274554665757,0.034773856667397476,"[[2170, 935], [1112, 1741]]","[[207, 138], [162, 155]]"
disclosure_x_bias,160,init_hard,kDN,log_loss,0.6066420495319477,0.8984568131337977,0.6569313631492866,0.5453188602442334,0.007300593668517863,0.2803618857956853,0.011400034759726113,0.03368667705927253,"[[2173, 932], [1112, 1741]]","[[207, 138], [163, 154]]"
disclosure_x_bias,161,init_hard,kDN,log_loss,0.6065134010771406,0.8987715261927148,0.6569313631492866,0.5438037087290819,0.007285974120780093,0.2806124942471841,0.010952225043067518,0.03003691374330314,"[[2173, 932], [1112, 1741]]","[[206, 139], [163, 154]]"
disclosure_x_bias,162,init_hard,kDN,log_loss,0.6064005010177153,0.8986608393166214,0.6579380745586826,0.5422885572139303,0.007283117863620673,0.2807671571007422,0.008834286385196425,0.026749838231788774,"[[2169, 936], [1102, 1751]]","[[205, 140], [163, 154]]"
disclosure_x_bias,163,init_hard,kDN,log_loss,0.6062804661979516,0.8987176810353692,0.6579380745586826,0.5422885572139303,0.007281404315319852,0.2806054433289564,0.008834286385196425,0.026749838231788774,"[[2168, 937], [1101, 1752]]","[[205, 140], [163, 154]]"
disclosure_x_bias,164,init_hard,kDN,log_loss,0.6061634057017746,0.8988267279437026,0.6584419942473634,0.5422885572139303,0.007274869675679138,0.2805756294759822,0.009009187862201003,0.026749838231788774,"[[2170, 935], [1100, 1753]]","[[205, 140], [163, 154]]"
disclosure_x_bias,165,init_hard,kDN,log_loss,0.6060534441413178,0.8990457700635055,0.658274209012464,0.5453188602442334,0.007270519845532482,0.2806305907493814,0.009005070124857392,0.03368667705927253,"[[2168, 937], [1099, 1754]]","[[205, 140], [161, 156]]"
disclosure_x_bias,166,init_hard,kDN,log_loss,0.6059467161359249,0.8989275126391127,0.6584419942473634,0.5438037087290819,0.007265936351349313,0.2806743450669674,0.009009187862201003,0.025438949950240927,"[[2171, 934], [1101, 1752]]","[[206, 139], [163, 154]]"
disclosure_x_bias,167,init_hard,kDN,log_loss,0.605836990310882,0.8989195095453134,0.658274209012464,0.5438037087290819,0.007263056967229896,0.28071415394439714,0.009005070124857392,0.025438949950240927,"[[2172, 933], [1103, 1750]]","[[206, 139], [163, 154]]"
disclosure_x_bias,168,init_hard,kDN,log_loss,0.6057222797466328,0.8990483035784871,0.6584419942473634,0.5438037087290819,0.007267893698899369,0.28065018912251605,0.009009187862201003,0.025438949950240927,"[[2171, 934], [1101, 1752]]","[[206, 139], [163, 154]]"
disclosure_x_bias,169,init_hard,kDN,log_loss,0.6056103893417992,0.8990988397419428,0.6579386385426653,0.5468340117593848,0.007265236454541953,0.28072821573988666,0.008594979979796562,0.03249885382492192,"[[2169, 936], [1102, 1751]]","[[206, 139], [161, 156]]"
disclosure_x_bias,170,init_hard,kDN,log_loss,0.6054990566452993,0.8994128642434038,0.6586097794822627,0.5438037087290819,0.007264238618302923,0.2807855236839357,0.009079002096366418,0.028287555252476754,"[[2169, 936], [1098, 1755]]","[[205, 140], [162, 155]]"
disclosure_x_bias,171,init_hard,kDN,log_loss,0.6053864599317713,0.8993675083325027,0.6581064237775648,0.5422885572139303,0.007262041512665126,0.28062850692487434,0.008786408000590983,0.026749838231788774,"[[2172, 933], [1104, 1749]]","[[205, 140], [163, 154]]"
disclosure_x_bias,172,init_hard,kDN,log_loss,0.6052823667358368,0.8995942241047825,0.6581064237775648,0.5468340117593848,0.0072588241093510504,0.28074505745809397,0.008678950006548473,0.034773856667397504,"[[2167, 938], [1099, 1754]]","[[205, 140], [160, 157]]"
disclosure_x_bias,173,init_hard,kDN,log_loss,0.6051649079872892,0.8996393794440565,0.658274209012464,0.5453188602442334,0.007261027763422584,0.28072832065325204,0.008865037967846337,0.037280936468220456,"[[2166, 939], [1097, 1756]]","[[204, 141], [160, 157]]"
disclosure_x_bias,174,init_hard,kDN,log_loss,0.6050584059659527,0.8996766449190667,0.658274209012464,0.5498417005879692,0.0072595741816738535,0.2807386144558539,0.008430998091841259,0.036245360125381605,"[[2163, 942], [1094, 1759]]","[[205, 140], [158, 159]]"
disclosure_x_bias,175,init_hard,kDN,log_loss,0.6049451938401813,0.899522428057978,0.658441712255372,0.5468113975576662,0.007256553962037819,0.2809225498136455,0.008811166585686946,0.040486509327259404,"[[2161, 944], [1091, 1762]]","[[204, 141], [159, 158]]"
disclosure_x_bias,176,init_hard,kDN,log_loss,0.6048399180294934,0.8996248616757019,0.65928092042186,0.5468113975576662,0.007252706244456566,0.2807250324591348,0.00951979308347176,0.037203244816205135,"[[2169, 936], [1094, 1759]]","[[205, 140], [160, 157]]"
disclosure_x_bias,177,init_hard,kDN,log_loss,0.6047323636544844,0.8995319299558769,0.6589453499520614,0.5468113975576662,0.007246869417548927,0.28074044198205084,0.00934278103211762,0.035086120008679104,"[[2172, 933], [1099, 1754]]","[[205, 140], [160, 157]]"
disclosure_x_bias,178,init_hard,kDN,log_loss,0.6046264075330094,0.8997009750322558,0.6589450679600699,0.5468340117593848,0.00724053989881077,0.2805522896181672,0.009420451238091234,0.034773856667397476,"[[2168, 937], [1095, 1758]]","[[205, 140], [160, 157]]"
disclosure_x_bias,179,init_hard,kDN,log_loss,0.6045126946708141,0.899554452491811,0.6589453499520614,0.5513342379014021,0.00723944332687293,0.28077351560554614,0.009173852526953628,0.03732903870147658,"[[2164, 941], [1091, 1762]]","[[206, 139], [158, 159]]"
disclosure_x_bias,180,init_hard,kDN,log_loss,0.6044075109306078,0.8996582538197238,0.6589450679600699,0.5468113975576662,0.007238036354782598,0.28065994780872056,0.009586132427294065,0.035086120008679104,"[[2172, 933], [1099, 1754]]","[[206, 139], [161, 156]]"
disclosure_x_bias,181,init_hard,kDN,log_loss,0.6043023958011176,0.8995606044241914,0.6594487056567593,0.5468340117593848,0.007231471600868242,0.28073999636904573,0.009795695834276157,0.03621120700260367,"[[2168, 937], [1092, 1761]]","[[204, 141], [159, 158]]"
disclosure_x_bias,182,init_hard,kDN,log_loss,0.6041862086297595,0.8995804912995314,0.65928092042186,0.5483265490728177,0.007227435453675083,0.28073916189242215,0.009779122655770333,0.0367621345661955,"[[2168, 937], [1093, 1760]]","[[205, 140], [159, 158]]"
disclosure_x_bias,183,init_hard,kDN,log_loss,0.6040725396767848,0.8994739013966534,0.6591134171789521,0.5513116236996833,0.00721435515566582,0.2805897939898013,0.00945455922382762,0.03956666079337159,"[[2168, 937], [1094, 1759]]","[[205, 140], [157, 160]]"
disclosure_x_bias,184,init_hard,kDN,log_loss,0.6039722165883487,0.8996316536844914,0.6592812024138515,0.5482813206693804,0.007209670522881248,0.2805482073485137,0.00924101615414254,0.03863584870447795,"[[2172, 933], [1097, 1756]]","[[205, 140], [159, 158]]"
disclosure_x_bias,185,init_hard,kDN,log_loss,0.6038584716571196,0.8998712832550304,0.6591134171789521,0.5513116236996833,0.007200456796320427,0.28048963245188085,0.009651024546141572,0.03956666079337159,"[[2169, 936], [1095, 1758]]","[[205, 140], [157, 160]]"
disclosure_x_bias,186,init_hard,kDN,log_loss,0.6037567072508179,0.899849681820417,0.6601204105803395,0.5467661691542288,0.007196161116218525,0.28056969665902975,0.009646252671901251,0.04096643767172271,"[[2176, 929], [1096, 1757]]","[[204, 141], [159, 158]]"
disclosure_x_bias,187,init_hard,kDN,log_loss,0.6036535932988404,0.8998576435265135,0.6597848401105408,0.5497964721845319,0.007193220906897301,0.2804603703676599,0.009169587298881487,0.04196717642681755,"[[2168, 937], [1090, 1763]]","[[204, 141], [157, 160]]"
disclosure_x_bias,188,init_hard,kDN,log_loss,0.6035310020767755,0.8992672810273241,0.6602890417912131,0.5497964721845319,0.0071385789533778745,0.2786931890632612,0.009647738102383275,0.04196717642681755,"[[2168, 937], [1087, 1766]]","[[204, 141], [157, 160]]"
disclosure_x_bias,189,init_hard,kDN,log_loss,0.6034177985316367,0.8994095872060418,0.6606243302690203,0.5482813206693804,0.007127436936346406,0.2787645265784299,0.009486108620919127,0.04119210622481848,"[[2172, 933], [1089, 1764]]","[[204, 141], [158, 159]]"
disclosure_x_bias,190,init_hard,kDN,log_loss,0.6033080412244106,0.8992266606505808,0.6606243302690203,0.5482813206693804,0.007122266844667155,0.2788663320726102,0.009999790792653824,0.04119210622481848,"[[2171, 934], [1088, 1765]]","[[204, 141], [158, 159]]"
disclosure_x_bias,191,init_hard,kDN,log_loss,0.6031960900824027,0.8995064280193951,0.6604565450341211,0.5467661691542288,0.007128741276630033,0.2789419042800373,0.009879643107681118,0.04096643767172271,"[[2175, 930], [1093, 1760]]","[[204, 141], [159, 158]]"
disclosure_x_bias,192,init_hard,kDN,log_loss,0.6030752467345872,0.8996352149165135,0.6606243302690203,0.5482813206693804,0.007146239904786327,0.278798977857924,0.009905504710016699,0.04119210622481848,"[[2169, 936], [1086, 1767]]","[[204, 141], [158, 159]]"
disclosure_x_bias,193,init_hard,kDN,log_loss,0.6029585313840082,0.8995666091151767,0.6609601827308105,0.5467661691542288,0.007160708131875891,0.2789017970793247,0.010186185604594522,0.04096643767172271,"[[2172, 933], [1087, 1766]]","[[204, 141], [159, 158]]"
disclosure_x_bias,194,init_hard,kDN,log_loss,0.6028541876311426,0.8997249013309411,0.6606246122610118,0.5482813206693804,0.007158095060918886,0.27867484933603787,0.010328431638594123,0.04119210622481848,"[[2169, 936], [1086, 1767]]","[[204, 141], [158, 159]]"
disclosure_x_bias,195,init_hard,kDN,log_loss,0.6027559571253462,0.8994614645208368,0.6611279679657097,0.5467661691542288,0.00715382175269517,0.27899533770823576,0.010563590193058952,0.04096643767172271,"[[2173, 932], [1087, 1766]]","[[204, 141], [159, 158]]"
disclosure_x_bias,196,init_hard,kDN,log_loss,0.60265574005892,0.899675665112523,0.6607923974959111,0.5482813206693804,0.007149171095955445,0.2788630198217931,0.010440416811019643,0.04119210622481848,"[[2169, 936], [1085, 1768]]","[[204, 141], [158, 159]]"
disclosure_x_bias,197,init_hard,kDN,log_loss,0.6025543854511588,0.8998010156028403,0.6609599007388189,0.5467661691542288,0.007142825690510849,0.2789104811063256,0.009263754596261022,0.04096643767172271,"[[2166, 939], [1081, 1772]]","[[204, 141], [159, 158]]"
disclosure_x_bias,198,init_hard,kDN,log_loss,0.602456188129121,0.8998836526273155,0.6612951892166262,0.5482813206693804,0.007139909730220781,0.2787294071499788,0.009733383879397768,0.04119210622481848,"[[2171, 934], [1084, 1769]]","[[204, 141], [158, 159]]"
disclosure_x_bias,199,init_hard,kDN,log_loss,0.6023460880548094,0.9000958716150921,0.6616318876543905,0.5513116236996833,0.007126722603316811,0.278823547068118,0.0099323452883718,0.042066393432990484,"[[2165, 940], [1076, 1777]]","[[204, 141], [156, 161]]"
disclosure_x_bias,200,init_hard,kDN,log_loss,0.60224190190006,0.9001708658589933,0.6617993908972986,0.5497964721845319,0.0071205744486176935,0.2787373943142391,0.010039877093568366,0.041354911373490774,"[[2167, 938], [1077, 1776]]","[[204, 141], [157, 160]]"
disclosure_x_bias,201,init_hard,kDN,log_loss,0.6021337803122837,0.9003157312371608,0.6616318876543906,0.5513116236996833,0.007120074129588639,0.27883220710327383,0.010088581176520504,0.042066393432990484,"[[2165, 940], [1076, 1777]]","[[204, 141], [156, 161]]"
disclosure_x_bias,202,init_hard,kDN,log_loss,0.6020196626815542,0.9002459026434545,0.6617999548812814,0.5513116236996833,0.007119589605398334,0.2788597207326106,0.010327748125342248,0.042066393432990484,"[[2163, 942], [1073, 1780]]","[[204, 141], [156, 161]]"
disclosure_x_bias,203,init_hard,kDN,log_loss,0.6019187185296748,0.9004091737622361,0.6619671761321978,0.5513116236996833,0.007122291520285074,0.27872482558055595,0.010196345750757911,0.042066393432990484,"[[2164, 941], [1073, 1780]]","[[204, 141], [156, 161]]"
disclosure_x_bias,204,init_hard,kDN,log_loss,0.6018226879582194,0.9005242220811395,0.6612954712086176,0.5513116236996833,0.007116617385269558,0.2788063335761602,0.01049884736363596,0.042066393432990484,"[[2161, 944], [1074, 1779]]","[[204, 141], [156, 161]]"
disclosure_x_bias,205,init_hard,kDN,log_loss,0.6017260873400364,0.9006353834858487,0.6614638204274998,0.5513116236996833,0.007111117294269245,0.27883854487332066,0.01027723784004676,0.042066393432990484,"[[2162, 943], [1074, 1779]]","[[204, 141], [156, 161]]"
disclosure_x_bias,206,init_hard,kDN,log_loss,0.6016301493365327,0.9007187192491986,0.6623030285939879,0.5497964721845319,0.007107313415312747,0.2787171549351028,0.010480011756841634,0.041354911373490774,"[[2166, 939], [1073, 1780]]","[[204, 141], [157, 160]]"
disclosure_x_bias,207,init_hard,kDN,log_loss,0.6015281033826633,0.9007133389749772,0.6619671761321978,0.5497964721845319,0.007104806279047784,0.2787186575372236,0.010675908663807857,0.041354911373490774,"[[2168, 937], [1077, 1776]]","[[204, 141], [157, 160]]"
disclosure_x_bias,208,init_hard,kDN,log_loss,0.601434222601398,0.9006958286729088,0.6624708138288873,0.5513116236996833,0.007101475315338681,0.2786378301796861,0.009856059076524456,0.04020616680147565,"[[2171, 934], [1077, 1776]]","[[205, 140], [157, 160]]"
disclosure_x_bias,209,init_hard,kDN,log_loss,0.6013321327831466,0.9007520261133518,0.6624705318368959,0.5513116236996833,0.007098733842354074,0.2787371312100946,0.009835725618967853,0.04020616680147565,"[[2171, 934], [1077, 1776]]","[[205, 140], [157, 160]]"
disclosure_x_bias,210,init_hard,kDN,log_loss,0.6012327751458607,0.9007699295637707,0.6624705318368959,0.5513116236996833,0.007096697708606609,0.2786449917435845,0.009545214583317425,0.04020616680147565,"[[2171, 934], [1077, 1776]]","[[205, 140], [157, 160]]"
disclosure_x_bias,211,init_hard,kDN,log_loss,0.6011289808887765,0.9007971052675037,0.6626385990637866,0.5513116236996833,0.0070938627448932715,0.278606963175265,0.009907256869291165,0.04020616680147565,"[[2170, 935], [1075, 1778]]","[[205, 140], [157, 160]]"
disclosure_x_bias,212,init_hard,kDN,log_loss,0.6010291858681628,0.9006886944347045,0.6626385990637866,0.5497964721845319,0.007096593905265241,0.27844451847164453,0.009781656992098034,0.04010234768250568,"[[2174, 931], [1079, 1774]]","[[204, 141], [157, 160]]"
disclosure_x_bias,213,init_hard,kDN,log_loss,0.6009327169112052,0.9008893977882245,0.6626385990637866,0.5513116236996833,0.0070965037853288546,0.2785081811624706,0.009454912714365457,0.04020616680147565,"[[2169, 936], [1074, 1779]]","[[205, 140], [157, 160]]"
disclosure_x_bias,214,init_hard,kDN,log_loss,0.6008380606500109,0.9009150823925047,0.6634772432462918,0.5482813206693804,0.0070916780689685216,0.2785081401284523,0.009284797570241624,0.04119210622481848,"[[2175, 930], [1075, 1778]]","[[204, 141], [158, 159]]"
disclosure_x_bias,215,init_hard,kDN,log_loss,0.600746449398699,0.9009518252032931,0.6638133777000733,0.5482813206693804,0.007088145124992093,0.2782162881429732,0.009089350093629916,0.04119210622481848,"[[2173, 932], [1071, 1782]]","[[204, 141], [158, 159]]"
disclosure_x_bias,216,init_hard,kDN,log_loss,0.6006526403800249,0.9007868844689296,0.6643172973887541,0.5482813206693804,0.007084419272465269,0.2783402964765888,0.009104646721212174,0.04119210622481848,"[[2175, 930], [1070, 1783]]","[[204, 141], [158, 159]]"
disclosure_x_bias,217,init_hard,kDN,log_loss,0.600557165096444,0.9010968323439673,0.6643172973887541,0.5467661691542288,0.007082385844861416,0.27816728494093995,0.008646492070533193,0.042793628300276276,"[[2172, 933], [1067, 1786]]","[[203, 142], [158, 159]]"
disclosure_x_bias,218,init_hard,kDN,log_loss,0.6004615910743926,0.9010238017385446,0.6653237268061587,0.5482813206693804,0.007081567794125595,0.2780966749548672,0.00804378589242262,0.04119210622481848,"[[2175, 930], [1064, 1789]]","[[204, 141], [158, 159]]"
disclosure_x_bias,219,init_hard,kDN,log_loss,0.6003640706355388,0.9012241728062504,0.6649884383283514,0.5467661691542288,0.007077602620822933,0.27820972646990133,0.007501164339773031,0.040338986266151886,"[[2175, 930], [1066, 1787]]","[[203, 142], [158, 159]]"
disclosure_x_bias,220,init_hard,kDN,log_loss,0.6002687995517098,0.9010217890927403,0.66465230387457,0.5482813206693804,0.0070804552760389385,0.2782072663377842,0.00829963107880596,0.04119210622481848,"[[2172, 933], [1065, 1788]]","[[204, 141], [158, 159]]"
disclosure_x_bias,221,init_hard,kDN,log_loss,0.6001776618151948,0.901078891545555,0.6653242907901415,0.5482813206693804,0.007077043632630754,0.27811258489853125,0.008325270496286575,0.04056814529537153,"[[2176, 929], [1065, 1788]]","[[204, 141], [158, 159]]"
disclosure_x_bias,222,init_hard,kDN,log_loss,0.6000837620279347,0.9008639932021252,0.6648200891094693,0.5482813206693804,0.007071872020864022,0.2782428622642145,0.008423723921964886,0.04119210622481848,"[[2178, 927], [1070, 1783]]","[[205, 140], [159, 158]]"
disclosure_x_bias,223,init_hard,kDN,log_loss,0.5999880144902747,0.901020403665105,0.6648209350854436,0.5482813206693804,0.007074888066354241,0.2784350998512066,0.007519390440384417,0.04300971079683969,"[[2170, 935], [1062, 1791]]","[[203, 142], [157, 160]]"
disclosure_x_bias,224,init_hard,kDN,log_loss,0.5998967191246779,0.9009167194913313,0.6651559415712593,0.5467661691542288,0.007072883685272339,0.27830342861895546,0.008424300572681372,0.042193357540871904,"[[2172, 933], [1062, 1791]]","[[203, 142], [158, 159]]"
disclosure_x_bias,225,init_hard,kDN,log_loss,0.5998050571765198,0.9009161208790065,0.6659959957137217,0.5467661691542288,0.007070596773582687,0.27845467528272433,0.008340428765080416,0.042793628300276276,"[[2174, 931], [1059, 1794]]","[[202, 143], [157, 160]]"
disclosure_x_bias,226,init_hard,kDN,log_loss,0.5997081412722841,0.9010821494472161,0.6656598612599403,0.5467661691542288,0.0070692171856748705,0.2785544001101357,0.008862989902797474,0.04096643767172271,"[[2180, 925], [1067, 1786]]","[[204, 141], [159, 158]]"
disclosure_x_bias,227,init_hard,kDN,log_loss,0.5996038315824418,0.9011271767061206,0.6656598612599403,0.5482813206693804,0.00706475354303286,0.2784903717778963,0.008465873736119888,0.04300971079683969,"[[2174, 931], [1061, 1792]]","[[203, 142], [157, 160]]"
disclosure_x_bias,228,init_hard,kDN,log_loss,0.5994968634606738,0.9013892035931491,0.6658276464948395,0.5452510176390774,0.007068491170261865,0.2785022403657747,0.00885298664039374,0.041912257164142735,"[[2179, 926], [1065, 1788]]","[[202, 143], [158, 159]]"
disclosure_x_bias,229,init_hard,kDN,log_loss,0.5994004861494162,0.9014161077043518,0.6658273645028482,0.5452510176390774,0.007067711994354657,0.27835689603676433,0.00879472951631798,0.041912257164142735,"[[2180, 925], [1066, 1787]]","[[202, 143], [158, 159]]"
disclosure_x_bias,230,init_hard,kDN,log_loss,0.5993037456212568,0.9014638968936757,0.6661632169646382,0.5452510176390774,0.007075088945667483,0.2783665905103944,0.009237988279049111,0.041912257164142735,"[[2180, 925], [1064, 1789]]","[[202, 143], [158, 159]]"
disclosure_x_bias,231,init_hard,kDN,log_loss,0.5992001801683504,0.9015044933326035,0.6663318481755118,0.5452510176390774,0.007084047616360196,0.27813920117409874,0.008362368124403599,0.041912257164142735,"[[2180, 925], [1063, 1790]]","[[202, 143], [158, 159]]"
disclosure_x_bias,232,init_hard,kDN,log_loss,0.5991080238282931,0.9014008608603643,0.6659951497377474,0.5452510176390774,0.007085032549069201,0.2782749032455117,0.009727503460634716,0.041912257164142735,"[[2178, 927], [1063, 1790]]","[[202, 143], [158, 159]]"
disclosure_x_bias,233,init_hard,kDN,log_loss,0.5990184104451369,0.9013766511183847,0.6670029891151091,0.5452510176390774,0.007079931506300188,0.27820808940973796,0.009373466411537036,0.040044870994949765,"[[2185, 920], [1064, 1789]]","[[203, 142], [159, 158]]"
disclosure_x_bias,234,init_hard,kDN,log_loss,0.5989248281713246,0.9015623628472442,0.6666665726693362,0.5437358661239258,0.0070748883508944,0.278080121827234,0.009030817683944033,0.041567940294914514,"[[2185, 920], [1066, 1787]]","[[202, 143], [159, 158]]"
disclosure_x_bias,235,init_hard,kDN,log_loss,0.5988356700624847,0.9016238942909446,0.6663304382155546,0.5437358661239258,0.007072324785728421,0.278260585608889,0.009736960872246146,0.041567940294914514,"[[2181, 924], [1064, 1789]]","[[202, 143], [159, 158]]"
disclosure_x_bias,236,init_hard,kDN,log_loss,0.5987469687182663,0.901870219117515,0.6670021431391349,0.5437358661239258,0.007069781690058625,0.2781138269337729,0.009441732916952043,0.041567940294914514,"[[2181, 924], [1060, 1793]]","[[202, 143], [159, 158]]"
disclosure_x_bias,237,init_hard,kDN,log_loss,0.5986433214803843,0.9019285370285959,0.6673377136089335,0.5437358661239258,0.007072852097348272,0.2780964054012982,0.00923179180393285,0.041567940294914514,"[[2182, 923], [1059, 1794]]","[[202, 143], [159, 158]]"
disclosure_x_bias,238,init_hard,kDN,log_loss,0.5985458478628704,0.9019159456945088,0.6668340759122441,0.5437358661239258,0.007074713129846706,0.27809173172720464,0.009808862893170374,0.041567940294914514,"[[2180, 925], [1060, 1793]]","[[202, 143], [159, 158]]"
disclosure_x_bias,239,init_hard,kDN,log_loss,0.5984481245884348,0.9018620900350192,0.6671702103660256,0.5437358661239258,0.007073748477443601,0.2783020373023493,0.009225985656118468,0.041567940294914514,"[[2182, 923], [1060, 1793]]","[[202, 143], [159, 158]]"
disclosure_x_bias,240,init_hard,kDN,log_loss,0.5983328221453191,0.9012934002904227,0.6673374316169421,0.5437358661239258,0.007032156277542022,0.2765346589167081,0.00967381944666241,0.041567940294914514,"[[2179, 926], [1056, 1797]]","[[202, 143], [159, 158]]"
disclosure_x_bias,241,init_hard,kDN,log_loss,0.5982444198255552,0.901294202631504,0.6664982234504541,0.5437358661239258,0.007030505287714887,0.27643262750097275,0.009583804378781733,0.041567940294914514,"[[2178, 927], [1060, 1793]]","[[202, 143], [159, 158]]"
disclosure_x_bias,242,init_hard,kDN,log_loss,0.5981560705433322,0.9013011620811376,0.6670018611471434,0.5452284034373587,0.007025043193082122,0.2763878274927432,0.009385712081601714,0.04389628269406333,"[[2175, 930], [1054, 1799]]","[[202, 143], [158, 159]]"
disclosure_x_bias,243,init_hard,kDN,log_loss,0.598062187309408,0.9012652570292772,0.6680091365405223,0.542243328810493,0.007020221067013349,0.2762755764274293,0.009690500886860135,0.039666825421324284,"[[2187, 918], [1060, 1793]]","[[202, 143], [160, 157]]"
disclosure_x_bias,244,init_hard,kDN,log_loss,0.59797177717494,0.9013633222313656,0.6675054988438329,0.5452284034373587,0.007018797411147609,0.27625096207672123,0.009014983210623604,0.04389628269406333,"[[2180, 925], [1056, 1797]]","[[202, 143], [158, 159]]"
disclosure_x_bias,245,init_hard,kDN,log_loss,0.5978762458069374,0.9013491069008124,0.6681774857594045,0.542243328810493,0.007018462896041697,0.2762744727010208,0.00934951746246054,0.039666825421324284,"[[2189, 916], [1061, 1792]]","[[202, 143], [160, 157]]"
disclosure_x_bias,246,init_hard,kDN,log_loss,0.5977852037016971,0.9012457360473627,0.6680094185325137,0.545273631840796,0.007019424366752118,0.27645059999332167,0.008940051486236956,0.04107199481478666,"[[2184, 921], [1057, 1796]]","[[202, 143], [158, 159]]"
disclosure_x_bias,247,init_hard,kDN,log_loss,0.5976820545910471,0.9014947539622933,0.6680099825164966,0.5437584803256444,0.007020987810854603,0.27639654269298186,0.008916915649482096,0.040090223962921216,"[[2184, 921], [1057, 1796]]","[[202, 143], [159, 158]]"
disclosure_x_bias,248,init_hard,kDN,log_loss,0.5975897789834967,0.9014677541050921,0.6676732840787322,0.5467435549525101,0.00701354666894291,0.2763434426048008,0.009070906232140812,0.044165618940857965,"[[2177, 928], [1052, 1801]]","[[202, 143], [157, 160]]"
disclosure_x_bias,249,init_hard,kDN,log_loss,0.5975048866582768,0.9014734832877004,0.6686808414641024,0.542243328810493,0.007010356674776584,0.276242375641264,0.009159527914413539,0.039666825421324284,"[[2189, 916], [1058, 1795]]","[[202, 143], [160, 157]]"
disclosure_x_bias,250,init_hard,kDN,log_loss,0.5974201480435335,0.9014488154850124,0.6685127742372117,0.5482587064676616,0.007008220804799432,0.27627782069360607,0.009240222633300658,0.04494701147772049,"[[2180, 925], [1050, 1803]]","[[202, 143], [156, 161]]"
disclosure_x_bias,251,init_hard,kDN,log_loss,0.5973165414308598,0.9015327488106051,0.6688489086909932,0.542243328810493,0.007015301916829292,0.2765224724523739,0.008831624799286023,0.039666825421324284,"[[2191, 914], [1059, 1794]]","[[202, 143], [160, 157]]"
disclosure_x_bias,252,init_hard,kDN,log_loss,0.5972245748089476,0.9014811749894955,0.6690166939258925,0.5452510176390774,0.007015974079616314,0.27633320630706965,0.009138539008952878,0.04251649683503552,"[[2190, 915], [1057, 1796]]","[[202, 143], [158, 159]]"
disclosure_x_bias,253,init_hard,kDN,log_loss,0.5971390046263869,0.9013404760185567,0.669016975917884,0.5437358661239258,0.007013559925054237,0.27637983893706675,0.00795482317512427,0.041567940294914514,"[[2192, 913], [1059, 1794]]","[[202, 143], [159, 158]]"
disclosure_x_bias,254,init_hard,kDN,log_loss,0.5970377466815534,0.9014019066635444,0.6688491906829845,0.5437358661239258,0.007001024178251592,0.2763514261124062,0.007763144211553361,0.041567940294914514,"[[2192, 913], [1060, 1793]]","[[202, 143], [159, 158]]"
disclosure_x_bias,255,init_hard,kDN,log_loss,0.5969484476366678,0.9013835565148443,0.6695208956065648,0.5422207146087743,0.007000923136073774,0.27635492807010764,0.008156516974570262,0.038600358673922586,"[[2192, 913], [1056, 1797]]","[[202, 143], [160, 157]]"
disclosure_x_bias,256,init_hard,kDN,log_loss,0.5968564756849198,0.901404399764089,0.6690172579098753,0.5437358661239258,0.006998911138580369,0.2765283576887808,0.007981803389242762,0.041567940294914514,"[[2192, 913], [1059, 1794]]","[[202, 143], [159, 158]]"
disclosure_x_bias,257,init_hard,kDN,log_loss,0.5967683936412105,0.901548296660531,0.6691847611527832,0.5437358661239258,0.006992731271537444,0.27658773409042886,0.008252650970308847,0.041567940294914514,"[[2190, 915], [1056, 1797]]","[[202, 143], [159, 158]]"
disclosure_x_bias,258,init_hard,kDN,log_loss,0.5966834786150326,0.9015705405046279,0.669352828379674,0.5437358661239258,0.006991224319886575,0.27659965166214817,0.008813607094404074,0.041567940294914514,"[[2191, 914], [1056, 1797]]","[[202, 143], [159, 158]]"
disclosure_x_bias,259,init_hard,kDN,log_loss,0.5965848351174348,0.9018352018170914,0.6693525463876826,0.542243328810493,0.006977732169630423,0.27651164444366705,0.008681769080416214,0.039666825421324284,"[[2191, 914], [1056, 1797]]","[[201, 144], [159, 158]]"
disclosure_x_bias,260,init_hard,kDN,log_loss,0.5964992607421308,0.901916850054916,0.6695206136145734,0.542243328810493,0.006975090618519179,0.2764944900307404,0.008433310598640735,0.039666825421324284,"[[2191, 914], [1055, 1798]]","[[201, 144], [159, 158]]"
disclosure_x_bias,261,init_hard,kDN,log_loss,0.5964131139465281,0.9019516460976078,0.6693525463876826,0.542243328810493,0.006975398695949927,0.27652570334080906,0.008161785964347763,0.039666825421324284,"[[2191, 914], [1056, 1797]]","[[201, 144], [159, 158]]"
disclosure_x_bias,262,init_hard,kDN,log_loss,0.596317967307602,0.9017251070447827,0.669856184084372,0.542243328810493,0.006982447765084114,0.2765715127204639,0.008715359408421752,0.039666825421324284,"[[2192, 913], [1054, 1799]]","[[201, 144], [159, 158]]"
disclosure_x_bias,263,init_hard,kDN,log_loss,0.5962270571549105,0.9019475982201648,0.6696878348654899,0.542243328810493,0.006985869738910526,0.27644027637273405,0.0086184326014675,0.039666825421324284,"[[2193, 912], [1056, 1797]]","[[201, 144], [159, 158]]"
disclosure_x_bias,264,init_hard,kDN,log_loss,0.5961403016802395,0.9018771079906023,0.6698559020923807,0.5437358661239258,0.006983785895184342,0.27648221030538706,0.008762376197367475,0.041567940294914514,"[[2192, 913], [1054, 1799]]","[[202, 143], [159, 158]]"
disclosure_x_bias,265,init_hard,kDN,log_loss,0.5960569750996034,0.9020301787830917,0.6696878348654899,0.542243328810493,0.006982815810238008,0.27660140444161874,0.007698249269320013,0.039666825421324284,"[[2194, 911], [1057, 1796]]","[[201, 144], [159, 158]]"
disclosure_x_bias,266,init_hard,kDN,log_loss,0.5959733276006993,0.901963479615348,0.6701914725621793,0.542243328810493,0.006980449889784519,0.2765434065224729,0.008809789170137992,0.039666825421324284,"[[2195, 910], [1055, 1798]]","[[201, 144], [159, 158]]"
disclosure_x_bias,267,init_hard,kDN,log_loss,0.5958899297438325,0.9020456522641954,0.6700234053352885,0.5407281772953414,0.0069780709016626615,0.27660200835291776,0.008491635393155485,0.036476371670439024,"[[2191, 914], [1052, 1801]]","[[201, 144], [160, 157]]"
disclosure_x_bias,268,init_hard,kDN,log_loss,0.595803424098861,0.9021683254982662,0.6706948282668772,0.5407281772953414,0.006974264067890448,0.2764917441596544,0.009217466203552183,0.036476371670439024,"[[2195, 910], [1052, 1801]]","[[201, 144], [160, 157]]"
disclosure_x_bias,269,init_hard,kDN,log_loss,0.5957196278528277,0.9021439124510794,0.6706948282668772,0.542243328810493,0.006972093449265675,0.2764038248790588,0.008871623794887915,0.03700535405700643,"[[2191, 914], [1048, 1805]]","[[201, 144], [159, 158]]"
disclosure_x_bias,270,init_hard,kDN,log_loss,0.5956241371225179,0.9021999712254514,0.6708620495177937,0.5407281772953414,0.006968843511657077,0.2764442778273675,0.009023869979855138,0.036476371670439024,"[[2195, 910], [1051, 1802]]","[[201, 144], [160, 157]]"
disclosure_x_bias,271,init_hard,kDN,log_loss,0.5955397696365066,0.9022290926632767,0.6717026676442389,0.542243328810493,0.0069670561765628565,0.2762189088900905,0.008564356586354165,0.037688346095507544,"[[2200, 905], [1051, 1802]]","[[201, 144], [159, 158]]"
disclosure_x_bias,272,init_hard,kDN,log_loss,0.5954588466898012,0.9021739316559471,0.6710301167446844,0.5407281772953414,0.006963975337166994,0.27654974096503787,0.00910306731714753,0.036476371670439024,"[[2197, 908], [1052, 1801]]","[[201, 144], [160, 157]]"
disclosure_x_bias,273,init_hard,kDN,log_loss,0.5953753875225216,0.9023708677562512,0.6717026676442389,0.542243328810493,0.0069620367469863135,0.27649256308680276,0.008152707025096781,0.03700535405700643,"[[2199, 906], [1050, 1803]]","[[201, 144], [159, 158]]"
disclosure_x_bias,274,init_hard,kDN,log_loss,0.5952889873332137,0.9022778208919077,0.6711981839715752,0.542243328810493,0.006956437181323109,0.27653919579255043,0.00897064418948195,0.037688346095507544,"[[2196, 909], [1050, 1803]]","[[201, 144], [159, 158]]"
disclosure_x_bias,275,init_hard,kDN,log_loss,0.5952096755319316,0.9024677634979075,0.6717023856522475,0.542243328810493,0.006954203352900228,0.2766013561950779,0.007892602538977007,0.037688346095507544,"[[2200, 905], [1051, 1802]]","[[201, 144], [159, 158]]"
disclosure_x_bias,276,init_hard,kDN,log_loss,0.595118451329232,0.9022967171244856,0.6718704528791382,0.5437584803256444,0.00696266990260113,0.2766087593405432,0.007884131204667582,0.03677159290465143,"[[2200, 905], [1050, 1803]]","[[202, 143], [159, 158]]"
disclosure_x_bias,277,init_hard,kDN,log_loss,0.595030839173534,0.9026575442692885,0.6713659692064745,0.545273631840796,0.006965460879846353,0.27629515631607526,0.007670509860323669,0.035039576699678804,"[[2195, 910], [1048, 1805]]","[[202, 143], [158, 159]]"
disclosure_x_bias,278,init_hard,kDN,log_loss,0.5949370949491449,0.9027225635190625,0.6720382381140375,0.545273631840796,0.006974145724847681,0.27645549255942115,0.007601964096416634,0.035039576699678804,"[[2200, 905], [1049, 1804]]","[[202, 143], [158, 159]]"
disclosure_x_bias,279,init_hard,kDN,log_loss,0.5948531636526015,0.9027750073807284,0.6722063053409283,0.545273631840796,0.006972303064837419,0.2764923918536488,0.007204631141229426,0.03850776477471062,"[[2202, 903], [1050, 1803]]","[[201, 144], [157, 160]]"
disclosure_x_bias,280,init_hard,kDN,log_loss,0.5947591276110873,0.9026683264418413,0.672541875810727,0.5483039348710991,0.006971869729850332,0.2765355293634968,0.007482774470201321,0.03491113244052487,"[[2202, 903], [1048, 1805]]","[[202, 143], [156, 161]]"
disclosure_x_bias,281,init_hard,kDN,log_loss,0.5946786495268684,0.902763772606575,0.6722063053409283,0.5467887833559475,0.0069710262491705565,0.2765783031234811,0.007204631141229426,0.0381496883774872,"[[2201, 904], [1049, 1804]]","[[201, 144], [156, 161]]"
disclosure_x_bias,282,init_hard,kDN,log_loss,0.5945926259973933,0.902871635648163,0.672541875810727,0.5467887833559475,0.006970082667966902,0.2765639217425111,0.007482774470201321,0.035374254948733065,"[[2201, 904], [1047, 1806]]","[[201, 144], [156, 161]]"
disclosure_x_bias,283,init_hard,kDN,log_loss,0.5945115674201908,0.9028746799223886,0.6725415938187356,0.5483039348710991,0.006970076787140222,0.27662638424734326,0.007783145051956627,0.03491113244052487,"[[2201, 904], [1047, 1806]]","[[202, 143], [156, 161]]"
disclosure_x_bias,284,init_hard,kDN,log_loss,0.5944220280996482,0.9030084445843958,0.6727093790536348,0.545273631840796,0.006967219027838332,0.2764918437540157,0.007847790657402374,0.03715935337009699,"[[2201, 904], [1046, 1807]]","[[201, 144], [157, 160]]"
disclosure_x_bias,285,init_hard,kDN,log_loss,0.5943407139471383,0.9029188093420055,0.672541875810727,0.5467887833559475,0.006964736143960736,0.276582928544288,0.007524460858922542,0.03881254856138329,"[[2200, 905], [1046, 1807]]","[[200, 145], [155, 162]]"
disclosure_x_bias,286,init_hard,kDN,log_loss,0.5942516889110099,0.9029335872875748,0.6723738085838362,0.545273631840796,0.00696954015081852,0.2764557061277612,0.00775434802534593,0.0404461809759031,"[[2198, 907], [1045, 1808]]","[[200, 145], [156, 161]]"
disclosure_x_bias,287,init_hard,kDN,log_loss,0.5941681647755799,0.9029301422360925,0.6718704528791382,0.545273631840796,0.006969801733324258,0.27659215042348445,0.007764602138081517,0.041071994814786635,"[[2200, 905], [1050, 1803]]","[[200, 145], [156, 161]]"
disclosure_x_bias,288,init_hard,kDN,log_loss,0.5940858679587329,0.9029976661808284,0.6725415938187356,0.545273631840796,0.006958212506172983,0.27649402469066825,0.007742851506663206,0.03981053067977306,"[[2202, 903], [1048, 1805]]","[[201, 144], [157, 160]]"
disclosure_x_bias,289,init_hard,kDN,log_loss,0.5939997733961019,0.9030565560372829,0.6720382381140375,0.545273631840796,0.006959557512258806,0.27652054926194214,0.007683817606784305,0.041071994814786635,"[[2200, 905], [1049, 1804]]","[[200, 145], [156, 161]]"
disclosure_x_bias,290,init_hard,kDN,log_loss,0.5939185958251435,0.9030700591795636,0.6720382381140375,0.5483039348710991,0.00695890730129141,0.2765967890678383,0.007925369052160337,0.040962470519404166,"[[2197, 908], [1046, 1807]]","[[201, 144], [155, 162]]"
disclosure_x_bias,291,init_hard,kDN,log_loss,0.5938409465183029,0.9030141033466188,0.6722060233489369,0.5467887833559475,0.006956186441172307,0.2766010481807834,0.008344049690289438,0.041357886018885875,"[[2197, 908], [1045, 1808]]","[[200, 145], [155, 162]]"
disclosure_x_bias,292,init_hard,kDN,log_loss,0.5937634089285222,0.90320911141258,0.6725421578027184,0.5483039348710991,0.006953661291886439,0.2766110975518629,0.00738531557604103,0.039049691208279655,"[[2200, 905], [1046, 1807]]","[[201, 144], [155, 162]]"
disclosure_x_bias,293,init_hard,kDN,log_loss,0.5936784476467606,0.9030343384973897,0.6722060233489369,0.5467887833559475,0.006957289593589766,0.2766337856451903,0.007921357660137735,0.03946427661012033,"[[2205, 900], [1053, 1800]]","[[200, 145], [155, 162]]"
disclosure_x_bias,294,init_hard,kDN,log_loss,0.5935954258061594,0.9032128851645913,0.6722063053409284,0.5483039348710991,0.006957998765689855,0.27651613405811915,0.0077887787309064175,0.039049691208279655,"[[2203, 902], [1051, 1802]]","[[201, 144], [155, 162]]"
disclosure_x_bias,295,init_hard,kDN,log_loss,0.5935153046524927,0.903142939004827,0.6720382381140376,0.5483039348710991,0.0069532380941437115,0.2765983591262383,0.008042247439077095,0.039049691208279655,"[[2199, 906], [1048, 1805]]","[[201, 144], [155, 162]]"
disclosure_x_bias,296,init_hard,kDN,log_loss,0.5934288721636835,0.9033922825098815,0.6727090970616435,0.5513116236996833,0.006947796849282048,0.2763611812445433,0.008620222021733114,0.04083565906653688,"[[2201, 904], [1046, 1807]]","[[202, 143], [154, 163]]"
disclosure_x_bias,297,init_hard,kDN,log_loss,0.5933406231440019,0.9032860616457044,0.6720379561220462,0.5513342379014021,0.006934217126544202,0.2763827324530136,0.007818708283253576,0.03996896221442021,"[[2195, 910], [1044, 1809]]","[[201, 144], [153, 164]]"
disclosure_x_bias,298,init_hard,kDN,log_loss,0.5932449922608952,0.9033197353172685,0.6723735265918448,0.5483039348710991,0.006942679649149989,0.2763191950336796,0.0084245664682647,0.039049691208279655,"[[2204, 901], [1051, 1802]]","[[201, 144], [155, 162]]"
disclosure_x_bias,299,init_hard,kDN,log_loss,0.5931477751661764,0.9032250495422709,0.672541875810727,0.5483039348710991,0.006944313612274467,0.2763221865191664,0.008201285646446605,0.039049691208279655,"[[2200, 905], [1046, 1807]]","[[201, 144], [155, 162]]"
disclosure_x_bias,300,init_hard,kDN,log_loss,0.5930683098241297,0.9031503347212263,0.6727093790536349,0.5483039348710991,0.006944451398615525,0.2761380624293367,0.007887548139185756,0.039049691208279655,"[[2202, 903], [1047, 1806]]","[[201, 144], [155, 162]]"
disclosure_x_bias,1,init_hard,kDN,exponential,27.0765760990323,30.113200949768732,0.6181583103039874,0.5468566259611036,14.862008298231043,33.90156910793008,0.02399627250590758,0.024994530524254606,"[[2030, 1075], [1200, 1653]]","[[209, 136], [164, 153]]"
disclosure_x_bias,2,init_hard,kDN,exponential,27.091928534652446,30.21332883974108,0.6189986464384412,0.5468566259611036,14.858642343937564,34.15156882910767,0.022542693543351464,0.024994530524254606,"[[2037, 1068], [1202, 1651]]","[[209, 136], [164, 153]]"
disclosure_x_bias,3,init_hard,kDN,exponential,27.039807444762015,30.03869485183457,0.6206779087473916,0.5483717774762551,14.869903726332176,34.055596162364466,0.022940269284554365,0.02634345820143053,"[[2048, 1057], [1203, 1650]]","[[210, 135], [164, 153]]"
disclosure_x_bias,4,init_hard,kDN,exponential,26.92708521637786,30.125893301411075,0.6215165529298968,0.5483717774762551,14.804428410944043,34.29302418585275,0.02314324904939431,0.02634345820143053,"[[2053, 1052], [1203, 1650]]","[[210, 135], [164, 153]]"
disclosure_x_bias,5,init_hard,kDN,exponential,26.9331620350072,30.097949856646107,0.6240364333652925,0.5438715513342378,14.812372239908905,34.26563212556051,0.02136093757999801,0.027877195430870284,"[[2084, 1021], [1219, 1634]]","[[210, 135], [167, 150]]"
disclosure_x_bias,6,init_hard,kDN,exponential,26.82278885900704,29.9945092048553,0.6242045005921832,0.5438715513342378,14.764195899155641,34.501382719555345,0.02158236055978644,0.027877195430870284,"[[2085, 1020], [1219, 1634]]","[[210, 135], [167, 150]]"
disclosure_x_bias,7,init_hard,kDN,exponential,26.54034154015192,29.710333410502066,0.6253792792284699,0.5438715513342378,14.696578837459928,34.49706912303537,0.02158905402542831,0.027877195430870284,"[[2092, 1013], [1219, 1634]]","[[210, 135], [167, 150]]"
disclosure_x_bias,8,init_hard,kDN,exponential,26.529131383026247,29.68900233198343,0.6255470644633693,0.5438715513342378,14.681208180723852,34.47845268588792,0.021425055084503125,0.027877195430870284,"[[2097, 1008], [1223, 1630]]","[[210, 135], [167, 150]]"
disclosure_x_bias,9,init_hard,kDN,exponential,26.540209651192093,29.757106274474843,0.6272249168123626,0.5544776119402985,14.677899460726248,34.679117918744495,0.017445556613574057,0.05151257809546473,"[[2066, 1039], [1182, 1671]]","[[209, 136], [159, 158]]"
disclosure_x_bias,10,init_hard,kDN,exponential,26.503955068197246,29.721715521941668,0.6278960577519599,0.5544776119402985,14.65568725827079,34.64361442110977,0.016446884057227936,0.05151257809546473,"[[2073, 1032], [1185, 1668]]","[[209, 136], [159, 158]]"
disclosure_x_bias,11,init_hard,kDN,exponential,26.29107694015193,29.46735945655464,0.6277279905250691,0.5544776119402985,14.625871682779154,34.64712353885495,0.016197842294226335,0.05151257809546473,"[[2070, 1035], [1183, 1670]]","[[209, 136], [159, 158]]"
disclosure_x_bias,12,init_hard,kDN,exponential,26.247971022970184,29.3989925740174,0.6289024871693644,0.5544776119402985,14.626799017074564,34.87332443442563,0.014935296163352938,0.05151257809546473,"[[2094, 1011], [1200, 1653]]","[[211, 134], [161, 156]]"
disclosure_x_bias,13,init_hard,kDN,exponential,26.213007440491726,29.389895602752432,0.6295739101009532,0.5575079149706015,14.599275601567118,34.884366423272425,0.015216766502907826,0.05278865485291557,"[[2099, 1006], [1201, 1652]]","[[213, 132], [161, 156]]"
disclosure_x_bias,14,init_hard,kDN,exponential,26.197485237155973,29.385964367982133,0.630077265805651,0.559023066485753,14.587258137994157,34.88669669621131,0.01528592171778537,0.05262143276816594,"[[2104, 1001], [1203, 1650]]","[[214, 131], [161, 156]]"
disclosure_x_bias,15,init_hard,kDN,exponential,25.998175872700035,29.249870998590808,0.630077265805651,0.559023066485753,14.546112731694027,34.93189048958187,0.01528592171778537,0.05262143276816594,"[[2105, 1000], [1204, 1649]]","[[214, 131], [161, 156]]"
disclosure_x_bias,16,init_hard,kDN,exponential,25.971945418119816,29.245907799945115,0.6304131182674413,0.559023066485753,14.515611600343398,34.9229856761305,0.015107656744900746,0.05262143276816594,"[[2107, 998], [1204, 1649]]","[[214, 131], [161, 156]]"
disclosure_x_bias,17,init_hard,kDN,exponential,25.88921323046153,29.145022092381303,0.6304131182674413,0.559023066485753,14.488041903226428,35.09625937970572,0.01510765674490076,0.05262143276816594,"[[2111, 994], [1208, 1645]]","[[215, 130], [162, 155]]"
disclosure_x_bias,18,init_hard,kDN,exponential,25.884589729167583,29.01966211146841,0.630581185494332,0.5575305291723203,14.522737143457707,35.02675707350938,0.014884854663322485,0.054427058818320065,"[[2105, 1000], [1201, 1652]]","[[214, 131], [162, 155]]"
disclosure_x_bias,19,init_hard,kDN,exponential,25.898708475108663,29.036203426464795,0.6307492527212227,0.5575305291723203,14.52719220975767,35.05558704092801,0.014677923430438486,0.054427058818320065,"[[2105, 1000], [1200, 1653]]","[[214, 131], [162, 155]]"
disclosure_x_bias,20,init_hard,kDN,exponential,25.791767244975187,29.013724415542463,0.6304134002594326,0.5575305291723203,14.49418079250691,35.03438536264133,0.014376135414239828,0.054427058818320065,"[[2103, 1002], [1200, 1653]]","[[214, 131], [162, 155]]"
disclosure_x_bias,21,init_hard,kDN,exponential,25.677257223983695,28.863980122382976,0.6305814674863234,0.5575305291723203,14.4562867466637,35.06029086616996,0.014621908750319703,0.054427058818320065,"[[2106, 999], [1202, 1651]]","[[214, 131], [162, 155]]"
disclosure_x_bias,22,init_hard,kDN,exponential,25.674136858221953,28.940669203302196,0.6309170379561221,0.5575305291723203,14.435068787695633,35.230549589376956,0.014774007313641048,0.054427058818320065,"[[2106, 999], [1200, 1653]]","[[214, 131], [162, 155]]"
disclosure_x_bias,23,init_hard,kDN,exponential,25.68551372900719,28.924475802250566,0.6312526084259207,0.5575305291723203,14.434977203224326,35.2147553682284,0.015083000672632135,0.054427058818320065,"[[2109, 996], [1201, 1652]]","[[214, 131], [162, 155]]"
disclosure_x_bias,24,init_hard,kDN,exponential,25.602831695412032,28.75898056443129,0.6317559641306187,0.5560153776571687,14.427351222333066,35.210912225734475,0.015316989342932267,0.054542701143771764,"[[2113, 992], [1202, 1651]]","[[214, 131], [163, 154]]"
disclosure_x_bias,25,init_hard,kDN,exponential,25.591323837499328,28.741949474741197,0.6332665952286956,0.5560153776571687,14.427337963625092,35.175712899751275,0.014282472067502718,0.054542701143771764,"[[2098, 1007], [1178, 1675]]","[[212, 133], [161, 156]]"
disclosure_x_bias,26,init_hard,kDN,exponential,25.586054944170435,28.720548538499806,0.6332665952286956,0.5560153776571687,14.439646822374787,35.10756621446046,0.014282472067502718,0.054542701143771764,"[[2099, 1006], [1179, 1674]]","[[212, 133], [161, 156]]"
disclosure_x_bias,27,init_hard,kDN,exponential,25.57362356010909,28.67739709973419,0.6334343804635949,0.5575079149706015,14.456308204985936,35.203903752025305,0.014062271899917746,0.05278865485291557,"[[2098, 1007], [1177, 1676]]","[[212, 133], [160, 157]]"
disclosure_x_bias,28,init_hard,kDN,exponential,25.49841959139506,28.563740085186243,0.6336021656984941,0.5575079149706015,14.44398582546479,35.25571609539386,0.014104984339502368,0.05278865485291557,"[[2100, 1005], [1178, 1675]]","[[212, 133], [160, 157]]"
disclosure_x_bias,29,init_hard,kDN,exponential,25.380048667656695,28.534065106120824,0.6325954542890981,0.5575079149706015,14.392292261133852,35.19314151416029,0.015659521430448808,0.05278865485291557,"[[2123, 982], [1207, 1646]]","[[215, 130], [163, 154]]"
disclosure_x_bias,30,init_hard,kDN,exponential,25.401089949633388,28.590587567125475,0.6327632395239975,0.5575079149706015,14.39655035230153,35.33009534175243,0.01572774935677121,0.05278865485291557,"[[2123, 982], [1206, 1647]]","[[215, 130], [163, 154]]"
disclosure_x_bias,31,init_hard,kDN,exponential,25.315965624208896,28.476746494113286,0.6329310247588968,0.5575079149706015,14.372212794834796,35.349822458291946,0.015951357561288532,0.05278865485291557,"[[2125, 980], [1207, 1646]]","[[215, 130], [163, 154]]"
disclosure_x_bias,32,init_hard,kDN,exponential,25.290425324167465,28.41051866210774,0.6339377361682927,0.5575079149706015,14.36975111690658,35.25417308593747,0.014227448236976366,0.05278865485291557,"[[2102, 1003], [1178, 1675]]","[[212, 133], [160, 157]]"
disclosure_x_bias,33,init_hard,kDN,exponential,25.169285622499206,28.392952741179084,0.6339377361682927,0.5575079149706015,14.346999263353231,35.42873405851371,0.014227448236976366,0.05278865485291557,"[[2102, 1003], [1178, 1675]]","[[212, 133], [160, 157]]"
disclosure_x_bias,34,init_hard,kDN,exponential,25.165505523122004,28.40763196083273,0.6334343804635949,0.5544776119402985,14.345412416123736,35.41955532499437,0.014946470695625665,0.045181448313186066,"[[2115, 990], [1194, 1659]]","[[212, 133], [162, 155]]"
disclosure_x_bias,35,init_hard,kDN,exponential,25.177922034234868,28.414757710258026,0.6337699509333935,0.552962460425147,14.350887967864132,35.42922088346159,0.014623756682390932,0.047410404086498256,"[[2118, 987], [1195, 1658]]","[[212, 133], [163, 154]]"
disclosure_x_bias,36,init_hard,kDN,exponential,25.172346179937247,28.339523571883614,0.6341055214031922,0.552962460425147,14.3734905556717,35.40226068267484,0.014822322015026455,0.047410404086498256,"[[2119, 986], [1194, 1659]]","[[212, 133], [163, 154]]"
disclosure_x_bias,37,init_hard,kDN,exponential,25.06917691508755,28.290841970115974,0.6344410918729908,0.5544776119402985,14.44151476170229,35.30222514787085,0.013996245261102512,0.05101500269049291,"[[2108, 997], [1181, 1672]]","[[212, 133], [162, 155]]"
disclosure_x_bias,38,init_hard,kDN,exponential,25.07678172642535,28.351266188780095,0.6346088771078902,0.5544776119402985,14.448946008022489,35.41531787007528,0.014070316629810084,0.05101500269049291,"[[2109, 996], [1181, 1672]]","[[212, 133], [162, 155]]"
disclosure_x_bias,39,init_hard,kDN,exponential,25.079622355063158,28.328979238763004,0.6346088771078902,0.5575079149706015,14.447955124791363,35.42383837888311,0.014225083204749061,0.058735336162099645,"[[2098, 1007], [1170, 1683]]","[[212, 133], [160, 157]]"
disclosure_x_bias,40,init_hard,kDN,exponential,25.009126054608362,28.241839586797,0.6352800180474875,0.5575079149706015,14.428630547341664,35.392211152662064,0.01373946127779829,0.058735336162099645,"[[2099, 1006], [1167, 1686]]","[[212, 133], [160, 157]]"
disclosure_x_bias,41,init_hard,kDN,exponential,24.763535785430395,28.216291761454414,0.6356155885172861,0.55599276345545,14.31481980757854,35.57982108723965,0.013955102511432702,0.05927377405697906,"[[2101, 1004], [1167, 1686]]","[[212, 133], [161, 156]]"
disclosure_x_bias,42,init_hard,kDN,exponential,24.748351396239286,28.172474795116255,0.6359511589870848,0.55599276345545,14.312144443246599,35.488836582164,0.014224750590556225,0.05927377405697906,"[[2103, 1002], [1167, 1686]]","[[212, 133], [161, 156]]"
disclosure_x_bias,43,init_hard,kDN,exponential,24.739839369938483,28.19172133147717,0.6364545146917828,0.5590230664857531,14.313967214906269,35.46598371741705,0.013686124439628595,0.056816828575236386,"[[2097, 1008], [1158, 1695]]","[[211, 134], [158, 159]]"
disclosure_x_bias,44,init_hard,kDN,exponential,24.70469925350241,28.126625351947713,0.6367900851615814,0.5544776119402985,14.294761427722303,35.49102673874662,0.01384848938361619,0.04949227103215141,"[[2110, 995], [1169, 1684]]","[[211, 134], [161, 156]]"
disclosure_x_bias,45,init_hard,kDN,exponential,24.730465305359964,28.156949128349652,0.6366222999266821,0.55599276345545,14.288338250290888,35.58509179671176,0.013825360887830172,0.04784365611268964,"[[2110, 995], [1170, 1683]]","[[211, 134], [160, 157]]"
disclosure_x_bias,46,init_hard,kDN,exponential,24.720209651974848,28.120186917056383,0.6367900851615814,0.5544776119402985,14.285671189987761,35.505179959259195,0.01384848938361619,0.04949227103215141,"[[2110, 995], [1169, 1684]]","[[211, 134], [161, 156]]"
disclosure_x_bias,47,init_hard,kDN,exponential,24.66892965153705,28.029047369202704,0.6367900851615814,0.55599276345545,14.284365734494736,35.515327770309334,0.013916086035405653,0.04784365611268964,"[[2111, 994], [1170, 1683]]","[[212, 133], [161, 156]]"
disclosure_x_bias,48,init_hard,kDN,exponential,24.593626645134755,28.019662276075554,0.6367900851615814,0.55599276345545,14.27692808955737,35.50610872097311,0.013916086035405653,0.04784365611268964,"[[2111, 994], [1170, 1683]]","[[212, 133], [161, 156]]"
disclosure_x_bias,49,init_hard,kDN,exponential,24.579752607576786,28.042832265679596,0.6377982065309344,0.55599276345545,14.271825995449008,35.51244264951616,0.012768318020116314,0.04784365611268964,"[[2120, 985], [1173, 1680]]","[[212, 133], [161, 156]]"
disclosure_x_bias,50,init_hard,kDN,exponential,24.588127215188475,28.05690628974507,0.637798488522926,0.55599276345545,14.283312812374271,35.512106256437185,0.013217820216182292,0.04784365611268964,"[[2120, 985], [1173, 1680]]","[[212, 133], [161, 156]]"
disclosure_x_bias,51,init_hard,kDN,exponential,24.589562242857504,28.143123479143185,0.6379662737578252,0.55599276345545,14.300308766711922,35.65318377418615,0.013178053036739648,0.04784365611268964,"[[2121, 984], [1173, 1680]]","[[212, 133], [161, 156]]"
disclosure_x_bias,52,init_hard,kDN,exponential,24.57206778519946,28.098293390238744,0.6383018442276239,0.5544776119402985,14.297568905645049,35.55248648175444,0.012776590192879333,0.04949227103215141,"[[2122, 983], [1172, 1681]]","[[211, 134], [161, 156]]"
disclosure_x_bias,53,init_hard,kDN,exponential,24.415622511327758,27.95462517854679,0.6383018442276239,0.5544776119402985,14.232188171570616,35.6559431335569,0.012727531656439096,0.04949227103215141,"[[2122, 983], [1172, 1681]]","[[211, 134], [161, 156]]"
disclosure_x_bias,54,init_hard,kDN,exponential,24.406330397741172,27.919645083841726,0.6383018442276239,0.5544776119402985,14.233438168117754,35.59389568342966,0.012727531656439096,0.04949227103215141,"[[2123, 982], [1173, 1680]]","[[211, 134], [161, 156]]"
disclosure_x_bias,55,init_hard,kDN,exponential,24.335867830594957,27.906809304310237,0.6386374146974225,0.5544776119402985,14.293805066985964,35.57474694289901,0.01267690655832489,0.04949227103215141,"[[2124, 981], [1172, 1681]]","[[211, 134], [161, 156]]"
disclosure_x_bias,56,init_hard,kDN,exponential,24.241462199996565,27.86044979530066,0.6396455360667758,0.5529850746268656,14.283567799434453,35.477660185093946,0.012057531845587794,0.05126107980211769,"[[2131, 974], [1173, 1680]]","[[211, 134], [162, 155]]"
disclosure_x_bias,57,init_hard,kDN,exponential,24.25538083320273,27.929768857044046,0.6393099655969771,0.5529850746268656,14.30222983244216,35.6118039748622,0.01185497249437164,0.05126107980211769,"[[2130, 975], [1174, 1679]]","[[211, 134], [162, 155]]"
disclosure_x_bias,58,init_hard,kDN,exponential,24.24924225800596,27.969386258706198,0.6396455360667758,0.5529850746268656,14.298037042713784,35.70643215163949,0.012057531845587794,0.05126107980211769,"[[2131, 974], [1173, 1680]]","[[211, 134], [162, 155]]"
disclosure_x_bias,59,init_hard,kDN,exponential,24.25441605466485,27.966743445420366,0.6394777508318763,0.5514699231117142,14.30764679578044,35.633115538610895,0.011866082434302065,0.04971870523831893,"[[2132, 973], [1175, 1678]]","[[211, 134], [163, 154]]"
disclosure_x_bias,60,init_hard,kDN,exponential,24.262669929777477,27.942308395349066,0.6394777508318763,0.5514699231117142,14.316232071973245,35.64748879072507,0.011866082434302065,0.04971870523831893,"[[2132, 973], [1175, 1678]]","[[211, 134], [163, 154]]"
disclosure_x_bias,61,init_hard,kDN,exponential,24.201275585284755,27.858222499671804,0.6404844622412724,0.5529850746268656,14.318819767694098,35.66697974049578,0.011611004272604263,0.050256023493889475,"[[2136, 969], [1173, 1680]]","[[212, 133], [163, 154]]"
disclosure_x_bias,62,init_hard,kDN,exponential,24.175014669559474,27.84571395440567,0.6403166770063731,0.5514699231117142,14.302281045008307,35.666127627642794,0.011064144353686666,0.046538784206215766,"[[2135, 970], [1173, 1680]]","[[211, 134], [163, 154]]"
disclosure_x_bias,63,init_hard,kDN,exponential,24.180345366004172,27.798600026756567,0.6401488917714737,0.5514699231117142,14.316122774222475,35.65352887672976,0.011038068312032318,0.046538784206215766,"[[2134, 971], [1173, 1680]]","[[211, 134], [163, 154]]"
disclosure_x_bias,64,init_hard,kDN,exponential,24.199859883628147,27.79630217699928,0.6401488917714737,0.5514699231117142,14.338647790698237,35.633029255596725,0.011038068312032318,0.046538784206215766,"[[2134, 971], [1173, 1680]]","[[211, 134], [163, 154]]"
disclosure_x_bias,65,init_hard,kDN,exponential,24.18795824079083,27.80566524663743,0.6403169589983644,0.5514699231117142,14.354788213995999,35.60767571869337,0.011306664779990634,0.046538784206215766,"[[2135, 970], [1173, 1680]]","[[211, 134], [163, 154]]"
disclosure_x_bias,66,init_hard,kDN,exponential,24.12659136473198,27.739883524601897,0.6404847442332638,0.5514699231117142,14.346809676670448,35.727107700448954,0.011629097715617789,0.046538784206215766,"[[2135, 970], [1172, 1681]]","[[211, 134], [163, 154]]"
disclosure_x_bias,67,init_hard,kDN,exponential,24.049609975958834,27.798023159890988,0.6406525294681631,0.5514699231117142,14.3381683495264,35.83168930277308,0.01132165438084227,0.046538784206215766,"[[2137, 968], [1173, 1680]]","[[211, 134], [163, 154]]"
disclosure_x_bias,68,init_hard,kDN,exponential,24.055732833035535,27.780106589029607,0.6406525294681631,0.5514699231117142,14.310921034349025,35.75988351746545,0.01148622838849237,0.046538784206215766,"[[2136, 969], [1172, 1681]]","[[211, 134], [163, 154]]"
disclosure_x_bias,69,init_hard,kDN,exponential,24.068666876500522,27.81480016038198,0.641155885172861,0.5514699231117142,14.309432335799329,35.766155918786936,0.011981092665510689,0.046538784206215766,"[[2137, 968], [1170, 1683]]","[[211, 134], [163, 154]]"
disclosure_x_bias,70,init_hard,kDN,exponential,23.9785865511701,27.829917305456682,0.6413236704077605,0.5529850746268656,14.258502868746998,35.781853379785126,0.011645372011044873,0.050256023493889475,"[[2139, 966], [1171, 1682]]","[[212, 133], [163, 154]]"
disclosure_x_bias,71,init_hard,kDN,exponential,23.918967593270786,27.808545432364486,0.6413236704077605,0.5529850746268656,14.248475806050125,35.740109403624444,0.011645372011044873,0.050256023493889475,"[[2139, 966], [1171, 1682]]","[[212, 133], [163, 154]]"
disclosure_x_bias,72,init_hard,kDN,exponential,23.910288536498218,27.773633952725977,0.6413236704077605,0.5499547715965626,14.2653898295217,35.74554709773661,0.011752322283611413,0.049640155982920015,"[[2137, 968], [1169, 1684]]","[[210, 135], [163, 154]]"
disclosure_x_bias,73,init_hard,kDN,exponential,23.822352255992698,27.785449242571907,0.6430037786926851,0.5514246947082768,14.332674382362299,35.760121047710335,0.011693228317393448,0.04257242515944614,"[[2162, 943], [1184, 1669]]","[[212, 133], [164, 153]]"
disclosure_x_bias,74,init_hard,kDN,exponential,23.804345760488175,27.77899896228187,0.6433393491624837,0.5514246947082768,14.32889549423714,35.75426083734746,0.011321908494112295,0.04257242515944614,"[[2164, 941], [1184, 1669]]","[[212, 133], [164, 153]]"
disclosure_x_bias,75,init_hard,kDN,exponential,23.818811135574375,27.772554205859997,0.6435071343973832,0.5529398462234283,14.343530905004972,35.71583447135551,0.011014372169268467,0.042605946914209956,"[[2165, 940], [1184, 1669]]","[[213, 132], [164, 153]]"
disclosure_x_bias,76,init_hard,kDN,exponential,23.882598034734432,28.14704024730517,0.6440104901020811,0.5529398462234283,14.277298721380735,35.87061518914916,0.010827027008752904,0.042605946914209956,"[[2165, 940], [1181, 1672]]","[[213, 132], [164, 153]]"
disclosure_x_bias,77,init_hard,kDN,exponential,23.883342635010287,28.133555741157814,0.6443460605718798,0.5514246947082768,14.276121998911917,35.78440019002622,0.01083105636876477,0.04257242515944614,"[[2168, 937], [1182, 1671]]","[[212, 133], [164, 153]]"
disclosure_x_bias,78,init_hard,kDN,exponential,23.781461589945675,28.037305695509694,0.6448496982685692,0.5514246947082768,14.277156240660307,35.917931352473666,0.010732615045545617,0.04257242515944614,"[[2172, 933], [1183, 1670]]","[[213, 132], [165, 152]]"
disclosure_x_bias,79,init_hard,kDN,exponential,23.80520973201955,28.032640308707915,0.6445141277987705,0.5514246947082768,14.282252233136889,35.86539509900465,0.011089837492032762,0.04257242515944614,"[[2166, 939], [1179, 1674]]","[[212, 133], [164, 153]]"
disclosure_x_bias,80,init_hard,kDN,exponential,23.793050523770635,28.026945531828705,0.6431695899836445,0.5469244685662595,14.285501045835979,35.975623049532835,0.011767068255603223,0.046120929966068314,"[[2142, 963], [1163, 1690]]","[[209, 136], [164, 153]]"
disclosure_x_bias,81,init_hard,kDN,exponential,23.748648639922003,27.98779280741967,0.6445141277987705,0.5499095431931252,14.257927349997079,35.898426537306605,0.011313234513797527,0.04307516381552285,"[[2169, 936], [1182, 1671]]","[[212, 133], [165, 152]]"
disclosure_x_bias,82,init_hard,kDN,exponential,23.701595305227123,27.93005084345245,0.6446821950256613,0.5499095431931252,14.261291761177105,35.911429675068,0.011422492542446547,0.04307516381552285,"[[2169, 936], [1181, 1672]]","[[212, 133], [165, 152]]"
disclosure_x_bias,83,init_hard,kDN,exponential,23.711828366140534,27.93116334431579,0.6450177654954599,0.5529398462234283,14.278480552732338,35.943536314705256,0.011126712502602772,0.046608723756062585,"[[2159, 946], [1169, 1684]]","[[212, 133], [163, 154]]"
disclosure_x_bias,84,init_hard,kDN,exponential,23.705776653304717,27.963791221620237,0.6446821950256613,0.5499095431931252,14.268203808207469,35.97929261383629,0.01190521271974325,0.04307516381552285,"[[2156, 949], [1168, 1685]]","[[210, 135], [163, 154]]"
disclosure_x_bias,85,init_hard,kDN,exponential,23.68928621806217,27.923785950772505,0.6446819130336698,0.5483943916779738,14.267846679840808,35.937092495931516,0.011914375656870167,0.04171787343175004,"[[2158, 947], [1170, 1683]]","[[210, 135], [164, 153]]"
disclosure_x_bias,86,init_hard,kDN,exponential,23.709805164849868,27.97391722517268,0.646024476904856,0.5483943916779738,14.294301464001329,35.97821596563116,0.01131118818755145,0.04171787343175004,"[[2162, 943], [1166, 1687]]","[[210, 135], [164, 153]]"
disclosure_x_bias,87,init_hard,kDN,exponential,23.681871167482164,27.991524568462637,0.6463600473746546,0.5483943916779738,14.319411248870708,35.98042946051233,0.011136696198065215,0.04171787343175004,"[[2166, 939], [1168, 1685]]","[[211, 134], [165, 152]]"
disclosure_x_bias,88,init_hard,kDN,exponential,23.6643911490661,27.989549420084224,0.6453533359652586,0.5514246947082768,14.311296262071094,35.96726434095878,0.01156611509543359,0.04257242515944614,"[[2164, 941], [1172, 1681]]","[[212, 133], [164, 153]]"
disclosure_x_bias,89,init_hard,kDN,exponential,23.666562820490515,28.012108612772785,0.6455211212001579,0.5514246947082768,14.313501465919357,36.006347336153674,0.011534142595640048,0.04257242515944614,"[[2164, 941], [1171, 1682]]","[[212, 133], [164, 153]]"
disclosure_x_bias,90,init_hard,kDN,exponential,23.72713007164821,28.437534452098095,0.6471995375331341,0.5499095431931252,14.2459029939511,36.24397207044703,0.00948003713929629,0.04307516381552285,"[[2163, 942], [1160, 1693]]","[[211, 134], [164, 153]]"
disclosure_x_bias,91,init_hard,kDN,exponential,23.707397553613582,28.353945509076517,0.6463600473746546,0.5514246947082768,14.244259032524171,36.15876112915248,0.009727431432123098,0.04257242515944614,"[[2163, 942], [1165, 1688]]","[[212, 133], [164, 153]]"
disclosure_x_bias,92,init_hard,kDN,exponential,23.71259376603368,28.38424664243154,0.6471995375331341,0.5483943916779738,14.245082238072262,36.15452124973191,0.009578512227852434,0.04171787343175004,"[[2165, 940], [1162, 1691]]","[[211, 134], [165, 152]]"
disclosure_x_bias,93,init_hard,kDN,exponential,23.710750549166967,28.38138255861163,0.6473670407760419,0.5483943916779738,14.234902862221167,36.13751619326024,0.00934926198176744,0.04171787343175004,"[[2166, 939], [1162, 1691]]","[[211, 134], [165, 152]]"
disclosure_x_bias,94,init_hard,kDN,exponential,23.682640221784247,28.377720029812377,0.6473670407760419,0.5468792401628223,14.234560321632433,36.17197757857353,0.00934926198176744,0.041499651497435196,"[[2166, 939], [1162, 1691]]","[[210, 135], [165, 152]]"
disclosure_x_bias,95,init_hard,kDN,exponential,23.68252919279814,28.348569000484048,0.6470314703062433,0.5483943916779738,14.234911536162095,36.08695746478175,0.009530236510094223,0.04292331963779388,"[[2163, 942], [1161, 1692]]","[[210, 135], [164, 153]]"
disclosure_x_bias,96,init_hard,kDN,exponential,23.61415737272033,28.38784924443197,0.6480384637076307,0.5499095431931252,14.290302035663064,36.18783924094623,0.011052105724095951,0.042478871632892656,"[[2163, 942], [1155, 1698]]","[[210, 135], [163, 154]]"
disclosure_x_bias,97,init_hard,kDN,exponential,23.608294667260356,28.38567375767257,0.64820624894253,0.5499095431931252,14.30354492107784,36.16959905232479,0.011001586212912376,0.04126044267992124,"[[2165, 940], [1156, 1697]]","[[211, 134], [164, 153]]"
disclosure_x_bias,98,init_hard,kDN,exponential,23.56426172037458,28.30437224858257,0.649212960351926,0.5483943916779738,14.310893904320432,36.28006875968338,0.009612053809788277,0.0371923990346823,"[[2163, 942], [1148, 1705]]","[[210, 135], [164, 153]]"
disclosure_x_bias,99,init_hard,kDN,exponential,23.589671305519722,28.30592431364649,0.648709604647228,0.5483943916779738,14.267504349035544,36.22655502807306,0.00992719457634631,0.0371923990346823,"[[2161, 944], [1149, 1704]]","[[210, 135], [164, 153]]"
disclosure_x_bias,100,init_hard,kDN,exponential,23.460910209886883,28.296620745782086,0.6482059669505386,0.5468792401628223,14.222351336089615,36.18861400310668,0.010030276167704605,0.03830332964321515,"[[2160, 945], [1151, 1702]]","[[209, 136], [164, 153]]"
disclosure_x_bias,101,init_hard,kDN,exponential,23.45884389364506,28.289244265808257,0.6485415374203373,0.5483943916779738,14.224014299847298,36.190997866925834,0.00987750424617212,0.0371923990346823,"[[2163, 942], [1152, 1701]]","[[210, 135], [164, 153]]"
disclosure_x_bias,102,init_hard,kDN,exponential,23.44806112299586,28.215806694567334,0.6485415374203373,0.5483943916779738,14.250308721224787,36.12837408642488,0.00987750424617212,0.0371923990346823,"[[2163, 942], [1152, 1701]]","[[210, 135], [164, 153]]"
disclosure_x_bias,103,init_hard,kDN,exponential,23.420890159005204,28.235094461734075,0.6493804635948339,0.5468792401628223,14.227911869363044,36.1638521724297,0.010509521007499304,0.03694745805459556,"[[2165, 940], [1149, 1704]]","[[208, 137], [163, 154]]"
disclosure_x_bias,104,init_hard,kDN,exponential,23.43375519250781,28.291307095180382,0.6495482488297333,0.5514246947082768,14.251247313796716,36.25558401831601,0.010901608889772433,0.04546963158646014,"[[2171, 934], [1154, 1699]]","[[211, 134], [163, 154]]"
disclosure_x_bias,105,init_hard,kDN,exponential,23.434899256047867,28.282848656104267,0.6483729062094636,0.5544097693351425,14.247264572552156,36.197659986566364,0.010902269424342257,0.044316809538224804,"[[2176, 929], [1166, 1687]]","[[213, 132], [163, 154]]"
disclosure_x_bias,106,init_hard,kDN,exponential,23.4734288093305,28.347867134208208,0.6490440471490609,0.5544097693351425,14.316784163484607,36.29719522889259,0.010973164056523137,0.044316809538224804,"[[2177, 928], [1163, 1690]]","[[213, 132], [163, 154]]"
disclosure_x_bias,107,init_hard,kDN,exponential,23.481164324333964,28.309976276999958,0.6487084766792623,0.5544097693351425,14.322641133643936,36.21661587192332,0.011127731435086639,0.044316809538224804,"[[2176, 929], [1164, 1689]]","[[213, 132], [163, 154]]"
disclosure_x_bias,108,init_hard,kDN,exponential,23.473169552583023,28.338918385938506,0.6488762619141617,0.5528946178199909,14.332734893988162,36.243039073068225,0.010779910588258442,0.04011193210880474,"[[2174, 931], [1161, 1692]]","[[212, 133], [163, 154]]"
disclosure_x_bias,109,init_hard,kDN,exponential,23.475473130067964,28.368343461729694,0.6493796176188597,0.5528946178199909,14.340036140694677,36.29615496253172,0.010541045296509217,0.04011193210880474,"[[2173, 932], [1157, 1696]]","[[212, 133], [163, 154]]"
disclosure_x_bias,110,init_hard,kDN,exponential,23.39785916852342,28.35754060022133,0.6492118323839603,0.5513794663048394,14.383808464847037,36.249173471229305,0.010818708677130277,0.041327834323559444,"[[2172, 933], [1157, 1696]]","[[211, 134], [163, 154]]"
disclosure_x_bias,111,init_hard,kDN,exponential,23.345303790277185,28.361177841790493,0.6498829733235576,0.5528946178199909,14.403440333188605,36.323760283016576,0.010510116148680297,0.04011193210880474,"[[2175, 930], [1156, 1697]]","[[212, 133], [163, 154]]"
disclosure_x_bias,112,init_hard,kDN,exponential,23.362421043849107,28.330997313206694,0.649547402853759,0.5528946178199909,14.41047292354406,36.24497009596122,0.010700664296404903,0.04011193210880474,"[[2173, 932], [1156, 1697]]","[[212, 133], [163, 154]]"
disclosure_x_bias,113,init_hard,kDN,exponential,23.335194572708858,28.312788648497282,0.6503863290282557,0.5544097693351425,14.414490516528836,36.354180807173876,0.010834259368582807,0.04008582280476247,"[[2170, 935], [1148, 1705]]","[[212, 133], [162, 155]]"
disclosure_x_bias,114,init_hard,kDN,exponential,23.444615421273365,28.7485262896128,0.6505541142631549,0.555924920850294,14.332810093608781,36.558048352179426,0.010712890414339152,0.03999597182361288,"[[2170, 935], [1147, 1706]]","[[212, 133], [161, 156]]"
disclosure_x_bias,115,init_hard,kDN,exponential,23.417489964304124,28.695851042743165,0.6502185437933563,0.555924920850294,14.340562698276512,36.562244261832845,0.011344255621022486,0.03999597182361288,"[[2171, 934], [1150, 1703]]","[[212, 133], [161, 156]]"
disclosure_x_bias,116,init_hard,kDN,exponential,23.43195730562027,28.73499507062063,0.6512252552027522,0.555924920850294,14.338757768628493,36.55592215202958,0.010779227817935362,0.03999597182361288,"[[2176, 929], [1149, 1704]]","[[212, 133], [161, 156]]"
disclosure_x_bias,117,init_hard,kDN,exponential,23.43536182256258,28.737531823295832,0.6515608256725509,0.555924920850294,14.335883759678419,36.564378040093594,0.01099583746984258,0.03999597182361288,"[[2169, 936], [1140, 1713]]","[[211, 134], [160, 157]]"
disclosure_x_bias,118,init_hard,kDN,exponential,23.4391877353028,28.76702348694571,0.6515608256725509,0.555924920850294,14.348062647977924,36.601827159956486,0.01099583746984258,0.03999597182361288,"[[2170, 935], [1141, 1712]]","[[211, 134], [160, 157]]"
disclosure_x_bias,119,init_hard,kDN,exponential,23.423765522149765,28.76261740875655,0.6515608256725509,0.555924920850294,14.336005929457313,36.58135881494622,0.01099583746984258,0.03999597182361288,"[[2170, 935], [1141, 1712]]","[[211, 134], [160, 157]]"
disclosure_x_bias,120,init_hard,kDN,exponential,23.36042165963673,28.770359129541767,0.6515608256725509,0.555924920850294,14.30836001448318,36.58102558092621,0.01099583746984258,0.03999597182361288,"[[2169, 936], [1140, 1713]]","[[211, 134], [160, 157]]"
disclosure_x_bias,121,init_hard,kDN,exponential,23.318769977405637,28.796719928995895,0.6517286109074503,0.5544097693351425,14.350864356739159,36.63145319880597,0.011168569304811724,0.04133888720074022,"[[2169, 936], [1139, 1714]]","[[210, 135], [160, 157]]"
disclosure_x_bias,122,init_hard,kDN,exponential,23.305706946349282,28.799104046399787,0.6520641813772489,0.5544097693351425,14.344786158350601,36.66223160720562,0.011306063694768729,0.04133888720074022,"[[2169, 936], [1137, 1716]]","[[210, 135], [160, 157]]"
disclosure_x_bias,123,init_hard,kDN,exponential,23.30286857583793,28.745681623618715,0.6520641813772489,0.5544097693351425,14.365658318794605,36.60378825425356,0.011660181948085315,0.04133888720074022,"[[2168, 937], [1136, 1717]]","[[210, 135], [160, 157]]"
disclosure_x_bias,124,init_hard,kDN,exponential,23.291628944615802,28.778510801149167,0.6520641813772489,0.5544097693351425,14.346875743083105,36.642379751132836,0.011660181948085315,0.04133888720074022,"[[2168, 937], [1136, 1717]]","[[210, 135], [160, 157]]"
disclosure_x_bias,125,init_hard,kDN,exponential,23.28372193532914,28.770767283597035,0.6530708927866449,0.5544097693351425,14.338488454459759,36.59267705300673,0.010425706695619088,0.04133888720074022,"[[2170, 935], [1132, 1721]]","[[210, 135], [160, 157]]"
disclosure_x_bias,126,init_hard,kDN,exponential,23.319777682692866,28.79903118603575,0.6529031075517455,0.555924920850294,14.327588950183847,36.663035301745055,0.010234341305661854,0.039353050194170236,"[[2165, 940], [1128, 1725]]","[[210, 135], [159, 158]]"
disclosure_x_bias,127,init_hard,kDN,exponential,23.316378738520847,28.76731104522625,0.6527350403248547,0.5574400723654456,14.318130086112271,36.63325778897685,0.010384346348239563,0.03984194791978198,"[[2165, 940], [1129, 1724]]","[[211, 134], [159, 158]]"
disclosure_x_bias,128,init_hard,kDN,exponential,23.32826919059574,28.75712814476853,0.6525675370819469,0.5574400723654456,14.336014378328723,36.627983384528115,0.010357701628113997,0.03984194791978198,"[[2165, 940], [1130, 1723]]","[[211, 134], [159, 158]]"
disclosure_x_bias,129,init_hard,kDN,exponential,23.311895561110763,28.749421397538896,0.6525672550899555,0.5574400723654456,14.329576603592958,36.61240706088096,0.010724577396170247,0.03984194791978198,"[[2165, 940], [1130, 1723]]","[[211, 134], [159, 158]]"
disclosure_x_bias,130,init_hard,kDN,exponential,23.304049522005492,28.779345786858563,0.6532386780215442,0.5574400723654456,14.330290342395553,36.67159829686764,0.010610674742956818,0.03984194791978198,"[[2164, 941], [1125, 1728]]","[[211, 134], [159, 158]]"
disclosure_x_bias,131,init_hard,kDN,exponential,23.269175293001158,28.68055529669808,0.6534064632564436,0.5574400723654456,14.341636082801863,36.633459558228544,0.010435887494951444,0.03984194791978198,"[[2165, 940], [1125, 1728]]","[[211, 134], [159, 158]]"
disclosure_x_bias,132,init_hard,kDN,exponential,23.26596450413573,28.7171611778599,0.6537420337262422,0.5574400723654456,14.339469041954027,36.72391171267366,0.010523625272212456,0.03984194791978198,"[[2168, 937], [1126, 1727]]","[[211, 134], [159, 158]]"
disclosure_x_bias,133,init_hard,kDN,exponential,23.194977076681678,28.704430040452717,0.6542456714229317,0.5589326096788783,14.376714789359474,36.65375862804198,0.01051760221591863,0.039904964505714395,"[[2166, 939], [1121, 1732]]","[[211, 134], [158, 159]]"
disclosure_x_bias,134,init_hard,kDN,exponential,23.179788273596706,28.689176812069423,0.653910100953133,0.5559023066485753,14.371600021421637,36.63760937013522,0.01103034600423008,0.03256964993026546,"[[2163, 942], [1120, 1733]]","[[209, 136], [158, 159]]"
disclosure_x_bias,135,init_hard,kDN,exponential,23.193869582296294,28.728097612468833,0.6537423157182336,0.5559023066485753,14.377307108407171,36.720205416913736,0.011007079809093089,0.03256964993026546,"[[2161, 944], [1119, 1734]]","[[209, 136], [158, 159]]"
disclosure_x_bias,136,init_hard,kDN,exponential,23.17672422076799,28.65049986035178,0.6544134566578309,0.5543871551334238,14.382977567775834,36.617049408138264,0.010503304562962916,0.03494205188447516,"[[2162, 943], [1116, 1737]]","[[208, 137], [158, 159]]"
disclosure_x_bias,137,init_hard,kDN,exponential,23.2217681785247,28.729290806815307,0.6544134566578309,0.5498643147896879,14.433200569138553,36.653841512098985,0.011195255487741671,0.034492444558664015,"[[2164, 941], [1118, 1735]]","[[207, 138], [160, 157]]"
disclosure_x_bias,138,init_hard,kDN,exponential,23.251789929834292,28.83735274240309,0.6545812418927303,0.5498643147896879,14.426718713011876,36.94715635018306,0.011234848951028957,0.034492444558664015,"[[2164, 941], [1117, 1736]]","[[207, 138], [160, 157]]"
disclosure_x_bias,139,init_hard,kDN,exponential,23.239498278444906,28.82074715311159,0.6544137386498223,0.5513568521031208,14.433884373976774,36.92338140202489,0.011185230877559568,0.034926794880016536,"[[2164, 941], [1118, 1735]]","[[207, 138], [159, 158]]"
disclosure_x_bias,140,init_hard,kDN,exponential,23.239449824528762,28.784430230297147,0.6557560205290169,0.5498417005879692,14.44514648097191,36.88200345577812,0.009343197321402102,0.031743265670634443,"[[2160, 945], [1106, 1747]]","[[206, 139], [159, 158]]"
disclosure_x_bias,141,init_hard,kDN,exponential,23.207188519301166,28.823368092306197,0.6555882352941176,0.5498417005879692,14.42750399169046,36.94274567471712,0.009081084291285131,0.031743265670634443,"[[2158, 947], [1105, 1748]]","[[206, 139], [159, 158]]"
disclosure_x_bias,142,init_hard,kDN,exponential,23.20929808937759,28.828838095560997,0.6557560205290169,0.5483265490728177,14.427082998962428,36.98097614838077,0.009140117696905899,0.034618043420621046,"[[2158, 947], [1104, 1749]]","[[205, 140], [159, 158]]"
disclosure_x_bias,143,init_hard,kDN,exponential,23.182577577234902,28.863409064005026,0.6559238057639163,0.5483265490728177,14.452143620542996,37.013322542036946,0.009023683513333127,0.034618043420621046,"[[2158, 947], [1103, 1750]]","[[205, 140], [159, 158]]"
disclosure_x_bias,144,init_hard,kDN,exponential,23.180244950257215,28.877276327526907,0.6554204500592183,0.5498417005879692,14.458244420714742,37.05691482556519,0.007869838101297042,0.0348094200692556,"[[2159, 946], [1107, 1746]]","[[207, 138], [160, 157]]"
disclosure_x_bias,145,init_hard,kDN,exponential,23.175441190759962,28.846936848072907,0.6557560205290169,0.5483265490728177,14.45235725429246,36.994328027842684,0.009071414257003781,0.034618043420621046,"[[2157, 948], [1103, 1750]]","[[205, 140], [159, 158]]"
disclosure_x_bias,146,init_hard,kDN,exponential,23.178515542527677,28.87018964115926,0.6557560205290169,0.5483265490728177,14.446816349293416,37.00251072144994,0.009071414257003781,0.034618043420621046,"[[2157, 948], [1103, 1750]]","[[205, 140], [159, 158]]"
disclosure_x_bias,147,init_hard,kDN,exponential,23.192215650833642,28.866557612276473,0.6559238057639163,0.5483265490728177,14.462336545795397,36.97610310527048,0.009127083679110295,0.034618043420621046,"[[2157, 948], [1102, 1751]]","[[205, 140], [159, 158]]"
disclosure_x_bias,148,init_hard,kDN,exponential,23.179242617090487,28.881324222013557,0.6559238057639163,0.5483265490728177,14.452674597537904,37.01472476420104,0.009127083679110295,0.034618043420621046,"[[2157, 948], [1102, 1751]]","[[205, 140], [159, 158]]"
disclosure_x_bias,149,init_hard,kDN,exponential,23.22145367059011,28.868278468897905,0.6559238057639163,0.5498417005879692,14.479380073762,36.9979440482382,0.009127083679110295,0.036245360125381584,"[[2157, 948], [1102, 1751]]","[[206, 139], [159, 158]]"
disclosure_x_bias,150,init_hard,kDN,exponential,23.220057991975445,28.871791987888884,0.6560913090068242,0.5483265490728177,14.487890175750422,37.01575303712776,0.008259180957906155,0.033873200730690466,"[[2166, 939], [1110, 1743]]","[[207, 138], [161, 156]]"
disclosure_x_bias,151,init_hard,kDN,exponential,23.12673250859732,28.762743522697292,0.6557560205290169,0.5468340117593848,14.524225242657755,36.833132747441205,0.007930765146553989,0.030052119598167778,"[[2166, 939], [1112, 1741]]","[[207, 138], [162, 155]]"
disclosure_x_bias,152,init_hard,kDN,exponential,23.103038181184793,28.816515518124113,0.656259376233715,0.5453188602442334,14.469209608843151,36.94232631366481,0.008261419124357565,0.032920768653926714,"[[2167, 938], [1110, 1743]]","[[206, 139], [162, 155]]"
disclosure_x_bias,153,init_hard,kDN,exponential,23.173235724028793,28.810266053969617,0.6562599402176978,0.5498417005879692,14.519731386457236,36.8980077579052,0.007926070995191086,0.0348094200692556,"[[2161, 944], [1104, 1749]]","[[207, 138], [160, 157]]"
disclosure_x_bias,154,init_hard,kDN,exponential,23.243606148028444,29.31616487338696,0.6564277254525972,0.5483265490728177,14.444164794787515,37.25508584338224,0.008171646039409569,0.033873200730690466,"[[2166, 939], [1108, 1745]]","[[207, 138], [161, 156]]"
disclosure_x_bias,155,init_hard,kDN,exponential,23.238036448739827,29.28273348068779,0.655589081270092,0.5498417005879692,14.461310982897523,37.22138949658927,0.009484358033686873,0.0348094200692556,"[[2165, 940], [1112, 1741]]","[[207, 138], [160, 157]]"
disclosure_x_bias,156,init_hard,kDN,exponential,23.22561419309766,29.29452635899089,0.6562599402176978,0.5483265490728177,14.45847102540952,37.25629161675841,0.010080160864071609,0.033873200730690466,"[[2171, 934], [1114, 1739]]","[[207, 138], [161, 156]]"
disclosure_x_bias,157,init_hard,kDN,exponential,23.22326323308225,29.274182816687954,0.6567632959223958,0.5483265490728177,14.458764909995399,37.21939682747214,0.007671673791676516,0.032332078848736914,"[[2161, 944], [1101, 1752]]","[[206, 139], [160, 157]]"
disclosure_x_bias,158,init_hard,kDN,exponential,23.21448072339867,29.29700763285511,0.6574344368619931,0.5498417005879692,14.459361921355203,37.263608940496404,0.00824080800918212,0.03406876168908316,"[[2161, 944], [1097, 1756]]","[[207, 138], [160, 157]]"
disclosure_x_bias,159,init_hard,kDN,exponential,23.20711735608484,29.253581518131664,0.6576025040888839,0.5513568521031208,14.455182601428776,37.18453168665136,0.008976965434722622,0.03635809958800731,"[[2162, 943], [1097, 1756]]","[[208, 137], [160, 157]]"
disclosure_x_bias,160,init_hard,kDN,exponential,23.18248855632966,29.296881264233207,0.6574347188539845,0.5498643147896879,14.482734341925374,37.2907593108843,0.00834047749539613,0.0359410508568297,"[[2160, 945], [1096, 1757]]","[[208, 137], [161, 156]]"
disclosure_x_bias,161,init_hard,kDN,exponential,23.047849995425985,29.227834799501828,0.6574347188539845,0.5498417005879692,14.464291386345094,37.27984583740845,0.00845223977345,0.0348094200692556,"[[2163, 942], [1099, 1754]]","[[208, 137], [161, 156]]"
disclosure_x_bias,162,init_hard,kDN,exponential,23.06238613454636,29.205661544001327,0.6576027860808753,0.5483491632745364,14.446748564486851,37.22903613496787,0.008084680116339449,0.0335485152564103,"[[2161, 944], [1096, 1757]]","[[207, 138], [161, 156]]"
disclosure_x_bias,163,init_hard,kDN,exponential,23.118172809917326,29.24227200379956,0.6574347188539845,0.5498417005879692,14.486341847047383,37.302337912576995,0.009231372232762294,0.03762654030972432,"[[2159, 946], [1095, 1758]]","[[206, 139], [159, 158]]"
disclosure_x_bias,164,init_hard,kDN,exponential,23.100834846688677,29.176749890808377,0.6567635779143872,0.5498417005879692,14.483832725850466,37.15382653777788,0.009147102565181375,0.03762654030972432,"[[2160, 945], [1100, 1753]]","[[206, 139], [159, 158]]"
disclosure_x_bias,165,init_hard,kDN,exponential,23.126070992055524,29.276222075435953,0.6570991483841859,0.5468113975576662,14.495108809419628,37.41752053714077,0.00785714146780082,0.032046450772932944,"[[2164, 941], [1102, 1751]]","[[206, 139], [161, 156]]"
disclosure_x_bias,166,init_hard,kDN,exponential,23.104414938541904,29.274101629337707,0.6574347188539845,0.5468113975576662,14.494239033565586,37.405608110136555,0.007996744346967517,0.032046450772932944,"[[2165, 940], [1101, 1752]]","[[206, 139], [161, 156]]"
disclosure_x_bias,167,init_hard,kDN,exponential,23.102060983721852,29.2818386661368,0.6577705713157747,0.5498643147896879,14.4995278262724,37.42870289795011,0.007419664285699753,0.038675831559445935,"[[2159, 946], [1093, 1760]]","[[206, 139], [159, 158]]"
disclosure_x_bias,168,init_hard,kDN,exponential,23.107657433652797,29.28906719687733,0.6576025040888839,0.5483491632745364,14.504034752609096,37.430239435105946,0.007620966650341623,0.03715614200319196,"[[2163, 942], [1098, 1755]]","[[206, 139], [160, 157]]"
disclosure_x_bias,169,init_hard,kDN,exponential,23.11403589197107,29.295709549950935,0.6576025040888839,0.5468340117593848,14.516719541963887,37.4599734073609,0.007620966650341623,0.03327447523949848,"[[2161, 944], [1096, 1757]]","[[206, 139], [161, 156]]"
disclosure_x_bias,170,init_hard,kDN,exponential,23.11167719580753,29.30908921605294,0.6576025040888839,0.5498643147896879,14.510695620803574,37.45044843414041,0.007620966650341623,0.038675831559445935,"[[2159, 946], [1094, 1759]]","[[206, 139], [159, 158]]"
disclosure_x_bias,171,init_hard,kDN,exponential,23.096793139599693,29.275334680534154,0.6581067057695561,0.5452962460425147,14.508483042285576,37.41733606160644,0.00826056763342527,0.03086211218986316,"[[2167, 938], [1099, 1754]]","[[205, 140], [161, 156]]"
disclosure_x_bias,172,init_hard,kDN,exponential,23.051242262920457,29.267477155901577,0.6579386385426653,0.5498417005879692,14.50529469081354,37.42487739911587,0.00810924506977823,0.03762654030972432,"[[2166, 939], [1099, 1754]]","[[206, 139], [159, 158]]"
disclosure_x_bias,173,init_hard,kDN,exponential,23.035511703667925,29.270407325925568,0.6577708533077661,0.5483265490728177,14.493004767918219,37.41687394836789,0.00847077167918179,0.036762134566195495,"[[2165, 940], [1099, 1754]]","[[205, 140], [159, 158]]"
disclosure_x_bias,174,init_hard,kDN,exponential,23.059558851940498,29.283350792993808,0.6576030680728667,0.5483265490728177,14.481357719289251,37.431661695454395,0.009127754781183788,0.036762134566195495,"[[2167, 938], [1102, 1751]]","[[205, 140], [159, 158]]"
disclosure_x_bias,175,init_hard,kDN,exponential,23.02540382799378,29.239410463920525,0.6584419942473634,0.5483265490728177,14.532878852882854,37.44340352147377,0.00894053760051452,0.036762134566195495,"[[2165, 940], [1095, 1758]]","[[205, 140], [159, 158]]"
disclosure_x_bias,176,init_hard,kDN,exponential,23.005752936923354,29.239505706539763,0.6584419942473634,0.5483265490728177,14.511254101155057,37.40425124002505,0.00894053760051452,0.036762134566195495,"[[2167, 938], [1097, 1756]]","[[205, 140], [159, 158]]"
disclosure_x_bias,177,init_hard,kDN,exponential,23.01116726710628,29.24989047483063,0.6584419942473634,0.5498417005879692,14.518165703160927,37.445307692831165,0.00894053760051452,0.03762654030972432,"[[2166, 939], [1096, 1757]]","[[206, 139], [159, 158]]"
disclosure_x_bias,178,init_hard,kDN,exponential,23.016407387709734,29.26750109677905,0.6582739270204726,0.5513342379014021,14.523435801892335,37.43230108480529,0.009156385426992137,0.0386715339162677,"[[2167, 938], [1098, 1755]]","[[207, 138], [159, 158]]"
disclosure_x_bias,179,init_hard,kDN,exponential,23.008357062347354,29.27318543874093,0.6584419942473634,0.5498417005879692,14.526615148577868,37.495954456026304,0.00894053760051452,0.03762654030972432,"[[2166, 939], [1096, 1757]]","[[206, 139], [159, 158]]"
disclosure_x_bias,180,init_hard,kDN,exponential,23.00704887177326,29.268913090126755,0.6582739270204726,0.5513342379014021,14.53869307233179,37.4513497034895,0.009156385426992137,0.0386715339162677,"[[2166, 939], [1097, 1756]]","[[207, 138], [159, 158]]"
disclosure_x_bias,181,init_hard,kDN,exponential,23.005676251377896,29.28499664251968,0.6587781287011449,0.5513342379014021,14.54205651371982,37.50017772502238,0.009722644350628471,0.0386715339162677,"[[2164, 941], [1092, 1761]]","[[207, 138], [159, 158]]"
disclosure_x_bias,182,init_hard,kDN,exponential,22.98152168270645,29.231197155298986,0.6589461959280356,0.5513116236996833,14.548333986222005,37.49210996802677,0.009509748737428481,0.03956666079337157,"[[2166, 939], [1093, 1760]]","[[206, 139], [158, 159]]"
disclosure_x_bias,183,init_hard,kDN,exponential,23.01868858613829,29.247756645215624,0.6589461959280356,0.5498190863862505,14.555721591755713,37.49536261707937,0.009343839351209988,0.03789737346809807,"[[2166, 939], [1093, 1760]]","[[206, 139], [159, 158]]"
disclosure_x_bias,184,init_hard,kDN,exponential,23.031238813904213,29.257533090722298,0.6584428402233377,0.5513116236996833,14.558772095028125,37.44706673255298,0.0093185571402634,0.041455593759211665,"[[2166, 939], [1096, 1757]]","[[206, 139], [158, 159]]"
disclosure_x_bias,185,init_hard,kDN,exponential,23.017954983203058,29.210569954866276,0.6591142631549264,0.5513116236996833,14.553528407685677,37.44835802670597,0.00915301991457081,0.04083565906653688,"[[2165, 940], [1091, 1762]]","[[205, 140], [157, 160]]"
disclosure_x_bias,186,init_hard,kDN,exponential,23.0009989329524,29.242406719417914,0.6594495516327337,0.5528041610131162,14.532718320573855,37.51792751171648,0.009065654295897452,0.0435020612974351,"[[2166, 939], [1090, 1763]]","[[206, 139], [157, 160]]"
disclosure_x_bias,187,init_hard,kDN,exponential,23.02310939582693,29.267178115182087,0.6594495516327337,0.5513116236996833,14.5836377003615,37.50122421783905,0.009168581141561973,0.03956666079337157,"[[2168, 937], [1092, 1761]]","[[206, 139], [158, 159]]"
disclosure_x_bias,188,init_hard,kDN,exponential,23.017474274168798,29.265167127845825,0.6592817663978343,0.5528267752148349,14.556356506855156,37.53476889719826,0.009778810258987749,0.04024638974907638,"[[2168, 937], [1093, 1760]]","[[207, 138], [158, 159]]"
disclosure_x_bias,189,init_hard,kDN,exponential,23.00769017909176,29.214049042988346,0.6594495516327337,0.5497964721845319,14.555227321345125,37.38981823903325,0.009404364001267127,0.04073344439375246,"[[2168, 937], [1092, 1761]]","[[205, 140], [158, 159]]"
disclosure_x_bias,190,init_hard,kDN,exponential,23.01988889022787,29.24211355787857,0.6594495516327337,0.5528267752148349,14.567021191720556,37.44007061188475,0.009236561862539879,0.04024638974907638,"[[2168, 937], [1092, 1761]]","[[207, 138], [158, 159]]"
disclosure_x_bias,191,init_hard,kDN,exponential,22.980524642060413,29.204022546986558,0.6592817663978343,0.5528267752148349,14.557510265627805,37.393175956014005,0.00925286825542845,0.04024638974907638,"[[2167, 938], [1092, 1761]]","[[207, 138], [158, 159]]"
disclosure_x_bias,192,init_hard,kDN,exponential,22.973270831206108,29.204102143544326,0.6592820483898257,0.5528041610131162,14.556692076165723,37.41340711516879,0.009474785270931296,0.0435020612974351,"[[2167, 938], [1092, 1761]]","[[206, 139], [157, 160]]"
disclosure_x_bias,193,init_hard,kDN,exponential,22.91655297279325,29.14673960246135,0.659617336867633,0.5512890094979647,14.5974333932949,37.40572491998235,0.009871216851980827,0.04404693358902919,"[[2167, 938], [1090, 1763]]","[[205, 140], [157, 160]]"
disclosure_x_bias,194,init_hard,kDN,exponential,22.957094249123664,29.16352688265486,0.6597856860865152,0.5512890094979647,14.615119490390788,37.475376971926686,0.009538401403978625,0.042873091252388626,"[[2168, 937], [1090, 1763]]","[[205, 140], [157, 160]]"
disclosure_x_bias,195,init_hard,kDN,exponential,22.966279720353164,29.195890288257782,0.6604562630421296,0.5528041610131162,14.638836683769506,37.554447608106884,0.00899550464879167,0.04291170160452097,"[[2166, 939], [1084, 1769]]","[[206, 139], [157, 160]]"
disclosure_x_bias,196,init_hard,kDN,exponential,22.9724693383208,29.183327582324846,0.6604565450341211,0.5512890094979647,14.608848591321962,37.505837519167784,0.009053585576783275,0.04404693358902919,"[[2166, 939], [1084, 1769]]","[[205, 140], [157, 160]]"
disclosure_x_bias,197,init_hard,kDN,exponential,22.939178745787338,29.17813701135983,0.6602884778072303,0.5497738579828132,14.618445783751971,37.451452585567296,0.008893456498084186,0.043367078005707896,"[[2166, 939], [1085, 1768]]","[[204, 141], [157, 160]]"
disclosure_x_bias,198,init_hard,kDN,exponential,22.94752671652764,29.190473015169268,0.660792961479894,0.5528041610131162,14.634783967148906,37.50351693537168,0.009072281011333097,0.04291170160452097,"[[2166, 939], [1082, 1771]]","[[206, 139], [157, 160]]"
disclosure_x_bias,199,init_hard,kDN,exponential,22.933506206119855,29.206562442770498,0.660792961479894,0.5512890094979647,14.624257173908804,37.47243172041166,0.009673005570590976,0.04227394884565772,"[[2167, 938], [1083, 1770]]","[[205, 140], [157, 160]]"
disclosure_x_bias,200,init_hard,kDN,exponential,22.731965447467697,28.42592578673367,0.6607932434718855,0.5512890094979647,14.567627395263907,35.67689612106683,0.01001258331020059,0.04404693358902919,"[[2165, 940], [1081, 1772]]","[[205, 140], [157, 160]]"
disclosure_x_bias,201,init_hard,kDN,exponential,22.83961071026154,29.03960608852982,0.6602890417912131,0.5497738579828132,14.493807223672738,36.30582283962147,0.009384778682936204,0.04565921883776122,"[[2162, 943], [1081, 1772]]","[[203, 142], [156, 161]]"
disclosure_x_bias,202,init_hard,kDN,exponential,22.840086493581058,29.021729565932038,0.6611288139416841,0.5512890094979647,14.532561370366487,36.21716277729643,0.009795751955161172,0.04404693358902919,"[[2168, 937], [1082, 1771]]","[[205, 140], [157, 160]]"
disclosure_x_bias,203,init_hard,kDN,exponential,22.84535722646408,29.03862890988531,0.6606243302690203,0.5512890094979647,14.52830179876379,36.2678335992905,0.008907923450128395,0.04404693358902919,"[[2168, 937], [1085, 1768]]","[[205, 140], [157, 160]]"
disclosure_x_bias,204,init_hard,kDN,exponential,22.834423669653713,29.033406113998247,0.660792961479894,0.5497738579828132,14.50685230128326,36.23518846670048,0.009575502307033442,0.043367078005707854,"[[2166, 939], [1082, 1771]]","[[204, 141], [157, 160]]"
disclosure_x_bias,205,init_hard,kDN,exponential,22.907978480280555,29.033947810163397,0.6606246122610118,0.5543193125282677,14.561701131600023,36.27721562327803,0.008965509536161907,0.04168446221725198,"[[2162, 943], [1079, 1774]]","[[206, 139], [156, 161]]"
disclosure_x_bias,206,init_hard,kDN,exponential,22.839189334781427,29.016574004784893,0.6614638204274998,0.5543193125282677,14.514966087682755,36.236448363995315,0.009934260664185146,0.0434814902910718,"[[2163, 942], [1075, 1778]]","[[205, 140], [155, 162]]"
disclosure_x_bias,207,init_hard,kDN,exponential,22.837863346671586,29.032203027868086,0.6612957532006091,0.5528041610131162,14.52004645242938,36.28066103844055,0.00809540067836129,0.04231310591371295,"[[2165, 940], [1078, 1775]]","[[205, 140], [156, 161]]"
disclosure_x_bias,208,init_hard,kDN,exponential,22.839623868639894,29.045010992313344,0.6617993908972986,0.5558344640434193,14.518050433648712,36.263734031263915,0.009260758208067453,0.0422104102494349,"[[2168, 937], [1078, 1775]]","[[207, 138], [156, 161]]"
disclosure_x_bias,209,init_hard,kDN,exponential,22.835425904512668,29.051750219695073,0.6623024646100051,0.5543193125282677,14.524800498987497,36.323750406759345,0.007915918096209106,0.04289084745493165,"[[2166, 939], [1073, 1780]]","[[206, 139], [156, 161]]"
disclosure_x_bias,210,init_hard,kDN,exponential,22.865514823047896,29.100042940699364,0.6619668941402064,0.5543193125282677,14.584358427321161,36.35676806750755,0.010355900353039503,0.04289084745493165,"[[2163, 942], [1072, 1781]]","[[206, 139], [156, 161]]"
disclosure_x_bias,211,init_hard,kDN,exponential,22.85945697127939,29.043331546608936,0.6629741695335852,0.5543193125282677,14.592931242396556,36.32663258206265,0.008508837151717944,0.04168446221725197,"[[2167, 938], [1070, 1783]]","[[206, 139], [156, 161]]"
disclosure_x_bias,212,init_hard,kDN,exponential,22.86117520254358,29.06815141365508,0.6629741695335852,0.5543193125282677,14.604388733944015,36.344253843051895,0.009933549334854911,0.04168446221725197,"[[2165, 940], [1068, 1785]]","[[206, 139], [156, 161]]"
disclosure_x_bias,213,init_hard,kDN,exponential,22.84070794184848,29.005380619559496,0.6626385990637866,0.5528041610131162,14.573110174609681,36.207937024157566,0.009284624318667011,0.04231310591371295,"[[2166, 939], [1071, 1782]]","[[205, 140], [156, 161]]"
disclosure_x_bias,214,init_hard,kDN,exponential,22.85473631325098,29.05907446950486,0.6631419547684846,0.5528041610131162,14.585082359998946,36.2791268729179,0.009225552561262316,0.04231310591371295,"[[2166, 939], [1068, 1785]]","[[205, 140], [156, 161]]"
disclosure_x_bias,215,init_hard,kDN,exponential,22.837887245935228,29.039891479749446,0.6633097400033839,0.5512890094979647,14.574906929486115,36.23782088397072,0.009727835497910809,0.041666191912327774,"[[2171, 934], [1072, 1781]]","[[205, 140], [157, 160]]"
disclosure_x_bias,216,init_hard,kDN,exponential,22.83091851025527,29.041261451458023,0.6633097400033839,0.5528041610131162,14.590602034271921,36.2393105642947,0.008992643642004382,0.04231310591371295,"[[2163, 942], [1064, 1789]]","[[205, 140], [156, 161]]"
disclosure_x_bias,217,init_hard,kDN,exponential,22.814926669200812,29.034466067948113,0.6636453104731825,0.5528041610131162,14.58848192811183,36.2528939312076,0.008533416496744493,0.04108976182705836,"[[2170, 935], [1069, 1784]]","[[206, 139], [157, 160]]"
disclosure_x_bias,218,init_hard,kDN,exponential,22.846570736879816,29.1419318289228,0.663309176019401,0.5528041610131162,14.600698250707639,36.48861369182668,0.00887728386465193,0.04108976182705836,"[[2170, 935], [1071, 1782]]","[[206, 139], [157, 160]]"
disclosure_x_bias,219,init_hard,kDN,exponential,22.843735738430972,29.141889262812548,0.6636453104731825,0.5528041610131162,14.60460722284913,36.4736874388025,0.008533416496744493,0.04108976182705836,"[[2169, 936], [1068, 1785]]","[[206, 139], [157, 160]]"
disclosure_x_bias,220,init_hard,kDN,exponential,22.825735839289106,29.130471013278775,0.6639811629349726,0.5528041610131162,14.600965034715175,36.48808356588976,0.00869357685420802,0.04108976182705836,"[[2170, 935], [1067, 1786]]","[[206, 139], [157, 160]]"
disclosure_x_bias,221,init_hard,kDN,exponential,22.831066551923062,29.132312358354323,0.6636450284811911,0.5497738579828132,14.591538970771996,36.49911861302928,0.008361269485333922,0.0415651037188901,"[[2170, 935], [1069, 1784]]","[[204, 141], [157, 160]]"
disclosure_x_bias,222,init_hard,kDN,exponential,22.825954348240455,29.130852535124767,0.6636450284811911,0.5512890094979647,14.610216552565994,36.49536132625075,0.008727359386548778,0.04104943782738782,"[[2169, 936], [1068, 1785]]","[[205, 140], [157, 160]]"
disclosure_x_bias,223,init_hard,kDN,exponential,22.82447802088347,29.12339522916316,0.6639808809429812,0.5512890094979647,14.611759656650756,36.457371684749354,0.008561291767403594,0.04104943782738782,"[[2173, 932], [1070, 1783]]","[[205, 140], [157, 160]]"
disclosure_x_bias,224,init_hard,kDN,exponential,22.841628071158638,29.14111934096785,0.6639805989509898,0.5512890094979647,14.622387224856327,36.511264115194884,0.00889545303082036,0.04104943782738782,"[[2166, 939], [1063, 1790]]","[[205, 140], [157, 160]]"
disclosure_x_bias,225,init_hard,kDN,exponential,22.799441396331968,29.123006212730342,0.6643161694207884,0.5497738579828132,14.637640789227397,36.50208616687323,0.008326414564243507,0.043367078005707854,"[[2161, 944], [1056, 1797]]","[[203, 142], [156, 161]]"
disclosure_x_bias,226,init_hard,kDN,exponential,22.796528059206242,29.099887001012387,0.6641483841858891,0.5512890094979647,14.627223268323434,36.470603421171695,0.008671724632402006,0.0446222765121492,"[[2157, 948], [1053, 1800]]","[[203, 142], [155, 162]]"
disclosure_x_bias,227,init_hard,kDN,exponential,22.788694558764753,29.115976898036166,0.664148948169872,0.5497738579828132,14.633207382533872,36.48439598024599,0.009606898948950183,0.043367078005707854,"[[2161, 944], [1057, 1796]]","[[203, 142], [156, 161]]"
disclosure_x_bias,228,init_hard,kDN,exponential,22.79629869187968,29.074619738177823,0.6644839546556878,0.5497738579828132,14.635687146148644,36.39972387423671,0.009098929165506529,0.043367078005707854,"[[2164, 941], [1058, 1795]]","[[203, 142], [156, 161]]"
disclosure_x_bias,229,init_hard,kDN,exponential,22.812445043942194,29.13994101143158,0.6649878743443687,0.5482587064676616,14.642156948757734,36.473593143005246,0.009176798249788043,0.04261658163974348,"[[2171, 934], [1062, 1791]]","[[202, 143], [156, 161]]"
disclosure_x_bias,230,init_hard,kDN,exponential,22.794277002293448,29.07510627288034,0.6644842366476792,0.5497738579828132,14.648430428673691,36.39677114570315,0.009086823907147011,0.043367078005707854,"[[2162, 943], [1056, 1797]]","[[202, 143], [155, 162]]"
disclosure_x_bias,231,init_hard,kDN,exponential,22.793831383487795,29.06812029530837,0.6654909480570752,0.5497738579828132,14.651134145463272,36.37638475489838,0.008948223993641445,0.043367078005707854,"[[2169, 936], [1057, 1796]]","[[203, 142], [156, 161]]"
disclosure_x_bias,232,init_hard,kDN,exponential,22.754040197109948,29.02141069795831,0.665491512041058,0.5482587064676616,14.653190075322515,36.43037161362516,0.009469662164904637,0.04261658163974348,"[[2171, 934], [1059, 1794]]","[[202, 143], [156, 161]]"
disclosure_x_bias,233,init_hard,kDN,exponential,22.754500079217657,29.026969239925016,0.6658273645028482,0.5497738579828132,14.652004556251025,36.432525400924284,0.009342771220441517,0.043367078005707854,"[[2171, 934], [1057, 1796]]","[[203, 142], [156, 161]]"
disclosure_x_bias,234,init_hard,kDN,exponential,22.74803887711909,29.034086940817637,0.6663310021995376,0.5482587064676616,14.653591983283171,36.45815630360113,0.010183179880099435,0.04261658163974348,"[[2173, 932], [1056, 1797]]","[[202, 143], [156, 161]]"
disclosure_x_bias,235,init_hard,kDN,exponential,22.765520354603957,29.025259954309057,0.6664990694264283,0.5482587064676616,14.675993503615675,36.41858469616529,0.010027467753481836,0.04261658163974348,"[[2174, 931], [1056, 1797]]","[[202, 143], [156, 161]]"
disclosure_x_bias,236,init_hard,kDN,exponential,22.75659277885011,29.045477955276834,0.6664985054424454,0.5482587064676616,14.664051769050316,36.47190186937384,0.009828907623367758,0.04261658163974348,"[[2175, 930], [1057, 1796]]","[[202, 143], [156, 161]]"
disclosure_x_bias,237,init_hard,kDN,exponential,22.691446304598212,29.04618843058959,0.6666662906773448,0.5497738579828132,14.698790153341937,36.44259134434719,0.010659936322602434,0.043367078005707854,"[[2172, 933], [1053, 1800]]","[[203, 142], [156, 161]]"
disclosure_x_bias,238,init_hard,kDN,exponential,22.668363276665698,29.047685072584436,0.6663298742315719,0.5482587064676616,14.65539325841745,36.474779679104216,0.010646357448966824,0.04261658163974348,"[[2174, 931], [1057, 1796]]","[[202, 143], [156, 161]]"
disclosure_x_bias,239,init_hard,kDN,exponential,22.713113117098203,29.00496616422451,0.6670018611471434,0.5497738579828132,14.686062220311284,36.36419811507399,0.011512444133069677,0.043367078005707854,"[[2173, 932], [1052, 1801]]","[[203, 142], [156, 161]]"
disclosure_x_bias,240,init_hard,kDN,exponential,22.697113717276643,28.990981927931433,0.6668343579042355,0.5497738579828132,14.683038102469409,36.33177753415877,0.011171164361893336,0.043367078005707854,"[[2173, 932], [1053, 1800]]","[[203, 142], [156, 161]]"
disclosure_x_bias,241,init_hard,kDN,exponential,22.689948374898098,28.992448195102327,0.6666662906773448,0.5482587064676616,14.647010083600529,36.3512293845286,0.011372101358882575,0.04261658163974348,"[[2173, 932], [1054, 1799]]","[[202, 143], [156, 161]]"
disclosure_x_bias,242,init_hard,kDN,exponential,22.703683768368894,29.02677640817858,0.6670018611471434,0.5482587064676616,14.688949772619498,36.39088544525425,0.010724721042589239,0.04261658163974348,"[[2174, 931], [1053, 1800]]","[[202, 143], [156, 161]]"
disclosure_x_bias,243,init_hard,kDN,exponential,22.704148704132287,28.991804029164804,0.667001579155152,0.5482587064676616,14.699088388132958,36.355012563360745,0.011548092174930507,0.04261658163974348,"[[2176, 929], [1055, 1798]]","[[202, 143], [156, 161]]"
disclosure_x_bias,244,init_hard,kDN,exponential,22.700992862832255,28.997275698807094,0.6663298742315719,0.5497738579828132,14.701895039912225,36.374961433967975,0.010994615086354012,0.043367078005707854,"[[2171, 934], [1054, 1799]]","[[203, 142], [156, 161]]"
disclosure_x_bias,245,init_hard,kDN,exponential,22.69913706751959,28.986234977673423,0.6670027071231177,0.5482813206693804,14.698331456564615,36.365085573670335,0.009995760383262314,0.04119210622481848,"[[2177, 928], [1056, 1797]]","[[203, 142], [157, 160]]"
disclosure_x_bias,246,init_hard,kDN,exponential,22.70582208742866,28.970959274051705,0.6668340759122441,0.5482813206693804,14.708407524199803,36.32566155042608,0.010276076729006186,0.03929050785680515,"[[2177, 928], [1057, 1796]]","[[203, 142], [157, 160]]"
disclosure_x_bias,247,init_hard,kDN,exponential,22.699383368054246,29.00917518877001,0.6675057808358242,0.5482813206693804,14.70215519100103,36.386653256838315,0.009540748162240454,0.04119210622481848,"[[2180, 925], [1056, 1797]]","[[203, 142], [157, 160]]"
disclosure_x_bias,248,init_hard,kDN,exponential,22.666711071297264,28.955508002753874,0.668177203767413,0.5482813206693804,14.7078025857184,36.40362042315411,0.01049629338101859,0.04119210622481848,"[[2183, 922], [1055, 1798]]","[[203, 142], [157, 160]]"
disclosure_x_bias,249,init_hard,kDN,exponential,22.671252327353223,28.980323803368538,0.6680091365405223,0.5482813206693804,14.710030747602065,36.43125999347282,0.009623977280553926,0.04119210622481848,"[[2182, 923], [1055, 1798]]","[[203, 142], [157, 160]]"
disclosure_x_bias,250,init_hard,kDN,exponential,22.675974632299656,28.957637189782826,0.6680085725565393,0.5497964721845319,14.724785847150354,36.40275298456866,0.009934057412736895,0.04010234768250568,"[[2182, 923], [1055, 1798]]","[[204, 141], [157, 160]]"
disclosure_x_bias,251,init_hard,kDN,exponential,22.676111503268267,29.011054663048448,0.6680091365405223,0.5482813206693804,14.717799875972473,36.4931919248644,0.009785138012538223,0.04119210622481848,"[[2180, 925], [1053, 1800]]","[[203, 142], [157, 160]]"
disclosure_x_bias,252,init_hard,kDN,exponential,22.679472809576453,29.0034016298661,0.6675052168518414,0.5482813206693804,14.758104693805615,36.470326793756996,0.00991670295586104,0.0430097107968397,"[[2180, 925], [1056, 1797]]","[[203, 142], [157, 160]]"
disclosure_x_bias,253,init_hard,kDN,exponential,22.680968075135233,29.021242451352787,0.6680085725565394,0.5482813206693804,14.738214600294677,36.50629217216678,0.009548734331461249,0.04119210622481848,"[[2183, 922], [1056, 1797]]","[[203, 142], [157, 160]]"
disclosure_x_bias,254,init_hard,kDN,exponential,22.67999266834762,29.020364735702778,0.6675052168518414,0.5482813206693804,14.756805536818298,36.47431701311183,0.00991670295586104,0.0430097107968397,"[[2180, 925], [1056, 1797]]","[[203, 142], [157, 160]]"
disclosure_x_bias,255,init_hard,kDN,exponential,22.64211000325385,29.039279371589874,0.6678407873216401,0.5497964721845319,14.809115138895017,36.53132059156367,0.00972990782145283,0.04010234768250568,"[[2182, 923], [1056, 1797]]","[[204, 141], [157, 160]]"
disclosure_x_bias,256,init_hard,kDN,exponential,22.64629829056714,29.013959477066937,0.6688474987310361,0.5497964721845319,14.798219636637652,36.47658662660515,0.008994932103749322,0.04010234768250568,"[[2186, 919], [1054, 1799]]","[[204, 141], [157, 160]]"
disclosure_x_bias,257,init_hard,kDN,exponential,22.636907175716733,29.0335222298644,0.6693511364277255,0.5483039348710991,14.812414557142494,36.49920960673374,0.008918121158693924,0.03839092576288883,"[[2186, 919], [1051, 1802]]","[[203, 142], [157, 160]]"
disclosure_x_bias,258,init_hard,kDN,exponential,22.64771210784092,29.043519092749413,0.6686799954881282,0.5483039348710991,14.783232413120531,36.54184332156872,0.010100126056393932,0.03839092576288883,"[[2181, 924], [1050, 1803]]","[[203, 142], [157, 160]]"
disclosure_x_bias,259,init_hard,kDN,exponential,22.64859810731445,29.02625094510366,0.6696869888895155,0.5483039348710991,14.783011235289104,36.4986831173132,0.00941584412529657,0.03839092576288883,"[[2185, 920], [1048, 1805]]","[[203, 142], [157, 160]]"
disclosure_x_bias,260,init_hard,kDN,exponential,22.665156791770723,29.57106020077211,0.6696869888895155,0.5483039348710991,14.631430519151689,36.96946981863248,0.00964634827384946,0.03839092576288883,"[[2187, 918], [1050, 1803]]","[[203, 142], [157, 160]]"
disclosure_x_bias,261,init_hard,kDN,exponential,22.710403326349443,29.501137887060686,0.6696875528734985,0.5498190863862505,14.685618785353473,36.9052216202697,0.009123376460500588,0.03856457076528738,"[[2186, 919], [1049, 1804]]","[[203, 142], [156, 161]]"
disclosure_x_bias,262,init_hard,kDN,exponential,22.691716709596285,29.531951503331705,0.670190626586205,0.5483039348710991,14.713070614612448,36.91860480330794,0.009880295537018984,0.03839092576288883,"[[2189, 916], [1049, 1804]]","[[203, 142], [157, 160]]"
disclosure_x_bias,263,init_hard,kDN,exponential,22.69220899076394,29.48753400029828,0.6695192036546163,0.5498190863862505,14.702720948891953,36.899159644824664,0.009567666623681692,0.03856457076528738,"[[2187, 918], [1051, 1802]]","[[203, 142], [156, 161]]"
disclosure_x_bias,264,init_hard,kDN,exponential,22.69775768163279,29.51358497531253,0.6701909085781963,0.5483039348710991,14.709931393012077,36.91600674217463,0.010213725314213358,0.03839092576288883,"[[2188, 917], [1048, 1805]]","[[203, 142], [157, 160]]"
disclosure_x_bias,265,init_hard,kDN,exponential,22.68432484684179,29.493259966505907,0.6698553381083977,0.5483039348710991,14.696893943883769,36.89534690889753,0.010768699581988351,0.03772065718411182,"[[2185, 920], [1047, 1806]]","[[202, 143], [156, 161]]"
disclosure_x_bias,266,init_hard,kDN,exponential,22.7102443451815,29.556781350781442,0.6693514184197169,0.5498190863862505,14.757111351098137,36.96988541688472,0.010397510298149509,0.03986548034793464,"[[2185, 920], [1050, 1803]]","[[203, 142], [156, 161]]"
disclosure_x_bias,267,init_hard,kDN,exponential,22.688389920069604,29.524612721620418,0.6703586938130958,0.5513342379014021,14.72037767882486,36.93034480011867,0.009481978482368458,0.039968962214420235,"[[2188, 917], [1047, 1806]]","[[203, 142], [155, 162]]"
disclosure_x_bias,268,init_hard,kDN,exponential,22.694639289445863,29.558774049003887,0.6693514184197169,0.5498190863862505,14.727055403808235,36.975133377773034,0.010030007530076877,0.03986548034793464,"[[2185, 920], [1050, 1803]]","[[203, 142], [156, 161]]"
disclosure_x_bias,269,init_hard,kDN,exponential,22.7041537898282,29.541973457593446,0.6706953922508601,0.5498190863862505,14.728196258228811,36.93343827733177,0.009021748117932094,0.041740892790675055,"[[2191, 914], [1048, 1805]]","[[203, 142], [156, 161]]"
disclosure_x_bias,270,init_hard,kDN,exponential,22.70014439389924,29.575776946954484,0.6698547741244149,0.545273631840796,14.736127890626648,37.001026478804555,0.009688945671680084,0.042894689247702046,"[[2189, 916], [1051, 1802]]","[[201, 144], [157, 160]]"
disclosure_x_bias,271,init_hard,kDN,exponential,22.708065355373193,29.59869119464248,0.6708631774857594,0.5498190863862505,14.73813386486083,37.054125992075505,0.009149665312270119,0.041740892790675055,"[[2192, 913], [1048, 1805]]","[[203, 142], [156, 161]]"
disclosure_x_bias,272,init_hard,kDN,exponential,22.70187279634173,29.5244579361973,0.6701903445942136,0.5467887833559475,14.745433276558051,36.92073875694336,0.009954337752216482,0.0401054152314927,"[[2189, 916], [1049, 1804]]","[[202, 143], [157, 160]]"
disclosure_x_bias,273,init_hard,kDN,exponential,22.714990266871787,29.62884571524607,0.6708631774857594,0.5467887833559475,14.743291387198287,37.14505831712406,0.009485375574122726,0.0401054152314927,"[[2192, 913], [1048, 1805]]","[[202, 143], [157, 160]]"
disclosure_x_bias,274,init_hard,kDN,exponential,22.556307421561947,28.960493133655234,0.6713668151824488,0.5483039348710991,14.692116668904038,35.64872489891039,0.009393862157140687,0.04033495740077957,"[[2195, 910], [1048, 1805]]","[[202, 143], [156, 161]]"
disclosure_x_bias,275,init_hard,kDN,exponential,22.524160493847315,28.8913350516305,0.6715346004173481,0.545273631840796,14.703571165258118,35.64863833378328,0.009731285652408887,0.03916456498513423,"[[2199, 906], [1051, 1802]]","[[202, 143], [158, 159]]"
disclosure_x_bias,276,init_hard,kDN,exponential,22.533959258306076,28.91134880038254,0.6710303987366759,0.5483039348710991,14.720845982054572,35.680290077976665,0.009461667987051932,0.04033495740077957,"[[2196, 909], [1051, 1802]]","[[202, 143], [156, 161]]"
disclosure_x_bias,277,init_hard,kDN,exponential,22.4895697662404,28.897828260460464,0.6710306807286673,0.5483039348710991,14.709469271365112,35.64012696034634,0.008905284314194439,0.04033495740077957,"[[2199, 906], [1054, 1799]]","[[202, 143], [156, 161]]"
disclosure_x_bias,278,init_hard,kDN,exponential,22.50090848154444,28.912707244672994,0.6710306807286673,0.5483039348710991,14.722673935391938,35.682453582508025,0.008619704702143438,0.04033495740077957,"[[2198, 907], [1053, 1800]]","[[202, 143], [156, 161]]"
disclosure_x_bias,279,init_hard,kDN,exponential,22.48861430626679,28.90617258104112,0.6706948282668772,0.5483039348710991,14.72174915734961,35.66538571482575,0.009483733831684502,0.04033495740077957,"[[2197, 908], [1054, 1799]]","[[202, 143], [156, 161]]"
disclosure_x_bias,280,init_hard,kDN,exponential,22.48154851976448,28.899734793828298,0.6705270430319779,0.5467887833559475,14.729991560251099,35.6835181133522,0.008662681584040103,0.0401054152314927,"[[2196, 909], [1054, 1799]]","[[202, 143], [157, 160]]"
disclosure_x_bias,281,init_hard,kDN,exponential,22.486828948872862,28.890629007329984,0.6703592577970785,0.5498190863862505,14.73107346329078,35.65892287991296,0.009623481931571762,0.0398654803479347,"[[2194, 911], [1053, 1800]]","[[202, 143], [155, 162]]"
disclosure_x_bias,282,init_hard,kDN,exponential,22.503732578197564,28.89330812762097,0.6727102250296092,0.5513342379014021,14.727442609088403,35.64060127780899,0.009307231507436496,0.04060213224731065,"[[2202, 903], [1047, 1806]]","[[202, 143], [154, 163]]"
disclosure_x_bias,283,init_hard,kDN,exponential,22.52376307463119,28.914511600031272,0.6715343184253567,0.5498190863862505,14.755100066540765,35.67260057947338,0.00918001050688681,0.0398654803479347,"[[2200, 905], [1052, 1801]]","[[202, 143], [155, 162]]"
disclosure_x_bias,284,init_hard,kDN,exponential,22.522285762937294,28.893039786306936,0.6713662511984659,0.5498190863862505,14.750755494943215,35.62781988699896,0.009281312542267403,0.0398654803479347,"[[2199, 906], [1052, 1801]]","[[202, 143], [155, 162]]"
disclosure_x_bias,285,init_hard,kDN,exponential,22.52879240504975,28.896121231295275,0.6717023856522475,0.5498190863862505,14.754628629131645,35.652885395910175,0.009277623415088017,0.0398654803479347,"[[2199, 906], [1050, 1803]]","[[202, 143], [155, 162]]"
disclosure_x_bias,286,init_hard,kDN,exponential,22.512445122044696,28.862164566501303,0.6717023856522475,0.5483039348710991,14.75359885755135,35.57126632824328,0.009444696049105665,0.039697526194869444,"[[2199, 906], [1050, 1803]]","[[202, 143], [156, 161]]"
disclosure_x_bias,287,init_hard,kDN,exponential,22.574906934141463,28.956433700582085,0.6715343184253568,0.5483039348710991,14.776033595829496,35.77145628463354,0.008831748497647425,0.039049691208279634,"[[2198, 907], [1050, 1803]]","[[202, 143], [156, 161]]"
disclosure_x_bias,288,init_hard,kDN,exponential,22.564221449368706,28.961961365441745,0.6717023856522475,0.5483039348710991,14.77007189479248,35.758966664803005,0.009038534953921809,0.039049691208279634,"[[2198, 907], [1049, 1804]]","[[202, 143], [156, 161]]"
disclosure_x_bias,289,init_hard,kDN,exponential,22.559725149336053,28.957635488284694,0.6720382381140376,0.5467887833559475,14.776175069190513,35.78073071709021,0.008714269785325158,0.04602821261133207,"[[2198, 907], [1047, 1806]]","[[200, 145], [155, 162]]"
disclosure_x_bias,290,init_hard,kDN,exponential,22.55697245380492,28.97747154167656,0.6718701708871468,0.5467887833559475,14.764370481443642,35.81148112240083,0.00876142196367032,0.04602821261133207,"[[2199, 906], [1049, 1804]]","[[200, 145], [155, 162]]"
disclosure_x_bias,291,init_hard,kDN,exponential,22.557358966920788,28.964638972970892,0.6722060233489369,0.5467887833559475,14.771806912925031,35.80617328604406,0.008818290416700661,0.04602821261133207,"[[2197, 908], [1045, 1808]]","[[200, 145], [155, 162]]"
disclosure_x_bias,292,init_hard,kDN,exponential,22.565702842620702,28.998400964595994,0.6718698888951554,0.5497964721845319,14.78861710134329,35.851319866939996,0.008664809569789251,0.048191400945329754,"[[2197, 908], [1047, 1806]]","[[201, 144], [154, 163]]"
disclosure_x_bias,293,init_hard,kDN,exponential,22.571305882604612,29.011833085003747,0.6722057413569454,0.5467887833559475,14.828632640339363,35.871393799020325,0.008614917664318012,0.04602821261133207,"[[2198, 907], [1046, 1807]]","[[200, 145], [155, 162]]"
disclosure_x_bias,294,init_hard,kDN,exponential,22.556160331678623,29.0191663017263,0.672541311826744,0.545273631840796,14.80073519839129,35.8900796757328,0.009297053168380837,0.04577150181399661,"[[2202, 903], [1048, 1805]]","[[200, 145], [156, 161]]"
disclosure_x_bias,295,init_hard,kDN,exponential,22.563355279632525,28.995618711397004,0.67321414471829,0.545273631840796,14.802861502320434,35.845352701953296,0.00932760757484165,0.04577150181399661,"[[2204, 901], [1046, 1807]]","[[200, 145], [156, 161]]"
disclosure_x_bias,296,init_hard,kDN,exponential,22.51675278270634,29.01826802837894,0.6735497151880887,0.545273631840796,14.784436347447928,35.891724679402074,0.009032139538837122,0.04577150181399661,"[[2205, 900], [1045, 1808]]","[[200, 145], [156, 161]]"
disclosure_x_bias,297,init_hard,kDN,exponential,22.52108967450732,29.01472998461469,0.6730460774913992,0.5437584803256444,14.776660369970788,35.8886409171953,0.009158594882804056,0.044892623866733546,"[[2204, 901], [1047, 1806]]","[[200, 145], [157, 160]]"
disclosure_x_bias,298,init_hard,kDN,exponential,22.54758111914387,29.000669793160846,0.672541311826744,0.5483039348710991,14.774874017572904,35.865315444601336,0.008741694345154585,0.0467768748032251,"[[2194, 911], [1040, 1813]]","[[200, 145], [154, 163]]"
disclosure_x_bias,299,init_hard,kDN,exponential,22.54541920176161,29.029605443561167,0.6720371101460719,0.5483039348710991,14.773554383659825,35.9269417609848,0.008580427037450941,0.0467768748032251,"[[2193, 912], [1042, 1811]]","[[200, 145], [154, 163]]"
disclosure_x_bias,300,init_hard,kDN,exponential,22.5452450993673,29.008681941019894,0.6727093790536349,0.5483039348710991,14.778796625630124,35.88433737757732,0.00864499205537307,0.0467768748032251,"[[2198, 907], [1043, 1810]]","[[200, 145], [154, 163]]"
disclosure_x_bias,1,init_hard,DCP,log_loss,0.6425103956347165,0.8974948755609164,0.6181583103039874,0.5468566259611036,0.006762623238129577,0.2806540742380735,0.02399627250590758,0.024994530524254606,"[[2030, 1075], [1200, 1653]]","[[209, 136], [164, 153]]"
disclosure_x_bias,2,init_hard,DCP,log_loss,0.6416981009370419,0.8972420148569278,0.6189986464384412,0.5468566259611036,0.0067078064589824495,0.2806181268595453,0.022542693543351464,0.024994530524254606,"[[2037, 1068], [1202, 1651]]","[[209, 136], [164, 153]]"
disclosure_x_bias,3,init_hard,DCP,log_loss,0.640986949987836,0.8971473419714965,0.6216846201567876,0.5483717774762551,0.006672246729868829,0.28091247877535247,0.023567853171152977,0.02634345820143053,"[[2054, 1051], [1203, 1650]]","[[210, 135], [164, 153]]"
disclosure_x_bias,4,init_hard,DCP,log_loss,0.6402811407790996,0.8964834780129609,0.6225235463312841,0.5483717774762551,0.006648821840535468,0.2810583743134441,0.024269206599310325,0.02634345820143053,"[[2059, 1046], [1203, 1650]]","[[210, 135], [164, 153]]"
disclosure_x_bias,5,init_hard,DCP,log_loss,0.6396642171127638,0.8970450981358808,0.6247081382888726,0.5423790140208051,0.0066285505663089776,0.2812685019387889,0.022077652845517142,0.030334366460042173,"[[2089, 1016], [1220, 1633]]","[[210, 135], [168, 149]]"
disclosure_x_bias,6,init_hard,DCP,log_loss,0.6390354777614663,0.8971663451373552,0.6248756415317805,0.5423790140208051,0.0066480892630754055,0.2812836995914513,0.021654932822298304,0.030334366460042173,"[[2089, 1016], [1219, 1634]]","[[210, 135], [168, 149]]"
disclosure_x_bias,7,init_hard,DCP,log_loss,0.6384708717171581,0.8969210167999859,0.6255473464553607,0.5423790140208051,0.006646081196389079,0.28145763120019884,0.021462926398950966,0.030334366460042173,"[[2093, 1012], [1219, 1634]]","[[210, 135], [168, 149]]"
disclosure_x_bias,8,init_hard,DCP,log_loss,0.6379464604974279,0.896493537978802,0.6255473464553607,0.5438941655359566,0.006640513105340892,0.28174216789870243,0.02122846321516982,0.030878567880708453,"[[2098, 1007], [1224, 1629]]","[[211, 134], [168, 149]]"
disclosure_x_bias,9,init_hard,DCP,log_loss,0.6373967315571131,0.8961944074844613,0.6280641249788507,0.5529850746268656,0.006640398356466164,0.2818979473344323,0.016252076106795264,0.05321427545875726,"[[2073, 1032], [1184, 1669]]","[[209, 136], [160, 157]]"
disclosure_x_bias,10,init_hard,DCP,log_loss,0.6369138094625981,0.8965240282571315,0.6280641249788507,0.5529850746268656,0.006641893641406476,0.28178716164171297,0.016252076106795264,0.05321427545875726,"[[2071, 1034], [1182, 1671]]","[[209, 136], [160, 157]]"
disclosure_x_bias,11,init_hard,DCP,log_loss,0.6364104812606282,0.8967368224171312,0.6292386216231459,0.5529850746268656,0.006671529158196069,0.28199757532538927,0.014964813592615474,0.05321427545875726,"[[2095, 1010], [1199, 1654]]","[[211, 134], [162, 155]]"
disclosure_x_bias,12,init_hard,DCP,log_loss,0.6359237248004498,0.89643816178535,0.6295741920929446,0.5545002261420172,0.006693064315838096,0.28220956703678296,0.015125888453232074,0.05461141130067686,"[[2097, 1008], [1199, 1654]]","[[212, 133], [162, 155]]"
disclosure_x_bias,13,init_hard,DCP,log_loss,0.6354862270336082,0.8961929236298827,0.6302453330325418,0.5575305291723203,0.006691671406284392,0.28194025846417664,0.015049077773094213,0.054427058818320065,"[[2102, 1003], [1200, 1653]]","[[214, 131], [162, 155]]"
disclosure_x_bias,14,init_hard,DCP,log_loss,0.6350112812886903,0.8960010602580175,0.6304134002594326,0.5575305291723203,0.006731144429153465,0.28176520069882727,0.014827508648930543,0.054427058818320065,"[[2104, 1001], [1201, 1652]]","[[214, 131], [162, 155]]"
disclosure_x_bias,15,init_hard,DCP,log_loss,0.6345888542570455,0.8959891370246034,0.6304134002594326,0.5575305291723203,0.006738860283630503,0.2816955748756409,0.014827508648930543,0.054427058818320065,"[[2106, 999], [1203, 1650]]","[[214, 131], [162, 155]]"
disclosure_x_bias,16,init_hard,DCP,log_loss,0.634163871721053,0.8960163868217361,0.6304134002594326,0.5575305291723203,0.006757700832240251,0.28192125418785985,0.014827508648930543,0.054427058818320065,"[[2104, 1001], [1201, 1652]]","[[214, 131], [162, 155]]"
disclosure_x_bias,17,init_hard,DCP,log_loss,0.6337648660582802,0.8962596001755916,0.6304134002594326,0.5575305291723203,0.006765273685471711,0.28222720487233804,0.014827508648930543,0.054427058818320065,"[[2104, 1001], [1201, 1652]]","[[214, 131], [162, 155]]"
disclosure_x_bias,18,init_hard,DCP,log_loss,0.6333767414794524,0.8960302964012291,0.6310845411990299,0.5560153776571687,0.006774722386226679,0.2823058677183075,0.01516735907785623,0.054542701143771764,"[[2109, 996], [1202, 1651]]","[[214, 131], [163, 154]]"
disclosure_x_bias,19,init_hard,DCP,log_loss,0.6329926728316719,0.8957932992482652,0.6310845411990299,0.5560153776571687,0.006788488536011508,0.2820041524463008,0.01516735907785623,0.054542701143771764,"[[2109, 996], [1202, 1651]]","[[214, 131], [163, 154]]"
disclosure_x_bias,20,init_hard,DCP,log_loss,0.6326076785189654,0.8960230453625236,0.6322593198353167,0.5560153776571687,0.006818848100432514,0.2821351283205511,0.013293751960174467,0.054542701143771764,"[[2086, 1019], [1172, 1681]]","[[211, 134], [160, 157]]"
disclosure_x_bias,21,init_hard,DCP,log_loss,0.6322362909726317,0.8959603541822604,0.632427105070216,0.5560153776571687,0.006832719602005412,0.2820608997481221,0.013378739079275816,0.054542701143771764,"[[2087, 1018], [1172, 1681]]","[[211, 134], [160, 157]]"
disclosure_x_bias,22,init_hard,DCP,log_loss,0.6318544698118896,0.895846720383384,0.6325948903051153,0.5560153776571687,0.006854549636999594,0.28223841680331874,0.013622558493117536,0.054542701143771764,"[[2089, 1016], [1173, 1680]]","[[211, 134], [160, 157]]"
disclosure_x_bias,23,init_hard,DCP,log_loss,0.6315100938646369,0.8958389665403018,0.6317559641306187,0.5560153776571687,0.0068600940394441205,0.2821885513250368,0.015316989342932267,0.054542701143771764,"[[2113, 992], [1202, 1651]]","[[214, 131], [163, 154]]"
disclosure_x_bias,24,init_hard,DCP,log_loss,0.631162104817413,0.8952683060311853,0.632930460774914,0.5560153776571687,0.006873803951696818,0.28246192425223055,0.013776608346070793,0.054542701143771764,"[[2096, 1009], [1178, 1675]]","[[212, 133], [161, 156]]"
disclosure_x_bias,25,init_hard,DCP,log_loss,0.6308266453032537,0.8950420349285088,0.632930460774914,0.5560153776571687,0.006882547892156077,0.28249914356189226,0.013776608346070793,0.054542701143771764,"[[2096, 1009], [1178, 1675]]","[[212, 133], [161, 156]]"
disclosure_x_bias,26,init_hard,DCP,log_loss,0.6304861241393291,0.8951611593321452,0.6327626755400146,0.5560153776571687,0.006903966193187524,0.2825121935596089,0.013746526596675867,0.054542701143771764,"[[2095, 1010], [1178, 1675]]","[[212, 133], [161, 156]]"
disclosure_x_bias,27,init_hard,DCP,log_loss,0.6301418806587157,0.8952023994773217,0.6325948903051153,0.5560153776571687,0.006931683279671647,0.2825652315729738,0.013507261479315724,0.054542701143771764,"[[2095, 1010], [1179, 1674]]","[[212, 133], [161, 156]]"
disclosure_x_bias,28,init_hard,DCP,log_loss,0.6298066782428058,0.8945339132781273,0.6325948903051153,0.5560153776571687,0.006955479036979158,0.28274105042690234,0.013507261479315724,0.054542701143771764,"[[2095, 1010], [1179, 1674]]","[[212, 133], [161, 156]]"
disclosure_x_bias,29,init_hard,DCP,log_loss,0.629506669964924,0.8949691455958938,0.6325948903051153,0.5560153776571687,0.006959767452600397,0.28279697378728696,0.013507261479315724,0.054542701143771764,"[[2095, 1010], [1179, 1674]]","[[212, 133], [161, 156]]"
disclosure_x_bias,30,init_hard,DCP,log_loss,0.6292056267231311,0.8946378235486266,0.6332668772206869,0.5575305291723203,0.0069635662310212195,0.2829353646671335,0.014384516330233004,0.054427058818320065,"[[2099, 1006], [1179, 1674]]","[[212, 133], [160, 157]]"
disclosure_x_bias,31,init_hard,DCP,log_loss,0.628901841760484,0.8945699549372843,0.6336024476904856,0.5575305291723203,0.006974980466641313,0.28294360527453055,0.014448434051123388,0.054427058818320065,"[[2101, 1004], [1179, 1674]]","[[212, 133], [160, 157]]"
disclosure_x_bias,32,init_hard,DCP,log_loss,0.6286224181725265,0.8949530653710346,0.6336024476904856,0.559023066485753,0.0069753378674278985,0.28282971000576745,0.014448434051123388,0.05262143276816594,"[[2100, 1005], [1178, 1675]]","[[212, 133], [159, 158]]"
disclosure_x_bias,33,init_hard,DCP,log_loss,0.6283368772078866,0.894793832373308,0.6336021656984941,0.5575079149706015,0.006973313709541797,0.2829634167340788,0.014390390891490539,0.05278865485291557,"[[2099, 1006], [1177, 1676]]","[[212, 133], [160, 157]]"
disclosure_x_bias,34,init_hard,DCP,log_loss,0.6280098765759174,0.8946349569900592,0.6339380181602843,0.5575079149706015,0.006985388466781102,0.2829897551977047,0.014717537785987311,0.05278865485291557,"[[2102, 1003], [1178, 1675]]","[[212, 133], [160, 157]]"
disclosure_x_bias,35,init_hard,DCP,log_loss,0.6277253652364172,0.8945504712426198,0.6336024476904856,0.5575079149706015,0.007007372483555333,0.2831801163740773,0.014620602795170438,0.05278865485291557,"[[2100, 1005], [1178, 1675]]","[[212, 133], [160, 157]]"
disclosure_x_bias,36,init_hard,DCP,log_loss,0.6274622855701891,0.8946233294347662,0.6336024476904856,0.5590230664857531,0.007009963890094503,0.2832837733834088,0.014620602795170438,0.056816828575236386,"[[2092, 1013], [1170, 1683]]","[[212, 133], [159, 158]]"
disclosure_x_bias,37,init_hard,DCP,log_loss,0.6272042731088092,0.8944328849758003,0.634273588630083,0.5575079149706015,0.007018942929063807,0.28343379362823545,0.014549653004275834,0.058735336162099645,"[[2097, 1008], [1171, 1682]]","[[212, 133], [160, 157]]"
disclosure_x_bias,38,init_hard,DCP,log_loss,0.6269349488028813,0.8947313113181199,0.6341058033951835,0.5575079149706015,0.007022572485914347,0.2834187136364288,0.014516874816402254,0.058735336162099645,"[[2096, 1009], [1171, 1682]]","[[212, 133], [160, 157]]"
disclosure_x_bias,39,init_hard,DCP,log_loss,0.6266500470974303,0.8947345262972025,0.6359514409790762,0.5575079149706015,0.007060723081239602,0.2834212607277745,0.01417349521683008,0.05741771596366218,"[[2094, 1011], [1158, 1695]]","[[211, 134], [159, 158]]"
disclosure_x_bias,40,init_hard,DCP,log_loss,0.6263927400790573,0.8948634966942196,0.6359514409790762,0.5575079149706015,0.007066413801795603,0.28341092964158987,0.013973460188924591,0.05741771596366218,"[[2094, 1011], [1158, 1695]]","[[211, 134], [159, 158]]"
disclosure_x_bias,41,init_hard,DCP,log_loss,0.6261415256065813,0.8949406509537944,0.6357833737521854,0.5575079149706015,0.00707640210073587,0.2833414792574835,0.013720536788135972,0.05741771596366218,"[[2094, 1011], [1159, 1694]]","[[211, 134], [159, 158]]"
disclosure_x_bias,42,init_hard,DCP,log_loss,0.6258995624962529,0.8948996722821507,0.6366237098866392,0.5575079149706015,0.0070736827903790335,0.2833524493876862,0.012343412357652423,0.05741771596366218,"[[2102, 1003], [1162, 1691]]","[[211, 134], [159, 158]]"
disclosure_x_bias,43,init_hard,DCP,log_loss,0.6256656073954955,0.8948011013214078,0.6366237098866392,0.5575079149706015,0.007078120276176775,0.28326682204201487,0.012113193287527526,0.05741771596366218,"[[2102, 1003], [1162, 1691]]","[[211, 134], [159, 158]]"
disclosure_x_bias,44,init_hard,DCP,log_loss,0.6254096251898242,0.8945329446517789,0.6367914951215385,0.5575079149706015,0.007092343651693198,0.2834698165912295,0.01231861041502541,0.05741771596366218,"[[2103, 1002], [1162, 1691]]","[[211, 134], [159, 158]]"
disclosure_x_bias,45,init_hard,DCP,log_loss,0.6251460726154995,0.8942745391515843,0.6369592803564379,0.5575079149706015,0.007092143469990798,0.2834421654900692,0.012342006791031352,0.05741771596366218,"[[2104, 1001], [1162, 1691]]","[[211, 134], [159, 158]]"
disclosure_x_bias,46,init_hard,DCP,log_loss,0.6249095651503329,0.8943439137607305,0.6369592803564379,0.5575079149706015,0.007106029645634294,0.28356673211981376,0.012342006791031352,0.05741771596366218,"[[2104, 1001], [1162, 1691]]","[[211, 134], [159, 158]]"
disclosure_x_bias,47,init_hard,DCP,log_loss,0.6246771889437599,0.8945541413345548,0.637295132818228,0.5575079149706015,0.007104406357079218,0.28358061196516626,0.012296722667890857,0.05741771596366218,"[[2106, 999], [1162, 1691]]","[[211, 134], [159, 158]]"
disclosure_x_bias,48,init_hard,DCP,log_loss,0.6244426113113297,0.8943044448285876,0.6371273475833286,0.5590230664857531,0.007120758952033961,0.28327713618404693,0.012580334386517534,0.05591173047122658,"[[2106, 999], [1163, 1690]]","[[212, 133], [159, 158]]"
disclosure_x_bias,49,init_hard,DCP,log_loss,0.6241855730151086,0.8942044151403363,0.6372951328182279,0.5575079149706015,0.0071609699511460696,0.28328674733110887,0.012498566635238805,0.05741771596366218,"[[2106, 999], [1162, 1691]]","[[211, 134], [159, 158]]"
disclosure_x_bias,50,init_hard,DCP,log_loss,0.6239656553087819,0.8940451034133947,0.6374629180531273,0.5575079149706015,0.007162931463682959,0.2833994717321662,0.012712518719615876,0.05741771596366218,"[[2107, 998], [1162, 1691]]","[[211, 134], [159, 158]]"
disclosure_x_bias,51,init_hard,DCP,log_loss,0.6237218350328024,0.8940650078948187,0.6379662737578252,0.5575079149706015,0.007189853581479917,0.2834150746822517,0.012545738250678982,0.05741771596366218,"[[2110, 995], [1162, 1691]]","[[211, 134], [159, 158]]"
disclosure_x_bias,52,init_hard,DCP,log_loss,0.623506563233098,0.8940918103639957,0.6381340589927247,0.5590230664857531,0.007190077445537563,0.2834497000764615,0.012501331892314511,0.06155744664280422,"[[2114, 991], [1165, 1688]]","[[212, 133], [159, 158]]"
disclosure_x_bias,53,init_hard,DCP,log_loss,0.6232888002494433,0.894270286990808,0.6384696294625233,0.5590230664857531,0.007186733018736573,0.2834053415763319,0.012479900393805775,0.06155744664280422,"[[2115, 990], [1164, 1689]]","[[212, 133], [159, 158]]"
disclosure_x_bias,54,init_hard,DCP,log_loss,0.6230706060791882,0.8942388716556342,0.6386374146974225,0.5544776119402985,0.0072050166545930255,0.2833514892143645,0.01284846846933222,0.04949227103215141,"[[2125, 980], [1173, 1680]]","[[211, 134], [161, 156]]"
disclosure_x_bias,55,init_hard,DCP,log_loss,0.622848987692332,0.8943609566043473,0.6386374146974225,0.5544776119402985,0.007221600211723639,0.28310347040854233,0.0126769065583249,0.04949227103215141,"[[2126, 979], [1174, 1679]]","[[211, 134], [161, 156]]"
disclosure_x_bias,56,init_hard,DCP,log_loss,0.6226348199240452,0.8945614607384904,0.6393099655969771,0.5575305291723203,0.007228939866191166,0.2833706397631215,0.011175886394523478,0.06310791378440547,"[[2121, 984], [1165, 1688]]","[[212, 133], [160, 157]]"
disclosure_x_bias,57,init_hard,DCP,log_loss,0.6224350996487511,0.8944058575779341,0.6394777508318763,0.5575305291723203,0.007224508087831086,0.2833198193353775,0.011243450141738526,0.06310791378440547,"[[2121, 984], [1164, 1689]]","[[212, 133], [160, 157]]"
disclosure_x_bias,58,init_hard,DCP,log_loss,0.6222322410221176,0.8943137991882978,0.639813321301675,0.5560153776571687,0.007213557831245263,0.2830645634555787,0.010891363737131059,0.0590343821290809,"[[2122, 983], [1163, 1690]]","[[211, 134], [160, 157]]"
disclosure_x_bias,59,init_hard,DCP,log_loss,0.6220331475309763,0.8942196298664058,0.6401488917714737,0.5545002261420172,0.007214010442125692,0.28280668315284635,0.011178861269775846,0.057788516696348755,"[[2127, 978], [1166, 1687]]","[[211, 134], [161, 156]]"
disclosure_x_bias,60,init_hard,DCP,log_loss,0.6218158225427541,0.8943003564366279,0.6399811065365744,0.5575305291723203,0.007239970046768152,0.2825481650094186,0.011150248487195896,0.0576143311106304,"[[2125, 980], [1165, 1688]]","[[212, 133], [160, 157]]"
disclosure_x_bias,61,init_hard,DCP,log_loss,0.6216171906146425,0.8940590716929881,0.6399811065365744,0.5575305291723203,0.007246175726423922,0.2825390387151179,0.011150248487195896,0.0576143311106304,"[[2125, 980], [1165, 1688]]","[[212, 133], [160, 157]]"
disclosure_x_bias,62,init_hard,DCP,log_loss,0.6214073768947518,0.8942069142377284,0.6403166770063731,0.5560153776571687,0.007263929079884417,0.28255321893103813,0.011148635908302762,0.0590343821290809,"[[2126, 979], [1164, 1689]]","[[211, 134], [160, 157]]"
disclosure_x_bias,63,init_hard,DCP,log_loss,0.6212151357365563,0.8943458552369845,0.6406522474761717,0.5560153776571687,0.007261971378208536,0.2824996081319766,0.011657282547532552,0.0590343821290809,"[[2126, 979], [1162, 1691]]","[[211, 134], [160, 157]]"
disclosure_x_bias,64,init_hard,DCP,log_loss,0.6210095328080529,0.8943560503558736,0.6404844622412724,0.5560153776571687,0.0072727406167484515,0.2825815173654786,0.01163791294279155,0.0590343821290809,"[[2125, 980], [1162, 1691]]","[[211, 134], [160, 157]]"
disclosure_x_bias,65,init_hard,DCP,log_loss,0.6208231757550767,0.8943902694927133,0.6406522474761717,0.5499547715965626,0.007274539986552407,0.28277545033412166,0.011737505217450959,0.048601591341723795,"[[2140, 965], [1176, 1677]]","[[211, 134], [164, 153]]"
disclosure_x_bias,66,init_hard,DCP,log_loss,0.620618177642111,0.894315384265221,0.6406522474761717,0.5514699231117142,0.00729456840839722,0.2828589273662187,0.011657282547532552,0.04971870523831893,"[[2138, 967], [1174, 1679]]","[[211, 134], [163, 154]]"
disclosure_x_bias,67,init_hard,DCP,log_loss,0.6204266005534007,0.8943112918401775,0.6411556031808697,0.5499547715965626,0.007298738995230764,0.2827847943271196,0.011858504070331594,0.048601591341723795,"[[2140, 965], [1173, 1680]]","[[211, 134], [164, 153]]"
disclosure_x_bias,68,init_hard,DCP,log_loss,0.6202437205521556,0.8943612885145462,0.6414914556426597,0.5514699231117142,0.007293338108486783,0.2828845671641674,0.010727479844620988,0.04920299226718318,"[[2141, 964], [1172, 1681]]","[[212, 133], [164, 153]]"
disclosure_x_bias,69,init_hard,DCP,log_loss,0.6200424796942459,0.8943632987822788,0.6416592408775591,0.5514699231117142,0.007298333863973255,0.28295769165660783,0.011215602324909967,0.04920299226718318,"[[2142, 963], [1172, 1681]]","[[212, 133], [164, 153]]"
disclosure_x_bias,70,init_hard,DCP,log_loss,0.6198426665398056,0.8941854466739756,0.6418270261124583,0.5514699231117142,0.0072891521454234096,0.28309298664153704,0.011327193856708736,0.04920299226718318,"[[2143, 962], [1172, 1681]]","[[212, 133], [164, 153]]"
disclosure_x_bias,71,init_hard,DCP,log_loss,0.6196606706818127,0.8940595564099525,0.6414914556426597,0.5499547715965626,0.007290161561125298,0.28298752169791497,0.01151501421156065,0.048601591341723795,"[[2141, 964], [1172, 1681]]","[[211, 134], [164, 153]]"
disclosure_x_bias,72,init_hard,DCP,log_loss,0.6194649655125968,0.8945761939276032,0.6418270261124583,0.5499547715965626,0.007282838182824844,0.2830461340626635,0.01189297553281897,0.048601591341723795,"[[2142, 963], [1171, 1682]]","[[211, 134], [164, 153]]"
disclosure_x_bias,73,init_hard,DCP,log_loss,0.6192688627496582,0.8946701748368548,0.6423306638091478,0.5514699231117142,0.007290108907479328,0.2830369405286447,0.011412200373937004,0.04920299226718318,"[[2143, 962], [1169, 1684]]","[[212, 133], [164, 153]]"
disclosure_x_bias,74,init_hard,DCP,log_loss,0.6190838704788965,0.8946011914736847,0.6424981670520558,0.5499547715965626,0.007296857890768746,0.28294324164025186,0.01132952347480812,0.045343394951919955,"[[2142, 963], [1167, 1686]]","[[211, 134], [164, 153]]"
disclosure_x_bias,75,init_hard,DCP,log_loss,0.6188874546331468,0.8947019231062917,0.642666516270938,0.5499547715965626,0.007316612904215142,0.282716098064891,0.011489011216421716,0.045343394951919955,"[[2141, 964], [1165, 1688]]","[[211, 134], [164, 153]]"
disclosure_x_bias,76,init_hard,DCP,log_loss,0.6186951940781545,0.8945389767196534,0.6428343015058372,0.5499547715965626,0.007339305292473183,0.2829744284957416,0.011418573048434863,0.045343394951919955,"[[2143, 962], [1166, 1687]]","[[211, 134], [164, 153]]"
disclosure_x_bias,77,init_hard,DCP,log_loss,0.6185216165863777,0.8945260107625537,0.6431698719756358,0.5469244685662595,0.007341291233470281,0.28298820615404846,0.011351025813917196,0.04443078407302662,"[[2145, 960], [1166, 1687]]","[[210, 135], [165, 152]]"
disclosure_x_bias,78,init_hard,DCP,log_loss,0.618327893217409,0.8946731524264477,0.6448499802605606,0.5514246947082768,0.00734520479961666,0.2831134037240092,0.01075157014711438,0.04135675251873549,"[[2173, 932], [1184, 1669]]","[[214, 131], [166, 151]]"
disclosure_x_bias,79,init_hard,DCP,log_loss,0.6181433609820137,0.8945055574293843,0.6451855507303592,0.5514246947082768,0.007350545225864978,0.28323107053336305,0.010726486415790779,0.04135675251873549,"[[2169, 936], [1178, 1675]]","[[213, 132], [165, 152]]"
disclosure_x_bias,80,init_hard,DCP,log_loss,0.6179738211359014,0.8947793420285167,0.6455211212001579,0.5514246947082768,0.007345184223691732,0.28299657650033333,0.009643557896372355,0.04135675251873549,"[[2168, 937], [1175, 1678]]","[[213, 132], [165, 152]]"
disclosure_x_bias,81,init_hard,DCP,log_loss,0.6178029168933826,0.8947124263409588,0.6458566916699565,0.5514246947082768,0.007332229576089167,0.28300302549245243,0.009458149468147468,0.04135675251873549,"[[2172, 933], [1177, 1676]]","[[214, 131], [166, 151]]"
disclosure_x_bias,82,init_hard,DCP,log_loss,0.6176431753098255,0.8948347496485807,0.646024476904856,0.5514246947082768,0.0073313915252477095,0.28291151746574383,0.009409056230243894,0.04135675251873549,"[[2172, 933], [1176, 1677]]","[[214, 131], [166, 151]]"
disclosure_x_bias,83,init_hard,DCP,log_loss,0.6174750912138907,0.8946340755521011,0.6458566916699565,0.5514246947082768,0.007335488107213565,0.28298952724166215,0.009458149468147468,0.04135675251873549,"[[2172, 933], [1177, 1676]]","[[214, 131], [166, 151]]"
disclosure_x_bias,84,init_hard,DCP,log_loss,0.6173127205563068,0.8948292055032436,0.6458566916699565,0.5529398462234283,0.00733686409280269,0.2829539026538937,0.00958952455255528,0.04550101894582413,"[[2160, 945], [1165, 1688]]","[[213, 132], [164, 153]]"
disclosure_x_bias,85,init_hard,DCP,log_loss,0.6171449198250192,0.894604495345888,0.6466956178444532,0.5499095431931252,0.007337581995127014,0.2826925044207702,0.009444814047460507,0.04594067642499291,"[[2163, 942], [1163, 1690]]","[[212, 133], [165, 152]]"
disclosure_x_bias,86,init_hard,DCP,log_loss,0.6169675183052001,0.8946143125927992,0.6468634030793525,0.5499095431931252,0.007354249148025966,0.28251756327948885,0.009412282342554354,0.04594067642499291,"[[2162, 943], [1161, 1692]]","[[212, 133], [165, 152]]"
disclosure_x_bias,87,init_hard,DCP,log_loss,0.6167964606476068,0.8945952254958381,0.6470311883142519,0.5514246947082768,0.007351553456552414,0.2823280836875233,0.009207988837333324,0.045469631586460134,"[[2164, 941], [1162, 1691]]","[[213, 132], [165, 152]]"
disclosure_x_bias,88,init_hard,DCP,log_loss,0.6166117896143818,0.8946164734175932,0.6470311883142519,0.5499095431931252,0.00735549393785922,0.2825374835048999,0.009704175395769742,0.04594067642499291,"[[2162, 943], [1160, 1693]]","[[212, 133], [165, 152]]"
disclosure_x_bias,89,init_hard,DCP,log_loss,0.616448059528245,0.8947864922628668,0.6468634030793525,0.5499095431931252,0.007357930458791828,0.28227825762290915,0.009412282342554354,0.04594067642499291,"[[2163, 942], [1162, 1691]]","[[212, 133], [165, 152]]"
disclosure_x_bias,90,init_hard,DCP,log_loss,0.6162954857737821,0.8948028254426419,0.6470309063222605,0.5514246947082768,0.0073542666477660204,0.2823634335225525,0.009151808177732312,0.045469631586460134,"[[2164, 941], [1162, 1691]]","[[213, 132], [165, 152]]"
disclosure_x_bias,91,init_hard,DCP,log_loss,0.6161044191960218,0.8948329739574001,0.6471986915571598,0.5499095431931252,0.007347824604949431,0.2819750363920608,0.009281439129142614,0.04594067642499291,"[[2164, 941], [1161, 1692]]","[[212, 133], [165, 152]]"
disclosure_x_bias,92,init_hard,DCP,log_loss,0.6159547946624098,0.8949695818958234,0.6480376177316565,0.5483943916779738,0.007342623557938102,0.28178061219974393,0.01026094926708943,0.04232488825972103,"[[2160, 945], [1152, 1701]]","[[210, 135], [164, 153]]"
disclosure_x_bias,93,init_hard,DCP,log_loss,0.6157929196365197,0.8949431021104838,0.6482056849585472,0.5483943916779738,0.0073524990512476365,0.2817514573024631,0.010256899290822186,0.04232488825972103,"[[2159, 946], [1150, 1703]]","[[210, 135], [164, 153]]"
disclosure_x_bias,94,init_hard,DCP,log_loss,0.6156275683103746,0.8955511489067621,0.6482056849585472,0.5483943916779738,0.007332829267546698,0.28182375185166136,0.010256899290822186,0.04232488825972103,"[[2160, 945], [1151, 1702]]","[[210, 135], [164, 153]]"
disclosure_x_bias,95,init_hard,DCP,log_loss,0.6154643517186287,0.895475034814722,0.6482056849585472,0.5483943916779738,0.007345632749770083,0.28184292520980064,0.010256899290822186,0.04232488825972103,"[[2159, 946], [1150, 1703]]","[[210, 135], [164, 153]]"
disclosure_x_bias,96,init_hard,DCP,log_loss,0.6153177944097672,0.8955897543788544,0.6482059669505386,0.5483943916779738,0.007343428148852462,0.28180849415671977,0.010576728890375892,0.04232488825972103,"[[2159, 946], [1150, 1703]]","[[210, 135], [164, 153]]"
disclosure_x_bias,97,init_hard,DCP,log_loss,0.6151640257446124,0.8954643228199128,0.6473659128080762,0.5513794663048394,0.007338512833539107,0.2818684864319739,0.010934922927838013,0.041327834323559444,"[[2167, 938], [1163, 1690]]","[[212, 133], [164, 153]]"
disclosure_x_bias,98,init_hard,DCP,log_loss,0.6150014982001913,0.8955534800381034,0.6482048389825729,0.5513794663048394,0.007334764196433685,0.28167841149382133,0.010618534005458508,0.041327834323559444,"[[2169, 936], [1160, 1693]]","[[212, 133], [164, 153]]"
disclosure_x_bias,99,init_hard,DCP,log_loss,0.6148559719550637,0.8953851281430152,0.6487090406632452,0.5483943916779738,0.007328448194334043,0.28167120399044304,0.010105069405279098,0.04232488825972103,"[[2162, 943], [1150, 1703]]","[[210, 135], [164, 153]]"
disclosure_x_bias,100,init_hard,DCP,log_loss,0.6147107249968208,0.8957133481405641,0.6482051209745643,0.5528946178199909,0.007322143704995868,0.28163953564223954,0.009874930454036908,0.04011193210880474,"[[2169, 936], [1160, 1693]]","[[213, 132], [164, 153]]"
disclosure_x_bias,101,init_hard,DCP,log_loss,0.6145600377352324,0.8958085205459826,0.6487093226552366,0.5483943916779738,0.007320702207461077,0.2815541444979358,0.010094243474154064,0.04232488825972103,"[[2162, 943], [1150, 1703]]","[[210, 135], [164, 153]]"
disclosure_x_bias,102,init_hard,DCP,log_loss,0.6144135657517702,0.895973442102272,0.6482051209745643,0.5513794663048394,0.007317300816056144,0.2816965039758504,0.010125168197938723,0.041327834323559444,"[[2170, 935], [1161, 1692]]","[[212, 133], [164, 153]]"
disclosure_x_bias,103,init_hard,DCP,log_loss,0.6142664310772676,0.8957661703213311,0.6482051209745643,0.5513794663048394,0.0073183577714725405,0.2818689249419825,0.010278473537658801,0.041327834323559444,"[[2173, 932], [1164, 1689]]","[[212, 133], [164, 153]]"
disclosure_x_bias,104,init_hard,DCP,log_loss,0.6141035505725663,0.8958629335678083,0.648540691444363,0.5513794663048394,0.007326640063966285,0.2818552335191513,0.01006752722174236,0.041327834323559444,"[[2172, 933], [1161, 1692]]","[[212, 133], [164, 153]]"
disclosure_x_bias,105,init_hard,DCP,log_loss,0.6139486957210514,0.8959490692220278,0.6490440471490609,0.5528946178199909,0.007335462398628238,0.2817019478826734,0.009956907966950085,0.04011193210880474,"[[2172, 933], [1158, 1695]]","[[213, 132], [164, 153]]"
disclosure_x_bias,106,init_hard,DCP,log_loss,0.6137966903841259,0.8959022620297421,0.6490440471490609,0.5513794663048394,0.007336130828564749,0.28170687595738353,0.010447467415181632,0.041327834323559444,"[[2171, 934], [1157, 1696]]","[[212, 133], [164, 153]]"
disclosure_x_bias,107,init_hard,DCP,log_loss,0.6136026266021501,0.8957723630618597,0.6492118323839604,0.5528946178199909,0.007350652852520264,0.2818022429110057,0.010007663384151187,0.041364205571509154,"[[2167, 938], [1152, 1701]]","[[212, 133], [163, 154]]"
disclosure_x_bias,108,init_hard,DCP,log_loss,0.6134457429877862,0.8957433015692488,0.6497151880886582,0.5544097693351425,0.007343958017317654,0.2816949060224929,0.010562966563683236,0.040085822804762486,"[[2173, 932], [1155, 1698]]","[[213, 132], [163, 154]]"
disclosure_x_bias,109,init_hard,DCP,log_loss,0.6133033843928224,0.8956922137568469,0.6502185437933563,0.5544097693351425,0.0073433686411434,0.2815113173466674,0.010150992085856398,0.040085822804762486,"[[2172, 933], [1151, 1702]]","[[213, 132], [163, 154]]"
disclosure_x_bias,110,init_hard,DCP,log_loss,0.6131597697650879,0.8958845688286494,0.6493796176188595,0.5544097693351425,0.007346739432982503,0.2814352953671958,0.010270504317365035,0.040085822804762486,"[[2175, 930], [1159, 1694]]","[[213, 132], [163, 154]]"
disclosure_x_bias,111,init_hard,DCP,log_loss,0.6130227176498273,0.896044338508311,0.6507218994980543,0.5544097693351425,0.007348440592267726,0.28130164386246687,0.010557590103969679,0.040085822804762486,"[[2173, 932], [1149, 1704]]","[[212, 133], [162, 155]]"
disclosure_x_bias,112,init_hard,DCP,log_loss,0.6128844449394423,0.8960925560230002,0.6503863290282557,0.5544097693351425,0.007348548076452295,0.2813994338797404,0.010148518848474012,0.040085822804762486,"[[2171, 934], [1149, 1704]]","[[212, 133], [162, 155]]"
disclosure_x_bias,113,init_hard,DCP,log_loss,0.6127405378083364,0.8963763277374923,0.6512252552027522,0.5544097693351425,0.007341072729122259,0.2813352516501347,0.009774816450831923,0.040085822804762486,"[[2177, 928], [1150, 1703]]","[[212, 133], [162, 155]]"
disclosure_x_bias,114,init_hard,DCP,log_loss,0.6126061959434921,0.8961519092884256,0.650050758558457,0.5544097693351425,0.007339631785034838,0.28153976937749065,0.010807100901452772,0.040085822804762486,"[[2174, 931], [1154, 1699]]","[[212, 133], [162, 155]]"
disclosure_x_bias,115,init_hard,DCP,log_loss,0.6124695663166221,0.8961022407652145,0.6515608256725509,0.5544097693351425,0.007337856171912063,0.28159553687492583,0.010967353564904954,0.04133888720074022,"[[2176, 929], [1147, 1706]]","[[212, 133], [162, 155]]"
disclosure_x_bias,116,init_hard,DCP,log_loss,0.6123205645865586,0.8962550417999708,0.6513930404376516,0.5528946178199909,0.007336086492682621,0.28147815163792445,0.011102853584599537,0.041364205571509154,"[[2176, 929], [1148, 1705]]","[[211, 134], [162, 155]]"
disclosure_x_bias,117,init_hard,DCP,log_loss,0.6121640079561314,0.896205750571502,0.651057469967853,0.5544097693351425,0.0073507685080237,0.28146609591762645,0.010322073311793986,0.040085822804762486,"[[2181, 924], [1155, 1698]]","[[213, 132], [163, 154]]"
disclosure_x_bias,118,init_hard,DCP,log_loss,0.61202162226889,0.8963215586314632,0.6518963961423496,0.555924920850294,0.007355825015609678,0.2817133106419538,0.010594212837225865,0.03999597182361288,"[[2178, 927], [1147, 1706]]","[[213, 132], [162, 155]]"
disclosure_x_bias,119,init_hard,DCP,log_loss,0.6118843651815558,0.8963023541833948,0.6517286109074503,0.5528946178199909,0.0073528012064107365,0.28147955305524885,0.010141056637341302,0.03236973694158581,"[[2176, 929], [1146, 1707]]","[[211, 134], [162, 155]]"
disclosure_x_bias,120,init_hard,DCP,log_loss,0.6117415253032623,0.8965448577411955,0.6522319666121482,0.5498643147896879,0.00735825497444697,0.28115253845022964,0.010040598630421524,0.032197563945762224,"[[2178, 927], [1145, 1708]]","[[210, 135], [163, 154]]"
disclosure_x_bias,121,init_hard,DCP,log_loss,0.6116103980647012,0.8963593854004053,0.6529031075517455,0.5513794663048394,0.007356096344616288,0.2814998009752193,0.009733045917481717,0.029862127342001468,"[[2177, 928], [1140, 1713]]","[[210, 135], [162, 155]]"
disclosure_x_bias,122,init_hard,DCP,log_loss,0.6114813053250732,0.8964823872441627,0.653406745248435,0.5513794663048394,0.007355076089769465,0.28146214982652096,0.009315900814026973,0.029862127342001468,"[[2171, 934], [1131, 1722]]","[[209, 136], [161, 156]]"
disclosure_x_bias,123,init_hard,DCP,log_loss,0.6113487373530304,0.8965508929997019,0.6532389600135355,0.5528946178199909,0.007350429878989468,0.2813786600395955,0.009576845968473881,0.029912443264909053,"[[2176, 929], [1137, 1716]]","[[210, 135], [161, 156]]"
disclosure_x_bias,124,init_hard,DCP,log_loss,0.6112152054132246,0.8965156599614993,0.6532389600135355,0.5513794663048394,0.007342934133148326,0.2813789648937022,0.009378826900551694,0.031524229640874965,"[[2176, 929], [1137, 1716]]","[[209, 136], [161, 156]]"
disclosure_x_bias,125,init_hard,DCP,log_loss,0.6110890629665585,0.8965949168265175,0.6537423157182336,0.5544097693351425,0.00733662879031692,0.28127837955205165,0.009643854046672458,0.03944436572445375,"[[2179, 926], [1137, 1716]]","[[211, 134], [161, 156]]"
disclosure_x_bias,126,init_hard,DCP,log_loss,0.6109387911584341,0.8964621505288074,0.6530711747786363,0.555924920850294,0.007350786707810795,0.2813934524200961,0.010048013326291372,0.039353050194170236,"[[2176, 929], [1138, 1715]]","[[212, 133], [161, 156]]"
disclosure_x_bias,127,init_hard,DCP,log_loss,0.6107895642569483,0.8970187463463384,0.6532389600135355,0.5544097693351425,0.007335710818205846,0.2814396833059271,0.010481331242982901,0.03944436572445375,"[[2175, 930], [1136, 1717]]","[[211, 134], [161, 156]]"
disclosure_x_bias,128,init_hard,DCP,log_loss,0.6106635695702858,0.8969538494572703,0.6534067452484349,0.5528946178199909,0.007335977331205822,0.2815051850522397,0.010779104226146656,0.03236973694158582,"[[2173, 932], [1133, 1720]]","[[209, 136], [160, 157]]"
disclosure_x_bias,129,init_hard,DCP,log_loss,0.6105391893603253,0.8969219906918818,0.6534067452484349,0.5498643147896879,0.007330984670066744,0.2814395569733442,0.01120593814017998,0.03139534872415173,"[[2171, 934], [1131, 1722]]","[[208, 137], [161, 156]]"
disclosure_x_bias,130,init_hard,DCP,log_loss,0.6104101285219129,0.8973331864246594,0.653910100953133,0.5513794663048394,0.007329390481841016,0.2812079051405502,0.011030346004230057,0.031524229640874986,"[[2169, 936], [1126, 1727]]","[[208, 137], [160, 157]]"
disclosure_x_bias,131,init_hard,DCP,log_loss,0.6102622809410597,0.897300438398078,0.6547490271276295,0.5468340117593848,0.007324402609669196,0.2812869209527644,0.010876074314138354,0.03170426307932876,"[[2171, 934], [1123, 1730]]","[[207, 138], [162, 155]]"
disclosure_x_bias,132,init_hard,DCP,log_loss,0.610138929963382,0.8975221899711181,0.6547490271276295,0.5483491632745364,0.007319789230687005,0.2812955506312598,0.011018937322376528,0.03277937878269265,"[[2167, 938], [1119, 1734]]","[[207, 138], [161, 156]]"
disclosure_x_bias,133,init_hard,DCP,log_loss,0.6100071974988575,0.8974299164609411,0.654916812362529,0.5483491632745363,0.007311271916393882,0.2811999971246415,0.009920042480285914,0.03199175629515963,"[[2170, 935], [1121, 1732]]","[[208, 137], [162, 155]]"
disclosure_x_bias,134,init_hard,DCP,log_loss,0.6098705125188991,0.8975113131068939,0.6552523828323276,0.5483491632745363,0.007316299093782202,0.2811158452700348,0.010506219691523965,0.030355264218717933,"[[2167, 938], [1116, 1737]]","[[208, 137], [162, 155]]"
disclosure_x_bias,135,init_hard,DCP,log_loss,0.6097365926356335,0.8975218434153748,0.654916812362529,0.5483491632745363,0.00731238045510957,0.28123649654148686,0.010138364016427941,0.03199175629515963,"[[2167, 938], [1118, 1735]]","[[208, 137], [162, 155]]"
disclosure_x_bias,136,init_hard,DCP,log_loss,0.6096057521902745,0.8974012516237279,0.6554204500592183,0.5483491632745364,0.0073130169544669,0.2811046828429546,0.009654751370110605,0.03503617103751925,"[[2166, 939], [1114, 1739]]","[[207, 138], [161, 156]]"
disclosure_x_bias,137,init_hard,DCP,log_loss,0.6094802027587016,0.8976826174390057,0.6545815238847217,0.5498643147896879,0.007313691005142515,0.2809539644826843,0.009986104217610016,0.03139534872415173,"[[2167, 938], [1120, 1733]]","[[208, 137], [161, 156]]"
disclosure_x_bias,138,init_hard,DCP,log_loss,0.6093495601188006,0.8976626544180913,0.6545815238847217,0.5498643147896879,0.00730755535578233,0.28101193302600874,0.009667797214948369,0.03374482966473764,"[[2167, 938], [1120, 1733]]","[[208, 137], [161, 156]]"
disclosure_x_bias,139,init_hard,DCP,log_loss,0.6092247944634848,0.8974928577020924,0.6545815238847217,0.5528946178199909,0.007301825369850971,0.2810082835801676,0.009570240887913004,0.032369736941585826,"[[2163, 942], [1116, 1737]]","[[209, 136], [160, 157]]"
disclosure_x_bias,140,init_hard,DCP,log_loss,0.6090966908440552,0.897714842811822,0.6555879533021262,0.5498643147896879,0.007301320182677696,0.28109266521218634,0.009725098201024403,0.03374482966473764,"[[2166, 939], [1113, 1740]]","[[208, 137], [161, 156]]"
disclosure_x_bias,141,init_hard,DCP,log_loss,0.608974276323508,0.8975900205717936,0.6544137386498223,0.5498643147896879,0.00729964999664986,0.2812088903589807,0.01046276510513827,0.030572090523559872,"[[2168, 937], [1122, 1731]]","[[209, 136], [162, 155]]"
disclosure_x_bias,142,init_hard,DCP,log_loss,0.6088403193668188,0.8976582816214643,0.6554201680672269,0.5498643147896879,0.007310376033088758,0.28121212962068404,0.010651681969654117,0.03374482966473764,"[[2167, 938], [1115, 1738]]","[[208, 137], [161, 156]]"
disclosure_x_bias,143,init_hard,DCP,log_loss,0.6087082459338533,0.8977097493554445,0.655252664824319,0.5498643147896879,0.007319036744204702,0.28105934775845887,0.010933422726956854,0.03374482966473764,"[[2168, 937], [1117, 1736]]","[[208, 137], [161, 156]]"
disclosure_x_bias,144,init_hard,DCP,log_loss,0.6085878240895053,0.8979629548496348,0.6552523828323276,0.5498643147896879,0.007315911750850456,0.2811725073547744,0.010565597337476343,0.03374482966473764,"[[2166, 939], [1115, 1738]]","[[208, 137], [161, 156]]"
disclosure_x_bias,145,init_hard,DCP,log_loss,0.6084683938689818,0.8979754289190914,0.6562599402176978,0.5498643147896879,0.007311193174041965,0.28121687769810627,0.010857033509671685,0.03374482966473764,"[[2165, 940], [1108, 1745]]","[[208, 137], [161, 156]]"
disclosure_x_bias,146,init_hard,DCP,log_loss,0.6083316717244639,0.8979763020113871,0.6562596582257064,0.5468340117593848,0.007319243411588753,0.281111275898668,0.01148319785617619,0.034773856667397504,"[[2164, 941], [1107, 1746]]","[[206, 139], [161, 156]]"
disclosure_x_bias,147,init_hard,DCP,log_loss,0.608213560143033,0.8980761604646906,0.6560918729908071,0.5453188602442334,0.007319473684179618,0.2807711290842596,0.010998472559558,0.03368667705927253,"[[2169, 936], [1113, 1740]]","[[207, 138], [163, 154]]"
disclosure_x_bias,148,init_hard,DCP,log_loss,0.6080929815087383,0.8979776785662998,0.6560918729908071,0.5468340117593848,0.007311493562897754,0.2807733302496568,0.011139765970214672,0.034773856667397504,"[[2166, 939], [1110, 1743]]","[[207, 138], [162, 155]]"
disclosure_x_bias,149,init_hard,DCP,log_loss,0.6079606674190428,0.8982214449361253,0.6565955106874964,0.5468340117593848,0.007314027413573785,0.2805949893345314,0.01121244897561441,0.034773856667397504,"[[2164, 941], [1105, 1748]]","[[206, 139], [161, 156]]"
disclosure_x_bias,150,init_hard,DCP,log_loss,0.6078406919347655,0.8982767783019365,0.6574347188539845,0.5468340117593848,0.0073100795122461315,0.2805527779276415,0.011302394759002913,0.034773856667397504,"[[2168, 937], [1104, 1749]]","[[206, 139], [161, 156]]"
disclosure_x_bias,151,init_hard,DCP,log_loss,0.6077237684480419,0.8981464419643854,0.6569313631492866,0.5468340117593848,0.007303646048570079,0.28055230459238434,0.010662797894473572,0.032498853824921924,"[[2162, 943], [1101, 1752]]","[[205, 140], [160, 157]]"
disclosure_x_bias,152,init_hard,DCP,log_loss,0.6076038556475626,0.898401067729351,0.6565957926794879,0.5483491632745364,0.007301651164911664,0.2804665307507269,0.011368772065908727,0.0357567963260225,"[[2163, 942], [1104, 1749]]","[[206, 139], [160, 157]]"
disclosure_x_bias,153,init_hard,DCP,log_loss,0.6074629501943252,0.8983839270882946,0.6570991483841858,0.5468340117593848,0.007314683567797409,0.2804526372717849,0.011397809495755628,0.034773856667397476,"[[2172, 933], [1110, 1743]]","[[206, 139], [161, 156]]"
disclosure_x_bias,154,init_hard,DCP,log_loss,0.6073531350907285,0.8984085003054506,0.6579380745586826,0.5453188602442334,0.0073089956932435324,0.28055209725849867,0.010663192314340769,0.03368667705927253,"[[2176, 929], [1109, 1744]]","[[206, 139], [162, 155]]"
disclosure_x_bias,155,init_hard,DCP,log_loss,0.6072337154800345,0.8985877242793773,0.6574347188539845,0.5468340117593848,0.007309753847051643,0.28055488751699786,0.011357610760166859,0.034773856667397504,"[[2167, 938], [1103, 1750]]","[[206, 139], [161, 156]]"
disclosure_x_bias,156,init_hard,DCP,log_loss,0.6071120722994444,0.8985072007302419,0.6582736450284812,0.5453188602442334,0.007312719403538146,0.2804575277557461,0.009401629158485029,0.028787167212381174,"[[2170, 935], [1101, 1752]]","[[206, 139], [162, 155]]"
disclosure_x_bias,157,init_hard,DCP,log_loss,0.6069984012037982,0.8983524704937549,0.6564277254525972,0.5498643147896879,0.007307944608843511,0.28043773969240676,0.010633438294591064,0.034492444558664015,"[[2169, 936], [1111, 1742]]","[[208, 137], [161, 156]]"
disclosure_x_bias,158,init_hard,DCP,log_loss,0.6068827050180252,0.8984551360230688,0.6564277254525972,0.5468340117593848,0.007306808998565591,0.2803767894633738,0.010808496409688045,0.034773856667397476,"[[2170, 935], [1112, 1741]]","[[207, 138], [162, 155]]"
disclosure_x_bias,159,init_hard,DCP,log_loss,0.6067594823878617,0.8983459140074931,0.6564277254525972,0.5468340117593848,0.007304182678708372,0.28047942146840127,0.0114274554665757,0.034773856667397476,"[[2170, 935], [1112, 1741]]","[[207, 138], [162, 155]]"
disclosure_x_bias,160,init_hard,DCP,log_loss,0.6066420495319477,0.8984568131337977,0.6569313631492866,0.5453188602442334,0.007300593668517863,0.2803618857956853,0.011400034759726113,0.03368667705927253,"[[2173, 932], [1112, 1741]]","[[207, 138], [163, 154]]"
disclosure_x_bias,161,init_hard,DCP,log_loss,0.6065134010771406,0.8987715261927148,0.6569313631492866,0.5438037087290819,0.007285974120780093,0.2806124942471841,0.010952225043067518,0.03003691374330314,"[[2173, 932], [1112, 1741]]","[[206, 139], [163, 154]]"
disclosure_x_bias,162,init_hard,DCP,log_loss,0.6064005010177153,0.8986608393166214,0.6579380745586826,0.5422885572139303,0.007283117863620673,0.2807671571007422,0.008834286385196425,0.026749838231788774,"[[2169, 936], [1102, 1751]]","[[205, 140], [163, 154]]"
disclosure_x_bias,163,init_hard,DCP,log_loss,0.6062804661979516,0.8987176810353692,0.6579380745586826,0.5422885572139303,0.007281404315319852,0.2806054433289564,0.008834286385196425,0.026749838231788774,"[[2168, 937], [1101, 1752]]","[[205, 140], [163, 154]]"
disclosure_x_bias,164,init_hard,DCP,log_loss,0.6061634057017746,0.8988267279437026,0.6584419942473634,0.5422885572139303,0.007274869675679138,0.2805756294759822,0.009009187862201003,0.026749838231788774,"[[2170, 935], [1100, 1753]]","[[205, 140], [163, 154]]"
disclosure_x_bias,165,init_hard,DCP,log_loss,0.6060534441413178,0.8990457700635055,0.658274209012464,0.5453188602442334,0.007270519845532482,0.2806305907493814,0.009005070124857392,0.03368667705927253,"[[2168, 937], [1099, 1754]]","[[205, 140], [161, 156]]"
disclosure_x_bias,166,init_hard,DCP,log_loss,0.6059467161359249,0.8989275126391127,0.6584419942473634,0.5438037087290819,0.007265936351349313,0.2806743450669674,0.009009187862201003,0.025438949950240927,"[[2171, 934], [1101, 1752]]","[[206, 139], [163, 154]]"
disclosure_x_bias,167,init_hard,DCP,log_loss,0.605836990310882,0.8989195095453134,0.658274209012464,0.5438037087290819,0.007263056967229896,0.28071415394439714,0.009005070124857392,0.025438949950240927,"[[2172, 933], [1103, 1750]]","[[206, 139], [163, 154]]"
disclosure_x_bias,168,init_hard,DCP,log_loss,0.6057222797466328,0.8990483035784871,0.6584419942473634,0.5438037087290819,0.007267893698899369,0.28065018912251605,0.009009187862201003,0.025438949950240927,"[[2171, 934], [1101, 1752]]","[[206, 139], [163, 154]]"
disclosure_x_bias,169,init_hard,DCP,log_loss,0.6056103893417992,0.8990988397419428,0.6579386385426653,0.5468340117593848,0.007265236454541953,0.28072821573988666,0.008594979979796562,0.03249885382492192,"[[2169, 936], [1102, 1751]]","[[206, 139], [161, 156]]"
disclosure_x_bias,170,init_hard,DCP,log_loss,0.6054990566452993,0.8994128642434038,0.6586097794822627,0.5438037087290819,0.007264238618302923,0.2807855236839357,0.009079002096366418,0.028287555252476754,"[[2169, 936], [1098, 1755]]","[[205, 140], [162, 155]]"
disclosure_x_bias,171,init_hard,DCP,log_loss,0.6053864599317713,0.8993675083325027,0.6581064237775648,0.5422885572139303,0.007262041512665126,0.28062850692487434,0.008786408000590983,0.026749838231788774,"[[2172, 933], [1104, 1749]]","[[205, 140], [163, 154]]"
disclosure_x_bias,172,init_hard,DCP,log_loss,0.6052823667358368,0.8995942241047825,0.6581064237775648,0.5468340117593848,0.0072588241093510504,0.28074505745809397,0.008678950006548473,0.034773856667397504,"[[2167, 938], [1099, 1754]]","[[205, 140], [160, 157]]"
disclosure_x_bias,173,init_hard,DCP,log_loss,0.6051649079872892,0.8996393794440565,0.658274209012464,0.5453188602442334,0.007261027763422584,0.28072832065325204,0.008865037967846337,0.037280936468220456,"[[2166, 939], [1097, 1756]]","[[204, 141], [160, 157]]"
disclosure_x_bias,174,init_hard,DCP,log_loss,0.6050584059659527,0.8996766449190667,0.658274209012464,0.5498417005879692,0.0072595741816738535,0.2807386144558539,0.008430998091841259,0.036245360125381605,"[[2163, 942], [1094, 1759]]","[[205, 140], [158, 159]]"
disclosure_x_bias,175,init_hard,DCP,log_loss,0.6049451938401813,0.899522428057978,0.658441712255372,0.5468113975576662,0.007256553962037819,0.2809225498136455,0.008811166585686946,0.040486509327259404,"[[2161, 944], [1091, 1762]]","[[204, 141], [159, 158]]"
disclosure_x_bias,176,init_hard,DCP,log_loss,0.6048399180294934,0.8996248616757019,0.65928092042186,0.5468113975576662,0.007252706244456566,0.2807250324591348,0.00951979308347176,0.037203244816205135,"[[2169, 936], [1094, 1759]]","[[205, 140], [160, 157]]"
disclosure_x_bias,177,init_hard,DCP,log_loss,0.6047323636544844,0.8995319299558769,0.6589453499520614,0.5468113975576662,0.007246869417548927,0.28074044198205084,0.00934278103211762,0.035086120008679104,"[[2172, 933], [1099, 1754]]","[[205, 140], [160, 157]]"
disclosure_x_bias,178,init_hard,DCP,log_loss,0.6046264075330094,0.8997009750322558,0.6589450679600699,0.5468340117593848,0.00724053989881077,0.2805522896181672,0.009420451238091234,0.034773856667397476,"[[2168, 937], [1095, 1758]]","[[205, 140], [160, 157]]"
disclosure_x_bias,179,init_hard,DCP,log_loss,0.6045126946708141,0.899554452491811,0.6589453499520614,0.5513342379014021,0.00723944332687293,0.28077351560554614,0.009173852526953628,0.03732903870147658,"[[2164, 941], [1091, 1762]]","[[206, 139], [158, 159]]"
disclosure_x_bias,180,init_hard,DCP,log_loss,0.6044075109306078,0.8996582538197238,0.6589450679600699,0.5468113975576662,0.007238036354782598,0.28065994780872056,0.009586132427294065,0.035086120008679104,"[[2172, 933], [1099, 1754]]","[[206, 139], [161, 156]]"
disclosure_x_bias,181,init_hard,DCP,log_loss,0.6043023958011176,0.8995606044241914,0.6594487056567593,0.5468340117593848,0.007231471600868242,0.28073999636904573,0.009795695834276157,0.03621120700260367,"[[2168, 937], [1092, 1761]]","[[204, 141], [159, 158]]"
disclosure_x_bias,182,init_hard,DCP,log_loss,0.6041862086297595,0.8995804912995314,0.65928092042186,0.5483265490728177,0.007227435453675083,0.28073916189242215,0.009779122655770333,0.0367621345661955,"[[2168, 937], [1093, 1760]]","[[205, 140], [159, 158]]"
disclosure_x_bias,183,init_hard,DCP,log_loss,0.6040725396767848,0.8994739013966534,0.6591134171789521,0.5513116236996833,0.00721435515566582,0.2805897939898013,0.00945455922382762,0.03956666079337159,"[[2168, 937], [1094, 1759]]","[[205, 140], [157, 160]]"
disclosure_x_bias,184,init_hard,DCP,log_loss,0.6039722165883487,0.8996316536844914,0.6592812024138515,0.5482813206693804,0.007209670522881248,0.2805482073485137,0.00924101615414254,0.03863584870447795,"[[2172, 933], [1097, 1756]]","[[205, 140], [159, 158]]"
disclosure_x_bias,185,init_hard,DCP,log_loss,0.6038584716571196,0.8998712832550304,0.6591134171789521,0.5513116236996833,0.007200456796320427,0.28048963245188085,0.009651024546141572,0.03956666079337159,"[[2169, 936], [1095, 1758]]","[[205, 140], [157, 160]]"
disclosure_x_bias,186,init_hard,DCP,log_loss,0.6037567072508179,0.899849681820417,0.6601204105803395,0.5467661691542288,0.007196161116218525,0.28056969665902975,0.009646252671901251,0.04096643767172271,"[[2176, 929], [1096, 1757]]","[[204, 141], [159, 158]]"
disclosure_x_bias,187,init_hard,DCP,log_loss,0.6036535932988404,0.8998576435265135,0.6597848401105408,0.5497964721845319,0.007193220906897301,0.2804603703676599,0.009169587298881487,0.04196717642681755,"[[2168, 937], [1090, 1763]]","[[204, 141], [157, 160]]"
disclosure_x_bias,188,init_hard,DCP,log_loss,0.6035310020767755,0.8992672810273241,0.6602890417912131,0.5497964721845319,0.0071385789533778745,0.2786931890632612,0.009647738102383275,0.04196717642681755,"[[2168, 937], [1087, 1766]]","[[204, 141], [157, 160]]"
disclosure_x_bias,189,init_hard,DCP,log_loss,0.6034177985316367,0.8994095872060418,0.6606243302690203,0.5482813206693804,0.007127436936346406,0.2787645265784299,0.009486108620919127,0.04119210622481848,"[[2172, 933], [1089, 1764]]","[[204, 141], [158, 159]]"
disclosure_x_bias,190,init_hard,DCP,log_loss,0.6033080412244106,0.8992266606505808,0.6606243302690203,0.5482813206693804,0.007122266844667155,0.2788663320726102,0.009999790792653824,0.04119210622481848,"[[2171, 934], [1088, 1765]]","[[204, 141], [158, 159]]"
disclosure_x_bias,191,init_hard,DCP,log_loss,0.6031960900824027,0.8995064280193951,0.6604565450341211,0.5467661691542288,0.007128741276630033,0.2789419042800373,0.009879643107681118,0.04096643767172271,"[[2175, 930], [1093, 1760]]","[[204, 141], [159, 158]]"
disclosure_x_bias,192,init_hard,DCP,log_loss,0.6030752467345872,0.8996352149165135,0.6606243302690203,0.5482813206693804,0.007146239904786327,0.278798977857924,0.009905504710016699,0.04119210622481848,"[[2169, 936], [1086, 1767]]","[[204, 141], [158, 159]]"
disclosure_x_bias,193,init_hard,DCP,log_loss,0.6029585313840082,0.8995666091151767,0.6609601827308105,0.5467661691542288,0.007160708131875891,0.2789017970793247,0.010186185604594522,0.04096643767172271,"[[2172, 933], [1087, 1766]]","[[204, 141], [159, 158]]"
disclosure_x_bias,194,init_hard,DCP,log_loss,0.6028541876311426,0.8997249013309411,0.6606246122610118,0.5482813206693804,0.007158095060918886,0.27867484933603787,0.010328431638594123,0.04119210622481848,"[[2169, 936], [1086, 1767]]","[[204, 141], [158, 159]]"
disclosure_x_bias,195,init_hard,DCP,log_loss,0.6027559571253462,0.8994614645208368,0.6611279679657097,0.5467661691542288,0.00715382175269517,0.27899533770823576,0.010563590193058952,0.04096643767172271,"[[2173, 932], [1087, 1766]]","[[204, 141], [159, 158]]"
disclosure_x_bias,196,init_hard,DCP,log_loss,0.60265574005892,0.899675665112523,0.6607923974959111,0.5482813206693804,0.007149171095955445,0.2788630198217931,0.010440416811019643,0.04119210622481848,"[[2169, 936], [1085, 1768]]","[[204, 141], [158, 159]]"
disclosure_x_bias,197,init_hard,DCP,log_loss,0.6025543854511588,0.8998010156028403,0.6609599007388189,0.5467661691542288,0.007142825690510849,0.2789104811063256,0.009263754596261022,0.04096643767172271,"[[2166, 939], [1081, 1772]]","[[204, 141], [159, 158]]"
disclosure_x_bias,198,init_hard,DCP,log_loss,0.602456188129121,0.8998836526273155,0.6612951892166262,0.5482813206693804,0.007139909730220781,0.2787294071499788,0.009733383879397768,0.04119210622481848,"[[2171, 934], [1084, 1769]]","[[204, 141], [158, 159]]"
disclosure_x_bias,199,init_hard,DCP,log_loss,0.6023460880548094,0.9000958716150921,0.6616318876543905,0.5513116236996833,0.007126722603316811,0.278823547068118,0.0099323452883718,0.042066393432990484,"[[2165, 940], [1076, 1777]]","[[204, 141], [156, 161]]"
disclosure_x_bias,200,init_hard,DCP,log_loss,0.60224190190006,0.9001708658589933,0.6617993908972986,0.5497964721845319,0.0071205744486176935,0.2787373943142391,0.010039877093568366,0.041354911373490774,"[[2167, 938], [1077, 1776]]","[[204, 141], [157, 160]]"
disclosure_x_bias,201,init_hard,DCP,log_loss,0.6021337803122837,0.9003157312371608,0.6616318876543906,0.5513116236996833,0.007120074129588639,0.27883220710327383,0.010088581176520504,0.042066393432990484,"[[2165, 940], [1076, 1777]]","[[204, 141], [156, 161]]"
disclosure_x_bias,202,init_hard,DCP,log_loss,0.6020196626815542,0.9002459026434545,0.6617999548812814,0.5513116236996833,0.007119589605398334,0.2788597207326106,0.010327748125342248,0.042066393432990484,"[[2163, 942], [1073, 1780]]","[[204, 141], [156, 161]]"
disclosure_x_bias,203,init_hard,DCP,log_loss,0.6019187185296748,0.9004091737622361,0.6619671761321978,0.5513116236996833,0.007122291520285074,0.27872482558055595,0.010196345750757911,0.042066393432990484,"[[2164, 941], [1073, 1780]]","[[204, 141], [156, 161]]"
disclosure_x_bias,204,init_hard,DCP,log_loss,0.6018226879582194,0.9005242220811395,0.6612954712086176,0.5513116236996833,0.007116617385269558,0.2788063335761602,0.01049884736363596,0.042066393432990484,"[[2161, 944], [1074, 1779]]","[[204, 141], [156, 161]]"
disclosure_x_bias,205,init_hard,DCP,log_loss,0.6017260873400364,0.9006353834858487,0.6614638204274998,0.5513116236996833,0.007111117294269245,0.27883854487332066,0.01027723784004676,0.042066393432990484,"[[2162, 943], [1074, 1779]]","[[204, 141], [156, 161]]"
disclosure_x_bias,206,init_hard,DCP,log_loss,0.6016301493365327,0.9007187192491986,0.6623030285939879,0.5497964721845319,0.007107313415312747,0.2787171549351028,0.010480011756841634,0.041354911373490774,"[[2166, 939], [1073, 1780]]","[[204, 141], [157, 160]]"
disclosure_x_bias,207,init_hard,DCP,log_loss,0.6015281033826633,0.9007133389749772,0.6619671761321978,0.5497964721845319,0.007104806279047784,0.2787186575372236,0.010675908663807857,0.041354911373490774,"[[2168, 937], [1077, 1776]]","[[204, 141], [157, 160]]"
disclosure_x_bias,208,init_hard,DCP,log_loss,0.601434222601398,0.9006958286729088,0.6624708138288873,0.5513116236996833,0.007101475315338681,0.2786378301796861,0.009856059076524456,0.04020616680147565,"[[2171, 934], [1077, 1776]]","[[205, 140], [157, 160]]"
disclosure_x_bias,209,init_hard,DCP,log_loss,0.6013321327831466,0.9007520261133518,0.6624705318368959,0.5513116236996833,0.007098733842354074,0.2787371312100946,0.009835725618967853,0.04020616680147565,"[[2171, 934], [1077, 1776]]","[[205, 140], [157, 160]]"
disclosure_x_bias,210,init_hard,DCP,log_loss,0.6012327751458607,0.9007699295637707,0.6624705318368959,0.5513116236996833,0.007096697708606609,0.2786449917435845,0.009545214583317425,0.04020616680147565,"[[2171, 934], [1077, 1776]]","[[205, 140], [157, 160]]"
disclosure_x_bias,211,init_hard,DCP,log_loss,0.6011289808887765,0.9007971052675037,0.6626385990637866,0.5513116236996833,0.0070938627448932715,0.278606963175265,0.009907256869291165,0.04020616680147565,"[[2170, 935], [1075, 1778]]","[[205, 140], [157, 160]]"
disclosure_x_bias,212,init_hard,DCP,log_loss,0.6010291858681628,0.9006886944347045,0.6626385990637866,0.5497964721845319,0.007096593905265241,0.27844451847164453,0.009781656992098034,0.04010234768250568,"[[2174, 931], [1079, 1774]]","[[204, 141], [157, 160]]"
disclosure_x_bias,213,init_hard,DCP,log_loss,0.6009327169112052,0.9008893977882245,0.6626385990637866,0.5513116236996833,0.0070965037853288546,0.2785081811624706,0.009454912714365457,0.04020616680147565,"[[2169, 936], [1074, 1779]]","[[205, 140], [157, 160]]"
disclosure_x_bias,214,init_hard,DCP,log_loss,0.6008380606500109,0.9009150823925047,0.6634772432462918,0.5482813206693804,0.0070916780689685216,0.2785081401284523,0.009284797570241624,0.04119210622481848,"[[2175, 930], [1075, 1778]]","[[204, 141], [158, 159]]"
disclosure_x_bias,215,init_hard,DCP,log_loss,0.600746449398699,0.9009518252032931,0.6638133777000733,0.5482813206693804,0.007088145124992093,0.2782162881429732,0.009089350093629916,0.04119210622481848,"[[2173, 932], [1071, 1782]]","[[204, 141], [158, 159]]"
disclosure_x_bias,216,init_hard,DCP,log_loss,0.6006526403800249,0.9007868844689296,0.6643172973887541,0.5482813206693804,0.007084419272465269,0.2783402964765888,0.009104646721212174,0.04119210622481848,"[[2175, 930], [1070, 1783]]","[[204, 141], [158, 159]]"
disclosure_x_bias,217,init_hard,DCP,log_loss,0.600557165096444,0.9010968323439673,0.6643172973887541,0.5467661691542288,0.007082385844861416,0.27816728494093995,0.008646492070533193,0.042793628300276276,"[[2172, 933], [1067, 1786]]","[[203, 142], [158, 159]]"
disclosure_x_bias,218,init_hard,DCP,log_loss,0.6004615910743926,0.9010238017385446,0.6653237268061587,0.5482813206693804,0.007081567794125595,0.2780966749548672,0.00804378589242262,0.04119210622481848,"[[2175, 930], [1064, 1789]]","[[204, 141], [158, 159]]"
disclosure_x_bias,219,init_hard,DCP,log_loss,0.6003640706355388,0.9012241728062504,0.6649884383283514,0.5467661691542288,0.007077602620822933,0.27820972646990133,0.007501164339773031,0.040338986266151886,"[[2175, 930], [1066, 1787]]","[[203, 142], [158, 159]]"
disclosure_x_bias,220,init_hard,DCP,log_loss,0.6002687995517098,0.9010217890927403,0.66465230387457,0.5482813206693804,0.0070804552760389385,0.2782072663377842,0.00829963107880596,0.04119210622481848,"[[2172, 933], [1065, 1788]]","[[204, 141], [158, 159]]"
disclosure_x_bias,221,init_hard,DCP,log_loss,0.6001776618151948,0.901078891545555,0.6653242907901415,0.5482813206693804,0.007077043632630754,0.27811258489853125,0.008325270496286575,0.04056814529537153,"[[2176, 929], [1065, 1788]]","[[204, 141], [158, 159]]"
disclosure_x_bias,222,init_hard,DCP,log_loss,0.6000837620279347,0.9008639932021252,0.6648200891094693,0.5482813206693804,0.007071872020864022,0.2782428622642145,0.008423723921964886,0.04119210622481848,"[[2178, 927], [1070, 1783]]","[[205, 140], [159, 158]]"
disclosure_x_bias,223,init_hard,DCP,log_loss,0.5999880144902747,0.901020403665105,0.6648209350854436,0.5482813206693804,0.007074888066354241,0.2784350998512066,0.007519390440384417,0.04300971079683969,"[[2170, 935], [1062, 1791]]","[[203, 142], [157, 160]]"
disclosure_x_bias,224,init_hard,DCP,log_loss,0.5998967191246779,0.9009167194913313,0.6651559415712593,0.5467661691542288,0.007072883685272339,0.27830342861895546,0.008424300572681372,0.042193357540871904,"[[2172, 933], [1062, 1791]]","[[203, 142], [158, 159]]"
disclosure_x_bias,225,init_hard,DCP,log_loss,0.5998050571765198,0.9009161208790065,0.6659959957137217,0.5467661691542288,0.007070596773582687,0.27845467528272433,0.008340428765080416,0.042793628300276276,"[[2174, 931], [1059, 1794]]","[[202, 143], [157, 160]]"
disclosure_x_bias,226,init_hard,DCP,log_loss,0.5997081412722841,0.9010821494472161,0.6656598612599403,0.5467661691542288,0.0070692171856748705,0.2785544001101357,0.008862989902797474,0.04096643767172271,"[[2180, 925], [1067, 1786]]","[[204, 141], [159, 158]]"
disclosure_x_bias,227,init_hard,DCP,log_loss,0.5996038315824418,0.9011271767061206,0.6656598612599403,0.5482813206693804,0.00706475354303286,0.2784903717778963,0.008465873736119888,0.04300971079683969,"[[2174, 931], [1061, 1792]]","[[203, 142], [157, 160]]"
disclosure_x_bias,228,init_hard,DCP,log_loss,0.5994968634606738,0.9013892035931491,0.6658276464948395,0.5452510176390774,0.007068491170261865,0.2785022403657747,0.00885298664039374,0.041912257164142735,"[[2179, 926], [1065, 1788]]","[[202, 143], [158, 159]]"
disclosure_x_bias,229,init_hard,DCP,log_loss,0.5994004861494162,0.9014161077043518,0.6658273645028482,0.5452510176390774,0.007067711994354657,0.27835689603676433,0.00879472951631798,0.041912257164142735,"[[2180, 925], [1066, 1787]]","[[202, 143], [158, 159]]"
disclosure_x_bias,230,init_hard,DCP,log_loss,0.5993037456212568,0.9014638968936757,0.6661632169646382,0.5452510176390774,0.007075088945667483,0.2783665905103944,0.009237988279049111,0.041912257164142735,"[[2180, 925], [1064, 1789]]","[[202, 143], [158, 159]]"
disclosure_x_bias,231,init_hard,DCP,log_loss,0.5992001801683504,0.9015044933326035,0.6663318481755118,0.5452510176390774,0.007084047616360196,0.27813920117409874,0.008362368124403599,0.041912257164142735,"[[2180, 925], [1063, 1790]]","[[202, 143], [158, 159]]"
disclosure_x_bias,232,init_hard,DCP,log_loss,0.5991080238282931,0.9014008608603643,0.6659951497377474,0.5452510176390774,0.007085032549069201,0.2782749032455117,0.009727503460634716,0.041912257164142735,"[[2178, 927], [1063, 1790]]","[[202, 143], [158, 159]]"
disclosure_x_bias,233,init_hard,DCP,log_loss,0.5990184104451369,0.9013766511183847,0.6670029891151091,0.5452510176390774,0.007079931506300188,0.27820808940973796,0.009373466411537036,0.040044870994949765,"[[2185, 920], [1064, 1789]]","[[203, 142], [159, 158]]"
disclosure_x_bias,234,init_hard,DCP,log_loss,0.5989248281713246,0.9015623628472442,0.6666665726693362,0.5437358661239258,0.0070748883508944,0.278080121827234,0.009030817683944033,0.041567940294914514,"[[2185, 920], [1066, 1787]]","[[202, 143], [159, 158]]"
disclosure_x_bias,235,init_hard,DCP,log_loss,0.5988356700624847,0.9016238942909446,0.6663304382155546,0.5437358661239258,0.007072324785728421,0.278260585608889,0.009736960872246146,0.041567940294914514,"[[2181, 924], [1064, 1789]]","[[202, 143], [159, 158]]"
disclosure_x_bias,236,init_hard,DCP,log_loss,0.5987469687182663,0.901870219117515,0.6670021431391349,0.5437358661239258,0.007069781690058625,0.2781138269337729,0.009441732916952043,0.041567940294914514,"[[2181, 924], [1060, 1793]]","[[202, 143], [159, 158]]"
disclosure_x_bias,237,init_hard,DCP,log_loss,0.5986433214803843,0.9019285370285959,0.6673377136089335,0.5437358661239258,0.007072852097348272,0.2780964054012982,0.00923179180393285,0.041567940294914514,"[[2182, 923], [1059, 1794]]","[[202, 143], [159, 158]]"
disclosure_x_bias,238,init_hard,DCP,log_loss,0.5985458478628704,0.9019159456945088,0.6668340759122441,0.5437358661239258,0.007074713129846706,0.27809173172720464,0.009808862893170374,0.041567940294914514,"[[2180, 925], [1060, 1793]]","[[202, 143], [159, 158]]"
disclosure_x_bias,239,init_hard,DCP,log_loss,0.5984481245884348,0.9018620900350192,0.6671702103660256,0.5437358661239258,0.007073748477443601,0.2783020373023493,0.009225985656118468,0.041567940294914514,"[[2182, 923], [1060, 1793]]","[[202, 143], [159, 158]]"
disclosure_x_bias,240,init_hard,DCP,log_loss,0.5983328221453191,0.9012934002904227,0.6673374316169421,0.5437358661239258,0.007032156277542022,0.2765346589167081,0.00967381944666241,0.041567940294914514,"[[2179, 926], [1056, 1797]]","[[202, 143], [159, 158]]"
disclosure_x_bias,241,init_hard,DCP,log_loss,0.5982444198255552,0.901294202631504,0.6664982234504541,0.5437358661239258,0.007030505287714887,0.27643262750097275,0.009583804378781733,0.041567940294914514,"[[2178, 927], [1060, 1793]]","[[202, 143], [159, 158]]"
disclosure_x_bias,242,init_hard,DCP,log_loss,0.5981560705433322,0.9013011620811376,0.6670018611471434,0.5452284034373587,0.007025043193082122,0.2763878274927432,0.009385712081601714,0.04389628269406333,"[[2175, 930], [1054, 1799]]","[[202, 143], [158, 159]]"
disclosure_x_bias,243,init_hard,DCP,log_loss,0.598062187309408,0.9012652570292772,0.6680091365405223,0.542243328810493,0.007020221067013349,0.2762755764274293,0.009690500886860135,0.039666825421324284,"[[2187, 918], [1060, 1793]]","[[202, 143], [160, 157]]"
disclosure_x_bias,244,init_hard,DCP,log_loss,0.59797177717494,0.9013633222313656,0.6675054988438329,0.5452284034373587,0.007018797411147609,0.27625096207672123,0.009014983210623604,0.04389628269406333,"[[2180, 925], [1056, 1797]]","[[202, 143], [158, 159]]"
disclosure_x_bias,245,init_hard,DCP,log_loss,0.5978762458069374,0.9013491069008124,0.6681774857594045,0.542243328810493,0.007018462896041697,0.2762744727010208,0.00934951746246054,0.039666825421324284,"[[2189, 916], [1061, 1792]]","[[202, 143], [160, 157]]"
disclosure_x_bias,246,init_hard,DCP,log_loss,0.5977852037016971,0.9012457360473627,0.6680094185325137,0.545273631840796,0.007019424366752118,0.27645059999332167,0.008940051486236956,0.04107199481478666,"[[2184, 921], [1057, 1796]]","[[202, 143], [158, 159]]"
disclosure_x_bias,247,init_hard,DCP,log_loss,0.5976820545910471,0.9014947539622933,0.6680099825164966,0.5437584803256444,0.007020987810854603,0.27639654269298186,0.008916915649482096,0.040090223962921216,"[[2184, 921], [1057, 1796]]","[[202, 143], [159, 158]]"
disclosure_x_bias,248,init_hard,DCP,log_loss,0.5975897789834967,0.9014677541050921,0.6676732840787322,0.5467435549525101,0.00701354666894291,0.2763434426048008,0.009070906232140812,0.044165618940857965,"[[2177, 928], [1052, 1801]]","[[202, 143], [157, 160]]"
disclosure_x_bias,249,init_hard,DCP,log_loss,0.5975048866582768,0.9014734832877004,0.6686808414641024,0.542243328810493,0.007010356674776584,0.276242375641264,0.009159527914413539,0.039666825421324284,"[[2189, 916], [1058, 1795]]","[[202, 143], [160, 157]]"
disclosure_x_bias,250,init_hard,DCP,log_loss,0.5974201480435335,0.9014488154850124,0.6685127742372117,0.5482587064676616,0.007008220804799432,0.27627782069360607,0.009240222633300658,0.04494701147772049,"[[2180, 925], [1050, 1803]]","[[202, 143], [156, 161]]"
disclosure_x_bias,251,init_hard,DCP,log_loss,0.5973165414308598,0.9015327488106051,0.6688489086909932,0.542243328810493,0.007015301916829292,0.2765224724523739,0.008831624799286023,0.039666825421324284,"[[2191, 914], [1059, 1794]]","[[202, 143], [160, 157]]"
disclosure_x_bias,252,init_hard,DCP,log_loss,0.5972245748089476,0.9014811749894955,0.6690166939258925,0.5452510176390774,0.007015974079616314,0.27633320630706965,0.009138539008952878,0.04251649683503552,"[[2190, 915], [1057, 1796]]","[[202, 143], [158, 159]]"
disclosure_x_bias,253,init_hard,DCP,log_loss,0.5971390046263869,0.9013404760185567,0.669016975917884,0.5437358661239258,0.007013559925054237,0.27637983893706675,0.00795482317512427,0.041567940294914514,"[[2192, 913], [1059, 1794]]","[[202, 143], [159, 158]]"
disclosure_x_bias,254,init_hard,DCP,log_loss,0.5970377466815534,0.9014019066635444,0.6688491906829845,0.5437358661239258,0.007001024178251592,0.2763514261124062,0.007763144211553361,0.041567940294914514,"[[2192, 913], [1060, 1793]]","[[202, 143], [159, 158]]"
disclosure_x_bias,255,init_hard,DCP,log_loss,0.5969484476366678,0.9013835565148443,0.6695208956065648,0.5422207146087743,0.007000923136073774,0.27635492807010764,0.008156516974570262,0.038600358673922586,"[[2192, 913], [1056, 1797]]","[[202, 143], [160, 157]]"
disclosure_x_bias,256,init_hard,DCP,log_loss,0.5968564756849198,0.901404399764089,0.6690172579098753,0.5437358661239258,0.006998911138580369,0.2765283576887808,0.007981803389242762,0.041567940294914514,"[[2192, 913], [1059, 1794]]","[[202, 143], [159, 158]]"
disclosure_x_bias,257,init_hard,DCP,log_loss,0.5967683936412105,0.901548296660531,0.6691847611527832,0.5437358661239258,0.006992731271537444,0.27658773409042886,0.008252650970308847,0.041567940294914514,"[[2190, 915], [1056, 1797]]","[[202, 143], [159, 158]]"
disclosure_x_bias,258,init_hard,DCP,log_loss,0.5966834786150326,0.9015705405046279,0.669352828379674,0.5437358661239258,0.006991224319886575,0.27659965166214817,0.008813607094404074,0.041567940294914514,"[[2191, 914], [1056, 1797]]","[[202, 143], [159, 158]]"
disclosure_x_bias,259,init_hard,DCP,log_loss,0.5965848351174348,0.9018352018170914,0.6693525463876826,0.542243328810493,0.006977732169630423,0.27651164444366705,0.008681769080416214,0.039666825421324284,"[[2191, 914], [1056, 1797]]","[[201, 144], [159, 158]]"
disclosure_x_bias,260,init_hard,DCP,log_loss,0.5964992607421308,0.901916850054916,0.6695206136145734,0.542243328810493,0.006975090618519179,0.2764944900307404,0.008433310598640735,0.039666825421324284,"[[2191, 914], [1055, 1798]]","[[201, 144], [159, 158]]"
disclosure_x_bias,261,init_hard,DCP,log_loss,0.5964131139465281,0.9019516460976078,0.6693525463876826,0.542243328810493,0.006975398695949927,0.27652570334080906,0.008161785964347763,0.039666825421324284,"[[2191, 914], [1056, 1797]]","[[201, 144], [159, 158]]"
disclosure_x_bias,262,init_hard,DCP,log_loss,0.596317967307602,0.9017251070447827,0.669856184084372,0.542243328810493,0.006982447765084114,0.2765715127204639,0.008715359408421752,0.039666825421324284,"[[2192, 913], [1054, 1799]]","[[201, 144], [159, 158]]"
disclosure_x_bias,263,init_hard,DCP,log_loss,0.5962270571549105,0.9019475982201648,0.6696878348654899,0.542243328810493,0.006985869738910526,0.27644027637273405,0.0086184326014675,0.039666825421324284,"[[2193, 912], [1056, 1797]]","[[201, 144], [159, 158]]"
disclosure_x_bias,264,init_hard,DCP,log_loss,0.5961403016802395,0.9018771079906023,0.6698559020923807,0.5437358661239258,0.006983785895184342,0.27648221030538706,0.008762376197367475,0.041567940294914514,"[[2192, 913], [1054, 1799]]","[[202, 143], [159, 158]]"
disclosure_x_bias,265,init_hard,DCP,log_loss,0.5960569750996034,0.9020301787830917,0.6696878348654899,0.542243328810493,0.006982815810238008,0.27660140444161874,0.007698249269320013,0.039666825421324284,"[[2194, 911], [1057, 1796]]","[[201, 144], [159, 158]]"
disclosure_x_bias,266,init_hard,DCP,log_loss,0.5959733276006993,0.901963479615348,0.6701914725621793,0.542243328810493,0.006980449889784519,0.2765434065224729,0.008809789170137992,0.039666825421324284,"[[2195, 910], [1055, 1798]]","[[201, 144], [159, 158]]"
disclosure_x_bias,267,init_hard,DCP,log_loss,0.5958899297438325,0.9020456522641954,0.6700234053352885,0.5407281772953414,0.0069780709016626615,0.27660200835291776,0.008491635393155485,0.036476371670439024,"[[2191, 914], [1052, 1801]]","[[201, 144], [160, 157]]"
disclosure_x_bias,268,init_hard,DCP,log_loss,0.595803424098861,0.9021683254982662,0.6706948282668772,0.5407281772953414,0.006974264067890448,0.2764917441596544,0.009217466203552183,0.036476371670439024,"[[2195, 910], [1052, 1801]]","[[201, 144], [160, 157]]"
disclosure_x_bias,269,init_hard,DCP,log_loss,0.5957196278528277,0.9021439124510794,0.6706948282668772,0.542243328810493,0.006972093449265675,0.2764038248790588,0.008871623794887915,0.03700535405700643,"[[2191, 914], [1048, 1805]]","[[201, 144], [159, 158]]"
disclosure_x_bias,270,init_hard,DCP,log_loss,0.5956241371225179,0.9021999712254514,0.6708620495177937,0.5407281772953414,0.006968843511657077,0.2764442778273675,0.009023869979855138,0.036476371670439024,"[[2195, 910], [1051, 1802]]","[[201, 144], [160, 157]]"
disclosure_x_bias,271,init_hard,DCP,log_loss,0.5955397696365066,0.9022290926632767,0.6717026676442389,0.542243328810493,0.0069670561765628565,0.2762189088900905,0.008564356586354165,0.037688346095507544,"[[2200, 905], [1051, 1802]]","[[201, 144], [159, 158]]"
disclosure_x_bias,272,init_hard,DCP,log_loss,0.5954588466898012,0.9021739316559471,0.6710301167446844,0.5407281772953414,0.006963975337166994,0.27654974096503787,0.00910306731714753,0.036476371670439024,"[[2197, 908], [1052, 1801]]","[[201, 144], [160, 157]]"
disclosure_x_bias,273,init_hard,DCP,log_loss,0.5953753875225216,0.9023708677562512,0.6717026676442389,0.542243328810493,0.0069620367469863135,0.27649256308680276,0.008152707025096781,0.03700535405700643,"[[2199, 906], [1050, 1803]]","[[201, 144], [159, 158]]"
disclosure_x_bias,274,init_hard,DCP,log_loss,0.5952889873332137,0.9022778208919077,0.6711981839715752,0.542243328810493,0.006956437181323109,0.27653919579255043,0.00897064418948195,0.037688346095507544,"[[2196, 909], [1050, 1803]]","[[201, 144], [159, 158]]"
disclosure_x_bias,275,init_hard,DCP,log_loss,0.5952096755319316,0.9024677634979075,0.6717023856522475,0.542243328810493,0.006954203352900228,0.2766013561950779,0.007892602538977007,0.037688346095507544,"[[2200, 905], [1051, 1802]]","[[201, 144], [159, 158]]"
disclosure_x_bias,276,init_hard,DCP,log_loss,0.595118451329232,0.9022967171244856,0.6718704528791382,0.5437584803256444,0.00696266990260113,0.2766087593405432,0.007884131204667582,0.03677159290465143,"[[2200, 905], [1050, 1803]]","[[202, 143], [159, 158]]"
disclosure_x_bias,277,init_hard,DCP,log_loss,0.595030839173534,0.9026575442692885,0.6713659692064745,0.545273631840796,0.006965460879846353,0.27629515631607526,0.007670509860323669,0.035039576699678804,"[[2195, 910], [1048, 1805]]","[[202, 143], [158, 159]]"
disclosure_x_bias,278,init_hard,DCP,log_loss,0.5949370949491449,0.9027225635190625,0.6720382381140375,0.545273631840796,0.006974145724847681,0.27645549255942115,0.007601964096416634,0.035039576699678804,"[[2200, 905], [1049, 1804]]","[[202, 143], [158, 159]]"
disclosure_x_bias,279,init_hard,DCP,log_loss,0.5948531636526015,0.9027750073807284,0.6722063053409283,0.545273631840796,0.006972303064837419,0.2764923918536488,0.007204631141229426,0.03850776477471062,"[[2202, 903], [1050, 1803]]","[[201, 144], [157, 160]]"
disclosure_x_bias,280,init_hard,DCP,log_loss,0.5947591276110873,0.9026683264418413,0.672541875810727,0.5483039348710991,0.006971869729850332,0.2765355293634968,0.007482774470201321,0.03491113244052487,"[[2202, 903], [1048, 1805]]","[[202, 143], [156, 161]]"
disclosure_x_bias,281,init_hard,DCP,log_loss,0.5946786495268684,0.902763772606575,0.6722063053409283,0.5467887833559475,0.0069710262491705565,0.2765783031234811,0.007204631141229426,0.0381496883774872,"[[2201, 904], [1049, 1804]]","[[201, 144], [156, 161]]"
disclosure_x_bias,282,init_hard,DCP,log_loss,0.5945926259973933,0.902871635648163,0.672541875810727,0.5467887833559475,0.006970082667966902,0.2765639217425111,0.007482774470201321,0.035374254948733065,"[[2201, 904], [1047, 1806]]","[[201, 144], [156, 161]]"
disclosure_x_bias,283,init_hard,DCP,log_loss,0.5945115674201908,0.9028746799223886,0.6725415938187356,0.5483039348710991,0.006970076787140222,0.27662638424734326,0.007783145051956627,0.03491113244052487,"[[2201, 904], [1047, 1806]]","[[202, 143], [156, 161]]"
disclosure_x_bias,284,init_hard,DCP,log_loss,0.5944220280996482,0.9030084445843958,0.6727093790536348,0.545273631840796,0.006967219027838332,0.2764918437540157,0.007847790657402374,0.03715935337009699,"[[2201, 904], [1046, 1807]]","[[201, 144], [157, 160]]"
disclosure_x_bias,285,init_hard,DCP,log_loss,0.5943407139471383,0.9029188093420055,0.672541875810727,0.5467887833559475,0.006964736143960736,0.276582928544288,0.007524460858922542,0.03881254856138329,"[[2200, 905], [1046, 1807]]","[[200, 145], [155, 162]]"
disclosure_x_bias,286,init_hard,DCP,log_loss,0.5942516889110099,0.9029335872875748,0.6723738085838362,0.545273631840796,0.00696954015081852,0.2764557061277612,0.00775434802534593,0.0404461809759031,"[[2198, 907], [1045, 1808]]","[[200, 145], [156, 161]]"
disclosure_x_bias,287,init_hard,DCP,log_loss,0.5941681647755799,0.9029301422360925,0.6718704528791382,0.545273631840796,0.006969801733324258,0.27659215042348445,0.007764602138081517,0.041071994814786635,"[[2200, 905], [1050, 1803]]","[[200, 145], [156, 161]]"
disclosure_x_bias,288,init_hard,DCP,log_loss,0.5940858679587329,0.9029976661808284,0.6725415938187356,0.545273631840796,0.006958212506172983,0.27649402469066825,0.007742851506663206,0.03981053067977306,"[[2202, 903], [1048, 1805]]","[[201, 144], [157, 160]]"
disclosure_x_bias,289,init_hard,DCP,log_loss,0.5939997733961019,0.9030565560372829,0.6720382381140375,0.545273631840796,0.006959557512258806,0.27652054926194214,0.007683817606784305,0.041071994814786635,"[[2200, 905], [1049, 1804]]","[[200, 145], [156, 161]]"
disclosure_x_bias,290,init_hard,DCP,log_loss,0.5939185958251435,0.9030700591795636,0.6720382381140375,0.5483039348710991,0.00695890730129141,0.2765967890678383,0.007925369052160337,0.040962470519404166,"[[2197, 908], [1046, 1807]]","[[201, 144], [155, 162]]"
disclosure_x_bias,291,init_hard,DCP,log_loss,0.5938409465183029,0.9030141033466188,0.6722060233489369,0.5467887833559475,0.006956186441172307,0.2766010481807834,0.008344049690289438,0.041357886018885875,"[[2197, 908], [1045, 1808]]","[[200, 145], [155, 162]]"
disclosure_x_bias,292,init_hard,DCP,log_loss,0.5937634089285222,0.90320911141258,0.6725421578027184,0.5483039348710991,0.006953661291886439,0.2766110975518629,0.00738531557604103,0.039049691208279655,"[[2200, 905], [1046, 1807]]","[[201, 144], [155, 162]]"
disclosure_x_bias,293,init_hard,DCP,log_loss,0.5936784476467606,0.9030343384973897,0.6722060233489369,0.5467887833559475,0.006957289593589766,0.2766337856451903,0.007921357660137735,0.03946427661012033,"[[2205, 900], [1053, 1800]]","[[200, 145], [155, 162]]"
disclosure_x_bias,294,init_hard,DCP,log_loss,0.5935954258061594,0.9032128851645913,0.6722063053409284,0.5483039348710991,0.006957998765689855,0.27651613405811915,0.0077887787309064175,0.039049691208279655,"[[2203, 902], [1051, 1802]]","[[201, 144], [155, 162]]"
disclosure_x_bias,295,init_hard,DCP,log_loss,0.5935153046524927,0.903142939004827,0.6720382381140376,0.5483039348710991,0.0069532380941437115,0.2765983591262383,0.008042247439077095,0.039049691208279655,"[[2199, 906], [1048, 1805]]","[[201, 144], [155, 162]]"
disclosure_x_bias,296,init_hard,DCP,log_loss,0.5934288721636835,0.9033922825098815,0.6727090970616435,0.5513116236996833,0.006947796849282048,0.2763611812445433,0.008620222021733114,0.04083565906653688,"[[2201, 904], [1046, 1807]]","[[202, 143], [154, 163]]"
disclosure_x_bias,297,init_hard,DCP,log_loss,0.5933406231440019,0.9032860616457044,0.6720379561220462,0.5513342379014021,0.006934217126544202,0.2763827324530136,0.007818708283253576,0.03996896221442021,"[[2195, 910], [1044, 1809]]","[[201, 144], [153, 164]]"
disclosure_x_bias,298,init_hard,DCP,log_loss,0.5932449922608952,0.9033197353172685,0.6723735265918448,0.5483039348710991,0.006942679649149989,0.2763191950336796,0.0084245664682647,0.039049691208279655,"[[2204, 901], [1051, 1802]]","[[201, 144], [155, 162]]"
disclosure_x_bias,299,init_hard,DCP,log_loss,0.5931477751661764,0.9032250495422709,0.672541875810727,0.5483039348710991,0.006944313612274467,0.2763221865191664,0.008201285646446605,0.039049691208279655,"[[2200, 905], [1046, 1807]]","[[201, 144], [155, 162]]"
disclosure_x_bias,300,init_hard,DCP,log_loss,0.5930683098241297,0.9031503347212263,0.6727093790536349,0.5483039348710991,0.006944451398615525,0.2761380624293367,0.007887548139185756,0.039049691208279655,"[[2202, 903], [1047, 1806]]","[[201, 144], [155, 162]]"
disclosure_x_bias,1,init_hard,DCP,exponential,27.0765760990323,30.113200949768732,0.6181583103039874,0.5468566259611036,14.862008298231043,33.90156910793008,0.02399627250590758,0.024994530524254606,"[[2030, 1075], [1200, 1653]]","[[209, 136], [164, 153]]"
disclosure_x_bias,2,init_hard,DCP,exponential,27.091928534652446,30.21332883974108,0.6189986464384412,0.5468566259611036,14.858642343937564,34.15156882910767,0.022542693543351464,0.024994530524254606,"[[2037, 1068], [1202, 1651]]","[[209, 136], [164, 153]]"
disclosure_x_bias,3,init_hard,DCP,exponential,27.039807444762015,30.03869485183457,0.6206779087473916,0.5483717774762551,14.869903726332176,34.055596162364466,0.022940269284554365,0.02634345820143053,"[[2048, 1057], [1203, 1650]]","[[210, 135], [164, 153]]"
disclosure_x_bias,4,init_hard,DCP,exponential,26.92708521637786,30.125893301411075,0.6215165529298968,0.5483717774762551,14.804428410944043,34.29302418585275,0.02314324904939431,0.02634345820143053,"[[2053, 1052], [1203, 1650]]","[[210, 135], [164, 153]]"
disclosure_x_bias,5,init_hard,DCP,exponential,26.9331620350072,30.097949856646107,0.6240364333652925,0.5438715513342378,14.812372239908905,34.26563212556051,0.02136093757999801,0.027877195430870284,"[[2084, 1021], [1219, 1634]]","[[210, 135], [167, 150]]"
disclosure_x_bias,6,init_hard,DCP,exponential,26.82278885900704,29.9945092048553,0.6242045005921832,0.5438715513342378,14.764195899155641,34.501382719555345,0.02158236055978644,0.027877195430870284,"[[2085, 1020], [1219, 1634]]","[[210, 135], [167, 150]]"
disclosure_x_bias,7,init_hard,DCP,exponential,26.54034154015192,29.710333410502066,0.6253792792284699,0.5438715513342378,14.696578837459928,34.49706912303537,0.02158905402542831,0.027877195430870284,"[[2092, 1013], [1219, 1634]]","[[210, 135], [167, 150]]"
disclosure_x_bias,8,init_hard,DCP,exponential,26.529131383026247,29.68900233198343,0.6255470644633693,0.5438715513342378,14.681208180723852,34.47845268588792,0.021425055084503125,0.027877195430870284,"[[2097, 1008], [1223, 1630]]","[[210, 135], [167, 150]]"
disclosure_x_bias,9,init_hard,DCP,exponential,26.540209651192093,29.757106274474843,0.6272249168123626,0.5544776119402985,14.677899460726248,34.679117918744495,0.017445556613574057,0.05151257809546473,"[[2066, 1039], [1182, 1671]]","[[209, 136], [159, 158]]"
disclosure_x_bias,10,init_hard,DCP,exponential,26.503955068197246,29.721715521941668,0.6278960577519599,0.5544776119402985,14.65568725827079,34.64361442110977,0.016446884057227936,0.05151257809546473,"[[2073, 1032], [1185, 1668]]","[[209, 136], [159, 158]]"
disclosure_x_bias,11,init_hard,DCP,exponential,26.29107694015193,29.46735945655464,0.6277279905250691,0.5544776119402985,14.625871682779154,34.64712353885495,0.016197842294226335,0.05151257809546473,"[[2070, 1035], [1183, 1670]]","[[209, 136], [159, 158]]"
disclosure_x_bias,12,init_hard,DCP,exponential,26.247971022970184,29.3989925740174,0.6289024871693644,0.5544776119402985,14.626799017074564,34.87332443442563,0.014935296163352938,0.05151257809546473,"[[2094, 1011], [1200, 1653]]","[[211, 134], [161, 156]]"
disclosure_x_bias,13,init_hard,DCP,exponential,26.213007440491726,29.389895602752432,0.6295739101009532,0.5575079149706015,14.599275601567118,34.884366423272425,0.015216766502907826,0.05278865485291557,"[[2099, 1006], [1201, 1652]]","[[213, 132], [161, 156]]"
disclosure_x_bias,14,init_hard,DCP,exponential,26.197485237155973,29.385964367982133,0.630077265805651,0.559023066485753,14.587258137994157,34.88669669621131,0.01528592171778537,0.05262143276816594,"[[2104, 1001], [1203, 1650]]","[[214, 131], [161, 156]]"
disclosure_x_bias,15,init_hard,DCP,exponential,25.998175872700035,29.249870998590808,0.630077265805651,0.559023066485753,14.546112731694027,34.93189048958187,0.01528592171778537,0.05262143276816594,"[[2105, 1000], [1204, 1649]]","[[214, 131], [161, 156]]"
disclosure_x_bias,16,init_hard,DCP,exponential,25.971945418119816,29.245907799945115,0.6304131182674413,0.559023066485753,14.515611600343398,34.9229856761305,0.015107656744900746,0.05262143276816594,"[[2107, 998], [1204, 1649]]","[[214, 131], [161, 156]]"
disclosure_x_bias,17,init_hard,DCP,exponential,25.88921323046153,29.145022092381303,0.6304131182674413,0.559023066485753,14.488041903226428,35.09625937970572,0.01510765674490076,0.05262143276816594,"[[2111, 994], [1208, 1645]]","[[215, 130], [162, 155]]"
disclosure_x_bias,18,init_hard,DCP,exponential,25.884589729167583,29.01966211146841,0.630581185494332,0.5575305291723203,14.522737143457707,35.02675707350938,0.014884854663322485,0.054427058818320065,"[[2105, 1000], [1201, 1652]]","[[214, 131], [162, 155]]"
disclosure_x_bias,19,init_hard,DCP,exponential,25.898708475108663,29.036203426464795,0.6307492527212227,0.5575305291723203,14.52719220975767,35.05558704092801,0.014677923430438486,0.054427058818320065,"[[2105, 1000], [1200, 1653]]","[[214, 131], [162, 155]]"
disclosure_x_bias,20,init_hard,DCP,exponential,25.791767244975187,29.013724415542463,0.6304134002594326,0.5575305291723203,14.49418079250691,35.03438536264133,0.014376135414239828,0.054427058818320065,"[[2103, 1002], [1200, 1653]]","[[214, 131], [162, 155]]"
disclosure_x_bias,21,init_hard,DCP,exponential,25.677257223983695,28.863980122382976,0.6305814674863234,0.5575305291723203,14.4562867466637,35.06029086616996,0.014621908750319703,0.054427058818320065,"[[2106, 999], [1202, 1651]]","[[214, 131], [162, 155]]"
disclosure_x_bias,22,init_hard,DCP,exponential,25.674136858221953,28.940669203302196,0.6309170379561221,0.5575305291723203,14.435068787695633,35.230549589376956,0.014774007313641048,0.054427058818320065,"[[2106, 999], [1200, 1653]]","[[214, 131], [162, 155]]"
disclosure_x_bias,23,init_hard,DCP,exponential,25.68551372900719,28.924475802250566,0.6312526084259207,0.5575305291723203,14.434977203224326,35.2147553682284,0.015083000672632135,0.054427058818320065,"[[2109, 996], [1201, 1652]]","[[214, 131], [162, 155]]"
disclosure_x_bias,24,init_hard,DCP,exponential,25.602831695412032,28.75898056443129,0.6317559641306187,0.5560153776571687,14.427351222333066,35.210912225734475,0.015316989342932267,0.054542701143771764,"[[2113, 992], [1202, 1651]]","[[214, 131], [163, 154]]"
disclosure_x_bias,25,init_hard,DCP,exponential,25.591323837499328,28.741949474741197,0.6332665952286956,0.5560153776571687,14.427337963625092,35.175712899751275,0.014282472067502718,0.054542701143771764,"[[2098, 1007], [1178, 1675]]","[[212, 133], [161, 156]]"
disclosure_x_bias,26,init_hard,DCP,exponential,25.586054944170435,28.720548538499806,0.6332665952286956,0.5560153776571687,14.439646822374787,35.10756621446046,0.014282472067502718,0.054542701143771764,"[[2099, 1006], [1179, 1674]]","[[212, 133], [161, 156]]"
disclosure_x_bias,27,init_hard,DCP,exponential,25.57362356010909,28.67739709973419,0.6334343804635949,0.5575079149706015,14.456308204985936,35.203903752025305,0.014062271899917746,0.05278865485291557,"[[2098, 1007], [1177, 1676]]","[[212, 133], [160, 157]]"
disclosure_x_bias,28,init_hard,DCP,exponential,25.49841959139506,28.563740085186243,0.6336021656984941,0.5575079149706015,14.44398582546479,35.25571609539386,0.014104984339502368,0.05278865485291557,"[[2100, 1005], [1178, 1675]]","[[212, 133], [160, 157]]"
disclosure_x_bias,29,init_hard,DCP,exponential,25.380048667656695,28.534065106120824,0.6325954542890981,0.5575079149706015,14.392292261133852,35.19314151416029,0.015659521430448808,0.05278865485291557,"[[2123, 982], [1207, 1646]]","[[215, 130], [163, 154]]"
disclosure_x_bias,30,init_hard,DCP,exponential,25.401089949633388,28.590587567125475,0.6327632395239975,0.5575079149706015,14.39655035230153,35.33009534175243,0.01572774935677121,0.05278865485291557,"[[2123, 982], [1206, 1647]]","[[215, 130], [163, 154]]"
disclosure_x_bias,31,init_hard,DCP,exponential,25.315965624208896,28.476746494113286,0.6329310247588968,0.5575079149706015,14.372212794834796,35.349822458291946,0.015951357561288532,0.05278865485291557,"[[2125, 980], [1207, 1646]]","[[215, 130], [163, 154]]"
disclosure_x_bias,32,init_hard,DCP,exponential,25.290425324167465,28.41051866210774,0.6339377361682927,0.5575079149706015,14.36975111690658,35.25417308593747,0.014227448236976366,0.05278865485291557,"[[2102, 1003], [1178, 1675]]","[[212, 133], [160, 157]]"
disclosure_x_bias,33,init_hard,DCP,exponential,25.169285622499206,28.392952741179084,0.6339377361682927,0.5575079149706015,14.346999263353231,35.42873405851371,0.014227448236976366,0.05278865485291557,"[[2102, 1003], [1178, 1675]]","[[212, 133], [160, 157]]"
disclosure_x_bias,34,init_hard,DCP,exponential,25.165505523122004,28.40763196083273,0.6334343804635949,0.5544776119402985,14.345412416123736,35.41955532499437,0.014946470695625665,0.045181448313186066,"[[2115, 990], [1194, 1659]]","[[212, 133], [162, 155]]"
disclosure_x_bias,35,init_hard,DCP,exponential,25.177922034234868,28.414757710258026,0.6337699509333935,0.552962460425147,14.350887967864132,35.42922088346159,0.014623756682390932,0.047410404086498256,"[[2118, 987], [1195, 1658]]","[[212, 133], [163, 154]]"
disclosure_x_bias,36,init_hard,DCP,exponential,25.172346179937247,28.339523571883614,0.6341055214031922,0.552962460425147,14.3734905556717,35.40226068267484,0.014822322015026455,0.047410404086498256,"[[2119, 986], [1194, 1659]]","[[212, 133], [163, 154]]"
disclosure_x_bias,37,init_hard,DCP,exponential,25.06917691508755,28.290841970115974,0.6344410918729908,0.5544776119402985,14.44151476170229,35.30222514787085,0.013996245261102512,0.05101500269049291,"[[2108, 997], [1181, 1672]]","[[212, 133], [162, 155]]"
disclosure_x_bias,38,init_hard,DCP,exponential,25.07678172642535,28.351266188780095,0.6346088771078902,0.5544776119402985,14.448946008022489,35.41531787007528,0.014070316629810084,0.05101500269049291,"[[2109, 996], [1181, 1672]]","[[212, 133], [162, 155]]"
disclosure_x_bias,39,init_hard,DCP,exponential,25.079622355063158,28.328979238763004,0.6346088771078902,0.5575079149706015,14.447955124791363,35.42383837888311,0.014225083204749061,0.058735336162099645,"[[2098, 1007], [1170, 1683]]","[[212, 133], [160, 157]]"
disclosure_x_bias,40,init_hard,DCP,exponential,25.009126054608362,28.241839586797,0.6352800180474875,0.5575079149706015,14.428630547341664,35.392211152662064,0.01373946127779829,0.058735336162099645,"[[2099, 1006], [1167, 1686]]","[[212, 133], [160, 157]]"
disclosure_x_bias,41,init_hard,DCP,exponential,24.763535785430395,28.216291761454414,0.6356155885172861,0.55599276345545,14.31481980757854,35.57982108723965,0.013955102511432702,0.05927377405697906,"[[2101, 1004], [1167, 1686]]","[[212, 133], [161, 156]]"
disclosure_x_bias,42,init_hard,DCP,exponential,24.748351396239286,28.172474795116255,0.6359511589870848,0.55599276345545,14.312144443246599,35.488836582164,0.014224750590556225,0.05927377405697906,"[[2103, 1002], [1167, 1686]]","[[212, 133], [161, 156]]"
disclosure_x_bias,43,init_hard,DCP,exponential,24.739839369938483,28.19172133147717,0.6364545146917828,0.5590230664857531,14.313967214906269,35.46598371741705,0.013686124439628595,0.056816828575236386,"[[2097, 1008], [1158, 1695]]","[[211, 134], [158, 159]]"
disclosure_x_bias,44,init_hard,DCP,exponential,24.70469925350241,28.126625351947713,0.6367900851615814,0.5544776119402985,14.294761427722303,35.49102673874662,0.01384848938361619,0.04949227103215141,"[[2110, 995], [1169, 1684]]","[[211, 134], [161, 156]]"
disclosure_x_bias,45,init_hard,DCP,exponential,24.730465305359964,28.156949128349652,0.6366222999266821,0.55599276345545,14.288338250290888,35.58509179671176,0.013825360887830172,0.04784365611268964,"[[2110, 995], [1170, 1683]]","[[211, 134], [160, 157]]"
disclosure_x_bias,46,init_hard,DCP,exponential,24.720209651974848,28.120186917056383,0.6367900851615814,0.5544776119402985,14.285671189987761,35.505179959259195,0.01384848938361619,0.04949227103215141,"[[2110, 995], [1169, 1684]]","[[211, 134], [161, 156]]"
disclosure_x_bias,47,init_hard,DCP,exponential,24.66892965153705,28.029047369202704,0.6367900851615814,0.55599276345545,14.284365734494736,35.515327770309334,0.013916086035405653,0.04784365611268964,"[[2111, 994], [1170, 1683]]","[[212, 133], [161, 156]]"
disclosure_x_bias,48,init_hard,DCP,exponential,24.593626645134755,28.019662276075554,0.6367900851615814,0.55599276345545,14.27692808955737,35.50610872097311,0.013916086035405653,0.04784365611268964,"[[2111, 994], [1170, 1683]]","[[212, 133], [161, 156]]"
disclosure_x_bias,49,init_hard,DCP,exponential,24.579752607576786,28.042832265679596,0.6377982065309344,0.55599276345545,14.271825995449008,35.51244264951616,0.012768318020116314,0.04784365611268964,"[[2120, 985], [1173, 1680]]","[[212, 133], [161, 156]]"
disclosure_x_bias,50,init_hard,DCP,exponential,24.588127215188475,28.05690628974507,0.637798488522926,0.55599276345545,14.283312812374271,35.512106256437185,0.013217820216182292,0.04784365611268964,"[[2120, 985], [1173, 1680]]","[[212, 133], [161, 156]]"
disclosure_x_bias,51,init_hard,DCP,exponential,24.589562242857504,28.143123479143185,0.6379662737578252,0.55599276345545,14.300308766711922,35.65318377418615,0.013178053036739648,0.04784365611268964,"[[2121, 984], [1173, 1680]]","[[212, 133], [161, 156]]"
disclosure_x_bias,52,init_hard,DCP,exponential,24.57206778519946,28.098293390238744,0.6383018442276239,0.5544776119402985,14.297568905645049,35.55248648175444,0.012776590192879333,0.04949227103215141,"[[2122, 983], [1172, 1681]]","[[211, 134], [161, 156]]"
disclosure_x_bias,53,init_hard,DCP,exponential,24.415622511327758,27.95462517854679,0.6383018442276239,0.5544776119402985,14.232188171570616,35.6559431335569,0.012727531656439096,0.04949227103215141,"[[2122, 983], [1172, 1681]]","[[211, 134], [161, 156]]"
disclosure_x_bias,54,init_hard,DCP,exponential,24.406330397741172,27.919645083841726,0.6383018442276239,0.5544776119402985,14.233438168117754,35.59389568342966,0.012727531656439096,0.04949227103215141,"[[2123, 982], [1173, 1680]]","[[211, 134], [161, 156]]"
disclosure_x_bias,55,init_hard,DCP,exponential,24.335867830594957,27.906809304310237,0.6386374146974225,0.5544776119402985,14.293805066985964,35.57474694289901,0.01267690655832489,0.04949227103215141,"[[2124, 981], [1172, 1681]]","[[211, 134], [161, 156]]"
disclosure_x_bias,56,init_hard,DCP,exponential,24.241462199996565,27.86044979530066,0.6396455360667758,0.5529850746268656,14.283567799434453,35.477660185093946,0.012057531845587794,0.05126107980211769,"[[2131, 974], [1173, 1680]]","[[211, 134], [162, 155]]"
disclosure_x_bias,57,init_hard,DCP,exponential,24.25538083320273,27.929768857044046,0.6393099655969771,0.5529850746268656,14.30222983244216,35.6118039748622,0.01185497249437164,0.05126107980211769,"[[2130, 975], [1174, 1679]]","[[211, 134], [162, 155]]"
disclosure_x_bias,58,init_hard,DCP,exponential,24.24924225800596,27.969386258706198,0.6396455360667758,0.5529850746268656,14.298037042713784,35.70643215163949,0.012057531845587794,0.05126107980211769,"[[2131, 974], [1173, 1680]]","[[211, 134], [162, 155]]"
disclosure_x_bias,59,init_hard,DCP,exponential,24.25441605466485,27.966743445420366,0.6394777508318763,0.5514699231117142,14.30764679578044,35.633115538610895,0.011866082434302065,0.04971870523831893,"[[2132, 973], [1175, 1678]]","[[211, 134], [163, 154]]"
disclosure_x_bias,60,init_hard,DCP,exponential,24.262669929777477,27.942308395349066,0.6394777508318763,0.5514699231117142,14.316232071973245,35.64748879072507,0.011866082434302065,0.04971870523831893,"[[2132, 973], [1175, 1678]]","[[211, 134], [163, 154]]"
disclosure_x_bias,61,init_hard,DCP,exponential,24.201275585284755,27.858222499671804,0.6404844622412724,0.5529850746268656,14.318819767694098,35.66697974049578,0.011611004272604263,0.050256023493889475,"[[2136, 969], [1173, 1680]]","[[212, 133], [163, 154]]"
disclosure_x_bias,62,init_hard,DCP,exponential,24.175014669559474,27.84571395440567,0.6403166770063731,0.5514699231117142,14.302281045008307,35.666127627642794,0.011064144353686666,0.046538784206215766,"[[2135, 970], [1173, 1680]]","[[211, 134], [163, 154]]"
disclosure_x_bias,63,init_hard,DCP,exponential,24.180345366004172,27.798600026756567,0.6401488917714737,0.5514699231117142,14.316122774222475,35.65352887672976,0.011038068312032318,0.046538784206215766,"[[2134, 971], [1173, 1680]]","[[211, 134], [163, 154]]"
disclosure_x_bias,64,init_hard,DCP,exponential,24.199859883628147,27.79630217699928,0.6401488917714737,0.5514699231117142,14.338647790698237,35.633029255596725,0.011038068312032318,0.046538784206215766,"[[2134, 971], [1173, 1680]]","[[211, 134], [163, 154]]"
disclosure_x_bias,65,init_hard,DCP,exponential,24.18795824079083,27.80566524663743,0.6403169589983644,0.5514699231117142,14.354788213995999,35.60767571869337,0.011306664779990634,0.046538784206215766,"[[2135, 970], [1173, 1680]]","[[211, 134], [163, 154]]"
disclosure_x_bias,66,init_hard,DCP,exponential,24.12659136473198,27.739883524601897,0.6404847442332638,0.5514699231117142,14.346809676670448,35.727107700448954,0.011629097715617789,0.046538784206215766,"[[2135, 970], [1172, 1681]]","[[211, 134], [163, 154]]"
disclosure_x_bias,67,init_hard,DCP,exponential,24.049609975958834,27.798023159890988,0.6406525294681631,0.5514699231117142,14.3381683495264,35.83168930277308,0.01132165438084227,0.046538784206215766,"[[2137, 968], [1173, 1680]]","[[211, 134], [163, 154]]"
disclosure_x_bias,68,init_hard,DCP,exponential,24.055732833035535,27.780106589029607,0.6406525294681631,0.5514699231117142,14.310921034349025,35.75988351746545,0.01148622838849237,0.046538784206215766,"[[2136, 969], [1172, 1681]]","[[211, 134], [163, 154]]"
disclosure_x_bias,69,init_hard,DCP,exponential,24.068666876500522,27.81480016038198,0.641155885172861,0.5514699231117142,14.309432335799329,35.766155918786936,0.011981092665510689,0.046538784206215766,"[[2137, 968], [1170, 1683]]","[[211, 134], [163, 154]]"
disclosure_x_bias,70,init_hard,DCP,exponential,23.9785865511701,27.829917305456682,0.6413236704077605,0.5529850746268656,14.258502868746998,35.781853379785126,0.011645372011044873,0.050256023493889475,"[[2139, 966], [1171, 1682]]","[[212, 133], [163, 154]]"
disclosure_x_bias,71,init_hard,DCP,exponential,23.918967593270786,27.808545432364486,0.6413236704077605,0.5529850746268656,14.248475806050125,35.740109403624444,0.011645372011044873,0.050256023493889475,"[[2139, 966], [1171, 1682]]","[[212, 133], [163, 154]]"
disclosure_x_bias,72,init_hard,DCP,exponential,23.910288536498218,27.773633952725977,0.6413236704077605,0.5499547715965626,14.2653898295217,35.74554709773661,0.011752322283611413,0.049640155982920015,"[[2137, 968], [1169, 1684]]","[[210, 135], [163, 154]]"
disclosure_x_bias,73,init_hard,DCP,exponential,23.822352255992698,27.785449242571907,0.6430037786926851,0.5514246947082768,14.332674382362299,35.760121047710335,0.011693228317393448,0.04257242515944614,"[[2162, 943], [1184, 1669]]","[[212, 133], [164, 153]]"
disclosure_x_bias,74,init_hard,DCP,exponential,23.804345760488175,27.77899896228187,0.6433393491624837,0.5514246947082768,14.32889549423714,35.75426083734746,0.011321908494112295,0.04257242515944614,"[[2164, 941], [1184, 1669]]","[[212, 133], [164, 153]]"
disclosure_x_bias,75,init_hard,DCP,exponential,23.818811135574375,27.772554205859997,0.6435071343973832,0.5529398462234283,14.343530905004972,35.71583447135551,0.011014372169268467,0.042605946914209956,"[[2165, 940], [1184, 1669]]","[[213, 132], [164, 153]]"
disclosure_x_bias,76,init_hard,DCP,exponential,23.882598034734432,28.14704024730517,0.6440104901020811,0.5529398462234283,14.277298721380735,35.87061518914916,0.010827027008752904,0.042605946914209956,"[[2165, 940], [1181, 1672]]","[[213, 132], [164, 153]]"
disclosure_x_bias,77,init_hard,DCP,exponential,23.883342635010287,28.133555741157814,0.6443460605718798,0.5514246947082768,14.276121998911917,35.78440019002622,0.01083105636876477,0.04257242515944614,"[[2168, 937], [1182, 1671]]","[[212, 133], [164, 153]]"
disclosure_x_bias,78,init_hard,DCP,exponential,23.781461589945675,28.037305695509694,0.6448496982685692,0.5514246947082768,14.277156240660307,35.917931352473666,0.010732615045545617,0.04257242515944614,"[[2172, 933], [1183, 1670]]","[[213, 132], [165, 152]]"
disclosure_x_bias,79,init_hard,DCP,exponential,23.80520973201955,28.032640308707915,0.6445141277987705,0.5514246947082768,14.282252233136889,35.86539509900465,0.011089837492032762,0.04257242515944614,"[[2166, 939], [1179, 1674]]","[[212, 133], [164, 153]]"
disclosure_x_bias,80,init_hard,DCP,exponential,23.793050523770635,28.026945531828705,0.6431695899836445,0.5469244685662595,14.285501045835979,35.975623049532835,0.011767068255603223,0.046120929966068314,"[[2142, 963], [1163, 1690]]","[[209, 136], [164, 153]]"
disclosure_x_bias,81,init_hard,DCP,exponential,23.748648639922003,27.98779280741967,0.6445141277987705,0.5499095431931252,14.257927349997079,35.898426537306605,0.011313234513797527,0.04307516381552285,"[[2169, 936], [1182, 1671]]","[[212, 133], [165, 152]]"
disclosure_x_bias,82,init_hard,DCP,exponential,23.701595305227123,27.93005084345245,0.6446821950256613,0.5499095431931252,14.261291761177105,35.911429675068,0.011422492542446547,0.04307516381552285,"[[2169, 936], [1181, 1672]]","[[212, 133], [165, 152]]"
disclosure_x_bias,83,init_hard,DCP,exponential,23.711828366140534,27.93116334431579,0.6450177654954599,0.5529398462234283,14.278480552732338,35.943536314705256,0.011126712502602772,0.046608723756062585,"[[2159, 946], [1169, 1684]]","[[212, 133], [163, 154]]"
disclosure_x_bias,84,init_hard,DCP,exponential,23.705776653304717,27.963791221620237,0.6446821950256613,0.5499095431931252,14.268203808207469,35.97929261383629,0.01190521271974325,0.04307516381552285,"[[2156, 949], [1168, 1685]]","[[210, 135], [163, 154]]"
disclosure_x_bias,85,init_hard,DCP,exponential,23.68928621806217,27.923785950772505,0.6446819130336698,0.5483943916779738,14.267846679840808,35.937092495931516,0.011914375656870167,0.04171787343175004,"[[2158, 947], [1170, 1683]]","[[210, 135], [164, 153]]"
disclosure_x_bias,86,init_hard,DCP,exponential,23.709805164849868,27.97391722517268,0.646024476904856,0.5483943916779738,14.294301464001329,35.97821596563116,0.01131118818755145,0.04171787343175004,"[[2162, 943], [1166, 1687]]","[[210, 135], [164, 153]]"
disclosure_x_bias,87,init_hard,DCP,exponential,23.681871167482164,27.991524568462637,0.6463600473746546,0.5483943916779738,14.319411248870708,35.98042946051233,0.011136696198065215,0.04171787343175004,"[[2166, 939], [1168, 1685]]","[[211, 134], [165, 152]]"
disclosure_x_bias,88,init_hard,DCP,exponential,23.6643911490661,27.989549420084224,0.6453533359652586,0.5514246947082768,14.311296262071094,35.96726434095878,0.01156611509543359,0.04257242515944614,"[[2164, 941], [1172, 1681]]","[[212, 133], [164, 153]]"
disclosure_x_bias,89,init_hard,DCP,exponential,23.666562820490515,28.012108612772785,0.6455211212001579,0.5514246947082768,14.313501465919357,36.006347336153674,0.011534142595640048,0.04257242515944614,"[[2164, 941], [1171, 1682]]","[[212, 133], [164, 153]]"
disclosure_x_bias,90,init_hard,DCP,exponential,23.72713007164821,28.437534452098095,0.6471995375331341,0.5499095431931252,14.2459029939511,36.24397207044703,0.00948003713929629,0.04307516381552285,"[[2163, 942], [1160, 1693]]","[[211, 134], [164, 153]]"
disclosure_x_bias,91,init_hard,DCP,exponential,23.707397553613582,28.353945509076517,0.6463600473746546,0.5514246947082768,14.244259032524171,36.15876112915248,0.009727431432123098,0.04257242515944614,"[[2163, 942], [1165, 1688]]","[[212, 133], [164, 153]]"
disclosure_x_bias,92,init_hard,DCP,exponential,23.71259376603368,28.38424664243154,0.6471995375331341,0.5483943916779738,14.245082238072262,36.15452124973191,0.009578512227852434,0.04171787343175004,"[[2165, 940], [1162, 1691]]","[[211, 134], [165, 152]]"
disclosure_x_bias,93,init_hard,DCP,exponential,23.710750549166967,28.38138255861163,0.6473670407760419,0.5483943916779738,14.234902862221167,36.13751619326024,0.00934926198176744,0.04171787343175004,"[[2166, 939], [1162, 1691]]","[[211, 134], [165, 152]]"
disclosure_x_bias,94,init_hard,DCP,exponential,23.682640221784247,28.377720029812377,0.6473670407760419,0.5468792401628223,14.234560321632433,36.17197757857353,0.00934926198176744,0.041499651497435196,"[[2166, 939], [1162, 1691]]","[[210, 135], [165, 152]]"
disclosure_x_bias,95,init_hard,DCP,exponential,23.68252919279814,28.348569000484048,0.6470314703062433,0.5483943916779738,14.234911536162095,36.08695746478175,0.009530236510094223,0.04292331963779388,"[[2163, 942], [1161, 1692]]","[[210, 135], [164, 153]]"
disclosure_x_bias,96,init_hard,DCP,exponential,23.61415737272033,28.38784924443197,0.6480384637076307,0.5499095431931252,14.290302035663064,36.18783924094623,0.011052105724095951,0.042478871632892656,"[[2163, 942], [1155, 1698]]","[[210, 135], [163, 154]]"
disclosure_x_bias,97,init_hard,DCP,exponential,23.608294667260356,28.38567375767257,0.64820624894253,0.5499095431931252,14.30354492107784,36.16959905232479,0.011001586212912376,0.04126044267992124,"[[2165, 940], [1156, 1697]]","[[211, 134], [164, 153]]"
disclosure_x_bias,98,init_hard,DCP,exponential,23.56426172037458,28.30437224858257,0.649212960351926,0.5483943916779738,14.310893904320432,36.28006875968338,0.009612053809788277,0.0371923990346823,"[[2163, 942], [1148, 1705]]","[[210, 135], [164, 153]]"
disclosure_x_bias,99,init_hard,DCP,exponential,23.589671305519722,28.30592431364649,0.648709604647228,0.5483943916779738,14.267504349035544,36.22655502807306,0.00992719457634631,0.0371923990346823,"[[2161, 944], [1149, 1704]]","[[210, 135], [164, 153]]"
disclosure_x_bias,100,init_hard,DCP,exponential,23.460910209886883,28.296620745782086,0.6482059669505386,0.5468792401628223,14.222351336089615,36.18861400310668,0.010030276167704605,0.03830332964321515,"[[2160, 945], [1151, 1702]]","[[209, 136], [164, 153]]"
disclosure_x_bias,101,init_hard,DCP,exponential,23.45884389364506,28.289244265808257,0.6485415374203373,0.5483943916779738,14.224014299847298,36.190997866925834,0.00987750424617212,0.0371923990346823,"[[2163, 942], [1152, 1701]]","[[210, 135], [164, 153]]"
disclosure_x_bias,102,init_hard,DCP,exponential,23.44806112299586,28.215806694567334,0.6485415374203373,0.5483943916779738,14.250308721224787,36.12837408642488,0.00987750424617212,0.0371923990346823,"[[2163, 942], [1152, 1701]]","[[210, 135], [164, 153]]"
disclosure_x_bias,103,init_hard,DCP,exponential,23.420890159005204,28.235094461734075,0.6493804635948339,0.5468792401628223,14.227911869363044,36.1638521724297,0.010509521007499304,0.03694745805459556,"[[2165, 940], [1149, 1704]]","[[208, 137], [163, 154]]"
disclosure_x_bias,104,init_hard,DCP,exponential,23.43375519250781,28.291307095180382,0.6495482488297333,0.5514246947082768,14.251247313796716,36.25558401831601,0.010901608889772433,0.04546963158646014,"[[2171, 934], [1154, 1699]]","[[211, 134], [163, 154]]"
disclosure_x_bias,105,init_hard,DCP,exponential,23.434899256047867,28.282848656104267,0.6483729062094636,0.5544097693351425,14.247264572552156,36.197659986566364,0.010902269424342257,0.044316809538224804,"[[2176, 929], [1166, 1687]]","[[213, 132], [163, 154]]"
disclosure_x_bias,106,init_hard,DCP,exponential,23.4734288093305,28.347867134208208,0.6490440471490609,0.5544097693351425,14.316784163484607,36.29719522889259,0.010973164056523137,0.044316809538224804,"[[2177, 928], [1163, 1690]]","[[213, 132], [163, 154]]"
disclosure_x_bias,107,init_hard,DCP,exponential,23.481164324333964,28.309976276999958,0.6487084766792623,0.5544097693351425,14.322641133643936,36.21661587192332,0.011127731435086639,0.044316809538224804,"[[2176, 929], [1164, 1689]]","[[213, 132], [163, 154]]"
disclosure_x_bias,108,init_hard,DCP,exponential,23.473169552583023,28.338918385938506,0.6488762619141617,0.5528946178199909,14.332734893988162,36.243039073068225,0.010779910588258442,0.04011193210880474,"[[2174, 931], [1161, 1692]]","[[212, 133], [163, 154]]"
disclosure_x_bias,109,init_hard,DCP,exponential,23.475473130067964,28.368343461729694,0.6493796176188597,0.5528946178199909,14.340036140694677,36.29615496253172,0.010541045296509217,0.04011193210880474,"[[2173, 932], [1157, 1696]]","[[212, 133], [163, 154]]"
disclosure_x_bias,110,init_hard,DCP,exponential,23.39785916852342,28.35754060022133,0.6492118323839603,0.5513794663048394,14.383808464847037,36.249173471229305,0.010818708677130277,0.041327834323559444,"[[2172, 933], [1157, 1696]]","[[211, 134], [163, 154]]"
disclosure_x_bias,111,init_hard,DCP,exponential,23.345303790277185,28.361177841790493,0.6498829733235576,0.5528946178199909,14.403440333188605,36.323760283016576,0.010510116148680297,0.04011193210880474,"[[2175, 930], [1156, 1697]]","[[212, 133], [163, 154]]"
disclosure_x_bias,112,init_hard,DCP,exponential,23.362421043849107,28.330997313206694,0.649547402853759,0.5528946178199909,14.41047292354406,36.24497009596122,0.010700664296404903,0.04011193210880474,"[[2173, 932], [1156, 1697]]","[[212, 133], [163, 154]]"
disclosure_x_bias,113,init_hard,DCP,exponential,23.335194572708858,28.312788648497282,0.6503863290282557,0.5544097693351425,14.414490516528836,36.354180807173876,0.010834259368582807,0.04008582280476247,"[[2170, 935], [1148, 1705]]","[[212, 133], [162, 155]]"
disclosure_x_bias,114,init_hard,DCP,exponential,23.444615421273365,28.7485262896128,0.6505541142631549,0.555924920850294,14.332810093608781,36.558048352179426,0.010712890414339152,0.03999597182361288,"[[2170, 935], [1147, 1706]]","[[212, 133], [161, 156]]"
disclosure_x_bias,115,init_hard,DCP,exponential,23.417489964304124,28.695851042743165,0.6502185437933563,0.555924920850294,14.340562698276512,36.562244261832845,0.011344255621022486,0.03999597182361288,"[[2171, 934], [1150, 1703]]","[[212, 133], [161, 156]]"
disclosure_x_bias,116,init_hard,DCP,exponential,23.43195730562027,28.73499507062063,0.6512252552027522,0.555924920850294,14.338757768628493,36.55592215202958,0.010779227817935362,0.03999597182361288,"[[2176, 929], [1149, 1704]]","[[212, 133], [161, 156]]"
disclosure_x_bias,117,init_hard,DCP,exponential,23.43536182256258,28.737531823295832,0.6515608256725509,0.555924920850294,14.335883759678419,36.564378040093594,0.01099583746984258,0.03999597182361288,"[[2169, 936], [1140, 1713]]","[[211, 134], [160, 157]]"
disclosure_x_bias,118,init_hard,DCP,exponential,23.4391877353028,28.76702348694571,0.6515608256725509,0.555924920850294,14.348062647977924,36.601827159956486,0.01099583746984258,0.03999597182361288,"[[2170, 935], [1141, 1712]]","[[211, 134], [160, 157]]"
disclosure_x_bias,119,init_hard,DCP,exponential,23.423765522149765,28.76261740875655,0.6515608256725509,0.555924920850294,14.336005929457313,36.58135881494622,0.01099583746984258,0.03999597182361288,"[[2170, 935], [1141, 1712]]","[[211, 134], [160, 157]]"
disclosure_x_bias,120,init_hard,DCP,exponential,23.36042165963673,28.770359129541767,0.6515608256725509,0.555924920850294,14.30836001448318,36.58102558092621,0.01099583746984258,0.03999597182361288,"[[2169, 936], [1140, 1713]]","[[211, 134], [160, 157]]"
disclosure_x_bias,121,init_hard,DCP,exponential,23.318769977405637,28.796719928995895,0.6517286109074503,0.5544097693351425,14.350864356739159,36.63145319880597,0.011168569304811724,0.04133888720074022,"[[2169, 936], [1139, 1714]]","[[210, 135], [160, 157]]"
disclosure_x_bias,122,init_hard,DCP,exponential,23.305706946349282,28.799104046399787,0.6520641813772489,0.5544097693351425,14.344786158350601,36.66223160720562,0.011306063694768729,0.04133888720074022,"[[2169, 936], [1137, 1716]]","[[210, 135], [160, 157]]"
disclosure_x_bias,123,init_hard,DCP,exponential,23.30286857583793,28.745681623618715,0.6520641813772489,0.5544097693351425,14.365658318794605,36.60378825425356,0.011660181948085315,0.04133888720074022,"[[2168, 937], [1136, 1717]]","[[210, 135], [160, 157]]"
disclosure_x_bias,124,init_hard,DCP,exponential,23.291628944615802,28.778510801149167,0.6520641813772489,0.5544097693351425,14.346875743083105,36.642379751132836,0.011660181948085315,0.04133888720074022,"[[2168, 937], [1136, 1717]]","[[210, 135], [160, 157]]"
disclosure_x_bias,125,init_hard,DCP,exponential,23.28372193532914,28.770767283597035,0.6530708927866449,0.5544097693351425,14.338488454459759,36.59267705300673,0.010425706695619088,0.04133888720074022,"[[2170, 935], [1132, 1721]]","[[210, 135], [160, 157]]"
disclosure_x_bias,126,init_hard,DCP,exponential,23.319777682692866,28.79903118603575,0.6529031075517455,0.555924920850294,14.327588950183847,36.663035301745055,0.010234341305661854,0.039353050194170236,"[[2165, 940], [1128, 1725]]","[[210, 135], [159, 158]]"
disclosure_x_bias,127,init_hard,DCP,exponential,23.316378738520847,28.76731104522625,0.6527350403248547,0.5574400723654456,14.318130086112271,36.63325778897685,0.010384346348239563,0.03984194791978198,"[[2165, 940], [1129, 1724]]","[[211, 134], [159, 158]]"
disclosure_x_bias,128,init_hard,DCP,exponential,23.32826919059574,28.75712814476853,0.6525675370819469,0.5574400723654456,14.336014378328723,36.627983384528115,0.010357701628113997,0.03984194791978198,"[[2165, 940], [1130, 1723]]","[[211, 134], [159, 158]]"
disclosure_x_bias,129,init_hard,DCP,exponential,23.311895561110763,28.749421397538896,0.6525672550899555,0.5574400723654456,14.329576603592958,36.61240706088096,0.010724577396170247,0.03984194791978198,"[[2165, 940], [1130, 1723]]","[[211, 134], [159, 158]]"
disclosure_x_bias,130,init_hard,DCP,exponential,23.304049522005492,28.779345786858563,0.6532386780215442,0.5574400723654456,14.330290342395553,36.67159829686764,0.010610674742956818,0.03984194791978198,"[[2164, 941], [1125, 1728]]","[[211, 134], [159, 158]]"
disclosure_x_bias,131,init_hard,DCP,exponential,23.269175293001158,28.68055529669808,0.6534064632564436,0.5574400723654456,14.341636082801863,36.633459558228544,0.010435887494951444,0.03984194791978198,"[[2165, 940], [1125, 1728]]","[[211, 134], [159, 158]]"
disclosure_x_bias,132,init_hard,DCP,exponential,23.26596450413573,28.7171611778599,0.6537420337262422,0.5574400723654456,14.339469041954027,36.72391171267366,0.010523625272212456,0.03984194791978198,"[[2168, 937], [1126, 1727]]","[[211, 134], [159, 158]]"
disclosure_x_bias,133,init_hard,DCP,exponential,23.194977076681678,28.704430040452717,0.6542456714229317,0.5589326096788783,14.376714789359474,36.65375862804198,0.01051760221591863,0.039904964505714395,"[[2166, 939], [1121, 1732]]","[[211, 134], [158, 159]]"
disclosure_x_bias,134,init_hard,DCP,exponential,23.179788273596706,28.689176812069423,0.653910100953133,0.5559023066485753,14.371600021421637,36.63760937013522,0.01103034600423008,0.03256964993026546,"[[2163, 942], [1120, 1733]]","[[209, 136], [158, 159]]"
disclosure_x_bias,135,init_hard,DCP,exponential,23.193869582296294,28.728097612468833,0.6537423157182336,0.5559023066485753,14.377307108407171,36.720205416913736,0.011007079809093089,0.03256964993026546,"[[2161, 944], [1119, 1734]]","[[209, 136], [158, 159]]"
disclosure_x_bias,136,init_hard,DCP,exponential,23.17672422076799,28.65049986035178,0.6544134566578309,0.5543871551334238,14.382977567775834,36.617049408138264,0.010503304562962916,0.03494205188447516,"[[2162, 943], [1116, 1737]]","[[208, 137], [158, 159]]"
disclosure_x_bias,137,init_hard,DCP,exponential,23.2217681785247,28.729290806815307,0.6544134566578309,0.5498643147896879,14.433200569138553,36.653841512098985,0.011195255487741671,0.034492444558664015,"[[2164, 941], [1118, 1735]]","[[207, 138], [160, 157]]"
disclosure_x_bias,138,init_hard,DCP,exponential,23.251789929834292,28.83735274240309,0.6545812418927303,0.5498643147896879,14.426718713011876,36.94715635018306,0.011234848951028957,0.034492444558664015,"[[2164, 941], [1117, 1736]]","[[207, 138], [160, 157]]"
disclosure_x_bias,139,init_hard,DCP,exponential,23.239498278444906,28.82074715311159,0.6544137386498223,0.5513568521031208,14.433884373976774,36.92338140202489,0.011185230877559568,0.034926794880016536,"[[2164, 941], [1118, 1735]]","[[207, 138], [159, 158]]"
disclosure_x_bias,140,init_hard,DCP,exponential,23.239449824528762,28.784430230297147,0.6557560205290169,0.5498417005879692,14.44514648097191,36.88200345577812,0.009343197321402102,0.031743265670634443,"[[2160, 945], [1106, 1747]]","[[206, 139], [159, 158]]"
disclosure_x_bias,141,init_hard,DCP,exponential,23.207188519301166,28.823368092306197,0.6555882352941176,0.5498417005879692,14.42750399169046,36.94274567471712,0.009081084291285131,0.031743265670634443,"[[2158, 947], [1105, 1748]]","[[206, 139], [159, 158]]"
disclosure_x_bias,142,init_hard,DCP,exponential,23.20929808937759,28.828838095560997,0.6557560205290169,0.5483265490728177,14.427082998962428,36.98097614838077,0.009140117696905899,0.034618043420621046,"[[2158, 947], [1104, 1749]]","[[205, 140], [159, 158]]"
disclosure_x_bias,143,init_hard,DCP,exponential,23.182577577234902,28.863409064005026,0.6559238057639163,0.5483265490728177,14.452143620542996,37.013322542036946,0.009023683513333127,0.034618043420621046,"[[2158, 947], [1103, 1750]]","[[205, 140], [159, 158]]"
disclosure_x_bias,144,init_hard,DCP,exponential,23.180244950257215,28.877276327526907,0.6554204500592183,0.5498417005879692,14.458244420714742,37.05691482556519,0.007869838101297042,0.0348094200692556,"[[2159, 946], [1107, 1746]]","[[207, 138], [160, 157]]"
disclosure_x_bias,145,init_hard,DCP,exponential,23.175441190759962,28.846936848072907,0.6557560205290169,0.5483265490728177,14.45235725429246,36.994328027842684,0.009071414257003781,0.034618043420621046,"[[2157, 948], [1103, 1750]]","[[205, 140], [159, 158]]"
disclosure_x_bias,146,init_hard,DCP,exponential,23.178515542527677,28.87018964115926,0.6557560205290169,0.5483265490728177,14.446816349293416,37.00251072144994,0.009071414257003781,0.034618043420621046,"[[2157, 948], [1103, 1750]]","[[205, 140], [159, 158]]"
disclosure_x_bias,147,init_hard,DCP,exponential,23.192215650833642,28.866557612276473,0.6559238057639163,0.5483265490728177,14.462336545795397,36.97610310527048,0.009127083679110295,0.034618043420621046,"[[2157, 948], [1102, 1751]]","[[205, 140], [159, 158]]"
disclosure_x_bias,148,init_hard,DCP,exponential,23.179242617090487,28.881324222013557,0.6559238057639163,0.5483265490728177,14.452674597537904,37.01472476420104,0.009127083679110295,0.034618043420621046,"[[2157, 948], [1102, 1751]]","[[205, 140], [159, 158]]"
disclosure_x_bias,149,init_hard,DCP,exponential,23.22145367059011,28.868278468897905,0.6559238057639163,0.5498417005879692,14.479380073762,36.9979440482382,0.009127083679110295,0.036245360125381584,"[[2157, 948], [1102, 1751]]","[[206, 139], [159, 158]]"
disclosure_x_bias,150,init_hard,DCP,exponential,23.220057991975445,28.871791987888884,0.6560913090068242,0.5483265490728177,14.487890175750422,37.01575303712776,0.008259180957906155,0.033873200730690466,"[[2166, 939], [1110, 1743]]","[[207, 138], [161, 156]]"
disclosure_x_bias,151,init_hard,DCP,exponential,23.12673250859732,28.762743522697292,0.6557560205290169,0.5468340117593848,14.524225242657755,36.833132747441205,0.007930765146553989,0.030052119598167778,"[[2166, 939], [1112, 1741]]","[[207, 138], [162, 155]]"
disclosure_x_bias,152,init_hard,DCP,exponential,23.103038181184793,28.816515518124113,0.656259376233715,0.5453188602442334,14.469209608843151,36.94232631366481,0.008261419124357565,0.032920768653926714,"[[2167, 938], [1110, 1743]]","[[206, 139], [162, 155]]"
disclosure_x_bias,153,init_hard,DCP,exponential,23.173235724028793,28.810266053969617,0.6562599402176978,0.5498417005879692,14.519731386457236,36.8980077579052,0.007926070995191086,0.0348094200692556,"[[2161, 944], [1104, 1749]]","[[207, 138], [160, 157]]"
disclosure_x_bias,154,init_hard,DCP,exponential,23.243606148028444,29.31616487338696,0.6564277254525972,0.5483265490728177,14.444164794787515,37.25508584338224,0.008171646039409569,0.033873200730690466,"[[2166, 939], [1108, 1745]]","[[207, 138], [161, 156]]"
disclosure_x_bias,155,init_hard,DCP,exponential,23.238036448739827,29.28273348068779,0.655589081270092,0.5498417005879692,14.461310982897523,37.22138949658927,0.009484358033686873,0.0348094200692556,"[[2165, 940], [1112, 1741]]","[[207, 138], [160, 157]]"
disclosure_x_bias,156,init_hard,DCP,exponential,23.22561419309766,29.29452635899089,0.6562599402176978,0.5483265490728177,14.45847102540952,37.25629161675841,0.010080160864071609,0.033873200730690466,"[[2171, 934], [1114, 1739]]","[[207, 138], [161, 156]]"
disclosure_x_bias,157,init_hard,DCP,exponential,23.22326323308225,29.274182816687954,0.6567632959223958,0.5483265490728177,14.458764909995399,37.21939682747214,0.007671673791676516,0.032332078848736914,"[[2161, 944], [1101, 1752]]","[[206, 139], [160, 157]]"
disclosure_x_bias,158,init_hard,DCP,exponential,23.21448072339867,29.29700763285511,0.6574344368619931,0.5498417005879692,14.459361921355203,37.263608940496404,0.00824080800918212,0.03406876168908316,"[[2161, 944], [1097, 1756]]","[[207, 138], [160, 157]]"
disclosure_x_bias,159,init_hard,DCP,exponential,23.20711735608484,29.253581518131664,0.6576025040888839,0.5513568521031208,14.455182601428776,37.18453168665136,0.008976965434722622,0.03635809958800731,"[[2162, 943], [1097, 1756]]","[[208, 137], [160, 157]]"
disclosure_x_bias,160,init_hard,DCP,exponential,23.18248855632966,29.296881264233207,0.6574347188539845,0.5498643147896879,14.482734341925374,37.2907593108843,0.00834047749539613,0.0359410508568297,"[[2160, 945], [1096, 1757]]","[[208, 137], [161, 156]]"
disclosure_x_bias,161,init_hard,DCP,exponential,23.047849995425985,29.227834799501828,0.6574347188539845,0.5498417005879692,14.464291386345094,37.27984583740845,0.00845223977345,0.0348094200692556,"[[2163, 942], [1099, 1754]]","[[208, 137], [161, 156]]"
disclosure_x_bias,162,init_hard,DCP,exponential,23.06238613454636,29.205661544001327,0.6576027860808753,0.5483491632745364,14.446748564486851,37.22903613496787,0.008084680116339449,0.0335485152564103,"[[2161, 944], [1096, 1757]]","[[207, 138], [161, 156]]"
disclosure_x_bias,163,init_hard,DCP,exponential,23.118172809917326,29.24227200379956,0.6574347188539845,0.5498417005879692,14.486341847047383,37.302337912576995,0.009231372232762294,0.03762654030972432,"[[2159, 946], [1095, 1758]]","[[206, 139], [159, 158]]"
disclosure_x_bias,164,init_hard,DCP,exponential,23.100834846688677,29.176749890808377,0.6567635779143872,0.5498417005879692,14.483832725850466,37.15382653777788,0.009147102565181375,0.03762654030972432,"[[2160, 945], [1100, 1753]]","[[206, 139], [159, 158]]"
disclosure_x_bias,165,init_hard,DCP,exponential,23.126070992055524,29.276222075435953,0.6570991483841859,0.5468113975576662,14.495108809419628,37.41752053714077,0.00785714146780082,0.032046450772932944,"[[2164, 941], [1102, 1751]]","[[206, 139], [161, 156]]"
disclosure_x_bias,166,init_hard,DCP,exponential,23.104414938541904,29.274101629337707,0.6574347188539845,0.5468113975576662,14.494239033565586,37.405608110136555,0.007996744346967517,0.032046450772932944,"[[2165, 940], [1101, 1752]]","[[206, 139], [161, 156]]"
disclosure_x_bias,167,init_hard,DCP,exponential,23.102060983721852,29.2818386661368,0.6577705713157747,0.5498643147896879,14.4995278262724,37.42870289795011,0.007419664285699753,0.038675831559445935,"[[2159, 946], [1093, 1760]]","[[206, 139], [159, 158]]"
disclosure_x_bias,168,init_hard,DCP,exponential,23.107657433652797,29.28906719687733,0.6576025040888839,0.5483491632745364,14.504034752609096,37.430239435105946,0.007620966650341623,0.03715614200319196,"[[2163, 942], [1098, 1755]]","[[206, 139], [160, 157]]"
disclosure_x_bias,169,init_hard,DCP,exponential,23.11403589197107,29.295709549950935,0.6576025040888839,0.5468340117593848,14.516719541963887,37.4599734073609,0.007620966650341623,0.03327447523949848,"[[2161, 944], [1096, 1757]]","[[206, 139], [161, 156]]"
disclosure_x_bias,170,init_hard,DCP,exponential,23.11167719580753,29.30908921605294,0.6576025040888839,0.5498643147896879,14.510695620803574,37.45044843414041,0.007620966650341623,0.038675831559445935,"[[2159, 946], [1094, 1759]]","[[206, 139], [159, 158]]"
disclosure_x_bias,171,init_hard,DCP,exponential,23.096793139599693,29.275334680534154,0.6581067057695561,0.5452962460425147,14.508483042285576,37.41733606160644,0.00826056763342527,0.03086211218986316,"[[2167, 938], [1099, 1754]]","[[205, 140], [161, 156]]"
disclosure_x_bias,172,init_hard,DCP,exponential,23.051242262920457,29.267477155901577,0.6579386385426653,0.5498417005879692,14.50529469081354,37.42487739911587,0.00810924506977823,0.03762654030972432,"[[2166, 939], [1099, 1754]]","[[206, 139], [159, 158]]"
disclosure_x_bias,173,init_hard,DCP,exponential,23.035511703667925,29.270407325925568,0.6577708533077661,0.5483265490728177,14.493004767918219,37.41687394836789,0.00847077167918179,0.036762134566195495,"[[2165, 940], [1099, 1754]]","[[205, 140], [159, 158]]"
disclosure_x_bias,174,init_hard,DCP,exponential,23.059558851940498,29.283350792993808,0.6576030680728667,0.5483265490728177,14.481357719289251,37.431661695454395,0.009127754781183788,0.036762134566195495,"[[2167, 938], [1102, 1751]]","[[205, 140], [159, 158]]"
disclosure_x_bias,175,init_hard,DCP,exponential,23.02540382799378,29.239410463920525,0.6584419942473634,0.5483265490728177,14.532878852882854,37.44340352147377,0.00894053760051452,0.036762134566195495,"[[2165, 940], [1095, 1758]]","[[205, 140], [159, 158]]"
disclosure_x_bias,176,init_hard,DCP,exponential,23.005752936923354,29.239505706539763,0.6584419942473634,0.5483265490728177,14.511254101155057,37.40425124002505,0.00894053760051452,0.036762134566195495,"[[2167, 938], [1097, 1756]]","[[205, 140], [159, 158]]"
disclosure_x_bias,177,init_hard,DCP,exponential,23.01116726710628,29.24989047483063,0.6584419942473634,0.5498417005879692,14.518165703160927,37.445307692831165,0.00894053760051452,0.03762654030972432,"[[2166, 939], [1096, 1757]]","[[206, 139], [159, 158]]"
disclosure_x_bias,178,init_hard,DCP,exponential,23.016407387709734,29.26750109677905,0.6582739270204726,0.5513342379014021,14.523435801892335,37.43230108480529,0.009156385426992137,0.0386715339162677,"[[2167, 938], [1098, 1755]]","[[207, 138], [159, 158]]"
disclosure_x_bias,179,init_hard,DCP,exponential,23.008357062347354,29.27318543874093,0.6584419942473634,0.5498417005879692,14.526615148577868,37.495954456026304,0.00894053760051452,0.03762654030972432,"[[2166, 939], [1096, 1757]]","[[206, 139], [159, 158]]"
disclosure_x_bias,180,init_hard,DCP,exponential,23.00704887177326,29.268913090126755,0.6582739270204726,0.5513342379014021,14.53869307233179,37.4513497034895,0.009156385426992137,0.0386715339162677,"[[2166, 939], [1097, 1756]]","[[207, 138], [159, 158]]"
disclosure_x_bias,181,init_hard,DCP,exponential,23.005676251377896,29.28499664251968,0.6587781287011449,0.5513342379014021,14.54205651371982,37.50017772502238,0.009722644350628471,0.0386715339162677,"[[2164, 941], [1092, 1761]]","[[207, 138], [159, 158]]"
disclosure_x_bias,182,init_hard,DCP,exponential,22.98152168270645,29.231197155298986,0.6589461959280356,0.5513116236996833,14.548333986222005,37.49210996802677,0.009509748737428481,0.03956666079337157,"[[2166, 939], [1093, 1760]]","[[206, 139], [158, 159]]"
disclosure_x_bias,183,init_hard,DCP,exponential,23.01868858613829,29.247756645215624,0.6589461959280356,0.5498190863862505,14.555721591755713,37.49536261707937,0.009343839351209988,0.03789737346809807,"[[2166, 939], [1093, 1760]]","[[206, 139], [159, 158]]"
disclosure_x_bias,184,init_hard,DCP,exponential,23.031238813904213,29.257533090722298,0.6584428402233377,0.5513116236996833,14.558772095028125,37.44706673255298,0.0093185571402634,0.041455593759211665,"[[2166, 939], [1096, 1757]]","[[206, 139], [158, 159]]"
disclosure_x_bias,185,init_hard,DCP,exponential,23.017954983203058,29.210569954866276,0.6591142631549264,0.5513116236996833,14.553528407685677,37.44835802670597,0.00915301991457081,0.04083565906653688,"[[2165, 940], [1091, 1762]]","[[205, 140], [157, 160]]"
disclosure_x_bias,186,init_hard,DCP,exponential,23.0009989329524,29.242406719417914,0.6594495516327337,0.5528041610131162,14.532718320573855,37.51792751171648,0.009065654295897452,0.0435020612974351,"[[2166, 939], [1090, 1763]]","[[206, 139], [157, 160]]"
disclosure_x_bias,187,init_hard,DCP,exponential,23.02310939582693,29.267178115182087,0.6594495516327337,0.5513116236996833,14.5836377003615,37.50122421783905,0.009168581141561973,0.03956666079337157,"[[2168, 937], [1092, 1761]]","[[206, 139], [158, 159]]"
disclosure_x_bias,188,init_hard,DCP,exponential,23.017474274168798,29.265167127845825,0.6592817663978343,0.5528267752148349,14.556356506855156,37.53476889719826,0.009778810258987749,0.04024638974907638,"[[2168, 937], [1093, 1760]]","[[207, 138], [158, 159]]"
disclosure_x_bias,189,init_hard,DCP,exponential,23.00769017909176,29.214049042988346,0.6594495516327337,0.5497964721845319,14.555227321345125,37.38981823903325,0.009404364001267127,0.04073344439375246,"[[2168, 937], [1092, 1761]]","[[205, 140], [158, 159]]"
disclosure_x_bias,190,init_hard,DCP,exponential,23.01988889022787,29.24211355787857,0.6594495516327337,0.5528267752148349,14.567021191720556,37.44007061188475,0.009236561862539879,0.04024638974907638,"[[2168, 937], [1092, 1761]]","[[207, 138], [158, 159]]"
disclosure_x_bias,191,init_hard,DCP,exponential,22.980524642060413,29.204022546986558,0.6592817663978343,0.5528267752148349,14.557510265627805,37.393175956014005,0.00925286825542845,0.04024638974907638,"[[2167, 938], [1092, 1761]]","[[207, 138], [158, 159]]"
disclosure_x_bias,192,init_hard,DCP,exponential,22.973270831206108,29.204102143544326,0.6592820483898257,0.5528041610131162,14.556692076165723,37.41340711516879,0.009474785270931296,0.0435020612974351,"[[2167, 938], [1092, 1761]]","[[206, 139], [157, 160]]"
disclosure_x_bias,193,init_hard,DCP,exponential,22.91655297279325,29.14673960246135,0.659617336867633,0.5512890094979647,14.5974333932949,37.40572491998235,0.009871216851980827,0.04404693358902919,"[[2167, 938], [1090, 1763]]","[[205, 140], [157, 160]]"
disclosure_x_bias,194,init_hard,DCP,exponential,22.957094249123664,29.16352688265486,0.6597856860865152,0.5512890094979647,14.615119490390788,37.475376971926686,0.009538401403978625,0.042873091252388626,"[[2168, 937], [1090, 1763]]","[[205, 140], [157, 160]]"
disclosure_x_bias,195,init_hard,DCP,exponential,22.966279720353164,29.195890288257782,0.6604562630421296,0.5528041610131162,14.638836683769506,37.554447608106884,0.00899550464879167,0.04291170160452097,"[[2166, 939], [1084, 1769]]","[[206, 139], [157, 160]]"
disclosure_x_bias,196,init_hard,DCP,exponential,22.9724693383208,29.183327582324846,0.6604565450341211,0.5512890094979647,14.608848591321962,37.505837519167784,0.009053585576783275,0.04404693358902919,"[[2166, 939], [1084, 1769]]","[[205, 140], [157, 160]]"
disclosure_x_bias,197,init_hard,DCP,exponential,22.939178745787338,29.17813701135983,0.6602884778072303,0.5497738579828132,14.618445783751971,37.451452585567296,0.008893456498084186,0.043367078005707896,"[[2166, 939], [1085, 1768]]","[[204, 141], [157, 160]]"
disclosure_x_bias,198,init_hard,DCP,exponential,22.94752671652764,29.190473015169268,0.660792961479894,0.5528041610131162,14.634783967148906,37.50351693537168,0.009072281011333097,0.04291170160452097,"[[2166, 939], [1082, 1771]]","[[206, 139], [157, 160]]"
disclosure_x_bias,199,init_hard,DCP,exponential,22.933506206119855,29.206562442770498,0.660792961479894,0.5512890094979647,14.624257173908804,37.47243172041166,0.009673005570590976,0.04227394884565772,"[[2167, 938], [1083, 1770]]","[[205, 140], [157, 160]]"
disclosure_x_bias,200,init_hard,DCP,exponential,22.731965447467697,28.42592578673367,0.6607932434718855,0.5512890094979647,14.567627395263907,35.67689612106683,0.01001258331020059,0.04404693358902919,"[[2165, 940], [1081, 1772]]","[[205, 140], [157, 160]]"
disclosure_x_bias,201,init_hard,DCP,exponential,22.83961071026154,29.03960608852982,0.6602890417912131,0.5497738579828132,14.493807223672738,36.30582283962147,0.009384778682936204,0.04565921883776122,"[[2162, 943], [1081, 1772]]","[[203, 142], [156, 161]]"
disclosure_x_bias,202,init_hard,DCP,exponential,22.840086493581058,29.021729565932038,0.6611288139416841,0.5512890094979647,14.532561370366487,36.21716277729643,0.009795751955161172,0.04404693358902919,"[[2168, 937], [1082, 1771]]","[[205, 140], [157, 160]]"
disclosure_x_bias,203,init_hard,DCP,exponential,22.84535722646408,29.03862890988531,0.6606243302690203,0.5512890094979647,14.52830179876379,36.2678335992905,0.008907923450128395,0.04404693358902919,"[[2168, 937], [1085, 1768]]","[[205, 140], [157, 160]]"
disclosure_x_bias,204,init_hard,DCP,exponential,22.834423669653713,29.033406113998247,0.660792961479894,0.5497738579828132,14.50685230128326,36.23518846670048,0.009575502307033442,0.043367078005707854,"[[2166, 939], [1082, 1771]]","[[204, 141], [157, 160]]"
disclosure_x_bias,205,init_hard,DCP,exponential,22.907978480280555,29.033947810163397,0.6606246122610118,0.5543193125282677,14.561701131600023,36.27721562327803,0.008965509536161907,0.04168446221725198,"[[2162, 943], [1079, 1774]]","[[206, 139], [156, 161]]"
disclosure_x_bias,206,init_hard,DCP,exponential,22.839189334781427,29.016574004784893,0.6614638204274998,0.5543193125282677,14.514966087682755,36.236448363995315,0.009934260664185146,0.0434814902910718,"[[2163, 942], [1075, 1778]]","[[205, 140], [155, 162]]"
disclosure_x_bias,207,init_hard,DCP,exponential,22.837863346671586,29.032203027868086,0.6612957532006091,0.5528041610131162,14.52004645242938,36.28066103844055,0.00809540067836129,0.04231310591371295,"[[2165, 940], [1078, 1775]]","[[205, 140], [156, 161]]"
disclosure_x_bias,208,init_hard,DCP,exponential,22.839623868639894,29.045010992313344,0.6617993908972986,0.5558344640434193,14.518050433648712,36.263734031263915,0.009260758208067453,0.0422104102494349,"[[2168, 937], [1078, 1775]]","[[207, 138], [156, 161]]"
disclosure_x_bias,209,init_hard,DCP,exponential,22.835425904512668,29.051750219695073,0.6623024646100051,0.5543193125282677,14.524800498987497,36.323750406759345,0.007915918096209106,0.04289084745493165,"[[2166, 939], [1073, 1780]]","[[206, 139], [156, 161]]"
disclosure_x_bias,210,init_hard,DCP,exponential,22.865514823047896,29.100042940699364,0.6619668941402064,0.5543193125282677,14.584358427321161,36.35676806750755,0.010355900353039503,0.04289084745493165,"[[2163, 942], [1072, 1781]]","[[206, 139], [156, 161]]"
disclosure_x_bias,211,init_hard,DCP,exponential,22.85945697127939,29.043331546608936,0.6629741695335852,0.5543193125282677,14.592931242396556,36.32663258206265,0.008508837151717944,0.04168446221725197,"[[2167, 938], [1070, 1783]]","[[206, 139], [156, 161]]"
disclosure_x_bias,212,init_hard,DCP,exponential,22.86117520254358,29.06815141365508,0.6629741695335852,0.5543193125282677,14.604388733944015,36.344253843051895,0.009933549334854911,0.04168446221725197,"[[2165, 940], [1068, 1785]]","[[206, 139], [156, 161]]"
disclosure_x_bias,213,init_hard,DCP,exponential,22.84070794184848,29.005380619559496,0.6626385990637866,0.5528041610131162,14.573110174609681,36.207937024157566,0.009284624318667011,0.04231310591371295,"[[2166, 939], [1071, 1782]]","[[205, 140], [156, 161]]"
disclosure_x_bias,214,init_hard,DCP,exponential,22.85473631325098,29.05907446950486,0.6631419547684846,0.5528041610131162,14.585082359998946,36.2791268729179,0.009225552561262316,0.04231310591371295,"[[2166, 939], [1068, 1785]]","[[205, 140], [156, 161]]"
disclosure_x_bias,215,init_hard,DCP,exponential,22.837887245935228,29.039891479749446,0.6633097400033839,0.5512890094979647,14.574906929486115,36.23782088397072,0.009727835497910809,0.041666191912327774,"[[2171, 934], [1072, 1781]]","[[205, 140], [157, 160]]"
disclosure_x_bias,216,init_hard,DCP,exponential,22.83091851025527,29.041261451458023,0.6633097400033839,0.5528041610131162,14.590602034271921,36.2393105642947,0.008992643642004382,0.04231310591371295,"[[2163, 942], [1064, 1789]]","[[205, 140], [156, 161]]"
disclosure_x_bias,217,init_hard,DCP,exponential,22.814926669200812,29.034466067948113,0.6636453104731825,0.5528041610131162,14.58848192811183,36.2528939312076,0.008533416496744493,0.04108976182705836,"[[2170, 935], [1069, 1784]]","[[206, 139], [157, 160]]"
disclosure_x_bias,218,init_hard,DCP,exponential,22.846570736879816,29.1419318289228,0.663309176019401,0.5528041610131162,14.600698250707639,36.48861369182668,0.00887728386465193,0.04108976182705836,"[[2170, 935], [1071, 1782]]","[[206, 139], [157, 160]]"
disclosure_x_bias,219,init_hard,DCP,exponential,22.843735738430972,29.141889262812548,0.6636453104731825,0.5528041610131162,14.60460722284913,36.4736874388025,0.008533416496744493,0.04108976182705836,"[[2169, 936], [1068, 1785]]","[[206, 139], [157, 160]]"
disclosure_x_bias,220,init_hard,DCP,exponential,22.825735839289106,29.130471013278775,0.6639811629349726,0.5528041610131162,14.600965034715175,36.48808356588976,0.00869357685420802,0.04108976182705836,"[[2170, 935], [1067, 1786]]","[[206, 139], [157, 160]]"
disclosure_x_bias,221,init_hard,DCP,exponential,22.831066551923062,29.132312358354323,0.6636450284811911,0.5497738579828132,14.591538970771996,36.49911861302928,0.008361269485333922,0.0415651037188901,"[[2170, 935], [1069, 1784]]","[[204, 141], [157, 160]]"
disclosure_x_bias,222,init_hard,DCP,exponential,22.825954348240455,29.130852535124767,0.6636450284811911,0.5512890094979647,14.610216552565994,36.49536132625075,0.008727359386548778,0.04104943782738782,"[[2169, 936], [1068, 1785]]","[[205, 140], [157, 160]]"
disclosure_x_bias,223,init_hard,DCP,exponential,22.82447802088347,29.12339522916316,0.6639808809429812,0.5512890094979647,14.611759656650756,36.457371684749354,0.008561291767403594,0.04104943782738782,"[[2173, 932], [1070, 1783]]","[[205, 140], [157, 160]]"
disclosure_x_bias,224,init_hard,DCP,exponential,22.841628071158638,29.14111934096785,0.6639805989509898,0.5512890094979647,14.622387224856327,36.511264115194884,0.00889545303082036,0.04104943782738782,"[[2166, 939], [1063, 1790]]","[[205, 140], [157, 160]]"
disclosure_x_bias,225,init_hard,DCP,exponential,22.799441396331968,29.123006212730342,0.6643161694207884,0.5497738579828132,14.637640789227397,36.50208616687323,0.008326414564243507,0.043367078005707854,"[[2161, 944], [1056, 1797]]","[[203, 142], [156, 161]]"
disclosure_x_bias,226,init_hard,DCP,exponential,22.796528059206242,29.099887001012387,0.6641483841858891,0.5512890094979647,14.627223268323434,36.470603421171695,0.008671724632402006,0.0446222765121492,"[[2157, 948], [1053, 1800]]","[[203, 142], [155, 162]]"
disclosure_x_bias,227,init_hard,DCP,exponential,22.788694558764753,29.115976898036166,0.664148948169872,0.5497738579828132,14.633207382533872,36.48439598024599,0.009606898948950183,0.043367078005707854,"[[2161, 944], [1057, 1796]]","[[203, 142], [156, 161]]"
disclosure_x_bias,228,init_hard,DCP,exponential,22.79629869187968,29.074619738177823,0.6644839546556878,0.5497738579828132,14.635687146148644,36.39972387423671,0.009098929165506529,0.043367078005707854,"[[2164, 941], [1058, 1795]]","[[203, 142], [156, 161]]"
disclosure_x_bias,229,init_hard,DCP,exponential,22.812445043942194,29.13994101143158,0.6649878743443687,0.5482587064676616,14.642156948757734,36.473593143005246,0.009176798249788043,0.04261658163974348,"[[2171, 934], [1062, 1791]]","[[202, 143], [156, 161]]"
disclosure_x_bias,230,init_hard,DCP,exponential,22.794277002293448,29.07510627288034,0.6644842366476792,0.5497738579828132,14.648430428673691,36.39677114570315,0.009086823907147011,0.043367078005707854,"[[2162, 943], [1056, 1797]]","[[202, 143], [155, 162]]"
disclosure_x_bias,231,init_hard,DCP,exponential,22.793831383487795,29.06812029530837,0.6654909480570752,0.5497738579828132,14.651134145463272,36.37638475489838,0.008948223993641445,0.043367078005707854,"[[2169, 936], [1057, 1796]]","[[203, 142], [156, 161]]"
disclosure_x_bias,232,init_hard,DCP,exponential,22.754040197109948,29.02141069795831,0.665491512041058,0.5482587064676616,14.653190075322515,36.43037161362516,0.009469662164904637,0.04261658163974348,"[[2171, 934], [1059, 1794]]","[[202, 143], [156, 161]]"
disclosure_x_bias,233,init_hard,DCP,exponential,22.754500079217657,29.026969239925016,0.6658273645028482,0.5497738579828132,14.652004556251025,36.432525400924284,0.009342771220441517,0.043367078005707854,"[[2171, 934], [1057, 1796]]","[[203, 142], [156, 161]]"
disclosure_x_bias,234,init_hard,DCP,exponential,22.74803887711909,29.034086940817637,0.6663310021995376,0.5482587064676616,14.653591983283171,36.45815630360113,0.010183179880099435,0.04261658163974348,"[[2173, 932], [1056, 1797]]","[[202, 143], [156, 161]]"
disclosure_x_bias,235,init_hard,DCP,exponential,22.765520354603957,29.025259954309057,0.6664990694264283,0.5482587064676616,14.675993503615675,36.41858469616529,0.010027467753481836,0.04261658163974348,"[[2174, 931], [1056, 1797]]","[[202, 143], [156, 161]]"
disclosure_x_bias,236,init_hard,DCP,exponential,22.75659277885011,29.045477955276834,0.6664985054424454,0.5482587064676616,14.664051769050316,36.47190186937384,0.009828907623367758,0.04261658163974348,"[[2175, 930], [1057, 1796]]","[[202, 143], [156, 161]]"
disclosure_x_bias,237,init_hard,DCP,exponential,22.691446304598212,29.04618843058959,0.6666662906773448,0.5497738579828132,14.698790153341937,36.44259134434719,0.010659936322602434,0.043367078005707854,"[[2172, 933], [1053, 1800]]","[[203, 142], [156, 161]]"
disclosure_x_bias,238,init_hard,DCP,exponential,22.668363276665698,29.047685072584436,0.6663298742315719,0.5482587064676616,14.65539325841745,36.474779679104216,0.010646357448966824,0.04261658163974348,"[[2174, 931], [1057, 1796]]","[[202, 143], [156, 161]]"
disclosure_x_bias,239,init_hard,DCP,exponential,22.713113117098203,29.00496616422451,0.6670018611471434,0.5497738579828132,14.686062220311284,36.36419811507399,0.011512444133069677,0.043367078005707854,"[[2173, 932], [1052, 1801]]","[[203, 142], [156, 161]]"
disclosure_x_bias,240,init_hard,DCP,exponential,22.697113717276643,28.990981927931433,0.6668343579042355,0.5497738579828132,14.683038102469409,36.33177753415877,0.011171164361893336,0.043367078005707854,"[[2173, 932], [1053, 1800]]","[[203, 142], [156, 161]]"
disclosure_x_bias,241,init_hard,DCP,exponential,22.689948374898098,28.992448195102327,0.6666662906773448,0.5482587064676616,14.647010083600529,36.3512293845286,0.011372101358882575,0.04261658163974348,"[[2173, 932], [1054, 1799]]","[[202, 143], [156, 161]]"
disclosure_x_bias,242,init_hard,DCP,exponential,22.703683768368894,29.02677640817858,0.6670018611471434,0.5482587064676616,14.688949772619498,36.39088544525425,0.010724721042589239,0.04261658163974348,"[[2174, 931], [1053, 1800]]","[[202, 143], [156, 161]]"
disclosure_x_bias,243,init_hard,DCP,exponential,22.704148704132287,28.991804029164804,0.667001579155152,0.5482587064676616,14.699088388132958,36.355012563360745,0.011548092174930507,0.04261658163974348,"[[2176, 929], [1055, 1798]]","[[202, 143], [156, 161]]"
disclosure_x_bias,244,init_hard,DCP,exponential,22.700992862832255,28.997275698807094,0.6663298742315719,0.5497738579828132,14.701895039912225,36.374961433967975,0.010994615086354012,0.043367078005707854,"[[2171, 934], [1054, 1799]]","[[203, 142], [156, 161]]"
disclosure_x_bias,245,init_hard,DCP,exponential,22.69913706751959,28.986234977673423,0.6670027071231177,0.5482813206693804,14.698331456564615,36.365085573670335,0.009995760383262314,0.04119210622481848,"[[2177, 928], [1056, 1797]]","[[203, 142], [157, 160]]"
disclosure_x_bias,246,init_hard,DCP,exponential,22.70582208742866,28.970959274051705,0.6668340759122441,0.5482813206693804,14.708407524199803,36.32566155042608,0.010276076729006186,0.03929050785680515,"[[2177, 928], [1057, 1796]]","[[203, 142], [157, 160]]"
disclosure_x_bias,247,init_hard,DCP,exponential,22.699383368054246,29.00917518877001,0.6675057808358242,0.5482813206693804,14.70215519100103,36.386653256838315,0.009540748162240454,0.04119210622481848,"[[2180, 925], [1056, 1797]]","[[203, 142], [157, 160]]"
disclosure_x_bias,248,init_hard,DCP,exponential,22.666711071297264,28.955508002753874,0.668177203767413,0.5482813206693804,14.7078025857184,36.40362042315411,0.01049629338101859,0.04119210622481848,"[[2183, 922], [1055, 1798]]","[[203, 142], [157, 160]]"
disclosure_x_bias,249,init_hard,DCP,exponential,22.671252327353223,28.980323803368538,0.6680091365405223,0.5482813206693804,14.710030747602065,36.43125999347282,0.009623977280553926,0.04119210622481848,"[[2182, 923], [1055, 1798]]","[[203, 142], [157, 160]]"
disclosure_x_bias,250,init_hard,DCP,exponential,22.675974632299656,28.957637189782826,0.6680085725565393,0.5497964721845319,14.724785847150354,36.40275298456866,0.009934057412736895,0.04010234768250568,"[[2182, 923], [1055, 1798]]","[[204, 141], [157, 160]]"
disclosure_x_bias,251,init_hard,DCP,exponential,22.676111503268267,29.011054663048448,0.6680091365405223,0.5482813206693804,14.717799875972473,36.4931919248644,0.009785138012538223,0.04119210622481848,"[[2180, 925], [1053, 1800]]","[[203, 142], [157, 160]]"
disclosure_x_bias,252,init_hard,DCP,exponential,22.679472809576453,29.0034016298661,0.6675052168518414,0.5482813206693804,14.758104693805615,36.470326793756996,0.00991670295586104,0.0430097107968397,"[[2180, 925], [1056, 1797]]","[[203, 142], [157, 160]]"
disclosure_x_bias,253,init_hard,DCP,exponential,22.680968075135233,29.021242451352787,0.6680085725565394,0.5482813206693804,14.738214600294677,36.50629217216678,0.009548734331461249,0.04119210622481848,"[[2183, 922], [1056, 1797]]","[[203, 142], [157, 160]]"
disclosure_x_bias,254,init_hard,DCP,exponential,22.67999266834762,29.020364735702778,0.6675052168518414,0.5482813206693804,14.756805536818298,36.47431701311183,0.00991670295586104,0.0430097107968397,"[[2180, 925], [1056, 1797]]","[[203, 142], [157, 160]]"
disclosure_x_bias,255,init_hard,DCP,exponential,22.64211000325385,29.039279371589874,0.6678407873216401,0.5497964721845319,14.809115138895017,36.53132059156367,0.00972990782145283,0.04010234768250568,"[[2182, 923], [1056, 1797]]","[[204, 141], [157, 160]]"
disclosure_x_bias,256,init_hard,DCP,exponential,22.64629829056714,29.013959477066937,0.6688474987310361,0.5497964721845319,14.798219636637652,36.47658662660515,0.008994932103749322,0.04010234768250568,"[[2186, 919], [1054, 1799]]","[[204, 141], [157, 160]]"
disclosure_x_bias,257,init_hard,DCP,exponential,22.636907175716733,29.0335222298644,0.6693511364277255,0.5483039348710991,14.812414557142494,36.49920960673374,0.008918121158693924,0.03839092576288883,"[[2186, 919], [1051, 1802]]","[[203, 142], [157, 160]]"
disclosure_x_bias,258,init_hard,DCP,exponential,22.64771210784092,29.043519092749413,0.6686799954881282,0.5483039348710991,14.783232413120531,36.54184332156872,0.010100126056393932,0.03839092576288883,"[[2181, 924], [1050, 1803]]","[[203, 142], [157, 160]]"
disclosure_x_bias,259,init_hard,DCP,exponential,22.64859810731445,29.02625094510366,0.6696869888895155,0.5483039348710991,14.783011235289104,36.4986831173132,0.00941584412529657,0.03839092576288883,"[[2185, 920], [1048, 1805]]","[[203, 142], [157, 160]]"
disclosure_x_bias,260,init_hard,DCP,exponential,22.665156791770723,29.57106020077211,0.6696869888895155,0.5483039348710991,14.631430519151689,36.96946981863248,0.00964634827384946,0.03839092576288883,"[[2187, 918], [1050, 1803]]","[[203, 142], [157, 160]]"
disclosure_x_bias,261,init_hard,DCP,exponential,22.710403326349443,29.501137887060686,0.6696875528734985,0.5498190863862505,14.685618785353473,36.9052216202697,0.009123376460500588,0.03856457076528738,"[[2186, 919], [1049, 1804]]","[[203, 142], [156, 161]]"
disclosure_x_bias,262,init_hard,DCP,exponential,22.691716709596285,29.531951503331705,0.670190626586205,0.5483039348710991,14.713070614612448,36.91860480330794,0.009880295537018984,0.03839092576288883,"[[2189, 916], [1049, 1804]]","[[203, 142], [157, 160]]"
disclosure_x_bias,263,init_hard,DCP,exponential,22.69220899076394,29.48753400029828,0.6695192036546163,0.5498190863862505,14.702720948891953,36.899159644824664,0.009567666623681692,0.03856457076528738,"[[2187, 918], [1051, 1802]]","[[203, 142], [156, 161]]"
disclosure_x_bias,264,init_hard,DCP,exponential,22.69775768163279,29.51358497531253,0.6701909085781963,0.5483039348710991,14.709931393012077,36.91600674217463,0.010213725314213358,0.03839092576288883,"[[2188, 917], [1048, 1805]]","[[203, 142], [157, 160]]"
disclosure_x_bias,265,init_hard,DCP,exponential,22.68432484684179,29.493259966505907,0.6698553381083977,0.5483039348710991,14.696893943883769,36.89534690889753,0.010768699581988351,0.03772065718411182,"[[2185, 920], [1047, 1806]]","[[202, 143], [156, 161]]"
disclosure_x_bias,266,init_hard,DCP,exponential,22.7102443451815,29.556781350781442,0.6693514184197169,0.5498190863862505,14.757111351098137,36.96988541688472,0.010397510298149509,0.03986548034793464,"[[2185, 920], [1050, 1803]]","[[203, 142], [156, 161]]"
disclosure_x_bias,267,init_hard,DCP,exponential,22.688389920069604,29.524612721620418,0.6703586938130958,0.5513342379014021,14.72037767882486,36.93034480011867,0.009481978482368458,0.039968962214420235,"[[2188, 917], [1047, 1806]]","[[203, 142], [155, 162]]"
disclosure_x_bias,268,init_hard,DCP,exponential,22.694639289445863,29.558774049003887,0.6693514184197169,0.5498190863862505,14.727055403808235,36.975133377773034,0.010030007530076877,0.03986548034793464,"[[2185, 920], [1050, 1803]]","[[203, 142], [156, 161]]"
disclosure_x_bias,269,init_hard,DCP,exponential,22.7041537898282,29.541973457593446,0.6706953922508601,0.5498190863862505,14.728196258228811,36.93343827733177,0.009021748117932094,0.041740892790675055,"[[2191, 914], [1048, 1805]]","[[203, 142], [156, 161]]"
disclosure_x_bias,270,init_hard,DCP,exponential,22.70014439389924,29.575776946954484,0.6698547741244149,0.545273631840796,14.736127890626648,37.001026478804555,0.009688945671680084,0.042894689247702046,"[[2189, 916], [1051, 1802]]","[[201, 144], [157, 160]]"
disclosure_x_bias,271,init_hard,DCP,exponential,22.708065355373193,29.59869119464248,0.6708631774857594,0.5498190863862505,14.73813386486083,37.054125992075505,0.009149665312270119,0.041740892790675055,"[[2192, 913], [1048, 1805]]","[[203, 142], [156, 161]]"
disclosure_x_bias,272,init_hard,DCP,exponential,22.70187279634173,29.5244579361973,0.6701903445942136,0.5467887833559475,14.745433276558051,36.92073875694336,0.009954337752216482,0.0401054152314927,"[[2189, 916], [1049, 1804]]","[[202, 143], [157, 160]]"
disclosure_x_bias,273,init_hard,DCP,exponential,22.714990266871787,29.62884571524607,0.6708631774857594,0.5467887833559475,14.743291387198287,37.14505831712406,0.009485375574122726,0.0401054152314927,"[[2192, 913], [1048, 1805]]","[[202, 143], [157, 160]]"
disclosure_x_bias,274,init_hard,DCP,exponential,22.556307421561947,28.960493133655234,0.6713668151824488,0.5483039348710991,14.692116668904038,35.64872489891039,0.009393862157140687,0.04033495740077957,"[[2195, 910], [1048, 1805]]","[[202, 143], [156, 161]]"
disclosure_x_bias,275,init_hard,DCP,exponential,22.524160493847315,28.8913350516305,0.6715346004173481,0.545273631840796,14.703571165258118,35.64863833378328,0.009731285652408887,0.03916456498513423,"[[2199, 906], [1051, 1802]]","[[202, 143], [158, 159]]"
disclosure_x_bias,276,init_hard,DCP,exponential,22.533959258306076,28.91134880038254,0.6710303987366759,0.5483039348710991,14.720845982054572,35.680290077976665,0.009461667987051932,0.04033495740077957,"[[2196, 909], [1051, 1802]]","[[202, 143], [156, 161]]"
disclosure_x_bias,277,init_hard,DCP,exponential,22.4895697662404,28.897828260460464,0.6710306807286673,0.5483039348710991,14.709469271365112,35.64012696034634,0.008905284314194439,0.04033495740077957,"[[2199, 906], [1054, 1799]]","[[202, 143], [156, 161]]"
disclosure_x_bias,278,init_hard,DCP,exponential,22.50090848154444,28.912707244672994,0.6710306807286673,0.5483039348710991,14.722673935391938,35.682453582508025,0.008619704702143438,0.04033495740077957,"[[2198, 907], [1053, 1800]]","[[202, 143], [156, 161]]"
disclosure_x_bias,279,init_hard,DCP,exponential,22.48861430626679,28.90617258104112,0.6706948282668772,0.5483039348710991,14.72174915734961,35.66538571482575,0.009483733831684502,0.04033495740077957,"[[2197, 908], [1054, 1799]]","[[202, 143], [156, 161]]"
disclosure_x_bias,280,init_hard,DCP,exponential,22.48154851976448,28.899734793828298,0.6705270430319779,0.5467887833559475,14.729991560251099,35.6835181133522,0.008662681584040103,0.0401054152314927,"[[2196, 909], [1054, 1799]]","[[202, 143], [157, 160]]"
disclosure_x_bias,281,init_hard,DCP,exponential,22.486828948872862,28.890629007329984,0.6703592577970785,0.5498190863862505,14.73107346329078,35.65892287991296,0.009623481931571762,0.0398654803479347,"[[2194, 911], [1053, 1800]]","[[202, 143], [155, 162]]"
disclosure_x_bias,282,init_hard,DCP,exponential,22.503732578197564,28.89330812762097,0.6727102250296092,0.5513342379014021,14.727442609088403,35.64060127780899,0.009307231507436496,0.04060213224731065,"[[2202, 903], [1047, 1806]]","[[202, 143], [154, 163]]"
disclosure_x_bias,283,init_hard,DCP,exponential,22.52376307463119,28.914511600031272,0.6715343184253567,0.5498190863862505,14.755100066540765,35.67260057947338,0.00918001050688681,0.0398654803479347,"[[2200, 905], [1052, 1801]]","[[202, 143], [155, 162]]"
disclosure_x_bias,284,init_hard,DCP,exponential,22.522285762937294,28.893039786306936,0.6713662511984659,0.5498190863862505,14.750755494943215,35.62781988699896,0.009281312542267403,0.0398654803479347,"[[2199, 906], [1052, 1801]]","[[202, 143], [155, 162]]"
disclosure_x_bias,285,init_hard,DCP,exponential,22.52879240504975,28.896121231295275,0.6717023856522475,0.5498190863862505,14.754628629131645,35.652885395910175,0.009277623415088017,0.0398654803479347,"[[2199, 906], [1050, 1803]]","[[202, 143], [155, 162]]"
disclosure_x_bias,286,init_hard,DCP,exponential,22.512445122044696,28.862164566501303,0.6717023856522475,0.5483039348710991,14.75359885755135,35.57126632824328,0.009444696049105665,0.039697526194869444,"[[2199, 906], [1050, 1803]]","[[202, 143], [156, 161]]"
disclosure_x_bias,287,init_hard,DCP,exponential,22.574906934141463,28.956433700582085,0.6715343184253568,0.5483039348710991,14.776033595829496,35.77145628463354,0.008831748497647425,0.039049691208279634,"[[2198, 907], [1050, 1803]]","[[202, 143], [156, 161]]"
disclosure_x_bias,288,init_hard,DCP,exponential,22.564221449368706,28.961961365441745,0.6717023856522475,0.5483039348710991,14.77007189479248,35.758966664803005,0.009038534953921809,0.039049691208279634,"[[2198, 907], [1049, 1804]]","[[202, 143], [156, 161]]"
disclosure_x_bias,289,init_hard,DCP,exponential,22.559725149336053,28.957635488284694,0.6720382381140376,0.5467887833559475,14.776175069190513,35.78073071709021,0.008714269785325158,0.04602821261133207,"[[2198, 907], [1047, 1806]]","[[200, 145], [155, 162]]"
disclosure_x_bias,290,init_hard,DCP,exponential,22.55697245380492,28.97747154167656,0.6718701708871468,0.5467887833559475,14.764370481443642,35.81148112240083,0.00876142196367032,0.04602821261133207,"[[2199, 906], [1049, 1804]]","[[200, 145], [155, 162]]"
disclosure_x_bias,291,init_hard,DCP,exponential,22.557358966920788,28.964638972970892,0.6722060233489369,0.5467887833559475,14.771806912925031,35.80617328604406,0.008818290416700661,0.04602821261133207,"[[2197, 908], [1045, 1808]]","[[200, 145], [155, 162]]"
disclosure_x_bias,292,init_hard,DCP,exponential,22.565702842620702,28.998400964595994,0.6718698888951554,0.5497964721845319,14.78861710134329,35.851319866939996,0.008664809569789251,0.048191400945329754,"[[2197, 908], [1047, 1806]]","[[201, 144], [154, 163]]"
disclosure_x_bias,293,init_hard,DCP,exponential,22.571305882604612,29.011833085003747,0.6722057413569454,0.5467887833559475,14.828632640339363,35.871393799020325,0.008614917664318012,0.04602821261133207,"[[2198, 907], [1046, 1807]]","[[200, 145], [155, 162]]"
disclosure_x_bias,294,init_hard,DCP,exponential,22.556160331678623,29.0191663017263,0.672541311826744,0.545273631840796,14.80073519839129,35.8900796757328,0.009297053168380837,0.04577150181399661,"[[2202, 903], [1048, 1805]]","[[200, 145], [156, 161]]"
disclosure_x_bias,295,init_hard,DCP,exponential,22.563355279632525,28.995618711397004,0.67321414471829,0.545273631840796,14.802861502320434,35.845352701953296,0.00932760757484165,0.04577150181399661,"[[2204, 901], [1046, 1807]]","[[200, 145], [156, 161]]"
disclosure_x_bias,296,init_hard,DCP,exponential,22.51675278270634,29.01826802837894,0.6735497151880887,0.545273631840796,14.784436347447928,35.891724679402074,0.009032139538837122,0.04577150181399661,"[[2205, 900], [1045, 1808]]","[[200, 145], [156, 161]]"
disclosure_x_bias,297,init_hard,DCP,exponential,22.52108967450732,29.01472998461469,0.6730460774913992,0.5437584803256444,14.776660369970788,35.8886409171953,0.009158594882804056,0.044892623866733546,"[[2204, 901], [1047, 1806]]","[[200, 145], [157, 160]]"
disclosure_x_bias,298,init_hard,DCP,exponential,22.54758111914387,29.000669793160846,0.672541311826744,0.5483039348710991,14.774874017572904,35.865315444601336,0.008741694345154585,0.0467768748032251,"[[2194, 911], [1040, 1813]]","[[200, 145], [154, 163]]"
disclosure_x_bias,299,init_hard,DCP,exponential,22.54541920176161,29.029605443561167,0.6720371101460719,0.5483039348710991,14.773554383659825,35.9269417609848,0.008580427037450941,0.0467768748032251,"[[2193, 912], [1042, 1811]]","[[200, 145], [154, 163]]"
disclosure_x_bias,300,init_hard,DCP,exponential,22.5452450993673,29.008681941019894,0.6727093790536349,0.5483039348710991,14.778796625630124,35.88433737757732,0.00864499205537307,0.0467768748032251,"[[2198, 907], [1043, 1810]]","[[200, 145], [154, 163]]"
disclosure_x_bias,1,init_hard,TD_U,log_loss,0.6425103956347165,0.8974948755609164,0.6181583103039874,0.5468566259611036,0.006762623238129577,0.2806540742380735,0.02399627250590758,0.024994530524254606,"[[2030, 1075], [1200, 1653]]","[[209, 136], [164, 153]]"
disclosure_x_bias,2,init_hard,TD_U,log_loss,0.6416981009370419,0.8972420148569278,0.6189986464384412,0.5468566259611036,0.0067078064589824495,0.2806181268595453,0.022542693543351464,0.024994530524254606,"[[2037, 1068], [1202, 1651]]","[[209, 136], [164, 153]]"
disclosure_x_bias,3,init_hard,TD_U,log_loss,0.640986949987836,0.8971473419714965,0.6216846201567876,0.5483717774762551,0.006672246729868829,0.28091247877535247,0.023567853171152977,0.02634345820143053,"[[2054, 1051], [1203, 1650]]","[[210, 135], [164, 153]]"
disclosure_x_bias,4,init_hard,TD_U,log_loss,0.6402811407790996,0.8964834780129609,0.6225235463312841,0.5483717774762551,0.006648821840535468,0.2810583743134441,0.024269206599310325,0.02634345820143053,"[[2059, 1046], [1203, 1650]]","[[210, 135], [164, 153]]"
disclosure_x_bias,5,init_hard,TD_U,log_loss,0.6396642171127638,0.8970450981358808,0.6247081382888726,0.5423790140208051,0.0066285505663089776,0.2812685019387889,0.022077652845517142,0.030334366460042173,"[[2089, 1016], [1220, 1633]]","[[210, 135], [168, 149]]"
disclosure_x_bias,6,init_hard,TD_U,log_loss,0.6390354777614663,0.8971663451373552,0.6248756415317805,0.5423790140208051,0.0066480892630754055,0.2812836995914513,0.021654932822298304,0.030334366460042173,"[[2089, 1016], [1219, 1634]]","[[210, 135], [168, 149]]"
disclosure_x_bias,7,init_hard,TD_U,log_loss,0.6384708717171581,0.8969210167999859,0.6255473464553607,0.5423790140208051,0.006646081196389079,0.28145763120019884,0.021462926398950966,0.030334366460042173,"[[2093, 1012], [1219, 1634]]","[[210, 135], [168, 149]]"
disclosure_x_bias,8,init_hard,TD_U,log_loss,0.6379464604974279,0.896493537978802,0.6255473464553607,0.5438941655359566,0.006640513105340892,0.28174216789870243,0.02122846321516982,0.030878567880708453,"[[2098, 1007], [1224, 1629]]","[[211, 134], [168, 149]]"
disclosure_x_bias,9,init_hard,TD_U,log_loss,0.6373967315571131,0.8961944074844613,0.6280641249788507,0.5529850746268656,0.006640398356466164,0.2818979473344323,0.016252076106795264,0.05321427545875726,"[[2073, 1032], [1184, 1669]]","[[209, 136], [160, 157]]"
disclosure_x_bias,10,init_hard,TD_U,log_loss,0.6369138094625981,0.8965240282571315,0.6280641249788507,0.5529850746268656,0.006641893641406476,0.28178716164171297,0.016252076106795264,0.05321427545875726,"[[2071, 1034], [1182, 1671]]","[[209, 136], [160, 157]]"
disclosure_x_bias,11,init_hard,TD_U,log_loss,0.6364104812606282,0.8967368224171312,0.6292386216231459,0.5529850746268656,0.006671529158196069,0.28199757532538927,0.014964813592615474,0.05321427545875726,"[[2095, 1010], [1199, 1654]]","[[211, 134], [162, 155]]"
disclosure_x_bias,12,init_hard,TD_U,log_loss,0.6359237248004498,0.89643816178535,0.6295741920929446,0.5545002261420172,0.006693064315838096,0.28220956703678296,0.015125888453232074,0.05461141130067686,"[[2097, 1008], [1199, 1654]]","[[212, 133], [162, 155]]"
disclosure_x_bias,13,init_hard,TD_U,log_loss,0.6354862270336082,0.8961929236298827,0.6302453330325418,0.5575305291723203,0.006691671406284392,0.28194025846417664,0.015049077773094213,0.054427058818320065,"[[2102, 1003], [1200, 1653]]","[[214, 131], [162, 155]]"
disclosure_x_bias,14,init_hard,TD_U,log_loss,0.6350112812886903,0.8960010602580175,0.6304134002594326,0.5575305291723203,0.006731144429153465,0.28176520069882727,0.014827508648930543,0.054427058818320065,"[[2104, 1001], [1201, 1652]]","[[214, 131], [162, 155]]"
disclosure_x_bias,15,init_hard,TD_U,log_loss,0.6345888542570455,0.8959891370246034,0.6304134002594326,0.5575305291723203,0.006738860283630503,0.2816955748756409,0.014827508648930543,0.054427058818320065,"[[2106, 999], [1203, 1650]]","[[214, 131], [162, 155]]"
disclosure_x_bias,16,init_hard,TD_U,log_loss,0.634163871721053,0.8960163868217361,0.6304134002594326,0.5575305291723203,0.006757700832240251,0.28192125418785985,0.014827508648930543,0.054427058818320065,"[[2104, 1001], [1201, 1652]]","[[214, 131], [162, 155]]"
disclosure_x_bias,17,init_hard,TD_U,log_loss,0.6337648660582802,0.8962596001755916,0.6304134002594326,0.5575305291723203,0.006765273685471711,0.28222720487233804,0.014827508648930543,0.054427058818320065,"[[2104, 1001], [1201, 1652]]","[[214, 131], [162, 155]]"
disclosure_x_bias,18,init_hard,TD_U,log_loss,0.6333767414794524,0.8960302964012291,0.6310845411990299,0.5560153776571687,0.006774722386226679,0.2823058677183075,0.01516735907785623,0.054542701143771764,"[[2109, 996], [1202, 1651]]","[[214, 131], [163, 154]]"
disclosure_x_bias,19,init_hard,TD_U,log_loss,0.6329926728316719,0.8957932992482652,0.6310845411990299,0.5560153776571687,0.006788488536011508,0.2820041524463008,0.01516735907785623,0.054542701143771764,"[[2109, 996], [1202, 1651]]","[[214, 131], [163, 154]]"
disclosure_x_bias,20,init_hard,TD_U,log_loss,0.6326076785189654,0.8960230453625236,0.6322593198353167,0.5560153776571687,0.006818848100432514,0.2821351283205511,0.013293751960174467,0.054542701143771764,"[[2086, 1019], [1172, 1681]]","[[211, 134], [160, 157]]"
disclosure_x_bias,21,init_hard,TD_U,log_loss,0.6322362909726317,0.8959603541822604,0.632427105070216,0.5560153776571687,0.006832719602005412,0.2820608997481221,0.013378739079275816,0.054542701143771764,"[[2087, 1018], [1172, 1681]]","[[211, 134], [160, 157]]"
disclosure_x_bias,22,init_hard,TD_U,log_loss,0.6318544698118896,0.895846720383384,0.6325948903051153,0.5560153776571687,0.006854549636999594,0.28223841680331874,0.013622558493117536,0.054542701143771764,"[[2089, 1016], [1173, 1680]]","[[211, 134], [160, 157]]"
disclosure_x_bias,23,init_hard,TD_U,log_loss,0.6315100938646369,0.8958389665403018,0.6317559641306187,0.5560153776571687,0.0068600940394441205,0.2821885513250368,0.015316989342932267,0.054542701143771764,"[[2113, 992], [1202, 1651]]","[[214, 131], [163, 154]]"
disclosure_x_bias,24,init_hard,TD_U,log_loss,0.631162104817413,0.8952683060311853,0.632930460774914,0.5560153776571687,0.006873803951696818,0.28246192425223055,0.013776608346070793,0.054542701143771764,"[[2096, 1009], [1178, 1675]]","[[212, 133], [161, 156]]"
disclosure_x_bias,25,init_hard,TD_U,log_loss,0.6308266453032537,0.8950420349285088,0.632930460774914,0.5560153776571687,0.006882547892156077,0.28249914356189226,0.013776608346070793,0.054542701143771764,"[[2096, 1009], [1178, 1675]]","[[212, 133], [161, 156]]"
disclosure_x_bias,26,init_hard,TD_U,log_loss,0.6304861241393291,0.8951611593321452,0.6327626755400146,0.5560153776571687,0.006903966193187524,0.2825121935596089,0.013746526596675867,0.054542701143771764,"[[2095, 1010], [1178, 1675]]","[[212, 133], [161, 156]]"
disclosure_x_bias,27,init_hard,TD_U,log_loss,0.6301418806587157,0.8952023994773217,0.6325948903051153,0.5560153776571687,0.006931683279671647,0.2825652315729738,0.013507261479315724,0.054542701143771764,"[[2095, 1010], [1179, 1674]]","[[212, 133], [161, 156]]"
disclosure_x_bias,28,init_hard,TD_U,log_loss,0.6298066782428058,0.8945339132781273,0.6325948903051153,0.5560153776571687,0.006955479036979158,0.28274105042690234,0.013507261479315724,0.054542701143771764,"[[2095, 1010], [1179, 1674]]","[[212, 133], [161, 156]]"
disclosure_x_bias,29,init_hard,TD_U,log_loss,0.629506669964924,0.8949691455958938,0.6325948903051153,0.5560153776571687,0.006959767452600397,0.28279697378728696,0.013507261479315724,0.054542701143771764,"[[2095, 1010], [1179, 1674]]","[[212, 133], [161, 156]]"
disclosure_x_bias,30,init_hard,TD_U,log_loss,0.6292056267231311,0.8946378235486266,0.6332668772206869,0.5575305291723203,0.0069635662310212195,0.2829353646671335,0.014384516330233004,0.054427058818320065,"[[2099, 1006], [1179, 1674]]","[[212, 133], [160, 157]]"
disclosure_x_bias,31,init_hard,TD_U,log_loss,0.628901841760484,0.8945699549372843,0.6336024476904856,0.5575305291723203,0.006974980466641313,0.28294360527453055,0.014448434051123388,0.054427058818320065,"[[2101, 1004], [1179, 1674]]","[[212, 133], [160, 157]]"
disclosure_x_bias,32,init_hard,TD_U,log_loss,0.6286224181725265,0.8949530653710346,0.6336024476904856,0.559023066485753,0.0069753378674278985,0.28282971000576745,0.014448434051123388,0.05262143276816594,"[[2100, 1005], [1178, 1675]]","[[212, 133], [159, 158]]"
disclosure_x_bias,33,init_hard,TD_U,log_loss,0.6283368772078866,0.894793832373308,0.6336021656984941,0.5575079149706015,0.006973313709541797,0.2829634167340788,0.014390390891490539,0.05278865485291557,"[[2099, 1006], [1177, 1676]]","[[212, 133], [160, 157]]"
disclosure_x_bias,34,init_hard,TD_U,log_loss,0.6280098765759174,0.8946349569900592,0.6339380181602843,0.5575079149706015,0.006985388466781102,0.2829897551977047,0.014717537785987311,0.05278865485291557,"[[2102, 1003], [1178, 1675]]","[[212, 133], [160, 157]]"
disclosure_x_bias,35,init_hard,TD_U,log_loss,0.6277253652364172,0.8945504712426198,0.6336024476904856,0.5575079149706015,0.007007372483555333,0.2831801163740773,0.014620602795170438,0.05278865485291557,"[[2100, 1005], [1178, 1675]]","[[212, 133], [160, 157]]"
disclosure_x_bias,36,init_hard,TD_U,log_loss,0.6274622855701891,0.8946233294347662,0.6336024476904856,0.5590230664857531,0.007009963890094503,0.2832837733834088,0.014620602795170438,0.056816828575236386,"[[2092, 1013], [1170, 1683]]","[[212, 133], [159, 158]]"
disclosure_x_bias,37,init_hard,TD_U,log_loss,0.6272042731088092,0.8944328849758003,0.634273588630083,0.5575079149706015,0.007018942929063807,0.28343379362823545,0.014549653004275834,0.058735336162099645,"[[2097, 1008], [1171, 1682]]","[[212, 133], [160, 157]]"
disclosure_x_bias,38,init_hard,TD_U,log_loss,0.6269349488028813,0.8947313113181199,0.6341058033951835,0.5575079149706015,0.007022572485914347,0.2834187136364288,0.014516874816402254,0.058735336162099645,"[[2096, 1009], [1171, 1682]]","[[212, 133], [160, 157]]"
disclosure_x_bias,39,init_hard,TD_U,log_loss,0.6266500470974303,0.8947345262972025,0.6359514409790762,0.5575079149706015,0.007060723081239602,0.2834212607277745,0.01417349521683008,0.05741771596366218,"[[2094, 1011], [1158, 1695]]","[[211, 134], [159, 158]]"
disclosure_x_bias,40,init_hard,TD_U,log_loss,0.6263927400790573,0.8948634966942196,0.6359514409790762,0.5575079149706015,0.007066413801795603,0.28341092964158987,0.013973460188924591,0.05741771596366218,"[[2094, 1011], [1158, 1695]]","[[211, 134], [159, 158]]"
disclosure_x_bias,41,init_hard,TD_U,log_loss,0.6261415256065813,0.8949406509537944,0.6357833737521854,0.5575079149706015,0.00707640210073587,0.2833414792574835,0.013720536788135972,0.05741771596366218,"[[2094, 1011], [1159, 1694]]","[[211, 134], [159, 158]]"
disclosure_x_bias,42,init_hard,TD_U,log_loss,0.6258995624962529,0.8948996722821507,0.6366237098866392,0.5575079149706015,0.0070736827903790335,0.2833524493876862,0.012343412357652423,0.05741771596366218,"[[2102, 1003], [1162, 1691]]","[[211, 134], [159, 158]]"
disclosure_x_bias,43,init_hard,TD_U,log_loss,0.6256656073954955,0.8948011013214078,0.6366237098866392,0.5575079149706015,0.007078120276176775,0.28326682204201487,0.012113193287527526,0.05741771596366218,"[[2102, 1003], [1162, 1691]]","[[211, 134], [159, 158]]"
disclosure_x_bias,44,init_hard,TD_U,log_loss,0.6254096251898242,0.8945329446517789,0.6367914951215385,0.5575079149706015,0.007092343651693198,0.2834698165912295,0.01231861041502541,0.05741771596366218,"[[2103, 1002], [1162, 1691]]","[[211, 134], [159, 158]]"
disclosure_x_bias,45,init_hard,TD_U,log_loss,0.6251460726154995,0.8942745391515843,0.6369592803564379,0.5575079149706015,0.007092143469990798,0.2834421654900692,0.012342006791031352,0.05741771596366218,"[[2104, 1001], [1162, 1691]]","[[211, 134], [159, 158]]"
disclosure_x_bias,46,init_hard,TD_U,log_loss,0.6249095651503329,0.8943439137607305,0.6369592803564379,0.5575079149706015,0.007106029645634294,0.28356673211981376,0.012342006791031352,0.05741771596366218,"[[2104, 1001], [1162, 1691]]","[[211, 134], [159, 158]]"
disclosure_x_bias,47,init_hard,TD_U,log_loss,0.6246771889437599,0.8945541413345548,0.637295132818228,0.5575079149706015,0.007104406357079218,0.28358061196516626,0.012296722667890857,0.05741771596366218,"[[2106, 999], [1162, 1691]]","[[211, 134], [159, 158]]"
disclosure_x_bias,48,init_hard,TD_U,log_loss,0.6244426113113297,0.8943044448285876,0.6371273475833286,0.5590230664857531,0.007120758952033961,0.28327713618404693,0.012580334386517534,0.05591173047122658,"[[2106, 999], [1163, 1690]]","[[212, 133], [159, 158]]"
disclosure_x_bias,49,init_hard,TD_U,log_loss,0.6241855730151086,0.8942044151403363,0.6372951328182279,0.5575079149706015,0.0071609699511460696,0.28328674733110887,0.012498566635238805,0.05741771596366218,"[[2106, 999], [1162, 1691]]","[[211, 134], [159, 158]]"
disclosure_x_bias,50,init_hard,TD_U,log_loss,0.6239656553087819,0.8940451034133947,0.6374629180531273,0.5575079149706015,0.007162931463682959,0.2833994717321662,0.012712518719615876,0.05741771596366218,"[[2107, 998], [1162, 1691]]","[[211, 134], [159, 158]]"
disclosure_x_bias,51,init_hard,TD_U,log_loss,0.6237218350328024,0.8940650078948187,0.6379662737578252,0.5575079149706015,0.007189853581479917,0.2834150746822517,0.012545738250678982,0.05741771596366218,"[[2110, 995], [1162, 1691]]","[[211, 134], [159, 158]]"
disclosure_x_bias,52,init_hard,TD_U,log_loss,0.623506563233098,0.8940918103639957,0.6381340589927247,0.5590230664857531,0.007190077445537563,0.2834497000764615,0.012501331892314511,0.06155744664280422,"[[2114, 991], [1165, 1688]]","[[212, 133], [159, 158]]"
disclosure_x_bias,53,init_hard,TD_U,log_loss,0.6232888002494433,0.894270286990808,0.6384696294625233,0.5590230664857531,0.007186733018736573,0.2834053415763319,0.012479900393805775,0.06155744664280422,"[[2115, 990], [1164, 1689]]","[[212, 133], [159, 158]]"
disclosure_x_bias,54,init_hard,TD_U,log_loss,0.6230706060791882,0.8942388716556342,0.6386374146974225,0.5544776119402985,0.0072050166545930255,0.2833514892143645,0.01284846846933222,0.04949227103215141,"[[2125, 980], [1173, 1680]]","[[211, 134], [161, 156]]"
disclosure_x_bias,55,init_hard,TD_U,log_loss,0.622848987692332,0.8943609566043473,0.6386374146974225,0.5544776119402985,0.007221600211723639,0.28310347040854233,0.0126769065583249,0.04949227103215141,"[[2126, 979], [1174, 1679]]","[[211, 134], [161, 156]]"
disclosure_x_bias,56,init_hard,TD_U,log_loss,0.6226348199240452,0.8945614607384904,0.6393099655969771,0.5575305291723203,0.007228939866191166,0.2833706397631215,0.011175886394523478,0.06310791378440547,"[[2121, 984], [1165, 1688]]","[[212, 133], [160, 157]]"
disclosure_x_bias,57,init_hard,TD_U,log_loss,0.6224350996487511,0.8944058575779341,0.6394777508318763,0.5575305291723203,0.007224508087831086,0.2833198193353775,0.011243450141738526,0.06310791378440547,"[[2121, 984], [1164, 1689]]","[[212, 133], [160, 157]]"
disclosure_x_bias,58,init_hard,TD_U,log_loss,0.6222322410221176,0.8943137991882978,0.639813321301675,0.5560153776571687,0.007213557831245263,0.2830645634555787,0.010891363737131059,0.0590343821290809,"[[2122, 983], [1163, 1690]]","[[211, 134], [160, 157]]"
disclosure_x_bias,59,init_hard,TD_U,log_loss,0.6220331475309763,0.8942196298664058,0.6401488917714737,0.5545002261420172,0.007214010442125692,0.28280668315284635,0.011178861269775846,0.057788516696348755,"[[2127, 978], [1166, 1687]]","[[211, 134], [161, 156]]"
disclosure_x_bias,60,init_hard,TD_U,log_loss,0.6218158225427541,0.8943003564366279,0.6399811065365744,0.5575305291723203,0.007239970046768152,0.2825481650094186,0.011150248487195896,0.0576143311106304,"[[2125, 980], [1165, 1688]]","[[212, 133], [160, 157]]"
disclosure_x_bias,61,init_hard,TD_U,log_loss,0.6216171906146425,0.8940590716929881,0.6399811065365744,0.5575305291723203,0.007246175726423922,0.2825390387151179,0.011150248487195896,0.0576143311106304,"[[2125, 980], [1165, 1688]]","[[212, 133], [160, 157]]"
disclosure_x_bias,62,init_hard,TD_U,log_loss,0.6214073768947518,0.8942069142377284,0.6403166770063731,0.5560153776571687,0.007263929079884417,0.28255321893103813,0.011148635908302762,0.0590343821290809,"[[2126, 979], [1164, 1689]]","[[211, 134], [160, 157]]"
disclosure_x_bias,63,init_hard,TD_U,log_loss,0.6212151357365563,0.8943458552369845,0.6406522474761717,0.5560153776571687,0.007261971378208536,0.2824996081319766,0.011657282547532552,0.0590343821290809,"[[2126, 979], [1162, 1691]]","[[211, 134], [160, 157]]"
disclosure_x_bias,64,init_hard,TD_U,log_loss,0.6210095328080529,0.8943560503558736,0.6404844622412724,0.5560153776571687,0.0072727406167484515,0.2825815173654786,0.01163791294279155,0.0590343821290809,"[[2125, 980], [1162, 1691]]","[[211, 134], [160, 157]]"
disclosure_x_bias,65,init_hard,TD_U,log_loss,0.6208231757550767,0.8943902694927133,0.6406522474761717,0.5499547715965626,0.007274539986552407,0.28277545033412166,0.011737505217450959,0.048601591341723795,"[[2140, 965], [1176, 1677]]","[[211, 134], [164, 153]]"
disclosure_x_bias,66,init_hard,TD_U,log_loss,0.620618177642111,0.894315384265221,0.6406522474761717,0.5514699231117142,0.00729456840839722,0.2828589273662187,0.011657282547532552,0.04971870523831893,"[[2138, 967], [1174, 1679]]","[[211, 134], [163, 154]]"
disclosure_x_bias,67,init_hard,TD_U,log_loss,0.6204266005534007,0.8943112918401775,0.6411556031808697,0.5499547715965626,0.007298738995230764,0.2827847943271196,0.011858504070331594,0.048601591341723795,"[[2140, 965], [1173, 1680]]","[[211, 134], [164, 153]]"
disclosure_x_bias,68,init_hard,TD_U,log_loss,0.6202437205521556,0.8943612885145462,0.6414914556426597,0.5514699231117142,0.007293338108486783,0.2828845671641674,0.010727479844620988,0.04920299226718318,"[[2141, 964], [1172, 1681]]","[[212, 133], [164, 153]]"
disclosure_x_bias,69,init_hard,TD_U,log_loss,0.6200424796942459,0.8943632987822788,0.6416592408775591,0.5514699231117142,0.007298333863973255,0.28295769165660783,0.011215602324909967,0.04920299226718318,"[[2142, 963], [1172, 1681]]","[[212, 133], [164, 153]]"
disclosure_x_bias,70,init_hard,TD_U,log_loss,0.6198426665398056,0.8941854466739756,0.6418270261124583,0.5514699231117142,0.0072891521454234096,0.28309298664153704,0.011327193856708736,0.04920299226718318,"[[2143, 962], [1172, 1681]]","[[212, 133], [164, 153]]"
disclosure_x_bias,71,init_hard,TD_U,log_loss,0.6196606706818127,0.8940595564099525,0.6414914556426597,0.5499547715965626,0.007290161561125298,0.28298752169791497,0.01151501421156065,0.048601591341723795,"[[2141, 964], [1172, 1681]]","[[211, 134], [164, 153]]"
disclosure_x_bias,72,init_hard,TD_U,log_loss,0.6194649655125968,0.8945761939276032,0.6418270261124583,0.5499547715965626,0.007282838182824844,0.2830461340626635,0.01189297553281897,0.048601591341723795,"[[2142, 963], [1171, 1682]]","[[211, 134], [164, 153]]"
disclosure_x_bias,73,init_hard,TD_U,log_loss,0.6192688627496582,0.8946701748368548,0.6423306638091478,0.5514699231117142,0.007290108907479328,0.2830369405286447,0.011412200373937004,0.04920299226718318,"[[2143, 962], [1169, 1684]]","[[212, 133], [164, 153]]"
disclosure_x_bias,74,init_hard,TD_U,log_loss,0.6190838704788965,0.8946011914736847,0.6424981670520558,0.5499547715965626,0.007296857890768746,0.28294324164025186,0.01132952347480812,0.045343394951919955,"[[2142, 963], [1167, 1686]]","[[211, 134], [164, 153]]"
disclosure_x_bias,75,init_hard,TD_U,log_loss,0.6188874546331468,0.8947019231062917,0.642666516270938,0.5499547715965626,0.007316612904215142,0.282716098064891,0.011489011216421716,0.045343394951919955,"[[2141, 964], [1165, 1688]]","[[211, 134], [164, 153]]"
disclosure_x_bias,76,init_hard,TD_U,log_loss,0.6186951940781545,0.8945389767196534,0.6428343015058372,0.5499547715965626,0.007339305292473183,0.2829744284957416,0.011418573048434863,0.045343394951919955,"[[2143, 962], [1166, 1687]]","[[211, 134], [164, 153]]"
disclosure_x_bias,77,init_hard,TD_U,log_loss,0.6185216165863777,0.8945260107625537,0.6431698719756358,0.5469244685662595,0.007341291233470281,0.28298820615404846,0.011351025813917196,0.04443078407302662,"[[2145, 960], [1166, 1687]]","[[210, 135], [165, 152]]"
disclosure_x_bias,78,init_hard,TD_U,log_loss,0.618327893217409,0.8946731524264477,0.6448499802605606,0.5514246947082768,0.00734520479961666,0.2831134037240092,0.01075157014711438,0.04135675251873549,"[[2173, 932], [1184, 1669]]","[[214, 131], [166, 151]]"
disclosure_x_bias,79,init_hard,TD_U,log_loss,0.6181433609820137,0.8945055574293843,0.6451855507303592,0.5514246947082768,0.007350545225864978,0.28323107053336305,0.010726486415790779,0.04135675251873549,"[[2169, 936], [1178, 1675]]","[[213, 132], [165, 152]]"
disclosure_x_bias,80,init_hard,TD_U,log_loss,0.6179738211359014,0.8947793420285167,0.6455211212001579,0.5514246947082768,0.007345184223691732,0.28299657650033333,0.009643557896372355,0.04135675251873549,"[[2168, 937], [1175, 1678]]","[[213, 132], [165, 152]]"
disclosure_x_bias,81,init_hard,TD_U,log_loss,0.6178029168933826,0.8947124263409588,0.6458566916699565,0.5514246947082768,0.007332229576089167,0.28300302549245243,0.009458149468147468,0.04135675251873549,"[[2172, 933], [1177, 1676]]","[[214, 131], [166, 151]]"
disclosure_x_bias,82,init_hard,TD_U,log_loss,0.6176431753098255,0.8948347496485807,0.646024476904856,0.5514246947082768,0.0073313915252477095,0.28291151746574383,0.009409056230243894,0.04135675251873549,"[[2172, 933], [1176, 1677]]","[[214, 131], [166, 151]]"
disclosure_x_bias,83,init_hard,TD_U,log_loss,0.6174750912138907,0.8946340755521011,0.6458566916699565,0.5514246947082768,0.007335488107213565,0.28298952724166215,0.009458149468147468,0.04135675251873549,"[[2172, 933], [1177, 1676]]","[[214, 131], [166, 151]]"
disclosure_x_bias,84,init_hard,TD_U,log_loss,0.6173127205563068,0.8948292055032436,0.6458566916699565,0.5529398462234283,0.00733686409280269,0.2829539026538937,0.00958952455255528,0.04550101894582413,"[[2160, 945], [1165, 1688]]","[[213, 132], [164, 153]]"
disclosure_x_bias,85,init_hard,TD_U,log_loss,0.6171449198250192,0.894604495345888,0.6466956178444532,0.5499095431931252,0.007337581995127014,0.2826925044207702,0.009444814047460507,0.04594067642499291,"[[2163, 942], [1163, 1690]]","[[212, 133], [165, 152]]"
disclosure_x_bias,86,init_hard,TD_U,log_loss,0.6169675183052001,0.8946143125927992,0.6468634030793525,0.5499095431931252,0.007354249148025966,0.28251756327948885,0.009412282342554354,0.04594067642499291,"[[2162, 943], [1161, 1692]]","[[212, 133], [165, 152]]"
disclosure_x_bias,87,init_hard,TD_U,log_loss,0.6167964606476068,0.8945952254958381,0.6470311883142519,0.5514246947082768,0.007351553456552414,0.2823280836875233,0.009207988837333324,0.045469631586460134,"[[2164, 941], [1162, 1691]]","[[213, 132], [165, 152]]"
disclosure_x_bias,88,init_hard,TD_U,log_loss,0.6166117896143818,0.8946164734175932,0.6470311883142519,0.5499095431931252,0.00735549393785922,0.2825374835048999,0.009704175395769742,0.04594067642499291,"[[2162, 943], [1160, 1693]]","[[212, 133], [165, 152]]"
disclosure_x_bias,89,init_hard,TD_U,log_loss,0.616448059528245,0.8947864922628668,0.6468634030793525,0.5499095431931252,0.007357930458791828,0.28227825762290915,0.009412282342554354,0.04594067642499291,"[[2163, 942], [1162, 1691]]","[[212, 133], [165, 152]]"
disclosure_x_bias,90,init_hard,TD_U,log_loss,0.6162954857737821,0.8948028254426419,0.6470309063222605,0.5514246947082768,0.0073542666477660204,0.2823634335225525,0.009151808177732312,0.045469631586460134,"[[2164, 941], [1162, 1691]]","[[213, 132], [165, 152]]"
disclosure_x_bias,91,init_hard,TD_U,log_loss,0.6161044191960218,0.8948329739574001,0.6471986915571598,0.5499095431931252,0.007347824604949431,0.2819750363920608,0.009281439129142614,0.04594067642499291,"[[2164, 941], [1161, 1692]]","[[212, 133], [165, 152]]"
disclosure_x_bias,92,init_hard,TD_U,log_loss,0.6159547946624098,0.8949695818958234,0.6480376177316565,0.5483943916779738,0.007342623557938102,0.28178061219974393,0.01026094926708943,0.04232488825972103,"[[2160, 945], [1152, 1701]]","[[210, 135], [164, 153]]"
disclosure_x_bias,93,init_hard,TD_U,log_loss,0.6157929196365197,0.8949431021104838,0.6482056849585472,0.5483943916779738,0.0073524990512476365,0.2817514573024631,0.010256899290822186,0.04232488825972103,"[[2159, 946], [1150, 1703]]","[[210, 135], [164, 153]]"
disclosure_x_bias,94,init_hard,TD_U,log_loss,0.6156275683103746,0.8955511489067621,0.6482056849585472,0.5483943916779738,0.007332829267546698,0.28182375185166136,0.010256899290822186,0.04232488825972103,"[[2160, 945], [1151, 1702]]","[[210, 135], [164, 153]]"
disclosure_x_bias,95,init_hard,TD_U,log_loss,0.6154643517186287,0.895475034814722,0.6482056849585472,0.5483943916779738,0.007345632749770083,0.28184292520980064,0.010256899290822186,0.04232488825972103,"[[2159, 946], [1150, 1703]]","[[210, 135], [164, 153]]"
disclosure_x_bias,96,init_hard,TD_U,log_loss,0.6153177944097672,0.8955897543788544,0.6482059669505386,0.5483943916779738,0.007343428148852462,0.28180849415671977,0.010576728890375892,0.04232488825972103,"[[2159, 946], [1150, 1703]]","[[210, 135], [164, 153]]"
disclosure_x_bias,97,init_hard,TD_U,log_loss,0.6151640257446124,0.8954643228199128,0.6473659128080762,0.5513794663048394,0.007338512833539107,0.2818684864319739,0.010934922927838013,0.041327834323559444,"[[2167, 938], [1163, 1690]]","[[212, 133], [164, 153]]"
disclosure_x_bias,98,init_hard,TD_U,log_loss,0.6150014982001913,0.8955534800381034,0.6482048389825729,0.5513794663048394,0.007334764196433685,0.28167841149382133,0.010618534005458508,0.041327834323559444,"[[2169, 936], [1160, 1693]]","[[212, 133], [164, 153]]"
disclosure_x_bias,99,init_hard,TD_U,log_loss,0.6148559719550637,0.8953851281430152,0.6487090406632452,0.5483943916779738,0.007328448194334043,0.28167120399044304,0.010105069405279098,0.04232488825972103,"[[2162, 943], [1150, 1703]]","[[210, 135], [164, 153]]"
disclosure_x_bias,100,init_hard,TD_U,log_loss,0.6147107249968208,0.8957133481405641,0.6482051209745643,0.5528946178199909,0.007322143704995868,0.28163953564223954,0.009874930454036908,0.04011193210880474,"[[2169, 936], [1160, 1693]]","[[213, 132], [164, 153]]"
disclosure_x_bias,101,init_hard,TD_U,log_loss,0.6145600377352324,0.8958085205459826,0.6487093226552366,0.5483943916779738,0.007320702207461077,0.2815541444979358,0.010094243474154064,0.04232488825972103,"[[2162, 943], [1150, 1703]]","[[210, 135], [164, 153]]"
disclosure_x_bias,102,init_hard,TD_U,log_loss,0.6144135657517702,0.895973442102272,0.6482051209745643,0.5513794663048394,0.007317300816056144,0.2816965039758504,0.010125168197938723,0.041327834323559444,"[[2170, 935], [1161, 1692]]","[[212, 133], [164, 153]]"
disclosure_x_bias,103,init_hard,TD_U,log_loss,0.6142664310772676,0.8957661703213311,0.6482051209745643,0.5513794663048394,0.0073183577714725405,0.2818689249419825,0.010278473537658801,0.041327834323559444,"[[2173, 932], [1164, 1689]]","[[212, 133], [164, 153]]"
disclosure_x_bias,104,init_hard,TD_U,log_loss,0.6141035505725663,0.8958629335678083,0.648540691444363,0.5513794663048394,0.007326640063966285,0.2818552335191513,0.01006752722174236,0.041327834323559444,"[[2172, 933], [1161, 1692]]","[[212, 133], [164, 153]]"
disclosure_x_bias,105,init_hard,TD_U,log_loss,0.6139486957210514,0.8959490692220278,0.6490440471490609,0.5528946178199909,0.007335462398628238,0.2817019478826734,0.009956907966950085,0.04011193210880474,"[[2172, 933], [1158, 1695]]","[[213, 132], [164, 153]]"
disclosure_x_bias,106,init_hard,TD_U,log_loss,0.6137966903841259,0.8959022620297421,0.6490440471490609,0.5513794663048394,0.007336130828564749,0.28170687595738353,0.010447467415181632,0.041327834323559444,"[[2171, 934], [1157, 1696]]","[[212, 133], [164, 153]]"
disclosure_x_bias,107,init_hard,TD_U,log_loss,0.6136026266021501,0.8957723630618597,0.6492118323839604,0.5528946178199909,0.007350652852520264,0.2818022429110057,0.010007663384151187,0.041364205571509154,"[[2167, 938], [1152, 1701]]","[[212, 133], [163, 154]]"
disclosure_x_bias,108,init_hard,TD_U,log_loss,0.6134457429877862,0.8957433015692488,0.6497151880886582,0.5544097693351425,0.007343958017317654,0.2816949060224929,0.010562966563683236,0.040085822804762486,"[[2173, 932], [1155, 1698]]","[[213, 132], [163, 154]]"
disclosure_x_bias,109,init_hard,TD_U,log_loss,0.6133033843928224,0.8956922137568469,0.6502185437933563,0.5544097693351425,0.0073433686411434,0.2815113173466674,0.010150992085856398,0.040085822804762486,"[[2172, 933], [1151, 1702]]","[[213, 132], [163, 154]]"
disclosure_x_bias,110,init_hard,TD_U,log_loss,0.6131597697650879,0.8958845688286494,0.6493796176188595,0.5544097693351425,0.007346739432982503,0.2814352953671958,0.010270504317365035,0.040085822804762486,"[[2175, 930], [1159, 1694]]","[[213, 132], [163, 154]]"
disclosure_x_bias,111,init_hard,TD_U,log_loss,0.6130227176498273,0.896044338508311,0.6507218994980543,0.5544097693351425,0.007348440592267726,0.28130164386246687,0.010557590103969679,0.040085822804762486,"[[2173, 932], [1149, 1704]]","[[212, 133], [162, 155]]"
disclosure_x_bias,112,init_hard,TD_U,log_loss,0.6128844449394423,0.8960925560230002,0.6503863290282557,0.5544097693351425,0.007348548076452295,0.2813994338797404,0.010148518848474012,0.040085822804762486,"[[2171, 934], [1149, 1704]]","[[212, 133], [162, 155]]"
disclosure_x_bias,113,init_hard,TD_U,log_loss,0.6127405378083364,0.8963763277374923,0.6512252552027522,0.5544097693351425,0.007341072729122259,0.2813352516501347,0.009774816450831923,0.040085822804762486,"[[2177, 928], [1150, 1703]]","[[212, 133], [162, 155]]"
disclosure_x_bias,114,init_hard,TD_U,log_loss,0.6126061959434921,0.8961519092884256,0.650050758558457,0.5544097693351425,0.007339631785034838,0.28153976937749065,0.010807100901452772,0.040085822804762486,"[[2174, 931], [1154, 1699]]","[[212, 133], [162, 155]]"
disclosure_x_bias,115,init_hard,TD_U,log_loss,0.6124695663166221,0.8961022407652145,0.6515608256725509,0.5544097693351425,0.007337856171912063,0.28159553687492583,0.010967353564904954,0.04133888720074022,"[[2176, 929], [1147, 1706]]","[[212, 133], [162, 155]]"
disclosure_x_bias,116,init_hard,TD_U,log_loss,0.6123205645865586,0.8962550417999708,0.6513930404376516,0.5528946178199909,0.007336086492682621,0.28147815163792445,0.011102853584599537,0.041364205571509154,"[[2176, 929], [1148, 1705]]","[[211, 134], [162, 155]]"
disclosure_x_bias,117,init_hard,TD_U,log_loss,0.6121640079561314,0.896205750571502,0.651057469967853,0.5544097693351425,0.0073507685080237,0.28146609591762645,0.010322073311793986,0.040085822804762486,"[[2181, 924], [1155, 1698]]","[[213, 132], [163, 154]]"
disclosure_x_bias,118,init_hard,TD_U,log_loss,0.61202162226889,0.8963215586314632,0.6518963961423496,0.555924920850294,0.007355825015609678,0.2817133106419538,0.010594212837225865,0.03999597182361288,"[[2178, 927], [1147, 1706]]","[[213, 132], [162, 155]]"
disclosure_x_bias,119,init_hard,TD_U,log_loss,0.6118843651815558,0.8963023541833948,0.6517286109074503,0.5528946178199909,0.0073528012064107365,0.28147955305524885,0.010141056637341302,0.03236973694158581,"[[2176, 929], [1146, 1707]]","[[211, 134], [162, 155]]"
disclosure_x_bias,120,init_hard,TD_U,log_loss,0.6117415253032623,0.8965448577411955,0.6522319666121482,0.5498643147896879,0.00735825497444697,0.28115253845022964,0.010040598630421524,0.032197563945762224,"[[2178, 927], [1145, 1708]]","[[210, 135], [163, 154]]"
disclosure_x_bias,121,init_hard,TD_U,log_loss,0.6116103980647012,0.8963593854004053,0.6529031075517455,0.5513794663048394,0.007356096344616288,0.2814998009752193,0.009733045917481717,0.029862127342001468,"[[2177, 928], [1140, 1713]]","[[210, 135], [162, 155]]"
disclosure_x_bias,122,init_hard,TD_U,log_loss,0.6114813053250732,0.8964823872441627,0.653406745248435,0.5513794663048394,0.007355076089769465,0.28146214982652096,0.009315900814026973,0.029862127342001468,"[[2171, 934], [1131, 1722]]","[[209, 136], [161, 156]]"
disclosure_x_bias,123,init_hard,TD_U,log_loss,0.6113487373530304,0.8965508929997019,0.6532389600135355,0.5528946178199909,0.007350429878989468,0.2813786600395955,0.009576845968473881,0.029912443264909053,"[[2176, 929], [1137, 1716]]","[[210, 135], [161, 156]]"
disclosure_x_bias,124,init_hard,TD_U,log_loss,0.6112152054132246,0.8965156599614993,0.6532389600135355,0.5513794663048394,0.007342934133148326,0.2813789648937022,0.009378826900551694,0.031524229640874965,"[[2176, 929], [1137, 1716]]","[[209, 136], [161, 156]]"
disclosure_x_bias,125,init_hard,TD_U,log_loss,0.6110890629665585,0.8965949168265175,0.6537423157182336,0.5544097693351425,0.00733662879031692,0.28127837955205165,0.009643854046672458,0.03944436572445375,"[[2179, 926], [1137, 1716]]","[[211, 134], [161, 156]]"
disclosure_x_bias,126,init_hard,TD_U,log_loss,0.6109387911584341,0.8964621505288074,0.6530711747786363,0.555924920850294,0.007350786707810795,0.2813934524200961,0.010048013326291372,0.039353050194170236,"[[2176, 929], [1138, 1715]]","[[212, 133], [161, 156]]"
disclosure_x_bias,127,init_hard,TD_U,log_loss,0.6107895642569483,0.8970187463463384,0.6532389600135355,0.5544097693351425,0.007335710818205846,0.2814396833059271,0.010481331242982901,0.03944436572445375,"[[2175, 930], [1136, 1717]]","[[211, 134], [161, 156]]"
disclosure_x_bias,128,init_hard,TD_U,log_loss,0.6106635695702858,0.8969538494572703,0.6534067452484349,0.5528946178199909,0.007335977331205822,0.2815051850522397,0.010779104226146656,0.03236973694158582,"[[2173, 932], [1133, 1720]]","[[209, 136], [160, 157]]"
disclosure_x_bias,129,init_hard,TD_U,log_loss,0.6105391893603253,0.8969219906918818,0.6534067452484349,0.5498643147896879,0.007330984670066744,0.2814395569733442,0.01120593814017998,0.03139534872415173,"[[2171, 934], [1131, 1722]]","[[208, 137], [161, 156]]"
disclosure_x_bias,130,init_hard,TD_U,log_loss,0.6104101285219129,0.8973331864246594,0.653910100953133,0.5513794663048394,0.007329390481841016,0.2812079051405502,0.011030346004230057,0.031524229640874986,"[[2169, 936], [1126, 1727]]","[[208, 137], [160, 157]]"
disclosure_x_bias,131,init_hard,TD_U,log_loss,0.6102622809410597,0.897300438398078,0.6547490271276295,0.5468340117593848,0.007324402609669196,0.2812869209527644,0.010876074314138354,0.03170426307932876,"[[2171, 934], [1123, 1730]]","[[207, 138], [162, 155]]"
disclosure_x_bias,132,init_hard,TD_U,log_loss,0.610138929963382,0.8975221899711181,0.6547490271276295,0.5483491632745364,0.007319789230687005,0.2812955506312598,0.011018937322376528,0.03277937878269265,"[[2167, 938], [1119, 1734]]","[[207, 138], [161, 156]]"
disclosure_x_bias,133,init_hard,TD_U,log_loss,0.6100071974988575,0.8974299164609411,0.654916812362529,0.5483491632745363,0.007311271916393882,0.2811999971246415,0.009920042480285914,0.03199175629515963,"[[2170, 935], [1121, 1732]]","[[208, 137], [162, 155]]"
disclosure_x_bias,134,init_hard,TD_U,log_loss,0.6098705125188991,0.8975113131068939,0.6552523828323276,0.5483491632745363,0.007316299093782202,0.2811158452700348,0.010506219691523965,0.030355264218717933,"[[2167, 938], [1116, 1737]]","[[208, 137], [162, 155]]"
disclosure_x_bias,135,init_hard,TD_U,log_loss,0.6097365926356335,0.8975218434153748,0.654916812362529,0.5483491632745363,0.00731238045510957,0.28123649654148686,0.010138364016427941,0.03199175629515963,"[[2167, 938], [1118, 1735]]","[[208, 137], [162, 155]]"
disclosure_x_bias,136,init_hard,TD_U,log_loss,0.6096057521902745,0.8974012516237279,0.6554204500592183,0.5483491632745364,0.0073130169544669,0.2811046828429546,0.009654751370110605,0.03503617103751925,"[[2166, 939], [1114, 1739]]","[[207, 138], [161, 156]]"
disclosure_x_bias,137,init_hard,TD_U,log_loss,0.6094802027587016,0.8976826174390057,0.6545815238847217,0.5498643147896879,0.007313691005142515,0.2809539644826843,0.009986104217610016,0.03139534872415173,"[[2167, 938], [1120, 1733]]","[[208, 137], [161, 156]]"
disclosure_x_bias,138,init_hard,TD_U,log_loss,0.6093495601188006,0.8976626544180913,0.6545815238847217,0.5498643147896879,0.00730755535578233,0.28101193302600874,0.009667797214948369,0.03374482966473764,"[[2167, 938], [1120, 1733]]","[[208, 137], [161, 156]]"
disclosure_x_bias,139,init_hard,TD_U,log_loss,0.6092247944634848,0.8974928577020924,0.6545815238847217,0.5528946178199909,0.007301825369850971,0.2810082835801676,0.009570240887913004,0.032369736941585826,"[[2163, 942], [1116, 1737]]","[[209, 136], [160, 157]]"
disclosure_x_bias,140,init_hard,TD_U,log_loss,0.6090966908440552,0.897714842811822,0.6555879533021262,0.5498643147896879,0.007301320182677696,0.28109266521218634,0.009725098201024403,0.03374482966473764,"[[2166, 939], [1113, 1740]]","[[208, 137], [161, 156]]"
disclosure_x_bias,141,init_hard,TD_U,log_loss,0.608974276323508,0.8975900205717936,0.6544137386498223,0.5498643147896879,0.00729964999664986,0.2812088903589807,0.01046276510513827,0.030572090523559872,"[[2168, 937], [1122, 1731]]","[[209, 136], [162, 155]]"
disclosure_x_bias,142,init_hard,TD_U,log_loss,0.6088403193668188,0.8976582816214643,0.6554201680672269,0.5498643147896879,0.007310376033088758,0.28121212962068404,0.010651681969654117,0.03374482966473764,"[[2167, 938], [1115, 1738]]","[[208, 137], [161, 156]]"
disclosure_x_bias,143,init_hard,TD_U,log_loss,0.6087082459338533,0.8977097493554445,0.655252664824319,0.5498643147896879,0.007319036744204702,0.28105934775845887,0.010933422726956854,0.03374482966473764,"[[2168, 937], [1117, 1736]]","[[208, 137], [161, 156]]"
disclosure_x_bias,144,init_hard,TD_U,log_loss,0.6085878240895053,0.8979629548496348,0.6552523828323276,0.5498643147896879,0.007315911750850456,0.2811725073547744,0.010565597337476343,0.03374482966473764,"[[2166, 939], [1115, 1738]]","[[208, 137], [161, 156]]"
disclosure_x_bias,145,init_hard,TD_U,log_loss,0.6084683938689818,0.8979754289190914,0.6562599402176978,0.5498643147896879,0.007311193174041965,0.28121687769810627,0.010857033509671685,0.03374482966473764,"[[2165, 940], [1108, 1745]]","[[208, 137], [161, 156]]"
disclosure_x_bias,146,init_hard,TD_U,log_loss,0.6083316717244639,0.8979763020113871,0.6562596582257064,0.5468340117593848,0.007319243411588753,0.281111275898668,0.01148319785617619,0.034773856667397504,"[[2164, 941], [1107, 1746]]","[[206, 139], [161, 156]]"
disclosure_x_bias,147,init_hard,TD_U,log_loss,0.608213560143033,0.8980761604646906,0.6560918729908071,0.5453188602442334,0.007319473684179618,0.2807711290842596,0.010998472559558,0.03368667705927253,"[[2169, 936], [1113, 1740]]","[[207, 138], [163, 154]]"
disclosure_x_bias,148,init_hard,TD_U,log_loss,0.6080929815087383,0.8979776785662998,0.6560918729908071,0.5468340117593848,0.007311493562897754,0.2807733302496568,0.011139765970214672,0.034773856667397504,"[[2166, 939], [1110, 1743]]","[[207, 138], [162, 155]]"
disclosure_x_bias,149,init_hard,TD_U,log_loss,0.6079606674190428,0.8982214449361253,0.6565955106874964,0.5468340117593848,0.007314027413573785,0.2805949893345314,0.01121244897561441,0.034773856667397504,"[[2164, 941], [1105, 1748]]","[[206, 139], [161, 156]]"
disclosure_x_bias,150,init_hard,TD_U,log_loss,0.6078406919347655,0.8982767783019365,0.6574347188539845,0.5468340117593848,0.0073100795122461315,0.2805527779276415,0.011302394759002913,0.034773856667397504,"[[2168, 937], [1104, 1749]]","[[206, 139], [161, 156]]"
disclosure_x_bias,151,init_hard,TD_U,log_loss,0.6077237684480419,0.8981464419643854,0.6569313631492866,0.5468340117593848,0.007303646048570079,0.28055230459238434,0.010662797894473572,0.032498853824921924,"[[2162, 943], [1101, 1752]]","[[205, 140], [160, 157]]"
disclosure_x_bias,152,init_hard,TD_U,log_loss,0.6076038556475626,0.898401067729351,0.6565957926794879,0.5483491632745364,0.007301651164911664,0.2804665307507269,0.011368772065908727,0.0357567963260225,"[[2163, 942], [1104, 1749]]","[[206, 139], [160, 157]]"
disclosure_x_bias,153,init_hard,TD_U,log_loss,0.6074629501943252,0.8983839270882946,0.6570991483841858,0.5468340117593848,0.007314683567797409,0.2804526372717849,0.011397809495755628,0.034773856667397476,"[[2172, 933], [1110, 1743]]","[[206, 139], [161, 156]]"
disclosure_x_bias,154,init_hard,TD_U,log_loss,0.6073531350907285,0.8984085003054506,0.6579380745586826,0.5453188602442334,0.0073089956932435324,0.28055209725849867,0.010663192314340769,0.03368667705927253,"[[2176, 929], [1109, 1744]]","[[206, 139], [162, 155]]"
disclosure_x_bias,155,init_hard,TD_U,log_loss,0.6072337154800345,0.8985877242793773,0.6574347188539845,0.5468340117593848,0.007309753847051643,0.28055488751699786,0.011357610760166859,0.034773856667397504,"[[2167, 938], [1103, 1750]]","[[206, 139], [161, 156]]"
disclosure_x_bias,156,init_hard,TD_U,log_loss,0.6071120722994444,0.8985072007302419,0.6582736450284812,0.5453188602442334,0.007312719403538146,0.2804575277557461,0.009401629158485029,0.028787167212381174,"[[2170, 935], [1101, 1752]]","[[206, 139], [162, 155]]"
disclosure_x_bias,157,init_hard,TD_U,log_loss,0.6069984012037982,0.8983524704937549,0.6564277254525972,0.5498643147896879,0.007307944608843511,0.28043773969240676,0.010633438294591064,0.034492444558664015,"[[2169, 936], [1111, 1742]]","[[208, 137], [161, 156]]"
disclosure_x_bias,158,init_hard,TD_U,log_loss,0.6068827050180252,0.8984551360230688,0.6564277254525972,0.5468340117593848,0.007306808998565591,0.2803767894633738,0.010808496409688045,0.034773856667397476,"[[2170, 935], [1112, 1741]]","[[207, 138], [162, 155]]"
disclosure_x_bias,159,init_hard,TD_U,log_loss,0.6067594823878617,0.8983459140074931,0.6564277254525972,0.5468340117593848,0.007304182678708372,0.28047942146840127,0.0114274554665757,0.034773856667397476,"[[2170, 935], [1112, 1741]]","[[207, 138], [162, 155]]"
disclosure_x_bias,160,init_hard,TD_U,log_loss,0.6066420495319477,0.8984568131337977,0.6569313631492866,0.5453188602442334,0.007300593668517863,0.2803618857956853,0.011400034759726113,0.03368667705927253,"[[2173, 932], [1112, 1741]]","[[207, 138], [163, 154]]"
disclosure_x_bias,161,init_hard,TD_U,log_loss,0.6065134010771406,0.8987715261927148,0.6569313631492866,0.5438037087290819,0.007285974120780093,0.2806124942471841,0.010952225043067518,0.03003691374330314,"[[2173, 932], [1112, 1741]]","[[206, 139], [163, 154]]"
disclosure_x_bias,162,init_hard,TD_U,log_loss,0.6064005010177153,0.8986608393166214,0.6579380745586826,0.5422885572139303,0.007283117863620673,0.2807671571007422,0.008834286385196425,0.026749838231788774,"[[2169, 936], [1102, 1751]]","[[205, 140], [163, 154]]"
disclosure_x_bias,163,init_hard,TD_U,log_loss,0.6062804661979516,0.8987176810353692,0.6579380745586826,0.5422885572139303,0.007281404315319852,0.2806054433289564,0.008834286385196425,0.026749838231788774,"[[2168, 937], [1101, 1752]]","[[205, 140], [163, 154]]"
disclosure_x_bias,164,init_hard,TD_U,log_loss,0.6061634057017746,0.8988267279437026,0.6584419942473634,0.5422885572139303,0.007274869675679138,0.2805756294759822,0.009009187862201003,0.026749838231788774,"[[2170, 935], [1100, 1753]]","[[205, 140], [163, 154]]"
disclosure_x_bias,165,init_hard,TD_U,log_loss,0.6060534441413178,0.8990457700635055,0.658274209012464,0.5453188602442334,0.007270519845532482,0.2806305907493814,0.009005070124857392,0.03368667705927253,"[[2168, 937], [1099, 1754]]","[[205, 140], [161, 156]]"
disclosure_x_bias,166,init_hard,TD_U,log_loss,0.6059467161359249,0.8989275126391127,0.6584419942473634,0.5438037087290819,0.007265936351349313,0.2806743450669674,0.009009187862201003,0.025438949950240927,"[[2171, 934], [1101, 1752]]","[[206, 139], [163, 154]]"
disclosure_x_bias,167,init_hard,TD_U,log_loss,0.605836990310882,0.8989195095453134,0.658274209012464,0.5438037087290819,0.007263056967229896,0.28071415394439714,0.009005070124857392,0.025438949950240927,"[[2172, 933], [1103, 1750]]","[[206, 139], [163, 154]]"
disclosure_x_bias,168,init_hard,TD_U,log_loss,0.6057222797466328,0.8990483035784871,0.6584419942473634,0.5438037087290819,0.007267893698899369,0.28065018912251605,0.009009187862201003,0.025438949950240927,"[[2171, 934], [1101, 1752]]","[[206, 139], [163, 154]]"
disclosure_x_bias,169,init_hard,TD_U,log_loss,0.6056103893417992,0.8990988397419428,0.6579386385426653,0.5468340117593848,0.007265236454541953,0.28072821573988666,0.008594979979796562,0.03249885382492192,"[[2169, 936], [1102, 1751]]","[[206, 139], [161, 156]]"
disclosure_x_bias,170,init_hard,TD_U,log_loss,0.6054990566452993,0.8994128642434038,0.6586097794822627,0.5438037087290819,0.007264238618302923,0.2807855236839357,0.009079002096366418,0.028287555252476754,"[[2169, 936], [1098, 1755]]","[[205, 140], [162, 155]]"
disclosure_x_bias,171,init_hard,TD_U,log_loss,0.6053864599317713,0.8993675083325027,0.6581064237775648,0.5422885572139303,0.007262041512665126,0.28062850692487434,0.008786408000590983,0.026749838231788774,"[[2172, 933], [1104, 1749]]","[[205, 140], [163, 154]]"
disclosure_x_bias,172,init_hard,TD_U,log_loss,0.6052823667358368,0.8995942241047825,0.6581064237775648,0.5468340117593848,0.0072588241093510504,0.28074505745809397,0.008678950006548473,0.034773856667397504,"[[2167, 938], [1099, 1754]]","[[205, 140], [160, 157]]"
disclosure_x_bias,173,init_hard,TD_U,log_loss,0.6051649079872892,0.8996393794440565,0.658274209012464,0.5453188602442334,0.007261027763422584,0.28072832065325204,0.008865037967846337,0.037280936468220456,"[[2166, 939], [1097, 1756]]","[[204, 141], [160, 157]]"
disclosure_x_bias,174,init_hard,TD_U,log_loss,0.6050584059659527,0.8996766449190667,0.658274209012464,0.5498417005879692,0.0072595741816738535,0.2807386144558539,0.008430998091841259,0.036245360125381605,"[[2163, 942], [1094, 1759]]","[[205, 140], [158, 159]]"
disclosure_x_bias,175,init_hard,TD_U,log_loss,0.6049451938401813,0.899522428057978,0.658441712255372,0.5468113975576662,0.007256553962037819,0.2809225498136455,0.008811166585686946,0.040486509327259404,"[[2161, 944], [1091, 1762]]","[[204, 141], [159, 158]]"
disclosure_x_bias,176,init_hard,TD_U,log_loss,0.6048399180294934,0.8996248616757019,0.65928092042186,0.5468113975576662,0.007252706244456566,0.2807250324591348,0.00951979308347176,0.037203244816205135,"[[2169, 936], [1094, 1759]]","[[205, 140], [160, 157]]"
disclosure_x_bias,177,init_hard,TD_U,log_loss,0.6047323636544844,0.8995319299558769,0.6589453499520614,0.5468113975576662,0.007246869417548927,0.28074044198205084,0.00934278103211762,0.035086120008679104,"[[2172, 933], [1099, 1754]]","[[205, 140], [160, 157]]"
disclosure_x_bias,178,init_hard,TD_U,log_loss,0.6046264075330094,0.8997009750322558,0.6589450679600699,0.5468340117593848,0.00724053989881077,0.2805522896181672,0.009420451238091234,0.034773856667397476,"[[2168, 937], [1095, 1758]]","[[205, 140], [160, 157]]"
disclosure_x_bias,179,init_hard,TD_U,log_loss,0.6045126946708141,0.899554452491811,0.6589453499520614,0.5513342379014021,0.00723944332687293,0.28077351560554614,0.009173852526953628,0.03732903870147658,"[[2164, 941], [1091, 1762]]","[[206, 139], [158, 159]]"
disclosure_x_bias,180,init_hard,TD_U,log_loss,0.6044075109306078,0.8996582538197238,0.6589450679600699,0.5468113975576662,0.007238036354782598,0.28065994780872056,0.009586132427294065,0.035086120008679104,"[[2172, 933], [1099, 1754]]","[[206, 139], [161, 156]]"
disclosure_x_bias,181,init_hard,TD_U,log_loss,0.6043023958011176,0.8995606044241914,0.6594487056567593,0.5468340117593848,0.007231471600868242,0.28073999636904573,0.009795695834276157,0.03621120700260367,"[[2168, 937], [1092, 1761]]","[[204, 141], [159, 158]]"
disclosure_x_bias,182,init_hard,TD_U,log_loss,0.6041862086297595,0.8995804912995314,0.65928092042186,0.5483265490728177,0.007227435453675083,0.28073916189242215,0.009779122655770333,0.0367621345661955,"[[2168, 937], [1093, 1760]]","[[205, 140], [159, 158]]"
disclosure_x_bias,183,init_hard,TD_U,log_loss,0.6040725396767848,0.8994739013966534,0.6591134171789521,0.5513116236996833,0.00721435515566582,0.2805897939898013,0.00945455922382762,0.03956666079337159,"[[2168, 937], [1094, 1759]]","[[205, 140], [157, 160]]"
disclosure_x_bias,184,init_hard,TD_U,log_loss,0.6039722165883487,0.8996316536844914,0.6592812024138515,0.5482813206693804,0.007209670522881248,0.2805482073485137,0.00924101615414254,0.03863584870447795,"[[2172, 933], [1097, 1756]]","[[205, 140], [159, 158]]"
disclosure_x_bias,185,init_hard,TD_U,log_loss,0.6038584716571196,0.8998712832550304,0.6591134171789521,0.5513116236996833,0.007200456796320427,0.28048963245188085,0.009651024546141572,0.03956666079337159,"[[2169, 936], [1095, 1758]]","[[205, 140], [157, 160]]"
disclosure_x_bias,186,init_hard,TD_U,log_loss,0.6037567072508179,0.899849681820417,0.6601204105803395,0.5467661691542288,0.007196161116218525,0.28056969665902975,0.009646252671901251,0.04096643767172271,"[[2176, 929], [1096, 1757]]","[[204, 141], [159, 158]]"
disclosure_x_bias,187,init_hard,TD_U,log_loss,0.6036535932988404,0.8998576435265135,0.6597848401105408,0.5497964721845319,0.007193220906897301,0.2804603703676599,0.009169587298881487,0.04196717642681755,"[[2168, 937], [1090, 1763]]","[[204, 141], [157, 160]]"
disclosure_x_bias,188,init_hard,TD_U,log_loss,0.6035310020767755,0.8992672810273241,0.6602890417912131,0.5497964721845319,0.0071385789533778745,0.2786931890632612,0.009647738102383275,0.04196717642681755,"[[2168, 937], [1087, 1766]]","[[204, 141], [157, 160]]"
disclosure_x_bias,189,init_hard,TD_U,log_loss,0.6034177985316367,0.8994095872060418,0.6606243302690203,0.5482813206693804,0.007127436936346406,0.2787645265784299,0.009486108620919127,0.04119210622481848,"[[2172, 933], [1089, 1764]]","[[204, 141], [158, 159]]"
disclosure_x_bias,190,init_hard,TD_U,log_loss,0.6033080412244106,0.8992266606505808,0.6606243302690203,0.5482813206693804,0.007122266844667155,0.2788663320726102,0.009999790792653824,0.04119210622481848,"[[2171, 934], [1088, 1765]]","[[204, 141], [158, 159]]"
disclosure_x_bias,191,init_hard,TD_U,log_loss,0.6031960900824027,0.8995064280193951,0.6604565450341211,0.5467661691542288,0.007128741276630033,0.2789419042800373,0.009879643107681118,0.04096643767172271,"[[2175, 930], [1093, 1760]]","[[204, 141], [159, 158]]"
disclosure_x_bias,192,init_hard,TD_U,log_loss,0.6030752467345872,0.8996352149165135,0.6606243302690203,0.5482813206693804,0.007146239904786327,0.278798977857924,0.009905504710016699,0.04119210622481848,"[[2169, 936], [1086, 1767]]","[[204, 141], [158, 159]]"
disclosure_x_bias,193,init_hard,TD_U,log_loss,0.6029585313840082,0.8995666091151767,0.6609601827308105,0.5467661691542288,0.007160708131875891,0.2789017970793247,0.010186185604594522,0.04096643767172271,"[[2172, 933], [1087, 1766]]","[[204, 141], [159, 158]]"
disclosure_x_bias,194,init_hard,TD_U,log_loss,0.6028541876311426,0.8997249013309411,0.6606246122610118,0.5482813206693804,0.007158095060918886,0.27867484933603787,0.010328431638594123,0.04119210622481848,"[[2169, 936], [1086, 1767]]","[[204, 141], [158, 159]]"
disclosure_x_bias,195,init_hard,TD_U,log_loss,0.6027559571253462,0.8994614645208368,0.6611279679657097,0.5467661691542288,0.00715382175269517,0.27899533770823576,0.010563590193058952,0.04096643767172271,"[[2173, 932], [1087, 1766]]","[[204, 141], [159, 158]]"
disclosure_x_bias,196,init_hard,TD_U,log_loss,0.60265574005892,0.899675665112523,0.6607923974959111,0.5482813206693804,0.007149171095955445,0.2788630198217931,0.010440416811019643,0.04119210622481848,"[[2169, 936], [1085, 1768]]","[[204, 141], [158, 159]]"
disclosure_x_bias,197,init_hard,TD_U,log_loss,0.6025543854511588,0.8998010156028403,0.6609599007388189,0.5467661691542288,0.007142825690510849,0.2789104811063256,0.009263754596261022,0.04096643767172271,"[[2166, 939], [1081, 1772]]","[[204, 141], [159, 158]]"
disclosure_x_bias,198,init_hard,TD_U,log_loss,0.602456188129121,0.8998836526273155,0.6612951892166262,0.5482813206693804,0.007139909730220781,0.2787294071499788,0.009733383879397768,0.04119210622481848,"[[2171, 934], [1084, 1769]]","[[204, 141], [158, 159]]"
disclosure_x_bias,199,init_hard,TD_U,log_loss,0.6023460880548094,0.9000958716150921,0.6616318876543905,0.5513116236996833,0.007126722603316811,0.278823547068118,0.0099323452883718,0.042066393432990484,"[[2165, 940], [1076, 1777]]","[[204, 141], [156, 161]]"
disclosure_x_bias,200,init_hard,TD_U,log_loss,0.60224190190006,0.9001708658589933,0.6617993908972986,0.5497964721845319,0.0071205744486176935,0.2787373943142391,0.010039877093568366,0.041354911373490774,"[[2167, 938], [1077, 1776]]","[[204, 141], [157, 160]]"
disclosure_x_bias,201,init_hard,TD_U,log_loss,0.6021337803122837,0.9003157312371608,0.6616318876543906,0.5513116236996833,0.007120074129588639,0.27883220710327383,0.010088581176520504,0.042066393432990484,"[[2165, 940], [1076, 1777]]","[[204, 141], [156, 161]]"
disclosure_x_bias,202,init_hard,TD_U,log_loss,0.6020196626815542,0.9002459026434545,0.6617999548812814,0.5513116236996833,0.007119589605398334,0.2788597207326106,0.010327748125342248,0.042066393432990484,"[[2163, 942], [1073, 1780]]","[[204, 141], [156, 161]]"
disclosure_x_bias,203,init_hard,TD_U,log_loss,0.6019187185296748,0.9004091737622361,0.6619671761321978,0.5513116236996833,0.007122291520285074,0.27872482558055595,0.010196345750757911,0.042066393432990484,"[[2164, 941], [1073, 1780]]","[[204, 141], [156, 161]]"
disclosure_x_bias,204,init_hard,TD_U,log_loss,0.6018226879582194,0.9005242220811395,0.6612954712086176,0.5513116236996833,0.007116617385269558,0.2788063335761602,0.01049884736363596,0.042066393432990484,"[[2161, 944], [1074, 1779]]","[[204, 141], [156, 161]]"
disclosure_x_bias,205,init_hard,TD_U,log_loss,0.6017260873400364,0.9006353834858487,0.6614638204274998,0.5513116236996833,0.007111117294269245,0.27883854487332066,0.01027723784004676,0.042066393432990484,"[[2162, 943], [1074, 1779]]","[[204, 141], [156, 161]]"
disclosure_x_bias,206,init_hard,TD_U,log_loss,0.6016301493365327,0.9007187192491986,0.6623030285939879,0.5497964721845319,0.007107313415312747,0.2787171549351028,0.010480011756841634,0.041354911373490774,"[[2166, 939], [1073, 1780]]","[[204, 141], [157, 160]]"
disclosure_x_bias,207,init_hard,TD_U,log_loss,0.6015281033826633,0.9007133389749772,0.6619671761321978,0.5497964721845319,0.007104806279047784,0.2787186575372236,0.010675908663807857,0.041354911373490774,"[[2168, 937], [1077, 1776]]","[[204, 141], [157, 160]]"
disclosure_x_bias,208,init_hard,TD_U,log_loss,0.601434222601398,0.9006958286729088,0.6624708138288873,0.5513116236996833,0.007101475315338681,0.2786378301796861,0.009856059076524456,0.04020616680147565,"[[2171, 934], [1077, 1776]]","[[205, 140], [157, 160]]"
disclosure_x_bias,209,init_hard,TD_U,log_loss,0.6013321327831466,0.9007520261133518,0.6624705318368959,0.5513116236996833,0.007098733842354074,0.2787371312100946,0.009835725618967853,0.04020616680147565,"[[2171, 934], [1077, 1776]]","[[205, 140], [157, 160]]"
disclosure_x_bias,210,init_hard,TD_U,log_loss,0.6012327751458607,0.9007699295637707,0.6624705318368959,0.5513116236996833,0.007096697708606609,0.2786449917435845,0.009545214583317425,0.04020616680147565,"[[2171, 934], [1077, 1776]]","[[205, 140], [157, 160]]"
disclosure_x_bias,211,init_hard,TD_U,log_loss,0.6011289808887765,0.9007971052675037,0.6626385990637866,0.5513116236996833,0.0070938627448932715,0.278606963175265,0.009907256869291165,0.04020616680147565,"[[2170, 935], [1075, 1778]]","[[205, 140], [157, 160]]"
disclosure_x_bias,212,init_hard,TD_U,log_loss,0.6010291858681628,0.9006886944347045,0.6626385990637866,0.5497964721845319,0.007096593905265241,0.27844451847164453,0.009781656992098034,0.04010234768250568,"[[2174, 931], [1079, 1774]]","[[204, 141], [157, 160]]"
disclosure_x_bias,213,init_hard,TD_U,log_loss,0.6009327169112052,0.9008893977882245,0.6626385990637866,0.5513116236996833,0.0070965037853288546,0.2785081811624706,0.009454912714365457,0.04020616680147565,"[[2169, 936], [1074, 1779]]","[[205, 140], [157, 160]]"
disclosure_x_bias,214,init_hard,TD_U,log_loss,0.6008380606500109,0.9009150823925047,0.6634772432462918,0.5482813206693804,0.0070916780689685216,0.2785081401284523,0.009284797570241624,0.04119210622481848,"[[2175, 930], [1075, 1778]]","[[204, 141], [158, 159]]"
disclosure_x_bias,215,init_hard,TD_U,log_loss,0.600746449398699,0.9009518252032931,0.6638133777000733,0.5482813206693804,0.007088145124992093,0.2782162881429732,0.009089350093629916,0.04119210622481848,"[[2173, 932], [1071, 1782]]","[[204, 141], [158, 159]]"
disclosure_x_bias,216,init_hard,TD_U,log_loss,0.6006526403800249,0.9007868844689296,0.6643172973887541,0.5482813206693804,0.007084419272465269,0.2783402964765888,0.009104646721212174,0.04119210622481848,"[[2175, 930], [1070, 1783]]","[[204, 141], [158, 159]]"
disclosure_x_bias,217,init_hard,TD_U,log_loss,0.600557165096444,0.9010968323439673,0.6643172973887541,0.5467661691542288,0.007082385844861416,0.27816728494093995,0.008646492070533193,0.042793628300276276,"[[2172, 933], [1067, 1786]]","[[203, 142], [158, 159]]"
disclosure_x_bias,218,init_hard,TD_U,log_loss,0.6004615910743926,0.9010238017385446,0.6653237268061587,0.5482813206693804,0.007081567794125595,0.2780966749548672,0.00804378589242262,0.04119210622481848,"[[2175, 930], [1064, 1789]]","[[204, 141], [158, 159]]"
disclosure_x_bias,219,init_hard,TD_U,log_loss,0.6003640706355388,0.9012241728062504,0.6649884383283514,0.5467661691542288,0.007077602620822933,0.27820972646990133,0.007501164339773031,0.040338986266151886,"[[2175, 930], [1066, 1787]]","[[203, 142], [158, 159]]"
disclosure_x_bias,220,init_hard,TD_U,log_loss,0.6002687995517098,0.9010217890927403,0.66465230387457,0.5482813206693804,0.0070804552760389385,0.2782072663377842,0.00829963107880596,0.04119210622481848,"[[2172, 933], [1065, 1788]]","[[204, 141], [158, 159]]"
disclosure_x_bias,221,init_hard,TD_U,log_loss,0.6001776618151948,0.901078891545555,0.6653242907901415,0.5482813206693804,0.007077043632630754,0.27811258489853125,0.008325270496286575,0.04056814529537153,"[[2176, 929], [1065, 1788]]","[[204, 141], [158, 159]]"
disclosure_x_bias,222,init_hard,TD_U,log_loss,0.6000837620279347,0.9008639932021252,0.6648200891094693,0.5482813206693804,0.007071872020864022,0.2782428622642145,0.008423723921964886,0.04119210622481848,"[[2178, 927], [1070, 1783]]","[[205, 140], [159, 158]]"
disclosure_x_bias,223,init_hard,TD_U,log_loss,0.5999880144902747,0.901020403665105,0.6648209350854436,0.5482813206693804,0.007074888066354241,0.2784350998512066,0.007519390440384417,0.04300971079683969,"[[2170, 935], [1062, 1791]]","[[203, 142], [157, 160]]"
disclosure_x_bias,224,init_hard,TD_U,log_loss,0.5998967191246779,0.9009167194913313,0.6651559415712593,0.5467661691542288,0.007072883685272339,0.27830342861895546,0.008424300572681372,0.042193357540871904,"[[2172, 933], [1062, 1791]]","[[203, 142], [158, 159]]"
disclosure_x_bias,225,init_hard,TD_U,log_loss,0.5998050571765198,0.9009161208790065,0.6659959957137217,0.5467661691542288,0.007070596773582687,0.27845467528272433,0.008340428765080416,0.042793628300276276,"[[2174, 931], [1059, 1794]]","[[202, 143], [157, 160]]"
disclosure_x_bias,226,init_hard,TD_U,log_loss,0.5997081412722841,0.9010821494472161,0.6656598612599403,0.5467661691542288,0.0070692171856748705,0.2785544001101357,0.008862989902797474,0.04096643767172271,"[[2180, 925], [1067, 1786]]","[[204, 141], [159, 158]]"
disclosure_x_bias,227,init_hard,TD_U,log_loss,0.5996038315824418,0.9011271767061206,0.6656598612599403,0.5482813206693804,0.00706475354303286,0.2784903717778963,0.008465873736119888,0.04300971079683969,"[[2174, 931], [1061, 1792]]","[[203, 142], [157, 160]]"
disclosure_x_bias,228,init_hard,TD_U,log_loss,0.5994968634606738,0.9013892035931491,0.6658276464948395,0.5452510176390774,0.007068491170261865,0.2785022403657747,0.00885298664039374,0.041912257164142735,"[[2179, 926], [1065, 1788]]","[[202, 143], [158, 159]]"
disclosure_x_bias,229,init_hard,TD_U,log_loss,0.5994004861494162,0.9014161077043518,0.6658273645028482,0.5452510176390774,0.007067711994354657,0.27835689603676433,0.00879472951631798,0.041912257164142735,"[[2180, 925], [1066, 1787]]","[[202, 143], [158, 159]]"
disclosure_x_bias,230,init_hard,TD_U,log_loss,0.5993037456212568,0.9014638968936757,0.6661632169646382,0.5452510176390774,0.007075088945667483,0.2783665905103944,0.009237988279049111,0.041912257164142735,"[[2180, 925], [1064, 1789]]","[[202, 143], [158, 159]]"
disclosure_x_bias,231,init_hard,TD_U,log_loss,0.5992001801683504,0.9015044933326035,0.6663318481755118,0.5452510176390774,0.007084047616360196,0.27813920117409874,0.008362368124403599,0.041912257164142735,"[[2180, 925], [1063, 1790]]","[[202, 143], [158, 159]]"
disclosure_x_bias,232,init_hard,TD_U,log_loss,0.5991080238282931,0.9014008608603643,0.6659951497377474,0.5452510176390774,0.007085032549069201,0.2782749032455117,0.009727503460634716,0.041912257164142735,"[[2178, 927], [1063, 1790]]","[[202, 143], [158, 159]]"
disclosure_x_bias,233,init_hard,TD_U,log_loss,0.5990184104451369,0.9013766511183847,0.6670029891151091,0.5452510176390774,0.007079931506300188,0.27820808940973796,0.009373466411537036,0.040044870994949765,"[[2185, 920], [1064, 1789]]","[[203, 142], [159, 158]]"
disclosure_x_bias,234,init_hard,TD_U,log_loss,0.5989248281713246,0.9015623628472442,0.6666665726693362,0.5437358661239258,0.0070748883508944,0.278080121827234,0.009030817683944033,0.041567940294914514,"[[2185, 920], [1066, 1787]]","[[202, 143], [159, 158]]"
disclosure_x_bias,235,init_hard,TD_U,log_loss,0.5988356700624847,0.9016238942909446,0.6663304382155546,0.5437358661239258,0.007072324785728421,0.278260585608889,0.009736960872246146,0.041567940294914514,"[[2181, 924], [1064, 1789]]","[[202, 143], [159, 158]]"
disclosure_x_bias,236,init_hard,TD_U,log_loss,0.5987469687182663,0.901870219117515,0.6670021431391349,0.5437358661239258,0.007069781690058625,0.2781138269337729,0.009441732916952043,0.041567940294914514,"[[2181, 924], [1060, 1793]]","[[202, 143], [159, 158]]"
disclosure_x_bias,237,init_hard,TD_U,log_loss,0.5986433214803843,0.9019285370285959,0.6673377136089335,0.5437358661239258,0.007072852097348272,0.2780964054012982,0.00923179180393285,0.041567940294914514,"[[2182, 923], [1059, 1794]]","[[202, 143], [159, 158]]"
disclosure_x_bias,238,init_hard,TD_U,log_loss,0.5985458478628704,0.9019159456945088,0.6668340759122441,0.5437358661239258,0.007074713129846706,0.27809173172720464,0.009808862893170374,0.041567940294914514,"[[2180, 925], [1060, 1793]]","[[202, 143], [159, 158]]"
disclosure_x_bias,239,init_hard,TD_U,log_loss,0.5984481245884348,0.9018620900350192,0.6671702103660256,0.5437358661239258,0.007073748477443601,0.2783020373023493,0.009225985656118468,0.041567940294914514,"[[2182, 923], [1060, 1793]]","[[202, 143], [159, 158]]"
disclosure_x_bias,240,init_hard,TD_U,log_loss,0.5983328221453191,0.9012934002904227,0.6673374316169421,0.5437358661239258,0.007032156277542022,0.2765346589167081,0.00967381944666241,0.041567940294914514,"[[2179, 926], [1056, 1797]]","[[202, 143], [159, 158]]"
disclosure_x_bias,241,init_hard,TD_U,log_loss,0.5982444198255552,0.901294202631504,0.6664982234504541,0.5437358661239258,0.007030505287714887,0.27643262750097275,0.009583804378781733,0.041567940294914514,"[[2178, 927], [1060, 1793]]","[[202, 143], [159, 158]]"
disclosure_x_bias,242,init_hard,TD_U,log_loss,0.5981560705433322,0.9013011620811376,0.6670018611471434,0.5452284034373587,0.007025043193082122,0.2763878274927432,0.009385712081601714,0.04389628269406333,"[[2175, 930], [1054, 1799]]","[[202, 143], [158, 159]]"
disclosure_x_bias,243,init_hard,TD_U,log_loss,0.598062187309408,0.9012652570292772,0.6680091365405223,0.542243328810493,0.007020221067013349,0.2762755764274293,0.009690500886860135,0.039666825421324284,"[[2187, 918], [1060, 1793]]","[[202, 143], [160, 157]]"
disclosure_x_bias,244,init_hard,TD_U,log_loss,0.59797177717494,0.9013633222313656,0.6675054988438329,0.5452284034373587,0.007018797411147609,0.27625096207672123,0.009014983210623604,0.04389628269406333,"[[2180, 925], [1056, 1797]]","[[202, 143], [158, 159]]"
disclosure_x_bias,245,init_hard,TD_U,log_loss,0.5978762458069374,0.9013491069008124,0.6681774857594045,0.542243328810493,0.007018462896041697,0.2762744727010208,0.00934951746246054,0.039666825421324284,"[[2189, 916], [1061, 1792]]","[[202, 143], [160, 157]]"
disclosure_x_bias,246,init_hard,TD_U,log_loss,0.5977852037016971,0.9012457360473627,0.6680094185325137,0.545273631840796,0.007019424366752118,0.27645059999332167,0.008940051486236956,0.04107199481478666,"[[2184, 921], [1057, 1796]]","[[202, 143], [158, 159]]"
disclosure_x_bias,247,init_hard,TD_U,log_loss,0.5976820545910471,0.9014947539622933,0.6680099825164966,0.5437584803256444,0.007020987810854603,0.27639654269298186,0.008916915649482096,0.040090223962921216,"[[2184, 921], [1057, 1796]]","[[202, 143], [159, 158]]"
disclosure_x_bias,248,init_hard,TD_U,log_loss,0.5975897789834967,0.9014677541050921,0.6676732840787322,0.5467435549525101,0.00701354666894291,0.2763434426048008,0.009070906232140812,0.044165618940857965,"[[2177, 928], [1052, 1801]]","[[202, 143], [157, 160]]"
disclosure_x_bias,249,init_hard,TD_U,log_loss,0.5975048866582768,0.9014734832877004,0.6686808414641024,0.542243328810493,0.007010356674776584,0.276242375641264,0.009159527914413539,0.039666825421324284,"[[2189, 916], [1058, 1795]]","[[202, 143], [160, 157]]"
disclosure_x_bias,250,init_hard,TD_U,log_loss,0.5974201480435335,0.9014488154850124,0.6685127742372117,0.5482587064676616,0.007008220804799432,0.27627782069360607,0.009240222633300658,0.04494701147772049,"[[2180, 925], [1050, 1803]]","[[202, 143], [156, 161]]"
disclosure_x_bias,251,init_hard,TD_U,log_loss,0.5973165414308598,0.9015327488106051,0.6688489086909932,0.542243328810493,0.007015301916829292,0.2765224724523739,0.008831624799286023,0.039666825421324284,"[[2191, 914], [1059, 1794]]","[[202, 143], [160, 157]]"
disclosure_x_bias,252,init_hard,TD_U,log_loss,0.5972245748089476,0.9014811749894955,0.6690166939258925,0.5452510176390774,0.007015974079616314,0.27633320630706965,0.009138539008952878,0.04251649683503552,"[[2190, 915], [1057, 1796]]","[[202, 143], [158, 159]]"
disclosure_x_bias,253,init_hard,TD_U,log_loss,0.5971390046263869,0.9013404760185567,0.669016975917884,0.5437358661239258,0.007013559925054237,0.27637983893706675,0.00795482317512427,0.041567940294914514,"[[2192, 913], [1059, 1794]]","[[202, 143], [159, 158]]"
disclosure_x_bias,254,init_hard,TD_U,log_loss,0.5970377466815534,0.9014019066635444,0.6688491906829845,0.5437358661239258,0.007001024178251592,0.2763514261124062,0.007763144211553361,0.041567940294914514,"[[2192, 913], [1060, 1793]]","[[202, 143], [159, 158]]"
disclosure_x_bias,255,init_hard,TD_U,log_loss,0.5969484476366678,0.9013835565148443,0.6695208956065648,0.5422207146087743,0.007000923136073774,0.27635492807010764,0.008156516974570262,0.038600358673922586,"[[2192, 913], [1056, 1797]]","[[202, 143], [160, 157]]"
disclosure_x_bias,256,init_hard,TD_U,log_loss,0.5968564756849198,0.901404399764089,0.6690172579098753,0.5437358661239258,0.006998911138580369,0.2765283576887808,0.007981803389242762,0.041567940294914514,"[[2192, 913], [1059, 1794]]","[[202, 143], [159, 158]]"
disclosure_x_bias,257,init_hard,TD_U,log_loss,0.5967683936412105,0.901548296660531,0.6691847611527832,0.5437358661239258,0.006992731271537444,0.27658773409042886,0.008252650970308847,0.041567940294914514,"[[2190, 915], [1056, 1797]]","[[202, 143], [159, 158]]"
disclosure_x_bias,258,init_hard,TD_U,log_loss,0.5966834786150326,0.9015705405046279,0.669352828379674,0.5437358661239258,0.006991224319886575,0.27659965166214817,0.008813607094404074,0.041567940294914514,"[[2191, 914], [1056, 1797]]","[[202, 143], [159, 158]]"
disclosure_x_bias,259,init_hard,TD_U,log_loss,0.5965848351174348,0.9018352018170914,0.6693525463876826,0.542243328810493,0.006977732169630423,0.27651164444366705,0.008681769080416214,0.039666825421324284,"[[2191, 914], [1056, 1797]]","[[201, 144], [159, 158]]"
disclosure_x_bias,260,init_hard,TD_U,log_loss,0.5964992607421308,0.901916850054916,0.6695206136145734,0.542243328810493,0.006975090618519179,0.2764944900307404,0.008433310598640735,0.039666825421324284,"[[2191, 914], [1055, 1798]]","[[201, 144], [159, 158]]"
disclosure_x_bias,261,init_hard,TD_U,log_loss,0.5964131139465281,0.9019516460976078,0.6693525463876826,0.542243328810493,0.006975398695949927,0.27652570334080906,0.008161785964347763,0.039666825421324284,"[[2191, 914], [1056, 1797]]","[[201, 144], [159, 158]]"
disclosure_x_bias,262,init_hard,TD_U,log_loss,0.596317967307602,0.9017251070447827,0.669856184084372,0.542243328810493,0.006982447765084114,0.2765715127204639,0.008715359408421752,0.039666825421324284,"[[2192, 913], [1054, 1799]]","[[201, 144], [159, 158]]"
disclosure_x_bias,263,init_hard,TD_U,log_loss,0.5962270571549105,0.9019475982201648,0.6696878348654899,0.542243328810493,0.006985869738910526,0.27644027637273405,0.0086184326014675,0.039666825421324284,"[[2193, 912], [1056, 1797]]","[[201, 144], [159, 158]]"
disclosure_x_bias,264,init_hard,TD_U,log_loss,0.5961403016802395,0.9018771079906023,0.6698559020923807,0.5437358661239258,0.006983785895184342,0.27648221030538706,0.008762376197367475,0.041567940294914514,"[[2192, 913], [1054, 1799]]","[[202, 143], [159, 158]]"
disclosure_x_bias,265,init_hard,TD_U,log_loss,0.5960569750996034,0.9020301787830917,0.6696878348654899,0.542243328810493,0.006982815810238008,0.27660140444161874,0.007698249269320013,0.039666825421324284,"[[2194, 911], [1057, 1796]]","[[201, 144], [159, 158]]"
disclosure_x_bias,266,init_hard,TD_U,log_loss,0.5959733276006993,0.901963479615348,0.6701914725621793,0.542243328810493,0.006980449889784519,0.2765434065224729,0.008809789170137992,0.039666825421324284,"[[2195, 910], [1055, 1798]]","[[201, 144], [159, 158]]"
disclosure_x_bias,267,init_hard,TD_U,log_loss,0.5958899297438325,0.9020456522641954,0.6700234053352885,0.5407281772953414,0.0069780709016626615,0.27660200835291776,0.008491635393155485,0.036476371670439024,"[[2191, 914], [1052, 1801]]","[[201, 144], [160, 157]]"
disclosure_x_bias,268,init_hard,TD_U,log_loss,0.595803424098861,0.9021683254982662,0.6706948282668772,0.5407281772953414,0.006974264067890448,0.2764917441596544,0.009217466203552183,0.036476371670439024,"[[2195, 910], [1052, 1801]]","[[201, 144], [160, 157]]"
disclosure_x_bias,269,init_hard,TD_U,log_loss,0.5957196278528277,0.9021439124510794,0.6706948282668772,0.542243328810493,0.006972093449265675,0.2764038248790588,0.008871623794887915,0.03700535405700643,"[[2191, 914], [1048, 1805]]","[[201, 144], [159, 158]]"
disclosure_x_bias,270,init_hard,TD_U,log_loss,0.5956241371225179,0.9021999712254514,0.6708620495177937,0.5407281772953414,0.006968843511657077,0.2764442778273675,0.009023869979855138,0.036476371670439024,"[[2195, 910], [1051, 1802]]","[[201, 144], [160, 157]]"
disclosure_x_bias,271,init_hard,TD_U,log_loss,0.5955397696365066,0.9022290926632767,0.6717026676442389,0.542243328810493,0.0069670561765628565,0.2762189088900905,0.008564356586354165,0.037688346095507544,"[[2200, 905], [1051, 1802]]","[[201, 144], [159, 158]]"
disclosure_x_bias,272,init_hard,TD_U,log_loss,0.5954588466898012,0.9021739316559471,0.6710301167446844,0.5407281772953414,0.006963975337166994,0.27654974096503787,0.00910306731714753,0.036476371670439024,"[[2197, 908], [1052, 1801]]","[[201, 144], [160, 157]]"
disclosure_x_bias,273,init_hard,TD_U,log_loss,0.5953753875225216,0.9023708677562512,0.6717026676442389,0.542243328810493,0.0069620367469863135,0.27649256308680276,0.008152707025096781,0.03700535405700643,"[[2199, 906], [1050, 1803]]","[[201, 144], [159, 158]]"
disclosure_x_bias,274,init_hard,TD_U,log_loss,0.5952889873332137,0.9022778208919077,0.6711981839715752,0.542243328810493,0.006956437181323109,0.27653919579255043,0.00897064418948195,0.037688346095507544,"[[2196, 909], [1050, 1803]]","[[201, 144], [159, 158]]"
disclosure_x_bias,275,init_hard,TD_U,log_loss,0.5952096755319316,0.9024677634979075,0.6717023856522475,0.542243328810493,0.006954203352900228,0.2766013561950779,0.007892602538977007,0.037688346095507544,"[[2200, 905], [1051, 1802]]","[[201, 144], [159, 158]]"
disclosure_x_bias,276,init_hard,TD_U,log_loss,0.595118451329232,0.9022967171244856,0.6718704528791382,0.5437584803256444,0.00696266990260113,0.2766087593405432,0.007884131204667582,0.03677159290465143,"[[2200, 905], [1050, 1803]]","[[202, 143], [159, 158]]"
disclosure_x_bias,277,init_hard,TD_U,log_loss,0.595030839173534,0.9026575442692885,0.6713659692064745,0.545273631840796,0.006965460879846353,0.27629515631607526,0.007670509860323669,0.035039576699678804,"[[2195, 910], [1048, 1805]]","[[202, 143], [158, 159]]"
disclosure_x_bias,278,init_hard,TD_U,log_loss,0.5949370949491449,0.9027225635190625,0.6720382381140375,0.545273631840796,0.006974145724847681,0.27645549255942115,0.007601964096416634,0.035039576699678804,"[[2200, 905], [1049, 1804]]","[[202, 143], [158, 159]]"
disclosure_x_bias,279,init_hard,TD_U,log_loss,0.5948531636526015,0.9027750073807284,0.6722063053409283,0.545273631840796,0.006972303064837419,0.2764923918536488,0.007204631141229426,0.03850776477471062,"[[2202, 903], [1050, 1803]]","[[201, 144], [157, 160]]"
disclosure_x_bias,280,init_hard,TD_U,log_loss,0.5947591276110873,0.9026683264418413,0.672541875810727,0.5483039348710991,0.006971869729850332,0.2765355293634968,0.007482774470201321,0.03491113244052487,"[[2202, 903], [1048, 1805]]","[[202, 143], [156, 161]]"
disclosure_x_bias,281,init_hard,TD_U,log_loss,0.5946786495268684,0.902763772606575,0.6722063053409283,0.5467887833559475,0.0069710262491705565,0.2765783031234811,0.007204631141229426,0.0381496883774872,"[[2201, 904], [1049, 1804]]","[[201, 144], [156, 161]]"
disclosure_x_bias,282,init_hard,TD_U,log_loss,0.5945926259973933,0.902871635648163,0.672541875810727,0.5467887833559475,0.006970082667966902,0.2765639217425111,0.007482774470201321,0.035374254948733065,"[[2201, 904], [1047, 1806]]","[[201, 144], [156, 161]]"
disclosure_x_bias,283,init_hard,TD_U,log_loss,0.5945115674201908,0.9028746799223886,0.6725415938187356,0.5483039348710991,0.006970076787140222,0.27662638424734326,0.007783145051956627,0.03491113244052487,"[[2201, 904], [1047, 1806]]","[[202, 143], [156, 161]]"
disclosure_x_bias,284,init_hard,TD_U,log_loss,0.5944220280996482,0.9030084445843958,0.6727093790536348,0.545273631840796,0.006967219027838332,0.2764918437540157,0.007847790657402374,0.03715935337009699,"[[2201, 904], [1046, 1807]]","[[201, 144], [157, 160]]"
disclosure_x_bias,285,init_hard,TD_U,log_loss,0.5943407139471383,0.9029188093420055,0.672541875810727,0.5467887833559475,0.006964736143960736,0.276582928544288,0.007524460858922542,0.03881254856138329,"[[2200, 905], [1046, 1807]]","[[200, 145], [155, 162]]"
disclosure_x_bias,286,init_hard,TD_U,log_loss,0.5942516889110099,0.9029335872875748,0.6723738085838362,0.545273631840796,0.00696954015081852,0.2764557061277612,0.00775434802534593,0.0404461809759031,"[[2198, 907], [1045, 1808]]","[[200, 145], [156, 161]]"
disclosure_x_bias,287,init_hard,TD_U,log_loss,0.5941681647755799,0.9029301422360925,0.6718704528791382,0.545273631840796,0.006969801733324258,0.27659215042348445,0.007764602138081517,0.041071994814786635,"[[2200, 905], [1050, 1803]]","[[200, 145], [156, 161]]"
disclosure_x_bias,288,init_hard,TD_U,log_loss,0.5940858679587329,0.9029976661808284,0.6725415938187356,0.545273631840796,0.006958212506172983,0.27649402469066825,0.007742851506663206,0.03981053067977306,"[[2202, 903], [1048, 1805]]","[[201, 144], [157, 160]]"
disclosure_x_bias,289,init_hard,TD_U,log_loss,0.5939997733961019,0.9030565560372829,0.6720382381140375,0.545273631840796,0.006959557512258806,0.27652054926194214,0.007683817606784305,0.041071994814786635,"[[2200, 905], [1049, 1804]]","[[200, 145], [156, 161]]"
disclosure_x_bias,290,init_hard,TD_U,log_loss,0.5939185958251435,0.9030700591795636,0.6720382381140375,0.5483039348710991,0.00695890730129141,0.2765967890678383,0.007925369052160337,0.040962470519404166,"[[2197, 908], [1046, 1807]]","[[201, 144], [155, 162]]"
disclosure_x_bias,291,init_hard,TD_U,log_loss,0.5938409465183029,0.9030141033466188,0.6722060233489369,0.5467887833559475,0.006956186441172307,0.2766010481807834,0.008344049690289438,0.041357886018885875,"[[2197, 908], [1045, 1808]]","[[200, 145], [155, 162]]"
disclosure_x_bias,292,init_hard,TD_U,log_loss,0.5937634089285222,0.90320911141258,0.6725421578027184,0.5483039348710991,0.006953661291886439,0.2766110975518629,0.00738531557604103,0.039049691208279655,"[[2200, 905], [1046, 1807]]","[[201, 144], [155, 162]]"
disclosure_x_bias,293,init_hard,TD_U,log_loss,0.5936784476467606,0.9030343384973897,0.6722060233489369,0.5467887833559475,0.006957289593589766,0.2766337856451903,0.007921357660137735,0.03946427661012033,"[[2205, 900], [1053, 1800]]","[[200, 145], [155, 162]]"
disclosure_x_bias,294,init_hard,TD_U,log_loss,0.5935954258061594,0.9032128851645913,0.6722063053409284,0.5483039348710991,0.006957998765689855,0.27651613405811915,0.0077887787309064175,0.039049691208279655,"[[2203, 902], [1051, 1802]]","[[201, 144], [155, 162]]"
disclosure_x_bias,295,init_hard,TD_U,log_loss,0.5935153046524927,0.903142939004827,0.6720382381140376,0.5483039348710991,0.0069532380941437115,0.2765983591262383,0.008042247439077095,0.039049691208279655,"[[2199, 906], [1048, 1805]]","[[201, 144], [155, 162]]"
disclosure_x_bias,296,init_hard,TD_U,log_loss,0.5934288721636835,0.9033922825098815,0.6727090970616435,0.5513116236996833,0.006947796849282048,0.2763611812445433,0.008620222021733114,0.04083565906653688,"[[2201, 904], [1046, 1807]]","[[202, 143], [154, 163]]"
disclosure_x_bias,297,init_hard,TD_U,log_loss,0.5933406231440019,0.9032860616457044,0.6720379561220462,0.5513342379014021,0.006934217126544202,0.2763827324530136,0.007818708283253576,0.03996896221442021,"[[2195, 910], [1044, 1809]]","[[201, 144], [153, 164]]"
disclosure_x_bias,298,init_hard,TD_U,log_loss,0.5932449922608952,0.9033197353172685,0.6723735265918448,0.5483039348710991,0.006942679649149989,0.2763191950336796,0.0084245664682647,0.039049691208279655,"[[2204, 901], [1051, 1802]]","[[201, 144], [155, 162]]"
disclosure_x_bias,299,init_hard,TD_U,log_loss,0.5931477751661764,0.9032250495422709,0.672541875810727,0.5483039348710991,0.006944313612274467,0.2763221865191664,0.008201285646446605,0.039049691208279655,"[[2200, 905], [1046, 1807]]","[[201, 144], [155, 162]]"
disclosure_x_bias,300,init_hard,TD_U,log_loss,0.5930683098241297,0.9031503347212263,0.6727093790536349,0.5483039348710991,0.006944451398615525,0.2761380624293367,0.007887548139185756,0.039049691208279655,"[[2202, 903], [1047, 1806]]","[[201, 144], [155, 162]]"
disclosure_x_bias,1,init_hard,TD_U,exponential,27.0765760990323,30.113200949768732,0.6181583103039874,0.5468566259611036,14.862008298231043,33.90156910793008,0.02399627250590758,0.024994530524254606,"[[2030, 1075], [1200, 1653]]","[[209, 136], [164, 153]]"
disclosure_x_bias,2,init_hard,TD_U,exponential,27.091928534652446,30.21332883974108,0.6189986464384412,0.5468566259611036,14.858642343937564,34.15156882910767,0.022542693543351464,0.024994530524254606,"[[2037, 1068], [1202, 1651]]","[[209, 136], [164, 153]]"
disclosure_x_bias,3,init_hard,TD_U,exponential,27.039807444762015,30.03869485183457,0.6206779087473916,0.5483717774762551,14.869903726332176,34.055596162364466,0.022940269284554365,0.02634345820143053,"[[2048, 1057], [1203, 1650]]","[[210, 135], [164, 153]]"
disclosure_x_bias,4,init_hard,TD_U,exponential,26.92708521637786,30.125893301411075,0.6215165529298968,0.5483717774762551,14.804428410944043,34.29302418585275,0.02314324904939431,0.02634345820143053,"[[2053, 1052], [1203, 1650]]","[[210, 135], [164, 153]]"
disclosure_x_bias,5,init_hard,TD_U,exponential,26.9331620350072,30.097949856646107,0.6240364333652925,0.5438715513342378,14.812372239908905,34.26563212556051,0.02136093757999801,0.027877195430870284,"[[2084, 1021], [1219, 1634]]","[[210, 135], [167, 150]]"
disclosure_x_bias,6,init_hard,TD_U,exponential,26.82278885900704,29.9945092048553,0.6242045005921832,0.5438715513342378,14.764195899155641,34.501382719555345,0.02158236055978644,0.027877195430870284,"[[2085, 1020], [1219, 1634]]","[[210, 135], [167, 150]]"
disclosure_x_bias,7,init_hard,TD_U,exponential,26.54034154015192,29.710333410502066,0.6253792792284699,0.5438715513342378,14.696578837459928,34.49706912303537,0.02158905402542831,0.027877195430870284,"[[2092, 1013], [1219, 1634]]","[[210, 135], [167, 150]]"
disclosure_x_bias,8,init_hard,TD_U,exponential,26.529131383026247,29.68900233198343,0.6255470644633693,0.5438715513342378,14.681208180723852,34.47845268588792,0.021425055084503125,0.027877195430870284,"[[2097, 1008], [1223, 1630]]","[[210, 135], [167, 150]]"
disclosure_x_bias,9,init_hard,TD_U,exponential,26.540209651192093,29.757106274474843,0.6272249168123626,0.5544776119402985,14.677899460726248,34.679117918744495,0.017445556613574057,0.05151257809546473,"[[2066, 1039], [1182, 1671]]","[[209, 136], [159, 158]]"
disclosure_x_bias,10,init_hard,TD_U,exponential,26.503955068197246,29.721715521941668,0.6278960577519599,0.5544776119402985,14.65568725827079,34.64361442110977,0.016446884057227936,0.05151257809546473,"[[2073, 1032], [1185, 1668]]","[[209, 136], [159, 158]]"
disclosure_x_bias,11,init_hard,TD_U,exponential,26.29107694015193,29.46735945655464,0.6277279905250691,0.5544776119402985,14.625871682779154,34.64712353885495,0.016197842294226335,0.05151257809546473,"[[2070, 1035], [1183, 1670]]","[[209, 136], [159, 158]]"
disclosure_x_bias,12,init_hard,TD_U,exponential,26.247971022970184,29.3989925740174,0.6289024871693644,0.5544776119402985,14.626799017074564,34.87332443442563,0.014935296163352938,0.05151257809546473,"[[2094, 1011], [1200, 1653]]","[[211, 134], [161, 156]]"
disclosure_x_bias,13,init_hard,TD_U,exponential,26.213007440491726,29.389895602752432,0.6295739101009532,0.5575079149706015,14.599275601567118,34.884366423272425,0.015216766502907826,0.05278865485291557,"[[2099, 1006], [1201, 1652]]","[[213, 132], [161, 156]]"
disclosure_x_bias,14,init_hard,TD_U,exponential,26.197485237155973,29.385964367982133,0.630077265805651,0.559023066485753,14.587258137994157,34.88669669621131,0.01528592171778537,0.05262143276816594,"[[2104, 1001], [1203, 1650]]","[[214, 131], [161, 156]]"
disclosure_x_bias,15,init_hard,TD_U,exponential,25.998175872700035,29.249870998590808,0.630077265805651,0.559023066485753,14.546112731694027,34.93189048958187,0.01528592171778537,0.05262143276816594,"[[2105, 1000], [1204, 1649]]","[[214, 131], [161, 156]]"
disclosure_x_bias,16,init_hard,TD_U,exponential,25.971945418119816,29.245907799945115,0.6304131182674413,0.559023066485753,14.515611600343398,34.9229856761305,0.015107656744900746,0.05262143276816594,"[[2107, 998], [1204, 1649]]","[[214, 131], [161, 156]]"
disclosure_x_bias,17,init_hard,TD_U,exponential,25.88921323046153,29.145022092381303,0.6304131182674413,0.559023066485753,14.488041903226428,35.09625937970572,0.01510765674490076,0.05262143276816594,"[[2111, 994], [1208, 1645]]","[[215, 130], [162, 155]]"
disclosure_x_bias,18,init_hard,TD_U,exponential,25.884589729167583,29.01966211146841,0.630581185494332,0.5575305291723203,14.522737143457707,35.02675707350938,0.014884854663322485,0.054427058818320065,"[[2105, 1000], [1201, 1652]]","[[214, 131], [162, 155]]"
disclosure_x_bias,19,init_hard,TD_U,exponential,25.898708475108663,29.036203426464795,0.6307492527212227,0.5575305291723203,14.52719220975767,35.05558704092801,0.014677923430438486,0.054427058818320065,"[[2105, 1000], [1200, 1653]]","[[214, 131], [162, 155]]"
disclosure_x_bias,20,init_hard,TD_U,exponential,25.791767244975187,29.013724415542463,0.6304134002594326,0.5575305291723203,14.49418079250691,35.03438536264133,0.014376135414239828,0.054427058818320065,"[[2103, 1002], [1200, 1653]]","[[214, 131], [162, 155]]"
disclosure_x_bias,21,init_hard,TD_U,exponential,25.677257223983695,28.863980122382976,0.6305814674863234,0.5575305291723203,14.4562867466637,35.06029086616996,0.014621908750319703,0.054427058818320065,"[[2106, 999], [1202, 1651]]","[[214, 131], [162, 155]]"
disclosure_x_bias,22,init_hard,TD_U,exponential,25.674136858221953,28.940669203302196,0.6309170379561221,0.5575305291723203,14.435068787695633,35.230549589376956,0.014774007313641048,0.054427058818320065,"[[2106, 999], [1200, 1653]]","[[214, 131], [162, 155]]"
disclosure_x_bias,23,init_hard,TD_U,exponential,25.68551372900719,28.924475802250566,0.6312526084259207,0.5575305291723203,14.434977203224326,35.2147553682284,0.015083000672632135,0.054427058818320065,"[[2109, 996], [1201, 1652]]","[[214, 131], [162, 155]]"
disclosure_x_bias,24,init_hard,TD_U,exponential,25.602831695412032,28.75898056443129,0.6317559641306187,0.5560153776571687,14.427351222333066,35.210912225734475,0.015316989342932267,0.054542701143771764,"[[2113, 992], [1202, 1651]]","[[214, 131], [163, 154]]"
disclosure_x_bias,25,init_hard,TD_U,exponential,25.591323837499328,28.741949474741197,0.6332665952286956,0.5560153776571687,14.427337963625092,35.175712899751275,0.014282472067502718,0.054542701143771764,"[[2098, 1007], [1178, 1675]]","[[212, 133], [161, 156]]"
disclosure_x_bias,26,init_hard,TD_U,exponential,25.586054944170435,28.720548538499806,0.6332665952286956,0.5560153776571687,14.439646822374787,35.10756621446046,0.014282472067502718,0.054542701143771764,"[[2099, 1006], [1179, 1674]]","[[212, 133], [161, 156]]"
disclosure_x_bias,27,init_hard,TD_U,exponential,25.57362356010909,28.67739709973419,0.6334343804635949,0.5575079149706015,14.456308204985936,35.203903752025305,0.014062271899917746,0.05278865485291557,"[[2098, 1007], [1177, 1676]]","[[212, 133], [160, 157]]"
disclosure_x_bias,28,init_hard,TD_U,exponential,25.49841959139506,28.563740085186243,0.6336021656984941,0.5575079149706015,14.44398582546479,35.25571609539386,0.014104984339502368,0.05278865485291557,"[[2100, 1005], [1178, 1675]]","[[212, 133], [160, 157]]"
disclosure_x_bias,29,init_hard,TD_U,exponential,25.380048667656695,28.534065106120824,0.6325954542890981,0.5575079149706015,14.392292261133852,35.19314151416029,0.015659521430448808,0.05278865485291557,"[[2123, 982], [1207, 1646]]","[[215, 130], [163, 154]]"
disclosure_x_bias,30,init_hard,TD_U,exponential,25.401089949633388,28.590587567125475,0.6327632395239975,0.5575079149706015,14.39655035230153,35.33009534175243,0.01572774935677121,0.05278865485291557,"[[2123, 982], [1206, 1647]]","[[215, 130], [163, 154]]"
disclosure_x_bias,31,init_hard,TD_U,exponential,25.315965624208896,28.476746494113286,0.6329310247588968,0.5575079149706015,14.372212794834796,35.349822458291946,0.015951357561288532,0.05278865485291557,"[[2125, 980], [1207, 1646]]","[[215, 130], [163, 154]]"
disclosure_x_bias,32,init_hard,TD_U,exponential,25.290425324167465,28.41051866210774,0.6339377361682927,0.5575079149706015,14.36975111690658,35.25417308593747,0.014227448236976366,0.05278865485291557,"[[2102, 1003], [1178, 1675]]","[[212, 133], [160, 157]]"
disclosure_x_bias,33,init_hard,TD_U,exponential,25.169285622499206,28.392952741179084,0.6339377361682927,0.5575079149706015,14.346999263353231,35.42873405851371,0.014227448236976366,0.05278865485291557,"[[2102, 1003], [1178, 1675]]","[[212, 133], [160, 157]]"
disclosure_x_bias,34,init_hard,TD_U,exponential,25.165505523122004,28.40763196083273,0.6334343804635949,0.5544776119402985,14.345412416123736,35.41955532499437,0.014946470695625665,0.045181448313186066,"[[2115, 990], [1194, 1659]]","[[212, 133], [162, 155]]"
disclosure_x_bias,35,init_hard,TD_U,exponential,25.177922034234868,28.414757710258026,0.6337699509333935,0.552962460425147,14.350887967864132,35.42922088346159,0.014623756682390932,0.047410404086498256,"[[2118, 987], [1195, 1658]]","[[212, 133], [163, 154]]"
disclosure_x_bias,36,init_hard,TD_U,exponential,25.172346179937247,28.339523571883614,0.6341055214031922,0.552962460425147,14.3734905556717,35.40226068267484,0.014822322015026455,0.047410404086498256,"[[2119, 986], [1194, 1659]]","[[212, 133], [163, 154]]"
disclosure_x_bias,37,init_hard,TD_U,exponential,25.06917691508755,28.290841970115974,0.6344410918729908,0.5544776119402985,14.44151476170229,35.30222514787085,0.013996245261102512,0.05101500269049291,"[[2108, 997], [1181, 1672]]","[[212, 133], [162, 155]]"
disclosure_x_bias,38,init_hard,TD_U,exponential,25.07678172642535,28.351266188780095,0.6346088771078902,0.5544776119402985,14.448946008022489,35.41531787007528,0.014070316629810084,0.05101500269049291,"[[2109, 996], [1181, 1672]]","[[212, 133], [162, 155]]"
disclosure_x_bias,39,init_hard,TD_U,exponential,25.079622355063158,28.328979238763004,0.6346088771078902,0.5575079149706015,14.447955124791363,35.42383837888311,0.014225083204749061,0.058735336162099645,"[[2098, 1007], [1170, 1683]]","[[212, 133], [160, 157]]"
disclosure_x_bias,40,init_hard,TD_U,exponential,25.009126054608362,28.241839586797,0.6352800180474875,0.5575079149706015,14.428630547341664,35.392211152662064,0.01373946127779829,0.058735336162099645,"[[2099, 1006], [1167, 1686]]","[[212, 133], [160, 157]]"
disclosure_x_bias,41,init_hard,TD_U,exponential,24.763535785430395,28.216291761454414,0.6356155885172861,0.55599276345545,14.31481980757854,35.57982108723965,0.013955102511432702,0.05927377405697906,"[[2101, 1004], [1167, 1686]]","[[212, 133], [161, 156]]"
disclosure_x_bias,42,init_hard,TD_U,exponential,24.748351396239286,28.172474795116255,0.6359511589870848,0.55599276345545,14.312144443246599,35.488836582164,0.014224750590556225,0.05927377405697906,"[[2103, 1002], [1167, 1686]]","[[212, 133], [161, 156]]"
disclosure_x_bias,43,init_hard,TD_U,exponential,24.739839369938483,28.19172133147717,0.6364545146917828,0.5590230664857531,14.313967214906269,35.46598371741705,0.013686124439628595,0.056816828575236386,"[[2097, 1008], [1158, 1695]]","[[211, 134], [158, 159]]"
disclosure_x_bias,44,init_hard,TD_U,exponential,24.70469925350241,28.126625351947713,0.6367900851615814,0.5544776119402985,14.294761427722303,35.49102673874662,0.01384848938361619,0.04949227103215141,"[[2110, 995], [1169, 1684]]","[[211, 134], [161, 156]]"
disclosure_x_bias,45,init_hard,TD_U,exponential,24.730465305359964,28.156949128349652,0.6366222999266821,0.55599276345545,14.288338250290888,35.58509179671176,0.013825360887830172,0.04784365611268964,"[[2110, 995], [1170, 1683]]","[[211, 134], [160, 157]]"
disclosure_x_bias,46,init_hard,TD_U,exponential,24.720209651974848,28.120186917056383,0.6367900851615814,0.5544776119402985,14.285671189987761,35.505179959259195,0.01384848938361619,0.04949227103215141,"[[2110, 995], [1169, 1684]]","[[211, 134], [161, 156]]"
disclosure_x_bias,47,init_hard,TD_U,exponential,24.66892965153705,28.029047369202704,0.6367900851615814,0.55599276345545,14.284365734494736,35.515327770309334,0.013916086035405653,0.04784365611268964,"[[2111, 994], [1170, 1683]]","[[212, 133], [161, 156]]"
disclosure_x_bias,48,init_hard,TD_U,exponential,24.593626645134755,28.019662276075554,0.6367900851615814,0.55599276345545,14.27692808955737,35.50610872097311,0.013916086035405653,0.04784365611268964,"[[2111, 994], [1170, 1683]]","[[212, 133], [161, 156]]"
disclosure_x_bias,49,init_hard,TD_U,exponential,24.579752607576786,28.042832265679596,0.6377982065309344,0.55599276345545,14.271825995449008,35.51244264951616,0.012768318020116314,0.04784365611268964,"[[2120, 985], [1173, 1680]]","[[212, 133], [161, 156]]"
disclosure_x_bias,50,init_hard,TD_U,exponential,24.588127215188475,28.05690628974507,0.637798488522926,0.55599276345545,14.283312812374271,35.512106256437185,0.013217820216182292,0.04784365611268964,"[[2120, 985], [1173, 1680]]","[[212, 133], [161, 156]]"
disclosure_x_bias,51,init_hard,TD_U,exponential,24.589562242857504,28.143123479143185,0.6379662737578252,0.55599276345545,14.300308766711922,35.65318377418615,0.013178053036739648,0.04784365611268964,"[[2121, 984], [1173, 1680]]","[[212, 133], [161, 156]]"
disclosure_x_bias,52,init_hard,TD_U,exponential,24.57206778519946,28.098293390238744,0.6383018442276239,0.5544776119402985,14.297568905645049,35.55248648175444,0.012776590192879333,0.04949227103215141,"[[2122, 983], [1172, 1681]]","[[211, 134], [161, 156]]"
disclosure_x_bias,53,init_hard,TD_U,exponential,24.415622511327758,27.95462517854679,0.6383018442276239,0.5544776119402985,14.232188171570616,35.6559431335569,0.012727531656439096,0.04949227103215141,"[[2122, 983], [1172, 1681]]","[[211, 134], [161, 156]]"
disclosure_x_bias,54,init_hard,TD_U,exponential,24.406330397741172,27.919645083841726,0.6383018442276239,0.5544776119402985,14.233438168117754,35.59389568342966,0.012727531656439096,0.04949227103215141,"[[2123, 982], [1173, 1680]]","[[211, 134], [161, 156]]"
disclosure_x_bias,55,init_hard,TD_U,exponential,24.335867830594957,27.906809304310237,0.6386374146974225,0.5544776119402985,14.293805066985964,35.57474694289901,0.01267690655832489,0.04949227103215141,"[[2124, 981], [1172, 1681]]","[[211, 134], [161, 156]]"
disclosure_x_bias,56,init_hard,TD_U,exponential,24.241462199996565,27.86044979530066,0.6396455360667758,0.5529850746268656,14.283567799434453,35.477660185093946,0.012057531845587794,0.05126107980211769,"[[2131, 974], [1173, 1680]]","[[211, 134], [162, 155]]"
disclosure_x_bias,57,init_hard,TD_U,exponential,24.25538083320273,27.929768857044046,0.6393099655969771,0.5529850746268656,14.30222983244216,35.6118039748622,0.01185497249437164,0.05126107980211769,"[[2130, 975], [1174, 1679]]","[[211, 134], [162, 155]]"
disclosure_x_bias,58,init_hard,TD_U,exponential,24.24924225800596,27.969386258706198,0.6396455360667758,0.5529850746268656,14.298037042713784,35.70643215163949,0.012057531845587794,0.05126107980211769,"[[2131, 974], [1173, 1680]]","[[211, 134], [162, 155]]"
disclosure_x_bias,59,init_hard,TD_U,exponential,24.25441605466485,27.966743445420366,0.6394777508318763,0.5514699231117142,14.30764679578044,35.633115538610895,0.011866082434302065,0.04971870523831893,"[[2132, 973], [1175, 1678]]","[[211, 134], [163, 154]]"
disclosure_x_bias,60,init_hard,TD_U,exponential,24.262669929777477,27.942308395349066,0.6394777508318763,0.5514699231117142,14.316232071973245,35.64748879072507,0.011866082434302065,0.04971870523831893,"[[2132, 973], [1175, 1678]]","[[211, 134], [163, 154]]"
disclosure_x_bias,61,init_hard,TD_U,exponential,24.201275585284755,27.858222499671804,0.6404844622412724,0.5529850746268656,14.318819767694098,35.66697974049578,0.011611004272604263,0.050256023493889475,"[[2136, 969], [1173, 1680]]","[[212, 133], [163, 154]]"
disclosure_x_bias,62,init_hard,TD_U,exponential,24.175014669559474,27.84571395440567,0.6403166770063731,0.5514699231117142,14.302281045008307,35.666127627642794,0.011064144353686666,0.046538784206215766,"[[2135, 970], [1173, 1680]]","[[211, 134], [163, 154]]"
disclosure_x_bias,63,init_hard,TD_U,exponential,24.180345366004172,27.798600026756567,0.6401488917714737,0.5514699231117142,14.316122774222475,35.65352887672976,0.011038068312032318,0.046538784206215766,"[[2134, 971], [1173, 1680]]","[[211, 134], [163, 154]]"
disclosure_x_bias,64,init_hard,TD_U,exponential,24.199859883628147,27.79630217699928,0.6401488917714737,0.5514699231117142,14.338647790698237,35.633029255596725,0.011038068312032318,0.046538784206215766,"[[2134, 971], [1173, 1680]]","[[211, 134], [163, 154]]"
disclosure_x_bias,65,init_hard,TD_U,exponential,24.18795824079083,27.80566524663743,0.6403169589983644,0.5514699231117142,14.354788213995999,35.60767571869337,0.011306664779990634,0.046538784206215766,"[[2135, 970], [1173, 1680]]","[[211, 134], [163, 154]]"
disclosure_x_bias,66,init_hard,TD_U,exponential,24.12659136473198,27.739883524601897,0.6404847442332638,0.5514699231117142,14.346809676670448,35.727107700448954,0.011629097715617789,0.046538784206215766,"[[2135, 970], [1172, 1681]]","[[211, 134], [163, 154]]"
disclosure_x_bias,67,init_hard,TD_U,exponential,24.049609975958834,27.798023159890988,0.6406525294681631,0.5514699231117142,14.3381683495264,35.83168930277308,0.01132165438084227,0.046538784206215766,"[[2137, 968], [1173, 1680]]","[[211, 134], [163, 154]]"
disclosure_x_bias,68,init_hard,TD_U,exponential,24.055732833035535,27.780106589029607,0.6406525294681631,0.5514699231117142,14.310921034349025,35.75988351746545,0.01148622838849237,0.046538784206215766,"[[2136, 969], [1172, 1681]]","[[211, 134], [163, 154]]"
disclosure_x_bias,69,init_hard,TD_U,exponential,24.068666876500522,27.81480016038198,0.641155885172861,0.5514699231117142,14.309432335799329,35.766155918786936,0.011981092665510689,0.046538784206215766,"[[2137, 968], [1170, 1683]]","[[211, 134], [163, 154]]"
disclosure_x_bias,70,init_hard,TD_U,exponential,23.9785865511701,27.829917305456682,0.6413236704077605,0.5529850746268656,14.258502868746998,35.781853379785126,0.011645372011044873,0.050256023493889475,"[[2139, 966], [1171, 1682]]","[[212, 133], [163, 154]]"
disclosure_x_bias,71,init_hard,TD_U,exponential,23.918967593270786,27.808545432364486,0.6413236704077605,0.5529850746268656,14.248475806050125,35.740109403624444,0.011645372011044873,0.050256023493889475,"[[2139, 966], [1171, 1682]]","[[212, 133], [163, 154]]"
disclosure_x_bias,72,init_hard,TD_U,exponential,23.910288536498218,27.773633952725977,0.6413236704077605,0.5499547715965626,14.2653898295217,35.74554709773661,0.011752322283611413,0.049640155982920015,"[[2137, 968], [1169, 1684]]","[[210, 135], [163, 154]]"
disclosure_x_bias,73,init_hard,TD_U,exponential,23.822352255992698,27.785449242571907,0.6430037786926851,0.5514246947082768,14.332674382362299,35.760121047710335,0.011693228317393448,0.04257242515944614,"[[2162, 943], [1184, 1669]]","[[212, 133], [164, 153]]"
disclosure_x_bias,74,init_hard,TD_U,exponential,23.804345760488175,27.77899896228187,0.6433393491624837,0.5514246947082768,14.32889549423714,35.75426083734746,0.011321908494112295,0.04257242515944614,"[[2164, 941], [1184, 1669]]","[[212, 133], [164, 153]]"
disclosure_x_bias,75,init_hard,TD_U,exponential,23.818811135574375,27.772554205859997,0.6435071343973832,0.5529398462234283,14.343530905004972,35.71583447135551,0.011014372169268467,0.042605946914209956,"[[2165, 940], [1184, 1669]]","[[213, 132], [164, 153]]"
disclosure_x_bias,76,init_hard,TD_U,exponential,23.882598034734432,28.14704024730517,0.6440104901020811,0.5529398462234283,14.277298721380735,35.87061518914916,0.010827027008752904,0.042605946914209956,"[[2165, 940], [1181, 1672]]","[[213, 132], [164, 153]]"
disclosure_x_bias,77,init_hard,TD_U,exponential,23.883342635010287,28.133555741157814,0.6443460605718798,0.5514246947082768,14.276121998911917,35.78440019002622,0.01083105636876477,0.04257242515944614,"[[2168, 937], [1182, 1671]]","[[212, 133], [164, 153]]"
disclosure_x_bias,78,init_hard,TD_U,exponential,23.781461589945675,28.037305695509694,0.6448496982685692,0.5514246947082768,14.277156240660307,35.917931352473666,0.010732615045545617,0.04257242515944614,"[[2172, 933], [1183, 1670]]","[[213, 132], [165, 152]]"
disclosure_x_bias,79,init_hard,TD_U,exponential,23.80520973201955,28.032640308707915,0.6445141277987705,0.5514246947082768,14.282252233136889,35.86539509900465,0.011089837492032762,0.04257242515944614,"[[2166, 939], [1179, 1674]]","[[212, 133], [164, 153]]"
disclosure_x_bias,80,init_hard,TD_U,exponential,23.793050523770635,28.026945531828705,0.6431695899836445,0.5469244685662595,14.285501045835979,35.975623049532835,0.011767068255603223,0.046120929966068314,"[[2142, 963], [1163, 1690]]","[[209, 136], [164, 153]]"
disclosure_x_bias,81,init_hard,TD_U,exponential,23.748648639922003,27.98779280741967,0.6445141277987705,0.5499095431931252,14.257927349997079,35.898426537306605,0.011313234513797527,0.04307516381552285,"[[2169, 936], [1182, 1671]]","[[212, 133], [165, 152]]"
disclosure_x_bias,82,init_hard,TD_U,exponential,23.701595305227123,27.93005084345245,0.6446821950256613,0.5499095431931252,14.261291761177105,35.911429675068,0.011422492542446547,0.04307516381552285,"[[2169, 936], [1181, 1672]]","[[212, 133], [165, 152]]"
disclosure_x_bias,83,init_hard,TD_U,exponential,23.711828366140534,27.93116334431579,0.6450177654954599,0.5529398462234283,14.278480552732338,35.943536314705256,0.011126712502602772,0.046608723756062585,"[[2159, 946], [1169, 1684]]","[[212, 133], [163, 154]]"
disclosure_x_bias,84,init_hard,TD_U,exponential,23.705776653304717,27.963791221620237,0.6446821950256613,0.5499095431931252,14.268203808207469,35.97929261383629,0.01190521271974325,0.04307516381552285,"[[2156, 949], [1168, 1685]]","[[210, 135], [163, 154]]"
disclosure_x_bias,85,init_hard,TD_U,exponential,23.68928621806217,27.923785950772505,0.6446819130336698,0.5483943916779738,14.267846679840808,35.937092495931516,0.011914375656870167,0.04171787343175004,"[[2158, 947], [1170, 1683]]","[[210, 135], [164, 153]]"
disclosure_x_bias,86,init_hard,TD_U,exponential,23.709805164849868,27.97391722517268,0.646024476904856,0.5483943916779738,14.294301464001329,35.97821596563116,0.01131118818755145,0.04171787343175004,"[[2162, 943], [1166, 1687]]","[[210, 135], [164, 153]]"
disclosure_x_bias,87,init_hard,TD_U,exponential,23.681871167482164,27.991524568462637,0.6463600473746546,0.5483943916779738,14.319411248870708,35.98042946051233,0.011136696198065215,0.04171787343175004,"[[2166, 939], [1168, 1685]]","[[211, 134], [165, 152]]"
disclosure_x_bias,88,init_hard,TD_U,exponential,23.6643911490661,27.989549420084224,0.6453533359652586,0.5514246947082768,14.311296262071094,35.96726434095878,0.01156611509543359,0.04257242515944614,"[[2164, 941], [1172, 1681]]","[[212, 133], [164, 153]]"
disclosure_x_bias,89,init_hard,TD_U,exponential,23.666562820490515,28.012108612772785,0.6455211212001579,0.5514246947082768,14.313501465919357,36.006347336153674,0.011534142595640048,0.04257242515944614,"[[2164, 941], [1171, 1682]]","[[212, 133], [164, 153]]"
disclosure_x_bias,90,init_hard,TD_U,exponential,23.72713007164821,28.437534452098095,0.6471995375331341,0.5499095431931252,14.2459029939511,36.24397207044703,0.00948003713929629,0.04307516381552285,"[[2163, 942], [1160, 1693]]","[[211, 134], [164, 153]]"
disclosure_x_bias,91,init_hard,TD_U,exponential,23.707397553613582,28.353945509076517,0.6463600473746546,0.5514246947082768,14.244259032524171,36.15876112915248,0.009727431432123098,0.04257242515944614,"[[2163, 942], [1165, 1688]]","[[212, 133], [164, 153]]"
disclosure_x_bias,92,init_hard,TD_U,exponential,23.71259376603368,28.38424664243154,0.6471995375331341,0.5483943916779738,14.245082238072262,36.15452124973191,0.009578512227852434,0.04171787343175004,"[[2165, 940], [1162, 1691]]","[[211, 134], [165, 152]]"
disclosure_x_bias,93,init_hard,TD_U,exponential,23.710750549166967,28.38138255861163,0.6473670407760419,0.5483943916779738,14.234902862221167,36.13751619326024,0.00934926198176744,0.04171787343175004,"[[2166, 939], [1162, 1691]]","[[211, 134], [165, 152]]"
disclosure_x_bias,94,init_hard,TD_U,exponential,23.682640221784247,28.377720029812377,0.6473670407760419,0.5468792401628223,14.234560321632433,36.17197757857353,0.00934926198176744,0.041499651497435196,"[[2166, 939], [1162, 1691]]","[[210, 135], [165, 152]]"
disclosure_x_bias,95,init_hard,TD_U,exponential,23.68252919279814,28.348569000484048,0.6470314703062433,0.5483943916779738,14.234911536162095,36.08695746478175,0.009530236510094223,0.04292331963779388,"[[2163, 942], [1161, 1692]]","[[210, 135], [164, 153]]"
disclosure_x_bias,96,init_hard,TD_U,exponential,23.61415737272033,28.38784924443197,0.6480384637076307,0.5499095431931252,14.290302035663064,36.18783924094623,0.011052105724095951,0.042478871632892656,"[[2163, 942], [1155, 1698]]","[[210, 135], [163, 154]]"
disclosure_x_bias,97,init_hard,TD_U,exponential,23.608294667260356,28.38567375767257,0.64820624894253,0.5499095431931252,14.30354492107784,36.16959905232479,0.011001586212912376,0.04126044267992124,"[[2165, 940], [1156, 1697]]","[[211, 134], [164, 153]]"
disclosure_x_bias,98,init_hard,TD_U,exponential,23.56426172037458,28.30437224858257,0.649212960351926,0.5483943916779738,14.310893904320432,36.28006875968338,0.009612053809788277,0.0371923990346823,"[[2163, 942], [1148, 1705]]","[[210, 135], [164, 153]]"
disclosure_x_bias,99,init_hard,TD_U,exponential,23.589671305519722,28.30592431364649,0.648709604647228,0.5483943916779738,14.267504349035544,36.22655502807306,0.00992719457634631,0.0371923990346823,"[[2161, 944], [1149, 1704]]","[[210, 135], [164, 153]]"
disclosure_x_bias,100,init_hard,TD_U,exponential,23.460910209886883,28.296620745782086,0.6482059669505386,0.5468792401628223,14.222351336089615,36.18861400310668,0.010030276167704605,0.03830332964321515,"[[2160, 945], [1151, 1702]]","[[209, 136], [164, 153]]"
disclosure_x_bias,101,init_hard,TD_U,exponential,23.45884389364506,28.289244265808257,0.6485415374203373,0.5483943916779738,14.224014299847298,36.190997866925834,0.00987750424617212,0.0371923990346823,"[[2163, 942], [1152, 1701]]","[[210, 135], [164, 153]]"
disclosure_x_bias,102,init_hard,TD_U,exponential,23.44806112299586,28.215806694567334,0.6485415374203373,0.5483943916779738,14.250308721224787,36.12837408642488,0.00987750424617212,0.0371923990346823,"[[2163, 942], [1152, 1701]]","[[210, 135], [164, 153]]"
disclosure_x_bias,103,init_hard,TD_U,exponential,23.420890159005204,28.235094461734075,0.6493804635948339,0.5468792401628223,14.227911869363044,36.1638521724297,0.010509521007499304,0.03694745805459556,"[[2165, 940], [1149, 1704]]","[[208, 137], [163, 154]]"
disclosure_x_bias,104,init_hard,TD_U,exponential,23.43375519250781,28.291307095180382,0.6495482488297333,0.5514246947082768,14.251247313796716,36.25558401831601,0.010901608889772433,0.04546963158646014,"[[2171, 934], [1154, 1699]]","[[211, 134], [163, 154]]"
disclosure_x_bias,105,init_hard,TD_U,exponential,23.434899256047867,28.282848656104267,0.6483729062094636,0.5544097693351425,14.247264572552156,36.197659986566364,0.010902269424342257,0.044316809538224804,"[[2176, 929], [1166, 1687]]","[[213, 132], [163, 154]]"
disclosure_x_bias,106,init_hard,TD_U,exponential,23.4734288093305,28.347867134208208,0.6490440471490609,0.5544097693351425,14.316784163484607,36.29719522889259,0.010973164056523137,0.044316809538224804,"[[2177, 928], [1163, 1690]]","[[213, 132], [163, 154]]"
disclosure_x_bias,107,init_hard,TD_U,exponential,23.481164324333964,28.309976276999958,0.6487084766792623,0.5544097693351425,14.322641133643936,36.21661587192332,0.011127731435086639,0.044316809538224804,"[[2176, 929], [1164, 1689]]","[[213, 132], [163, 154]]"
disclosure_x_bias,108,init_hard,TD_U,exponential,23.473169552583023,28.338918385938506,0.6488762619141617,0.5528946178199909,14.332734893988162,36.243039073068225,0.010779910588258442,0.04011193210880474,"[[2174, 931], [1161, 1692]]","[[212, 133], [163, 154]]"
disclosure_x_bias,109,init_hard,TD_U,exponential,23.475473130067964,28.368343461729694,0.6493796176188597,0.5528946178199909,14.340036140694677,36.29615496253172,0.010541045296509217,0.04011193210880474,"[[2173, 932], [1157, 1696]]","[[212, 133], [163, 154]]"
disclosure_x_bias,110,init_hard,TD_U,exponential,23.39785916852342,28.35754060022133,0.6492118323839603,0.5513794663048394,14.383808464847037,36.249173471229305,0.010818708677130277,0.041327834323559444,"[[2172, 933], [1157, 1696]]","[[211, 134], [163, 154]]"
disclosure_x_bias,111,init_hard,TD_U,exponential,23.345303790277185,28.361177841790493,0.6498829733235576,0.5528946178199909,14.403440333188605,36.323760283016576,0.010510116148680297,0.04011193210880474,"[[2175, 930], [1156, 1697]]","[[212, 133], [163, 154]]"
disclosure_x_bias,112,init_hard,TD_U,exponential,23.362421043849107,28.330997313206694,0.649547402853759,0.5528946178199909,14.41047292354406,36.24497009596122,0.010700664296404903,0.04011193210880474,"[[2173, 932], [1156, 1697]]","[[212, 133], [163, 154]]"
disclosure_x_bias,113,init_hard,TD_U,exponential,23.335194572708858,28.312788648497282,0.6503863290282557,0.5544097693351425,14.414490516528836,36.354180807173876,0.010834259368582807,0.04008582280476247,"[[2170, 935], [1148, 1705]]","[[212, 133], [162, 155]]"
disclosure_x_bias,114,init_hard,TD_U,exponential,23.444615421273365,28.7485262896128,0.6505541142631549,0.555924920850294,14.332810093608781,36.558048352179426,0.010712890414339152,0.03999597182361288,"[[2170, 935], [1147, 1706]]","[[212, 133], [161, 156]]"
disclosure_x_bias,115,init_hard,TD_U,exponential,23.417489964304124,28.695851042743165,0.6502185437933563,0.555924920850294,14.340562698276512,36.562244261832845,0.011344255621022486,0.03999597182361288,"[[2171, 934], [1150, 1703]]","[[212, 133], [161, 156]]"
disclosure_x_bias,116,init_hard,TD_U,exponential,23.43195730562027,28.73499507062063,0.6512252552027522,0.555924920850294,14.338757768628493,36.55592215202958,0.010779227817935362,0.03999597182361288,"[[2176, 929], [1149, 1704]]","[[212, 133], [161, 156]]"
disclosure_x_bias,117,init_hard,TD_U,exponential,23.43536182256258,28.737531823295832,0.6515608256725509,0.555924920850294,14.335883759678419,36.564378040093594,0.01099583746984258,0.03999597182361288,"[[2169, 936], [1140, 1713]]","[[211, 134], [160, 157]]"
disclosure_x_bias,118,init_hard,TD_U,exponential,23.4391877353028,28.76702348694571,0.6515608256725509,0.555924920850294,14.348062647977924,36.601827159956486,0.01099583746984258,0.03999597182361288,"[[2170, 935], [1141, 1712]]","[[211, 134], [160, 157]]"
disclosure_x_bias,119,init_hard,TD_U,exponential,23.423765522149765,28.76261740875655,0.6515608256725509,0.555924920850294,14.336005929457313,36.58135881494622,0.01099583746984258,0.03999597182361288,"[[2170, 935], [1141, 1712]]","[[211, 134], [160, 157]]"
disclosure_x_bias,120,init_hard,TD_U,exponential,23.36042165963673,28.770359129541767,0.6515608256725509,0.555924920850294,14.30836001448318,36.58102558092621,0.01099583746984258,0.03999597182361288,"[[2169, 936], [1140, 1713]]","[[211, 134], [160, 157]]"
disclosure_x_bias,121,init_hard,TD_U,exponential,23.318769977405637,28.796719928995895,0.6517286109074503,0.5544097693351425,14.350864356739159,36.63145319880597,0.011168569304811724,0.04133888720074022,"[[2169, 936], [1139, 1714]]","[[210, 135], [160, 157]]"
disclosure_x_bias,122,init_hard,TD_U,exponential,23.305706946349282,28.799104046399787,0.6520641813772489,0.5544097693351425,14.344786158350601,36.66223160720562,0.011306063694768729,0.04133888720074022,"[[2169, 936], [1137, 1716]]","[[210, 135], [160, 157]]"
disclosure_x_bias,123,init_hard,TD_U,exponential,23.30286857583793,28.745681623618715,0.6520641813772489,0.5544097693351425,14.365658318794605,36.60378825425356,0.011660181948085315,0.04133888720074022,"[[2168, 937], [1136, 1717]]","[[210, 135], [160, 157]]"
disclosure_x_bias,124,init_hard,TD_U,exponential,23.291628944615802,28.778510801149167,0.6520641813772489,0.5544097693351425,14.346875743083105,36.642379751132836,0.011660181948085315,0.04133888720074022,"[[2168, 937], [1136, 1717]]","[[210, 135], [160, 157]]"
disclosure_x_bias,125,init_hard,TD_U,exponential,23.28372193532914,28.770767283597035,0.6530708927866449,0.5544097693351425,14.338488454459759,36.59267705300673,0.010425706695619088,0.04133888720074022,"[[2170, 935], [1132, 1721]]","[[210, 135], [160, 157]]"
disclosure_x_bias,126,init_hard,TD_U,exponential,23.319777682692866,28.79903118603575,0.6529031075517455,0.555924920850294,14.327588950183847,36.663035301745055,0.010234341305661854,0.039353050194170236,"[[2165, 940], [1128, 1725]]","[[210, 135], [159, 158]]"
disclosure_x_bias,127,init_hard,TD_U,exponential,23.316378738520847,28.76731104522625,0.6527350403248547,0.5574400723654456,14.318130086112271,36.63325778897685,0.010384346348239563,0.03984194791978198,"[[2165, 940], [1129, 1724]]","[[211, 134], [159, 158]]"
disclosure_x_bias,128,init_hard,TD_U,exponential,23.32826919059574,28.75712814476853,0.6525675370819469,0.5574400723654456,14.336014378328723,36.627983384528115,0.010357701628113997,0.03984194791978198,"[[2165, 940], [1130, 1723]]","[[211, 134], [159, 158]]"
disclosure_x_bias,129,init_hard,TD_U,exponential,23.311895561110763,28.749421397538896,0.6525672550899555,0.5574400723654456,14.329576603592958,36.61240706088096,0.010724577396170247,0.03984194791978198,"[[2165, 940], [1130, 1723]]","[[211, 134], [159, 158]]"
disclosure_x_bias,130,init_hard,TD_U,exponential,23.304049522005492,28.779345786858563,0.6532386780215442,0.5574400723654456,14.330290342395553,36.67159829686764,0.010610674742956818,0.03984194791978198,"[[2164, 941], [1125, 1728]]","[[211, 134], [159, 158]]"
disclosure_x_bias,131,init_hard,TD_U,exponential,23.269175293001158,28.68055529669808,0.6534064632564436,0.5574400723654456,14.341636082801863,36.633459558228544,0.010435887494951444,0.03984194791978198,"[[2165, 940], [1125, 1728]]","[[211, 134], [159, 158]]"
disclosure_x_bias,132,init_hard,TD_U,exponential,23.26596450413573,28.7171611778599,0.6537420337262422,0.5574400723654456,14.339469041954027,36.72391171267366,0.010523625272212456,0.03984194791978198,"[[2168, 937], [1126, 1727]]","[[211, 134], [159, 158]]"
disclosure_x_bias,133,init_hard,TD_U,exponential,23.194977076681678,28.704430040452717,0.6542456714229317,0.5589326096788783,14.376714789359474,36.65375862804198,0.01051760221591863,0.039904964505714395,"[[2166, 939], [1121, 1732]]","[[211, 134], [158, 159]]"
disclosure_x_bias,134,init_hard,TD_U,exponential,23.179788273596706,28.689176812069423,0.653910100953133,0.5559023066485753,14.371600021421637,36.63760937013522,0.01103034600423008,0.03256964993026546,"[[2163, 942], [1120, 1733]]","[[209, 136], [158, 159]]"
disclosure_x_bias,135,init_hard,TD_U,exponential,23.193869582296294,28.728097612468833,0.6537423157182336,0.5559023066485753,14.377307108407171,36.720205416913736,0.011007079809093089,0.03256964993026546,"[[2161, 944], [1119, 1734]]","[[209, 136], [158, 159]]"
disclosure_x_bias,136,init_hard,TD_U,exponential,23.17672422076799,28.65049986035178,0.6544134566578309,0.5543871551334238,14.382977567775834,36.617049408138264,0.010503304562962916,0.03494205188447516,"[[2162, 943], [1116, 1737]]","[[208, 137], [158, 159]]"
disclosure_x_bias,137,init_hard,TD_U,exponential,23.2217681785247,28.729290806815307,0.6544134566578309,0.5498643147896879,14.433200569138553,36.653841512098985,0.011195255487741671,0.034492444558664015,"[[2164, 941], [1118, 1735]]","[[207, 138], [160, 157]]"
disclosure_x_bias,138,init_hard,TD_U,exponential,23.251789929834292,28.83735274240309,0.6545812418927303,0.5498643147896879,14.426718713011876,36.94715635018306,0.011234848951028957,0.034492444558664015,"[[2164, 941], [1117, 1736]]","[[207, 138], [160, 157]]"
disclosure_x_bias,139,init_hard,TD_U,exponential,23.239498278444906,28.82074715311159,0.6544137386498223,0.5513568521031208,14.433884373976774,36.92338140202489,0.011185230877559568,0.034926794880016536,"[[2164, 941], [1118, 1735]]","[[207, 138], [159, 158]]"
disclosure_x_bias,140,init_hard,TD_U,exponential,23.239449824528762,28.784430230297147,0.6557560205290169,0.5498417005879692,14.44514648097191,36.88200345577812,0.009343197321402102,0.031743265670634443,"[[2160, 945], [1106, 1747]]","[[206, 139], [159, 158]]"
disclosure_x_bias,141,init_hard,TD_U,exponential,23.207188519301166,28.823368092306197,0.6555882352941176,0.5498417005879692,14.42750399169046,36.94274567471712,0.009081084291285131,0.031743265670634443,"[[2158, 947], [1105, 1748]]","[[206, 139], [159, 158]]"
disclosure_x_bias,142,init_hard,TD_U,exponential,23.20929808937759,28.828838095560997,0.6557560205290169,0.5483265490728177,14.427082998962428,36.98097614838077,0.009140117696905899,0.034618043420621046,"[[2158, 947], [1104, 1749]]","[[205, 140], [159, 158]]"
disclosure_x_bias,143,init_hard,TD_U,exponential,23.182577577234902,28.863409064005026,0.6559238057639163,0.5483265490728177,14.452143620542996,37.013322542036946,0.009023683513333127,0.034618043420621046,"[[2158, 947], [1103, 1750]]","[[205, 140], [159, 158]]"
disclosure_x_bias,144,init_hard,TD_U,exponential,23.180244950257215,28.877276327526907,0.6554204500592183,0.5498417005879692,14.458244420714742,37.05691482556519,0.007869838101297042,0.0348094200692556,"[[2159, 946], [1107, 1746]]","[[207, 138], [160, 157]]"
disclosure_x_bias,145,init_hard,TD_U,exponential,23.175441190759962,28.846936848072907,0.6557560205290169,0.5483265490728177,14.45235725429246,36.994328027842684,0.009071414257003781,0.034618043420621046,"[[2157, 948], [1103, 1750]]","[[205, 140], [159, 158]]"
disclosure_x_bias,146,init_hard,TD_U,exponential,23.178515542527677,28.87018964115926,0.6557560205290169,0.5483265490728177,14.446816349293416,37.00251072144994,0.009071414257003781,0.034618043420621046,"[[2157, 948], [1103, 1750]]","[[205, 140], [159, 158]]"
disclosure_x_bias,147,init_hard,TD_U,exponential,23.192215650833642,28.866557612276473,0.6559238057639163,0.5483265490728177,14.462336545795397,36.97610310527048,0.009127083679110295,0.034618043420621046,"[[2157, 948], [1102, 1751]]","[[205, 140], [159, 158]]"
disclosure_x_bias,148,init_hard,TD_U,exponential,23.179242617090487,28.881324222013557,0.6559238057639163,0.5483265490728177,14.452674597537904,37.01472476420104,0.009127083679110295,0.034618043420621046,"[[2157, 948], [1102, 1751]]","[[205, 140], [159, 158]]"
disclosure_x_bias,149,init_hard,TD_U,exponential,23.22145367059011,28.868278468897905,0.6559238057639163,0.5498417005879692,14.479380073762,36.9979440482382,0.009127083679110295,0.036245360125381584,"[[2157, 948], [1102, 1751]]","[[206, 139], [159, 158]]"
disclosure_x_bias,150,init_hard,TD_U,exponential,23.220057991975445,28.871791987888884,0.6560913090068242,0.5483265490728177,14.487890175750422,37.01575303712776,0.008259180957906155,0.033873200730690466,"[[2166, 939], [1110, 1743]]","[[207, 138], [161, 156]]"
disclosure_x_bias,151,init_hard,TD_U,exponential,23.12673250859732,28.762743522697292,0.6557560205290169,0.5468340117593848,14.524225242657755,36.833132747441205,0.007930765146553989,0.030052119598167778,"[[2166, 939], [1112, 1741]]","[[207, 138], [162, 155]]"
disclosure_x_bias,152,init_hard,TD_U,exponential,23.103038181184793,28.816515518124113,0.656259376233715,0.5453188602442334,14.469209608843151,36.94232631366481,0.008261419124357565,0.032920768653926714,"[[2167, 938], [1110, 1743]]","[[206, 139], [162, 155]]"
disclosure_x_bias,153,init_hard,TD_U,exponential,23.173235724028793,28.810266053969617,0.6562599402176978,0.5498417005879692,14.519731386457236,36.8980077579052,0.007926070995191086,0.0348094200692556,"[[2161, 944], [1104, 1749]]","[[207, 138], [160, 157]]"
disclosure_x_bias,154,init_hard,TD_U,exponential,23.243606148028444,29.31616487338696,0.6564277254525972,0.5483265490728177,14.444164794787515,37.25508584338224,0.008171646039409569,0.033873200730690466,"[[2166, 939], [1108, 1745]]","[[207, 138], [161, 156]]"
disclosure_x_bias,155,init_hard,TD_U,exponential,23.238036448739827,29.28273348068779,0.655589081270092,0.5498417005879692,14.461310982897523,37.22138949658927,0.009484358033686873,0.0348094200692556,"[[2165, 940], [1112, 1741]]","[[207, 138], [160, 157]]"
disclosure_x_bias,156,init_hard,TD_U,exponential,23.22561419309766,29.29452635899089,0.6562599402176978,0.5483265490728177,14.45847102540952,37.25629161675841,0.010080160864071609,0.033873200730690466,"[[2171, 934], [1114, 1739]]","[[207, 138], [161, 156]]"
disclosure_x_bias,157,init_hard,TD_U,exponential,23.22326323308225,29.274182816687954,0.6567632959223958,0.5483265490728177,14.458764909995399,37.21939682747214,0.007671673791676516,0.032332078848736914,"[[2161, 944], [1101, 1752]]","[[206, 139], [160, 157]]"
disclosure_x_bias,158,init_hard,TD_U,exponential,23.21448072339867,29.29700763285511,0.6574344368619931,0.5498417005879692,14.459361921355203,37.263608940496404,0.00824080800918212,0.03406876168908316,"[[2161, 944], [1097, 1756]]","[[207, 138], [160, 157]]"
disclosure_x_bias,159,init_hard,TD_U,exponential,23.20711735608484,29.253581518131664,0.6576025040888839,0.5513568521031208,14.455182601428776,37.18453168665136,0.008976965434722622,0.03635809958800731,"[[2162, 943], [1097, 1756]]","[[208, 137], [160, 157]]"
disclosure_x_bias,160,init_hard,TD_U,exponential,23.18248855632966,29.296881264233207,0.6574347188539845,0.5498643147896879,14.482734341925374,37.2907593108843,0.00834047749539613,0.0359410508568297,"[[2160, 945], [1096, 1757]]","[[208, 137], [161, 156]]"
disclosure_x_bias,161,init_hard,TD_U,exponential,23.047849995425985,29.227834799501828,0.6574347188539845,0.5498417005879692,14.464291386345094,37.27984583740845,0.00845223977345,0.0348094200692556,"[[2163, 942], [1099, 1754]]","[[208, 137], [161, 156]]"
disclosure_x_bias,162,init_hard,TD_U,exponential,23.06238613454636,29.205661544001327,0.6576027860808753,0.5483491632745364,14.446748564486851,37.22903613496787,0.008084680116339449,0.0335485152564103,"[[2161, 944], [1096, 1757]]","[[207, 138], [161, 156]]"
disclosure_x_bias,163,init_hard,TD_U,exponential,23.118172809917326,29.24227200379956,0.6574347188539845,0.5498417005879692,14.486341847047383,37.302337912576995,0.009231372232762294,0.03762654030972432,"[[2159, 946], [1095, 1758]]","[[206, 139], [159, 158]]"
disclosure_x_bias,164,init_hard,TD_U,exponential,23.100834846688677,29.176749890808377,0.6567635779143872,0.5498417005879692,14.483832725850466,37.15382653777788,0.009147102565181375,0.03762654030972432,"[[2160, 945], [1100, 1753]]","[[206, 139], [159, 158]]"
disclosure_x_bias,165,init_hard,TD_U,exponential,23.126070992055524,29.276222075435953,0.6570991483841859,0.5468113975576662,14.495108809419628,37.41752053714077,0.00785714146780082,0.032046450772932944,"[[2164, 941], [1102, 1751]]","[[206, 139], [161, 156]]"
disclosure_x_bias,166,init_hard,TD_U,exponential,23.104414938541904,29.274101629337707,0.6574347188539845,0.5468113975576662,14.494239033565586,37.405608110136555,0.007996744346967517,0.032046450772932944,"[[2165, 940], [1101, 1752]]","[[206, 139], [161, 156]]"
disclosure_x_bias,167,init_hard,TD_U,exponential,23.102060983721852,29.2818386661368,0.6577705713157747,0.5498643147896879,14.4995278262724,37.42870289795011,0.007419664285699753,0.038675831559445935,"[[2159, 946], [1093, 1760]]","[[206, 139], [159, 158]]"
disclosure_x_bias,168,init_hard,TD_U,exponential,23.107657433652797,29.28906719687733,0.6576025040888839,0.5483491632745364,14.504034752609096,37.430239435105946,0.007620966650341623,0.03715614200319196,"[[2163, 942], [1098, 1755]]","[[206, 139], [160, 157]]"
disclosure_x_bias,169,init_hard,TD_U,exponential,23.11403589197107,29.295709549950935,0.6576025040888839,0.5468340117593848,14.516719541963887,37.4599734073609,0.007620966650341623,0.03327447523949848,"[[2161, 944], [1096, 1757]]","[[206, 139], [161, 156]]"
disclosure_x_bias,170,init_hard,TD_U,exponential,23.11167719580753,29.30908921605294,0.6576025040888839,0.5498643147896879,14.510695620803574,37.45044843414041,0.007620966650341623,0.038675831559445935,"[[2159, 946], [1094, 1759]]","[[206, 139], [159, 158]]"
disclosure_x_bias,171,init_hard,TD_U,exponential,23.096793139599693,29.275334680534154,0.6581067057695561,0.5452962460425147,14.508483042285576,37.41733606160644,0.00826056763342527,0.03086211218986316,"[[2167, 938], [1099, 1754]]","[[205, 140], [161, 156]]"
disclosure_x_bias,172,init_hard,TD_U,exponential,23.051242262920457,29.267477155901577,0.6579386385426653,0.5498417005879692,14.50529469081354,37.42487739911587,0.00810924506977823,0.03762654030972432,"[[2166, 939], [1099, 1754]]","[[206, 139], [159, 158]]"
disclosure_x_bias,173,init_hard,TD_U,exponential,23.035511703667925,29.270407325925568,0.6577708533077661,0.5483265490728177,14.493004767918219,37.41687394836789,0.00847077167918179,0.036762134566195495,"[[2165, 940], [1099, 1754]]","[[205, 140], [159, 158]]"
disclosure_x_bias,174,init_hard,TD_U,exponential,23.059558851940498,29.283350792993808,0.6576030680728667,0.5483265490728177,14.481357719289251,37.431661695454395,0.009127754781183788,0.036762134566195495,"[[2167, 938], [1102, 1751]]","[[205, 140], [159, 158]]"
disclosure_x_bias,175,init_hard,TD_U,exponential,23.02540382799378,29.239410463920525,0.6584419942473634,0.5483265490728177,14.532878852882854,37.44340352147377,0.00894053760051452,0.036762134566195495,"[[2165, 940], [1095, 1758]]","[[205, 140], [159, 158]]"
disclosure_x_bias,176,init_hard,TD_U,exponential,23.005752936923354,29.239505706539763,0.6584419942473634,0.5483265490728177,14.511254101155057,37.40425124002505,0.00894053760051452,0.036762134566195495,"[[2167, 938], [1097, 1756]]","[[205, 140], [159, 158]]"
disclosure_x_bias,177,init_hard,TD_U,exponential,23.01116726710628,29.24989047483063,0.6584419942473634,0.5498417005879692,14.518165703160927,37.445307692831165,0.00894053760051452,0.03762654030972432,"[[2166, 939], [1096, 1757]]","[[206, 139], [159, 158]]"
disclosure_x_bias,178,init_hard,TD_U,exponential,23.016407387709734,29.26750109677905,0.6582739270204726,0.5513342379014021,14.523435801892335,37.43230108480529,0.009156385426992137,0.0386715339162677,"[[2167, 938], [1098, 1755]]","[[207, 138], [159, 158]]"
disclosure_x_bias,179,init_hard,TD_U,exponential,23.008357062347354,29.27318543874093,0.6584419942473634,0.5498417005879692,14.526615148577868,37.495954456026304,0.00894053760051452,0.03762654030972432,"[[2166, 939], [1096, 1757]]","[[206, 139], [159, 158]]"
disclosure_x_bias,180,init_hard,TD_U,exponential,23.00704887177326,29.268913090126755,0.6582739270204726,0.5513342379014021,14.53869307233179,37.4513497034895,0.009156385426992137,0.0386715339162677,"[[2166, 939], [1097, 1756]]","[[207, 138], [159, 158]]"
disclosure_x_bias,181,init_hard,TD_U,exponential,23.005676251377896,29.28499664251968,0.6587781287011449,0.5513342379014021,14.54205651371982,37.50017772502238,0.009722644350628471,0.0386715339162677,"[[2164, 941], [1092, 1761]]","[[207, 138], [159, 158]]"
disclosure_x_bias,182,init_hard,TD_U,exponential,22.98152168270645,29.231197155298986,0.6589461959280356,0.5513116236996833,14.548333986222005,37.49210996802677,0.009509748737428481,0.03956666079337157,"[[2166, 939], [1093, 1760]]","[[206, 139], [158, 159]]"
disclosure_x_bias,183,init_hard,TD_U,exponential,23.01868858613829,29.247756645215624,0.6589461959280356,0.5498190863862505,14.555721591755713,37.49536261707937,0.009343839351209988,0.03789737346809807,"[[2166, 939], [1093, 1760]]","[[206, 139], [159, 158]]"
disclosure_x_bias,184,init_hard,TD_U,exponential,23.031238813904213,29.257533090722298,0.6584428402233377,0.5513116236996833,14.558772095028125,37.44706673255298,0.0093185571402634,0.041455593759211665,"[[2166, 939], [1096, 1757]]","[[206, 139], [158, 159]]"
disclosure_x_bias,185,init_hard,TD_U,exponential,23.017954983203058,29.210569954866276,0.6591142631549264,0.5513116236996833,14.553528407685677,37.44835802670597,0.00915301991457081,0.04083565906653688,"[[2165, 940], [1091, 1762]]","[[205, 140], [157, 160]]"
disclosure_x_bias,186,init_hard,TD_U,exponential,23.0009989329524,29.242406719417914,0.6594495516327337,0.5528041610131162,14.532718320573855,37.51792751171648,0.009065654295897452,0.0435020612974351,"[[2166, 939], [1090, 1763]]","[[206, 139], [157, 160]]"
disclosure_x_bias,187,init_hard,TD_U,exponential,23.02310939582693,29.267178115182087,0.6594495516327337,0.5513116236996833,14.5836377003615,37.50122421783905,0.009168581141561973,0.03956666079337157,"[[2168, 937], [1092, 1761]]","[[206, 139], [158, 159]]"
disclosure_x_bias,188,init_hard,TD_U,exponential,23.017474274168798,29.265167127845825,0.6592817663978343,0.5528267752148349,14.556356506855156,37.53476889719826,0.009778810258987749,0.04024638974907638,"[[2168, 937], [1093, 1760]]","[[207, 138], [158, 159]]"
disclosure_x_bias,189,init_hard,TD_U,exponential,23.00769017909176,29.214049042988346,0.6594495516327337,0.5497964721845319,14.555227321345125,37.38981823903325,0.009404364001267127,0.04073344439375246,"[[2168, 937], [1092, 1761]]","[[205, 140], [158, 159]]"
disclosure_x_bias,190,init_hard,TD_U,exponential,23.01988889022787,29.24211355787857,0.6594495516327337,0.5528267752148349,14.567021191720556,37.44007061188475,0.009236561862539879,0.04024638974907638,"[[2168, 937], [1092, 1761]]","[[207, 138], [158, 159]]"
disclosure_x_bias,191,init_hard,TD_U,exponential,22.980524642060413,29.204022546986558,0.6592817663978343,0.5528267752148349,14.557510265627805,37.393175956014005,0.00925286825542845,0.04024638974907638,"[[2167, 938], [1092, 1761]]","[[207, 138], [158, 159]]"
disclosure_x_bias,192,init_hard,TD_U,exponential,22.973270831206108,29.204102143544326,0.6592820483898257,0.5528041610131162,14.556692076165723,37.41340711516879,0.009474785270931296,0.0435020612974351,"[[2167, 938], [1092, 1761]]","[[206, 139], [157, 160]]"
disclosure_x_bias,193,init_hard,TD_U,exponential,22.91655297279325,29.14673960246135,0.659617336867633,0.5512890094979647,14.5974333932949,37.40572491998235,0.009871216851980827,0.04404693358902919,"[[2167, 938], [1090, 1763]]","[[205, 140], [157, 160]]"
disclosure_x_bias,194,init_hard,TD_U,exponential,22.957094249123664,29.16352688265486,0.6597856860865152,0.5512890094979647,14.615119490390788,37.475376971926686,0.009538401403978625,0.042873091252388626,"[[2168, 937], [1090, 1763]]","[[205, 140], [157, 160]]"
disclosure_x_bias,195,init_hard,TD_U,exponential,22.966279720353164,29.195890288257782,0.6604562630421296,0.5528041610131162,14.638836683769506,37.554447608106884,0.00899550464879167,0.04291170160452097,"[[2166, 939], [1084, 1769]]","[[206, 139], [157, 160]]"
disclosure_x_bias,196,init_hard,TD_U,exponential,22.9724693383208,29.183327582324846,0.6604565450341211,0.5512890094979647,14.608848591321962,37.505837519167784,0.009053585576783275,0.04404693358902919,"[[2166, 939], [1084, 1769]]","[[205, 140], [157, 160]]"
disclosure_x_bias,197,init_hard,TD_U,exponential,22.939178745787338,29.17813701135983,0.6602884778072303,0.5497738579828132,14.618445783751971,37.451452585567296,0.008893456498084186,0.043367078005707896,"[[2166, 939], [1085, 1768]]","[[204, 141], [157, 160]]"
disclosure_x_bias,198,init_hard,TD_U,exponential,22.94752671652764,29.190473015169268,0.660792961479894,0.5528041610131162,14.634783967148906,37.50351693537168,0.009072281011333097,0.04291170160452097,"[[2166, 939], [1082, 1771]]","[[206, 139], [157, 160]]"
disclosure_x_bias,199,init_hard,TD_U,exponential,22.933506206119855,29.206562442770498,0.660792961479894,0.5512890094979647,14.624257173908804,37.47243172041166,0.009673005570590976,0.04227394884565772,"[[2167, 938], [1083, 1770]]","[[205, 140], [157, 160]]"
disclosure_x_bias,200,init_hard,TD_U,exponential,22.731965447467697,28.42592578673367,0.6607932434718855,0.5512890094979647,14.567627395263907,35.67689612106683,0.01001258331020059,0.04404693358902919,"[[2165, 940], [1081, 1772]]","[[205, 140], [157, 160]]"
disclosure_x_bias,201,init_hard,TD_U,exponential,22.83961071026154,29.03960608852982,0.6602890417912131,0.5497738579828132,14.493807223672738,36.30582283962147,0.009384778682936204,0.04565921883776122,"[[2162, 943], [1081, 1772]]","[[203, 142], [156, 161]]"
disclosure_x_bias,202,init_hard,TD_U,exponential,22.840086493581058,29.021729565932038,0.6611288139416841,0.5512890094979647,14.532561370366487,36.21716277729643,0.009795751955161172,0.04404693358902919,"[[2168, 937], [1082, 1771]]","[[205, 140], [157, 160]]"
disclosure_x_bias,203,init_hard,TD_U,exponential,22.84535722646408,29.03862890988531,0.6606243302690203,0.5512890094979647,14.52830179876379,36.2678335992905,0.008907923450128395,0.04404693358902919,"[[2168, 937], [1085, 1768]]","[[205, 140], [157, 160]]"
disclosure_x_bias,204,init_hard,TD_U,exponential,22.834423669653713,29.033406113998247,0.660792961479894,0.5497738579828132,14.50685230128326,36.23518846670048,0.009575502307033442,0.043367078005707854,"[[2166, 939], [1082, 1771]]","[[204, 141], [157, 160]]"
disclosure_x_bias,205,init_hard,TD_U,exponential,22.907978480280555,29.033947810163397,0.6606246122610118,0.5543193125282677,14.561701131600023,36.27721562327803,0.008965509536161907,0.04168446221725198,"[[2162, 943], [1079, 1774]]","[[206, 139], [156, 161]]"
disclosure_x_bias,206,init_hard,TD_U,exponential,22.839189334781427,29.016574004784893,0.6614638204274998,0.5543193125282677,14.514966087682755,36.236448363995315,0.009934260664185146,0.0434814902910718,"[[2163, 942], [1075, 1778]]","[[205, 140], [155, 162]]"
disclosure_x_bias,207,init_hard,TD_U,exponential,22.837863346671586,29.032203027868086,0.6612957532006091,0.5528041610131162,14.52004645242938,36.28066103844055,0.00809540067836129,0.04231310591371295,"[[2165, 940], [1078, 1775]]","[[205, 140], [156, 161]]"
disclosure_x_bias,208,init_hard,TD_U,exponential,22.839623868639894,29.045010992313344,0.6617993908972986,0.5558344640434193,14.518050433648712,36.263734031263915,0.009260758208067453,0.0422104102494349,"[[2168, 937], [1078, 1775]]","[[207, 138], [156, 161]]"
disclosure_x_bias,209,init_hard,TD_U,exponential,22.835425904512668,29.051750219695073,0.6623024646100051,0.5543193125282677,14.524800498987497,36.323750406759345,0.007915918096209106,0.04289084745493165,"[[2166, 939], [1073, 1780]]","[[206, 139], [156, 161]]"
disclosure_x_bias,210,init_hard,TD_U,exponential,22.865514823047896,29.100042940699364,0.6619668941402064,0.5543193125282677,14.584358427321161,36.35676806750755,0.010355900353039503,0.04289084745493165,"[[2163, 942], [1072, 1781]]","[[206, 139], [156, 161]]"
disclosure_x_bias,211,init_hard,TD_U,exponential,22.85945697127939,29.043331546608936,0.6629741695335852,0.5543193125282677,14.592931242396556,36.32663258206265,0.008508837151717944,0.04168446221725197,"[[2167, 938], [1070, 1783]]","[[206, 139], [156, 161]]"
disclosure_x_bias,212,init_hard,TD_U,exponential,22.86117520254358,29.06815141365508,0.6629741695335852,0.5543193125282677,14.604388733944015,36.344253843051895,0.009933549334854911,0.04168446221725197,"[[2165, 940], [1068, 1785]]","[[206, 139], [156, 161]]"
disclosure_x_bias,213,init_hard,TD_U,exponential,22.84070794184848,29.005380619559496,0.6626385990637866,0.5528041610131162,14.573110174609681,36.207937024157566,0.009284624318667011,0.04231310591371295,"[[2166, 939], [1071, 1782]]","[[205, 140], [156, 161]]"
disclosure_x_bias,214,init_hard,TD_U,exponential,22.85473631325098,29.05907446950486,0.6631419547684846,0.5528041610131162,14.585082359998946,36.2791268729179,0.009225552561262316,0.04231310591371295,"[[2166, 939], [1068, 1785]]","[[205, 140], [156, 161]]"
disclosure_x_bias,215,init_hard,TD_U,exponential,22.837887245935228,29.039891479749446,0.6633097400033839,0.5512890094979647,14.574906929486115,36.23782088397072,0.009727835497910809,0.041666191912327774,"[[2171, 934], [1072, 1781]]","[[205, 140], [157, 160]]"
disclosure_x_bias,216,init_hard,TD_U,exponential,22.83091851025527,29.041261451458023,0.6633097400033839,0.5528041610131162,14.590602034271921,36.2393105642947,0.008992643642004382,0.04231310591371295,"[[2163, 942], [1064, 1789]]","[[205, 140], [156, 161]]"
disclosure_x_bias,217,init_hard,TD_U,exponential,22.814926669200812,29.034466067948113,0.6636453104731825,0.5528041610131162,14.58848192811183,36.2528939312076,0.008533416496744493,0.04108976182705836,"[[2170, 935], [1069, 1784]]","[[206, 139], [157, 160]]"
disclosure_x_bias,218,init_hard,TD_U,exponential,22.846570736879816,29.1419318289228,0.663309176019401,0.5528041610131162,14.600698250707639,36.48861369182668,0.00887728386465193,0.04108976182705836,"[[2170, 935], [1071, 1782]]","[[206, 139], [157, 160]]"
disclosure_x_bias,219,init_hard,TD_U,exponential,22.843735738430972,29.141889262812548,0.6636453104731825,0.5528041610131162,14.60460722284913,36.4736874388025,0.008533416496744493,0.04108976182705836,"[[2169, 936], [1068, 1785]]","[[206, 139], [157, 160]]"
disclosure_x_bias,220,init_hard,TD_U,exponential,22.825735839289106,29.130471013278775,0.6639811629349726,0.5528041610131162,14.600965034715175,36.48808356588976,0.00869357685420802,0.04108976182705836,"[[2170, 935], [1067, 1786]]","[[206, 139], [157, 160]]"
disclosure_x_bias,221,init_hard,TD_U,exponential,22.831066551923062,29.132312358354323,0.6636450284811911,0.5497738579828132,14.591538970771996,36.49911861302928,0.008361269485333922,0.0415651037188901,"[[2170, 935], [1069, 1784]]","[[204, 141], [157, 160]]"
disclosure_x_bias,222,init_hard,TD_U,exponential,22.825954348240455,29.130852535124767,0.6636450284811911,0.5512890094979647,14.610216552565994,36.49536132625075,0.008727359386548778,0.04104943782738782,"[[2169, 936], [1068, 1785]]","[[205, 140], [157, 160]]"
disclosure_x_bias,223,init_hard,TD_U,exponential,22.82447802088347,29.12339522916316,0.6639808809429812,0.5512890094979647,14.611759656650756,36.457371684749354,0.008561291767403594,0.04104943782738782,"[[2173, 932], [1070, 1783]]","[[205, 140], [157, 160]]"
disclosure_x_bias,224,init_hard,TD_U,exponential,22.841628071158638,29.14111934096785,0.6639805989509898,0.5512890094979647,14.622387224856327,36.511264115194884,0.00889545303082036,0.04104943782738782,"[[2166, 939], [1063, 1790]]","[[205, 140], [157, 160]]"
disclosure_x_bias,225,init_hard,TD_U,exponential,22.799441396331968,29.123006212730342,0.6643161694207884,0.5497738579828132,14.637640789227397,36.50208616687323,0.008326414564243507,0.043367078005707854,"[[2161, 944], [1056, 1797]]","[[203, 142], [156, 161]]"
disclosure_x_bias,226,init_hard,TD_U,exponential,22.796528059206242,29.099887001012387,0.6641483841858891,0.5512890094979647,14.627223268323434,36.470603421171695,0.008671724632402006,0.0446222765121492,"[[2157, 948], [1053, 1800]]","[[203, 142], [155, 162]]"
disclosure_x_bias,227,init_hard,TD_U,exponential,22.788694558764753,29.115976898036166,0.664148948169872,0.5497738579828132,14.633207382533872,36.48439598024599,0.009606898948950183,0.043367078005707854,"[[2161, 944], [1057, 1796]]","[[203, 142], [156, 161]]"
disclosure_x_bias,228,init_hard,TD_U,exponential,22.79629869187968,29.074619738177823,0.6644839546556878,0.5497738579828132,14.635687146148644,36.39972387423671,0.009098929165506529,0.043367078005707854,"[[2164, 941], [1058, 1795]]","[[203, 142], [156, 161]]"
disclosure_x_bias,229,init_hard,TD_U,exponential,22.812445043942194,29.13994101143158,0.6649878743443687,0.5482587064676616,14.642156948757734,36.473593143005246,0.009176798249788043,0.04261658163974348,"[[2171, 934], [1062, 1791]]","[[202, 143], [156, 161]]"
disclosure_x_bias,230,init_hard,TD_U,exponential,22.794277002293448,29.07510627288034,0.6644842366476792,0.5497738579828132,14.648430428673691,36.39677114570315,0.009086823907147011,0.043367078005707854,"[[2162, 943], [1056, 1797]]","[[202, 143], [155, 162]]"
disclosure_x_bias,231,init_hard,TD_U,exponential,22.793831383487795,29.06812029530837,0.6654909480570752,0.5497738579828132,14.651134145463272,36.37638475489838,0.008948223993641445,0.043367078005707854,"[[2169, 936], [1057, 1796]]","[[203, 142], [156, 161]]"
disclosure_x_bias,232,init_hard,TD_U,exponential,22.754040197109948,29.02141069795831,0.665491512041058,0.5482587064676616,14.653190075322515,36.43037161362516,0.009469662164904637,0.04261658163974348,"[[2171, 934], [1059, 1794]]","[[202, 143], [156, 161]]"
disclosure_x_bias,233,init_hard,TD_U,exponential,22.754500079217657,29.026969239925016,0.6658273645028482,0.5497738579828132,14.652004556251025,36.432525400924284,0.009342771220441517,0.043367078005707854,"[[2171, 934], [1057, 1796]]","[[203, 142], [156, 161]]"
disclosure_x_bias,234,init_hard,TD_U,exponential,22.74803887711909,29.034086940817637,0.6663310021995376,0.5482587064676616,14.653591983283171,36.45815630360113,0.010183179880099435,0.04261658163974348,"[[2173, 932], [1056, 1797]]","[[202, 143], [156, 161]]"
disclosure_x_bias,235,init_hard,TD_U,exponential,22.765520354603957,29.025259954309057,0.6664990694264283,0.5482587064676616,14.675993503615675,36.41858469616529,0.010027467753481836,0.04261658163974348,"[[2174, 931], [1056, 1797]]","[[202, 143], [156, 161]]"
disclosure_x_bias,236,init_hard,TD_U,exponential,22.75659277885011,29.045477955276834,0.6664985054424454,0.5482587064676616,14.664051769050316,36.47190186937384,0.009828907623367758,0.04261658163974348,"[[2175, 930], [1057, 1796]]","[[202, 143], [156, 161]]"
disclosure_x_bias,237,init_hard,TD_U,exponential,22.691446304598212,29.04618843058959,0.6666662906773448,0.5497738579828132,14.698790153341937,36.44259134434719,0.010659936322602434,0.043367078005707854,"[[2172, 933], [1053, 1800]]","[[203, 142], [156, 161]]"
disclosure_x_bias,238,init_hard,TD_U,exponential,22.668363276665698,29.047685072584436,0.6663298742315719,0.5482587064676616,14.65539325841745,36.474779679104216,0.010646357448966824,0.04261658163974348,"[[2174, 931], [1057, 1796]]","[[202, 143], [156, 161]]"
disclosure_x_bias,239,init_hard,TD_U,exponential,22.713113117098203,29.00496616422451,0.6670018611471434,0.5497738579828132,14.686062220311284,36.36419811507399,0.011512444133069677,0.043367078005707854,"[[2173, 932], [1052, 1801]]","[[203, 142], [156, 161]]"
disclosure_x_bias,240,init_hard,TD_U,exponential,22.697113717276643,28.990981927931433,0.6668343579042355,0.5497738579828132,14.683038102469409,36.33177753415877,0.011171164361893336,0.043367078005707854,"[[2173, 932], [1053, 1800]]","[[203, 142], [156, 161]]"
disclosure_x_bias,241,init_hard,TD_U,exponential,22.689948374898098,28.992448195102327,0.6666662906773448,0.5482587064676616,14.647010083600529,36.3512293845286,0.011372101358882575,0.04261658163974348,"[[2173, 932], [1054, 1799]]","[[202, 143], [156, 161]]"
disclosure_x_bias,242,init_hard,TD_U,exponential,22.703683768368894,29.02677640817858,0.6670018611471434,0.5482587064676616,14.688949772619498,36.39088544525425,0.010724721042589239,0.04261658163974348,"[[2174, 931], [1053, 1800]]","[[202, 143], [156, 161]]"
disclosure_x_bias,243,init_hard,TD_U,exponential,22.704148704132287,28.991804029164804,0.667001579155152,0.5482587064676616,14.699088388132958,36.355012563360745,0.011548092174930507,0.04261658163974348,"[[2176, 929], [1055, 1798]]","[[202, 143], [156, 161]]"
disclosure_x_bias,244,init_hard,TD_U,exponential,22.700992862832255,28.997275698807094,0.6663298742315719,0.5497738579828132,14.701895039912225,36.374961433967975,0.010994615086354012,0.043367078005707854,"[[2171, 934], [1054, 1799]]","[[203, 142], [156, 161]]"
disclosure_x_bias,245,init_hard,TD_U,exponential,22.69913706751959,28.986234977673423,0.6670027071231177,0.5482813206693804,14.698331456564615,36.365085573670335,0.009995760383262314,0.04119210622481848,"[[2177, 928], [1056, 1797]]","[[203, 142], [157, 160]]"
disclosure_x_bias,246,init_hard,TD_U,exponential,22.70582208742866,28.970959274051705,0.6668340759122441,0.5482813206693804,14.708407524199803,36.32566155042608,0.010276076729006186,0.03929050785680515,"[[2177, 928], [1057, 1796]]","[[203, 142], [157, 160]]"
disclosure_x_bias,247,init_hard,TD_U,exponential,22.699383368054246,29.00917518877001,0.6675057808358242,0.5482813206693804,14.70215519100103,36.386653256838315,0.009540748162240454,0.04119210622481848,"[[2180, 925], [1056, 1797]]","[[203, 142], [157, 160]]"
disclosure_x_bias,248,init_hard,TD_U,exponential,22.666711071297264,28.955508002753874,0.668177203767413,0.5482813206693804,14.7078025857184,36.40362042315411,0.01049629338101859,0.04119210622481848,"[[2183, 922], [1055, 1798]]","[[203, 142], [157, 160]]"
disclosure_x_bias,249,init_hard,TD_U,exponential,22.671252327353223,28.980323803368538,0.6680091365405223,0.5482813206693804,14.710030747602065,36.43125999347282,0.009623977280553926,0.04119210622481848,"[[2182, 923], [1055, 1798]]","[[203, 142], [157, 160]]"
disclosure_x_bias,250,init_hard,TD_U,exponential,22.675974632299656,28.957637189782826,0.6680085725565393,0.5497964721845319,14.724785847150354,36.40275298456866,0.009934057412736895,0.04010234768250568,"[[2182, 923], [1055, 1798]]","[[204, 141], [157, 160]]"
disclosure_x_bias,251,init_hard,TD_U,exponential,22.676111503268267,29.011054663048448,0.6680091365405223,0.5482813206693804,14.717799875972473,36.4931919248644,0.009785138012538223,0.04119210622481848,"[[2180, 925], [1053, 1800]]","[[203, 142], [157, 160]]"
disclosure_x_bias,252,init_hard,TD_U,exponential,22.679472809576453,29.0034016298661,0.6675052168518414,0.5482813206693804,14.758104693805615,36.470326793756996,0.00991670295586104,0.0430097107968397,"[[2180, 925], [1056, 1797]]","[[203, 142], [157, 160]]"
disclosure_x_bias,253,init_hard,TD_U,exponential,22.680968075135233,29.021242451352787,0.6680085725565394,0.5482813206693804,14.738214600294677,36.50629217216678,0.009548734331461249,0.04119210622481848,"[[2183, 922], [1056, 1797]]","[[203, 142], [157, 160]]"
disclosure_x_bias,254,init_hard,TD_U,exponential,22.67999266834762,29.020364735702778,0.6675052168518414,0.5482813206693804,14.756805536818298,36.47431701311183,0.00991670295586104,0.0430097107968397,"[[2180, 925], [1056, 1797]]","[[203, 142], [157, 160]]"
disclosure_x_bias,255,init_hard,TD_U,exponential,22.64211000325385,29.039279371589874,0.6678407873216401,0.5497964721845319,14.809115138895017,36.53132059156367,0.00972990782145283,0.04010234768250568,"[[2182, 923], [1056, 1797]]","[[204, 141], [157, 160]]"
disclosure_x_bias,256,init_hard,TD_U,exponential,22.64629829056714,29.013959477066937,0.6688474987310361,0.5497964721845319,14.798219636637652,36.47658662660515,0.008994932103749322,0.04010234768250568,"[[2186, 919], [1054, 1799]]","[[204, 141], [157, 160]]"
disclosure_x_bias,257,init_hard,TD_U,exponential,22.636907175716733,29.0335222298644,0.6693511364277255,0.5483039348710991,14.812414557142494,36.49920960673374,0.008918121158693924,0.03839092576288883,"[[2186, 919], [1051, 1802]]","[[203, 142], [157, 160]]"
disclosure_x_bias,258,init_hard,TD_U,exponential,22.64771210784092,29.043519092749413,0.6686799954881282,0.5483039348710991,14.783232413120531,36.54184332156872,0.010100126056393932,0.03839092576288883,"[[2181, 924], [1050, 1803]]","[[203, 142], [157, 160]]"
disclosure_x_bias,259,init_hard,TD_U,exponential,22.64859810731445,29.02625094510366,0.6696869888895155,0.5483039348710991,14.783011235289104,36.4986831173132,0.00941584412529657,0.03839092576288883,"[[2185, 920], [1048, 1805]]","[[203, 142], [157, 160]]"
disclosure_x_bias,260,init_hard,TD_U,exponential,22.665156791770723,29.57106020077211,0.6696869888895155,0.5483039348710991,14.631430519151689,36.96946981863248,0.00964634827384946,0.03839092576288883,"[[2187, 918], [1050, 1803]]","[[203, 142], [157, 160]]"
disclosure_x_bias,261,init_hard,TD_U,exponential,22.710403326349443,29.501137887060686,0.6696875528734985,0.5498190863862505,14.685618785353473,36.9052216202697,0.009123376460500588,0.03856457076528738,"[[2186, 919], [1049, 1804]]","[[203, 142], [156, 161]]"
disclosure_x_bias,262,init_hard,TD_U,exponential,22.691716709596285,29.531951503331705,0.670190626586205,0.5483039348710991,14.713070614612448,36.91860480330794,0.009880295537018984,0.03839092576288883,"[[2189, 916], [1049, 1804]]","[[203, 142], [157, 160]]"
disclosure_x_bias,263,init_hard,TD_U,exponential,22.69220899076394,29.48753400029828,0.6695192036546163,0.5498190863862505,14.702720948891953,36.899159644824664,0.009567666623681692,0.03856457076528738,"[[2187, 918], [1051, 1802]]","[[203, 142], [156, 161]]"
disclosure_x_bias,264,init_hard,TD_U,exponential,22.69775768163279,29.51358497531253,0.6701909085781963,0.5483039348710991,14.709931393012077,36.91600674217463,0.010213725314213358,0.03839092576288883,"[[2188, 917], [1048, 1805]]","[[203, 142], [157, 160]]"
disclosure_x_bias,265,init_hard,TD_U,exponential,22.68432484684179,29.493259966505907,0.6698553381083977,0.5483039348710991,14.696893943883769,36.89534690889753,0.010768699581988351,0.03772065718411182,"[[2185, 920], [1047, 1806]]","[[202, 143], [156, 161]]"
disclosure_x_bias,266,init_hard,TD_U,exponential,22.7102443451815,29.556781350781442,0.6693514184197169,0.5498190863862505,14.757111351098137,36.96988541688472,0.010397510298149509,0.03986548034793464,"[[2185, 920], [1050, 1803]]","[[203, 142], [156, 161]]"
disclosure_x_bias,267,init_hard,TD_U,exponential,22.688389920069604,29.524612721620418,0.6703586938130958,0.5513342379014021,14.72037767882486,36.93034480011867,0.009481978482368458,0.039968962214420235,"[[2188, 917], [1047, 1806]]","[[203, 142], [155, 162]]"
disclosure_x_bias,268,init_hard,TD_U,exponential,22.694639289445863,29.558774049003887,0.6693514184197169,0.5498190863862505,14.727055403808235,36.975133377773034,0.010030007530076877,0.03986548034793464,"[[2185, 920], [1050, 1803]]","[[203, 142], [156, 161]]"
disclosure_x_bias,269,init_hard,TD_U,exponential,22.7041537898282,29.541973457593446,0.6706953922508601,0.5498190863862505,14.728196258228811,36.93343827733177,0.009021748117932094,0.041740892790675055,"[[2191, 914], [1048, 1805]]","[[203, 142], [156, 161]]"
disclosure_x_bias,270,init_hard,TD_U,exponential,22.70014439389924,29.575776946954484,0.6698547741244149,0.545273631840796,14.736127890626648,37.001026478804555,0.009688945671680084,0.042894689247702046,"[[2189, 916], [1051, 1802]]","[[201, 144], [157, 160]]"
disclosure_x_bias,271,init_hard,TD_U,exponential,22.708065355373193,29.59869119464248,0.6708631774857594,0.5498190863862505,14.73813386486083,37.054125992075505,0.009149665312270119,0.041740892790675055,"[[2192, 913], [1048, 1805]]","[[203, 142], [156, 161]]"
disclosure_x_bias,272,init_hard,TD_U,exponential,22.70187279634173,29.5244579361973,0.6701903445942136,0.5467887833559475,14.745433276558051,36.92073875694336,0.009954337752216482,0.0401054152314927,"[[2189, 916], [1049, 1804]]","[[202, 143], [157, 160]]"
disclosure_x_bias,273,init_hard,TD_U,exponential,22.714990266871787,29.62884571524607,0.6708631774857594,0.5467887833559475,14.743291387198287,37.14505831712406,0.009485375574122726,0.0401054152314927,"[[2192, 913], [1048, 1805]]","[[202, 143], [157, 160]]"
disclosure_x_bias,274,init_hard,TD_U,exponential,22.556307421561947,28.960493133655234,0.6713668151824488,0.5483039348710991,14.692116668904038,35.64872489891039,0.009393862157140687,0.04033495740077957,"[[2195, 910], [1048, 1805]]","[[202, 143], [156, 161]]"
disclosure_x_bias,275,init_hard,TD_U,exponential,22.524160493847315,28.8913350516305,0.6715346004173481,0.545273631840796,14.703571165258118,35.64863833378328,0.009731285652408887,0.03916456498513423,"[[2199, 906], [1051, 1802]]","[[202, 143], [158, 159]]"
disclosure_x_bias,276,init_hard,TD_U,exponential,22.533959258306076,28.91134880038254,0.6710303987366759,0.5483039348710991,14.720845982054572,35.680290077976665,0.009461667987051932,0.04033495740077957,"[[2196, 909], [1051, 1802]]","[[202, 143], [156, 161]]"
disclosure_x_bias,277,init_hard,TD_U,exponential,22.4895697662404,28.897828260460464,0.6710306807286673,0.5483039348710991,14.709469271365112,35.64012696034634,0.008905284314194439,0.04033495740077957,"[[2199, 906], [1054, 1799]]","[[202, 143], [156, 161]]"
disclosure_x_bias,278,init_hard,TD_U,exponential,22.50090848154444,28.912707244672994,0.6710306807286673,0.5483039348710991,14.722673935391938,35.682453582508025,0.008619704702143438,0.04033495740077957,"[[2198, 907], [1053, 1800]]","[[202, 143], [156, 161]]"
disclosure_x_bias,279,init_hard,TD_U,exponential,22.48861430626679,28.90617258104112,0.6706948282668772,0.5483039348710991,14.72174915734961,35.66538571482575,0.009483733831684502,0.04033495740077957,"[[2197, 908], [1054, 1799]]","[[202, 143], [156, 161]]"
disclosure_x_bias,280,init_hard,TD_U,exponential,22.48154851976448,28.899734793828298,0.6705270430319779,0.5467887833559475,14.729991560251099,35.6835181133522,0.008662681584040103,0.0401054152314927,"[[2196, 909], [1054, 1799]]","[[202, 143], [157, 160]]"
disclosure_x_bias,281,init_hard,TD_U,exponential,22.486828948872862,28.890629007329984,0.6703592577970785,0.5498190863862505,14.73107346329078,35.65892287991296,0.009623481931571762,0.0398654803479347,"[[2194, 911], [1053, 1800]]","[[202, 143], [155, 162]]"
disclosure_x_bias,282,init_hard,TD_U,exponential,22.503732578197564,28.89330812762097,0.6727102250296092,0.5513342379014021,14.727442609088403,35.64060127780899,0.009307231507436496,0.04060213224731065,"[[2202, 903], [1047, 1806]]","[[202, 143], [154, 163]]"
disclosure_x_bias,283,init_hard,TD_U,exponential,22.52376307463119,28.914511600031272,0.6715343184253567,0.5498190863862505,14.755100066540765,35.67260057947338,0.00918001050688681,0.0398654803479347,"[[2200, 905], [1052, 1801]]","[[202, 143], [155, 162]]"
disclosure_x_bias,284,init_hard,TD_U,exponential,22.522285762937294,28.893039786306936,0.6713662511984659,0.5498190863862505,14.750755494943215,35.62781988699896,0.009281312542267403,0.0398654803479347,"[[2199, 906], [1052, 1801]]","[[202, 143], [155, 162]]"
disclosure_x_bias,285,init_hard,TD_U,exponential,22.52879240504975,28.896121231295275,0.6717023856522475,0.5498190863862505,14.754628629131645,35.652885395910175,0.009277623415088017,0.0398654803479347,"[[2199, 906], [1050, 1803]]","[[202, 143], [155, 162]]"
disclosure_x_bias,286,init_hard,TD_U,exponential,22.512445122044696,28.862164566501303,0.6717023856522475,0.5483039348710991,14.75359885755135,35.57126632824328,0.009444696049105665,0.039697526194869444,"[[2199, 906], [1050, 1803]]","[[202, 143], [156, 161]]"
disclosure_x_bias,287,init_hard,TD_U,exponential,22.574906934141463,28.956433700582085,0.6715343184253568,0.5483039348710991,14.776033595829496,35.77145628463354,0.008831748497647425,0.039049691208279634,"[[2198, 907], [1050, 1803]]","[[202, 143], [156, 161]]"
disclosure_x_bias,288,init_hard,TD_U,exponential,22.564221449368706,28.961961365441745,0.6717023856522475,0.5483039348710991,14.77007189479248,35.758966664803005,0.009038534953921809,0.039049691208279634,"[[2198, 907], [1049, 1804]]","[[202, 143], [156, 161]]"
disclosure_x_bias,289,init_hard,TD_U,exponential,22.559725149336053,28.957635488284694,0.6720382381140376,0.5467887833559475,14.776175069190513,35.78073071709021,0.008714269785325158,0.04602821261133207,"[[2198, 907], [1047, 1806]]","[[200, 145], [155, 162]]"
disclosure_x_bias,290,init_hard,TD_U,exponential,22.55697245380492,28.97747154167656,0.6718701708871468,0.5467887833559475,14.764370481443642,35.81148112240083,0.00876142196367032,0.04602821261133207,"[[2199, 906], [1049, 1804]]","[[200, 145], [155, 162]]"
disclosure_x_bias,291,init_hard,TD_U,exponential,22.557358966920788,28.964638972970892,0.6722060233489369,0.5467887833559475,14.771806912925031,35.80617328604406,0.008818290416700661,0.04602821261133207,"[[2197, 908], [1045, 1808]]","[[200, 145], [155, 162]]"
disclosure_x_bias,292,init_hard,TD_U,exponential,22.565702842620702,28.998400964595994,0.6718698888951554,0.5497964721845319,14.78861710134329,35.851319866939996,0.008664809569789251,0.048191400945329754,"[[2197, 908], [1047, 1806]]","[[201, 144], [154, 163]]"
disclosure_x_bias,293,init_hard,TD_U,exponential,22.571305882604612,29.011833085003747,0.6722057413569454,0.5467887833559475,14.828632640339363,35.871393799020325,0.008614917664318012,0.04602821261133207,"[[2198, 907], [1046, 1807]]","[[200, 145], [155, 162]]"
disclosure_x_bias,294,init_hard,TD_U,exponential,22.556160331678623,29.0191663017263,0.672541311826744,0.545273631840796,14.80073519839129,35.8900796757328,0.009297053168380837,0.04577150181399661,"[[2202, 903], [1048, 1805]]","[[200, 145], [156, 161]]"
disclosure_x_bias,295,init_hard,TD_U,exponential,22.563355279632525,28.995618711397004,0.67321414471829,0.545273631840796,14.802861502320434,35.845352701953296,0.00932760757484165,0.04577150181399661,"[[2204, 901], [1046, 1807]]","[[200, 145], [156, 161]]"
disclosure_x_bias,296,init_hard,TD_U,exponential,22.51675278270634,29.01826802837894,0.6735497151880887,0.545273631840796,14.784436347447928,35.891724679402074,0.009032139538837122,0.04577150181399661,"[[2205, 900], [1045, 1808]]","[[200, 145], [156, 161]]"
disclosure_x_bias,297,init_hard,TD_U,exponential,22.52108967450732,29.01472998461469,0.6730460774913992,0.5437584803256444,14.776660369970788,35.8886409171953,0.009158594882804056,0.044892623866733546,"[[2204, 901], [1047, 1806]]","[[200, 145], [157, 160]]"
disclosure_x_bias,298,init_hard,TD_U,exponential,22.54758111914387,29.000669793160846,0.672541311826744,0.5483039348710991,14.774874017572904,35.865315444601336,0.008741694345154585,0.0467768748032251,"[[2194, 911], [1040, 1813]]","[[200, 145], [154, 163]]"
disclosure_x_bias,299,init_hard,TD_U,exponential,22.54541920176161,29.029605443561167,0.6720371101460719,0.5483039348710991,14.773554383659825,35.9269417609848,0.008580427037450941,0.0467768748032251,"[[2193, 912], [1042, 1811]]","[[200, 145], [154, 163]]"
disclosure_x_bias,300,init_hard,TD_U,exponential,22.5452450993673,29.008681941019894,0.6727093790536349,0.5483039348710991,14.778796625630124,35.88433737757732,0.00864499205537307,0.0467768748032251,"[[2198, 907], [1043, 1810]]","[[200, 145], [154, 163]]"
disclosure_x_bias,1,init_hard,CLD,log_loss,0.6425103956347165,0.8974948755609164,0.6181583103039874,0.5468566259611036,0.006762623238129577,0.2806540742380735,0.02399627250590758,0.024994530524254606,"[[2030, 1075], [1200, 1653]]","[[209, 136], [164, 153]]"
disclosure_x_bias,2,init_hard,CLD,log_loss,0.6416981009370419,0.8972420148569278,0.6189986464384412,0.5468566259611036,0.0067078064589824495,0.2806181268595453,0.022542693543351464,0.024994530524254606,"[[2037, 1068], [1202, 1651]]","[[209, 136], [164, 153]]"
disclosure_x_bias,3,init_hard,CLD,log_loss,0.640986949987836,0.8971473419714965,0.6216846201567876,0.5483717774762551,0.006672246729868829,0.28091247877535247,0.023567853171152977,0.02634345820143053,"[[2054, 1051], [1203, 1650]]","[[210, 135], [164, 153]]"
disclosure_x_bias,4,init_hard,CLD,log_loss,0.6402811407790996,0.8964834780129609,0.6225235463312841,0.5483717774762551,0.006648821840535468,0.2810583743134441,0.024269206599310325,0.02634345820143053,"[[2059, 1046], [1203, 1650]]","[[210, 135], [164, 153]]"
disclosure_x_bias,5,init_hard,CLD,log_loss,0.6396642171127638,0.8970450981358808,0.6247081382888726,0.5423790140208051,0.0066285505663089776,0.2812685019387889,0.022077652845517142,0.030334366460042173,"[[2089, 1016], [1220, 1633]]","[[210, 135], [168, 149]]"
disclosure_x_bias,6,init_hard,CLD,log_loss,0.6390354777614663,0.8971663451373552,0.6248756415317805,0.5423790140208051,0.0066480892630754055,0.2812836995914513,0.021654932822298304,0.030334366460042173,"[[2089, 1016], [1219, 1634]]","[[210, 135], [168, 149]]"
disclosure_x_bias,7,init_hard,CLD,log_loss,0.6384708717171581,0.8969210167999859,0.6255473464553607,0.5423790140208051,0.006646081196389079,0.28145763120019884,0.021462926398950966,0.030334366460042173,"[[2093, 1012], [1219, 1634]]","[[210, 135], [168, 149]]"
disclosure_x_bias,8,init_hard,CLD,log_loss,0.6379464604974279,0.896493537978802,0.6255473464553607,0.5438941655359566,0.006640513105340892,0.28174216789870243,0.02122846321516982,0.030878567880708453,"[[2098, 1007], [1224, 1629]]","[[211, 134], [168, 149]]"
disclosure_x_bias,9,init_hard,CLD,log_loss,0.6373967315571131,0.8961944074844613,0.6280641249788507,0.5529850746268656,0.006640398356466164,0.2818979473344323,0.016252076106795264,0.05321427545875726,"[[2073, 1032], [1184, 1669]]","[[209, 136], [160, 157]]"
disclosure_x_bias,10,init_hard,CLD,log_loss,0.6369138094625981,0.8965240282571315,0.6280641249788507,0.5529850746268656,0.006641893641406476,0.28178716164171297,0.016252076106795264,0.05321427545875726,"[[2071, 1034], [1182, 1671]]","[[209, 136], [160, 157]]"
disclosure_x_bias,11,init_hard,CLD,log_loss,0.6364104812606282,0.8967368224171312,0.6292386216231459,0.5529850746268656,0.006671529158196069,0.28199757532538927,0.014964813592615474,0.05321427545875726,"[[2095, 1010], [1199, 1654]]","[[211, 134], [162, 155]]"
disclosure_x_bias,12,init_hard,CLD,log_loss,0.6359237248004498,0.89643816178535,0.6295741920929446,0.5545002261420172,0.006693064315838096,0.28220956703678296,0.015125888453232074,0.05461141130067686,"[[2097, 1008], [1199, 1654]]","[[212, 133], [162, 155]]"
disclosure_x_bias,13,init_hard,CLD,log_loss,0.6354862270336082,0.8961929236298827,0.6302453330325418,0.5575305291723203,0.006691671406284392,0.28194025846417664,0.015049077773094213,0.054427058818320065,"[[2102, 1003], [1200, 1653]]","[[214, 131], [162, 155]]"
disclosure_x_bias,14,init_hard,CLD,log_loss,0.6350112812886903,0.8960010602580175,0.6304134002594326,0.5575305291723203,0.006731144429153465,0.28176520069882727,0.014827508648930543,0.054427058818320065,"[[2104, 1001], [1201, 1652]]","[[214, 131], [162, 155]]"
disclosure_x_bias,15,init_hard,CLD,log_loss,0.6345888542570455,0.8959891370246034,0.6304134002594326,0.5575305291723203,0.006738860283630503,0.2816955748756409,0.014827508648930543,0.054427058818320065,"[[2106, 999], [1203, 1650]]","[[214, 131], [162, 155]]"
disclosure_x_bias,16,init_hard,CLD,log_loss,0.634163871721053,0.8960163868217361,0.6304134002594326,0.5575305291723203,0.006757700832240251,0.28192125418785985,0.014827508648930543,0.054427058818320065,"[[2104, 1001], [1201, 1652]]","[[214, 131], [162, 155]]"
disclosure_x_bias,17,init_hard,CLD,log_loss,0.6337648660582802,0.8962596001755916,0.6304134002594326,0.5575305291723203,0.006765273685471711,0.28222720487233804,0.014827508648930543,0.054427058818320065,"[[2104, 1001], [1201, 1652]]","[[214, 131], [162, 155]]"
disclosure_x_bias,18,init_hard,CLD,log_loss,0.6333767414794524,0.8960302964012291,0.6310845411990299,0.5560153776571687,0.006774722386226679,0.2823058677183075,0.01516735907785623,0.054542701143771764,"[[2109, 996], [1202, 1651]]","[[214, 131], [163, 154]]"
disclosure_x_bias,19,init_hard,CLD,log_loss,0.6329926728316719,0.8957932992482652,0.6310845411990299,0.5560153776571687,0.006788488536011508,0.2820041524463008,0.01516735907785623,0.054542701143771764,"[[2109, 996], [1202, 1651]]","[[214, 131], [163, 154]]"
disclosure_x_bias,20,init_hard,CLD,log_loss,0.6326076785189654,0.8960230453625236,0.6322593198353167,0.5560153776571687,0.006818848100432514,0.2821351283205511,0.013293751960174467,0.054542701143771764,"[[2086, 1019], [1172, 1681]]","[[211, 134], [160, 157]]"
disclosure_x_bias,21,init_hard,CLD,log_loss,0.6322362909726317,0.8959603541822604,0.632427105070216,0.5560153776571687,0.006832719602005412,0.2820608997481221,0.013378739079275816,0.054542701143771764,"[[2087, 1018], [1172, 1681]]","[[211, 134], [160, 157]]"
disclosure_x_bias,22,init_hard,CLD,log_loss,0.6318544698118896,0.895846720383384,0.6325948903051153,0.5560153776571687,0.006854549636999594,0.28223841680331874,0.013622558493117536,0.054542701143771764,"[[2089, 1016], [1173, 1680]]","[[211, 134], [160, 157]]"
disclosure_x_bias,23,init_hard,CLD,log_loss,0.6315100938646369,0.8958389665403018,0.6317559641306187,0.5560153776571687,0.0068600940394441205,0.2821885513250368,0.015316989342932267,0.054542701143771764,"[[2113, 992], [1202, 1651]]","[[214, 131], [163, 154]]"
disclosure_x_bias,24,init_hard,CLD,log_loss,0.631162104817413,0.8952683060311853,0.632930460774914,0.5560153776571687,0.006873803951696818,0.28246192425223055,0.013776608346070793,0.054542701143771764,"[[2096, 1009], [1178, 1675]]","[[212, 133], [161, 156]]"
disclosure_x_bias,25,init_hard,CLD,log_loss,0.6308266453032537,0.8950420349285088,0.632930460774914,0.5560153776571687,0.006882547892156077,0.28249914356189226,0.013776608346070793,0.054542701143771764,"[[2096, 1009], [1178, 1675]]","[[212, 133], [161, 156]]"
disclosure_x_bias,26,init_hard,CLD,log_loss,0.6304861241393291,0.8951611593321452,0.6327626755400146,0.5560153776571687,0.006903966193187524,0.2825121935596089,0.013746526596675867,0.054542701143771764,"[[2095, 1010], [1178, 1675]]","[[212, 133], [161, 156]]"
disclosure_x_bias,27,init_hard,CLD,log_loss,0.6301418806587157,0.8952023994773217,0.6325948903051153,0.5560153776571687,0.006931683279671647,0.2825652315729738,0.013507261479315724,0.054542701143771764,"[[2095, 1010], [1179, 1674]]","[[212, 133], [161, 156]]"
disclosure_x_bias,28,init_hard,CLD,log_loss,0.6298066782428058,0.8945339132781273,0.6325948903051153,0.5560153776571687,0.006955479036979158,0.28274105042690234,0.013507261479315724,0.054542701143771764,"[[2095, 1010], [1179, 1674]]","[[212, 133], [161, 156]]"
disclosure_x_bias,29,init_hard,CLD,log_loss,0.629506669964924,0.8949691455958938,0.6325948903051153,0.5560153776571687,0.006959767452600397,0.28279697378728696,0.013507261479315724,0.054542701143771764,"[[2095, 1010], [1179, 1674]]","[[212, 133], [161, 156]]"
disclosure_x_bias,30,init_hard,CLD,log_loss,0.6292056267231311,0.8946378235486266,0.6332668772206869,0.5575305291723203,0.0069635662310212195,0.2829353646671335,0.014384516330233004,0.054427058818320065,"[[2099, 1006], [1179, 1674]]","[[212, 133], [160, 157]]"
disclosure_x_bias,31,init_hard,CLD,log_loss,0.628901841760484,0.8945699549372843,0.6336024476904856,0.5575305291723203,0.006974980466641313,0.28294360527453055,0.014448434051123388,0.054427058818320065,"[[2101, 1004], [1179, 1674]]","[[212, 133], [160, 157]]"
disclosure_x_bias,32,init_hard,CLD,log_loss,0.6286224181725265,0.8949530653710346,0.6336024476904856,0.559023066485753,0.0069753378674278985,0.28282971000576745,0.014448434051123388,0.05262143276816594,"[[2100, 1005], [1178, 1675]]","[[212, 133], [159, 158]]"
disclosure_x_bias,33,init_hard,CLD,log_loss,0.6283368772078866,0.894793832373308,0.6336021656984941,0.5575079149706015,0.006973313709541797,0.2829634167340788,0.014390390891490539,0.05278865485291557,"[[2099, 1006], [1177, 1676]]","[[212, 133], [160, 157]]"
disclosure_x_bias,34,init_hard,CLD,log_loss,0.6280098765759174,0.8946349569900592,0.6339380181602843,0.5575079149706015,0.006985388466781102,0.2829897551977047,0.014717537785987311,0.05278865485291557,"[[2102, 1003], [1178, 1675]]","[[212, 133], [160, 157]]"
disclosure_x_bias,35,init_hard,CLD,log_loss,0.6277253652364172,0.8945504712426198,0.6336024476904856,0.5575079149706015,0.007007372483555333,0.2831801163740773,0.014620602795170438,0.05278865485291557,"[[2100, 1005], [1178, 1675]]","[[212, 133], [160, 157]]"
disclosure_x_bias,36,init_hard,CLD,log_loss,0.6274622855701891,0.8946233294347662,0.6336024476904856,0.5590230664857531,0.007009963890094503,0.2832837733834088,0.014620602795170438,0.056816828575236386,"[[2092, 1013], [1170, 1683]]","[[212, 133], [159, 158]]"
disclosure_x_bias,37,init_hard,CLD,log_loss,0.6272042731088092,0.8944328849758003,0.634273588630083,0.5575079149706015,0.007018942929063807,0.28343379362823545,0.014549653004275834,0.058735336162099645,"[[2097, 1008], [1171, 1682]]","[[212, 133], [160, 157]]"
disclosure_x_bias,38,init_hard,CLD,log_loss,0.6269349488028813,0.8947313113181199,0.6341058033951835,0.5575079149706015,0.007022572485914347,0.2834187136364288,0.014516874816402254,0.058735336162099645,"[[2096, 1009], [1171, 1682]]","[[212, 133], [160, 157]]"
disclosure_x_bias,39,init_hard,CLD,log_loss,0.6266500470974303,0.8947345262972025,0.6359514409790762,0.5575079149706015,0.007060723081239602,0.2834212607277745,0.01417349521683008,0.05741771596366218,"[[2094, 1011], [1158, 1695]]","[[211, 134], [159, 158]]"
disclosure_x_bias,40,init_hard,CLD,log_loss,0.6263927400790573,0.8948634966942196,0.6359514409790762,0.5575079149706015,0.007066413801795603,0.28341092964158987,0.013973460188924591,0.05741771596366218,"[[2094, 1011], [1158, 1695]]","[[211, 134], [159, 158]]"
disclosure_x_bias,41,init_hard,CLD,log_loss,0.6261415256065813,0.8949406509537944,0.6357833737521854,0.5575079149706015,0.00707640210073587,0.2833414792574835,0.013720536788135972,0.05741771596366218,"[[2094, 1011], [1159, 1694]]","[[211, 134], [159, 158]]"
disclosure_x_bias,42,init_hard,CLD,log_loss,0.6258995624962529,0.8948996722821507,0.6366237098866392,0.5575079149706015,0.0070736827903790335,0.2833524493876862,0.012343412357652423,0.05741771596366218,"[[2102, 1003], [1162, 1691]]","[[211, 134], [159, 158]]"
disclosure_x_bias,43,init_hard,CLD,log_loss,0.6256656073954955,0.8948011013214078,0.6366237098866392,0.5575079149706015,0.007078120276176775,0.28326682204201487,0.012113193287527526,0.05741771596366218,"[[2102, 1003], [1162, 1691]]","[[211, 134], [159, 158]]"
disclosure_x_bias,44,init_hard,CLD,log_loss,0.6254096251898242,0.8945329446517789,0.6367914951215385,0.5575079149706015,0.007092343651693198,0.2834698165912295,0.01231861041502541,0.05741771596366218,"[[2103, 1002], [1162, 1691]]","[[211, 134], [159, 158]]"
disclosure_x_bias,45,init_hard,CLD,log_loss,0.6251460726154995,0.8942745391515843,0.6369592803564379,0.5575079149706015,0.007092143469990798,0.2834421654900692,0.012342006791031352,0.05741771596366218,"[[2104, 1001], [1162, 1691]]","[[211, 134], [159, 158]]"
disclosure_x_bias,46,init_hard,CLD,log_loss,0.6249095651503329,0.8943439137607305,0.6369592803564379,0.5575079149706015,0.007106029645634294,0.28356673211981376,0.012342006791031352,0.05741771596366218,"[[2104, 1001], [1162, 1691]]","[[211, 134], [159, 158]]"
disclosure_x_bias,47,init_hard,CLD,log_loss,0.6246771889437599,0.8945541413345548,0.637295132818228,0.5575079149706015,0.007104406357079218,0.28358061196516626,0.012296722667890857,0.05741771596366218,"[[2106, 999], [1162, 1691]]","[[211, 134], [159, 158]]"
disclosure_x_bias,48,init_hard,CLD,log_loss,0.6244426113113297,0.8943044448285876,0.6371273475833286,0.5590230664857531,0.007120758952033961,0.28327713618404693,0.012580334386517534,0.05591173047122658,"[[2106, 999], [1163, 1690]]","[[212, 133], [159, 158]]"
disclosure_x_bias,49,init_hard,CLD,log_loss,0.6241855730151086,0.8942044151403363,0.6372951328182279,0.5575079149706015,0.0071609699511460696,0.28328674733110887,0.012498566635238805,0.05741771596366218,"[[2106, 999], [1162, 1691]]","[[211, 134], [159, 158]]"
disclosure_x_bias,50,init_hard,CLD,log_loss,0.6239656553087819,0.8940451034133947,0.6374629180531273,0.5575079149706015,0.007162931463682959,0.2833994717321662,0.012712518719615876,0.05741771596366218,"[[2107, 998], [1162, 1691]]","[[211, 134], [159, 158]]"
disclosure_x_bias,51,init_hard,CLD,log_loss,0.6237218350328024,0.8940650078948187,0.6379662737578252,0.5575079149706015,0.007189853581479917,0.2834150746822517,0.012545738250678982,0.05741771596366218,"[[2110, 995], [1162, 1691]]","[[211, 134], [159, 158]]"
disclosure_x_bias,52,init_hard,CLD,log_loss,0.623506563233098,0.8940918103639957,0.6381340589927247,0.5590230664857531,0.007190077445537563,0.2834497000764615,0.012501331892314511,0.06155744664280422,"[[2114, 991], [1165, 1688]]","[[212, 133], [159, 158]]"
disclosure_x_bias,53,init_hard,CLD,log_loss,0.6232888002494433,0.894270286990808,0.6384696294625233,0.5590230664857531,0.007186733018736573,0.2834053415763319,0.012479900393805775,0.06155744664280422,"[[2115, 990], [1164, 1689]]","[[212, 133], [159, 158]]"
disclosure_x_bias,54,init_hard,CLD,log_loss,0.6230706060791882,0.8942388716556342,0.6386374146974225,0.5544776119402985,0.0072050166545930255,0.2833514892143645,0.01284846846933222,0.04949227103215141,"[[2125, 980], [1173, 1680]]","[[211, 134], [161, 156]]"
disclosure_x_bias,55,init_hard,CLD,log_loss,0.622848987692332,0.8943609566043473,0.6386374146974225,0.5544776119402985,0.007221600211723639,0.28310347040854233,0.0126769065583249,0.04949227103215141,"[[2126, 979], [1174, 1679]]","[[211, 134], [161, 156]]"
disclosure_x_bias,56,init_hard,CLD,log_loss,0.6226348199240452,0.8945614607384904,0.6393099655969771,0.5575305291723203,0.007228939866191166,0.2833706397631215,0.011175886394523478,0.06310791378440547,"[[2121, 984], [1165, 1688]]","[[212, 133], [160, 157]]"
disclosure_x_bias,57,init_hard,CLD,log_loss,0.6224350996487511,0.8944058575779341,0.6394777508318763,0.5575305291723203,0.007224508087831086,0.2833198193353775,0.011243450141738526,0.06310791378440547,"[[2121, 984], [1164, 1689]]","[[212, 133], [160, 157]]"
disclosure_x_bias,58,init_hard,CLD,log_loss,0.6222322410221176,0.8943137991882978,0.639813321301675,0.5560153776571687,0.007213557831245263,0.2830645634555787,0.010891363737131059,0.0590343821290809,"[[2122, 983], [1163, 1690]]","[[211, 134], [160, 157]]"
disclosure_x_bias,59,init_hard,CLD,log_loss,0.6220331475309763,0.8942196298664058,0.6401488917714737,0.5545002261420172,0.007214010442125692,0.28280668315284635,0.011178861269775846,0.057788516696348755,"[[2127, 978], [1166, 1687]]","[[211, 134], [161, 156]]"
disclosure_x_bias,60,init_hard,CLD,log_loss,0.6218158225427541,0.8943003564366279,0.6399811065365744,0.5575305291723203,0.007239970046768152,0.2825481650094186,0.011150248487195896,0.0576143311106304,"[[2125, 980], [1165, 1688]]","[[212, 133], [160, 157]]"
disclosure_x_bias,61,init_hard,CLD,log_loss,0.6216171906146425,0.8940590716929881,0.6399811065365744,0.5575305291723203,0.007246175726423922,0.2825390387151179,0.011150248487195896,0.0576143311106304,"[[2125, 980], [1165, 1688]]","[[212, 133], [160, 157]]"
disclosure_x_bias,62,init_hard,CLD,log_loss,0.6214073768947518,0.8942069142377284,0.6403166770063731,0.5560153776571687,0.007263929079884417,0.28255321893103813,0.011148635908302762,0.0590343821290809,"[[2126, 979], [1164, 1689]]","[[211, 134], [160, 157]]"
disclosure_x_bias,63,init_hard,CLD,log_loss,0.6212151357365563,0.8943458552369845,0.6406522474761717,0.5560153776571687,0.007261971378208536,0.2824996081319766,0.011657282547532552,0.0590343821290809,"[[2126, 979], [1162, 1691]]","[[211, 134], [160, 157]]"
disclosure_x_bias,64,init_hard,CLD,log_loss,0.6210095328080529,0.8943560503558736,0.6404844622412724,0.5560153776571687,0.0072727406167484515,0.2825815173654786,0.01163791294279155,0.0590343821290809,"[[2125, 980], [1162, 1691]]","[[211, 134], [160, 157]]"
disclosure_x_bias,65,init_hard,CLD,log_loss,0.6208231757550767,0.8943902694927133,0.6406522474761717,0.5499547715965626,0.007274539986552407,0.28277545033412166,0.011737505217450959,0.048601591341723795,"[[2140, 965], [1176, 1677]]","[[211, 134], [164, 153]]"
disclosure_x_bias,66,init_hard,CLD,log_loss,0.620618177642111,0.894315384265221,0.6406522474761717,0.5514699231117142,0.00729456840839722,0.2828589273662187,0.011657282547532552,0.04971870523831893,"[[2138, 967], [1174, 1679]]","[[211, 134], [163, 154]]"
disclosure_x_bias,67,init_hard,CLD,log_loss,0.6204266005534007,0.8943112918401775,0.6411556031808697,0.5499547715965626,0.007298738995230764,0.2827847943271196,0.011858504070331594,0.048601591341723795,"[[2140, 965], [1173, 1680]]","[[211, 134], [164, 153]]"
disclosure_x_bias,68,init_hard,CLD,log_loss,0.6202437205521556,0.8943612885145462,0.6414914556426597,0.5514699231117142,0.007293338108486783,0.2828845671641674,0.010727479844620988,0.04920299226718318,"[[2141, 964], [1172, 1681]]","[[212, 133], [164, 153]]"
disclosure_x_bias,69,init_hard,CLD,log_loss,0.6200424796942459,0.8943632987822788,0.6416592408775591,0.5514699231117142,0.007298333863973255,0.28295769165660783,0.011215602324909967,0.04920299226718318,"[[2142, 963], [1172, 1681]]","[[212, 133], [164, 153]]"
disclosure_x_bias,70,init_hard,CLD,log_loss,0.6198426665398056,0.8941854466739756,0.6418270261124583,0.5514699231117142,0.0072891521454234096,0.28309298664153704,0.011327193856708736,0.04920299226718318,"[[2143, 962], [1172, 1681]]","[[212, 133], [164, 153]]"
disclosure_x_bias,71,init_hard,CLD,log_loss,0.6196606706818127,0.8940595564099525,0.6414914556426597,0.5499547715965626,0.007290161561125298,0.28298752169791497,0.01151501421156065,0.048601591341723795,"[[2141, 964], [1172, 1681]]","[[211, 134], [164, 153]]"
disclosure_x_bias,72,init_hard,CLD,log_loss,0.6194649655125968,0.8945761939276032,0.6418270261124583,0.5499547715965626,0.007282838182824844,0.2830461340626635,0.01189297553281897,0.048601591341723795,"[[2142, 963], [1171, 1682]]","[[211, 134], [164, 153]]"
disclosure_x_bias,73,init_hard,CLD,log_loss,0.6192688627496582,0.8946701748368548,0.6423306638091478,0.5514699231117142,0.007290108907479328,0.2830369405286447,0.011412200373937004,0.04920299226718318,"[[2143, 962], [1169, 1684]]","[[212, 133], [164, 153]]"
disclosure_x_bias,74,init_hard,CLD,log_loss,0.6190838704788965,0.8946011914736847,0.6424981670520558,0.5499547715965626,0.007296857890768746,0.28294324164025186,0.01132952347480812,0.045343394951919955,"[[2142, 963], [1167, 1686]]","[[211, 134], [164, 153]]"
disclosure_x_bias,75,init_hard,CLD,log_loss,0.6188874546331468,0.8947019231062917,0.642666516270938,0.5499547715965626,0.007316612904215142,0.282716098064891,0.011489011216421716,0.045343394951919955,"[[2141, 964], [1165, 1688]]","[[211, 134], [164, 153]]"
disclosure_x_bias,76,init_hard,CLD,log_loss,0.6186951940781545,0.8945389767196534,0.6428343015058372,0.5499547715965626,0.007339305292473183,0.2829744284957416,0.011418573048434863,0.045343394951919955,"[[2143, 962], [1166, 1687]]","[[211, 134], [164, 153]]"
disclosure_x_bias,77,init_hard,CLD,log_loss,0.6185216165863777,0.8945260107625537,0.6431698719756358,0.5469244685662595,0.007341291233470281,0.28298820615404846,0.011351025813917196,0.04443078407302662,"[[2145, 960], [1166, 1687]]","[[210, 135], [165, 152]]"
disclosure_x_bias,78,init_hard,CLD,log_loss,0.618327893217409,0.8946731524264477,0.6448499802605606,0.5514246947082768,0.00734520479961666,0.2831134037240092,0.01075157014711438,0.04135675251873549,"[[2173, 932], [1184, 1669]]","[[214, 131], [166, 151]]"
disclosure_x_bias,79,init_hard,CLD,log_loss,0.6181433609820137,0.8945055574293843,0.6451855507303592,0.5514246947082768,0.007350545225864978,0.28323107053336305,0.010726486415790779,0.04135675251873549,"[[2169, 936], [1178, 1675]]","[[213, 132], [165, 152]]"
disclosure_x_bias,80,init_hard,CLD,log_loss,0.6179738211359014,0.8947793420285167,0.6455211212001579,0.5514246947082768,0.007345184223691732,0.28299657650033333,0.009643557896372355,0.04135675251873549,"[[2168, 937], [1175, 1678]]","[[213, 132], [165, 152]]"
disclosure_x_bias,81,init_hard,CLD,log_loss,0.6178029168933826,0.8947124263409588,0.6458566916699565,0.5514246947082768,0.007332229576089167,0.28300302549245243,0.009458149468147468,0.04135675251873549,"[[2172, 933], [1177, 1676]]","[[214, 131], [166, 151]]"
disclosure_x_bias,82,init_hard,CLD,log_loss,0.6176431753098255,0.8948347496485807,0.646024476904856,0.5514246947082768,0.0073313915252477095,0.28291151746574383,0.009409056230243894,0.04135675251873549,"[[2172, 933], [1176, 1677]]","[[214, 131], [166, 151]]"
disclosure_x_bias,83,init_hard,CLD,log_loss,0.6174750912138907,0.8946340755521011,0.6458566916699565,0.5514246947082768,0.007335488107213565,0.28298952724166215,0.009458149468147468,0.04135675251873549,"[[2172, 933], [1177, 1676]]","[[214, 131], [166, 151]]"
disclosure_x_bias,84,init_hard,CLD,log_loss,0.6173127205563068,0.8948292055032436,0.6458566916699565,0.5529398462234283,0.00733686409280269,0.2829539026538937,0.00958952455255528,0.04550101894582413,"[[2160, 945], [1165, 1688]]","[[213, 132], [164, 153]]"
disclosure_x_bias,85,init_hard,CLD,log_loss,0.6171449198250192,0.894604495345888,0.6466956178444532,0.5499095431931252,0.007337581995127014,0.2826925044207702,0.009444814047460507,0.04594067642499291,"[[2163, 942], [1163, 1690]]","[[212, 133], [165, 152]]"
disclosure_x_bias,86,init_hard,CLD,log_loss,0.6169675183052001,0.8946143125927992,0.6468634030793525,0.5499095431931252,0.007354249148025966,0.28251756327948885,0.009412282342554354,0.04594067642499291,"[[2162, 943], [1161, 1692]]","[[212, 133], [165, 152]]"
disclosure_x_bias,87,init_hard,CLD,log_loss,0.6167964606476068,0.8945952254958381,0.6470311883142519,0.5514246947082768,0.007351553456552414,0.2823280836875233,0.009207988837333324,0.045469631586460134,"[[2164, 941], [1162, 1691]]","[[213, 132], [165, 152]]"
disclosure_x_bias,88,init_hard,CLD,log_loss,0.6166117896143818,0.8946164734175932,0.6470311883142519,0.5499095431931252,0.00735549393785922,0.2825374835048999,0.009704175395769742,0.04594067642499291,"[[2162, 943], [1160, 1693]]","[[212, 133], [165, 152]]"
disclosure_x_bias,89,init_hard,CLD,log_loss,0.616448059528245,0.8947864922628668,0.6468634030793525,0.5499095431931252,0.007357930458791828,0.28227825762290915,0.009412282342554354,0.04594067642499291,"[[2163, 942], [1162, 1691]]","[[212, 133], [165, 152]]"
disclosure_x_bias,90,init_hard,CLD,log_loss,0.6162954857737821,0.8948028254426419,0.6470309063222605,0.5514246947082768,0.0073542666477660204,0.2823634335225525,0.009151808177732312,0.045469631586460134,"[[2164, 941], [1162, 1691]]","[[213, 132], [165, 152]]"
disclosure_x_bias,91,init_hard,CLD,log_loss,0.6161044191960218,0.8948329739574001,0.6471986915571598,0.5499095431931252,0.007347824604949431,0.2819750363920608,0.009281439129142614,0.04594067642499291,"[[2164, 941], [1161, 1692]]","[[212, 133], [165, 152]]"
disclosure_x_bias,92,init_hard,CLD,log_loss,0.6159547946624098,0.8949695818958234,0.6480376177316565,0.5483943916779738,0.007342623557938102,0.28178061219974393,0.01026094926708943,0.04232488825972103,"[[2160, 945], [1152, 1701]]","[[210, 135], [164, 153]]"
disclosure_x_bias,93,init_hard,CLD,log_loss,0.6157929196365197,0.8949431021104838,0.6482056849585472,0.5483943916779738,0.0073524990512476365,0.2817514573024631,0.010256899290822186,0.04232488825972103,"[[2159, 946], [1150, 1703]]","[[210, 135], [164, 153]]"
disclosure_x_bias,94,init_hard,CLD,log_loss,0.6156275683103746,0.8955511489067621,0.6482056849585472,0.5483943916779738,0.007332829267546698,0.28182375185166136,0.010256899290822186,0.04232488825972103,"[[2160, 945], [1151, 1702]]","[[210, 135], [164, 153]]"
disclosure_x_bias,95,init_hard,CLD,log_loss,0.6154643517186287,0.895475034814722,0.6482056849585472,0.5483943916779738,0.007345632749770083,0.28184292520980064,0.010256899290822186,0.04232488825972103,"[[2159, 946], [1150, 1703]]","[[210, 135], [164, 153]]"
disclosure_x_bias,96,init_hard,CLD,log_loss,0.6153177944097672,0.8955897543788544,0.6482059669505386,0.5483943916779738,0.007343428148852462,0.28180849415671977,0.010576728890375892,0.04232488825972103,"[[2159, 946], [1150, 1703]]","[[210, 135], [164, 153]]"
disclosure_x_bias,97,init_hard,CLD,log_loss,0.6151640257446124,0.8954643228199128,0.6473659128080762,0.5513794663048394,0.007338512833539107,0.2818684864319739,0.010934922927838013,0.041327834323559444,"[[2167, 938], [1163, 1690]]","[[212, 133], [164, 153]]"
disclosure_x_bias,98,init_hard,CLD,log_loss,0.6150014982001913,0.8955534800381034,0.6482048389825729,0.5513794663048394,0.007334764196433685,0.28167841149382133,0.010618534005458508,0.041327834323559444,"[[2169, 936], [1160, 1693]]","[[212, 133], [164, 153]]"
disclosure_x_bias,99,init_hard,CLD,log_loss,0.6148559719550637,0.8953851281430152,0.6487090406632452,0.5483943916779738,0.007328448194334043,0.28167120399044304,0.010105069405279098,0.04232488825972103,"[[2162, 943], [1150, 1703]]","[[210, 135], [164, 153]]"
disclosure_x_bias,100,init_hard,CLD,log_loss,0.6147107249968208,0.8957133481405641,0.6482051209745643,0.5528946178199909,0.007322143704995868,0.28163953564223954,0.009874930454036908,0.04011193210880474,"[[2169, 936], [1160, 1693]]","[[213, 132], [164, 153]]"
disclosure_x_bias,101,init_hard,CLD,log_loss,0.6145600377352324,0.8958085205459826,0.6487093226552366,0.5483943916779738,0.007320702207461077,0.2815541444979358,0.010094243474154064,0.04232488825972103,"[[2162, 943], [1150, 1703]]","[[210, 135], [164, 153]]"
disclosure_x_bias,102,init_hard,CLD,log_loss,0.6144135657517702,0.895973442102272,0.6482051209745643,0.5513794663048394,0.007317300816056144,0.2816965039758504,0.010125168197938723,0.041327834323559444,"[[2170, 935], [1161, 1692]]","[[212, 133], [164, 153]]"
disclosure_x_bias,103,init_hard,CLD,log_loss,0.6142664310772676,0.8957661703213311,0.6482051209745643,0.5513794663048394,0.0073183577714725405,0.2818689249419825,0.010278473537658801,0.041327834323559444,"[[2173, 932], [1164, 1689]]","[[212, 133], [164, 153]]"
disclosure_x_bias,104,init_hard,CLD,log_loss,0.6141035505725663,0.8958629335678083,0.648540691444363,0.5513794663048394,0.007326640063966285,0.2818552335191513,0.01006752722174236,0.041327834323559444,"[[2172, 933], [1161, 1692]]","[[212, 133], [164, 153]]"
disclosure_x_bias,105,init_hard,CLD,log_loss,0.6139486957210514,0.8959490692220278,0.6490440471490609,0.5528946178199909,0.007335462398628238,0.2817019478826734,0.009956907966950085,0.04011193210880474,"[[2172, 933], [1158, 1695]]","[[213, 132], [164, 153]]"
disclosure_x_bias,106,init_hard,CLD,log_loss,0.6137966903841259,0.8959022620297421,0.6490440471490609,0.5513794663048394,0.007336130828564749,0.28170687595738353,0.010447467415181632,0.041327834323559444,"[[2171, 934], [1157, 1696]]","[[212, 133], [164, 153]]"
disclosure_x_bias,107,init_hard,CLD,log_loss,0.6136026266021501,0.8957723630618597,0.6492118323839604,0.5528946178199909,0.007350652852520264,0.2818022429110057,0.010007663384151187,0.041364205571509154,"[[2167, 938], [1152, 1701]]","[[212, 133], [163, 154]]"
disclosure_x_bias,108,init_hard,CLD,log_loss,0.6134457429877862,0.8957433015692488,0.6497151880886582,0.5544097693351425,0.007343958017317654,0.2816949060224929,0.010562966563683236,0.040085822804762486,"[[2173, 932], [1155, 1698]]","[[213, 132], [163, 154]]"
disclosure_x_bias,109,init_hard,CLD,log_loss,0.6133033843928224,0.8956922137568469,0.6502185437933563,0.5544097693351425,0.0073433686411434,0.2815113173466674,0.010150992085856398,0.040085822804762486,"[[2172, 933], [1151, 1702]]","[[213, 132], [163, 154]]"
disclosure_x_bias,110,init_hard,CLD,log_loss,0.6131597697650879,0.8958845688286494,0.6493796176188595,0.5544097693351425,0.007346739432982503,0.2814352953671958,0.010270504317365035,0.040085822804762486,"[[2175, 930], [1159, 1694]]","[[213, 132], [163, 154]]"
disclosure_x_bias,111,init_hard,CLD,log_loss,0.6130227176498273,0.896044338508311,0.6507218994980543,0.5544097693351425,0.007348440592267726,0.28130164386246687,0.010557590103969679,0.040085822804762486,"[[2173, 932], [1149, 1704]]","[[212, 133], [162, 155]]"
disclosure_x_bias,112,init_hard,CLD,log_loss,0.6128844449394423,0.8960925560230002,0.6503863290282557,0.5544097693351425,0.007348548076452295,0.2813994338797404,0.010148518848474012,0.040085822804762486,"[[2171, 934], [1149, 1704]]","[[212, 133], [162, 155]]"
disclosure_x_bias,113,init_hard,CLD,log_loss,0.6127405378083364,0.8963763277374923,0.6512252552027522,0.5544097693351425,0.007341072729122259,0.2813352516501347,0.009774816450831923,0.040085822804762486,"[[2177, 928], [1150, 1703]]","[[212, 133], [162, 155]]"
disclosure_x_bias,114,init_hard,CLD,log_loss,0.6126061959434921,0.8961519092884256,0.650050758558457,0.5544097693351425,0.007339631785034838,0.28153976937749065,0.010807100901452772,0.040085822804762486,"[[2174, 931], [1154, 1699]]","[[212, 133], [162, 155]]"
disclosure_x_bias,115,init_hard,CLD,log_loss,0.6124695663166221,0.8961022407652145,0.6515608256725509,0.5544097693351425,0.007337856171912063,0.28159553687492583,0.010967353564904954,0.04133888720074022,"[[2176, 929], [1147, 1706]]","[[212, 133], [162, 155]]"
disclosure_x_bias,116,init_hard,CLD,log_loss,0.6123205645865586,0.8962550417999708,0.6513930404376516,0.5528946178199909,0.007336086492682621,0.28147815163792445,0.011102853584599537,0.041364205571509154,"[[2176, 929], [1148, 1705]]","[[211, 134], [162, 155]]"
disclosure_x_bias,117,init_hard,CLD,log_loss,0.6121640079561314,0.896205750571502,0.651057469967853,0.5544097693351425,0.0073507685080237,0.28146609591762645,0.010322073311793986,0.040085822804762486,"[[2181, 924], [1155, 1698]]","[[213, 132], [163, 154]]"
disclosure_x_bias,118,init_hard,CLD,log_loss,0.61202162226889,0.8963215586314632,0.6518963961423496,0.555924920850294,0.007355825015609678,0.2817133106419538,0.010594212837225865,0.03999597182361288,"[[2178, 927], [1147, 1706]]","[[213, 132], [162, 155]]"
disclosure_x_bias,119,init_hard,CLD,log_loss,0.6118843651815558,0.8963023541833948,0.6517286109074503,0.5528946178199909,0.0073528012064107365,0.28147955305524885,0.010141056637341302,0.03236973694158581,"[[2176, 929], [1146, 1707]]","[[211, 134], [162, 155]]"
disclosure_x_bias,120,init_hard,CLD,log_loss,0.6117415253032623,0.8965448577411955,0.6522319666121482,0.5498643147896879,0.00735825497444697,0.28115253845022964,0.010040598630421524,0.032197563945762224,"[[2178, 927], [1145, 1708]]","[[210, 135], [163, 154]]"
disclosure_x_bias,121,init_hard,CLD,log_loss,0.6116103980647012,0.8963593854004053,0.6529031075517455,0.5513794663048394,0.007356096344616288,0.2814998009752193,0.009733045917481717,0.029862127342001468,"[[2177, 928], [1140, 1713]]","[[210, 135], [162, 155]]"
disclosure_x_bias,122,init_hard,CLD,log_loss,0.6114813053250732,0.8964823872441627,0.653406745248435,0.5513794663048394,0.007355076089769465,0.28146214982652096,0.009315900814026973,0.029862127342001468,"[[2171, 934], [1131, 1722]]","[[209, 136], [161, 156]]"
disclosure_x_bias,123,init_hard,CLD,log_loss,0.6113487373530304,0.8965508929997019,0.6532389600135355,0.5528946178199909,0.007350429878989468,0.2813786600395955,0.009576845968473881,0.029912443264909053,"[[2176, 929], [1137, 1716]]","[[210, 135], [161, 156]]"
disclosure_x_bias,124,init_hard,CLD,log_loss,0.6112152054132246,0.8965156599614993,0.6532389600135355,0.5513794663048394,0.007342934133148326,0.2813789648937022,0.009378826900551694,0.031524229640874965,"[[2176, 929], [1137, 1716]]","[[209, 136], [161, 156]]"
disclosure_x_bias,125,init_hard,CLD,log_loss,0.6110890629665585,0.8965949168265175,0.6537423157182336,0.5544097693351425,0.00733662879031692,0.28127837955205165,0.009643854046672458,0.03944436572445375,"[[2179, 926], [1137, 1716]]","[[211, 134], [161, 156]]"
disclosure_x_bias,126,init_hard,CLD,log_loss,0.6109387911584341,0.8964621505288074,0.6530711747786363,0.555924920850294,0.007350786707810795,0.2813934524200961,0.010048013326291372,0.039353050194170236,"[[2176, 929], [1138, 1715]]","[[212, 133], [161, 156]]"
disclosure_x_bias,127,init_hard,CLD,log_loss,0.6107895642569483,0.8970187463463384,0.6532389600135355,0.5544097693351425,0.007335710818205846,0.2814396833059271,0.010481331242982901,0.03944436572445375,"[[2175, 930], [1136, 1717]]","[[211, 134], [161, 156]]"
disclosure_x_bias,128,init_hard,CLD,log_loss,0.6106635695702858,0.8969538494572703,0.6534067452484349,0.5528946178199909,0.007335977331205822,0.2815051850522397,0.010779104226146656,0.03236973694158582,"[[2173, 932], [1133, 1720]]","[[209, 136], [160, 157]]"
disclosure_x_bias,129,init_hard,CLD,log_loss,0.6105391893603253,0.8969219906918818,0.6534067452484349,0.5498643147896879,0.007330984670066744,0.2814395569733442,0.01120593814017998,0.03139534872415173,"[[2171, 934], [1131, 1722]]","[[208, 137], [161, 156]]"
disclosure_x_bias,130,init_hard,CLD,log_loss,0.6104101285219129,0.8973331864246594,0.653910100953133,0.5513794663048394,0.007329390481841016,0.2812079051405502,0.011030346004230057,0.031524229640874986,"[[2169, 936], [1126, 1727]]","[[208, 137], [160, 157]]"
disclosure_x_bias,131,init_hard,CLD,log_loss,0.6102622809410597,0.897300438398078,0.6547490271276295,0.5468340117593848,0.007324402609669196,0.2812869209527644,0.010876074314138354,0.03170426307932876,"[[2171, 934], [1123, 1730]]","[[207, 138], [162, 155]]"
disclosure_x_bias,132,init_hard,CLD,log_loss,0.610138929963382,0.8975221899711181,0.6547490271276295,0.5483491632745364,0.007319789230687005,0.2812955506312598,0.011018937322376528,0.03277937878269265,"[[2167, 938], [1119, 1734]]","[[207, 138], [161, 156]]"
disclosure_x_bias,133,init_hard,CLD,log_loss,0.6100071974988575,0.8974299164609411,0.654916812362529,0.5483491632745363,0.007311271916393882,0.2811999971246415,0.009920042480285914,0.03199175629515963,"[[2170, 935], [1121, 1732]]","[[208, 137], [162, 155]]"
disclosure_x_bias,134,init_hard,CLD,log_loss,0.6098705125188991,0.8975113131068939,0.6552523828323276,0.5483491632745363,0.007316299093782202,0.2811158452700348,0.010506219691523965,0.030355264218717933,"[[2167, 938], [1116, 1737]]","[[208, 137], [162, 155]]"
disclosure_x_bias,135,init_hard,CLD,log_loss,0.6097365926356335,0.8975218434153748,0.654916812362529,0.5483491632745363,0.00731238045510957,0.28123649654148686,0.010138364016427941,0.03199175629515963,"[[2167, 938], [1118, 1735]]","[[208, 137], [162, 155]]"
disclosure_x_bias,136,init_hard,CLD,log_loss,0.6096057521902745,0.8974012516237279,0.6554204500592183,0.5483491632745364,0.0073130169544669,0.2811046828429546,0.009654751370110605,0.03503617103751925,"[[2166, 939], [1114, 1739]]","[[207, 138], [161, 156]]"
disclosure_x_bias,137,init_hard,CLD,log_loss,0.6094802027587016,0.8976826174390057,0.6545815238847217,0.5498643147896879,0.007313691005142515,0.2809539644826843,0.009986104217610016,0.03139534872415173,"[[2167, 938], [1120, 1733]]","[[208, 137], [161, 156]]"
disclosure_x_bias,138,init_hard,CLD,log_loss,0.6093495601188006,0.8976626544180913,0.6545815238847217,0.5498643147896879,0.00730755535578233,0.28101193302600874,0.009667797214948369,0.03374482966473764,"[[2167, 938], [1120, 1733]]","[[208, 137], [161, 156]]"
disclosure_x_bias,139,init_hard,CLD,log_loss,0.6092247944634848,0.8974928577020924,0.6545815238847217,0.5528946178199909,0.007301825369850971,0.2810082835801676,0.009570240887913004,0.032369736941585826,"[[2163, 942], [1116, 1737]]","[[209, 136], [160, 157]]"
disclosure_x_bias,140,init_hard,CLD,log_loss,0.6090966908440552,0.897714842811822,0.6555879533021262,0.5498643147896879,0.007301320182677696,0.28109266521218634,0.009725098201024403,0.03374482966473764,"[[2166, 939], [1113, 1740]]","[[208, 137], [161, 156]]"
disclosure_x_bias,141,init_hard,CLD,log_loss,0.608974276323508,0.8975900205717936,0.6544137386498223,0.5498643147896879,0.00729964999664986,0.2812088903589807,0.01046276510513827,0.030572090523559872,"[[2168, 937], [1122, 1731]]","[[209, 136], [162, 155]]"
disclosure_x_bias,142,init_hard,CLD,log_loss,0.6088403193668188,0.8976582816214643,0.6554201680672269,0.5498643147896879,0.007310376033088758,0.28121212962068404,0.010651681969654117,0.03374482966473764,"[[2167, 938], [1115, 1738]]","[[208, 137], [161, 156]]"
disclosure_x_bias,143,init_hard,CLD,log_loss,0.6087082459338533,0.8977097493554445,0.655252664824319,0.5498643147896879,0.007319036744204702,0.28105934775845887,0.010933422726956854,0.03374482966473764,"[[2168, 937], [1117, 1736]]","[[208, 137], [161, 156]]"
disclosure_x_bias,144,init_hard,CLD,log_loss,0.6085878240895053,0.8979629548496348,0.6552523828323276,0.5498643147896879,0.007315911750850456,0.2811725073547744,0.010565597337476343,0.03374482966473764,"[[2166, 939], [1115, 1738]]","[[208, 137], [161, 156]]"
disclosure_x_bias,145,init_hard,CLD,log_loss,0.6084683938689818,0.8979754289190914,0.6562599402176978,0.5498643147896879,0.007311193174041965,0.28121687769810627,0.010857033509671685,0.03374482966473764,"[[2165, 940], [1108, 1745]]","[[208, 137], [161, 156]]"
disclosure_x_bias,146,init_hard,CLD,log_loss,0.6083316717244639,0.8979763020113871,0.6562596582257064,0.5468340117593848,0.007319243411588753,0.281111275898668,0.01148319785617619,0.034773856667397504,"[[2164, 941], [1107, 1746]]","[[206, 139], [161, 156]]"
disclosure_x_bias,147,init_hard,CLD,log_loss,0.608213560143033,0.8980761604646906,0.6560918729908071,0.5453188602442334,0.007319473684179618,0.2807711290842596,0.010998472559558,0.03368667705927253,"[[2169, 936], [1113, 1740]]","[[207, 138], [163, 154]]"
disclosure_x_bias,148,init_hard,CLD,log_loss,0.6080929815087383,0.8979776785662998,0.6560918729908071,0.5468340117593848,0.007311493562897754,0.2807733302496568,0.011139765970214672,0.034773856667397504,"[[2166, 939], [1110, 1743]]","[[207, 138], [162, 155]]"
disclosure_x_bias,149,init_hard,CLD,log_loss,0.6079606674190428,0.8982214449361253,0.6565955106874964,0.5468340117593848,0.007314027413573785,0.2805949893345314,0.01121244897561441,0.034773856667397504,"[[2164, 941], [1105, 1748]]","[[206, 139], [161, 156]]"
disclosure_x_bias,150,init_hard,CLD,log_loss,0.6078406919347655,0.8982767783019365,0.6574347188539845,0.5468340117593848,0.0073100795122461315,0.2805527779276415,0.011302394759002913,0.034773856667397504,"[[2168, 937], [1104, 1749]]","[[206, 139], [161, 156]]"
disclosure_x_bias,151,init_hard,CLD,log_loss,0.6077237684480419,0.8981464419643854,0.6569313631492866,0.5468340117593848,0.007303646048570079,0.28055230459238434,0.010662797894473572,0.032498853824921924,"[[2162, 943], [1101, 1752]]","[[205, 140], [160, 157]]"
disclosure_x_bias,152,init_hard,CLD,log_loss,0.6076038556475626,0.898401067729351,0.6565957926794879,0.5483491632745364,0.007301651164911664,0.2804665307507269,0.011368772065908727,0.0357567963260225,"[[2163, 942], [1104, 1749]]","[[206, 139], [160, 157]]"
disclosure_x_bias,153,init_hard,CLD,log_loss,0.6074629501943252,0.8983839270882946,0.6570991483841858,0.5468340117593848,0.007314683567797409,0.2804526372717849,0.011397809495755628,0.034773856667397476,"[[2172, 933], [1110, 1743]]","[[206, 139], [161, 156]]"
disclosure_x_bias,154,init_hard,CLD,log_loss,0.6073531350907285,0.8984085003054506,0.6579380745586826,0.5453188602442334,0.0073089956932435324,0.28055209725849867,0.010663192314340769,0.03368667705927253,"[[2176, 929], [1109, 1744]]","[[206, 139], [162, 155]]"
disclosure_x_bias,155,init_hard,CLD,log_loss,0.6072337154800345,0.8985877242793773,0.6574347188539845,0.5468340117593848,0.007309753847051643,0.28055488751699786,0.011357610760166859,0.034773856667397504,"[[2167, 938], [1103, 1750]]","[[206, 139], [161, 156]]"
disclosure_x_bias,156,init_hard,CLD,log_loss,0.6071120722994444,0.8985072007302419,0.6582736450284812,0.5453188602442334,0.007312719403538146,0.2804575277557461,0.009401629158485029,0.028787167212381174,"[[2170, 935], [1101, 1752]]","[[206, 139], [162, 155]]"
disclosure_x_bias,157,init_hard,CLD,log_loss,0.6069984012037982,0.8983524704937549,0.6564277254525972,0.5498643147896879,0.007307944608843511,0.28043773969240676,0.010633438294591064,0.034492444558664015,"[[2169, 936], [1111, 1742]]","[[208, 137], [161, 156]]"
disclosure_x_bias,158,init_hard,CLD,log_loss,0.6068827050180252,0.8984551360230688,0.6564277254525972,0.5468340117593848,0.007306808998565591,0.2803767894633738,0.010808496409688045,0.034773856667397476,"[[2170, 935], [1112, 1741]]","[[207, 138], [162, 155]]"
disclosure_x_bias,159,init_hard,CLD,log_loss,0.6067594823878617,0.8983459140074931,0.6564277254525972,0.5468340117593848,0.007304182678708372,0.28047942146840127,0.0114274554665757,0.034773856667397476,"[[2170, 935], [1112, 1741]]","[[207, 138], [162, 155]]"
disclosure_x_bias,160,init_hard,CLD,log_loss,0.6066420495319477,0.8984568131337977,0.6569313631492866,0.5453188602442334,0.007300593668517863,0.2803618857956853,0.011400034759726113,0.03368667705927253,"[[2173, 932], [1112, 1741]]","[[207, 138], [163, 154]]"
disclosure_x_bias,161,init_hard,CLD,log_loss,0.6065134010771406,0.8987715261927148,0.6569313631492866,0.5438037087290819,0.007285974120780093,0.2806124942471841,0.010952225043067518,0.03003691374330314,"[[2173, 932], [1112, 1741]]","[[206, 139], [163, 154]]"
disclosure_x_bias,162,init_hard,CLD,log_loss,0.6064005010177153,0.8986608393166214,0.6579380745586826,0.5422885572139303,0.007283117863620673,0.2807671571007422,0.008834286385196425,0.026749838231788774,"[[2169, 936], [1102, 1751]]","[[205, 140], [163, 154]]"
disclosure_x_bias,163,init_hard,CLD,log_loss,0.6062804661979516,0.8987176810353692,0.6579380745586826,0.5422885572139303,0.007281404315319852,0.2806054433289564,0.008834286385196425,0.026749838231788774,"[[2168, 937], [1101, 1752]]","[[205, 140], [163, 154]]"
disclosure_x_bias,164,init_hard,CLD,log_loss,0.6061634057017746,0.8988267279437026,0.6584419942473634,0.5422885572139303,0.007274869675679138,0.2805756294759822,0.009009187862201003,0.026749838231788774,"[[2170, 935], [1100, 1753]]","[[205, 140], [163, 154]]"
disclosure_x_bias,165,init_hard,CLD,log_loss,0.6060534441413178,0.8990457700635055,0.658274209012464,0.5453188602442334,0.007270519845532482,0.2806305907493814,0.009005070124857392,0.03368667705927253,"[[2168, 937], [1099, 1754]]","[[205, 140], [161, 156]]"
disclosure_x_bias,166,init_hard,CLD,log_loss,0.6059467161359249,0.8989275126391127,0.6584419942473634,0.5438037087290819,0.007265936351349313,0.2806743450669674,0.009009187862201003,0.025438949950240927,"[[2171, 934], [1101, 1752]]","[[206, 139], [163, 154]]"
disclosure_x_bias,167,init_hard,CLD,log_loss,0.605836990310882,0.8989195095453134,0.658274209012464,0.5438037087290819,0.007263056967229896,0.28071415394439714,0.009005070124857392,0.025438949950240927,"[[2172, 933], [1103, 1750]]","[[206, 139], [163, 154]]"
disclosure_x_bias,168,init_hard,CLD,log_loss,0.6057222797466328,0.8990483035784871,0.6584419942473634,0.5438037087290819,0.007267893698899369,0.28065018912251605,0.009009187862201003,0.025438949950240927,"[[2171, 934], [1101, 1752]]","[[206, 139], [163, 154]]"
disclosure_x_bias,169,init_hard,CLD,log_loss,0.6056103893417992,0.8990988397419428,0.6579386385426653,0.5468340117593848,0.007265236454541953,0.28072821573988666,0.008594979979796562,0.03249885382492192,"[[2169, 936], [1102, 1751]]","[[206, 139], [161, 156]]"
disclosure_x_bias,170,init_hard,CLD,log_loss,0.6054990566452993,0.8994128642434038,0.6586097794822627,0.5438037087290819,0.007264238618302923,0.2807855236839357,0.009079002096366418,0.028287555252476754,"[[2169, 936], [1098, 1755]]","[[205, 140], [162, 155]]"
disclosure_x_bias,171,init_hard,CLD,log_loss,0.6053864599317713,0.8993675083325027,0.6581064237775648,0.5422885572139303,0.007262041512665126,0.28062850692487434,0.008786408000590983,0.026749838231788774,"[[2172, 933], [1104, 1749]]","[[205, 140], [163, 154]]"
disclosure_x_bias,172,init_hard,CLD,log_loss,0.6052823667358368,0.8995942241047825,0.6581064237775648,0.5468340117593848,0.0072588241093510504,0.28074505745809397,0.008678950006548473,0.034773856667397504,"[[2167, 938], [1099, 1754]]","[[205, 140], [160, 157]]"
disclosure_x_bias,173,init_hard,CLD,log_loss,0.6051649079872892,0.8996393794440565,0.658274209012464,0.5453188602442334,0.007261027763422584,0.28072832065325204,0.008865037967846337,0.037280936468220456,"[[2166, 939], [1097, 1756]]","[[204, 141], [160, 157]]"
disclosure_x_bias,174,init_hard,CLD,log_loss,0.6050584059659527,0.8996766449190667,0.658274209012464,0.5498417005879692,0.0072595741816738535,0.2807386144558539,0.008430998091841259,0.036245360125381605,"[[2163, 942], [1094, 1759]]","[[205, 140], [158, 159]]"
disclosure_x_bias,175,init_hard,CLD,log_loss,0.6049451938401813,0.899522428057978,0.658441712255372,0.5468113975576662,0.007256553962037819,0.2809225498136455,0.008811166585686946,0.040486509327259404,"[[2161, 944], [1091, 1762]]","[[204, 141], [159, 158]]"
disclosure_x_bias,176,init_hard,CLD,log_loss,0.6048399180294934,0.8996248616757019,0.65928092042186,0.5468113975576662,0.007252706244456566,0.2807250324591348,0.00951979308347176,0.037203244816205135,"[[2169, 936], [1094, 1759]]","[[205, 140], [160, 157]]"
disclosure_x_bias,177,init_hard,CLD,log_loss,0.6047323636544844,0.8995319299558769,0.6589453499520614,0.5468113975576662,0.007246869417548927,0.28074044198205084,0.00934278103211762,0.035086120008679104,"[[2172, 933], [1099, 1754]]","[[205, 140], [160, 157]]"
disclosure_x_bias,178,init_hard,CLD,log_loss,0.6046264075330094,0.8997009750322558,0.6589450679600699,0.5468340117593848,0.00724053989881077,0.2805522896181672,0.009420451238091234,0.034773856667397476,"[[2168, 937], [1095, 1758]]","[[205, 140], [160, 157]]"
disclosure_x_bias,179,init_hard,CLD,log_loss,0.6045126946708141,0.899554452491811,0.6589453499520614,0.5513342379014021,0.00723944332687293,0.28077351560554614,0.009173852526953628,0.03732903870147658,"[[2164, 941], [1091, 1762]]","[[206, 139], [158, 159]]"
disclosure_x_bias,180,init_hard,CLD,log_loss,0.6044075109306078,0.8996582538197238,0.6589450679600699,0.5468113975576662,0.007238036354782598,0.28065994780872056,0.009586132427294065,0.035086120008679104,"[[2172, 933], [1099, 1754]]","[[206, 139], [161, 156]]"
disclosure_x_bias,181,init_hard,CLD,log_loss,0.6043023958011176,0.8995606044241914,0.6594487056567593,0.5468340117593848,0.007231471600868242,0.28073999636904573,0.009795695834276157,0.03621120700260367,"[[2168, 937], [1092, 1761]]","[[204, 141], [159, 158]]"
disclosure_x_bias,182,init_hard,CLD,log_loss,0.6041862086297595,0.8995804912995314,0.65928092042186,0.5483265490728177,0.007227435453675083,0.28073916189242215,0.009779122655770333,0.0367621345661955,"[[2168, 937], [1093, 1760]]","[[205, 140], [159, 158]]"
disclosure_x_bias,183,init_hard,CLD,log_loss,0.6040725396767848,0.8994739013966534,0.6591134171789521,0.5513116236996833,0.00721435515566582,0.2805897939898013,0.00945455922382762,0.03956666079337159,"[[2168, 937], [1094, 1759]]","[[205, 140], [157, 160]]"
disclosure_x_bias,184,init_hard,CLD,log_loss,0.6039722165883487,0.8996316536844914,0.6592812024138515,0.5482813206693804,0.007209670522881248,0.2805482073485137,0.00924101615414254,0.03863584870447795,"[[2172, 933], [1097, 1756]]","[[205, 140], [159, 158]]"
disclosure_x_bias,185,init_hard,CLD,log_loss,0.6038584716571196,0.8998712832550304,0.6591134171789521,0.5513116236996833,0.007200456796320427,0.28048963245188085,0.009651024546141572,0.03956666079337159,"[[2169, 936], [1095, 1758]]","[[205, 140], [157, 160]]"
disclosure_x_bias,186,init_hard,CLD,log_loss,0.6037567072508179,0.899849681820417,0.6601204105803395,0.5467661691542288,0.007196161116218525,0.28056969665902975,0.009646252671901251,0.04096643767172271,"[[2176, 929], [1096, 1757]]","[[204, 141], [159, 158]]"
disclosure_x_bias,187,init_hard,CLD,log_loss,0.6036535932988404,0.8998576435265135,0.6597848401105408,0.5497964721845319,0.007193220906897301,0.2804603703676599,0.009169587298881487,0.04196717642681755,"[[2168, 937], [1090, 1763]]","[[204, 141], [157, 160]]"
disclosure_x_bias,188,init_hard,CLD,log_loss,0.6035310020767755,0.8992672810273241,0.6602890417912131,0.5497964721845319,0.0071385789533778745,0.2786931890632612,0.009647738102383275,0.04196717642681755,"[[2168, 937], [1087, 1766]]","[[204, 141], [157, 160]]"
disclosure_x_bias,189,init_hard,CLD,log_loss,0.6034177985316367,0.8994095872060418,0.6606243302690203,0.5482813206693804,0.007127436936346406,0.2787645265784299,0.009486108620919127,0.04119210622481848,"[[2172, 933], [1089, 1764]]","[[204, 141], [158, 159]]"
disclosure_x_bias,190,init_hard,CLD,log_loss,0.6033080412244106,0.8992266606505808,0.6606243302690203,0.5482813206693804,0.007122266844667155,0.2788663320726102,0.009999790792653824,0.04119210622481848,"[[2171, 934], [1088, 1765]]","[[204, 141], [158, 159]]"
disclosure_x_bias,191,init_hard,CLD,log_loss,0.6031960900824027,0.8995064280193951,0.6604565450341211,0.5467661691542288,0.007128741276630033,0.2789419042800373,0.009879643107681118,0.04096643767172271,"[[2175, 930], [1093, 1760]]","[[204, 141], [159, 158]]"
disclosure_x_bias,192,init_hard,CLD,log_loss,0.6030752467345872,0.8996352149165135,0.6606243302690203,0.5482813206693804,0.007146239904786327,0.278798977857924,0.009905504710016699,0.04119210622481848,"[[2169, 936], [1086, 1767]]","[[204, 141], [158, 159]]"
disclosure_x_bias,193,init_hard,CLD,log_loss,0.6029585313840082,0.8995666091151767,0.6609601827308105,0.5467661691542288,0.007160708131875891,0.2789017970793247,0.010186185604594522,0.04096643767172271,"[[2172, 933], [1087, 1766]]","[[204, 141], [159, 158]]"
disclosure_x_bias,194,init_hard,CLD,log_loss,0.6028541876311426,0.8997249013309411,0.6606246122610118,0.5482813206693804,0.007158095060918886,0.27867484933603787,0.010328431638594123,0.04119210622481848,"[[2169, 936], [1086, 1767]]","[[204, 141], [158, 159]]"
disclosure_x_bias,195,init_hard,CLD,log_loss,0.6027559571253462,0.8994614645208368,0.6611279679657097,0.5467661691542288,0.00715382175269517,0.27899533770823576,0.010563590193058952,0.04096643767172271,"[[2173, 932], [1087, 1766]]","[[204, 141], [159, 158]]"
disclosure_x_bias,196,init_hard,CLD,log_loss,0.60265574005892,0.899675665112523,0.6607923974959111,0.5482813206693804,0.007149171095955445,0.2788630198217931,0.010440416811019643,0.04119210622481848,"[[2169, 936], [1085, 1768]]","[[204, 141], [158, 159]]"
disclosure_x_bias,197,init_hard,CLD,log_loss,0.6025543854511588,0.8998010156028403,0.6609599007388189,0.5467661691542288,0.007142825690510849,0.2789104811063256,0.009263754596261022,0.04096643767172271,"[[2166, 939], [1081, 1772]]","[[204, 141], [159, 158]]"
disclosure_x_bias,198,init_hard,CLD,log_loss,0.602456188129121,0.8998836526273155,0.6612951892166262,0.5482813206693804,0.007139909730220781,0.2787294071499788,0.009733383879397768,0.04119210622481848,"[[2171, 934], [1084, 1769]]","[[204, 141], [158, 159]]"
disclosure_x_bias,199,init_hard,CLD,log_loss,0.6023460880548094,0.9000958716150921,0.6616318876543905,0.5513116236996833,0.007126722603316811,0.278823547068118,0.0099323452883718,0.042066393432990484,"[[2165, 940], [1076, 1777]]","[[204, 141], [156, 161]]"
disclosure_x_bias,200,init_hard,CLD,log_loss,0.60224190190006,0.9001708658589933,0.6617993908972986,0.5497964721845319,0.0071205744486176935,0.2787373943142391,0.010039877093568366,0.041354911373490774,"[[2167, 938], [1077, 1776]]","[[204, 141], [157, 160]]"
disclosure_x_bias,201,init_hard,CLD,log_loss,0.6021337803122837,0.9003157312371608,0.6616318876543906,0.5513116236996833,0.007120074129588639,0.27883220710327383,0.010088581176520504,0.042066393432990484,"[[2165, 940], [1076, 1777]]","[[204, 141], [156, 161]]"
disclosure_x_bias,202,init_hard,CLD,log_loss,0.6020196626815542,0.9002459026434545,0.6617999548812814,0.5513116236996833,0.007119589605398334,0.2788597207326106,0.010327748125342248,0.042066393432990484,"[[2163, 942], [1073, 1780]]","[[204, 141], [156, 161]]"
disclosure_x_bias,203,init_hard,CLD,log_loss,0.6019187185296748,0.9004091737622361,0.6619671761321978,0.5513116236996833,0.007122291520285074,0.27872482558055595,0.010196345750757911,0.042066393432990484,"[[2164, 941], [1073, 1780]]","[[204, 141], [156, 161]]"
disclosure_x_bias,204,init_hard,CLD,log_loss,0.6018226879582194,0.9005242220811395,0.6612954712086176,0.5513116236996833,0.007116617385269558,0.2788063335761602,0.01049884736363596,0.042066393432990484,"[[2161, 944], [1074, 1779]]","[[204, 141], [156, 161]]"
disclosure_x_bias,205,init_hard,CLD,log_loss,0.6017260873400364,0.9006353834858487,0.6614638204274998,0.5513116236996833,0.007111117294269245,0.27883854487332066,0.01027723784004676,0.042066393432990484,"[[2162, 943], [1074, 1779]]","[[204, 141], [156, 161]]"
disclosure_x_bias,206,init_hard,CLD,log_loss,0.6016301493365327,0.9007187192491986,0.6623030285939879,0.5497964721845319,0.007107313415312747,0.2787171549351028,0.010480011756841634,0.041354911373490774,"[[2166, 939], [1073, 1780]]","[[204, 141], [157, 160]]"
disclosure_x_bias,207,init_hard,CLD,log_loss,0.6015281033826633,0.9007133389749772,0.6619671761321978,0.5497964721845319,0.007104806279047784,0.2787186575372236,0.010675908663807857,0.041354911373490774,"[[2168, 937], [1077, 1776]]","[[204, 141], [157, 160]]"
disclosure_x_bias,208,init_hard,CLD,log_loss,0.601434222601398,0.9006958286729088,0.6624708138288873,0.5513116236996833,0.007101475315338681,0.2786378301796861,0.009856059076524456,0.04020616680147565,"[[2171, 934], [1077, 1776]]","[[205, 140], [157, 160]]"
disclosure_x_bias,209,init_hard,CLD,log_loss,0.6013321327831466,0.9007520261133518,0.6624705318368959,0.5513116236996833,0.007098733842354074,0.2787371312100946,0.009835725618967853,0.04020616680147565,"[[2171, 934], [1077, 1776]]","[[205, 140], [157, 160]]"
disclosure_x_bias,210,init_hard,CLD,log_loss,0.6012327751458607,0.9007699295637707,0.6624705318368959,0.5513116236996833,0.007096697708606609,0.2786449917435845,0.009545214583317425,0.04020616680147565,"[[2171, 934], [1077, 1776]]","[[205, 140], [157, 160]]"
disclosure_x_bias,211,init_hard,CLD,log_loss,0.6011289808887765,0.9007971052675037,0.6626385990637866,0.5513116236996833,0.0070938627448932715,0.278606963175265,0.009907256869291165,0.04020616680147565,"[[2170, 935], [1075, 1778]]","[[205, 140], [157, 160]]"
disclosure_x_bias,212,init_hard,CLD,log_loss,0.6010291858681628,0.9006886944347045,0.6626385990637866,0.5497964721845319,0.007096593905265241,0.27844451847164453,0.009781656992098034,0.04010234768250568,"[[2174, 931], [1079, 1774]]","[[204, 141], [157, 160]]"
disclosure_x_bias,213,init_hard,CLD,log_loss,0.6009327169112052,0.9008893977882245,0.6626385990637866,0.5513116236996833,0.0070965037853288546,0.2785081811624706,0.009454912714365457,0.04020616680147565,"[[2169, 936], [1074, 1779]]","[[205, 140], [157, 160]]"
disclosure_x_bias,214,init_hard,CLD,log_loss,0.6008380606500109,0.9009150823925047,0.6634772432462918,0.5482813206693804,0.0070916780689685216,0.2785081401284523,0.009284797570241624,0.04119210622481848,"[[2175, 930], [1075, 1778]]","[[204, 141], [158, 159]]"
disclosure_x_bias,215,init_hard,CLD,log_loss,0.600746449398699,0.9009518252032931,0.6638133777000733,0.5482813206693804,0.007088145124992093,0.2782162881429732,0.009089350093629916,0.04119210622481848,"[[2173, 932], [1071, 1782]]","[[204, 141], [158, 159]]"
disclosure_x_bias,216,init_hard,CLD,log_loss,0.6006526403800249,0.9007868844689296,0.6643172973887541,0.5482813206693804,0.007084419272465269,0.2783402964765888,0.009104646721212174,0.04119210622481848,"[[2175, 930], [1070, 1783]]","[[204, 141], [158, 159]]"
disclosure_x_bias,217,init_hard,CLD,log_loss,0.600557165096444,0.9010968323439673,0.6643172973887541,0.5467661691542288,0.007082385844861416,0.27816728494093995,0.008646492070533193,0.042793628300276276,"[[2172, 933], [1067, 1786]]","[[203, 142], [158, 159]]"
disclosure_x_bias,218,init_hard,CLD,log_loss,0.6004615910743926,0.9010238017385446,0.6653237268061587,0.5482813206693804,0.007081567794125595,0.2780966749548672,0.00804378589242262,0.04119210622481848,"[[2175, 930], [1064, 1789]]","[[204, 141], [158, 159]]"
disclosure_x_bias,219,init_hard,CLD,log_loss,0.6003640706355388,0.9012241728062504,0.6649884383283514,0.5467661691542288,0.007077602620822933,0.27820972646990133,0.007501164339773031,0.040338986266151886,"[[2175, 930], [1066, 1787]]","[[203, 142], [158, 159]]"
disclosure_x_bias,220,init_hard,CLD,log_loss,0.6002687995517098,0.9010217890927403,0.66465230387457,0.5482813206693804,0.0070804552760389385,0.2782072663377842,0.00829963107880596,0.04119210622481848,"[[2172, 933], [1065, 1788]]","[[204, 141], [158, 159]]"
disclosure_x_bias,221,init_hard,CLD,log_loss,0.6001776618151948,0.901078891545555,0.6653242907901415,0.5482813206693804,0.007077043632630754,0.27811258489853125,0.008325270496286575,0.04056814529537153,"[[2176, 929], [1065, 1788]]","[[204, 141], [158, 159]]"
disclosure_x_bias,222,init_hard,CLD,log_loss,0.6000837620279347,0.9008639932021252,0.6648200891094693,0.5482813206693804,0.007071872020864022,0.2782428622642145,0.008423723921964886,0.04119210622481848,"[[2178, 927], [1070, 1783]]","[[205, 140], [159, 158]]"
disclosure_x_bias,223,init_hard,CLD,log_loss,0.5999880144902747,0.901020403665105,0.6648209350854436,0.5482813206693804,0.007074888066354241,0.2784350998512066,0.007519390440384417,0.04300971079683969,"[[2170, 935], [1062, 1791]]","[[203, 142], [157, 160]]"
disclosure_x_bias,224,init_hard,CLD,log_loss,0.5998967191246779,0.9009167194913313,0.6651559415712593,0.5467661691542288,0.007072883685272339,0.27830342861895546,0.008424300572681372,0.042193357540871904,"[[2172, 933], [1062, 1791]]","[[203, 142], [158, 159]]"
disclosure_x_bias,225,init_hard,CLD,log_loss,0.5998050571765198,0.9009161208790065,0.6659959957137217,0.5467661691542288,0.007070596773582687,0.27845467528272433,0.008340428765080416,0.042793628300276276,"[[2174, 931], [1059, 1794]]","[[202, 143], [157, 160]]"
disclosure_x_bias,226,init_hard,CLD,log_loss,0.5997081412722841,0.9010821494472161,0.6656598612599403,0.5467661691542288,0.0070692171856748705,0.2785544001101357,0.008862989902797474,0.04096643767172271,"[[2180, 925], [1067, 1786]]","[[204, 141], [159, 158]]"
disclosure_x_bias,227,init_hard,CLD,log_loss,0.5996038315824418,0.9011271767061206,0.6656598612599403,0.5482813206693804,0.00706475354303286,0.2784903717778963,0.008465873736119888,0.04300971079683969,"[[2174, 931], [1061, 1792]]","[[203, 142], [157, 160]]"
disclosure_x_bias,228,init_hard,CLD,log_loss,0.5994968634606738,0.9013892035931491,0.6658276464948395,0.5452510176390774,0.007068491170261865,0.2785022403657747,0.00885298664039374,0.041912257164142735,"[[2179, 926], [1065, 1788]]","[[202, 143], [158, 159]]"
disclosure_x_bias,229,init_hard,CLD,log_loss,0.5994004861494162,0.9014161077043518,0.6658273645028482,0.5452510176390774,0.007067711994354657,0.27835689603676433,0.00879472951631798,0.041912257164142735,"[[2180, 925], [1066, 1787]]","[[202, 143], [158, 159]]"
disclosure_x_bias,230,init_hard,CLD,log_loss,0.5993037456212568,0.9014638968936757,0.6661632169646382,0.5452510176390774,0.007075088945667483,0.2783665905103944,0.009237988279049111,0.041912257164142735,"[[2180, 925], [1064, 1789]]","[[202, 143], [158, 159]]"
disclosure_x_bias,231,init_hard,CLD,log_loss,0.5992001801683504,0.9015044933326035,0.6663318481755118,0.5452510176390774,0.007084047616360196,0.27813920117409874,0.008362368124403599,0.041912257164142735,"[[2180, 925], [1063, 1790]]","[[202, 143], [158, 159]]"
disclosure_x_bias,232,init_hard,CLD,log_loss,0.5991080238282931,0.9014008608603643,0.6659951497377474,0.5452510176390774,0.007085032549069201,0.2782749032455117,0.009727503460634716,0.041912257164142735,"[[2178, 927], [1063, 1790]]","[[202, 143], [158, 159]]"
disclosure_x_bias,233,init_hard,CLD,log_loss,0.5990184104451369,0.9013766511183847,0.6670029891151091,0.5452510176390774,0.007079931506300188,0.27820808940973796,0.009373466411537036,0.040044870994949765,"[[2185, 920], [1064, 1789]]","[[203, 142], [159, 158]]"
disclosure_x_bias,234,init_hard,CLD,log_loss,0.5989248281713246,0.9015623628472442,0.6666665726693362,0.5437358661239258,0.0070748883508944,0.278080121827234,0.009030817683944033,0.041567940294914514,"[[2185, 920], [1066, 1787]]","[[202, 143], [159, 158]]"
disclosure_x_bias,235,init_hard,CLD,log_loss,0.5988356700624847,0.9016238942909446,0.6663304382155546,0.5437358661239258,0.007072324785728421,0.278260585608889,0.009736960872246146,0.041567940294914514,"[[2181, 924], [1064, 1789]]","[[202, 143], [159, 158]]"
disclosure_x_bias,236,init_hard,CLD,log_loss,0.5987469687182663,0.901870219117515,0.6670021431391349,0.5437358661239258,0.007069781690058625,0.2781138269337729,0.009441732916952043,0.041567940294914514,"[[2181, 924], [1060, 1793]]","[[202, 143], [159, 158]]"
disclosure_x_bias,237,init_hard,CLD,log_loss,0.5986433214803843,0.9019285370285959,0.6673377136089335,0.5437358661239258,0.007072852097348272,0.2780964054012982,0.00923179180393285,0.041567940294914514,"[[2182, 923], [1059, 1794]]","[[202, 143], [159, 158]]"
disclosure_x_bias,238,init_hard,CLD,log_loss,0.5985458478628704,0.9019159456945088,0.6668340759122441,0.5437358661239258,0.007074713129846706,0.27809173172720464,0.009808862893170374,0.041567940294914514,"[[2180, 925], [1060, 1793]]","[[202, 143], [159, 158]]"
disclosure_x_bias,239,init_hard,CLD,log_loss,0.5984481245884348,0.9018620900350192,0.6671702103660256,0.5437358661239258,0.007073748477443601,0.2783020373023493,0.009225985656118468,0.041567940294914514,"[[2182, 923], [1060, 1793]]","[[202, 143], [159, 158]]"
disclosure_x_bias,240,init_hard,CLD,log_loss,0.5983328221453191,0.9012934002904227,0.6673374316169421,0.5437358661239258,0.007032156277542022,0.2765346589167081,0.00967381944666241,0.041567940294914514,"[[2179, 926], [1056, 1797]]","[[202, 143], [159, 158]]"
disclosure_x_bias,241,init_hard,CLD,log_loss,0.5982444198255552,0.901294202631504,0.6664982234504541,0.5437358661239258,0.007030505287714887,0.27643262750097275,0.009583804378781733,0.041567940294914514,"[[2178, 927], [1060, 1793]]","[[202, 143], [159, 158]]"
disclosure_x_bias,242,init_hard,CLD,log_loss,0.5981560705433322,0.9013011620811376,0.6670018611471434,0.5452284034373587,0.007025043193082122,0.2763878274927432,0.009385712081601714,0.04389628269406333,"[[2175, 930], [1054, 1799]]","[[202, 143], [158, 159]]"
disclosure_x_bias,243,init_hard,CLD,log_loss,0.598062187309408,0.9012652570292772,0.6680091365405223,0.542243328810493,0.007020221067013349,0.2762755764274293,0.009690500886860135,0.039666825421324284,"[[2187, 918], [1060, 1793]]","[[202, 143], [160, 157]]"
disclosure_x_bias,244,init_hard,CLD,log_loss,0.59797177717494,0.9013633222313656,0.6675054988438329,0.5452284034373587,0.007018797411147609,0.27625096207672123,0.009014983210623604,0.04389628269406333,"[[2180, 925], [1056, 1797]]","[[202, 143], [158, 159]]"
disclosure_x_bias,245,init_hard,CLD,log_loss,0.5978762458069374,0.9013491069008124,0.6681774857594045,0.542243328810493,0.007018462896041697,0.2762744727010208,0.00934951746246054,0.039666825421324284,"[[2189, 916], [1061, 1792]]","[[202, 143], [160, 157]]"
disclosure_x_bias,246,init_hard,CLD,log_loss,0.5977852037016971,0.9012457360473627,0.6680094185325137,0.545273631840796,0.007019424366752118,0.27645059999332167,0.008940051486236956,0.04107199481478666,"[[2184, 921], [1057, 1796]]","[[202, 143], [158, 159]]"
disclosure_x_bias,247,init_hard,CLD,log_loss,0.5976820545910471,0.9014947539622933,0.6680099825164966,0.5437584803256444,0.007020987810854603,0.27639654269298186,0.008916915649482096,0.040090223962921216,"[[2184, 921], [1057, 1796]]","[[202, 143], [159, 158]]"
disclosure_x_bias,248,init_hard,CLD,log_loss,0.5975897789834967,0.9014677541050921,0.6676732840787322,0.5467435549525101,0.00701354666894291,0.2763434426048008,0.009070906232140812,0.044165618940857965,"[[2177, 928], [1052, 1801]]","[[202, 143], [157, 160]]"
disclosure_x_bias,249,init_hard,CLD,log_loss,0.5975048866582768,0.9014734832877004,0.6686808414641024,0.542243328810493,0.007010356674776584,0.276242375641264,0.009159527914413539,0.039666825421324284,"[[2189, 916], [1058, 1795]]","[[202, 143], [160, 157]]"
disclosure_x_bias,250,init_hard,CLD,log_loss,0.5974201480435335,0.9014488154850124,0.6685127742372117,0.5482587064676616,0.007008220804799432,0.27627782069360607,0.009240222633300658,0.04494701147772049,"[[2180, 925], [1050, 1803]]","[[202, 143], [156, 161]]"
disclosure_x_bias,251,init_hard,CLD,log_loss,0.5973165414308598,0.9015327488106051,0.6688489086909932,0.542243328810493,0.007015301916829292,0.2765224724523739,0.008831624799286023,0.039666825421324284,"[[2191, 914], [1059, 1794]]","[[202, 143], [160, 157]]"
disclosure_x_bias,252,init_hard,CLD,log_loss,0.5972245748089476,0.9014811749894955,0.6690166939258925,0.5452510176390774,0.007015974079616314,0.27633320630706965,0.009138539008952878,0.04251649683503552,"[[2190, 915], [1057, 1796]]","[[202, 143], [158, 159]]"
disclosure_x_bias,253,init_hard,CLD,log_loss,0.5971390046263869,0.9013404760185567,0.669016975917884,0.5437358661239258,0.007013559925054237,0.27637983893706675,0.00795482317512427,0.041567940294914514,"[[2192, 913], [1059, 1794]]","[[202, 143], [159, 158]]"
disclosure_x_bias,254,init_hard,CLD,log_loss,0.5970377466815534,0.9014019066635444,0.6688491906829845,0.5437358661239258,0.007001024178251592,0.2763514261124062,0.007763144211553361,0.041567940294914514,"[[2192, 913], [1060, 1793]]","[[202, 143], [159, 158]]"
disclosure_x_bias,255,init_hard,CLD,log_loss,0.5969484476366678,0.9013835565148443,0.6695208956065648,0.5422207146087743,0.007000923136073774,0.27635492807010764,0.008156516974570262,0.038600358673922586,"[[2192, 913], [1056, 1797]]","[[202, 143], [160, 157]]"
disclosure_x_bias,256,init_hard,CLD,log_loss,0.5968564756849198,0.901404399764089,0.6690172579098753,0.5437358661239258,0.006998911138580369,0.2765283576887808,0.007981803389242762,0.041567940294914514,"[[2192, 913], [1059, 1794]]","[[202, 143], [159, 158]]"
disclosure_x_bias,257,init_hard,CLD,log_loss,0.5967683936412105,0.901548296660531,0.6691847611527832,0.5437358661239258,0.006992731271537444,0.27658773409042886,0.008252650970308847,0.041567940294914514,"[[2190, 915], [1056, 1797]]","[[202, 143], [159, 158]]"
disclosure_x_bias,258,init_hard,CLD,log_loss,0.5966834786150326,0.9015705405046279,0.669352828379674,0.5437358661239258,0.006991224319886575,0.27659965166214817,0.008813607094404074,0.041567940294914514,"[[2191, 914], [1056, 1797]]","[[202, 143], [159, 158]]"
disclosure_x_bias,259,init_hard,CLD,log_loss,0.5965848351174348,0.9018352018170914,0.6693525463876826,0.542243328810493,0.006977732169630423,0.27651164444366705,0.008681769080416214,0.039666825421324284,"[[2191, 914], [1056, 1797]]","[[201, 144], [159, 158]]"
disclosure_x_bias,260,init_hard,CLD,log_loss,0.5964992607421308,0.901916850054916,0.6695206136145734,0.542243328810493,0.006975090618519179,0.2764944900307404,0.008433310598640735,0.039666825421324284,"[[2191, 914], [1055, 1798]]","[[201, 144], [159, 158]]"
disclosure_x_bias,261,init_hard,CLD,log_loss,0.5964131139465281,0.9019516460976078,0.6693525463876826,0.542243328810493,0.006975398695949927,0.27652570334080906,0.008161785964347763,0.039666825421324284,"[[2191, 914], [1056, 1797]]","[[201, 144], [159, 158]]"
disclosure_x_bias,262,init_hard,CLD,log_loss,0.596317967307602,0.9017251070447827,0.669856184084372,0.542243328810493,0.006982447765084114,0.2765715127204639,0.008715359408421752,0.039666825421324284,"[[2192, 913], [1054, 1799]]","[[201, 144], [159, 158]]"
disclosure_x_bias,263,init_hard,CLD,log_loss,0.5962270571549105,0.9019475982201648,0.6696878348654899,0.542243328810493,0.006985869738910526,0.27644027637273405,0.0086184326014675,0.039666825421324284,"[[2193, 912], [1056, 1797]]","[[201, 144], [159, 158]]"
disclosure_x_bias,264,init_hard,CLD,log_loss,0.5961403016802395,0.9018771079906023,0.6698559020923807,0.5437358661239258,0.006983785895184342,0.27648221030538706,0.008762376197367475,0.041567940294914514,"[[2192, 913], [1054, 1799]]","[[202, 143], [159, 158]]"
disclosure_x_bias,265,init_hard,CLD,log_loss,0.5960569750996034,0.9020301787830917,0.6696878348654899,0.542243328810493,0.006982815810238008,0.27660140444161874,0.007698249269320013,0.039666825421324284,"[[2194, 911], [1057, 1796]]","[[201, 144], [159, 158]]"
disclosure_x_bias,266,init_hard,CLD,log_loss,0.5959733276006993,0.901963479615348,0.6701914725621793,0.542243328810493,0.006980449889784519,0.2765434065224729,0.008809789170137992,0.039666825421324284,"[[2195, 910], [1055, 1798]]","[[201, 144], [159, 158]]"
disclosure_x_bias,267,init_hard,CLD,log_loss,0.5958899297438325,0.9020456522641954,0.6700234053352885,0.5407281772953414,0.0069780709016626615,0.27660200835291776,0.008491635393155485,0.036476371670439024,"[[2191, 914], [1052, 1801]]","[[201, 144], [160, 157]]"
disclosure_x_bias,268,init_hard,CLD,log_loss,0.595803424098861,0.9021683254982662,0.6706948282668772,0.5407281772953414,0.006974264067890448,0.2764917441596544,0.009217466203552183,0.036476371670439024,"[[2195, 910], [1052, 1801]]","[[201, 144], [160, 157]]"
disclosure_x_bias,269,init_hard,CLD,log_loss,0.5957196278528277,0.9021439124510794,0.6706948282668772,0.542243328810493,0.006972093449265675,0.2764038248790588,0.008871623794887915,0.03700535405700643,"[[2191, 914], [1048, 1805]]","[[201, 144], [159, 158]]"
disclosure_x_bias,270,init_hard,CLD,log_loss,0.5956241371225179,0.9021999712254514,0.6708620495177937,0.5407281772953414,0.006968843511657077,0.2764442778273675,0.009023869979855138,0.036476371670439024,"[[2195, 910], [1051, 1802]]","[[201, 144], [160, 157]]"
disclosure_x_bias,271,init_hard,CLD,log_loss,0.5955397696365066,0.9022290926632767,0.6717026676442389,0.542243328810493,0.0069670561765628565,0.2762189088900905,0.008564356586354165,0.037688346095507544,"[[2200, 905], [1051, 1802]]","[[201, 144], [159, 158]]"
disclosure_x_bias,272,init_hard,CLD,log_loss,0.5954588466898012,0.9021739316559471,0.6710301167446844,0.5407281772953414,0.006963975337166994,0.27654974096503787,0.00910306731714753,0.036476371670439024,"[[2197, 908], [1052, 1801]]","[[201, 144], [160, 157]]"
disclosure_x_bias,273,init_hard,CLD,log_loss,0.5953753875225216,0.9023708677562512,0.6717026676442389,0.542243328810493,0.0069620367469863135,0.27649256308680276,0.008152707025096781,0.03700535405700643,"[[2199, 906], [1050, 1803]]","[[201, 144], [159, 158]]"
disclosure_x_bias,274,init_hard,CLD,log_loss,0.5952889873332137,0.9022778208919077,0.6711981839715752,0.542243328810493,0.006956437181323109,0.27653919579255043,0.00897064418948195,0.037688346095507544,"[[2196, 909], [1050, 1803]]","[[201, 144], [159, 158]]"
disclosure_x_bias,275,init_hard,CLD,log_loss,0.5952096755319316,0.9024677634979075,0.6717023856522475,0.542243328810493,0.006954203352900228,0.2766013561950779,0.007892602538977007,0.037688346095507544,"[[2200, 905], [1051, 1802]]","[[201, 144], [159, 158]]"
disclosure_x_bias,276,init_hard,CLD,log_loss,0.595118451329232,0.9022967171244856,0.6718704528791382,0.5437584803256444,0.00696266990260113,0.2766087593405432,0.007884131204667582,0.03677159290465143,"[[2200, 905], [1050, 1803]]","[[202, 143], [159, 158]]"
disclosure_x_bias,277,init_hard,CLD,log_loss,0.595030839173534,0.9026575442692885,0.6713659692064745,0.545273631840796,0.006965460879846353,0.27629515631607526,0.007670509860323669,0.035039576699678804,"[[2195, 910], [1048, 1805]]","[[202, 143], [158, 159]]"
disclosure_x_bias,278,init_hard,CLD,log_loss,0.5949370949491449,0.9027225635190625,0.6720382381140375,0.545273631840796,0.006974145724847681,0.27645549255942115,0.007601964096416634,0.035039576699678804,"[[2200, 905], [1049, 1804]]","[[202, 143], [158, 159]]"
disclosure_x_bias,279,init_hard,CLD,log_loss,0.5948531636526015,0.9027750073807284,0.6722063053409283,0.545273631840796,0.006972303064837419,0.2764923918536488,0.007204631141229426,0.03850776477471062,"[[2202, 903], [1050, 1803]]","[[201, 144], [157, 160]]"
disclosure_x_bias,280,init_hard,CLD,log_loss,0.5947591276110873,0.9026683264418413,0.672541875810727,0.5483039348710991,0.006971869729850332,0.2765355293634968,0.007482774470201321,0.03491113244052487,"[[2202, 903], [1048, 1805]]","[[202, 143], [156, 161]]"
disclosure_x_bias,281,init_hard,CLD,log_loss,0.5946786495268684,0.902763772606575,0.6722063053409283,0.5467887833559475,0.0069710262491705565,0.2765783031234811,0.007204631141229426,0.0381496883774872,"[[2201, 904], [1049, 1804]]","[[201, 144], [156, 161]]"
disclosure_x_bias,282,init_hard,CLD,log_loss,0.5945926259973933,0.902871635648163,0.672541875810727,0.5467887833559475,0.006970082667966902,0.2765639217425111,0.007482774470201321,0.035374254948733065,"[[2201, 904], [1047, 1806]]","[[201, 144], [156, 161]]"
disclosure_x_bias,283,init_hard,CLD,log_loss,0.5945115674201908,0.9028746799223886,0.6725415938187356,0.5483039348710991,0.006970076787140222,0.27662638424734326,0.007783145051956627,0.03491113244052487,"[[2201, 904], [1047, 1806]]","[[202, 143], [156, 161]]"
disclosure_x_bias,284,init_hard,CLD,log_loss,0.5944220280996482,0.9030084445843958,0.6727093790536348,0.545273631840796,0.006967219027838332,0.2764918437540157,0.007847790657402374,0.03715935337009699,"[[2201, 904], [1046, 1807]]","[[201, 144], [157, 160]]"
disclosure_x_bias,285,init_hard,CLD,log_loss,0.5943407139471383,0.9029188093420055,0.672541875810727,0.5467887833559475,0.006964736143960736,0.276582928544288,0.007524460858922542,0.03881254856138329,"[[2200, 905], [1046, 1807]]","[[200, 145], [155, 162]]"
disclosure_x_bias,286,init_hard,CLD,log_loss,0.5942516889110099,0.9029335872875748,0.6723738085838362,0.545273631840796,0.00696954015081852,0.2764557061277612,0.00775434802534593,0.0404461809759031,"[[2198, 907], [1045, 1808]]","[[200, 145], [156, 161]]"
disclosure_x_bias,287,init_hard,CLD,log_loss,0.5941681647755799,0.9029301422360925,0.6718704528791382,0.545273631840796,0.006969801733324258,0.27659215042348445,0.007764602138081517,0.041071994814786635,"[[2200, 905], [1050, 1803]]","[[200, 145], [156, 161]]"
disclosure_x_bias,288,init_hard,CLD,log_loss,0.5940858679587329,0.9029976661808284,0.6725415938187356,0.545273631840796,0.006958212506172983,0.27649402469066825,0.007742851506663206,0.03981053067977306,"[[2202, 903], [1048, 1805]]","[[201, 144], [157, 160]]"
disclosure_x_bias,289,init_hard,CLD,log_loss,0.5939997733961019,0.9030565560372829,0.6720382381140375,0.545273631840796,0.006959557512258806,0.27652054926194214,0.007683817606784305,0.041071994814786635,"[[2200, 905], [1049, 1804]]","[[200, 145], [156, 161]]"
disclosure_x_bias,290,init_hard,CLD,log_loss,0.5939185958251435,0.9030700591795636,0.6720382381140375,0.5483039348710991,0.00695890730129141,0.2765967890678383,0.007925369052160337,0.040962470519404166,"[[2197, 908], [1046, 1807]]","[[201, 144], [155, 162]]"
disclosure_x_bias,291,init_hard,CLD,log_loss,0.5938409465183029,0.9030141033466188,0.6722060233489369,0.5467887833559475,0.006956186441172307,0.2766010481807834,0.008344049690289438,0.041357886018885875,"[[2197, 908], [1045, 1808]]","[[200, 145], [155, 162]]"
disclosure_x_bias,292,init_hard,CLD,log_loss,0.5937634089285222,0.90320911141258,0.6725421578027184,0.5483039348710991,0.006953661291886439,0.2766110975518629,0.00738531557604103,0.039049691208279655,"[[2200, 905], [1046, 1807]]","[[201, 144], [155, 162]]"
disclosure_x_bias,293,init_hard,CLD,log_loss,0.5936784476467606,0.9030343384973897,0.6722060233489369,0.5467887833559475,0.006957289593589766,0.2766337856451903,0.007921357660137735,0.03946427661012033,"[[2205, 900], [1053, 1800]]","[[200, 145], [155, 162]]"
disclosure_x_bias,294,init_hard,CLD,log_loss,0.5935954258061594,0.9032128851645913,0.6722063053409284,0.5483039348710991,0.006957998765689855,0.27651613405811915,0.0077887787309064175,0.039049691208279655,"[[2203, 902], [1051, 1802]]","[[201, 144], [155, 162]]"
disclosure_x_bias,295,init_hard,CLD,log_loss,0.5935153046524927,0.903142939004827,0.6720382381140376,0.5483039348710991,0.0069532380941437115,0.2765983591262383,0.008042247439077095,0.039049691208279655,"[[2199, 906], [1048, 1805]]","[[201, 144], [155, 162]]"
disclosure_x_bias,296,init_hard,CLD,log_loss,0.5934288721636835,0.9033922825098815,0.6727090970616435,0.5513116236996833,0.006947796849282048,0.2763611812445433,0.008620222021733114,0.04083565906653688,"[[2201, 904], [1046, 1807]]","[[202, 143], [154, 163]]"
disclosure_x_bias,297,init_hard,CLD,log_loss,0.5933406231440019,0.9032860616457044,0.6720379561220462,0.5513342379014021,0.006934217126544202,0.2763827324530136,0.007818708283253576,0.03996896221442021,"[[2195, 910], [1044, 1809]]","[[201, 144], [153, 164]]"
disclosure_x_bias,298,init_hard,CLD,log_loss,0.5932449922608952,0.9033197353172685,0.6723735265918448,0.5483039348710991,0.006942679649149989,0.2763191950336796,0.0084245664682647,0.039049691208279655,"[[2204, 901], [1051, 1802]]","[[201, 144], [155, 162]]"
disclosure_x_bias,299,init_hard,CLD,log_loss,0.5931477751661764,0.9032250495422709,0.672541875810727,0.5483039348710991,0.006944313612274467,0.2763221865191664,0.008201285646446605,0.039049691208279655,"[[2200, 905], [1046, 1807]]","[[201, 144], [155, 162]]"
disclosure_x_bias,300,init_hard,CLD,log_loss,0.5930683098241297,0.9031503347212263,0.6727093790536349,0.5483039348710991,0.006944451398615525,0.2761380624293367,0.007887548139185756,0.039049691208279655,"[[2202, 903], [1047, 1806]]","[[201, 144], [155, 162]]"
disclosure_x_bias,1,init_hard,CLD,exponential,27.0765760990323,30.113200949768732,0.6181583103039874,0.5468566259611036,14.862008298231043,33.90156910793008,0.02399627250590758,0.024994530524254606,"[[2030, 1075], [1200, 1653]]","[[209, 136], [164, 153]]"
disclosure_x_bias,2,init_hard,CLD,exponential,27.091928534652446,30.21332883974108,0.6189986464384412,0.5468566259611036,14.858642343937564,34.15156882910767,0.022542693543351464,0.024994530524254606,"[[2037, 1068], [1202, 1651]]","[[209, 136], [164, 153]]"
disclosure_x_bias,3,init_hard,CLD,exponential,27.039807444762015,30.03869485183457,0.6206779087473916,0.5483717774762551,14.869903726332176,34.055596162364466,0.022940269284554365,0.02634345820143053,"[[2048, 1057], [1203, 1650]]","[[210, 135], [164, 153]]"
disclosure_x_bias,4,init_hard,CLD,exponential,26.92708521637786,30.125893301411075,0.6215165529298968,0.5483717774762551,14.804428410944043,34.29302418585275,0.02314324904939431,0.02634345820143053,"[[2053, 1052], [1203, 1650]]","[[210, 135], [164, 153]]"
disclosure_x_bias,5,init_hard,CLD,exponential,26.9331620350072,30.097949856646107,0.6240364333652925,0.5438715513342378,14.812372239908905,34.26563212556051,0.02136093757999801,0.027877195430870284,"[[2084, 1021], [1219, 1634]]","[[210, 135], [167, 150]]"
disclosure_x_bias,6,init_hard,CLD,exponential,26.82278885900704,29.9945092048553,0.6242045005921832,0.5438715513342378,14.764195899155641,34.501382719555345,0.02158236055978644,0.027877195430870284,"[[2085, 1020], [1219, 1634]]","[[210, 135], [167, 150]]"
disclosure_x_bias,7,init_hard,CLD,exponential,26.54034154015192,29.710333410502066,0.6253792792284699,0.5438715513342378,14.696578837459928,34.49706912303537,0.02158905402542831,0.027877195430870284,"[[2092, 1013], [1219, 1634]]","[[210, 135], [167, 150]]"
disclosure_x_bias,8,init_hard,CLD,exponential,26.529131383026247,29.68900233198343,0.6255470644633693,0.5438715513342378,14.681208180723852,34.47845268588792,0.021425055084503125,0.027877195430870284,"[[2097, 1008], [1223, 1630]]","[[210, 135], [167, 150]]"
disclosure_x_bias,9,init_hard,CLD,exponential,26.540209651192093,29.757106274474843,0.6272249168123626,0.5544776119402985,14.677899460726248,34.679117918744495,0.017445556613574057,0.05151257809546473,"[[2066, 1039], [1182, 1671]]","[[209, 136], [159, 158]]"
disclosure_x_bias,10,init_hard,CLD,exponential,26.503955068197246,29.721715521941668,0.6278960577519599,0.5544776119402985,14.65568725827079,34.64361442110977,0.016446884057227936,0.05151257809546473,"[[2073, 1032], [1185, 1668]]","[[209, 136], [159, 158]]"
disclosure_x_bias,11,init_hard,CLD,exponential,26.29107694015193,29.46735945655464,0.6277279905250691,0.5544776119402985,14.625871682779154,34.64712353885495,0.016197842294226335,0.05151257809546473,"[[2070, 1035], [1183, 1670]]","[[209, 136], [159, 158]]"
disclosure_x_bias,12,init_hard,CLD,exponential,26.247971022970184,29.3989925740174,0.6289024871693644,0.5544776119402985,14.626799017074564,34.87332443442563,0.014935296163352938,0.05151257809546473,"[[2094, 1011], [1200, 1653]]","[[211, 134], [161, 156]]"
disclosure_x_bias,13,init_hard,CLD,exponential,26.213007440491726,29.389895602752432,0.6295739101009532,0.5575079149706015,14.599275601567118,34.884366423272425,0.015216766502907826,0.05278865485291557,"[[2099, 1006], [1201, 1652]]","[[213, 132], [161, 156]]"
disclosure_x_bias,14,init_hard,CLD,exponential,26.197485237155973,29.385964367982133,0.630077265805651,0.559023066485753,14.587258137994157,34.88669669621131,0.01528592171778537,0.05262143276816594,"[[2104, 1001], [1203, 1650]]","[[214, 131], [161, 156]]"
disclosure_x_bias,15,init_hard,CLD,exponential,25.998175872700035,29.249870998590808,0.630077265805651,0.559023066485753,14.546112731694027,34.93189048958187,0.01528592171778537,0.05262143276816594,"[[2105, 1000], [1204, 1649]]","[[214, 131], [161, 156]]"
disclosure_x_bias,16,init_hard,CLD,exponential,25.971945418119816,29.245907799945115,0.6304131182674413,0.559023066485753,14.515611600343398,34.9229856761305,0.015107656744900746,0.05262143276816594,"[[2107, 998], [1204, 1649]]","[[214, 131], [161, 156]]"
disclosure_x_bias,17,init_hard,CLD,exponential,25.88921323046153,29.145022092381303,0.6304131182674413,0.559023066485753,14.488041903226428,35.09625937970572,0.01510765674490076,0.05262143276816594,"[[2111, 994], [1208, 1645]]","[[215, 130], [162, 155]]"
disclosure_x_bias,18,init_hard,CLD,exponential,25.884589729167583,29.01966211146841,0.630581185494332,0.5575305291723203,14.522737143457707,35.02675707350938,0.014884854663322485,0.054427058818320065,"[[2105, 1000], [1201, 1652]]","[[214, 131], [162, 155]]"
disclosure_x_bias,19,init_hard,CLD,exponential,25.898708475108663,29.036203426464795,0.6307492527212227,0.5575305291723203,14.52719220975767,35.05558704092801,0.014677923430438486,0.054427058818320065,"[[2105, 1000], [1200, 1653]]","[[214, 131], [162, 155]]"
disclosure_x_bias,20,init_hard,CLD,exponential,25.791767244975187,29.013724415542463,0.6304134002594326,0.5575305291723203,14.49418079250691,35.03438536264133,0.014376135414239828,0.054427058818320065,"[[2103, 1002], [1200, 1653]]","[[214, 131], [162, 155]]"
disclosure_x_bias,21,init_hard,CLD,exponential,25.677257223983695,28.863980122382976,0.6305814674863234,0.5575305291723203,14.4562867466637,35.06029086616996,0.014621908750319703,0.054427058818320065,"[[2106, 999], [1202, 1651]]","[[214, 131], [162, 155]]"
disclosure_x_bias,22,init_hard,CLD,exponential,25.674136858221953,28.940669203302196,0.6309170379561221,0.5575305291723203,14.435068787695633,35.230549589376956,0.014774007313641048,0.054427058818320065,"[[2106, 999], [1200, 1653]]","[[214, 131], [162, 155]]"
disclosure_x_bias,23,init_hard,CLD,exponential,25.68551372900719,28.924475802250566,0.6312526084259207,0.5575305291723203,14.434977203224326,35.2147553682284,0.015083000672632135,0.054427058818320065,"[[2109, 996], [1201, 1652]]","[[214, 131], [162, 155]]"
disclosure_x_bias,24,init_hard,CLD,exponential,25.602831695412032,28.75898056443129,0.6317559641306187,0.5560153776571687,14.427351222333066,35.210912225734475,0.015316989342932267,0.054542701143771764,"[[2113, 992], [1202, 1651]]","[[214, 131], [163, 154]]"
disclosure_x_bias,25,init_hard,CLD,exponential,25.591323837499328,28.741949474741197,0.6332665952286956,0.5560153776571687,14.427337963625092,35.175712899751275,0.014282472067502718,0.054542701143771764,"[[2098, 1007], [1178, 1675]]","[[212, 133], [161, 156]]"
disclosure_x_bias,26,init_hard,CLD,exponential,25.586054944170435,28.720548538499806,0.6332665952286956,0.5560153776571687,14.439646822374787,35.10756621446046,0.014282472067502718,0.054542701143771764,"[[2099, 1006], [1179, 1674]]","[[212, 133], [161, 156]]"
disclosure_x_bias,27,init_hard,CLD,exponential,25.57362356010909,28.67739709973419,0.6334343804635949,0.5575079149706015,14.456308204985936,35.203903752025305,0.014062271899917746,0.05278865485291557,"[[2098, 1007], [1177, 1676]]","[[212, 133], [160, 157]]"
disclosure_x_bias,28,init_hard,CLD,exponential,25.49841959139506,28.563740085186243,0.6336021656984941,0.5575079149706015,14.44398582546479,35.25571609539386,0.014104984339502368,0.05278865485291557,"[[2100, 1005], [1178, 1675]]","[[212, 133], [160, 157]]"
disclosure_x_bias,29,init_hard,CLD,exponential,25.380048667656695,28.534065106120824,0.6325954542890981,0.5575079149706015,14.392292261133852,35.19314151416029,0.015659521430448808,0.05278865485291557,"[[2123, 982], [1207, 1646]]","[[215, 130], [163, 154]]"
disclosure_x_bias,30,init_hard,CLD,exponential,25.401089949633388,28.590587567125475,0.6327632395239975,0.5575079149706015,14.39655035230153,35.33009534175243,0.01572774935677121,0.05278865485291557,"[[2123, 982], [1206, 1647]]","[[215, 130], [163, 154]]"
disclosure_x_bias,31,init_hard,CLD,exponential,25.315965624208896,28.476746494113286,0.6329310247588968,0.5575079149706015,14.372212794834796,35.349822458291946,0.015951357561288532,0.05278865485291557,"[[2125, 980], [1207, 1646]]","[[215, 130], [163, 154]]"
disclosure_x_bias,32,init_hard,CLD,exponential,25.290425324167465,28.41051866210774,0.6339377361682927,0.5575079149706015,14.36975111690658,35.25417308593747,0.014227448236976366,0.05278865485291557,"[[2102, 1003], [1178, 1675]]","[[212, 133], [160, 157]]"
disclosure_x_bias,33,init_hard,CLD,exponential,25.169285622499206,28.392952741179084,0.6339377361682927,0.5575079149706015,14.346999263353231,35.42873405851371,0.014227448236976366,0.05278865485291557,"[[2102, 1003], [1178, 1675]]","[[212, 133], [160, 157]]"
disclosure_x_bias,34,init_hard,CLD,exponential,25.165505523122004,28.40763196083273,0.6334343804635949,0.5544776119402985,14.345412416123736,35.41955532499437,0.014946470695625665,0.045181448313186066,"[[2115, 990], [1194, 1659]]","[[212, 133], [162, 155]]"
disclosure_x_bias,35,init_hard,CLD,exponential,25.177922034234868,28.414757710258026,0.6337699509333935,0.552962460425147,14.350887967864132,35.42922088346159,0.014623756682390932,0.047410404086498256,"[[2118, 987], [1195, 1658]]","[[212, 133], [163, 154]]"
disclosure_x_bias,36,init_hard,CLD,exponential,25.172346179937247,28.339523571883614,0.6341055214031922,0.552962460425147,14.3734905556717,35.40226068267484,0.014822322015026455,0.047410404086498256,"[[2119, 986], [1194, 1659]]","[[212, 133], [163, 154]]"
disclosure_x_bias,37,init_hard,CLD,exponential,25.06917691508755,28.290841970115974,0.6344410918729908,0.5544776119402985,14.44151476170229,35.30222514787085,0.013996245261102512,0.05101500269049291,"[[2108, 997], [1181, 1672]]","[[212, 133], [162, 155]]"
disclosure_x_bias,38,init_hard,CLD,exponential,25.07678172642535,28.351266188780095,0.6346088771078902,0.5544776119402985,14.448946008022489,35.41531787007528,0.014070316629810084,0.05101500269049291,"[[2109, 996], [1181, 1672]]","[[212, 133], [162, 155]]"
disclosure_x_bias,39,init_hard,CLD,exponential,25.079622355063158,28.328979238763004,0.6346088771078902,0.5575079149706015,14.447955124791363,35.42383837888311,0.014225083204749061,0.058735336162099645,"[[2098, 1007], [1170, 1683]]","[[212, 133], [160, 157]]"
disclosure_x_bias,40,init_hard,CLD,exponential,25.009126054608362,28.241839586797,0.6352800180474875,0.5575079149706015,14.428630547341664,35.392211152662064,0.01373946127779829,0.058735336162099645,"[[2099, 1006], [1167, 1686]]","[[212, 133], [160, 157]]"
disclosure_x_bias,41,init_hard,CLD,exponential,24.763535785430395,28.216291761454414,0.6356155885172861,0.55599276345545,14.31481980757854,35.57982108723965,0.013955102511432702,0.05927377405697906,"[[2101, 1004], [1167, 1686]]","[[212, 133], [161, 156]]"
disclosure_x_bias,42,init_hard,CLD,exponential,24.748351396239286,28.172474795116255,0.6359511589870848,0.55599276345545,14.312144443246599,35.488836582164,0.014224750590556225,0.05927377405697906,"[[2103, 1002], [1167, 1686]]","[[212, 133], [161, 156]]"
disclosure_x_bias,43,init_hard,CLD,exponential,24.739839369938483,28.19172133147717,0.6364545146917828,0.5590230664857531,14.313967214906269,35.46598371741705,0.013686124439628595,0.056816828575236386,"[[2097, 1008], [1158, 1695]]","[[211, 134], [158, 159]]"
disclosure_x_bias,44,init_hard,CLD,exponential,24.70469925350241,28.126625351947713,0.6367900851615814,0.5544776119402985,14.294761427722303,35.49102673874662,0.01384848938361619,0.04949227103215141,"[[2110, 995], [1169, 1684]]","[[211, 134], [161, 156]]"
disclosure_x_bias,45,init_hard,CLD,exponential,24.730465305359964,28.156949128349652,0.6366222999266821,0.55599276345545,14.288338250290888,35.58509179671176,0.013825360887830172,0.04784365611268964,"[[2110, 995], [1170, 1683]]","[[211, 134], [160, 157]]"
disclosure_x_bias,46,init_hard,CLD,exponential,24.720209651974848,28.120186917056383,0.6367900851615814,0.5544776119402985,14.285671189987761,35.505179959259195,0.01384848938361619,0.04949227103215141,"[[2110, 995], [1169, 1684]]","[[211, 134], [161, 156]]"
disclosure_x_bias,47,init_hard,CLD,exponential,24.66892965153705,28.029047369202704,0.6367900851615814,0.55599276345545,14.284365734494736,35.515327770309334,0.013916086035405653,0.04784365611268964,"[[2111, 994], [1170, 1683]]","[[212, 133], [161, 156]]"
disclosure_x_bias,48,init_hard,CLD,exponential,24.593626645134755,28.019662276075554,0.6367900851615814,0.55599276345545,14.27692808955737,35.50610872097311,0.013916086035405653,0.04784365611268964,"[[2111, 994], [1170, 1683]]","[[212, 133], [161, 156]]"
disclosure_x_bias,49,init_hard,CLD,exponential,24.579752607576786,28.042832265679596,0.6377982065309344,0.55599276345545,14.271825995449008,35.51244264951616,0.012768318020116314,0.04784365611268964,"[[2120, 985], [1173, 1680]]","[[212, 133], [161, 156]]"
disclosure_x_bias,50,init_hard,CLD,exponential,24.588127215188475,28.05690628974507,0.637798488522926,0.55599276345545,14.283312812374271,35.512106256437185,0.013217820216182292,0.04784365611268964,"[[2120, 985], [1173, 1680]]","[[212, 133], [161, 156]]"
disclosure_x_bias,51,init_hard,CLD,exponential,24.589562242857504,28.143123479143185,0.6379662737578252,0.55599276345545,14.300308766711922,35.65318377418615,0.013178053036739648,0.04784365611268964,"[[2121, 984], [1173, 1680]]","[[212, 133], [161, 156]]"
disclosure_x_bias,52,init_hard,CLD,exponential,24.57206778519946,28.098293390238744,0.6383018442276239,0.5544776119402985,14.297568905645049,35.55248648175444,0.012776590192879333,0.04949227103215141,"[[2122, 983], [1172, 1681]]","[[211, 134], [161, 156]]"
disclosure_x_bias,53,init_hard,CLD,exponential,24.415622511327758,27.95462517854679,0.6383018442276239,0.5544776119402985,14.232188171570616,35.6559431335569,0.012727531656439096,0.04949227103215141,"[[2122, 983], [1172, 1681]]","[[211, 134], [161, 156]]"
disclosure_x_bias,54,init_hard,CLD,exponential,24.406330397741172,27.919645083841726,0.6383018442276239,0.5544776119402985,14.233438168117754,35.59389568342966,0.012727531656439096,0.04949227103215141,"[[2123, 982], [1173, 1680]]","[[211, 134], [161, 156]]"
disclosure_x_bias,55,init_hard,CLD,exponential,24.335867830594957,27.906809304310237,0.6386374146974225,0.5544776119402985,14.293805066985964,35.57474694289901,0.01267690655832489,0.04949227103215141,"[[2124, 981], [1172, 1681]]","[[211, 134], [161, 156]]"
disclosure_x_bias,56,init_hard,CLD,exponential,24.241462199996565,27.86044979530066,0.6396455360667758,0.5529850746268656,14.283567799434453,35.477660185093946,0.012057531845587794,0.05126107980211769,"[[2131, 974], [1173, 1680]]","[[211, 134], [162, 155]]"
disclosure_x_bias,57,init_hard,CLD,exponential,24.25538083320273,27.929768857044046,0.6393099655969771,0.5529850746268656,14.30222983244216,35.6118039748622,0.01185497249437164,0.05126107980211769,"[[2130, 975], [1174, 1679]]","[[211, 134], [162, 155]]"
disclosure_x_bias,58,init_hard,CLD,exponential,24.24924225800596,27.969386258706198,0.6396455360667758,0.5529850746268656,14.298037042713784,35.70643215163949,0.012057531845587794,0.05126107980211769,"[[2131, 974], [1173, 1680]]","[[211, 134], [162, 155]]"
disclosure_x_bias,59,init_hard,CLD,exponential,24.25441605466485,27.966743445420366,0.6394777508318763,0.5514699231117142,14.30764679578044,35.633115538610895,0.011866082434302065,0.04971870523831893,"[[2132, 973], [1175, 1678]]","[[211, 134], [163, 154]]"
disclosure_x_bias,60,init_hard,CLD,exponential,24.262669929777477,27.942308395349066,0.6394777508318763,0.5514699231117142,14.316232071973245,35.64748879072507,0.011866082434302065,0.04971870523831893,"[[2132, 973], [1175, 1678]]","[[211, 134], [163, 154]]"
disclosure_x_bias,61,init_hard,CLD,exponential,24.201275585284755,27.858222499671804,0.6404844622412724,0.5529850746268656,14.318819767694098,35.66697974049578,0.011611004272604263,0.050256023493889475,"[[2136, 969], [1173, 1680]]","[[212, 133], [163, 154]]"
disclosure_x_bias,62,init_hard,CLD,exponential,24.175014669559474,27.84571395440567,0.6403166770063731,0.5514699231117142,14.302281045008307,35.666127627642794,0.011064144353686666,0.046538784206215766,"[[2135, 970], [1173, 1680]]","[[211, 134], [163, 154]]"
disclosure_x_bias,63,init_hard,CLD,exponential,24.180345366004172,27.798600026756567,0.6401488917714737,0.5514699231117142,14.316122774222475,35.65352887672976,0.011038068312032318,0.046538784206215766,"[[2134, 971], [1173, 1680]]","[[211, 134], [163, 154]]"
disclosure_x_bias,64,init_hard,CLD,exponential,24.199859883628147,27.79630217699928,0.6401488917714737,0.5514699231117142,14.338647790698237,35.633029255596725,0.011038068312032318,0.046538784206215766,"[[2134, 971], [1173, 1680]]","[[211, 134], [163, 154]]"
disclosure_x_bias,65,init_hard,CLD,exponential,24.18795824079083,27.80566524663743,0.6403169589983644,0.5514699231117142,14.354788213995999,35.60767571869337,0.011306664779990634,0.046538784206215766,"[[2135, 970], [1173, 1680]]","[[211, 134], [163, 154]]"
disclosure_x_bias,66,init_hard,CLD,exponential,24.12659136473198,27.739883524601897,0.6404847442332638,0.5514699231117142,14.346809676670448,35.727107700448954,0.011629097715617789,0.046538784206215766,"[[2135, 970], [1172, 1681]]","[[211, 134], [163, 154]]"
disclosure_x_bias,67,init_hard,CLD,exponential,24.049609975958834,27.798023159890988,0.6406525294681631,0.5514699231117142,14.3381683495264,35.83168930277308,0.01132165438084227,0.046538784206215766,"[[2137, 968], [1173, 1680]]","[[211, 134], [163, 154]]"
disclosure_x_bias,68,init_hard,CLD,exponential,24.055732833035535,27.780106589029607,0.6406525294681631,0.5514699231117142,14.310921034349025,35.75988351746545,0.01148622838849237,0.046538784206215766,"[[2136, 969], [1172, 1681]]","[[211, 134], [163, 154]]"
disclosure_x_bias,69,init_hard,CLD,exponential,24.068666876500522,27.81480016038198,0.641155885172861,0.5514699231117142,14.309432335799329,35.766155918786936,0.011981092665510689,0.046538784206215766,"[[2137, 968], [1170, 1683]]","[[211, 134], [163, 154]]"
disclosure_x_bias,70,init_hard,CLD,exponential,23.9785865511701,27.829917305456682,0.6413236704077605,0.5529850746268656,14.258502868746998,35.781853379785126,0.011645372011044873,0.050256023493889475,"[[2139, 966], [1171, 1682]]","[[212, 133], [163, 154]]"
disclosure_x_bias,71,init_hard,CLD,exponential,23.918967593270786,27.808545432364486,0.6413236704077605,0.5529850746268656,14.248475806050125,35.740109403624444,0.011645372011044873,0.050256023493889475,"[[2139, 966], [1171, 1682]]","[[212, 133], [163, 154]]"
disclosure_x_bias,72,init_hard,CLD,exponential,23.910288536498218,27.773633952725977,0.6413236704077605,0.5499547715965626,14.2653898295217,35.74554709773661,0.011752322283611413,0.049640155982920015,"[[2137, 968], [1169, 1684]]","[[210, 135], [163, 154]]"
disclosure_x_bias,73,init_hard,CLD,exponential,23.822352255992698,27.785449242571907,0.6430037786926851,0.5514246947082768,14.332674382362299,35.760121047710335,0.011693228317393448,0.04257242515944614,"[[2162, 943], [1184, 1669]]","[[212, 133], [164, 153]]"
disclosure_x_bias,74,init_hard,CLD,exponential,23.804345760488175,27.77899896228187,0.6433393491624837,0.5514246947082768,14.32889549423714,35.75426083734746,0.011321908494112295,0.04257242515944614,"[[2164, 941], [1184, 1669]]","[[212, 133], [164, 153]]"
disclosure_x_bias,75,init_hard,CLD,exponential,23.818811135574375,27.772554205859997,0.6435071343973832,0.5529398462234283,14.343530905004972,35.71583447135551,0.011014372169268467,0.042605946914209956,"[[2165, 940], [1184, 1669]]","[[213, 132], [164, 153]]"
disclosure_x_bias,76,init_hard,CLD,exponential,23.882598034734432,28.14704024730517,0.6440104901020811,0.5529398462234283,14.277298721380735,35.87061518914916,0.010827027008752904,0.042605946914209956,"[[2165, 940], [1181, 1672]]","[[213, 132], [164, 153]]"
disclosure_x_bias,77,init_hard,CLD,exponential,23.883342635010287,28.133555741157814,0.6443460605718798,0.5514246947082768,14.276121998911917,35.78440019002622,0.01083105636876477,0.04257242515944614,"[[2168, 937], [1182, 1671]]","[[212, 133], [164, 153]]"
disclosure_x_bias,78,init_hard,CLD,exponential,23.781461589945675,28.037305695509694,0.6448496982685692,0.5514246947082768,14.277156240660307,35.917931352473666,0.010732615045545617,0.04257242515944614,"[[2172, 933], [1183, 1670]]","[[213, 132], [165, 152]]"
disclosure_x_bias,79,init_hard,CLD,exponential,23.80520973201955,28.032640308707915,0.6445141277987705,0.5514246947082768,14.282252233136889,35.86539509900465,0.011089837492032762,0.04257242515944614,"[[2166, 939], [1179, 1674]]","[[212, 133], [164, 153]]"
disclosure_x_bias,80,init_hard,CLD,exponential,23.793050523770635,28.026945531828705,0.6431695899836445,0.5469244685662595,14.285501045835979,35.975623049532835,0.011767068255603223,0.046120929966068314,"[[2142, 963], [1163, 1690]]","[[209, 136], [164, 153]]"
disclosure_x_bias,81,init_hard,CLD,exponential,23.748648639922003,27.98779280741967,0.6445141277987705,0.5499095431931252,14.257927349997079,35.898426537306605,0.011313234513797527,0.04307516381552285,"[[2169, 936], [1182, 1671]]","[[212, 133], [165, 152]]"
disclosure_x_bias,82,init_hard,CLD,exponential,23.701595305227123,27.93005084345245,0.6446821950256613,0.5499095431931252,14.261291761177105,35.911429675068,0.011422492542446547,0.04307516381552285,"[[2169, 936], [1181, 1672]]","[[212, 133], [165, 152]]"
disclosure_x_bias,83,init_hard,CLD,exponential,23.711828366140534,27.93116334431579,0.6450177654954599,0.5529398462234283,14.278480552732338,35.943536314705256,0.011126712502602772,0.046608723756062585,"[[2159, 946], [1169, 1684]]","[[212, 133], [163, 154]]"
disclosure_x_bias,84,init_hard,CLD,exponential,23.705776653304717,27.963791221620237,0.6446821950256613,0.5499095431931252,14.268203808207469,35.97929261383629,0.01190521271974325,0.04307516381552285,"[[2156, 949], [1168, 1685]]","[[210, 135], [163, 154]]"
disclosure_x_bias,85,init_hard,CLD,exponential,23.68928621806217,27.923785950772505,0.6446819130336698,0.5483943916779738,14.267846679840808,35.937092495931516,0.011914375656870167,0.04171787343175004,"[[2158, 947], [1170, 1683]]","[[210, 135], [164, 153]]"
disclosure_x_bias,86,init_hard,CLD,exponential,23.709805164849868,27.97391722517268,0.646024476904856,0.5483943916779738,14.294301464001329,35.97821596563116,0.01131118818755145,0.04171787343175004,"[[2162, 943], [1166, 1687]]","[[210, 135], [164, 153]]"
disclosure_x_bias,87,init_hard,CLD,exponential,23.681871167482164,27.991524568462637,0.6463600473746546,0.5483943916779738,14.319411248870708,35.98042946051233,0.011136696198065215,0.04171787343175004,"[[2166, 939], [1168, 1685]]","[[211, 134], [165, 152]]"
disclosure_x_bias,88,init_hard,CLD,exponential,23.6643911490661,27.989549420084224,0.6453533359652586,0.5514246947082768,14.311296262071094,35.96726434095878,0.01156611509543359,0.04257242515944614,"[[2164, 941], [1172, 1681]]","[[212, 133], [164, 153]]"
disclosure_x_bias,89,init_hard,CLD,exponential,23.666562820490515,28.012108612772785,0.6455211212001579,0.5514246947082768,14.313501465919357,36.006347336153674,0.011534142595640048,0.04257242515944614,"[[2164, 941], [1171, 1682]]","[[212, 133], [164, 153]]"
disclosure_x_bias,90,init_hard,CLD,exponential,23.72713007164821,28.437534452098095,0.6471995375331341,0.5499095431931252,14.2459029939511,36.24397207044703,0.00948003713929629,0.04307516381552285,"[[2163, 942], [1160, 1693]]","[[211, 134], [164, 153]]"
disclosure_x_bias,91,init_hard,CLD,exponential,23.707397553613582,28.353945509076517,0.6463600473746546,0.5514246947082768,14.244259032524171,36.15876112915248,0.009727431432123098,0.04257242515944614,"[[2163, 942], [1165, 1688]]","[[212, 133], [164, 153]]"
disclosure_x_bias,92,init_hard,CLD,exponential,23.71259376603368,28.38424664243154,0.6471995375331341,0.5483943916779738,14.245082238072262,36.15452124973191,0.009578512227852434,0.04171787343175004,"[[2165, 940], [1162, 1691]]","[[211, 134], [165, 152]]"
disclosure_x_bias,93,init_hard,CLD,exponential,23.710750549166967,28.38138255861163,0.6473670407760419,0.5483943916779738,14.234902862221167,36.13751619326024,0.00934926198176744,0.04171787343175004,"[[2166, 939], [1162, 1691]]","[[211, 134], [165, 152]]"
disclosure_x_bias,94,init_hard,CLD,exponential,23.682640221784247,28.377720029812377,0.6473670407760419,0.5468792401628223,14.234560321632433,36.17197757857353,0.00934926198176744,0.041499651497435196,"[[2166, 939], [1162, 1691]]","[[210, 135], [165, 152]]"
disclosure_x_bias,95,init_hard,CLD,exponential,23.68252919279814,28.348569000484048,0.6470314703062433,0.5483943916779738,14.234911536162095,36.08695746478175,0.009530236510094223,0.04292331963779388,"[[2163, 942], [1161, 1692]]","[[210, 135], [164, 153]]"
disclosure_x_bias,96,init_hard,CLD,exponential,23.61415737272033,28.38784924443197,0.6480384637076307,0.5499095431931252,14.290302035663064,36.18783924094623,0.011052105724095951,0.042478871632892656,"[[2163, 942], [1155, 1698]]","[[210, 135], [163, 154]]"
disclosure_x_bias,97,init_hard,CLD,exponential,23.608294667260356,28.38567375767257,0.64820624894253,0.5499095431931252,14.30354492107784,36.16959905232479,0.011001586212912376,0.04126044267992124,"[[2165, 940], [1156, 1697]]","[[211, 134], [164, 153]]"
disclosure_x_bias,98,init_hard,CLD,exponential,23.56426172037458,28.30437224858257,0.649212960351926,0.5483943916779738,14.310893904320432,36.28006875968338,0.009612053809788277,0.0371923990346823,"[[2163, 942], [1148, 1705]]","[[210, 135], [164, 153]]"
disclosure_x_bias,99,init_hard,CLD,exponential,23.589671305519722,28.30592431364649,0.648709604647228,0.5483943916779738,14.267504349035544,36.22655502807306,0.00992719457634631,0.0371923990346823,"[[2161, 944], [1149, 1704]]","[[210, 135], [164, 153]]"
disclosure_x_bias,100,init_hard,CLD,exponential,23.460910209886883,28.296620745782086,0.6482059669505386,0.5468792401628223,14.222351336089615,36.18861400310668,0.010030276167704605,0.03830332964321515,"[[2160, 945], [1151, 1702]]","[[209, 136], [164, 153]]"
disclosure_x_bias,101,init_hard,CLD,exponential,23.45884389364506,28.289244265808257,0.6485415374203373,0.5483943916779738,14.224014299847298,36.190997866925834,0.00987750424617212,0.0371923990346823,"[[2163, 942], [1152, 1701]]","[[210, 135], [164, 153]]"
disclosure_x_bias,102,init_hard,CLD,exponential,23.44806112299586,28.215806694567334,0.6485415374203373,0.5483943916779738,14.250308721224787,36.12837408642488,0.00987750424617212,0.0371923990346823,"[[2163, 942], [1152, 1701]]","[[210, 135], [164, 153]]"
disclosure_x_bias,103,init_hard,CLD,exponential,23.420890159005204,28.235094461734075,0.6493804635948339,0.5468792401628223,14.227911869363044,36.1638521724297,0.010509521007499304,0.03694745805459556,"[[2165, 940], [1149, 1704]]","[[208, 137], [163, 154]]"
disclosure_x_bias,104,init_hard,CLD,exponential,23.43375519250781,28.291307095180382,0.6495482488297333,0.5514246947082768,14.251247313796716,36.25558401831601,0.010901608889772433,0.04546963158646014,"[[2171, 934], [1154, 1699]]","[[211, 134], [163, 154]]"
disclosure_x_bias,105,init_hard,CLD,exponential,23.434899256047867,28.282848656104267,0.6483729062094636,0.5544097693351425,14.247264572552156,36.197659986566364,0.010902269424342257,0.044316809538224804,"[[2176, 929], [1166, 1687]]","[[213, 132], [163, 154]]"
disclosure_x_bias,106,init_hard,CLD,exponential,23.4734288093305,28.347867134208208,0.6490440471490609,0.5544097693351425,14.316784163484607,36.29719522889259,0.010973164056523137,0.044316809538224804,"[[2177, 928], [1163, 1690]]","[[213, 132], [163, 154]]"
disclosure_x_bias,107,init_hard,CLD,exponential,23.481164324333964,28.309976276999958,0.6487084766792623,0.5544097693351425,14.322641133643936,36.21661587192332,0.011127731435086639,0.044316809538224804,"[[2176, 929], [1164, 1689]]","[[213, 132], [163, 154]]"
disclosure_x_bias,108,init_hard,CLD,exponential,23.473169552583023,28.338918385938506,0.6488762619141617,0.5528946178199909,14.332734893988162,36.243039073068225,0.010779910588258442,0.04011193210880474,"[[2174, 931], [1161, 1692]]","[[212, 133], [163, 154]]"
disclosure_x_bias,109,init_hard,CLD,exponential,23.475473130067964,28.368343461729694,0.6493796176188597,0.5528946178199909,14.340036140694677,36.29615496253172,0.010541045296509217,0.04011193210880474,"[[2173, 932], [1157, 1696]]","[[212, 133], [163, 154]]"
disclosure_x_bias,110,init_hard,CLD,exponential,23.39785916852342,28.35754060022133,0.6492118323839603,0.5513794663048394,14.383808464847037,36.249173471229305,0.010818708677130277,0.041327834323559444,"[[2172, 933], [1157, 1696]]","[[211, 134], [163, 154]]"
disclosure_x_bias,111,init_hard,CLD,exponential,23.345303790277185,28.361177841790493,0.6498829733235576,0.5528946178199909,14.403440333188605,36.323760283016576,0.010510116148680297,0.04011193210880474,"[[2175, 930], [1156, 1697]]","[[212, 133], [163, 154]]"
disclosure_x_bias,112,init_hard,CLD,exponential,23.362421043849107,28.330997313206694,0.649547402853759,0.5528946178199909,14.41047292354406,36.24497009596122,0.010700664296404903,0.04011193210880474,"[[2173, 932], [1156, 1697]]","[[212, 133], [163, 154]]"
disclosure_x_bias,113,init_hard,CLD,exponential,23.335194572708858,28.312788648497282,0.6503863290282557,0.5544097693351425,14.414490516528836,36.354180807173876,0.010834259368582807,0.04008582280476247,"[[2170, 935], [1148, 1705]]","[[212, 133], [162, 155]]"
disclosure_x_bias,114,init_hard,CLD,exponential,23.444615421273365,28.7485262896128,0.6505541142631549,0.555924920850294,14.332810093608781,36.558048352179426,0.010712890414339152,0.03999597182361288,"[[2170, 935], [1147, 1706]]","[[212, 133], [161, 156]]"
disclosure_x_bias,115,init_hard,CLD,exponential,23.417489964304124,28.695851042743165,0.6502185437933563,0.555924920850294,14.340562698276512,36.562244261832845,0.011344255621022486,0.03999597182361288,"[[2171, 934], [1150, 1703]]","[[212, 133], [161, 156]]"
disclosure_x_bias,116,init_hard,CLD,exponential,23.43195730562027,28.73499507062063,0.6512252552027522,0.555924920850294,14.338757768628493,36.55592215202958,0.010779227817935362,0.03999597182361288,"[[2176, 929], [1149, 1704]]","[[212, 133], [161, 156]]"
disclosure_x_bias,117,init_hard,CLD,exponential,23.43536182256258,28.737531823295832,0.6515608256725509,0.555924920850294,14.335883759678419,36.564378040093594,0.01099583746984258,0.03999597182361288,"[[2169, 936], [1140, 1713]]","[[211, 134], [160, 157]]"
disclosure_x_bias,118,init_hard,CLD,exponential,23.4391877353028,28.76702348694571,0.6515608256725509,0.555924920850294,14.348062647977924,36.601827159956486,0.01099583746984258,0.03999597182361288,"[[2170, 935], [1141, 1712]]","[[211, 134], [160, 157]]"
disclosure_x_bias,119,init_hard,CLD,exponential,23.423765522149765,28.76261740875655,0.6515608256725509,0.555924920850294,14.336005929457313,36.58135881494622,0.01099583746984258,0.03999597182361288,"[[2170, 935], [1141, 1712]]","[[211, 134], [160, 157]]"
disclosure_x_bias,120,init_hard,CLD,exponential,23.36042165963673,28.770359129541767,0.6515608256725509,0.555924920850294,14.30836001448318,36.58102558092621,0.01099583746984258,0.03999597182361288,"[[2169, 936], [1140, 1713]]","[[211, 134], [160, 157]]"
disclosure_x_bias,121,init_hard,CLD,exponential,23.318769977405637,28.796719928995895,0.6517286109074503,0.5544097693351425,14.350864356739159,36.63145319880597,0.011168569304811724,0.04133888720074022,"[[2169, 936], [1139, 1714]]","[[210, 135], [160, 157]]"
disclosure_x_bias,122,init_hard,CLD,exponential,23.305706946349282,28.799104046399787,0.6520641813772489,0.5544097693351425,14.344786158350601,36.66223160720562,0.011306063694768729,0.04133888720074022,"[[2169, 936], [1137, 1716]]","[[210, 135], [160, 157]]"
disclosure_x_bias,123,init_hard,CLD,exponential,23.30286857583793,28.745681623618715,0.6520641813772489,0.5544097693351425,14.365658318794605,36.60378825425356,0.011660181948085315,0.04133888720074022,"[[2168, 937], [1136, 1717]]","[[210, 135], [160, 157]]"
disclosure_x_bias,124,init_hard,CLD,exponential,23.291628944615802,28.778510801149167,0.6520641813772489,0.5544097693351425,14.346875743083105,36.642379751132836,0.011660181948085315,0.04133888720074022,"[[2168, 937], [1136, 1717]]","[[210, 135], [160, 157]]"
disclosure_x_bias,125,init_hard,CLD,exponential,23.28372193532914,28.770767283597035,0.6530708927866449,0.5544097693351425,14.338488454459759,36.59267705300673,0.010425706695619088,0.04133888720074022,"[[2170, 935], [1132, 1721]]","[[210, 135], [160, 157]]"
disclosure_x_bias,126,init_hard,CLD,exponential,23.319777682692866,28.79903118603575,0.6529031075517455,0.555924920850294,14.327588950183847,36.663035301745055,0.010234341305661854,0.039353050194170236,"[[2165, 940], [1128, 1725]]","[[210, 135], [159, 158]]"
disclosure_x_bias,127,init_hard,CLD,exponential,23.316378738520847,28.76731104522625,0.6527350403248547,0.5574400723654456,14.318130086112271,36.63325778897685,0.010384346348239563,0.03984194791978198,"[[2165, 940], [1129, 1724]]","[[211, 134], [159, 158]]"
disclosure_x_bias,128,init_hard,CLD,exponential,23.32826919059574,28.75712814476853,0.6525675370819469,0.5574400723654456,14.336014378328723,36.627983384528115,0.010357701628113997,0.03984194791978198,"[[2165, 940], [1130, 1723]]","[[211, 134], [159, 158]]"
disclosure_x_bias,129,init_hard,CLD,exponential,23.311895561110763,28.749421397538896,0.6525672550899555,0.5574400723654456,14.329576603592958,36.61240706088096,0.010724577396170247,0.03984194791978198,"[[2165, 940], [1130, 1723]]","[[211, 134], [159, 158]]"
disclosure_x_bias,130,init_hard,CLD,exponential,23.304049522005492,28.779345786858563,0.6532386780215442,0.5574400723654456,14.330290342395553,36.67159829686764,0.010610674742956818,0.03984194791978198,"[[2164, 941], [1125, 1728]]","[[211, 134], [159, 158]]"
disclosure_x_bias,131,init_hard,CLD,exponential,23.269175293001158,28.68055529669808,0.6534064632564436,0.5574400723654456,14.341636082801863,36.633459558228544,0.010435887494951444,0.03984194791978198,"[[2165, 940], [1125, 1728]]","[[211, 134], [159, 158]]"
disclosure_x_bias,132,init_hard,CLD,exponential,23.26596450413573,28.7171611778599,0.6537420337262422,0.5574400723654456,14.339469041954027,36.72391171267366,0.010523625272212456,0.03984194791978198,"[[2168, 937], [1126, 1727]]","[[211, 134], [159, 158]]"
disclosure_x_bias,133,init_hard,CLD,exponential,23.194977076681678,28.704430040452717,0.6542456714229317,0.5589326096788783,14.376714789359474,36.65375862804198,0.01051760221591863,0.039904964505714395,"[[2166, 939], [1121, 1732]]","[[211, 134], [158, 159]]"
disclosure_x_bias,134,init_hard,CLD,exponential,23.179788273596706,28.689176812069423,0.653910100953133,0.5559023066485753,14.371600021421637,36.63760937013522,0.01103034600423008,0.03256964993026546,"[[2163, 942], [1120, 1733]]","[[209, 136], [158, 159]]"
disclosure_x_bias,135,init_hard,CLD,exponential,23.193869582296294,28.728097612468833,0.6537423157182336,0.5559023066485753,14.377307108407171,36.720205416913736,0.011007079809093089,0.03256964993026546,"[[2161, 944], [1119, 1734]]","[[209, 136], [158, 159]]"
disclosure_x_bias,136,init_hard,CLD,exponential,23.17672422076799,28.65049986035178,0.6544134566578309,0.5543871551334238,14.382977567775834,36.617049408138264,0.010503304562962916,0.03494205188447516,"[[2162, 943], [1116, 1737]]","[[208, 137], [158, 159]]"
disclosure_x_bias,137,init_hard,CLD,exponential,23.2217681785247,28.729290806815307,0.6544134566578309,0.5498643147896879,14.433200569138553,36.653841512098985,0.011195255487741671,0.034492444558664015,"[[2164, 941], [1118, 1735]]","[[207, 138], [160, 157]]"
disclosure_x_bias,138,init_hard,CLD,exponential,23.251789929834292,28.83735274240309,0.6545812418927303,0.5498643147896879,14.426718713011876,36.94715635018306,0.011234848951028957,0.034492444558664015,"[[2164, 941], [1117, 1736]]","[[207, 138], [160, 157]]"
disclosure_x_bias,139,init_hard,CLD,exponential,23.239498278444906,28.82074715311159,0.6544137386498223,0.5513568521031208,14.433884373976774,36.92338140202489,0.011185230877559568,0.034926794880016536,"[[2164, 941], [1118, 1735]]","[[207, 138], [159, 158]]"
disclosure_x_bias,140,init_hard,CLD,exponential,23.239449824528762,28.784430230297147,0.6557560205290169,0.5498417005879692,14.44514648097191,36.88200345577812,0.009343197321402102,0.031743265670634443,"[[2160, 945], [1106, 1747]]","[[206, 139], [159, 158]]"
disclosure_x_bias,141,init_hard,CLD,exponential,23.207188519301166,28.823368092306197,0.6555882352941176,0.5498417005879692,14.42750399169046,36.94274567471712,0.009081084291285131,0.031743265670634443,"[[2158, 947], [1105, 1748]]","[[206, 139], [159, 158]]"
disclosure_x_bias,142,init_hard,CLD,exponential,23.20929808937759,28.828838095560997,0.6557560205290169,0.5483265490728177,14.427082998962428,36.98097614838077,0.009140117696905899,0.034618043420621046,"[[2158, 947], [1104, 1749]]","[[205, 140], [159, 158]]"
disclosure_x_bias,143,init_hard,CLD,exponential,23.182577577234902,28.863409064005026,0.6559238057639163,0.5483265490728177,14.452143620542996,37.013322542036946,0.009023683513333127,0.034618043420621046,"[[2158, 947], [1103, 1750]]","[[205, 140], [159, 158]]"
disclosure_x_bias,144,init_hard,CLD,exponential,23.180244950257215,28.877276327526907,0.6554204500592183,0.5498417005879692,14.458244420714742,37.05691482556519,0.007869838101297042,0.0348094200692556,"[[2159, 946], [1107, 1746]]","[[207, 138], [160, 157]]"
disclosure_x_bias,145,init_hard,CLD,exponential,23.175441190759962,28.846936848072907,0.6557560205290169,0.5483265490728177,14.45235725429246,36.994328027842684,0.009071414257003781,0.034618043420621046,"[[2157, 948], [1103, 1750]]","[[205, 140], [159, 158]]"
disclosure_x_bias,146,init_hard,CLD,exponential,23.178515542527677,28.87018964115926,0.6557560205290169,0.5483265490728177,14.446816349293416,37.00251072144994,0.009071414257003781,0.034618043420621046,"[[2157, 948], [1103, 1750]]","[[205, 140], [159, 158]]"
disclosure_x_bias,147,init_hard,CLD,exponential,23.192215650833642,28.866557612276473,0.6559238057639163,0.5483265490728177,14.462336545795397,36.97610310527048,0.009127083679110295,0.034618043420621046,"[[2157, 948], [1102, 1751]]","[[205, 140], [159, 158]]"
disclosure_x_bias,148,init_hard,CLD,exponential,23.179242617090487,28.881324222013557,0.6559238057639163,0.5483265490728177,14.452674597537904,37.01472476420104,0.009127083679110295,0.034618043420621046,"[[2157, 948], [1102, 1751]]","[[205, 140], [159, 158]]"
disclosure_x_bias,149,init_hard,CLD,exponential,23.22145367059011,28.868278468897905,0.6559238057639163,0.5498417005879692,14.479380073762,36.9979440482382,0.009127083679110295,0.036245360125381584,"[[2157, 948], [1102, 1751]]","[[206, 139], [159, 158]]"
disclosure_x_bias,150,init_hard,CLD,exponential,23.220057991975445,28.871791987888884,0.6560913090068242,0.5483265490728177,14.487890175750422,37.01575303712776,0.008259180957906155,0.033873200730690466,"[[2166, 939], [1110, 1743]]","[[207, 138], [161, 156]]"
disclosure_x_bias,151,init_hard,CLD,exponential,23.12673250859732,28.762743522697292,0.6557560205290169,0.5468340117593848,14.524225242657755,36.833132747441205,0.007930765146553989,0.030052119598167778,"[[2166, 939], [1112, 1741]]","[[207, 138], [162, 155]]"
disclosure_x_bias,152,init_hard,CLD,exponential,23.103038181184793,28.816515518124113,0.656259376233715,0.5453188602442334,14.469209608843151,36.94232631366481,0.008261419124357565,0.032920768653926714,"[[2167, 938], [1110, 1743]]","[[206, 139], [162, 155]]"
disclosure_x_bias,153,init_hard,CLD,exponential,23.173235724028793,28.810266053969617,0.6562599402176978,0.5498417005879692,14.519731386457236,36.8980077579052,0.007926070995191086,0.0348094200692556,"[[2161, 944], [1104, 1749]]","[[207, 138], [160, 157]]"
disclosure_x_bias,154,init_hard,CLD,exponential,23.243606148028444,29.31616487338696,0.6564277254525972,0.5483265490728177,14.444164794787515,37.25508584338224,0.008171646039409569,0.033873200730690466,"[[2166, 939], [1108, 1745]]","[[207, 138], [161, 156]]"
disclosure_x_bias,155,init_hard,CLD,exponential,23.238036448739827,29.28273348068779,0.655589081270092,0.5498417005879692,14.461310982897523,37.22138949658927,0.009484358033686873,0.0348094200692556,"[[2165, 940], [1112, 1741]]","[[207, 138], [160, 157]]"
disclosure_x_bias,156,init_hard,CLD,exponential,23.22561419309766,29.29452635899089,0.6562599402176978,0.5483265490728177,14.45847102540952,37.25629161675841,0.010080160864071609,0.033873200730690466,"[[2171, 934], [1114, 1739]]","[[207, 138], [161, 156]]"
disclosure_x_bias,157,init_hard,CLD,exponential,23.22326323308225,29.274182816687954,0.6567632959223958,0.5483265490728177,14.458764909995399,37.21939682747214,0.007671673791676516,0.032332078848736914,"[[2161, 944], [1101, 1752]]","[[206, 139], [160, 157]]"
disclosure_x_bias,158,init_hard,CLD,exponential,23.21448072339867,29.29700763285511,0.6574344368619931,0.5498417005879692,14.459361921355203,37.263608940496404,0.00824080800918212,0.03406876168908316,"[[2161, 944], [1097, 1756]]","[[207, 138], [160, 157]]"
disclosure_x_bias,159,init_hard,CLD,exponential,23.20711735608484,29.253581518131664,0.6576025040888839,0.5513568521031208,14.455182601428776,37.18453168665136,0.008976965434722622,0.03635809958800731,"[[2162, 943], [1097, 1756]]","[[208, 137], [160, 157]]"
disclosure_x_bias,160,init_hard,CLD,exponential,23.18248855632966,29.296881264233207,0.6574347188539845,0.5498643147896879,14.482734341925374,37.2907593108843,0.00834047749539613,0.0359410508568297,"[[2160, 945], [1096, 1757]]","[[208, 137], [161, 156]]"
disclosure_x_bias,161,init_hard,CLD,exponential,23.047849995425985,29.227834799501828,0.6574347188539845,0.5498417005879692,14.464291386345094,37.27984583740845,0.00845223977345,0.0348094200692556,"[[2163, 942], [1099, 1754]]","[[208, 137], [161, 156]]"
disclosure_x_bias,162,init_hard,CLD,exponential,23.06238613454636,29.205661544001327,0.6576027860808753,0.5483491632745364,14.446748564486851,37.22903613496787,0.008084680116339449,0.0335485152564103,"[[2161, 944], [1096, 1757]]","[[207, 138], [161, 156]]"
disclosure_x_bias,163,init_hard,CLD,exponential,23.118172809917326,29.24227200379956,0.6574347188539845,0.5498417005879692,14.486341847047383,37.302337912576995,0.009231372232762294,0.03762654030972432,"[[2159, 946], [1095, 1758]]","[[206, 139], [159, 158]]"
disclosure_x_bias,164,init_hard,CLD,exponential,23.100834846688677,29.176749890808377,0.6567635779143872,0.5498417005879692,14.483832725850466,37.15382653777788,0.009147102565181375,0.03762654030972432,"[[2160, 945], [1100, 1753]]","[[206, 139], [159, 158]]"
disclosure_x_bias,165,init_hard,CLD,exponential,23.126070992055524,29.276222075435953,0.6570991483841859,0.5468113975576662,14.495108809419628,37.41752053714077,0.00785714146780082,0.032046450772932944,"[[2164, 941], [1102, 1751]]","[[206, 139], [161, 156]]"
disclosure_x_bias,166,init_hard,CLD,exponential,23.104414938541904,29.274101629337707,0.6574347188539845,0.5468113975576662,14.494239033565586,37.405608110136555,0.007996744346967517,0.032046450772932944,"[[2165, 940], [1101, 1752]]","[[206, 139], [161, 156]]"
disclosure_x_bias,167,init_hard,CLD,exponential,23.102060983721852,29.2818386661368,0.6577705713157747,0.5498643147896879,14.4995278262724,37.42870289795011,0.007419664285699753,0.038675831559445935,"[[2159, 946], [1093, 1760]]","[[206, 139], [159, 158]]"
disclosure_x_bias,168,init_hard,CLD,exponential,23.107657433652797,29.28906719687733,0.6576025040888839,0.5483491632745364,14.504034752609096,37.430239435105946,0.007620966650341623,0.03715614200319196,"[[2163, 942], [1098, 1755]]","[[206, 139], [160, 157]]"
disclosure_x_bias,169,init_hard,CLD,exponential,23.11403589197107,29.295709549950935,0.6576025040888839,0.5468340117593848,14.516719541963887,37.4599734073609,0.007620966650341623,0.03327447523949848,"[[2161, 944], [1096, 1757]]","[[206, 139], [161, 156]]"
disclosure_x_bias,170,init_hard,CLD,exponential,23.11167719580753,29.30908921605294,0.6576025040888839,0.5498643147896879,14.510695620803574,37.45044843414041,0.007620966650341623,0.038675831559445935,"[[2159, 946], [1094, 1759]]","[[206, 139], [159, 158]]"
disclosure_x_bias,171,init_hard,CLD,exponential,23.096793139599693,29.275334680534154,0.6581067057695561,0.5452962460425147,14.508483042285576,37.41733606160644,0.00826056763342527,0.03086211218986316,"[[2167, 938], [1099, 1754]]","[[205, 140], [161, 156]]"
disclosure_x_bias,172,init_hard,CLD,exponential,23.051242262920457,29.267477155901577,0.6579386385426653,0.5498417005879692,14.50529469081354,37.42487739911587,0.00810924506977823,0.03762654030972432,"[[2166, 939], [1099, 1754]]","[[206, 139], [159, 158]]"
disclosure_x_bias,173,init_hard,CLD,exponential,23.035511703667925,29.270407325925568,0.6577708533077661,0.5483265490728177,14.493004767918219,37.41687394836789,0.00847077167918179,0.036762134566195495,"[[2165, 940], [1099, 1754]]","[[205, 140], [159, 158]]"
disclosure_x_bias,174,init_hard,CLD,exponential,23.059558851940498,29.283350792993808,0.6576030680728667,0.5483265490728177,14.481357719289251,37.431661695454395,0.009127754781183788,0.036762134566195495,"[[2167, 938], [1102, 1751]]","[[205, 140], [159, 158]]"
disclosure_x_bias,175,init_hard,CLD,exponential,23.02540382799378,29.239410463920525,0.6584419942473634,0.5483265490728177,14.532878852882854,37.44340352147377,0.00894053760051452,0.036762134566195495,"[[2165, 940], [1095, 1758]]","[[205, 140], [159, 158]]"
disclosure_x_bias,176,init_hard,CLD,exponential,23.005752936923354,29.239505706539763,0.6584419942473634,0.5483265490728177,14.511254101155057,37.40425124002505,0.00894053760051452,0.036762134566195495,"[[2167, 938], [1097, 1756]]","[[205, 140], [159, 158]]"
disclosure_x_bias,177,init_hard,CLD,exponential,23.01116726710628,29.24989047483063,0.6584419942473634,0.5498417005879692,14.518165703160927,37.445307692831165,0.00894053760051452,0.03762654030972432,"[[2166, 939], [1096, 1757]]","[[206, 139], [159, 158]]"
disclosure_x_bias,178,init_hard,CLD,exponential,23.016407387709734,29.26750109677905,0.6582739270204726,0.5513342379014021,14.523435801892335,37.43230108480529,0.009156385426992137,0.0386715339162677,"[[2167, 938], [1098, 1755]]","[[207, 138], [159, 158]]"
disclosure_x_bias,179,init_hard,CLD,exponential,23.008357062347354,29.27318543874093,0.6584419942473634,0.5498417005879692,14.526615148577868,37.495954456026304,0.00894053760051452,0.03762654030972432,"[[2166, 939], [1096, 1757]]","[[206, 139], [159, 158]]"
disclosure_x_bias,180,init_hard,CLD,exponential,23.00704887177326,29.268913090126755,0.6582739270204726,0.5513342379014021,14.53869307233179,37.4513497034895,0.009156385426992137,0.0386715339162677,"[[2166, 939], [1097, 1756]]","[[207, 138], [159, 158]]"
disclosure_x_bias,181,init_hard,CLD,exponential,23.005676251377896,29.28499664251968,0.6587781287011449,0.5513342379014021,14.54205651371982,37.50017772502238,0.009722644350628471,0.0386715339162677,"[[2164, 941], [1092, 1761]]","[[207, 138], [159, 158]]"
disclosure_x_bias,182,init_hard,CLD,exponential,22.98152168270645,29.231197155298986,0.6589461959280356,0.5513116236996833,14.548333986222005,37.49210996802677,0.009509748737428481,0.03956666079337157,"[[2166, 939], [1093, 1760]]","[[206, 139], [158, 159]]"
disclosure_x_bias,183,init_hard,CLD,exponential,23.01868858613829,29.247756645215624,0.6589461959280356,0.5498190863862505,14.555721591755713,37.49536261707937,0.009343839351209988,0.03789737346809807,"[[2166, 939], [1093, 1760]]","[[206, 139], [159, 158]]"
disclosure_x_bias,184,init_hard,CLD,exponential,23.031238813904213,29.257533090722298,0.6584428402233377,0.5513116236996833,14.558772095028125,37.44706673255298,0.0093185571402634,0.041455593759211665,"[[2166, 939], [1096, 1757]]","[[206, 139], [158, 159]]"
disclosure_x_bias,185,init_hard,CLD,exponential,23.017954983203058,29.210569954866276,0.6591142631549264,0.5513116236996833,14.553528407685677,37.44835802670597,0.00915301991457081,0.04083565906653688,"[[2165, 940], [1091, 1762]]","[[205, 140], [157, 160]]"
disclosure_x_bias,186,init_hard,CLD,exponential,23.0009989329524,29.242406719417914,0.6594495516327337,0.5528041610131162,14.532718320573855,37.51792751171648,0.009065654295897452,0.0435020612974351,"[[2166, 939], [1090, 1763]]","[[206, 139], [157, 160]]"
disclosure_x_bias,187,init_hard,CLD,exponential,23.02310939582693,29.267178115182087,0.6594495516327337,0.5513116236996833,14.5836377003615,37.50122421783905,0.009168581141561973,0.03956666079337157,"[[2168, 937], [1092, 1761]]","[[206, 139], [158, 159]]"
disclosure_x_bias,188,init_hard,CLD,exponential,23.017474274168798,29.265167127845825,0.6592817663978343,0.5528267752148349,14.556356506855156,37.53476889719826,0.009778810258987749,0.04024638974907638,"[[2168, 937], [1093, 1760]]","[[207, 138], [158, 159]]"
disclosure_x_bias,189,init_hard,CLD,exponential,23.00769017909176,29.214049042988346,0.6594495516327337,0.5497964721845319,14.555227321345125,37.38981823903325,0.009404364001267127,0.04073344439375246,"[[2168, 937], [1092, 1761]]","[[205, 140], [158, 159]]"
disclosure_x_bias,190,init_hard,CLD,exponential,23.01988889022787,29.24211355787857,0.6594495516327337,0.5528267752148349,14.567021191720556,37.44007061188475,0.009236561862539879,0.04024638974907638,"[[2168, 937], [1092, 1761]]","[[207, 138], [158, 159]]"
disclosure_x_bias,191,init_hard,CLD,exponential,22.980524642060413,29.204022546986558,0.6592817663978343,0.5528267752148349,14.557510265627805,37.393175956014005,0.00925286825542845,0.04024638974907638,"[[2167, 938], [1092, 1761]]","[[207, 138], [158, 159]]"
disclosure_x_bias,192,init_hard,CLD,exponential,22.973270831206108,29.204102143544326,0.6592820483898257,0.5528041610131162,14.556692076165723,37.41340711516879,0.009474785270931296,0.0435020612974351,"[[2167, 938], [1092, 1761]]","[[206, 139], [157, 160]]"
disclosure_x_bias,193,init_hard,CLD,exponential,22.91655297279325,29.14673960246135,0.659617336867633,0.5512890094979647,14.5974333932949,37.40572491998235,0.009871216851980827,0.04404693358902919,"[[2167, 938], [1090, 1763]]","[[205, 140], [157, 160]]"
disclosure_x_bias,194,init_hard,CLD,exponential,22.957094249123664,29.16352688265486,0.6597856860865152,0.5512890094979647,14.615119490390788,37.475376971926686,0.009538401403978625,0.042873091252388626,"[[2168, 937], [1090, 1763]]","[[205, 140], [157, 160]]"
disclosure_x_bias,195,init_hard,CLD,exponential,22.966279720353164,29.195890288257782,0.6604562630421296,0.5528041610131162,14.638836683769506,37.554447608106884,0.00899550464879167,0.04291170160452097,"[[2166, 939], [1084, 1769]]","[[206, 139], [157, 160]]"
disclosure_x_bias,196,init_hard,CLD,exponential,22.9724693383208,29.183327582324846,0.6604565450341211,0.5512890094979647,14.608848591321962,37.505837519167784,0.009053585576783275,0.04404693358902919,"[[2166, 939], [1084, 1769]]","[[205, 140], [157, 160]]"
disclosure_x_bias,197,init_hard,CLD,exponential,22.939178745787338,29.17813701135983,0.6602884778072303,0.5497738579828132,14.618445783751971,37.451452585567296,0.008893456498084186,0.043367078005707896,"[[2166, 939], [1085, 1768]]","[[204, 141], [157, 160]]"
disclosure_x_bias,198,init_hard,CLD,exponential,22.94752671652764,29.190473015169268,0.660792961479894,0.5528041610131162,14.634783967148906,37.50351693537168,0.009072281011333097,0.04291170160452097,"[[2166, 939], [1082, 1771]]","[[206, 139], [157, 160]]"
disclosure_x_bias,199,init_hard,CLD,exponential,22.933506206119855,29.206562442770498,0.660792961479894,0.5512890094979647,14.624257173908804,37.47243172041166,0.009673005570590976,0.04227394884565772,"[[2167, 938], [1083, 1770]]","[[205, 140], [157, 160]]"
disclosure_x_bias,200,init_hard,CLD,exponential,22.731965447467697,28.42592578673367,0.6607932434718855,0.5512890094979647,14.567627395263907,35.67689612106683,0.01001258331020059,0.04404693358902919,"[[2165, 940], [1081, 1772]]","[[205, 140], [157, 160]]"
disclosure_x_bias,201,init_hard,CLD,exponential,22.83961071026154,29.03960608852982,0.6602890417912131,0.5497738579828132,14.493807223672738,36.30582283962147,0.009384778682936204,0.04565921883776122,"[[2162, 943], [1081, 1772]]","[[203, 142], [156, 161]]"
disclosure_x_bias,202,init_hard,CLD,exponential,22.840086493581058,29.021729565932038,0.6611288139416841,0.5512890094979647,14.532561370366487,36.21716277729643,0.009795751955161172,0.04404693358902919,"[[2168, 937], [1082, 1771]]","[[205, 140], [157, 160]]"
disclosure_x_bias,203,init_hard,CLD,exponential,22.84535722646408,29.03862890988531,0.6606243302690203,0.5512890094979647,14.52830179876379,36.2678335992905,0.008907923450128395,0.04404693358902919,"[[2168, 937], [1085, 1768]]","[[205, 140], [157, 160]]"
disclosure_x_bias,204,init_hard,CLD,exponential,22.834423669653713,29.033406113998247,0.660792961479894,0.5497738579828132,14.50685230128326,36.23518846670048,0.009575502307033442,0.043367078005707854,"[[2166, 939], [1082, 1771]]","[[204, 141], [157, 160]]"
disclosure_x_bias,205,init_hard,CLD,exponential,22.907978480280555,29.033947810163397,0.6606246122610118,0.5543193125282677,14.561701131600023,36.27721562327803,0.008965509536161907,0.04168446221725198,"[[2162, 943], [1079, 1774]]","[[206, 139], [156, 161]]"
disclosure_x_bias,206,init_hard,CLD,exponential,22.839189334781427,29.016574004784893,0.6614638204274998,0.5543193125282677,14.514966087682755,36.236448363995315,0.009934260664185146,0.0434814902910718,"[[2163, 942], [1075, 1778]]","[[205, 140], [155, 162]]"
disclosure_x_bias,207,init_hard,CLD,exponential,22.837863346671586,29.032203027868086,0.6612957532006091,0.5528041610131162,14.52004645242938,36.28066103844055,0.00809540067836129,0.04231310591371295,"[[2165, 940], [1078, 1775]]","[[205, 140], [156, 161]]"
disclosure_x_bias,208,init_hard,CLD,exponential,22.839623868639894,29.045010992313344,0.6617993908972986,0.5558344640434193,14.518050433648712,36.263734031263915,0.009260758208067453,0.0422104102494349,"[[2168, 937], [1078, 1775]]","[[207, 138], [156, 161]]"
disclosure_x_bias,209,init_hard,CLD,exponential,22.835425904512668,29.051750219695073,0.6623024646100051,0.5543193125282677,14.524800498987497,36.323750406759345,0.007915918096209106,0.04289084745493165,"[[2166, 939], [1073, 1780]]","[[206, 139], [156, 161]]"
disclosure_x_bias,210,init_hard,CLD,exponential,22.865514823047896,29.100042940699364,0.6619668941402064,0.5543193125282677,14.584358427321161,36.35676806750755,0.010355900353039503,0.04289084745493165,"[[2163, 942], [1072, 1781]]","[[206, 139], [156, 161]]"
disclosure_x_bias,211,init_hard,CLD,exponential,22.85945697127939,29.043331546608936,0.6629741695335852,0.5543193125282677,14.592931242396556,36.32663258206265,0.008508837151717944,0.04168446221725197,"[[2167, 938], [1070, 1783]]","[[206, 139], [156, 161]]"
disclosure_x_bias,212,init_hard,CLD,exponential,22.86117520254358,29.06815141365508,0.6629741695335852,0.5543193125282677,14.604388733944015,36.344253843051895,0.009933549334854911,0.04168446221725197,"[[2165, 940], [1068, 1785]]","[[206, 139], [156, 161]]"
disclosure_x_bias,213,init_hard,CLD,exponential,22.84070794184848,29.005380619559496,0.6626385990637866,0.5528041610131162,14.573110174609681,36.207937024157566,0.009284624318667011,0.04231310591371295,"[[2166, 939], [1071, 1782]]","[[205, 140], [156, 161]]"
disclosure_x_bias,214,init_hard,CLD,exponential,22.85473631325098,29.05907446950486,0.6631419547684846,0.5528041610131162,14.585082359998946,36.2791268729179,0.009225552561262316,0.04231310591371295,"[[2166, 939], [1068, 1785]]","[[205, 140], [156, 161]]"
disclosure_x_bias,215,init_hard,CLD,exponential,22.837887245935228,29.039891479749446,0.6633097400033839,0.5512890094979647,14.574906929486115,36.23782088397072,0.009727835497910809,0.041666191912327774,"[[2171, 934], [1072, 1781]]","[[205, 140], [157, 160]]"
disclosure_x_bias,216,init_hard,CLD,exponential,22.83091851025527,29.041261451458023,0.6633097400033839,0.5528041610131162,14.590602034271921,36.2393105642947,0.008992643642004382,0.04231310591371295,"[[2163, 942], [1064, 1789]]","[[205, 140], [156, 161]]"
disclosure_x_bias,217,init_hard,CLD,exponential,22.814926669200812,29.034466067948113,0.6636453104731825,0.5528041610131162,14.58848192811183,36.2528939312076,0.008533416496744493,0.04108976182705836,"[[2170, 935], [1069, 1784]]","[[206, 139], [157, 160]]"
disclosure_x_bias,218,init_hard,CLD,exponential,22.846570736879816,29.1419318289228,0.663309176019401,0.5528041610131162,14.600698250707639,36.48861369182668,0.00887728386465193,0.04108976182705836,"[[2170, 935], [1071, 1782]]","[[206, 139], [157, 160]]"
disclosure_x_bias,219,init_hard,CLD,exponential,22.843735738430972,29.141889262812548,0.6636453104731825,0.5528041610131162,14.60460722284913,36.4736874388025,0.008533416496744493,0.04108976182705836,"[[2169, 936], [1068, 1785]]","[[206, 139], [157, 160]]"
disclosure_x_bias,220,init_hard,CLD,exponential,22.825735839289106,29.130471013278775,0.6639811629349726,0.5528041610131162,14.600965034715175,36.48808356588976,0.00869357685420802,0.04108976182705836,"[[2170, 935], [1067, 1786]]","[[206, 139], [157, 160]]"
disclosure_x_bias,221,init_hard,CLD,exponential,22.831066551923062,29.132312358354323,0.6636450284811911,0.5497738579828132,14.591538970771996,36.49911861302928,0.008361269485333922,0.0415651037188901,"[[2170, 935], [1069, 1784]]","[[204, 141], [157, 160]]"
disclosure_x_bias,222,init_hard,CLD,exponential,22.825954348240455,29.130852535124767,0.6636450284811911,0.5512890094979647,14.610216552565994,36.49536132625075,0.008727359386548778,0.04104943782738782,"[[2169, 936], [1068, 1785]]","[[205, 140], [157, 160]]"
disclosure_x_bias,223,init_hard,CLD,exponential,22.82447802088347,29.12339522916316,0.6639808809429812,0.5512890094979647,14.611759656650756,36.457371684749354,0.008561291767403594,0.04104943782738782,"[[2173, 932], [1070, 1783]]","[[205, 140], [157, 160]]"
disclosure_x_bias,224,init_hard,CLD,exponential,22.841628071158638,29.14111934096785,0.6639805989509898,0.5512890094979647,14.622387224856327,36.511264115194884,0.00889545303082036,0.04104943782738782,"[[2166, 939], [1063, 1790]]","[[205, 140], [157, 160]]"
disclosure_x_bias,225,init_hard,CLD,exponential,22.799441396331968,29.123006212730342,0.6643161694207884,0.5497738579828132,14.637640789227397,36.50208616687323,0.008326414564243507,0.043367078005707854,"[[2161, 944], [1056, 1797]]","[[203, 142], [156, 161]]"
disclosure_x_bias,226,init_hard,CLD,exponential,22.796528059206242,29.099887001012387,0.6641483841858891,0.5512890094979647,14.627223268323434,36.470603421171695,0.008671724632402006,0.0446222765121492,"[[2157, 948], [1053, 1800]]","[[203, 142], [155, 162]]"
disclosure_x_bias,227,init_hard,CLD,exponential,22.788694558764753,29.115976898036166,0.664148948169872,0.5497738579828132,14.633207382533872,36.48439598024599,0.009606898948950183,0.043367078005707854,"[[2161, 944], [1057, 1796]]","[[203, 142], [156, 161]]"
disclosure_x_bias,228,init_hard,CLD,exponential,22.79629869187968,29.074619738177823,0.6644839546556878,0.5497738579828132,14.635687146148644,36.39972387423671,0.009098929165506529,0.043367078005707854,"[[2164, 941], [1058, 1795]]","[[203, 142], [156, 161]]"
disclosure_x_bias,229,init_hard,CLD,exponential,22.812445043942194,29.13994101143158,0.6649878743443687,0.5482587064676616,14.642156948757734,36.473593143005246,0.009176798249788043,0.04261658163974348,"[[2171, 934], [1062, 1791]]","[[202, 143], [156, 161]]"
disclosure_x_bias,230,init_hard,CLD,exponential,22.794277002293448,29.07510627288034,0.6644842366476792,0.5497738579828132,14.648430428673691,36.39677114570315,0.009086823907147011,0.043367078005707854,"[[2162, 943], [1056, 1797]]","[[202, 143], [155, 162]]"
disclosure_x_bias,231,init_hard,CLD,exponential,22.793831383487795,29.06812029530837,0.6654909480570752,0.5497738579828132,14.651134145463272,36.37638475489838,0.008948223993641445,0.043367078005707854,"[[2169, 936], [1057, 1796]]","[[203, 142], [156, 161]]"
disclosure_x_bias,232,init_hard,CLD,exponential,22.754040197109948,29.02141069795831,0.665491512041058,0.5482587064676616,14.653190075322515,36.43037161362516,0.009469662164904637,0.04261658163974348,"[[2171, 934], [1059, 1794]]","[[202, 143], [156, 161]]"
disclosure_x_bias,233,init_hard,CLD,exponential,22.754500079217657,29.026969239925016,0.6658273645028482,0.5497738579828132,14.652004556251025,36.432525400924284,0.009342771220441517,0.043367078005707854,"[[2171, 934], [1057, 1796]]","[[203, 142], [156, 161]]"
disclosure_x_bias,234,init_hard,CLD,exponential,22.74803887711909,29.034086940817637,0.6663310021995376,0.5482587064676616,14.653591983283171,36.45815630360113,0.010183179880099435,0.04261658163974348,"[[2173, 932], [1056, 1797]]","[[202, 143], [156, 161]]"
disclosure_x_bias,235,init_hard,CLD,exponential,22.765520354603957,29.025259954309057,0.6664990694264283,0.5482587064676616,14.675993503615675,36.41858469616529,0.010027467753481836,0.04261658163974348,"[[2174, 931], [1056, 1797]]","[[202, 143], [156, 161]]"
disclosure_x_bias,236,init_hard,CLD,exponential,22.75659277885011,29.045477955276834,0.6664985054424454,0.5482587064676616,14.664051769050316,36.47190186937384,0.009828907623367758,0.04261658163974348,"[[2175, 930], [1057, 1796]]","[[202, 143], [156, 161]]"
disclosure_x_bias,237,init_hard,CLD,exponential,22.691446304598212,29.04618843058959,0.6666662906773448,0.5497738579828132,14.698790153341937,36.44259134434719,0.010659936322602434,0.043367078005707854,"[[2172, 933], [1053, 1800]]","[[203, 142], [156, 161]]"
disclosure_x_bias,238,init_hard,CLD,exponential,22.668363276665698,29.047685072584436,0.6663298742315719,0.5482587064676616,14.65539325841745,36.474779679104216,0.010646357448966824,0.04261658163974348,"[[2174, 931], [1057, 1796]]","[[202, 143], [156, 161]]"
disclosure_x_bias,239,init_hard,CLD,exponential,22.713113117098203,29.00496616422451,0.6670018611471434,0.5497738579828132,14.686062220311284,36.36419811507399,0.011512444133069677,0.043367078005707854,"[[2173, 932], [1052, 1801]]","[[203, 142], [156, 161]]"
disclosure_x_bias,240,init_hard,CLD,exponential,22.697113717276643,28.990981927931433,0.6668343579042355,0.5497738579828132,14.683038102469409,36.33177753415877,0.011171164361893336,0.043367078005707854,"[[2173, 932], [1053, 1800]]","[[203, 142], [156, 161]]"
disclosure_x_bias,241,init_hard,CLD,exponential,22.689948374898098,28.992448195102327,0.6666662906773448,0.5482587064676616,14.647010083600529,36.3512293845286,0.011372101358882575,0.04261658163974348,"[[2173, 932], [1054, 1799]]","[[202, 143], [156, 161]]"
disclosure_x_bias,242,init_hard,CLD,exponential,22.703683768368894,29.02677640817858,0.6670018611471434,0.5482587064676616,14.688949772619498,36.39088544525425,0.010724721042589239,0.04261658163974348,"[[2174, 931], [1053, 1800]]","[[202, 143], [156, 161]]"
disclosure_x_bias,243,init_hard,CLD,exponential,22.704148704132287,28.991804029164804,0.667001579155152,0.5482587064676616,14.699088388132958,36.355012563360745,0.011548092174930507,0.04261658163974348,"[[2176, 929], [1055, 1798]]","[[202, 143], [156, 161]]"
disclosure_x_bias,244,init_hard,CLD,exponential,22.700992862832255,28.997275698807094,0.6663298742315719,0.5497738579828132,14.701895039912225,36.374961433967975,0.010994615086354012,0.043367078005707854,"[[2171, 934], [1054, 1799]]","[[203, 142], [156, 161]]"
disclosure_x_bias,245,init_hard,CLD,exponential,22.69913706751959,28.986234977673423,0.6670027071231177,0.5482813206693804,14.698331456564615,36.365085573670335,0.009995760383262314,0.04119210622481848,"[[2177, 928], [1056, 1797]]","[[203, 142], [157, 160]]"
disclosure_x_bias,246,init_hard,CLD,exponential,22.70582208742866,28.970959274051705,0.6668340759122441,0.5482813206693804,14.708407524199803,36.32566155042608,0.010276076729006186,0.03929050785680515,"[[2177, 928], [1057, 1796]]","[[203, 142], [157, 160]]"
disclosure_x_bias,247,init_hard,CLD,exponential,22.699383368054246,29.00917518877001,0.6675057808358242,0.5482813206693804,14.70215519100103,36.386653256838315,0.009540748162240454,0.04119210622481848,"[[2180, 925], [1056, 1797]]","[[203, 142], [157, 160]]"
disclosure_x_bias,248,init_hard,CLD,exponential,22.666711071297264,28.955508002753874,0.668177203767413,0.5482813206693804,14.7078025857184,36.40362042315411,0.01049629338101859,0.04119210622481848,"[[2183, 922], [1055, 1798]]","[[203, 142], [157, 160]]"
disclosure_x_bias,249,init_hard,CLD,exponential,22.671252327353223,28.980323803368538,0.6680091365405223,0.5482813206693804,14.710030747602065,36.43125999347282,0.009623977280553926,0.04119210622481848,"[[2182, 923], [1055, 1798]]","[[203, 142], [157, 160]]"
disclosure_x_bias,250,init_hard,CLD,exponential,22.675974632299656,28.957637189782826,0.6680085725565393,0.5497964721845319,14.724785847150354,36.40275298456866,0.009934057412736895,0.04010234768250568,"[[2182, 923], [1055, 1798]]","[[204, 141], [157, 160]]"
disclosure_x_bias,251,init_hard,CLD,exponential,22.676111503268267,29.011054663048448,0.6680091365405223,0.5482813206693804,14.717799875972473,36.4931919248644,0.009785138012538223,0.04119210622481848,"[[2180, 925], [1053, 1800]]","[[203, 142], [157, 160]]"
disclosure_x_bias,252,init_hard,CLD,exponential,22.679472809576453,29.0034016298661,0.6675052168518414,0.5482813206693804,14.758104693805615,36.470326793756996,0.00991670295586104,0.0430097107968397,"[[2180, 925], [1056, 1797]]","[[203, 142], [157, 160]]"
disclosure_x_bias,253,init_hard,CLD,exponential,22.680968075135233,29.021242451352787,0.6680085725565394,0.5482813206693804,14.738214600294677,36.50629217216678,0.009548734331461249,0.04119210622481848,"[[2183, 922], [1056, 1797]]","[[203, 142], [157, 160]]"
disclosure_x_bias,254,init_hard,CLD,exponential,22.67999266834762,29.020364735702778,0.6675052168518414,0.5482813206693804,14.756805536818298,36.47431701311183,0.00991670295586104,0.0430097107968397,"[[2180, 925], [1056, 1797]]","[[203, 142], [157, 160]]"
disclosure_x_bias,255,init_hard,CLD,exponential,22.64211000325385,29.039279371589874,0.6678407873216401,0.5497964721845319,14.809115138895017,36.53132059156367,0.00972990782145283,0.04010234768250568,"[[2182, 923], [1056, 1797]]","[[204, 141], [157, 160]]"
disclosure_x_bias,256,init_hard,CLD,exponential,22.64629829056714,29.013959477066937,0.6688474987310361,0.5497964721845319,14.798219636637652,36.47658662660515,0.008994932103749322,0.04010234768250568,"[[2186, 919], [1054, 1799]]","[[204, 141], [157, 160]]"
disclosure_x_bias,257,init_hard,CLD,exponential,22.636907175716733,29.0335222298644,0.6693511364277255,0.5483039348710991,14.812414557142494,36.49920960673374,0.008918121158693924,0.03839092576288883,"[[2186, 919], [1051, 1802]]","[[203, 142], [157, 160]]"
disclosure_x_bias,258,init_hard,CLD,exponential,22.64771210784092,29.043519092749413,0.6686799954881282,0.5483039348710991,14.783232413120531,36.54184332156872,0.010100126056393932,0.03839092576288883,"[[2181, 924], [1050, 1803]]","[[203, 142], [157, 160]]"
disclosure_x_bias,259,init_hard,CLD,exponential,22.64859810731445,29.02625094510366,0.6696869888895155,0.5483039348710991,14.783011235289104,36.4986831173132,0.00941584412529657,0.03839092576288883,"[[2185, 920], [1048, 1805]]","[[203, 142], [157, 160]]"
disclosure_x_bias,260,init_hard,CLD,exponential,22.665156791770723,29.57106020077211,0.6696869888895155,0.5483039348710991,14.631430519151689,36.96946981863248,0.00964634827384946,0.03839092576288883,"[[2187, 918], [1050, 1803]]","[[203, 142], [157, 160]]"
disclosure_x_bias,261,init_hard,CLD,exponential,22.710403326349443,29.501137887060686,0.6696875528734985,0.5498190863862505,14.685618785353473,36.9052216202697,0.009123376460500588,0.03856457076528738,"[[2186, 919], [1049, 1804]]","[[203, 142], [156, 161]]"
disclosure_x_bias,262,init_hard,CLD,exponential,22.691716709596285,29.531951503331705,0.670190626586205,0.5483039348710991,14.713070614612448,36.91860480330794,0.009880295537018984,0.03839092576288883,"[[2189, 916], [1049, 1804]]","[[203, 142], [157, 160]]"
disclosure_x_bias,263,init_hard,CLD,exponential,22.69220899076394,29.48753400029828,0.6695192036546163,0.5498190863862505,14.702720948891953,36.899159644824664,0.009567666623681692,0.03856457076528738,"[[2187, 918], [1051, 1802]]","[[203, 142], [156, 161]]"
disclosure_x_bias,264,init_hard,CLD,exponential,22.69775768163279,29.51358497531253,0.6701909085781963,0.5483039348710991,14.709931393012077,36.91600674217463,0.010213725314213358,0.03839092576288883,"[[2188, 917], [1048, 1805]]","[[203, 142], [157, 160]]"
disclosure_x_bias,265,init_hard,CLD,exponential,22.68432484684179,29.493259966505907,0.6698553381083977,0.5483039348710991,14.696893943883769,36.89534690889753,0.010768699581988351,0.03772065718411182,"[[2185, 920], [1047, 1806]]","[[202, 143], [156, 161]]"
disclosure_x_bias,266,init_hard,CLD,exponential,22.7102443451815,29.556781350781442,0.6693514184197169,0.5498190863862505,14.757111351098137,36.96988541688472,0.010397510298149509,0.03986548034793464,"[[2185, 920], [1050, 1803]]","[[203, 142], [156, 161]]"
disclosure_x_bias,267,init_hard,CLD,exponential,22.688389920069604,29.524612721620418,0.6703586938130958,0.5513342379014021,14.72037767882486,36.93034480011867,0.009481978482368458,0.039968962214420235,"[[2188, 917], [1047, 1806]]","[[203, 142], [155, 162]]"
disclosure_x_bias,268,init_hard,CLD,exponential,22.694639289445863,29.558774049003887,0.6693514184197169,0.5498190863862505,14.727055403808235,36.975133377773034,0.010030007530076877,0.03986548034793464,"[[2185, 920], [1050, 1803]]","[[203, 142], [156, 161]]"
disclosure_x_bias,269,init_hard,CLD,exponential,22.7041537898282,29.541973457593446,0.6706953922508601,0.5498190863862505,14.728196258228811,36.93343827733177,0.009021748117932094,0.041740892790675055,"[[2191, 914], [1048, 1805]]","[[203, 142], [156, 161]]"
disclosure_x_bias,270,init_hard,CLD,exponential,22.70014439389924,29.575776946954484,0.6698547741244149,0.545273631840796,14.736127890626648,37.001026478804555,0.009688945671680084,0.042894689247702046,"[[2189, 916], [1051, 1802]]","[[201, 144], [157, 160]]"
disclosure_x_bias,271,init_hard,CLD,exponential,22.708065355373193,29.59869119464248,0.6708631774857594,0.5498190863862505,14.73813386486083,37.054125992075505,0.009149665312270119,0.041740892790675055,"[[2192, 913], [1048, 1805]]","[[203, 142], [156, 161]]"
disclosure_x_bias,272,init_hard,CLD,exponential,22.70187279634173,29.5244579361973,0.6701903445942136,0.5467887833559475,14.745433276558051,36.92073875694336,0.009954337752216482,0.0401054152314927,"[[2189, 916], [1049, 1804]]","[[202, 143], [157, 160]]"
disclosure_x_bias,273,init_hard,CLD,exponential,22.714990266871787,29.62884571524607,0.6708631774857594,0.5467887833559475,14.743291387198287,37.14505831712406,0.009485375574122726,0.0401054152314927,"[[2192, 913], [1048, 1805]]","[[202, 143], [157, 160]]"
disclosure_x_bias,274,init_hard,CLD,exponential,22.556307421561947,28.960493133655234,0.6713668151824488,0.5483039348710991,14.692116668904038,35.64872489891039,0.009393862157140687,0.04033495740077957,"[[2195, 910], [1048, 1805]]","[[202, 143], [156, 161]]"
disclosure_x_bias,275,init_hard,CLD,exponential,22.524160493847315,28.8913350516305,0.6715346004173481,0.545273631840796,14.703571165258118,35.64863833378328,0.009731285652408887,0.03916456498513423,"[[2199, 906], [1051, 1802]]","[[202, 143], [158, 159]]"
disclosure_x_bias,276,init_hard,CLD,exponential,22.533959258306076,28.91134880038254,0.6710303987366759,0.5483039348710991,14.720845982054572,35.680290077976665,0.009461667987051932,0.04033495740077957,"[[2196, 909], [1051, 1802]]","[[202, 143], [156, 161]]"
disclosure_x_bias,277,init_hard,CLD,exponential,22.4895697662404,28.897828260460464,0.6710306807286673,0.5483039348710991,14.709469271365112,35.64012696034634,0.008905284314194439,0.04033495740077957,"[[2199, 906], [1054, 1799]]","[[202, 143], [156, 161]]"
disclosure_x_bias,278,init_hard,CLD,exponential,22.50090848154444,28.912707244672994,0.6710306807286673,0.5483039348710991,14.722673935391938,35.682453582508025,0.008619704702143438,0.04033495740077957,"[[2198, 907], [1053, 1800]]","[[202, 143], [156, 161]]"
disclosure_x_bias,279,init_hard,CLD,exponential,22.48861430626679,28.90617258104112,0.6706948282668772,0.5483039348710991,14.72174915734961,35.66538571482575,0.009483733831684502,0.04033495740077957,"[[2197, 908], [1054, 1799]]","[[202, 143], [156, 161]]"
disclosure_x_bias,280,init_hard,CLD,exponential,22.48154851976448,28.899734793828298,0.6705270430319779,0.5467887833559475,14.729991560251099,35.6835181133522,0.008662681584040103,0.0401054152314927,"[[2196, 909], [1054, 1799]]","[[202, 143], [157, 160]]"
disclosure_x_bias,281,init_hard,CLD,exponential,22.486828948872862,28.890629007329984,0.6703592577970785,0.5498190863862505,14.73107346329078,35.65892287991296,0.009623481931571762,0.0398654803479347,"[[2194, 911], [1053, 1800]]","[[202, 143], [155, 162]]"
disclosure_x_bias,282,init_hard,CLD,exponential,22.503732578197564,28.89330812762097,0.6727102250296092,0.5513342379014021,14.727442609088403,35.64060127780899,0.009307231507436496,0.04060213224731065,"[[2202, 903], [1047, 1806]]","[[202, 143], [154, 163]]"
disclosure_x_bias,283,init_hard,CLD,exponential,22.52376307463119,28.914511600031272,0.6715343184253567,0.5498190863862505,14.755100066540765,35.67260057947338,0.00918001050688681,0.0398654803479347,"[[2200, 905], [1052, 1801]]","[[202, 143], [155, 162]]"
disclosure_x_bias,284,init_hard,CLD,exponential,22.522285762937294,28.893039786306936,0.6713662511984659,0.5498190863862505,14.750755494943215,35.62781988699896,0.009281312542267403,0.0398654803479347,"[[2199, 906], [1052, 1801]]","[[202, 143], [155, 162]]"
disclosure_x_bias,285,init_hard,CLD,exponential,22.52879240504975,28.896121231295275,0.6717023856522475,0.5498190863862505,14.754628629131645,35.652885395910175,0.009277623415088017,0.0398654803479347,"[[2199, 906], [1050, 1803]]","[[202, 143], [155, 162]]"
disclosure_x_bias,286,init_hard,CLD,exponential,22.512445122044696,28.862164566501303,0.6717023856522475,0.5483039348710991,14.75359885755135,35.57126632824328,0.009444696049105665,0.039697526194869444,"[[2199, 906], [1050, 1803]]","[[202, 143], [156, 161]]"
disclosure_x_bias,287,init_hard,CLD,exponential,22.574906934141463,28.956433700582085,0.6715343184253568,0.5483039348710991,14.776033595829496,35.77145628463354,0.008831748497647425,0.039049691208279634,"[[2198, 907], [1050, 1803]]","[[202, 143], [156, 161]]"
disclosure_x_bias,288,init_hard,CLD,exponential,22.564221449368706,28.961961365441745,0.6717023856522475,0.5483039348710991,14.77007189479248,35.758966664803005,0.009038534953921809,0.039049691208279634,"[[2198, 907], [1049, 1804]]","[[202, 143], [156, 161]]"
disclosure_x_bias,289,init_hard,CLD,exponential,22.559725149336053,28.957635488284694,0.6720382381140376,0.5467887833559475,14.776175069190513,35.78073071709021,0.008714269785325158,0.04602821261133207,"[[2198, 907], [1047, 1806]]","[[200, 145], [155, 162]]"
disclosure_x_bias,290,init_hard,CLD,exponential,22.55697245380492,28.97747154167656,0.6718701708871468,0.5467887833559475,14.764370481443642,35.81148112240083,0.00876142196367032,0.04602821261133207,"[[2199, 906], [1049, 1804]]","[[200, 145], [155, 162]]"
disclosure_x_bias,291,init_hard,CLD,exponential,22.557358966920788,28.964638972970892,0.6722060233489369,0.5467887833559475,14.771806912925031,35.80617328604406,0.008818290416700661,0.04602821261133207,"[[2197, 908], [1045, 1808]]","[[200, 145], [155, 162]]"
disclosure_x_bias,292,init_hard,CLD,exponential,22.565702842620702,28.998400964595994,0.6718698888951554,0.5497964721845319,14.78861710134329,35.851319866939996,0.008664809569789251,0.048191400945329754,"[[2197, 908], [1047, 1806]]","[[201, 144], [154, 163]]"
disclosure_x_bias,293,init_hard,CLD,exponential,22.571305882604612,29.011833085003747,0.6722057413569454,0.5467887833559475,14.828632640339363,35.871393799020325,0.008614917664318012,0.04602821261133207,"[[2198, 907], [1046, 1807]]","[[200, 145], [155, 162]]"
disclosure_x_bias,294,init_hard,CLD,exponential,22.556160331678623,29.0191663017263,0.672541311826744,0.545273631840796,14.80073519839129,35.8900796757328,0.009297053168380837,0.04577150181399661,"[[2202, 903], [1048, 1805]]","[[200, 145], [156, 161]]"
disclosure_x_bias,295,init_hard,CLD,exponential,22.563355279632525,28.995618711397004,0.67321414471829,0.545273631840796,14.802861502320434,35.845352701953296,0.00932760757484165,0.04577150181399661,"[[2204, 901], [1046, 1807]]","[[200, 145], [156, 161]]"
disclosure_x_bias,296,init_hard,CLD,exponential,22.51675278270634,29.01826802837894,0.6735497151880887,0.545273631840796,14.784436347447928,35.891724679402074,0.009032139538837122,0.04577150181399661,"[[2205, 900], [1045, 1808]]","[[200, 145], [156, 161]]"
disclosure_x_bias,297,init_hard,CLD,exponential,22.52108967450732,29.01472998461469,0.6730460774913992,0.5437584803256444,14.776660369970788,35.8886409171953,0.009158594882804056,0.044892623866733546,"[[2204, 901], [1047, 1806]]","[[200, 145], [157, 160]]"
disclosure_x_bias,298,init_hard,CLD,exponential,22.54758111914387,29.000669793160846,0.672541311826744,0.5483039348710991,14.774874017572904,35.865315444601336,0.008741694345154585,0.0467768748032251,"[[2194, 911], [1040, 1813]]","[[200, 145], [154, 163]]"
disclosure_x_bias,299,init_hard,CLD,exponential,22.54541920176161,29.029605443561167,0.6720371101460719,0.5483039348710991,14.773554383659825,35.9269417609848,0.008580427037450941,0.0467768748032251,"[[2193, 912], [1042, 1811]]","[[200, 145], [154, 163]]"
disclosure_x_bias,300,init_hard,CLD,exponential,22.5452450993673,29.008681941019894,0.6727093790536349,0.5483039348710991,14.778796625630124,35.88433737757732,0.00864499205537307,0.0467768748032251,"[[2198, 907], [1043, 1810]]","[[200, 145], [154, 163]]"
disclosure_x_bias,1,init_hard,N1,log_loss,0.6425103956347165,0.8974948755609164,0.6181583103039874,0.5468566259611036,0.006762623238129577,0.2806540742380735,0.02399627250590758,0.024994530524254606,"[[2030, 1075], [1200, 1653]]","[[209, 136], [164, 153]]"
disclosure_x_bias,2,init_hard,N1,log_loss,0.6416981009370419,0.8972420148569278,0.6189986464384412,0.5468566259611036,0.0067078064589824495,0.2806181268595453,0.022542693543351464,0.024994530524254606,"[[2037, 1068], [1202, 1651]]","[[209, 136], [164, 153]]"
disclosure_x_bias,3,init_hard,N1,log_loss,0.640986949987836,0.8971473419714965,0.6216846201567876,0.5483717774762551,0.006672246729868829,0.28091247877535247,0.023567853171152977,0.02634345820143053,"[[2054, 1051], [1203, 1650]]","[[210, 135], [164, 153]]"
disclosure_x_bias,4,init_hard,N1,log_loss,0.6402811407790996,0.8964834780129609,0.6225235463312841,0.5483717774762551,0.006648821840535468,0.2810583743134441,0.024269206599310325,0.02634345820143053,"[[2059, 1046], [1203, 1650]]","[[210, 135], [164, 153]]"
disclosure_x_bias,5,init_hard,N1,log_loss,0.6396642171127638,0.8970450981358808,0.6247081382888726,0.5423790140208051,0.0066285505663089776,0.2812685019387889,0.022077652845517142,0.030334366460042173,"[[2089, 1016], [1220, 1633]]","[[210, 135], [168, 149]]"
disclosure_x_bias,6,init_hard,N1,log_loss,0.6390354777614663,0.8971663451373552,0.6248756415317805,0.5423790140208051,0.0066480892630754055,0.2812836995914513,0.021654932822298304,0.030334366460042173,"[[2089, 1016], [1219, 1634]]","[[210, 135], [168, 149]]"
disclosure_x_bias,7,init_hard,N1,log_loss,0.6384708717171581,0.8969210167999859,0.6255473464553607,0.5423790140208051,0.006646081196389079,0.28145763120019884,0.021462926398950966,0.030334366460042173,"[[2093, 1012], [1219, 1634]]","[[210, 135], [168, 149]]"
disclosure_x_bias,8,init_hard,N1,log_loss,0.6379464604974279,0.896493537978802,0.6255473464553607,0.5438941655359566,0.006640513105340892,0.28174216789870243,0.02122846321516982,0.030878567880708453,"[[2098, 1007], [1224, 1629]]","[[211, 134], [168, 149]]"
disclosure_x_bias,9,init_hard,N1,log_loss,0.6373967315571131,0.8961944074844613,0.6280641249788507,0.5529850746268656,0.006640398356466164,0.2818979473344323,0.016252076106795264,0.05321427545875726,"[[2073, 1032], [1184, 1669]]","[[209, 136], [160, 157]]"
disclosure_x_bias,10,init_hard,N1,log_loss,0.6369138094625981,0.8965240282571315,0.6280641249788507,0.5529850746268656,0.006641893641406476,0.28178716164171297,0.016252076106795264,0.05321427545875726,"[[2071, 1034], [1182, 1671]]","[[209, 136], [160, 157]]"
disclosure_x_bias,11,init_hard,N1,log_loss,0.6364104812606282,0.8967368224171312,0.6292386216231459,0.5529850746268656,0.006671529158196069,0.28199757532538927,0.014964813592615474,0.05321427545875726,"[[2095, 1010], [1199, 1654]]","[[211, 134], [162, 155]]"
disclosure_x_bias,12,init_hard,N1,log_loss,0.6359237248004498,0.89643816178535,0.6295741920929446,0.5545002261420172,0.006693064315838096,0.28220956703678296,0.015125888453232074,0.05461141130067686,"[[2097, 1008], [1199, 1654]]","[[212, 133], [162, 155]]"
disclosure_x_bias,13,init_hard,N1,log_loss,0.6354862270336082,0.8961929236298827,0.6302453330325418,0.5575305291723203,0.006691671406284392,0.28194025846417664,0.015049077773094213,0.054427058818320065,"[[2102, 1003], [1200, 1653]]","[[214, 131], [162, 155]]"
disclosure_x_bias,14,init_hard,N1,log_loss,0.6350112812886903,0.8960010602580175,0.6304134002594326,0.5575305291723203,0.006731144429153465,0.28176520069882727,0.014827508648930543,0.054427058818320065,"[[2104, 1001], [1201, 1652]]","[[214, 131], [162, 155]]"
disclosure_x_bias,15,init_hard,N1,log_loss,0.6345888542570455,0.8959891370246034,0.6304134002594326,0.5575305291723203,0.006738860283630503,0.2816955748756409,0.014827508648930543,0.054427058818320065,"[[2106, 999], [1203, 1650]]","[[214, 131], [162, 155]]"
disclosure_x_bias,16,init_hard,N1,log_loss,0.634163871721053,0.8960163868217361,0.6304134002594326,0.5575305291723203,0.006757700832240251,0.28192125418785985,0.014827508648930543,0.054427058818320065,"[[2104, 1001], [1201, 1652]]","[[214, 131], [162, 155]]"
disclosure_x_bias,17,init_hard,N1,log_loss,0.6337648660582802,0.8962596001755916,0.6304134002594326,0.5575305291723203,0.006765273685471711,0.28222720487233804,0.014827508648930543,0.054427058818320065,"[[2104, 1001], [1201, 1652]]","[[214, 131], [162, 155]]"
disclosure_x_bias,18,init_hard,N1,log_loss,0.6333767414794524,0.8960302964012291,0.6310845411990299,0.5560153776571687,0.006774722386226679,0.2823058677183075,0.01516735907785623,0.054542701143771764,"[[2109, 996], [1202, 1651]]","[[214, 131], [163, 154]]"
disclosure_x_bias,19,init_hard,N1,log_loss,0.6329926728316719,0.8957932992482652,0.6310845411990299,0.5560153776571687,0.006788488536011508,0.2820041524463008,0.01516735907785623,0.054542701143771764,"[[2109, 996], [1202, 1651]]","[[214, 131], [163, 154]]"
disclosure_x_bias,20,init_hard,N1,log_loss,0.6326076785189654,0.8960230453625236,0.6322593198353167,0.5560153776571687,0.006818848100432514,0.2821351283205511,0.013293751960174467,0.054542701143771764,"[[2086, 1019], [1172, 1681]]","[[211, 134], [160, 157]]"
disclosure_x_bias,21,init_hard,N1,log_loss,0.6322362909726317,0.8959603541822604,0.632427105070216,0.5560153776571687,0.006832719602005412,0.2820608997481221,0.013378739079275816,0.054542701143771764,"[[2087, 1018], [1172, 1681]]","[[211, 134], [160, 157]]"
disclosure_x_bias,22,init_hard,N1,log_loss,0.6318544698118896,0.895846720383384,0.6325948903051153,0.5560153776571687,0.006854549636999594,0.28223841680331874,0.013622558493117536,0.054542701143771764,"[[2089, 1016], [1173, 1680]]","[[211, 134], [160, 157]]"
disclosure_x_bias,23,init_hard,N1,log_loss,0.6315100938646369,0.8958389665403018,0.6317559641306187,0.5560153776571687,0.0068600940394441205,0.2821885513250368,0.015316989342932267,0.054542701143771764,"[[2113, 992], [1202, 1651]]","[[214, 131], [163, 154]]"
disclosure_x_bias,24,init_hard,N1,log_loss,0.631162104817413,0.8952683060311853,0.632930460774914,0.5560153776571687,0.006873803951696818,0.28246192425223055,0.013776608346070793,0.054542701143771764,"[[2096, 1009], [1178, 1675]]","[[212, 133], [161, 156]]"
disclosure_x_bias,25,init_hard,N1,log_loss,0.6308266453032537,0.8950420349285088,0.632930460774914,0.5560153776571687,0.006882547892156077,0.28249914356189226,0.013776608346070793,0.054542701143771764,"[[2096, 1009], [1178, 1675]]","[[212, 133], [161, 156]]"
disclosure_x_bias,26,init_hard,N1,log_loss,0.6304861241393291,0.8951611593321452,0.6327626755400146,0.5560153776571687,0.006903966193187524,0.2825121935596089,0.013746526596675867,0.054542701143771764,"[[2095, 1010], [1178, 1675]]","[[212, 133], [161, 156]]"
disclosure_x_bias,27,init_hard,N1,log_loss,0.6301418806587157,0.8952023994773217,0.6325948903051153,0.5560153776571687,0.006931683279671647,0.2825652315729738,0.013507261479315724,0.054542701143771764,"[[2095, 1010], [1179, 1674]]","[[212, 133], [161, 156]]"
disclosure_x_bias,28,init_hard,N1,log_loss,0.6298066782428058,0.8945339132781273,0.6325948903051153,0.5560153776571687,0.006955479036979158,0.28274105042690234,0.013507261479315724,0.054542701143771764,"[[2095, 1010], [1179, 1674]]","[[212, 133], [161, 156]]"
disclosure_x_bias,29,init_hard,N1,log_loss,0.629506669964924,0.8949691455958938,0.6325948903051153,0.5560153776571687,0.006959767452600397,0.28279697378728696,0.013507261479315724,0.054542701143771764,"[[2095, 1010], [1179, 1674]]","[[212, 133], [161, 156]]"
disclosure_x_bias,30,init_hard,N1,log_loss,0.6292056267231311,0.8946378235486266,0.6332668772206869,0.5575305291723203,0.0069635662310212195,0.2829353646671335,0.014384516330233004,0.054427058818320065,"[[2099, 1006], [1179, 1674]]","[[212, 133], [160, 157]]"
disclosure_x_bias,31,init_hard,N1,log_loss,0.628901841760484,0.8945699549372843,0.6336024476904856,0.5575305291723203,0.006974980466641313,0.28294360527453055,0.014448434051123388,0.054427058818320065,"[[2101, 1004], [1179, 1674]]","[[212, 133], [160, 157]]"
disclosure_x_bias,32,init_hard,N1,log_loss,0.6286224181725265,0.8949530653710346,0.6336024476904856,0.559023066485753,0.0069753378674278985,0.28282971000576745,0.014448434051123388,0.05262143276816594,"[[2100, 1005], [1178, 1675]]","[[212, 133], [159, 158]]"
disclosure_x_bias,33,init_hard,N1,log_loss,0.6283368772078866,0.894793832373308,0.6336021656984941,0.5575079149706015,0.006973313709541797,0.2829634167340788,0.014390390891490539,0.05278865485291557,"[[2099, 1006], [1177, 1676]]","[[212, 133], [160, 157]]"
disclosure_x_bias,34,init_hard,N1,log_loss,0.6280098765759174,0.8946349569900592,0.6339380181602843,0.5575079149706015,0.006985388466781102,0.2829897551977047,0.014717537785987311,0.05278865485291557,"[[2102, 1003], [1178, 1675]]","[[212, 133], [160, 157]]"
disclosure_x_bias,35,init_hard,N1,log_loss,0.6277253652364172,0.8945504712426198,0.6336024476904856,0.5575079149706015,0.007007372483555333,0.2831801163740773,0.014620602795170438,0.05278865485291557,"[[2100, 1005], [1178, 1675]]","[[212, 133], [160, 157]]"
disclosure_x_bias,36,init_hard,N1,log_loss,0.6274622855701891,0.8946233294347662,0.6336024476904856,0.5590230664857531,0.007009963890094503,0.2832837733834088,0.014620602795170438,0.056816828575236386,"[[2092, 1013], [1170, 1683]]","[[212, 133], [159, 158]]"
disclosure_x_bias,37,init_hard,N1,log_loss,0.6272042731088092,0.8944328849758003,0.634273588630083,0.5575079149706015,0.007018942929063807,0.28343379362823545,0.014549653004275834,0.058735336162099645,"[[2097, 1008], [1171, 1682]]","[[212, 133], [160, 157]]"
disclosure_x_bias,38,init_hard,N1,log_loss,0.6269349488028813,0.8947313113181199,0.6341058033951835,0.5575079149706015,0.007022572485914347,0.2834187136364288,0.014516874816402254,0.058735336162099645,"[[2096, 1009], [1171, 1682]]","[[212, 133], [160, 157]]"
disclosure_x_bias,39,init_hard,N1,log_loss,0.6266500470974303,0.8947345262972025,0.6359514409790762,0.5575079149706015,0.007060723081239602,0.2834212607277745,0.01417349521683008,0.05741771596366218,"[[2094, 1011], [1158, 1695]]","[[211, 134], [159, 158]]"
disclosure_x_bias,40,init_hard,N1,log_loss,0.6263927400790573,0.8948634966942196,0.6359514409790762,0.5575079149706015,0.007066413801795603,0.28341092964158987,0.013973460188924591,0.05741771596366218,"[[2094, 1011], [1158, 1695]]","[[211, 134], [159, 158]]"
disclosure_x_bias,41,init_hard,N1,log_loss,0.6261415256065813,0.8949406509537944,0.6357833737521854,0.5575079149706015,0.00707640210073587,0.2833414792574835,0.013720536788135972,0.05741771596366218,"[[2094, 1011], [1159, 1694]]","[[211, 134], [159, 158]]"
disclosure_x_bias,42,init_hard,N1,log_loss,0.6258995624962529,0.8948996722821507,0.6366237098866392,0.5575079149706015,0.0070736827903790335,0.2833524493876862,0.012343412357652423,0.05741771596366218,"[[2102, 1003], [1162, 1691]]","[[211, 134], [159, 158]]"
disclosure_x_bias,43,init_hard,N1,log_loss,0.6256656073954955,0.8948011013214078,0.6366237098866392,0.5575079149706015,0.007078120276176775,0.28326682204201487,0.012113193287527526,0.05741771596366218,"[[2102, 1003], [1162, 1691]]","[[211, 134], [159, 158]]"
disclosure_x_bias,44,init_hard,N1,log_loss,0.6254096251898242,0.8945329446517789,0.6367914951215385,0.5575079149706015,0.007092343651693198,0.2834698165912295,0.01231861041502541,0.05741771596366218,"[[2103, 1002], [1162, 1691]]","[[211, 134], [159, 158]]"
disclosure_x_bias,45,init_hard,N1,log_loss,0.6251460726154995,0.8942745391515843,0.6369592803564379,0.5575079149706015,0.007092143469990798,0.2834421654900692,0.012342006791031352,0.05741771596366218,"[[2104, 1001], [1162, 1691]]","[[211, 134], [159, 158]]"
disclosure_x_bias,46,init_hard,N1,log_loss,0.6249095651503329,0.8943439137607305,0.6369592803564379,0.5575079149706015,0.007106029645634294,0.28356673211981376,0.012342006791031352,0.05741771596366218,"[[2104, 1001], [1162, 1691]]","[[211, 134], [159, 158]]"
disclosure_x_bias,47,init_hard,N1,log_loss,0.6246771889437599,0.8945541413345548,0.637295132818228,0.5575079149706015,0.007104406357079218,0.28358061196516626,0.012296722667890857,0.05741771596366218,"[[2106, 999], [1162, 1691]]","[[211, 134], [159, 158]]"
disclosure_x_bias,48,init_hard,N1,log_loss,0.6244426113113297,0.8943044448285876,0.6371273475833286,0.5590230664857531,0.007120758952033961,0.28327713618404693,0.012580334386517534,0.05591173047122658,"[[2106, 999], [1163, 1690]]","[[212, 133], [159, 158]]"
disclosure_x_bias,49,init_hard,N1,log_loss,0.6241855730151086,0.8942044151403363,0.6372951328182279,0.5575079149706015,0.0071609699511460696,0.28328674733110887,0.012498566635238805,0.05741771596366218,"[[2106, 999], [1162, 1691]]","[[211, 134], [159, 158]]"
disclosure_x_bias,50,init_hard,N1,log_loss,0.6239656553087819,0.8940451034133947,0.6374629180531273,0.5575079149706015,0.007162931463682959,0.2833994717321662,0.012712518719615876,0.05741771596366218,"[[2107, 998], [1162, 1691]]","[[211, 134], [159, 158]]"
disclosure_x_bias,51,init_hard,N1,log_loss,0.6237218350328024,0.8940650078948187,0.6379662737578252,0.5575079149706015,0.007189853581479917,0.2834150746822517,0.012545738250678982,0.05741771596366218,"[[2110, 995], [1162, 1691]]","[[211, 134], [159, 158]]"
disclosure_x_bias,52,init_hard,N1,log_loss,0.623506563233098,0.8940918103639957,0.6381340589927247,0.5590230664857531,0.007190077445537563,0.2834497000764615,0.012501331892314511,0.06155744664280422,"[[2114, 991], [1165, 1688]]","[[212, 133], [159, 158]]"
disclosure_x_bias,53,init_hard,N1,log_loss,0.6232888002494433,0.894270286990808,0.6384696294625233,0.5590230664857531,0.007186733018736573,0.2834053415763319,0.012479900393805775,0.06155744664280422,"[[2115, 990], [1164, 1689]]","[[212, 133], [159, 158]]"
disclosure_x_bias,54,init_hard,N1,log_loss,0.6230706060791882,0.8942388716556342,0.6386374146974225,0.5544776119402985,0.0072050166545930255,0.2833514892143645,0.01284846846933222,0.04949227103215141,"[[2125, 980], [1173, 1680]]","[[211, 134], [161, 156]]"
disclosure_x_bias,55,init_hard,N1,log_loss,0.622848987692332,0.8943609566043473,0.6386374146974225,0.5544776119402985,0.007221600211723639,0.28310347040854233,0.0126769065583249,0.04949227103215141,"[[2126, 979], [1174, 1679]]","[[211, 134], [161, 156]]"
disclosure_x_bias,56,init_hard,N1,log_loss,0.6226348199240452,0.8945614607384904,0.6393099655969771,0.5575305291723203,0.007228939866191166,0.2833706397631215,0.011175886394523478,0.06310791378440547,"[[2121, 984], [1165, 1688]]","[[212, 133], [160, 157]]"
disclosure_x_bias,57,init_hard,N1,log_loss,0.6224350996487511,0.8944058575779341,0.6394777508318763,0.5575305291723203,0.007224508087831086,0.2833198193353775,0.011243450141738526,0.06310791378440547,"[[2121, 984], [1164, 1689]]","[[212, 133], [160, 157]]"
disclosure_x_bias,58,init_hard,N1,log_loss,0.6222322410221176,0.8943137991882978,0.639813321301675,0.5560153776571687,0.007213557831245263,0.2830645634555787,0.010891363737131059,0.0590343821290809,"[[2122, 983], [1163, 1690]]","[[211, 134], [160, 157]]"
disclosure_x_bias,59,init_hard,N1,log_loss,0.6220331475309763,0.8942196298664058,0.6401488917714737,0.5545002261420172,0.007214010442125692,0.28280668315284635,0.011178861269775846,0.057788516696348755,"[[2127, 978], [1166, 1687]]","[[211, 134], [161, 156]]"
disclosure_x_bias,60,init_hard,N1,log_loss,0.6218158225427541,0.8943003564366279,0.6399811065365744,0.5575305291723203,0.007239970046768152,0.2825481650094186,0.011150248487195896,0.0576143311106304,"[[2125, 980], [1165, 1688]]","[[212, 133], [160, 157]]"
disclosure_x_bias,61,init_hard,N1,log_loss,0.6216171906146425,0.8940590716929881,0.6399811065365744,0.5575305291723203,0.007246175726423922,0.2825390387151179,0.011150248487195896,0.0576143311106304,"[[2125, 980], [1165, 1688]]","[[212, 133], [160, 157]]"
disclosure_x_bias,62,init_hard,N1,log_loss,0.6214073768947518,0.8942069142377284,0.6403166770063731,0.5560153776571687,0.007263929079884417,0.28255321893103813,0.011148635908302762,0.0590343821290809,"[[2126, 979], [1164, 1689]]","[[211, 134], [160, 157]]"
disclosure_x_bias,63,init_hard,N1,log_loss,0.6212151357365563,0.8943458552369845,0.6406522474761717,0.5560153776571687,0.007261971378208536,0.2824996081319766,0.011657282547532552,0.0590343821290809,"[[2126, 979], [1162, 1691]]","[[211, 134], [160, 157]]"
disclosure_x_bias,64,init_hard,N1,log_loss,0.6210095328080529,0.8943560503558736,0.6404844622412724,0.5560153776571687,0.0072727406167484515,0.2825815173654786,0.01163791294279155,0.0590343821290809,"[[2125, 980], [1162, 1691]]","[[211, 134], [160, 157]]"
disclosure_x_bias,65,init_hard,N1,log_loss,0.6208231757550767,0.8943902694927133,0.6406522474761717,0.5499547715965626,0.007274539986552407,0.28277545033412166,0.011737505217450959,0.048601591341723795,"[[2140, 965], [1176, 1677]]","[[211, 134], [164, 153]]"
disclosure_x_bias,66,init_hard,N1,log_loss,0.620618177642111,0.894315384265221,0.6406522474761717,0.5514699231117142,0.00729456840839722,0.2828589273662187,0.011657282547532552,0.04971870523831893,"[[2138, 967], [1174, 1679]]","[[211, 134], [163, 154]]"
disclosure_x_bias,67,init_hard,N1,log_loss,0.6204266005534007,0.8943112918401775,0.6411556031808697,0.5499547715965626,0.007298738995230764,0.2827847943271196,0.011858504070331594,0.048601591341723795,"[[2140, 965], [1173, 1680]]","[[211, 134], [164, 153]]"
disclosure_x_bias,68,init_hard,N1,log_loss,0.6202437205521556,0.8943612885145462,0.6414914556426597,0.5514699231117142,0.007293338108486783,0.2828845671641674,0.010727479844620988,0.04920299226718318,"[[2141, 964], [1172, 1681]]","[[212, 133], [164, 153]]"
disclosure_x_bias,69,init_hard,N1,log_loss,0.6200424796942459,0.8943632987822788,0.6416592408775591,0.5514699231117142,0.007298333863973255,0.28295769165660783,0.011215602324909967,0.04920299226718318,"[[2142, 963], [1172, 1681]]","[[212, 133], [164, 153]]"
disclosure_x_bias,70,init_hard,N1,log_loss,0.6198426665398056,0.8941854466739756,0.6418270261124583,0.5514699231117142,0.0072891521454234096,0.28309298664153704,0.011327193856708736,0.04920299226718318,"[[2143, 962], [1172, 1681]]","[[212, 133], [164, 153]]"
disclosure_x_bias,71,init_hard,N1,log_loss,0.6196606706818127,0.8940595564099525,0.6414914556426597,0.5499547715965626,0.007290161561125298,0.28298752169791497,0.01151501421156065,0.048601591341723795,"[[2141, 964], [1172, 1681]]","[[211, 134], [164, 153]]"
disclosure_x_bias,72,init_hard,N1,log_loss,0.6194649655125968,0.8945761939276032,0.6418270261124583,0.5499547715965626,0.007282838182824844,0.2830461340626635,0.01189297553281897,0.048601591341723795,"[[2142, 963], [1171, 1682]]","[[211, 134], [164, 153]]"
disclosure_x_bias,73,init_hard,N1,log_loss,0.6192688627496582,0.8946701748368548,0.6423306638091478,0.5514699231117142,0.007290108907479328,0.2830369405286447,0.011412200373937004,0.04920299226718318,"[[2143, 962], [1169, 1684]]","[[212, 133], [164, 153]]"
disclosure_x_bias,74,init_hard,N1,log_loss,0.6190838704788965,0.8946011914736847,0.6424981670520558,0.5499547715965626,0.007296857890768746,0.28294324164025186,0.01132952347480812,0.045343394951919955,"[[2142, 963], [1167, 1686]]","[[211, 134], [164, 153]]"
disclosure_x_bias,75,init_hard,N1,log_loss,0.6188874546331468,0.8947019231062917,0.642666516270938,0.5499547715965626,0.007316612904215142,0.282716098064891,0.011489011216421716,0.045343394951919955,"[[2141, 964], [1165, 1688]]","[[211, 134], [164, 153]]"
disclosure_x_bias,76,init_hard,N1,log_loss,0.6186951940781545,0.8945389767196534,0.6428343015058372,0.5499547715965626,0.007339305292473183,0.2829744284957416,0.011418573048434863,0.045343394951919955,"[[2143, 962], [1166, 1687]]","[[211, 134], [164, 153]]"
disclosure_x_bias,77,init_hard,N1,log_loss,0.6185216165863777,0.8945260107625537,0.6431698719756358,0.5469244685662595,0.007341291233470281,0.28298820615404846,0.011351025813917196,0.04443078407302662,"[[2145, 960], [1166, 1687]]","[[210, 135], [165, 152]]"
disclosure_x_bias,78,init_hard,N1,log_loss,0.618327893217409,0.8946731524264477,0.6448499802605606,0.5514246947082768,0.00734520479961666,0.2831134037240092,0.01075157014711438,0.04135675251873549,"[[2173, 932], [1184, 1669]]","[[214, 131], [166, 151]]"
disclosure_x_bias,79,init_hard,N1,log_loss,0.6181433609820137,0.8945055574293843,0.6451855507303592,0.5514246947082768,0.007350545225864978,0.28323107053336305,0.010726486415790779,0.04135675251873549,"[[2169, 936], [1178, 1675]]","[[213, 132], [165, 152]]"
disclosure_x_bias,80,init_hard,N1,log_loss,0.6179738211359014,0.8947793420285167,0.6455211212001579,0.5514246947082768,0.007345184223691732,0.28299657650033333,0.009643557896372355,0.04135675251873549,"[[2168, 937], [1175, 1678]]","[[213, 132], [165, 152]]"
disclosure_x_bias,81,init_hard,N1,log_loss,0.6178029168933826,0.8947124263409588,0.6458566916699565,0.5514246947082768,0.007332229576089167,0.28300302549245243,0.009458149468147468,0.04135675251873549,"[[2172, 933], [1177, 1676]]","[[214, 131], [166, 151]]"
disclosure_x_bias,82,init_hard,N1,log_loss,0.6176431753098255,0.8948347496485807,0.646024476904856,0.5514246947082768,0.0073313915252477095,0.28291151746574383,0.009409056230243894,0.04135675251873549,"[[2172, 933], [1176, 1677]]","[[214, 131], [166, 151]]"
disclosure_x_bias,83,init_hard,N1,log_loss,0.6174750912138907,0.8946340755521011,0.6458566916699565,0.5514246947082768,0.007335488107213565,0.28298952724166215,0.009458149468147468,0.04135675251873549,"[[2172, 933], [1177, 1676]]","[[214, 131], [166, 151]]"
disclosure_x_bias,84,init_hard,N1,log_loss,0.6173127205563068,0.8948292055032436,0.6458566916699565,0.5529398462234283,0.00733686409280269,0.2829539026538937,0.00958952455255528,0.04550101894582413,"[[2160, 945], [1165, 1688]]","[[213, 132], [164, 153]]"
disclosure_x_bias,85,init_hard,N1,log_loss,0.6171449198250192,0.894604495345888,0.6466956178444532,0.5499095431931252,0.007337581995127014,0.2826925044207702,0.009444814047460507,0.04594067642499291,"[[2163, 942], [1163, 1690]]","[[212, 133], [165, 152]]"
disclosure_x_bias,86,init_hard,N1,log_loss,0.6169675183052001,0.8946143125927992,0.6468634030793525,0.5499095431931252,0.007354249148025966,0.28251756327948885,0.009412282342554354,0.04594067642499291,"[[2162, 943], [1161, 1692]]","[[212, 133], [165, 152]]"
disclosure_x_bias,87,init_hard,N1,log_loss,0.6167964606476068,0.8945952254958381,0.6470311883142519,0.5514246947082768,0.007351553456552414,0.2823280836875233,0.009207988837333324,0.045469631586460134,"[[2164, 941], [1162, 1691]]","[[213, 132], [165, 152]]"
disclosure_x_bias,88,init_hard,N1,log_loss,0.6166117896143818,0.8946164734175932,0.6470311883142519,0.5499095431931252,0.00735549393785922,0.2825374835048999,0.009704175395769742,0.04594067642499291,"[[2162, 943], [1160, 1693]]","[[212, 133], [165, 152]]"
disclosure_x_bias,89,init_hard,N1,log_loss,0.616448059528245,0.8947864922628668,0.6468634030793525,0.5499095431931252,0.007357930458791828,0.28227825762290915,0.009412282342554354,0.04594067642499291,"[[2163, 942], [1162, 1691]]","[[212, 133], [165, 152]]"
disclosure_x_bias,90,init_hard,N1,log_loss,0.6162954857737821,0.8948028254426419,0.6470309063222605,0.5514246947082768,0.0073542666477660204,0.2823634335225525,0.009151808177732312,0.045469631586460134,"[[2164, 941], [1162, 1691]]","[[213, 132], [165, 152]]"
disclosure_x_bias,91,init_hard,N1,log_loss,0.6161044191960218,0.8948329739574001,0.6471986915571598,0.5499095431931252,0.007347824604949431,0.2819750363920608,0.009281439129142614,0.04594067642499291,"[[2164, 941], [1161, 1692]]","[[212, 133], [165, 152]]"
disclosure_x_bias,92,init_hard,N1,log_loss,0.6159547946624098,0.8949695818958234,0.6480376177316565,0.5483943916779738,0.007342623557938102,0.28178061219974393,0.01026094926708943,0.04232488825972103,"[[2160, 945], [1152, 1701]]","[[210, 135], [164, 153]]"
disclosure_x_bias,93,init_hard,N1,log_loss,0.6157929196365197,0.8949431021104838,0.6482056849585472,0.5483943916779738,0.0073524990512476365,0.2817514573024631,0.010256899290822186,0.04232488825972103,"[[2159, 946], [1150, 1703]]","[[210, 135], [164, 153]]"
disclosure_x_bias,94,init_hard,N1,log_loss,0.6156275683103746,0.8955511489067621,0.6482056849585472,0.5483943916779738,0.007332829267546698,0.28182375185166136,0.010256899290822186,0.04232488825972103,"[[2160, 945], [1151, 1702]]","[[210, 135], [164, 153]]"
disclosure_x_bias,95,init_hard,N1,log_loss,0.6154643517186287,0.895475034814722,0.6482056849585472,0.5483943916779738,0.007345632749770083,0.28184292520980064,0.010256899290822186,0.04232488825972103,"[[2159, 946], [1150, 1703]]","[[210, 135], [164, 153]]"
disclosure_x_bias,96,init_hard,N1,log_loss,0.6153177944097672,0.8955897543788544,0.6482059669505386,0.5483943916779738,0.007343428148852462,0.28180849415671977,0.010576728890375892,0.04232488825972103,"[[2159, 946], [1150, 1703]]","[[210, 135], [164, 153]]"
disclosure_x_bias,97,init_hard,N1,log_loss,0.6151640257446124,0.8954643228199128,0.6473659128080762,0.5513794663048394,0.007338512833539107,0.2818684864319739,0.010934922927838013,0.041327834323559444,"[[2167, 938], [1163, 1690]]","[[212, 133], [164, 153]]"
disclosure_x_bias,98,init_hard,N1,log_loss,0.6150014982001913,0.8955534800381034,0.6482048389825729,0.5513794663048394,0.007334764196433685,0.28167841149382133,0.010618534005458508,0.041327834323559444,"[[2169, 936], [1160, 1693]]","[[212, 133], [164, 153]]"
disclosure_x_bias,99,init_hard,N1,log_loss,0.6148559719550637,0.8953851281430152,0.6487090406632452,0.5483943916779738,0.007328448194334043,0.28167120399044304,0.010105069405279098,0.04232488825972103,"[[2162, 943], [1150, 1703]]","[[210, 135], [164, 153]]"
disclosure_x_bias,100,init_hard,N1,log_loss,0.6147107249968208,0.8957133481405641,0.6482051209745643,0.5528946178199909,0.007322143704995868,0.28163953564223954,0.009874930454036908,0.04011193210880474,"[[2169, 936], [1160, 1693]]","[[213, 132], [164, 153]]"
disclosure_x_bias,101,init_hard,N1,log_loss,0.6145600377352324,0.8958085205459826,0.6487093226552366,0.5483943916779738,0.007320702207461077,0.2815541444979358,0.010094243474154064,0.04232488825972103,"[[2162, 943], [1150, 1703]]","[[210, 135], [164, 153]]"
disclosure_x_bias,102,init_hard,N1,log_loss,0.6144135657517702,0.895973442102272,0.6482051209745643,0.5513794663048394,0.007317300816056144,0.2816965039758504,0.010125168197938723,0.041327834323559444,"[[2170, 935], [1161, 1692]]","[[212, 133], [164, 153]]"
disclosure_x_bias,103,init_hard,N1,log_loss,0.6142664310772676,0.8957661703213311,0.6482051209745643,0.5513794663048394,0.0073183577714725405,0.2818689249419825,0.010278473537658801,0.041327834323559444,"[[2173, 932], [1164, 1689]]","[[212, 133], [164, 153]]"
disclosure_x_bias,104,init_hard,N1,log_loss,0.6141035505725663,0.8958629335678083,0.648540691444363,0.5513794663048394,0.007326640063966285,0.2818552335191513,0.01006752722174236,0.041327834323559444,"[[2172, 933], [1161, 1692]]","[[212, 133], [164, 153]]"
disclosure_x_bias,105,init_hard,N1,log_loss,0.6139486957210514,0.8959490692220278,0.6490440471490609,0.5528946178199909,0.007335462398628238,0.2817019478826734,0.009956907966950085,0.04011193210880474,"[[2172, 933], [1158, 1695]]","[[213, 132], [164, 153]]"
disclosure_x_bias,106,init_hard,N1,log_loss,0.6137966903841259,0.8959022620297421,0.6490440471490609,0.5513794663048394,0.007336130828564749,0.28170687595738353,0.010447467415181632,0.041327834323559444,"[[2171, 934], [1157, 1696]]","[[212, 133], [164, 153]]"
disclosure_x_bias,107,init_hard,N1,log_loss,0.6136026266021501,0.8957723630618597,0.6492118323839604,0.5528946178199909,0.007350652852520264,0.2818022429110057,0.010007663384151187,0.041364205571509154,"[[2167, 938], [1152, 1701]]","[[212, 133], [163, 154]]"
disclosure_x_bias,108,init_hard,N1,log_loss,0.6134457429877862,0.8957433015692488,0.6497151880886582,0.5544097693351425,0.007343958017317654,0.2816949060224929,0.010562966563683236,0.040085822804762486,"[[2173, 932], [1155, 1698]]","[[213, 132], [163, 154]]"
disclosure_x_bias,109,init_hard,N1,log_loss,0.6133033843928224,0.8956922137568469,0.6502185437933563,0.5544097693351425,0.0073433686411434,0.2815113173466674,0.010150992085856398,0.040085822804762486,"[[2172, 933], [1151, 1702]]","[[213, 132], [163, 154]]"
disclosure_x_bias,110,init_hard,N1,log_loss,0.6131597697650879,0.8958845688286494,0.6493796176188595,0.5544097693351425,0.007346739432982503,0.2814352953671958,0.010270504317365035,0.040085822804762486,"[[2175, 930], [1159, 1694]]","[[213, 132], [163, 154]]"
disclosure_x_bias,111,init_hard,N1,log_loss,0.6130227176498273,0.896044338508311,0.6507218994980543,0.5544097693351425,0.007348440592267726,0.28130164386246687,0.010557590103969679,0.040085822804762486,"[[2173, 932], [1149, 1704]]","[[212, 133], [162, 155]]"
disclosure_x_bias,112,init_hard,N1,log_loss,0.6128844449394423,0.8960925560230002,0.6503863290282557,0.5544097693351425,0.007348548076452295,0.2813994338797404,0.010148518848474012,0.040085822804762486,"[[2171, 934], [1149, 1704]]","[[212, 133], [162, 155]]"
disclosure_x_bias,113,init_hard,N1,log_loss,0.6127405378083364,0.8963763277374923,0.6512252552027522,0.5544097693351425,0.007341072729122259,0.2813352516501347,0.009774816450831923,0.040085822804762486,"[[2177, 928], [1150, 1703]]","[[212, 133], [162, 155]]"
disclosure_x_bias,114,init_hard,N1,log_loss,0.6126061959434921,0.8961519092884256,0.650050758558457,0.5544097693351425,0.007339631785034838,0.28153976937749065,0.010807100901452772,0.040085822804762486,"[[2174, 931], [1154, 1699]]","[[212, 133], [162, 155]]"
disclosure_x_bias,115,init_hard,N1,log_loss,0.6124695663166221,0.8961022407652145,0.6515608256725509,0.5544097693351425,0.007337856171912063,0.28159553687492583,0.010967353564904954,0.04133888720074022,"[[2176, 929], [1147, 1706]]","[[212, 133], [162, 155]]"
disclosure_x_bias,116,init_hard,N1,log_loss,0.6123205645865586,0.8962550417999708,0.6513930404376516,0.5528946178199909,0.007336086492682621,0.28147815163792445,0.011102853584599537,0.041364205571509154,"[[2176, 929], [1148, 1705]]","[[211, 134], [162, 155]]"
disclosure_x_bias,117,init_hard,N1,log_loss,0.6121640079561314,0.896205750571502,0.651057469967853,0.5544097693351425,0.0073507685080237,0.28146609591762645,0.010322073311793986,0.040085822804762486,"[[2181, 924], [1155, 1698]]","[[213, 132], [163, 154]]"
disclosure_x_bias,118,init_hard,N1,log_loss,0.61202162226889,0.8963215586314632,0.6518963961423496,0.555924920850294,0.007355825015609678,0.2817133106419538,0.010594212837225865,0.03999597182361288,"[[2178, 927], [1147, 1706]]","[[213, 132], [162, 155]]"
disclosure_x_bias,119,init_hard,N1,log_loss,0.6118843651815558,0.8963023541833948,0.6517286109074503,0.5528946178199909,0.0073528012064107365,0.28147955305524885,0.010141056637341302,0.03236973694158581,"[[2176, 929], [1146, 1707]]","[[211, 134], [162, 155]]"
disclosure_x_bias,120,init_hard,N1,log_loss,0.6117415253032623,0.8965448577411955,0.6522319666121482,0.5498643147896879,0.00735825497444697,0.28115253845022964,0.010040598630421524,0.032197563945762224,"[[2178, 927], [1145, 1708]]","[[210, 135], [163, 154]]"
disclosure_x_bias,121,init_hard,N1,log_loss,0.6116103980647012,0.8963593854004053,0.6529031075517455,0.5513794663048394,0.007356096344616288,0.2814998009752193,0.009733045917481717,0.029862127342001468,"[[2177, 928], [1140, 1713]]","[[210, 135], [162, 155]]"
disclosure_x_bias,122,init_hard,N1,log_loss,0.6114813053250732,0.8964823872441627,0.653406745248435,0.5513794663048394,0.007355076089769465,0.28146214982652096,0.009315900814026973,0.029862127342001468,"[[2171, 934], [1131, 1722]]","[[209, 136], [161, 156]]"
disclosure_x_bias,123,init_hard,N1,log_loss,0.6113487373530304,0.8965508929997019,0.6532389600135355,0.5528946178199909,0.007350429878989468,0.2813786600395955,0.009576845968473881,0.029912443264909053,"[[2176, 929], [1137, 1716]]","[[210, 135], [161, 156]]"
disclosure_x_bias,124,init_hard,N1,log_loss,0.6112152054132246,0.8965156599614993,0.6532389600135355,0.5513794663048394,0.007342934133148326,0.2813789648937022,0.009378826900551694,0.031524229640874965,"[[2176, 929], [1137, 1716]]","[[209, 136], [161, 156]]"
disclosure_x_bias,125,init_hard,N1,log_loss,0.6110890629665585,0.8965949168265175,0.6537423157182336,0.5544097693351425,0.00733662879031692,0.28127837955205165,0.009643854046672458,0.03944436572445375,"[[2179, 926], [1137, 1716]]","[[211, 134], [161, 156]]"
disclosure_x_bias,126,init_hard,N1,log_loss,0.6109387911584341,0.8964621505288074,0.6530711747786363,0.555924920850294,0.007350786707810795,0.2813934524200961,0.010048013326291372,0.039353050194170236,"[[2176, 929], [1138, 1715]]","[[212, 133], [161, 156]]"
disclosure_x_bias,127,init_hard,N1,log_loss,0.6107895642569483,0.8970187463463384,0.6532389600135355,0.5544097693351425,0.007335710818205846,0.2814396833059271,0.010481331242982901,0.03944436572445375,"[[2175, 930], [1136, 1717]]","[[211, 134], [161, 156]]"
disclosure_x_bias,128,init_hard,N1,log_loss,0.6106635695702858,0.8969538494572703,0.6534067452484349,0.5528946178199909,0.007335977331205822,0.2815051850522397,0.010779104226146656,0.03236973694158582,"[[2173, 932], [1133, 1720]]","[[209, 136], [160, 157]]"
disclosure_x_bias,129,init_hard,N1,log_loss,0.6105391893603253,0.8969219906918818,0.6534067452484349,0.5498643147896879,0.007330984670066744,0.2814395569733442,0.01120593814017998,0.03139534872415173,"[[2171, 934], [1131, 1722]]","[[208, 137], [161, 156]]"
disclosure_x_bias,130,init_hard,N1,log_loss,0.6104101285219129,0.8973331864246594,0.653910100953133,0.5513794663048394,0.007329390481841016,0.2812079051405502,0.011030346004230057,0.031524229640874986,"[[2169, 936], [1126, 1727]]","[[208, 137], [160, 157]]"
disclosure_x_bias,131,init_hard,N1,log_loss,0.6102622809410597,0.897300438398078,0.6547490271276295,0.5468340117593848,0.007324402609669196,0.2812869209527644,0.010876074314138354,0.03170426307932876,"[[2171, 934], [1123, 1730]]","[[207, 138], [162, 155]]"
disclosure_x_bias,132,init_hard,N1,log_loss,0.610138929963382,0.8975221899711181,0.6547490271276295,0.5483491632745364,0.007319789230687005,0.2812955506312598,0.011018937322376528,0.03277937878269265,"[[2167, 938], [1119, 1734]]","[[207, 138], [161, 156]]"
disclosure_x_bias,133,init_hard,N1,log_loss,0.6100071974988575,0.8974299164609411,0.654916812362529,0.5483491632745363,0.007311271916393882,0.2811999971246415,0.009920042480285914,0.03199175629515963,"[[2170, 935], [1121, 1732]]","[[208, 137], [162, 155]]"
disclosure_x_bias,134,init_hard,N1,log_loss,0.6098705125188991,0.8975113131068939,0.6552523828323276,0.5483491632745363,0.007316299093782202,0.2811158452700348,0.010506219691523965,0.030355264218717933,"[[2167, 938], [1116, 1737]]","[[208, 137], [162, 155]]"
disclosure_x_bias,135,init_hard,N1,log_loss,0.6097365926356335,0.8975218434153748,0.654916812362529,0.5483491632745363,0.00731238045510957,0.28123649654148686,0.010138364016427941,0.03199175629515963,"[[2167, 938], [1118, 1735]]","[[208, 137], [162, 155]]"
disclosure_x_bias,136,init_hard,N1,log_loss,0.6096057521902745,0.8974012516237279,0.6554204500592183,0.5483491632745364,0.0073130169544669,0.2811046828429546,0.009654751370110605,0.03503617103751925,"[[2166, 939], [1114, 1739]]","[[207, 138], [161, 156]]"
disclosure_x_bias,137,init_hard,N1,log_loss,0.6094802027587016,0.8976826174390057,0.6545815238847217,0.5498643147896879,0.007313691005142515,0.2809539644826843,0.009986104217610016,0.03139534872415173,"[[2167, 938], [1120, 1733]]","[[208, 137], [161, 156]]"
disclosure_x_bias,138,init_hard,N1,log_loss,0.6093495601188006,0.8976626544180913,0.6545815238847217,0.5498643147896879,0.00730755535578233,0.28101193302600874,0.009667797214948369,0.03374482966473764,"[[2167, 938], [1120, 1733]]","[[208, 137], [161, 156]]"
disclosure_x_bias,139,init_hard,N1,log_loss,0.6092247944634848,0.8974928577020924,0.6545815238847217,0.5528946178199909,0.007301825369850971,0.2810082835801676,0.009570240887913004,0.032369736941585826,"[[2163, 942], [1116, 1737]]","[[209, 136], [160, 157]]"
disclosure_x_bias,140,init_hard,N1,log_loss,0.6090966908440552,0.897714842811822,0.6555879533021262,0.5498643147896879,0.007301320182677696,0.28109266521218634,0.009725098201024403,0.03374482966473764,"[[2166, 939], [1113, 1740]]","[[208, 137], [161, 156]]"
disclosure_x_bias,141,init_hard,N1,log_loss,0.608974276323508,0.8975900205717936,0.6544137386498223,0.5498643147896879,0.00729964999664986,0.2812088903589807,0.01046276510513827,0.030572090523559872,"[[2168, 937], [1122, 1731]]","[[209, 136], [162, 155]]"
disclosure_x_bias,142,init_hard,N1,log_loss,0.6088403193668188,0.8976582816214643,0.6554201680672269,0.5498643147896879,0.007310376033088758,0.28121212962068404,0.010651681969654117,0.03374482966473764,"[[2167, 938], [1115, 1738]]","[[208, 137], [161, 156]]"
disclosure_x_bias,143,init_hard,N1,log_loss,0.6087082459338533,0.8977097493554445,0.655252664824319,0.5498643147896879,0.007319036744204702,0.28105934775845887,0.010933422726956854,0.03374482966473764,"[[2168, 937], [1117, 1736]]","[[208, 137], [161, 156]]"
disclosure_x_bias,144,init_hard,N1,log_loss,0.6085878240895053,0.8979629548496348,0.6552523828323276,0.5498643147896879,0.007315911750850456,0.2811725073547744,0.010565597337476343,0.03374482966473764,"[[2166, 939], [1115, 1738]]","[[208, 137], [161, 156]]"
disclosure_x_bias,145,init_hard,N1,log_loss,0.6084683938689818,0.8979754289190914,0.6562599402176978,0.5498643147896879,0.007311193174041965,0.28121687769810627,0.010857033509671685,0.03374482966473764,"[[2165, 940], [1108, 1745]]","[[208, 137], [161, 156]]"
disclosure_x_bias,146,init_hard,N1,log_loss,0.6083316717244639,0.8979763020113871,0.6562596582257064,0.5468340117593848,0.007319243411588753,0.281111275898668,0.01148319785617619,0.034773856667397504,"[[2164, 941], [1107, 1746]]","[[206, 139], [161, 156]]"
disclosure_x_bias,147,init_hard,N1,log_loss,0.608213560143033,0.8980761604646906,0.6560918729908071,0.5453188602442334,0.007319473684179618,0.2807711290842596,0.010998472559558,0.03368667705927253,"[[2169, 936], [1113, 1740]]","[[207, 138], [163, 154]]"
disclosure_x_bias,148,init_hard,N1,log_loss,0.6080929815087383,0.8979776785662998,0.6560918729908071,0.5468340117593848,0.007311493562897754,0.2807733302496568,0.011139765970214672,0.034773856667397504,"[[2166, 939], [1110, 1743]]","[[207, 138], [162, 155]]"
disclosure_x_bias,149,init_hard,N1,log_loss,0.6079606674190428,0.8982214449361253,0.6565955106874964,0.5468340117593848,0.007314027413573785,0.2805949893345314,0.01121244897561441,0.034773856667397504,"[[2164, 941], [1105, 1748]]","[[206, 139], [161, 156]]"
disclosure_x_bias,150,init_hard,N1,log_loss,0.6078406919347655,0.8982767783019365,0.6574347188539845,0.5468340117593848,0.0073100795122461315,0.2805527779276415,0.011302394759002913,0.034773856667397504,"[[2168, 937], [1104, 1749]]","[[206, 139], [161, 156]]"
disclosure_x_bias,151,init_hard,N1,log_loss,0.6077237684480419,0.8981464419643854,0.6569313631492866,0.5468340117593848,0.007303646048570079,0.28055230459238434,0.010662797894473572,0.032498853824921924,"[[2162, 943], [1101, 1752]]","[[205, 140], [160, 157]]"
disclosure_x_bias,152,init_hard,N1,log_loss,0.6076038556475626,0.898401067729351,0.6565957926794879,0.5483491632745364,0.007301651164911664,0.2804665307507269,0.011368772065908727,0.0357567963260225,"[[2163, 942], [1104, 1749]]","[[206, 139], [160, 157]]"
disclosure_x_bias,153,init_hard,N1,log_loss,0.6074629501943252,0.8983839270882946,0.6570991483841858,0.5468340117593848,0.007314683567797409,0.2804526372717849,0.011397809495755628,0.034773856667397476,"[[2172, 933], [1110, 1743]]","[[206, 139], [161, 156]]"
disclosure_x_bias,154,init_hard,N1,log_loss,0.6073531350907285,0.8984085003054506,0.6579380745586826,0.5453188602442334,0.0073089956932435324,0.28055209725849867,0.010663192314340769,0.03368667705927253,"[[2176, 929], [1109, 1744]]","[[206, 139], [162, 155]]"
disclosure_x_bias,155,init_hard,N1,log_loss,0.6072337154800345,0.8985877242793773,0.6574347188539845,0.5468340117593848,0.007309753847051643,0.28055488751699786,0.011357610760166859,0.034773856667397504,"[[2167, 938], [1103, 1750]]","[[206, 139], [161, 156]]"
disclosure_x_bias,156,init_hard,N1,log_loss,0.6071120722994444,0.8985072007302419,0.6582736450284812,0.5453188602442334,0.007312719403538146,0.2804575277557461,0.009401629158485029,0.028787167212381174,"[[2170, 935], [1101, 1752]]","[[206, 139], [162, 155]]"
disclosure_x_bias,157,init_hard,N1,log_loss,0.6069984012037982,0.8983524704937549,0.6564277254525972,0.5498643147896879,0.007307944608843511,0.28043773969240676,0.010633438294591064,0.034492444558664015,"[[2169, 936], [1111, 1742]]","[[208, 137], [161, 156]]"
disclosure_x_bias,158,init_hard,N1,log_loss,0.6068827050180252,0.8984551360230688,0.6564277254525972,0.5468340117593848,0.007306808998565591,0.2803767894633738,0.010808496409688045,0.034773856667397476,"[[2170, 935], [1112, 1741]]","[[207, 138], [162, 155]]"
disclosure_x_bias,159,init_hard,N1,log_loss,0.6067594823878617,0.8983459140074931,0.6564277254525972,0.5468340117593848,0.007304182678708372,0.28047942146840127,0.0114274554665757,0.034773856667397476,"[[2170, 935], [1112, 1741]]","[[207, 138], [162, 155]]"
disclosure_x_bias,160,init_hard,N1,log_loss,0.6066420495319477,0.8984568131337977,0.6569313631492866,0.5453188602442334,0.007300593668517863,0.2803618857956853,0.011400034759726113,0.03368667705927253,"[[2173, 932], [1112, 1741]]","[[207, 138], [163, 154]]"
disclosure_x_bias,161,init_hard,N1,log_loss,0.6065134010771406,0.8987715261927148,0.6569313631492866,0.5438037087290819,0.007285974120780093,0.2806124942471841,0.010952225043067518,0.03003691374330314,"[[2173, 932], [1112, 1741]]","[[206, 139], [163, 154]]"
disclosure_x_bias,162,init_hard,N1,log_loss,0.6064005010177153,0.8986608393166214,0.6579380745586826,0.5422885572139303,0.007283117863620673,0.2807671571007422,0.008834286385196425,0.026749838231788774,"[[2169, 936], [1102, 1751]]","[[205, 140], [163, 154]]"
disclosure_x_bias,163,init_hard,N1,log_loss,0.6062804661979516,0.8987176810353692,0.6579380745586826,0.5422885572139303,0.007281404315319852,0.2806054433289564,0.008834286385196425,0.026749838231788774,"[[2168, 937], [1101, 1752]]","[[205, 140], [163, 154]]"
disclosure_x_bias,164,init_hard,N1,log_loss,0.6061634057017746,0.8988267279437026,0.6584419942473634,0.5422885572139303,0.007274869675679138,0.2805756294759822,0.009009187862201003,0.026749838231788774,"[[2170, 935], [1100, 1753]]","[[205, 140], [163, 154]]"
disclosure_x_bias,165,init_hard,N1,log_loss,0.6060534441413178,0.8990457700635055,0.658274209012464,0.5453188602442334,0.007270519845532482,0.2806305907493814,0.009005070124857392,0.03368667705927253,"[[2168, 937], [1099, 1754]]","[[205, 140], [161, 156]]"
disclosure_x_bias,166,init_hard,N1,log_loss,0.6059467161359249,0.8989275126391127,0.6584419942473634,0.5438037087290819,0.007265936351349313,0.2806743450669674,0.009009187862201003,0.025438949950240927,"[[2171, 934], [1101, 1752]]","[[206, 139], [163, 154]]"
disclosure_x_bias,167,init_hard,N1,log_loss,0.605836990310882,0.8989195095453134,0.658274209012464,0.5438037087290819,0.007263056967229896,0.28071415394439714,0.009005070124857392,0.025438949950240927,"[[2172, 933], [1103, 1750]]","[[206, 139], [163, 154]]"
disclosure_x_bias,168,init_hard,N1,log_loss,0.6057222797466328,0.8990483035784871,0.6584419942473634,0.5438037087290819,0.007267893698899369,0.28065018912251605,0.009009187862201003,0.025438949950240927,"[[2171, 934], [1101, 1752]]","[[206, 139], [163, 154]]"
disclosure_x_bias,169,init_hard,N1,log_loss,0.6056103893417992,0.8990988397419428,0.6579386385426653,0.5468340117593848,0.007265236454541953,0.28072821573988666,0.008594979979796562,0.03249885382492192,"[[2169, 936], [1102, 1751]]","[[206, 139], [161, 156]]"
disclosure_x_bias,170,init_hard,N1,log_loss,0.6054990566452993,0.8994128642434038,0.6586097794822627,0.5438037087290819,0.007264238618302923,0.2807855236839357,0.009079002096366418,0.028287555252476754,"[[2169, 936], [1098, 1755]]","[[205, 140], [162, 155]]"
disclosure_x_bias,171,init_hard,N1,log_loss,0.6053864599317713,0.8993675083325027,0.6581064237775648,0.5422885572139303,0.007262041512665126,0.28062850692487434,0.008786408000590983,0.026749838231788774,"[[2172, 933], [1104, 1749]]","[[205, 140], [163, 154]]"
disclosure_x_bias,172,init_hard,N1,log_loss,0.6052823667358368,0.8995942241047825,0.6581064237775648,0.5468340117593848,0.0072588241093510504,0.28074505745809397,0.008678950006548473,0.034773856667397504,"[[2167, 938], [1099, 1754]]","[[205, 140], [160, 157]]"
disclosure_x_bias,173,init_hard,N1,log_loss,0.6051649079872892,0.8996393794440565,0.658274209012464,0.5453188602442334,0.007261027763422584,0.28072832065325204,0.008865037967846337,0.037280936468220456,"[[2166, 939], [1097, 1756]]","[[204, 141], [160, 157]]"
disclosure_x_bias,174,init_hard,N1,log_loss,0.6050584059659527,0.8996766449190667,0.658274209012464,0.5498417005879692,0.0072595741816738535,0.2807386144558539,0.008430998091841259,0.036245360125381605,"[[2163, 942], [1094, 1759]]","[[205, 140], [158, 159]]"
disclosure_x_bias,175,init_hard,N1,log_loss,0.6049451938401813,0.899522428057978,0.658441712255372,0.5468113975576662,0.007256553962037819,0.2809225498136455,0.008811166585686946,0.040486509327259404,"[[2161, 944], [1091, 1762]]","[[204, 141], [159, 158]]"
disclosure_x_bias,176,init_hard,N1,log_loss,0.6048399180294934,0.8996248616757019,0.65928092042186,0.5468113975576662,0.007252706244456566,0.2807250324591348,0.00951979308347176,0.037203244816205135,"[[2169, 936], [1094, 1759]]","[[205, 140], [160, 157]]"
disclosure_x_bias,177,init_hard,N1,log_loss,0.6047323636544844,0.8995319299558769,0.6589453499520614,0.5468113975576662,0.007246869417548927,0.28074044198205084,0.00934278103211762,0.035086120008679104,"[[2172, 933], [1099, 1754]]","[[205, 140], [160, 157]]"
disclosure_x_bias,178,init_hard,N1,log_loss,0.6046264075330094,0.8997009750322558,0.6589450679600699,0.5468340117593848,0.00724053989881077,0.2805522896181672,0.009420451238091234,0.034773856667397476,"[[2168, 937], [1095, 1758]]","[[205, 140], [160, 157]]"
disclosure_x_bias,179,init_hard,N1,log_loss,0.6045126946708141,0.899554452491811,0.6589453499520614,0.5513342379014021,0.00723944332687293,0.28077351560554614,0.009173852526953628,0.03732903870147658,"[[2164, 941], [1091, 1762]]","[[206, 139], [158, 159]]"
disclosure_x_bias,180,init_hard,N1,log_loss,0.6044075109306078,0.8996582538197238,0.6589450679600699,0.5468113975576662,0.007238036354782598,0.28065994780872056,0.009586132427294065,0.035086120008679104,"[[2172, 933], [1099, 1754]]","[[206, 139], [161, 156]]"
disclosure_x_bias,181,init_hard,N1,log_loss,0.6043023958011176,0.8995606044241914,0.6594487056567593,0.5468340117593848,0.007231471600868242,0.28073999636904573,0.009795695834276157,0.03621120700260367,"[[2168, 937], [1092, 1761]]","[[204, 141], [159, 158]]"
disclosure_x_bias,182,init_hard,N1,log_loss,0.6041862086297595,0.8995804912995314,0.65928092042186,0.5483265490728177,0.007227435453675083,0.28073916189242215,0.009779122655770333,0.0367621345661955,"[[2168, 937], [1093, 1760]]","[[205, 140], [159, 158]]"
disclosure_x_bias,183,init_hard,N1,log_loss,0.6040725396767848,0.8994739013966534,0.6591134171789521,0.5513116236996833,0.00721435515566582,0.2805897939898013,0.00945455922382762,0.03956666079337159,"[[2168, 937], [1094, 1759]]","[[205, 140], [157, 160]]"
disclosure_x_bias,184,init_hard,N1,log_loss,0.6039722165883487,0.8996316536844914,0.6592812024138515,0.5482813206693804,0.007209670522881248,0.2805482073485137,0.00924101615414254,0.03863584870447795,"[[2172, 933], [1097, 1756]]","[[205, 140], [159, 158]]"
disclosure_x_bias,185,init_hard,N1,log_loss,0.6038584716571196,0.8998712832550304,0.6591134171789521,0.5513116236996833,0.007200456796320427,0.28048963245188085,0.009651024546141572,0.03956666079337159,"[[2169, 936], [1095, 1758]]","[[205, 140], [157, 160]]"
disclosure_x_bias,186,init_hard,N1,log_loss,0.6037567072508179,0.899849681820417,0.6601204105803395,0.5467661691542288,0.007196161116218525,0.28056969665902975,0.009646252671901251,0.04096643767172271,"[[2176, 929], [1096, 1757]]","[[204, 141], [159, 158]]"
disclosure_x_bias,187,init_hard,N1,log_loss,0.6036535932988404,0.8998576435265135,0.6597848401105408,0.5497964721845319,0.007193220906897301,0.2804603703676599,0.009169587298881487,0.04196717642681755,"[[2168, 937], [1090, 1763]]","[[204, 141], [157, 160]]"
disclosure_x_bias,188,init_hard,N1,log_loss,0.6035310020767755,0.8992672810273241,0.6602890417912131,0.5497964721845319,0.0071385789533778745,0.2786931890632612,0.009647738102383275,0.04196717642681755,"[[2168, 937], [1087, 1766]]","[[204, 141], [157, 160]]"
disclosure_x_bias,189,init_hard,N1,log_loss,0.6034177985316367,0.8994095872060418,0.6606243302690203,0.5482813206693804,0.007127436936346406,0.2787645265784299,0.009486108620919127,0.04119210622481848,"[[2172, 933], [1089, 1764]]","[[204, 141], [158, 159]]"
disclosure_x_bias,190,init_hard,N1,log_loss,0.6033080412244106,0.8992266606505808,0.6606243302690203,0.5482813206693804,0.007122266844667155,0.2788663320726102,0.009999790792653824,0.04119210622481848,"[[2171, 934], [1088, 1765]]","[[204, 141], [158, 159]]"
disclosure_x_bias,191,init_hard,N1,log_loss,0.6031960900824027,0.8995064280193951,0.6604565450341211,0.5467661691542288,0.007128741276630033,0.2789419042800373,0.009879643107681118,0.04096643767172271,"[[2175, 930], [1093, 1760]]","[[204, 141], [159, 158]]"
disclosure_x_bias,192,init_hard,N1,log_loss,0.6030752467345872,0.8996352149165135,0.6606243302690203,0.5482813206693804,0.007146239904786327,0.278798977857924,0.009905504710016699,0.04119210622481848,"[[2169, 936], [1086, 1767]]","[[204, 141], [158, 159]]"
disclosure_x_bias,193,init_hard,N1,log_loss,0.6029585313840082,0.8995666091151767,0.6609601827308105,0.5467661691542288,0.007160708131875891,0.2789017970793247,0.010186185604594522,0.04096643767172271,"[[2172, 933], [1087, 1766]]","[[204, 141], [159, 158]]"
disclosure_x_bias,194,init_hard,N1,log_loss,0.6028541876311426,0.8997249013309411,0.6606246122610118,0.5482813206693804,0.007158095060918886,0.27867484933603787,0.010328431638594123,0.04119210622481848,"[[2169, 936], [1086, 1767]]","[[204, 141], [158, 159]]"
disclosure_x_bias,195,init_hard,N1,log_loss,0.6027559571253462,0.8994614645208368,0.6611279679657097,0.5467661691542288,0.00715382175269517,0.27899533770823576,0.010563590193058952,0.04096643767172271,"[[2173, 932], [1087, 1766]]","[[204, 141], [159, 158]]"
disclosure_x_bias,196,init_hard,N1,log_loss,0.60265574005892,0.899675665112523,0.6607923974959111,0.5482813206693804,0.007149171095955445,0.2788630198217931,0.010440416811019643,0.04119210622481848,"[[2169, 936], [1085, 1768]]","[[204, 141], [158, 159]]"
disclosure_x_bias,197,init_hard,N1,log_loss,0.6025543854511588,0.8998010156028403,0.6609599007388189,0.5467661691542288,0.007142825690510849,0.2789104811063256,0.009263754596261022,0.04096643767172271,"[[2166, 939], [1081, 1772]]","[[204, 141], [159, 158]]"
disclosure_x_bias,198,init_hard,N1,log_loss,0.602456188129121,0.8998836526273155,0.6612951892166262,0.5482813206693804,0.007139909730220781,0.2787294071499788,0.009733383879397768,0.04119210622481848,"[[2171, 934], [1084, 1769]]","[[204, 141], [158, 159]]"
disclosure_x_bias,199,init_hard,N1,log_loss,0.6023460880548094,0.9000958716150921,0.6616318876543905,0.5513116236996833,0.007126722603316811,0.278823547068118,0.0099323452883718,0.042066393432990484,"[[2165, 940], [1076, 1777]]","[[204, 141], [156, 161]]"
disclosure_x_bias,200,init_hard,N1,log_loss,0.60224190190006,0.9001708658589933,0.6617993908972986,0.5497964721845319,0.0071205744486176935,0.2787373943142391,0.010039877093568366,0.041354911373490774,"[[2167, 938], [1077, 1776]]","[[204, 141], [157, 160]]"
disclosure_x_bias,201,init_hard,N1,log_loss,0.6021337803122837,0.9003157312371608,0.6616318876543906,0.5513116236996833,0.007120074129588639,0.27883220710327383,0.010088581176520504,0.042066393432990484,"[[2165, 940], [1076, 1777]]","[[204, 141], [156, 161]]"
disclosure_x_bias,202,init_hard,N1,log_loss,0.6020196626815542,0.9002459026434545,0.6617999548812814,0.5513116236996833,0.007119589605398334,0.2788597207326106,0.010327748125342248,0.042066393432990484,"[[2163, 942], [1073, 1780]]","[[204, 141], [156, 161]]"
disclosure_x_bias,203,init_hard,N1,log_loss,0.6019187185296748,0.9004091737622361,0.6619671761321978,0.5513116236996833,0.007122291520285074,0.27872482558055595,0.010196345750757911,0.042066393432990484,"[[2164, 941], [1073, 1780]]","[[204, 141], [156, 161]]"
disclosure_x_bias,204,init_hard,N1,log_loss,0.6018226879582194,0.9005242220811395,0.6612954712086176,0.5513116236996833,0.007116617385269558,0.2788063335761602,0.01049884736363596,0.042066393432990484,"[[2161, 944], [1074, 1779]]","[[204, 141], [156, 161]]"
disclosure_x_bias,205,init_hard,N1,log_loss,0.6017260873400364,0.9006353834858487,0.6614638204274998,0.5513116236996833,0.007111117294269245,0.27883854487332066,0.01027723784004676,0.042066393432990484,"[[2162, 943], [1074, 1779]]","[[204, 141], [156, 161]]"
disclosure_x_bias,206,init_hard,N1,log_loss,0.6016301493365327,0.9007187192491986,0.6623030285939879,0.5497964721845319,0.007107313415312747,0.2787171549351028,0.010480011756841634,0.041354911373490774,"[[2166, 939], [1073, 1780]]","[[204, 141], [157, 160]]"
disclosure_x_bias,207,init_hard,N1,log_loss,0.6015281033826633,0.9007133389749772,0.6619671761321978,0.5497964721845319,0.007104806279047784,0.2787186575372236,0.010675908663807857,0.041354911373490774,"[[2168, 937], [1077, 1776]]","[[204, 141], [157, 160]]"
disclosure_x_bias,208,init_hard,N1,log_loss,0.601434222601398,0.9006958286729088,0.6624708138288873,0.5513116236996833,0.007101475315338681,0.2786378301796861,0.009856059076524456,0.04020616680147565,"[[2171, 934], [1077, 1776]]","[[205, 140], [157, 160]]"
disclosure_x_bias,209,init_hard,N1,log_loss,0.6013321327831466,0.9007520261133518,0.6624705318368959,0.5513116236996833,0.007098733842354074,0.2787371312100946,0.009835725618967853,0.04020616680147565,"[[2171, 934], [1077, 1776]]","[[205, 140], [157, 160]]"
disclosure_x_bias,210,init_hard,N1,log_loss,0.6012327751458607,0.9007699295637707,0.6624705318368959,0.5513116236996833,0.007096697708606609,0.2786449917435845,0.009545214583317425,0.04020616680147565,"[[2171, 934], [1077, 1776]]","[[205, 140], [157, 160]]"
disclosure_x_bias,211,init_hard,N1,log_loss,0.6011289808887765,0.9007971052675037,0.6626385990637866,0.5513116236996833,0.0070938627448932715,0.278606963175265,0.009907256869291165,0.04020616680147565,"[[2170, 935], [1075, 1778]]","[[205, 140], [157, 160]]"
disclosure_x_bias,212,init_hard,N1,log_loss,0.6010291858681628,0.9006886944347045,0.6626385990637866,0.5497964721845319,0.007096593905265241,0.27844451847164453,0.009781656992098034,0.04010234768250568,"[[2174, 931], [1079, 1774]]","[[204, 141], [157, 160]]"
disclosure_x_bias,213,init_hard,N1,log_loss,0.6009327169112052,0.9008893977882245,0.6626385990637866,0.5513116236996833,0.0070965037853288546,0.2785081811624706,0.009454912714365457,0.04020616680147565,"[[2169, 936], [1074, 1779]]","[[205, 140], [157, 160]]"
disclosure_x_bias,214,init_hard,N1,log_loss,0.6008380606500109,0.9009150823925047,0.6634772432462918,0.5482813206693804,0.0070916780689685216,0.2785081401284523,0.009284797570241624,0.04119210622481848,"[[2175, 930], [1075, 1778]]","[[204, 141], [158, 159]]"
disclosure_x_bias,215,init_hard,N1,log_loss,0.600746449398699,0.9009518252032931,0.6638133777000733,0.5482813206693804,0.007088145124992093,0.2782162881429732,0.009089350093629916,0.04119210622481848,"[[2173, 932], [1071, 1782]]","[[204, 141], [158, 159]]"
disclosure_x_bias,216,init_hard,N1,log_loss,0.6006526403800249,0.9007868844689296,0.6643172973887541,0.5482813206693804,0.007084419272465269,0.2783402964765888,0.009104646721212174,0.04119210622481848,"[[2175, 930], [1070, 1783]]","[[204, 141], [158, 159]]"
disclosure_x_bias,217,init_hard,N1,log_loss,0.600557165096444,0.9010968323439673,0.6643172973887541,0.5467661691542288,0.007082385844861416,0.27816728494093995,0.008646492070533193,0.042793628300276276,"[[2172, 933], [1067, 1786]]","[[203, 142], [158, 159]]"
disclosure_x_bias,218,init_hard,N1,log_loss,0.6004615910743926,0.9010238017385446,0.6653237268061587,0.5482813206693804,0.007081567794125595,0.2780966749548672,0.00804378589242262,0.04119210622481848,"[[2175, 930], [1064, 1789]]","[[204, 141], [158, 159]]"
disclosure_x_bias,219,init_hard,N1,log_loss,0.6003640706355388,0.9012241728062504,0.6649884383283514,0.5467661691542288,0.007077602620822933,0.27820972646990133,0.007501164339773031,0.040338986266151886,"[[2175, 930], [1066, 1787]]","[[203, 142], [158, 159]]"
disclosure_x_bias,220,init_hard,N1,log_loss,0.6002687995517098,0.9010217890927403,0.66465230387457,0.5482813206693804,0.0070804552760389385,0.2782072663377842,0.00829963107880596,0.04119210622481848,"[[2172, 933], [1065, 1788]]","[[204, 141], [158, 159]]"
disclosure_x_bias,221,init_hard,N1,log_loss,0.6001776618151948,0.901078891545555,0.6653242907901415,0.5482813206693804,0.007077043632630754,0.27811258489853125,0.008325270496286575,0.04056814529537153,"[[2176, 929], [1065, 1788]]","[[204, 141], [158, 159]]"
disclosure_x_bias,222,init_hard,N1,log_loss,0.6000837620279347,0.9008639932021252,0.6648200891094693,0.5482813206693804,0.007071872020864022,0.2782428622642145,0.008423723921964886,0.04119210622481848,"[[2178, 927], [1070, 1783]]","[[205, 140], [159, 158]]"
disclosure_x_bias,223,init_hard,N1,log_loss,0.5999880144902747,0.901020403665105,0.6648209350854436,0.5482813206693804,0.007074888066354241,0.2784350998512066,0.007519390440384417,0.04300971079683969,"[[2170, 935], [1062, 1791]]","[[203, 142], [157, 160]]"
disclosure_x_bias,224,init_hard,N1,log_loss,0.5998967191246779,0.9009167194913313,0.6651559415712593,0.5467661691542288,0.007072883685272339,0.27830342861895546,0.008424300572681372,0.042193357540871904,"[[2172, 933], [1062, 1791]]","[[203, 142], [158, 159]]"
disclosure_x_bias,225,init_hard,N1,log_loss,0.5998050571765198,0.9009161208790065,0.6659959957137217,0.5467661691542288,0.007070596773582687,0.27845467528272433,0.008340428765080416,0.042793628300276276,"[[2174, 931], [1059, 1794]]","[[202, 143], [157, 160]]"
disclosure_x_bias,226,init_hard,N1,log_loss,0.5997081412722841,0.9010821494472161,0.6656598612599403,0.5467661691542288,0.0070692171856748705,0.2785544001101357,0.008862989902797474,0.04096643767172271,"[[2180, 925], [1067, 1786]]","[[204, 141], [159, 158]]"
disclosure_x_bias,227,init_hard,N1,log_loss,0.5996038315824418,0.9011271767061206,0.6656598612599403,0.5482813206693804,0.00706475354303286,0.2784903717778963,0.008465873736119888,0.04300971079683969,"[[2174, 931], [1061, 1792]]","[[203, 142], [157, 160]]"
disclosure_x_bias,228,init_hard,N1,log_loss,0.5994968634606738,0.9013892035931491,0.6658276464948395,0.5452510176390774,0.007068491170261865,0.2785022403657747,0.00885298664039374,0.041912257164142735,"[[2179, 926], [1065, 1788]]","[[202, 143], [158, 159]]"
disclosure_x_bias,229,init_hard,N1,log_loss,0.5994004861494162,0.9014161077043518,0.6658273645028482,0.5452510176390774,0.007067711994354657,0.27835689603676433,0.00879472951631798,0.041912257164142735,"[[2180, 925], [1066, 1787]]","[[202, 143], [158, 159]]"
disclosure_x_bias,230,init_hard,N1,log_loss,0.5993037456212568,0.9014638968936757,0.6661632169646382,0.5452510176390774,0.007075088945667483,0.2783665905103944,0.009237988279049111,0.041912257164142735,"[[2180, 925], [1064, 1789]]","[[202, 143], [158, 159]]"
disclosure_x_bias,231,init_hard,N1,log_loss,0.5992001801683504,0.9015044933326035,0.6663318481755118,0.5452510176390774,0.007084047616360196,0.27813920117409874,0.008362368124403599,0.041912257164142735,"[[2180, 925], [1063, 1790]]","[[202, 143], [158, 159]]"
disclosure_x_bias,232,init_hard,N1,log_loss,0.5991080238282931,0.9014008608603643,0.6659951497377474,0.5452510176390774,0.007085032549069201,0.2782749032455117,0.009727503460634716,0.041912257164142735,"[[2178, 927], [1063, 1790]]","[[202, 143], [158, 159]]"
disclosure_x_bias,233,init_hard,N1,log_loss,0.5990184104451369,0.9013766511183847,0.6670029891151091,0.5452510176390774,0.007079931506300188,0.27820808940973796,0.009373466411537036,0.040044870994949765,"[[2185, 920], [1064, 1789]]","[[203, 142], [159, 158]]"
disclosure_x_bias,234,init_hard,N1,log_loss,0.5989248281713246,0.9015623628472442,0.6666665726693362,0.5437358661239258,0.0070748883508944,0.278080121827234,0.009030817683944033,0.041567940294914514,"[[2185, 920], [1066, 1787]]","[[202, 143], [159, 158]]"
disclosure_x_bias,235,init_hard,N1,log_loss,0.5988356700624847,0.9016238942909446,0.6663304382155546,0.5437358661239258,0.007072324785728421,0.278260585608889,0.009736960872246146,0.041567940294914514,"[[2181, 924], [1064, 1789]]","[[202, 143], [159, 158]]"
disclosure_x_bias,236,init_hard,N1,log_loss,0.5987469687182663,0.901870219117515,0.6670021431391349,0.5437358661239258,0.007069781690058625,0.2781138269337729,0.009441732916952043,0.041567940294914514,"[[2181, 924], [1060, 1793]]","[[202, 143], [159, 158]]"
disclosure_x_bias,237,init_hard,N1,log_loss,0.5986433214803843,0.9019285370285959,0.6673377136089335,0.5437358661239258,0.007072852097348272,0.2780964054012982,0.00923179180393285,0.041567940294914514,"[[2182, 923], [1059, 1794]]","[[202, 143], [159, 158]]"
disclosure_x_bias,238,init_hard,N1,log_loss,0.5985458478628704,0.9019159456945088,0.6668340759122441,0.5437358661239258,0.007074713129846706,0.27809173172720464,0.009808862893170374,0.041567940294914514,"[[2180, 925], [1060, 1793]]","[[202, 143], [159, 158]]"
disclosure_x_bias,239,init_hard,N1,log_loss,0.5984481245884348,0.9018620900350192,0.6671702103660256,0.5437358661239258,0.007073748477443601,0.2783020373023493,0.009225985656118468,0.041567940294914514,"[[2182, 923], [1060, 1793]]","[[202, 143], [159, 158]]"
disclosure_x_bias,240,init_hard,N1,log_loss,0.5983328221453191,0.9012934002904227,0.6673374316169421,0.5437358661239258,0.007032156277542022,0.2765346589167081,0.00967381944666241,0.041567940294914514,"[[2179, 926], [1056, 1797]]","[[202, 143], [159, 158]]"
disclosure_x_bias,241,init_hard,N1,log_loss,0.5982444198255552,0.901294202631504,0.6664982234504541,0.5437358661239258,0.007030505287714887,0.27643262750097275,0.009583804378781733,0.041567940294914514,"[[2178, 927], [1060, 1793]]","[[202, 143], [159, 158]]"
disclosure_x_bias,242,init_hard,N1,log_loss,0.5981560705433322,0.9013011620811376,0.6670018611471434,0.5452284034373587,0.007025043193082122,0.2763878274927432,0.009385712081601714,0.04389628269406333,"[[2175, 930], [1054, 1799]]","[[202, 143], [158, 159]]"
disclosure_x_bias,243,init_hard,N1,log_loss,0.598062187309408,0.9012652570292772,0.6680091365405223,0.542243328810493,0.007020221067013349,0.2762755764274293,0.009690500886860135,0.039666825421324284,"[[2187, 918], [1060, 1793]]","[[202, 143], [160, 157]]"
disclosure_x_bias,244,init_hard,N1,log_loss,0.59797177717494,0.9013633222313656,0.6675054988438329,0.5452284034373587,0.007018797411147609,0.27625096207672123,0.009014983210623604,0.04389628269406333,"[[2180, 925], [1056, 1797]]","[[202, 143], [158, 159]]"
disclosure_x_bias,245,init_hard,N1,log_loss,0.5978762458069374,0.9013491069008124,0.6681774857594045,0.542243328810493,0.007018462896041697,0.2762744727010208,0.00934951746246054,0.039666825421324284,"[[2189, 916], [1061, 1792]]","[[202, 143], [160, 157]]"
disclosure_x_bias,246,init_hard,N1,log_loss,0.5977852037016971,0.9012457360473627,0.6680094185325137,0.545273631840796,0.007019424366752118,0.27645059999332167,0.008940051486236956,0.04107199481478666,"[[2184, 921], [1057, 1796]]","[[202, 143], [158, 159]]"
disclosure_x_bias,247,init_hard,N1,log_loss,0.5976820545910471,0.9014947539622933,0.6680099825164966,0.5437584803256444,0.007020987810854603,0.27639654269298186,0.008916915649482096,0.040090223962921216,"[[2184, 921], [1057, 1796]]","[[202, 143], [159, 158]]"
disclosure_x_bias,248,init_hard,N1,log_loss,0.5975897789834967,0.9014677541050921,0.6676732840787322,0.5467435549525101,0.00701354666894291,0.2763434426048008,0.009070906232140812,0.044165618940857965,"[[2177, 928], [1052, 1801]]","[[202, 143], [157, 160]]"
disclosure_x_bias,249,init_hard,N1,log_loss,0.5975048866582768,0.9014734832877004,0.6686808414641024,0.542243328810493,0.007010356674776584,0.276242375641264,0.009159527914413539,0.039666825421324284,"[[2189, 916], [1058, 1795]]","[[202, 143], [160, 157]]"
disclosure_x_bias,250,init_hard,N1,log_loss,0.5974201480435335,0.9014488154850124,0.6685127742372117,0.5482587064676616,0.007008220804799432,0.27627782069360607,0.009240222633300658,0.04494701147772049,"[[2180, 925], [1050, 1803]]","[[202, 143], [156, 161]]"
disclosure_x_bias,251,init_hard,N1,log_loss,0.5973165414308598,0.9015327488106051,0.6688489086909932,0.542243328810493,0.007015301916829292,0.2765224724523739,0.008831624799286023,0.039666825421324284,"[[2191, 914], [1059, 1794]]","[[202, 143], [160, 157]]"
disclosure_x_bias,252,init_hard,N1,log_loss,0.5972245748089476,0.9014811749894955,0.6690166939258925,0.5452510176390774,0.007015974079616314,0.27633320630706965,0.009138539008952878,0.04251649683503552,"[[2190, 915], [1057, 1796]]","[[202, 143], [158, 159]]"
disclosure_x_bias,253,init_hard,N1,log_loss,0.5971390046263869,0.9013404760185567,0.669016975917884,0.5437358661239258,0.007013559925054237,0.27637983893706675,0.00795482317512427,0.041567940294914514,"[[2192, 913], [1059, 1794]]","[[202, 143], [159, 158]]"
disclosure_x_bias,254,init_hard,N1,log_loss,0.5970377466815534,0.9014019066635444,0.6688491906829845,0.5437358661239258,0.007001024178251592,0.2763514261124062,0.007763144211553361,0.041567940294914514,"[[2192, 913], [1060, 1793]]","[[202, 143], [159, 158]]"
disclosure_x_bias,255,init_hard,N1,log_loss,0.5969484476366678,0.9013835565148443,0.6695208956065648,0.5422207146087743,0.007000923136073774,0.27635492807010764,0.008156516974570262,0.038600358673922586,"[[2192, 913], [1056, 1797]]","[[202, 143], [160, 157]]"
disclosure_x_bias,256,init_hard,N1,log_loss,0.5968564756849198,0.901404399764089,0.6690172579098753,0.5437358661239258,0.006998911138580369,0.2765283576887808,0.007981803389242762,0.041567940294914514,"[[2192, 913], [1059, 1794]]","[[202, 143], [159, 158]]"
disclosure_x_bias,257,init_hard,N1,log_loss,0.5967683936412105,0.901548296660531,0.6691847611527832,0.5437358661239258,0.006992731271537444,0.27658773409042886,0.008252650970308847,0.041567940294914514,"[[2190, 915], [1056, 1797]]","[[202, 143], [159, 158]]"
disclosure_x_bias,258,init_hard,N1,log_loss,0.5966834786150326,0.9015705405046279,0.669352828379674,0.5437358661239258,0.006991224319886575,0.27659965166214817,0.008813607094404074,0.041567940294914514,"[[2191, 914], [1056, 1797]]","[[202, 143], [159, 158]]"
disclosure_x_bias,259,init_hard,N1,log_loss,0.5965848351174348,0.9018352018170914,0.6693525463876826,0.542243328810493,0.006977732169630423,0.27651164444366705,0.008681769080416214,0.039666825421324284,"[[2191, 914], [1056, 1797]]","[[201, 144], [159, 158]]"
disclosure_x_bias,260,init_hard,N1,log_loss,0.5964992607421308,0.901916850054916,0.6695206136145734,0.542243328810493,0.006975090618519179,0.2764944900307404,0.008433310598640735,0.039666825421324284,"[[2191, 914], [1055, 1798]]","[[201, 144], [159, 158]]"
disclosure_x_bias,261,init_hard,N1,log_loss,0.5964131139465281,0.9019516460976078,0.6693525463876826,0.542243328810493,0.006975398695949927,0.27652570334080906,0.008161785964347763,0.039666825421324284,"[[2191, 914], [1056, 1797]]","[[201, 144], [159, 158]]"
disclosure_x_bias,262,init_hard,N1,log_loss,0.596317967307602,0.9017251070447827,0.669856184084372,0.542243328810493,0.006982447765084114,0.2765715127204639,0.008715359408421752,0.039666825421324284,"[[2192, 913], [1054, 1799]]","[[201, 144], [159, 158]]"
disclosure_x_bias,263,init_hard,N1,log_loss,0.5962270571549105,0.9019475982201648,0.6696878348654899,0.542243328810493,0.006985869738910526,0.27644027637273405,0.0086184326014675,0.039666825421324284,"[[2193, 912], [1056, 1797]]","[[201, 144], [159, 158]]"
disclosure_x_bias,264,init_hard,N1,log_loss,0.5961403016802395,0.9018771079906023,0.6698559020923807,0.5437358661239258,0.006983785895184342,0.27648221030538706,0.008762376197367475,0.041567940294914514,"[[2192, 913], [1054, 1799]]","[[202, 143], [159, 158]]"
disclosure_x_bias,265,init_hard,N1,log_loss,0.5960569750996034,0.9020301787830917,0.6696878348654899,0.542243328810493,0.006982815810238008,0.27660140444161874,0.007698249269320013,0.039666825421324284,"[[2194, 911], [1057, 1796]]","[[201, 144], [159, 158]]"
disclosure_x_bias,266,init_hard,N1,log_loss,0.5959733276006993,0.901963479615348,0.6701914725621793,0.542243328810493,0.006980449889784519,0.2765434065224729,0.008809789170137992,0.039666825421324284,"[[2195, 910], [1055, 1798]]","[[201, 144], [159, 158]]"
disclosure_x_bias,267,init_hard,N1,log_loss,0.5958899297438325,0.9020456522641954,0.6700234053352885,0.5407281772953414,0.0069780709016626615,0.27660200835291776,0.008491635393155485,0.036476371670439024,"[[2191, 914], [1052, 1801]]","[[201, 144], [160, 157]]"
disclosure_x_bias,268,init_hard,N1,log_loss,0.595803424098861,0.9021683254982662,0.6706948282668772,0.5407281772953414,0.006974264067890448,0.2764917441596544,0.009217466203552183,0.036476371670439024,"[[2195, 910], [1052, 1801]]","[[201, 144], [160, 157]]"
disclosure_x_bias,269,init_hard,N1,log_loss,0.5957196278528277,0.9021439124510794,0.6706948282668772,0.542243328810493,0.006972093449265675,0.2764038248790588,0.008871623794887915,0.03700535405700643,"[[2191, 914], [1048, 1805]]","[[201, 144], [159, 158]]"
disclosure_x_bias,270,init_hard,N1,log_loss,0.5956241371225179,0.9021999712254514,0.6708620495177937,0.5407281772953414,0.006968843511657077,0.2764442778273675,0.009023869979855138,0.036476371670439024,"[[2195, 910], [1051, 1802]]","[[201, 144], [160, 157]]"
disclosure_x_bias,271,init_hard,N1,log_loss,0.5955397696365066,0.9022290926632767,0.6717026676442389,0.542243328810493,0.0069670561765628565,0.2762189088900905,0.008564356586354165,0.037688346095507544,"[[2200, 905], [1051, 1802]]","[[201, 144], [159, 158]]"
disclosure_x_bias,272,init_hard,N1,log_loss,0.5954588466898012,0.9021739316559471,0.6710301167446844,0.5407281772953414,0.006963975337166994,0.27654974096503787,0.00910306731714753,0.036476371670439024,"[[2197, 908], [1052, 1801]]","[[201, 144], [160, 157]]"
disclosure_x_bias,273,init_hard,N1,log_loss,0.5953753875225216,0.9023708677562512,0.6717026676442389,0.542243328810493,0.0069620367469863135,0.27649256308680276,0.008152707025096781,0.03700535405700643,"[[2199, 906], [1050, 1803]]","[[201, 144], [159, 158]]"
disclosure_x_bias,274,init_hard,N1,log_loss,0.5952889873332137,0.9022778208919077,0.6711981839715752,0.542243328810493,0.006956437181323109,0.27653919579255043,0.00897064418948195,0.037688346095507544,"[[2196, 909], [1050, 1803]]","[[201, 144], [159, 158]]"
disclosure_x_bias,275,init_hard,N1,log_loss,0.5952096755319316,0.9024677634979075,0.6717023856522475,0.542243328810493,0.006954203352900228,0.2766013561950779,0.007892602538977007,0.037688346095507544,"[[2200, 905], [1051, 1802]]","[[201, 144], [159, 158]]"
disclosure_x_bias,276,init_hard,N1,log_loss,0.595118451329232,0.9022967171244856,0.6718704528791382,0.5437584803256444,0.00696266990260113,0.2766087593405432,0.007884131204667582,0.03677159290465143,"[[2200, 905], [1050, 1803]]","[[202, 143], [159, 158]]"
disclosure_x_bias,277,init_hard,N1,log_loss,0.595030839173534,0.9026575442692885,0.6713659692064745,0.545273631840796,0.006965460879846353,0.27629515631607526,0.007670509860323669,0.035039576699678804,"[[2195, 910], [1048, 1805]]","[[202, 143], [158, 159]]"
disclosure_x_bias,278,init_hard,N1,log_loss,0.5949370949491449,0.9027225635190625,0.6720382381140375,0.545273631840796,0.006974145724847681,0.27645549255942115,0.007601964096416634,0.035039576699678804,"[[2200, 905], [1049, 1804]]","[[202, 143], [158, 159]]"
disclosure_x_bias,279,init_hard,N1,log_loss,0.5948531636526015,0.9027750073807284,0.6722063053409283,0.545273631840796,0.006972303064837419,0.2764923918536488,0.007204631141229426,0.03850776477471062,"[[2202, 903], [1050, 1803]]","[[201, 144], [157, 160]]"
disclosure_x_bias,280,init_hard,N1,log_loss,0.5947591276110873,0.9026683264418413,0.672541875810727,0.5483039348710991,0.006971869729850332,0.2765355293634968,0.007482774470201321,0.03491113244052487,"[[2202, 903], [1048, 1805]]","[[202, 143], [156, 161]]"
disclosure_x_bias,281,init_hard,N1,log_loss,0.5946786495268684,0.902763772606575,0.6722063053409283,0.5467887833559475,0.0069710262491705565,0.2765783031234811,0.007204631141229426,0.0381496883774872,"[[2201, 904], [1049, 1804]]","[[201, 144], [156, 161]]"
disclosure_x_bias,282,init_hard,N1,log_loss,0.5945926259973933,0.902871635648163,0.672541875810727,0.5467887833559475,0.006970082667966902,0.2765639217425111,0.007482774470201321,0.035374254948733065,"[[2201, 904], [1047, 1806]]","[[201, 144], [156, 161]]"
disclosure_x_bias,283,init_hard,N1,log_loss,0.5945115674201908,0.9028746799223886,0.6725415938187356,0.5483039348710991,0.006970076787140222,0.27662638424734326,0.007783145051956627,0.03491113244052487,"[[2201, 904], [1047, 1806]]","[[202, 143], [156, 161]]"
disclosure_x_bias,284,init_hard,N1,log_loss,0.5944220280996482,0.9030084445843958,0.6727093790536348,0.545273631840796,0.006967219027838332,0.2764918437540157,0.007847790657402374,0.03715935337009699,"[[2201, 904], [1046, 1807]]","[[201, 144], [157, 160]]"
disclosure_x_bias,285,init_hard,N1,log_loss,0.5943407139471383,0.9029188093420055,0.672541875810727,0.5467887833559475,0.006964736143960736,0.276582928544288,0.007524460858922542,0.03881254856138329,"[[2200, 905], [1046, 1807]]","[[200, 145], [155, 162]]"
disclosure_x_bias,286,init_hard,N1,log_loss,0.5942516889110099,0.9029335872875748,0.6723738085838362,0.545273631840796,0.00696954015081852,0.2764557061277612,0.00775434802534593,0.0404461809759031,"[[2198, 907], [1045, 1808]]","[[200, 145], [156, 161]]"
disclosure_x_bias,287,init_hard,N1,log_loss,0.5941681647755799,0.9029301422360925,0.6718704528791382,0.545273631840796,0.006969801733324258,0.27659215042348445,0.007764602138081517,0.041071994814786635,"[[2200, 905], [1050, 1803]]","[[200, 145], [156, 161]]"
disclosure_x_bias,288,init_hard,N1,log_loss,0.5940858679587329,0.9029976661808284,0.6725415938187356,0.545273631840796,0.006958212506172983,0.27649402469066825,0.007742851506663206,0.03981053067977306,"[[2202, 903], [1048, 1805]]","[[201, 144], [157, 160]]"
disclosure_x_bias,289,init_hard,N1,log_loss,0.5939997733961019,0.9030565560372829,0.6720382381140375,0.545273631840796,0.006959557512258806,0.27652054926194214,0.007683817606784305,0.041071994814786635,"[[2200, 905], [1049, 1804]]","[[200, 145], [156, 161]]"
disclosure_x_bias,290,init_hard,N1,log_loss,0.5939185958251435,0.9030700591795636,0.6720382381140375,0.5483039348710991,0.00695890730129141,0.2765967890678383,0.007925369052160337,0.040962470519404166,"[[2197, 908], [1046, 1807]]","[[201, 144], [155, 162]]"
disclosure_x_bias,291,init_hard,N1,log_loss,0.5938409465183029,0.9030141033466188,0.6722060233489369,0.5467887833559475,0.006956186441172307,0.2766010481807834,0.008344049690289438,0.041357886018885875,"[[2197, 908], [1045, 1808]]","[[200, 145], [155, 162]]"
disclosure_x_bias,292,init_hard,N1,log_loss,0.5937634089285222,0.90320911141258,0.6725421578027184,0.5483039348710991,0.006953661291886439,0.2766110975518629,0.00738531557604103,0.039049691208279655,"[[2200, 905], [1046, 1807]]","[[201, 144], [155, 162]]"
disclosure_x_bias,293,init_hard,N1,log_loss,0.5936784476467606,0.9030343384973897,0.6722060233489369,0.5467887833559475,0.006957289593589766,0.2766337856451903,0.007921357660137735,0.03946427661012033,"[[2205, 900], [1053, 1800]]","[[200, 145], [155, 162]]"
disclosure_x_bias,294,init_hard,N1,log_loss,0.5935954258061594,0.9032128851645913,0.6722063053409284,0.5483039348710991,0.006957998765689855,0.27651613405811915,0.0077887787309064175,0.039049691208279655,"[[2203, 902], [1051, 1802]]","[[201, 144], [155, 162]]"
disclosure_x_bias,295,init_hard,N1,log_loss,0.5935153046524927,0.903142939004827,0.6720382381140376,0.5483039348710991,0.0069532380941437115,0.2765983591262383,0.008042247439077095,0.039049691208279655,"[[2199, 906], [1048, 1805]]","[[201, 144], [155, 162]]"
disclosure_x_bias,296,init_hard,N1,log_loss,0.5934288721636835,0.9033922825098815,0.6727090970616435,0.5513116236996833,0.006947796849282048,0.2763611812445433,0.008620222021733114,0.04083565906653688,"[[2201, 904], [1046, 1807]]","[[202, 143], [154, 163]]"
disclosure_x_bias,297,init_hard,N1,log_loss,0.5933406231440019,0.9032860616457044,0.6720379561220462,0.5513342379014021,0.006934217126544202,0.2763827324530136,0.007818708283253576,0.03996896221442021,"[[2195, 910], [1044, 1809]]","[[201, 144], [153, 164]]"
disclosure_x_bias,298,init_hard,N1,log_loss,0.5932449922608952,0.9033197353172685,0.6723735265918448,0.5483039348710991,0.006942679649149989,0.2763191950336796,0.0084245664682647,0.039049691208279655,"[[2204, 901], [1051, 1802]]","[[201, 144], [155, 162]]"
disclosure_x_bias,299,init_hard,N1,log_loss,0.5931477751661764,0.9032250495422709,0.672541875810727,0.5483039348710991,0.006944313612274467,0.2763221865191664,0.008201285646446605,0.039049691208279655,"[[2200, 905], [1046, 1807]]","[[201, 144], [155, 162]]"
disclosure_x_bias,300,init_hard,N1,log_loss,0.5930683098241297,0.9031503347212263,0.6727093790536349,0.5483039348710991,0.006944451398615525,0.2761380624293367,0.007887548139185756,0.039049691208279655,"[[2202, 903], [1047, 1806]]","[[201, 144], [155, 162]]"
disclosure_x_bias,1,init_hard,N1,exponential,27.0765760990323,30.113200949768732,0.6181583103039874,0.5468566259611036,14.862008298231043,33.90156910793008,0.02399627250590758,0.024994530524254606,"[[2030, 1075], [1200, 1653]]","[[209, 136], [164, 153]]"
disclosure_x_bias,2,init_hard,N1,exponential,27.091928534652446,30.21332883974108,0.6189986464384412,0.5468566259611036,14.858642343937564,34.15156882910767,0.022542693543351464,0.024994530524254606,"[[2037, 1068], [1202, 1651]]","[[209, 136], [164, 153]]"
disclosure_x_bias,3,init_hard,N1,exponential,27.039807444762015,30.03869485183457,0.6206779087473916,0.5483717774762551,14.869903726332176,34.055596162364466,0.022940269284554365,0.02634345820143053,"[[2048, 1057], [1203, 1650]]","[[210, 135], [164, 153]]"
disclosure_x_bias,4,init_hard,N1,exponential,26.92708521637786,30.125893301411075,0.6215165529298968,0.5483717774762551,14.804428410944043,34.29302418585275,0.02314324904939431,0.02634345820143053,"[[2053, 1052], [1203, 1650]]","[[210, 135], [164, 153]]"
disclosure_x_bias,5,init_hard,N1,exponential,26.9331620350072,30.097949856646107,0.6240364333652925,0.5438715513342378,14.812372239908905,34.26563212556051,0.02136093757999801,0.027877195430870284,"[[2084, 1021], [1219, 1634]]","[[210, 135], [167, 150]]"
disclosure_x_bias,6,init_hard,N1,exponential,26.82278885900704,29.9945092048553,0.6242045005921832,0.5438715513342378,14.764195899155641,34.501382719555345,0.02158236055978644,0.027877195430870284,"[[2085, 1020], [1219, 1634]]","[[210, 135], [167, 150]]"
disclosure_x_bias,7,init_hard,N1,exponential,26.54034154015192,29.710333410502066,0.6253792792284699,0.5438715513342378,14.696578837459928,34.49706912303537,0.02158905402542831,0.027877195430870284,"[[2092, 1013], [1219, 1634]]","[[210, 135], [167, 150]]"
disclosure_x_bias,8,init_hard,N1,exponential,26.529131383026247,29.68900233198343,0.6255470644633693,0.5438715513342378,14.681208180723852,34.47845268588792,0.021425055084503125,0.027877195430870284,"[[2097, 1008], [1223, 1630]]","[[210, 135], [167, 150]]"
disclosure_x_bias,9,init_hard,N1,exponential,26.540209651192093,29.757106274474843,0.6272249168123626,0.5544776119402985,14.677899460726248,34.679117918744495,0.017445556613574057,0.05151257809546473,"[[2066, 1039], [1182, 1671]]","[[209, 136], [159, 158]]"
disclosure_x_bias,10,init_hard,N1,exponential,26.503955068197246,29.721715521941668,0.6278960577519599,0.5544776119402985,14.65568725827079,34.64361442110977,0.016446884057227936,0.05151257809546473,"[[2073, 1032], [1185, 1668]]","[[209, 136], [159, 158]]"
disclosure_x_bias,11,init_hard,N1,exponential,26.29107694015193,29.46735945655464,0.6277279905250691,0.5544776119402985,14.625871682779154,34.64712353885495,0.016197842294226335,0.05151257809546473,"[[2070, 1035], [1183, 1670]]","[[209, 136], [159, 158]]"
disclosure_x_bias,12,init_hard,N1,exponential,26.247971022970184,29.3989925740174,0.6289024871693644,0.5544776119402985,14.626799017074564,34.87332443442563,0.014935296163352938,0.05151257809546473,"[[2094, 1011], [1200, 1653]]","[[211, 134], [161, 156]]"
disclosure_x_bias,13,init_hard,N1,exponential,26.213007440491726,29.389895602752432,0.6295739101009532,0.5575079149706015,14.599275601567118,34.884366423272425,0.015216766502907826,0.05278865485291557,"[[2099, 1006], [1201, 1652]]","[[213, 132], [161, 156]]"
disclosure_x_bias,14,init_hard,N1,exponential,26.197485237155973,29.385964367982133,0.630077265805651,0.559023066485753,14.587258137994157,34.88669669621131,0.01528592171778537,0.05262143276816594,"[[2104, 1001], [1203, 1650]]","[[214, 131], [161, 156]]"
disclosure_x_bias,15,init_hard,N1,exponential,25.998175872700035,29.249870998590808,0.630077265805651,0.559023066485753,14.546112731694027,34.93189048958187,0.01528592171778537,0.05262143276816594,"[[2105, 1000], [1204, 1649]]","[[214, 131], [161, 156]]"
disclosure_x_bias,16,init_hard,N1,exponential,25.971945418119816,29.245907799945115,0.6304131182674413,0.559023066485753,14.515611600343398,34.9229856761305,0.015107656744900746,0.05262143276816594,"[[2107, 998], [1204, 1649]]","[[214, 131], [161, 156]]"
disclosure_x_bias,17,init_hard,N1,exponential,25.88921323046153,29.145022092381303,0.6304131182674413,0.559023066485753,14.488041903226428,35.09625937970572,0.01510765674490076,0.05262143276816594,"[[2111, 994], [1208, 1645]]","[[215, 130], [162, 155]]"
disclosure_x_bias,18,init_hard,N1,exponential,25.884589729167583,29.01966211146841,0.630581185494332,0.5575305291723203,14.522737143457707,35.02675707350938,0.014884854663322485,0.054427058818320065,"[[2105, 1000], [1201, 1652]]","[[214, 131], [162, 155]]"
disclosure_x_bias,19,init_hard,N1,exponential,25.898708475108663,29.036203426464795,0.6307492527212227,0.5575305291723203,14.52719220975767,35.05558704092801,0.014677923430438486,0.054427058818320065,"[[2105, 1000], [1200, 1653]]","[[214, 131], [162, 155]]"
disclosure_x_bias,20,init_hard,N1,exponential,25.791767244975187,29.013724415542463,0.6304134002594326,0.5575305291723203,14.49418079250691,35.03438536264133,0.014376135414239828,0.054427058818320065,"[[2103, 1002], [1200, 1653]]","[[214, 131], [162, 155]]"
disclosure_x_bias,21,init_hard,N1,exponential,25.677257223983695,28.863980122382976,0.6305814674863234,0.5575305291723203,14.4562867466637,35.06029086616996,0.014621908750319703,0.054427058818320065,"[[2106, 999], [1202, 1651]]","[[214, 131], [162, 155]]"
disclosure_x_bias,22,init_hard,N1,exponential,25.674136858221953,28.940669203302196,0.6309170379561221,0.5575305291723203,14.435068787695633,35.230549589376956,0.014774007313641048,0.054427058818320065,"[[2106, 999], [1200, 1653]]","[[214, 131], [162, 155]]"
disclosure_x_bias,23,init_hard,N1,exponential,25.68551372900719,28.924475802250566,0.6312526084259207,0.5575305291723203,14.434977203224326,35.2147553682284,0.015083000672632135,0.054427058818320065,"[[2109, 996], [1201, 1652]]","[[214, 131], [162, 155]]"
disclosure_x_bias,24,init_hard,N1,exponential,25.602831695412032,28.75898056443129,0.6317559641306187,0.5560153776571687,14.427351222333066,35.210912225734475,0.015316989342932267,0.054542701143771764,"[[2113, 992], [1202, 1651]]","[[214, 131], [163, 154]]"
disclosure_x_bias,25,init_hard,N1,exponential,25.591323837499328,28.741949474741197,0.6332665952286956,0.5560153776571687,14.427337963625092,35.175712899751275,0.014282472067502718,0.054542701143771764,"[[2098, 1007], [1178, 1675]]","[[212, 133], [161, 156]]"
disclosure_x_bias,26,init_hard,N1,exponential,25.586054944170435,28.720548538499806,0.6332665952286956,0.5560153776571687,14.439646822374787,35.10756621446046,0.014282472067502718,0.054542701143771764,"[[2099, 1006], [1179, 1674]]","[[212, 133], [161, 156]]"
disclosure_x_bias,27,init_hard,N1,exponential,25.57362356010909,28.67739709973419,0.6334343804635949,0.5575079149706015,14.456308204985936,35.203903752025305,0.014062271899917746,0.05278865485291557,"[[2098, 1007], [1177, 1676]]","[[212, 133], [160, 157]]"
disclosure_x_bias,28,init_hard,N1,exponential,25.49841959139506,28.563740085186243,0.6336021656984941,0.5575079149706015,14.44398582546479,35.25571609539386,0.014104984339502368,0.05278865485291557,"[[2100, 1005], [1178, 1675]]","[[212, 133], [160, 157]]"
disclosure_x_bias,29,init_hard,N1,exponential,25.380048667656695,28.534065106120824,0.6325954542890981,0.5575079149706015,14.392292261133852,35.19314151416029,0.015659521430448808,0.05278865485291557,"[[2123, 982], [1207, 1646]]","[[215, 130], [163, 154]]"
disclosure_x_bias,30,init_hard,N1,exponential,25.401089949633388,28.590587567125475,0.6327632395239975,0.5575079149706015,14.39655035230153,35.33009534175243,0.01572774935677121,0.05278865485291557,"[[2123, 982], [1206, 1647]]","[[215, 130], [163, 154]]"
disclosure_x_bias,31,init_hard,N1,exponential,25.315965624208896,28.476746494113286,0.6329310247588968,0.5575079149706015,14.372212794834796,35.349822458291946,0.015951357561288532,0.05278865485291557,"[[2125, 980], [1207, 1646]]","[[215, 130], [163, 154]]"
disclosure_x_bias,32,init_hard,N1,exponential,25.290425324167465,28.41051866210774,0.6339377361682927,0.5575079149706015,14.36975111690658,35.25417308593747,0.014227448236976366,0.05278865485291557,"[[2102, 1003], [1178, 1675]]","[[212, 133], [160, 157]]"
disclosure_x_bias,33,init_hard,N1,exponential,25.169285622499206,28.392952741179084,0.6339377361682927,0.5575079149706015,14.346999263353231,35.42873405851371,0.014227448236976366,0.05278865485291557,"[[2102, 1003], [1178, 1675]]","[[212, 133], [160, 157]]"
disclosure_x_bias,34,init_hard,N1,exponential,25.165505523122004,28.40763196083273,0.6334343804635949,0.5544776119402985,14.345412416123736,35.41955532499437,0.014946470695625665,0.045181448313186066,"[[2115, 990], [1194, 1659]]","[[212, 133], [162, 155]]"
disclosure_x_bias,35,init_hard,N1,exponential,25.177922034234868,28.414757710258026,0.6337699509333935,0.552962460425147,14.350887967864132,35.42922088346159,0.014623756682390932,0.047410404086498256,"[[2118, 987], [1195, 1658]]","[[212, 133], [163, 154]]"
disclosure_x_bias,36,init_hard,N1,exponential,25.172346179937247,28.339523571883614,0.6341055214031922,0.552962460425147,14.3734905556717,35.40226068267484,0.014822322015026455,0.047410404086498256,"[[2119, 986], [1194, 1659]]","[[212, 133], [163, 154]]"
disclosure_x_bias,37,init_hard,N1,exponential,25.06917691508755,28.290841970115974,0.6344410918729908,0.5544776119402985,14.44151476170229,35.30222514787085,0.013996245261102512,0.05101500269049291,"[[2108, 997], [1181, 1672]]","[[212, 133], [162, 155]]"
disclosure_x_bias,38,init_hard,N1,exponential,25.07678172642535,28.351266188780095,0.6346088771078902,0.5544776119402985,14.448946008022489,35.41531787007528,0.014070316629810084,0.05101500269049291,"[[2109, 996], [1181, 1672]]","[[212, 133], [162, 155]]"
disclosure_x_bias,39,init_hard,N1,exponential,25.079622355063158,28.328979238763004,0.6346088771078902,0.5575079149706015,14.447955124791363,35.42383837888311,0.014225083204749061,0.058735336162099645,"[[2098, 1007], [1170, 1683]]","[[212, 133], [160, 157]]"
disclosure_x_bias,40,init_hard,N1,exponential,25.009126054608362,28.241839586797,0.6352800180474875,0.5575079149706015,14.428630547341664,35.392211152662064,0.01373946127779829,0.058735336162099645,"[[2099, 1006], [1167, 1686]]","[[212, 133], [160, 157]]"
disclosure_x_bias,41,init_hard,N1,exponential,24.763535785430395,28.216291761454414,0.6356155885172861,0.55599276345545,14.31481980757854,35.57982108723965,0.013955102511432702,0.05927377405697906,"[[2101, 1004], [1167, 1686]]","[[212, 133], [161, 156]]"
disclosure_x_bias,42,init_hard,N1,exponential,24.748351396239286,28.172474795116255,0.6359511589870848,0.55599276345545,14.312144443246599,35.488836582164,0.014224750590556225,0.05927377405697906,"[[2103, 1002], [1167, 1686]]","[[212, 133], [161, 156]]"
disclosure_x_bias,43,init_hard,N1,exponential,24.739839369938483,28.19172133147717,0.6364545146917828,0.5590230664857531,14.313967214906269,35.46598371741705,0.013686124439628595,0.056816828575236386,"[[2097, 1008], [1158, 1695]]","[[211, 134], [158, 159]]"
disclosure_x_bias,44,init_hard,N1,exponential,24.70469925350241,28.126625351947713,0.6367900851615814,0.5544776119402985,14.294761427722303,35.49102673874662,0.01384848938361619,0.04949227103215141,"[[2110, 995], [1169, 1684]]","[[211, 134], [161, 156]]"
disclosure_x_bias,45,init_hard,N1,exponential,24.730465305359964,28.156949128349652,0.6366222999266821,0.55599276345545,14.288338250290888,35.58509179671176,0.013825360887830172,0.04784365611268964,"[[2110, 995], [1170, 1683]]","[[211, 134], [160, 157]]"
disclosure_x_bias,46,init_hard,N1,exponential,24.720209651974848,28.120186917056383,0.6367900851615814,0.5544776119402985,14.285671189987761,35.505179959259195,0.01384848938361619,0.04949227103215141,"[[2110, 995], [1169, 1684]]","[[211, 134], [161, 156]]"
disclosure_x_bias,47,init_hard,N1,exponential,24.66892965153705,28.029047369202704,0.6367900851615814,0.55599276345545,14.284365734494736,35.515327770309334,0.013916086035405653,0.04784365611268964,"[[2111, 994], [1170, 1683]]","[[212, 133], [161, 156]]"
disclosure_x_bias,48,init_hard,N1,exponential,24.593626645134755,28.019662276075554,0.6367900851615814,0.55599276345545,14.27692808955737,35.50610872097311,0.013916086035405653,0.04784365611268964,"[[2111, 994], [1170, 1683]]","[[212, 133], [161, 156]]"
disclosure_x_bias,49,init_hard,N1,exponential,24.579752607576786,28.042832265679596,0.6377982065309344,0.55599276345545,14.271825995449008,35.51244264951616,0.012768318020116314,0.04784365611268964,"[[2120, 985], [1173, 1680]]","[[212, 133], [161, 156]]"
disclosure_x_bias,50,init_hard,N1,exponential,24.588127215188475,28.05690628974507,0.637798488522926,0.55599276345545,14.283312812374271,35.512106256437185,0.013217820216182292,0.04784365611268964,"[[2120, 985], [1173, 1680]]","[[212, 133], [161, 156]]"
disclosure_x_bias,51,init_hard,N1,exponential,24.589562242857504,28.143123479143185,0.6379662737578252,0.55599276345545,14.300308766711922,35.65318377418615,0.013178053036739648,0.04784365611268964,"[[2121, 984], [1173, 1680]]","[[212, 133], [161, 156]]"
disclosure_x_bias,52,init_hard,N1,exponential,24.57206778519946,28.098293390238744,0.6383018442276239,0.5544776119402985,14.297568905645049,35.55248648175444,0.012776590192879333,0.04949227103215141,"[[2122, 983], [1172, 1681]]","[[211, 134], [161, 156]]"
disclosure_x_bias,53,init_hard,N1,exponential,24.415622511327758,27.95462517854679,0.6383018442276239,0.5544776119402985,14.232188171570616,35.6559431335569,0.012727531656439096,0.04949227103215141,"[[2122, 983], [1172, 1681]]","[[211, 134], [161, 156]]"
disclosure_x_bias,54,init_hard,N1,exponential,24.406330397741172,27.919645083841726,0.6383018442276239,0.5544776119402985,14.233438168117754,35.59389568342966,0.012727531656439096,0.04949227103215141,"[[2123, 982], [1173, 1680]]","[[211, 134], [161, 156]]"
disclosure_x_bias,55,init_hard,N1,exponential,24.335867830594957,27.906809304310237,0.6386374146974225,0.5544776119402985,14.293805066985964,35.57474694289901,0.01267690655832489,0.04949227103215141,"[[2124, 981], [1172, 1681]]","[[211, 134], [161, 156]]"
disclosure_x_bias,56,init_hard,N1,exponential,24.241462199996565,27.86044979530066,0.6396455360667758,0.5529850746268656,14.283567799434453,35.477660185093946,0.012057531845587794,0.05126107980211769,"[[2131, 974], [1173, 1680]]","[[211, 134], [162, 155]]"
disclosure_x_bias,57,init_hard,N1,exponential,24.25538083320273,27.929768857044046,0.6393099655969771,0.5529850746268656,14.30222983244216,35.6118039748622,0.01185497249437164,0.05126107980211769,"[[2130, 975], [1174, 1679]]","[[211, 134], [162, 155]]"
disclosure_x_bias,58,init_hard,N1,exponential,24.24924225800596,27.969386258706198,0.6396455360667758,0.5529850746268656,14.298037042713784,35.70643215163949,0.012057531845587794,0.05126107980211769,"[[2131, 974], [1173, 1680]]","[[211, 134], [162, 155]]"
disclosure_x_bias,59,init_hard,N1,exponential,24.25441605466485,27.966743445420366,0.6394777508318763,0.5514699231117142,14.30764679578044,35.633115538610895,0.011866082434302065,0.04971870523831893,"[[2132, 973], [1175, 1678]]","[[211, 134], [163, 154]]"
disclosure_x_bias,60,init_hard,N1,exponential,24.262669929777477,27.942308395349066,0.6394777508318763,0.5514699231117142,14.316232071973245,35.64748879072507,0.011866082434302065,0.04971870523831893,"[[2132, 973], [1175, 1678]]","[[211, 134], [163, 154]]"
disclosure_x_bias,61,init_hard,N1,exponential,24.201275585284755,27.858222499671804,0.6404844622412724,0.5529850746268656,14.318819767694098,35.66697974049578,0.011611004272604263,0.050256023493889475,"[[2136, 969], [1173, 1680]]","[[212, 133], [163, 154]]"
disclosure_x_bias,62,init_hard,N1,exponential,24.175014669559474,27.84571395440567,0.6403166770063731,0.5514699231117142,14.302281045008307,35.666127627642794,0.011064144353686666,0.046538784206215766,"[[2135, 970], [1173, 1680]]","[[211, 134], [163, 154]]"
disclosure_x_bias,63,init_hard,N1,exponential,24.180345366004172,27.798600026756567,0.6401488917714737,0.5514699231117142,14.316122774222475,35.65352887672976,0.011038068312032318,0.046538784206215766,"[[2134, 971], [1173, 1680]]","[[211, 134], [163, 154]]"
disclosure_x_bias,64,init_hard,N1,exponential,24.199859883628147,27.79630217699928,0.6401488917714737,0.5514699231117142,14.338647790698237,35.633029255596725,0.011038068312032318,0.046538784206215766,"[[2134, 971], [1173, 1680]]","[[211, 134], [163, 154]]"
disclosure_x_bias,65,init_hard,N1,exponential,24.18795824079083,27.80566524663743,0.6403169589983644,0.5514699231117142,14.354788213995999,35.60767571869337,0.011306664779990634,0.046538784206215766,"[[2135, 970], [1173, 1680]]","[[211, 134], [163, 154]]"
disclosure_x_bias,66,init_hard,N1,exponential,24.12659136473198,27.739883524601897,0.6404847442332638,0.5514699231117142,14.346809676670448,35.727107700448954,0.011629097715617789,0.046538784206215766,"[[2135, 970], [1172, 1681]]","[[211, 134], [163, 154]]"
disclosure_x_bias,67,init_hard,N1,exponential,24.049609975958834,27.798023159890988,0.6406525294681631,0.5514699231117142,14.3381683495264,35.83168930277308,0.01132165438084227,0.046538784206215766,"[[2137, 968], [1173, 1680]]","[[211, 134], [163, 154]]"
disclosure_x_bias,68,init_hard,N1,exponential,24.055732833035535,27.780106589029607,0.6406525294681631,0.5514699231117142,14.310921034349025,35.75988351746545,0.01148622838849237,0.046538784206215766,"[[2136, 969], [1172, 1681]]","[[211, 134], [163, 154]]"
disclosure_x_bias,69,init_hard,N1,exponential,24.068666876500522,27.81480016038198,0.641155885172861,0.5514699231117142,14.309432335799329,35.766155918786936,0.011981092665510689,0.046538784206215766,"[[2137, 968], [1170, 1683]]","[[211, 134], [163, 154]]"
disclosure_x_bias,70,init_hard,N1,exponential,23.9785865511701,27.829917305456682,0.6413236704077605,0.5529850746268656,14.258502868746998,35.781853379785126,0.011645372011044873,0.050256023493889475,"[[2139, 966], [1171, 1682]]","[[212, 133], [163, 154]]"
disclosure_x_bias,71,init_hard,N1,exponential,23.918967593270786,27.808545432364486,0.6413236704077605,0.5529850746268656,14.248475806050125,35.740109403624444,0.011645372011044873,0.050256023493889475,"[[2139, 966], [1171, 1682]]","[[212, 133], [163, 154]]"
disclosure_x_bias,72,init_hard,N1,exponential,23.910288536498218,27.773633952725977,0.6413236704077605,0.5499547715965626,14.2653898295217,35.74554709773661,0.011752322283611413,0.049640155982920015,"[[2137, 968], [1169, 1684]]","[[210, 135], [163, 154]]"
disclosure_x_bias,73,init_hard,N1,exponential,23.822352255992698,27.785449242571907,0.6430037786926851,0.5514246947082768,14.332674382362299,35.760121047710335,0.011693228317393448,0.04257242515944614,"[[2162, 943], [1184, 1669]]","[[212, 133], [164, 153]]"
disclosure_x_bias,74,init_hard,N1,exponential,23.804345760488175,27.77899896228187,0.6433393491624837,0.5514246947082768,14.32889549423714,35.75426083734746,0.011321908494112295,0.04257242515944614,"[[2164, 941], [1184, 1669]]","[[212, 133], [164, 153]]"
disclosure_x_bias,75,init_hard,N1,exponential,23.818811135574375,27.772554205859997,0.6435071343973832,0.5529398462234283,14.343530905004972,35.71583447135551,0.011014372169268467,0.042605946914209956,"[[2165, 940], [1184, 1669]]","[[213, 132], [164, 153]]"
disclosure_x_bias,76,init_hard,N1,exponential,23.882598034734432,28.14704024730517,0.6440104901020811,0.5529398462234283,14.277298721380735,35.87061518914916,0.010827027008752904,0.042605946914209956,"[[2165, 940], [1181, 1672]]","[[213, 132], [164, 153]]"
disclosure_x_bias,77,init_hard,N1,exponential,23.883342635010287,28.133555741157814,0.6443460605718798,0.5514246947082768,14.276121998911917,35.78440019002622,0.01083105636876477,0.04257242515944614,"[[2168, 937], [1182, 1671]]","[[212, 133], [164, 153]]"
disclosure_x_bias,78,init_hard,N1,exponential,23.781461589945675,28.037305695509694,0.6448496982685692,0.5514246947082768,14.277156240660307,35.917931352473666,0.010732615045545617,0.04257242515944614,"[[2172, 933], [1183, 1670]]","[[213, 132], [165, 152]]"
disclosure_x_bias,79,init_hard,N1,exponential,23.80520973201955,28.032640308707915,0.6445141277987705,0.5514246947082768,14.282252233136889,35.86539509900465,0.011089837492032762,0.04257242515944614,"[[2166, 939], [1179, 1674]]","[[212, 133], [164, 153]]"
disclosure_x_bias,80,init_hard,N1,exponential,23.793050523770635,28.026945531828705,0.6431695899836445,0.5469244685662595,14.285501045835979,35.975623049532835,0.011767068255603223,0.046120929966068314,"[[2142, 963], [1163, 1690]]","[[209, 136], [164, 153]]"
disclosure_x_bias,81,init_hard,N1,exponential,23.748648639922003,27.98779280741967,0.6445141277987705,0.5499095431931252,14.257927349997079,35.898426537306605,0.011313234513797527,0.04307516381552285,"[[2169, 936], [1182, 1671]]","[[212, 133], [165, 152]]"
disclosure_x_bias,82,init_hard,N1,exponential,23.701595305227123,27.93005084345245,0.6446821950256613,0.5499095431931252,14.261291761177105,35.911429675068,0.011422492542446547,0.04307516381552285,"[[2169, 936], [1181, 1672]]","[[212, 133], [165, 152]]"
disclosure_x_bias,83,init_hard,N1,exponential,23.711828366140534,27.93116334431579,0.6450177654954599,0.5529398462234283,14.278480552732338,35.943536314705256,0.011126712502602772,0.046608723756062585,"[[2159, 946], [1169, 1684]]","[[212, 133], [163, 154]]"
disclosure_x_bias,84,init_hard,N1,exponential,23.705776653304717,27.963791221620237,0.6446821950256613,0.5499095431931252,14.268203808207469,35.97929261383629,0.01190521271974325,0.04307516381552285,"[[2156, 949], [1168, 1685]]","[[210, 135], [163, 154]]"
disclosure_x_bias,85,init_hard,N1,exponential,23.68928621806217,27.923785950772505,0.6446819130336698,0.5483943916779738,14.267846679840808,35.937092495931516,0.011914375656870167,0.04171787343175004,"[[2158, 947], [1170, 1683]]","[[210, 135], [164, 153]]"
disclosure_x_bias,86,init_hard,N1,exponential,23.709805164849868,27.97391722517268,0.646024476904856,0.5483943916779738,14.294301464001329,35.97821596563116,0.01131118818755145,0.04171787343175004,"[[2162, 943], [1166, 1687]]","[[210, 135], [164, 153]]"
disclosure_x_bias,87,init_hard,N1,exponential,23.681871167482164,27.991524568462637,0.6463600473746546,0.5483943916779738,14.319411248870708,35.98042946051233,0.011136696198065215,0.04171787343175004,"[[2166, 939], [1168, 1685]]","[[211, 134], [165, 152]]"
disclosure_x_bias,88,init_hard,N1,exponential,23.6643911490661,27.989549420084224,0.6453533359652586,0.5514246947082768,14.311296262071094,35.96726434095878,0.01156611509543359,0.04257242515944614,"[[2164, 941], [1172, 1681]]","[[212, 133], [164, 153]]"
disclosure_x_bias,89,init_hard,N1,exponential,23.666562820490515,28.012108612772785,0.6455211212001579,0.5514246947082768,14.313501465919357,36.006347336153674,0.011534142595640048,0.04257242515944614,"[[2164, 941], [1171, 1682]]","[[212, 133], [164, 153]]"
disclosure_x_bias,90,init_hard,N1,exponential,23.72713007164821,28.437534452098095,0.6471995375331341,0.5499095431931252,14.2459029939511,36.24397207044703,0.00948003713929629,0.04307516381552285,"[[2163, 942], [1160, 1693]]","[[211, 134], [164, 153]]"
disclosure_x_bias,91,init_hard,N1,exponential,23.707397553613582,28.353945509076517,0.6463600473746546,0.5514246947082768,14.244259032524171,36.15876112915248,0.009727431432123098,0.04257242515944614,"[[2163, 942], [1165, 1688]]","[[212, 133], [164, 153]]"
disclosure_x_bias,92,init_hard,N1,exponential,23.71259376603368,28.38424664243154,0.6471995375331341,0.5483943916779738,14.245082238072262,36.15452124973191,0.009578512227852434,0.04171787343175004,"[[2165, 940], [1162, 1691]]","[[211, 134], [165, 152]]"
disclosure_x_bias,93,init_hard,N1,exponential,23.710750549166967,28.38138255861163,0.6473670407760419,0.5483943916779738,14.234902862221167,36.13751619326024,0.00934926198176744,0.04171787343175004,"[[2166, 939], [1162, 1691]]","[[211, 134], [165, 152]]"
disclosure_x_bias,94,init_hard,N1,exponential,23.682640221784247,28.377720029812377,0.6473670407760419,0.5468792401628223,14.234560321632433,36.17197757857353,0.00934926198176744,0.041499651497435196,"[[2166, 939], [1162, 1691]]","[[210, 135], [165, 152]]"
disclosure_x_bias,95,init_hard,N1,exponential,23.68252919279814,28.348569000484048,0.6470314703062433,0.5483943916779738,14.234911536162095,36.08695746478175,0.009530236510094223,0.04292331963779388,"[[2163, 942], [1161, 1692]]","[[210, 135], [164, 153]]"
disclosure_x_bias,96,init_hard,N1,exponential,23.61415737272033,28.38784924443197,0.6480384637076307,0.5499095431931252,14.290302035663064,36.18783924094623,0.011052105724095951,0.042478871632892656,"[[2163, 942], [1155, 1698]]","[[210, 135], [163, 154]]"
disclosure_x_bias,97,init_hard,N1,exponential,23.608294667260356,28.38567375767257,0.64820624894253,0.5499095431931252,14.30354492107784,36.16959905232479,0.011001586212912376,0.04126044267992124,"[[2165, 940], [1156, 1697]]","[[211, 134], [164, 153]]"
disclosure_x_bias,98,init_hard,N1,exponential,23.56426172037458,28.30437224858257,0.649212960351926,0.5483943916779738,14.310893904320432,36.28006875968338,0.009612053809788277,0.0371923990346823,"[[2163, 942], [1148, 1705]]","[[210, 135], [164, 153]]"
disclosure_x_bias,99,init_hard,N1,exponential,23.589671305519722,28.30592431364649,0.648709604647228,0.5483943916779738,14.267504349035544,36.22655502807306,0.00992719457634631,0.0371923990346823,"[[2161, 944], [1149, 1704]]","[[210, 135], [164, 153]]"
disclosure_x_bias,100,init_hard,N1,exponential,23.460910209886883,28.296620745782086,0.6482059669505386,0.5468792401628223,14.222351336089615,36.18861400310668,0.010030276167704605,0.03830332964321515,"[[2160, 945], [1151, 1702]]","[[209, 136], [164, 153]]"
disclosure_x_bias,101,init_hard,N1,exponential,23.45884389364506,28.289244265808257,0.6485415374203373,0.5483943916779738,14.224014299847298,36.190997866925834,0.00987750424617212,0.0371923990346823,"[[2163, 942], [1152, 1701]]","[[210, 135], [164, 153]]"
disclosure_x_bias,102,init_hard,N1,exponential,23.44806112299586,28.215806694567334,0.6485415374203373,0.5483943916779738,14.250308721224787,36.12837408642488,0.00987750424617212,0.0371923990346823,"[[2163, 942], [1152, 1701]]","[[210, 135], [164, 153]]"
disclosure_x_bias,103,init_hard,N1,exponential,23.420890159005204,28.235094461734075,0.6493804635948339,0.5468792401628223,14.227911869363044,36.1638521724297,0.010509521007499304,0.03694745805459556,"[[2165, 940], [1149, 1704]]","[[208, 137], [163, 154]]"
disclosure_x_bias,104,init_hard,N1,exponential,23.43375519250781,28.291307095180382,0.6495482488297333,0.5514246947082768,14.251247313796716,36.25558401831601,0.010901608889772433,0.04546963158646014,"[[2171, 934], [1154, 1699]]","[[211, 134], [163, 154]]"
disclosure_x_bias,105,init_hard,N1,exponential,23.434899256047867,28.282848656104267,0.6483729062094636,0.5544097693351425,14.247264572552156,36.197659986566364,0.010902269424342257,0.044316809538224804,"[[2176, 929], [1166, 1687]]","[[213, 132], [163, 154]]"
disclosure_x_bias,106,init_hard,N1,exponential,23.4734288093305,28.347867134208208,0.6490440471490609,0.5544097693351425,14.316784163484607,36.29719522889259,0.010973164056523137,0.044316809538224804,"[[2177, 928], [1163, 1690]]","[[213, 132], [163, 154]]"
disclosure_x_bias,107,init_hard,N1,exponential,23.481164324333964,28.309976276999958,0.6487084766792623,0.5544097693351425,14.322641133643936,36.21661587192332,0.011127731435086639,0.044316809538224804,"[[2176, 929], [1164, 1689]]","[[213, 132], [163, 154]]"
disclosure_x_bias,108,init_hard,N1,exponential,23.473169552583023,28.338918385938506,0.6488762619141617,0.5528946178199909,14.332734893988162,36.243039073068225,0.010779910588258442,0.04011193210880474,"[[2174, 931], [1161, 1692]]","[[212, 133], [163, 154]]"
disclosure_x_bias,109,init_hard,N1,exponential,23.475473130067964,28.368343461729694,0.6493796176188597,0.5528946178199909,14.340036140694677,36.29615496253172,0.010541045296509217,0.04011193210880474,"[[2173, 932], [1157, 1696]]","[[212, 133], [163, 154]]"
disclosure_x_bias,110,init_hard,N1,exponential,23.39785916852342,28.35754060022133,0.6492118323839603,0.5513794663048394,14.383808464847037,36.249173471229305,0.010818708677130277,0.041327834323559444,"[[2172, 933], [1157, 1696]]","[[211, 134], [163, 154]]"
disclosure_x_bias,111,init_hard,N1,exponential,23.345303790277185,28.361177841790493,0.6498829733235576,0.5528946178199909,14.403440333188605,36.323760283016576,0.010510116148680297,0.04011193210880474,"[[2175, 930], [1156, 1697]]","[[212, 133], [163, 154]]"
disclosure_x_bias,112,init_hard,N1,exponential,23.362421043849107,28.330997313206694,0.649547402853759,0.5528946178199909,14.41047292354406,36.24497009596122,0.010700664296404903,0.04011193210880474,"[[2173, 932], [1156, 1697]]","[[212, 133], [163, 154]]"
disclosure_x_bias,113,init_hard,N1,exponential,23.335194572708858,28.312788648497282,0.6503863290282557,0.5544097693351425,14.414490516528836,36.354180807173876,0.010834259368582807,0.04008582280476247,"[[2170, 935], [1148, 1705]]","[[212, 133], [162, 155]]"
disclosure_x_bias,114,init_hard,N1,exponential,23.444615421273365,28.7485262896128,0.6505541142631549,0.555924920850294,14.332810093608781,36.558048352179426,0.010712890414339152,0.03999597182361288,"[[2170, 935], [1147, 1706]]","[[212, 133], [161, 156]]"
disclosure_x_bias,115,init_hard,N1,exponential,23.417489964304124,28.695851042743165,0.6502185437933563,0.555924920850294,14.340562698276512,36.562244261832845,0.011344255621022486,0.03999597182361288,"[[2171, 934], [1150, 1703]]","[[212, 133], [161, 156]]"
disclosure_x_bias,116,init_hard,N1,exponential,23.43195730562027,28.73499507062063,0.6512252552027522,0.555924920850294,14.338757768628493,36.55592215202958,0.010779227817935362,0.03999597182361288,"[[2176, 929], [1149, 1704]]","[[212, 133], [161, 156]]"
disclosure_x_bias,117,init_hard,N1,exponential,23.43536182256258,28.737531823295832,0.6515608256725509,0.555924920850294,14.335883759678419,36.564378040093594,0.01099583746984258,0.03999597182361288,"[[2169, 936], [1140, 1713]]","[[211, 134], [160, 157]]"
disclosure_x_bias,118,init_hard,N1,exponential,23.4391877353028,28.76702348694571,0.6515608256725509,0.555924920850294,14.348062647977924,36.601827159956486,0.01099583746984258,0.03999597182361288,"[[2170, 935], [1141, 1712]]","[[211, 134], [160, 157]]"
disclosure_x_bias,119,init_hard,N1,exponential,23.423765522149765,28.76261740875655,0.6515608256725509,0.555924920850294,14.336005929457313,36.58135881494622,0.01099583746984258,0.03999597182361288,"[[2170, 935], [1141, 1712]]","[[211, 134], [160, 157]]"
disclosure_x_bias,120,init_hard,N1,exponential,23.36042165963673,28.770359129541767,0.6515608256725509,0.555924920850294,14.30836001448318,36.58102558092621,0.01099583746984258,0.03999597182361288,"[[2169, 936], [1140, 1713]]","[[211, 134], [160, 157]]"
disclosure_x_bias,121,init_hard,N1,exponential,23.318769977405637,28.796719928995895,0.6517286109074503,0.5544097693351425,14.350864356739159,36.63145319880597,0.011168569304811724,0.04133888720074022,"[[2169, 936], [1139, 1714]]","[[210, 135], [160, 157]]"
disclosure_x_bias,122,init_hard,N1,exponential,23.305706946349282,28.799104046399787,0.6520641813772489,0.5544097693351425,14.344786158350601,36.66223160720562,0.011306063694768729,0.04133888720074022,"[[2169, 936], [1137, 1716]]","[[210, 135], [160, 157]]"
disclosure_x_bias,123,init_hard,N1,exponential,23.30286857583793,28.745681623618715,0.6520641813772489,0.5544097693351425,14.365658318794605,36.60378825425356,0.011660181948085315,0.04133888720074022,"[[2168, 937], [1136, 1717]]","[[210, 135], [160, 157]]"
disclosure_x_bias,124,init_hard,N1,exponential,23.291628944615802,28.778510801149167,0.6520641813772489,0.5544097693351425,14.346875743083105,36.642379751132836,0.011660181948085315,0.04133888720074022,"[[2168, 937], [1136, 1717]]","[[210, 135], [160, 157]]"
disclosure_x_bias,125,init_hard,N1,exponential,23.28372193532914,28.770767283597035,0.6530708927866449,0.5544097693351425,14.338488454459759,36.59267705300673,0.010425706695619088,0.04133888720074022,"[[2170, 935], [1132, 1721]]","[[210, 135], [160, 157]]"
disclosure_x_bias,126,init_hard,N1,exponential,23.319777682692866,28.79903118603575,0.6529031075517455,0.555924920850294,14.327588950183847,36.663035301745055,0.010234341305661854,0.039353050194170236,"[[2165, 940], [1128, 1725]]","[[210, 135], [159, 158]]"
disclosure_x_bias,127,init_hard,N1,exponential,23.316378738520847,28.76731104522625,0.6527350403248547,0.5574400723654456,14.318130086112271,36.63325778897685,0.010384346348239563,0.03984194791978198,"[[2165, 940], [1129, 1724]]","[[211, 134], [159, 158]]"
disclosure_x_bias,128,init_hard,N1,exponential,23.32826919059574,28.75712814476853,0.6525675370819469,0.5574400723654456,14.336014378328723,36.627983384528115,0.010357701628113997,0.03984194791978198,"[[2165, 940], [1130, 1723]]","[[211, 134], [159, 158]]"
disclosure_x_bias,129,init_hard,N1,exponential,23.311895561110763,28.749421397538896,0.6525672550899555,0.5574400723654456,14.329576603592958,36.61240706088096,0.010724577396170247,0.03984194791978198,"[[2165, 940], [1130, 1723]]","[[211, 134], [159, 158]]"
disclosure_x_bias,130,init_hard,N1,exponential,23.304049522005492,28.779345786858563,0.6532386780215442,0.5574400723654456,14.330290342395553,36.67159829686764,0.010610674742956818,0.03984194791978198,"[[2164, 941], [1125, 1728]]","[[211, 134], [159, 158]]"
disclosure_x_bias,131,init_hard,N1,exponential,23.269175293001158,28.68055529669808,0.6534064632564436,0.5574400723654456,14.341636082801863,36.633459558228544,0.010435887494951444,0.03984194791978198,"[[2165, 940], [1125, 1728]]","[[211, 134], [159, 158]]"
disclosure_x_bias,132,init_hard,N1,exponential,23.26596450413573,28.7171611778599,0.6537420337262422,0.5574400723654456,14.339469041954027,36.72391171267366,0.010523625272212456,0.03984194791978198,"[[2168, 937], [1126, 1727]]","[[211, 134], [159, 158]]"
disclosure_x_bias,133,init_hard,N1,exponential,23.194977076681678,28.704430040452717,0.6542456714229317,0.5589326096788783,14.376714789359474,36.65375862804198,0.01051760221591863,0.039904964505714395,"[[2166, 939], [1121, 1732]]","[[211, 134], [158, 159]]"
disclosure_x_bias,134,init_hard,N1,exponential,23.179788273596706,28.689176812069423,0.653910100953133,0.5559023066485753,14.371600021421637,36.63760937013522,0.01103034600423008,0.03256964993026546,"[[2163, 942], [1120, 1733]]","[[209, 136], [158, 159]]"
disclosure_x_bias,135,init_hard,N1,exponential,23.193869582296294,28.728097612468833,0.6537423157182336,0.5559023066485753,14.377307108407171,36.720205416913736,0.011007079809093089,0.03256964993026546,"[[2161, 944], [1119, 1734]]","[[209, 136], [158, 159]]"
disclosure_x_bias,136,init_hard,N1,exponential,23.17672422076799,28.65049986035178,0.6544134566578309,0.5543871551334238,14.382977567775834,36.617049408138264,0.010503304562962916,0.03494205188447516,"[[2162, 943], [1116, 1737]]","[[208, 137], [158, 159]]"
disclosure_x_bias,137,init_hard,N1,exponential,23.2217681785247,28.729290806815307,0.6544134566578309,0.5498643147896879,14.433200569138553,36.653841512098985,0.011195255487741671,0.034492444558664015,"[[2164, 941], [1118, 1735]]","[[207, 138], [160, 157]]"
disclosure_x_bias,138,init_hard,N1,exponential,23.251789929834292,28.83735274240309,0.6545812418927303,0.5498643147896879,14.426718713011876,36.94715635018306,0.011234848951028957,0.034492444558664015,"[[2164, 941], [1117, 1736]]","[[207, 138], [160, 157]]"
disclosure_x_bias,139,init_hard,N1,exponential,23.239498278444906,28.82074715311159,0.6544137386498223,0.5513568521031208,14.433884373976774,36.92338140202489,0.011185230877559568,0.034926794880016536,"[[2164, 941], [1118, 1735]]","[[207, 138], [159, 158]]"
disclosure_x_bias,140,init_hard,N1,exponential,23.239449824528762,28.784430230297147,0.6557560205290169,0.5498417005879692,14.44514648097191,36.88200345577812,0.009343197321402102,0.031743265670634443,"[[2160, 945], [1106, 1747]]","[[206, 139], [159, 158]]"
disclosure_x_bias,141,init_hard,N1,exponential,23.207188519301166,28.823368092306197,0.6555882352941176,0.5498417005879692,14.42750399169046,36.94274567471712,0.009081084291285131,0.031743265670634443,"[[2158, 947], [1105, 1748]]","[[206, 139], [159, 158]]"
disclosure_x_bias,142,init_hard,N1,exponential,23.20929808937759,28.828838095560997,0.6557560205290169,0.5483265490728177,14.427082998962428,36.98097614838077,0.009140117696905899,0.034618043420621046,"[[2158, 947], [1104, 1749]]","[[205, 140], [159, 158]]"
disclosure_x_bias,143,init_hard,N1,exponential,23.182577577234902,28.863409064005026,0.6559238057639163,0.5483265490728177,14.452143620542996,37.013322542036946,0.009023683513333127,0.034618043420621046,"[[2158, 947], [1103, 1750]]","[[205, 140], [159, 158]]"
disclosure_x_bias,144,init_hard,N1,exponential,23.180244950257215,28.877276327526907,0.6554204500592183,0.5498417005879692,14.458244420714742,37.05691482556519,0.007869838101297042,0.0348094200692556,"[[2159, 946], [1107, 1746]]","[[207, 138], [160, 157]]"
disclosure_x_bias,145,init_hard,N1,exponential,23.175441190759962,28.846936848072907,0.6557560205290169,0.5483265490728177,14.45235725429246,36.994328027842684,0.009071414257003781,0.034618043420621046,"[[2157, 948], [1103, 1750]]","[[205, 140], [159, 158]]"
disclosure_x_bias,146,init_hard,N1,exponential,23.178515542527677,28.87018964115926,0.6557560205290169,0.5483265490728177,14.446816349293416,37.00251072144994,0.009071414257003781,0.034618043420621046,"[[2157, 948], [1103, 1750]]","[[205, 140], [159, 158]]"
disclosure_x_bias,147,init_hard,N1,exponential,23.192215650833642,28.866557612276473,0.6559238057639163,0.5483265490728177,14.462336545795397,36.97610310527048,0.009127083679110295,0.034618043420621046,"[[2157, 948], [1102, 1751]]","[[205, 140], [159, 158]]"
disclosure_x_bias,148,init_hard,N1,exponential,23.179242617090487,28.881324222013557,0.6559238057639163,0.5483265490728177,14.452674597537904,37.01472476420104,0.009127083679110295,0.034618043420621046,"[[2157, 948], [1102, 1751]]","[[205, 140], [159, 158]]"
disclosure_x_bias,149,init_hard,N1,exponential,23.22145367059011,28.868278468897905,0.6559238057639163,0.5498417005879692,14.479380073762,36.9979440482382,0.009127083679110295,0.036245360125381584,"[[2157, 948], [1102, 1751]]","[[206, 139], [159, 158]]"
disclosure_x_bias,150,init_hard,N1,exponential,23.220057991975445,28.871791987888884,0.6560913090068242,0.5483265490728177,14.487890175750422,37.01575303712776,0.008259180957906155,0.033873200730690466,"[[2166, 939], [1110, 1743]]","[[207, 138], [161, 156]]"
disclosure_x_bias,151,init_hard,N1,exponential,23.12673250859732,28.762743522697292,0.6557560205290169,0.5468340117593848,14.524225242657755,36.833132747441205,0.007930765146553989,0.030052119598167778,"[[2166, 939], [1112, 1741]]","[[207, 138], [162, 155]]"
disclosure_x_bias,152,init_hard,N1,exponential,23.103038181184793,28.816515518124113,0.656259376233715,0.5453188602442334,14.469209608843151,36.94232631366481,0.008261419124357565,0.032920768653926714,"[[2167, 938], [1110, 1743]]","[[206, 139], [162, 155]]"
disclosure_x_bias,153,init_hard,N1,exponential,23.173235724028793,28.810266053969617,0.6562599402176978,0.5498417005879692,14.519731386457236,36.8980077579052,0.007926070995191086,0.0348094200692556,"[[2161, 944], [1104, 1749]]","[[207, 138], [160, 157]]"
disclosure_x_bias,154,init_hard,N1,exponential,23.243606148028444,29.31616487338696,0.6564277254525972,0.5483265490728177,14.444164794787515,37.25508584338224,0.008171646039409569,0.033873200730690466,"[[2166, 939], [1108, 1745]]","[[207, 138], [161, 156]]"
disclosure_x_bias,155,init_hard,N1,exponential,23.238036448739827,29.28273348068779,0.655589081270092,0.5498417005879692,14.461310982897523,37.22138949658927,0.009484358033686873,0.0348094200692556,"[[2165, 940], [1112, 1741]]","[[207, 138], [160, 157]]"
disclosure_x_bias,156,init_hard,N1,exponential,23.22561419309766,29.29452635899089,0.6562599402176978,0.5483265490728177,14.45847102540952,37.25629161675841,0.010080160864071609,0.033873200730690466,"[[2171, 934], [1114, 1739]]","[[207, 138], [161, 156]]"
disclosure_x_bias,157,init_hard,N1,exponential,23.22326323308225,29.274182816687954,0.6567632959223958,0.5483265490728177,14.458764909995399,37.21939682747214,0.007671673791676516,0.032332078848736914,"[[2161, 944], [1101, 1752]]","[[206, 139], [160, 157]]"
disclosure_x_bias,158,init_hard,N1,exponential,23.21448072339867,29.29700763285511,0.6574344368619931,0.5498417005879692,14.459361921355203,37.263608940496404,0.00824080800918212,0.03406876168908316,"[[2161, 944], [1097, 1756]]","[[207, 138], [160, 157]]"
disclosure_x_bias,159,init_hard,N1,exponential,23.20711735608484,29.253581518131664,0.6576025040888839,0.5513568521031208,14.455182601428776,37.18453168665136,0.008976965434722622,0.03635809958800731,"[[2162, 943], [1097, 1756]]","[[208, 137], [160, 157]]"
disclosure_x_bias,160,init_hard,N1,exponential,23.18248855632966,29.296881264233207,0.6574347188539845,0.5498643147896879,14.482734341925374,37.2907593108843,0.00834047749539613,0.0359410508568297,"[[2160, 945], [1096, 1757]]","[[208, 137], [161, 156]]"
disclosure_x_bias,161,init_hard,N1,exponential,23.047849995425985,29.227834799501828,0.6574347188539845,0.5498417005879692,14.464291386345094,37.27984583740845,0.00845223977345,0.0348094200692556,"[[2163, 942], [1099, 1754]]","[[208, 137], [161, 156]]"
disclosure_x_bias,162,init_hard,N1,exponential,23.06238613454636,29.205661544001327,0.6576027860808753,0.5483491632745364,14.446748564486851,37.22903613496787,0.008084680116339449,0.0335485152564103,"[[2161, 944], [1096, 1757]]","[[207, 138], [161, 156]]"
disclosure_x_bias,163,init_hard,N1,exponential,23.118172809917326,29.24227200379956,0.6574347188539845,0.5498417005879692,14.486341847047383,37.302337912576995,0.009231372232762294,0.03762654030972432,"[[2159, 946], [1095, 1758]]","[[206, 139], [159, 158]]"
disclosure_x_bias,164,init_hard,N1,exponential,23.100834846688677,29.176749890808377,0.6567635779143872,0.5498417005879692,14.483832725850466,37.15382653777788,0.009147102565181375,0.03762654030972432,"[[2160, 945], [1100, 1753]]","[[206, 139], [159, 158]]"
disclosure_x_bias,165,init_hard,N1,exponential,23.126070992055524,29.276222075435953,0.6570991483841859,0.5468113975576662,14.495108809419628,37.41752053714077,0.00785714146780082,0.032046450772932944,"[[2164, 941], [1102, 1751]]","[[206, 139], [161, 156]]"
disclosure_x_bias,166,init_hard,N1,exponential,23.104414938541904,29.274101629337707,0.6574347188539845,0.5468113975576662,14.494239033565586,37.405608110136555,0.007996744346967517,0.032046450772932944,"[[2165, 940], [1101, 1752]]","[[206, 139], [161, 156]]"
disclosure_x_bias,167,init_hard,N1,exponential,23.102060983721852,29.2818386661368,0.6577705713157747,0.5498643147896879,14.4995278262724,37.42870289795011,0.007419664285699753,0.038675831559445935,"[[2159, 946], [1093, 1760]]","[[206, 139], [159, 158]]"
disclosure_x_bias,168,init_hard,N1,exponential,23.107657433652797,29.28906719687733,0.6576025040888839,0.5483491632745364,14.504034752609096,37.430239435105946,0.007620966650341623,0.03715614200319196,"[[2163, 942], [1098, 1755]]","[[206, 139], [160, 157]]"
disclosure_x_bias,169,init_hard,N1,exponential,23.11403589197107,29.295709549950935,0.6576025040888839,0.5468340117593848,14.516719541963887,37.4599734073609,0.007620966650341623,0.03327447523949848,"[[2161, 944], [1096, 1757]]","[[206, 139], [161, 156]]"
disclosure_x_bias,170,init_hard,N1,exponential,23.11167719580753,29.30908921605294,0.6576025040888839,0.5498643147896879,14.510695620803574,37.45044843414041,0.007620966650341623,0.038675831559445935,"[[2159, 946], [1094, 1759]]","[[206, 139], [159, 158]]"
disclosure_x_bias,171,init_hard,N1,exponential,23.096793139599693,29.275334680534154,0.6581067057695561,0.5452962460425147,14.508483042285576,37.41733606160644,0.00826056763342527,0.03086211218986316,"[[2167, 938], [1099, 1754]]","[[205, 140], [161, 156]]"
disclosure_x_bias,172,init_hard,N1,exponential,23.051242262920457,29.267477155901577,0.6579386385426653,0.5498417005879692,14.50529469081354,37.42487739911587,0.00810924506977823,0.03762654030972432,"[[2166, 939], [1099, 1754]]","[[206, 139], [159, 158]]"
disclosure_x_bias,173,init_hard,N1,exponential,23.035511703667925,29.270407325925568,0.6577708533077661,0.5483265490728177,14.493004767918219,37.41687394836789,0.00847077167918179,0.036762134566195495,"[[2165, 940], [1099, 1754]]","[[205, 140], [159, 158]]"
disclosure_x_bias,174,init_hard,N1,exponential,23.059558851940498,29.283350792993808,0.6576030680728667,0.5483265490728177,14.481357719289251,37.431661695454395,0.009127754781183788,0.036762134566195495,"[[2167, 938], [1102, 1751]]","[[205, 140], [159, 158]]"
disclosure_x_bias,175,init_hard,N1,exponential,23.02540382799378,29.239410463920525,0.6584419942473634,0.5483265490728177,14.532878852882854,37.44340352147377,0.00894053760051452,0.036762134566195495,"[[2165, 940], [1095, 1758]]","[[205, 140], [159, 158]]"
disclosure_x_bias,176,init_hard,N1,exponential,23.005752936923354,29.239505706539763,0.6584419942473634,0.5483265490728177,14.511254101155057,37.40425124002505,0.00894053760051452,0.036762134566195495,"[[2167, 938], [1097, 1756]]","[[205, 140], [159, 158]]"
disclosure_x_bias,177,init_hard,N1,exponential,23.01116726710628,29.24989047483063,0.6584419942473634,0.5498417005879692,14.518165703160927,37.445307692831165,0.00894053760051452,0.03762654030972432,"[[2166, 939], [1096, 1757]]","[[206, 139], [159, 158]]"
disclosure_x_bias,178,init_hard,N1,exponential,23.016407387709734,29.26750109677905,0.6582739270204726,0.5513342379014021,14.523435801892335,37.43230108480529,0.009156385426992137,0.0386715339162677,"[[2167, 938], [1098, 1755]]","[[207, 138], [159, 158]]"
disclosure_x_bias,179,init_hard,N1,exponential,23.008357062347354,29.27318543874093,0.6584419942473634,0.5498417005879692,14.526615148577868,37.495954456026304,0.00894053760051452,0.03762654030972432,"[[2166, 939], [1096, 1757]]","[[206, 139], [159, 158]]"
disclosure_x_bias,180,init_hard,N1,exponential,23.00704887177326,29.268913090126755,0.6582739270204726,0.5513342379014021,14.53869307233179,37.4513497034895,0.009156385426992137,0.0386715339162677,"[[2166, 939], [1097, 1756]]","[[207, 138], [159, 158]]"
disclosure_x_bias,181,init_hard,N1,exponential,23.005676251377896,29.28499664251968,0.6587781287011449,0.5513342379014021,14.54205651371982,37.50017772502238,0.009722644350628471,0.0386715339162677,"[[2164, 941], [1092, 1761]]","[[207, 138], [159, 158]]"
disclosure_x_bias,182,init_hard,N1,exponential,22.98152168270645,29.231197155298986,0.6589461959280356,0.5513116236996833,14.548333986222005,37.49210996802677,0.009509748737428481,0.03956666079337157,"[[2166, 939], [1093, 1760]]","[[206, 139], [158, 159]]"
disclosure_x_bias,183,init_hard,N1,exponential,23.01868858613829,29.247756645215624,0.6589461959280356,0.5498190863862505,14.555721591755713,37.49536261707937,0.009343839351209988,0.03789737346809807,"[[2166, 939], [1093, 1760]]","[[206, 139], [159, 158]]"
disclosure_x_bias,184,init_hard,N1,exponential,23.031238813904213,29.257533090722298,0.6584428402233377,0.5513116236996833,14.558772095028125,37.44706673255298,0.0093185571402634,0.041455593759211665,"[[2166, 939], [1096, 1757]]","[[206, 139], [158, 159]]"
disclosure_x_bias,185,init_hard,N1,exponential,23.017954983203058,29.210569954866276,0.6591142631549264,0.5513116236996833,14.553528407685677,37.44835802670597,0.00915301991457081,0.04083565906653688,"[[2165, 940], [1091, 1762]]","[[205, 140], [157, 160]]"
disclosure_x_bias,186,init_hard,N1,exponential,23.0009989329524,29.242406719417914,0.6594495516327337,0.5528041610131162,14.532718320573855,37.51792751171648,0.009065654295897452,0.0435020612974351,"[[2166, 939], [1090, 1763]]","[[206, 139], [157, 160]]"
disclosure_x_bias,187,init_hard,N1,exponential,23.02310939582693,29.267178115182087,0.6594495516327337,0.5513116236996833,14.5836377003615,37.50122421783905,0.009168581141561973,0.03956666079337157,"[[2168, 937], [1092, 1761]]","[[206, 139], [158, 159]]"
disclosure_x_bias,188,init_hard,N1,exponential,23.017474274168798,29.265167127845825,0.6592817663978343,0.5528267752148349,14.556356506855156,37.53476889719826,0.009778810258987749,0.04024638974907638,"[[2168, 937], [1093, 1760]]","[[207, 138], [158, 159]]"
disclosure_x_bias,189,init_hard,N1,exponential,23.00769017909176,29.214049042988346,0.6594495516327337,0.5497964721845319,14.555227321345125,37.38981823903325,0.009404364001267127,0.04073344439375246,"[[2168, 937], [1092, 1761]]","[[205, 140], [158, 159]]"
disclosure_x_bias,190,init_hard,N1,exponential,23.01988889022787,29.24211355787857,0.6594495516327337,0.5528267752148349,14.567021191720556,37.44007061188475,0.009236561862539879,0.04024638974907638,"[[2168, 937], [1092, 1761]]","[[207, 138], [158, 159]]"
disclosure_x_bias,191,init_hard,N1,exponential,22.980524642060413,29.204022546986558,0.6592817663978343,0.5528267752148349,14.557510265627805,37.393175956014005,0.00925286825542845,0.04024638974907638,"[[2167, 938], [1092, 1761]]","[[207, 138], [158, 159]]"
disclosure_x_bias,192,init_hard,N1,exponential,22.973270831206108,29.204102143544326,0.6592820483898257,0.5528041610131162,14.556692076165723,37.41340711516879,0.009474785270931296,0.0435020612974351,"[[2167, 938], [1092, 1761]]","[[206, 139], [157, 160]]"
disclosure_x_bias,193,init_hard,N1,exponential,22.91655297279325,29.14673960246135,0.659617336867633,0.5512890094979647,14.5974333932949,37.40572491998235,0.009871216851980827,0.04404693358902919,"[[2167, 938], [1090, 1763]]","[[205, 140], [157, 160]]"
disclosure_x_bias,194,init_hard,N1,exponential,22.957094249123664,29.16352688265486,0.6597856860865152,0.5512890094979647,14.615119490390788,37.475376971926686,0.009538401403978625,0.042873091252388626,"[[2168, 937], [1090, 1763]]","[[205, 140], [157, 160]]"
disclosure_x_bias,195,init_hard,N1,exponential,22.966279720353164,29.195890288257782,0.6604562630421296,0.5528041610131162,14.638836683769506,37.554447608106884,0.00899550464879167,0.04291170160452097,"[[2166, 939], [1084, 1769]]","[[206, 139], [157, 160]]"
disclosure_x_bias,196,init_hard,N1,exponential,22.9724693383208,29.183327582324846,0.6604565450341211,0.5512890094979647,14.608848591321962,37.505837519167784,0.009053585576783275,0.04404693358902919,"[[2166, 939], [1084, 1769]]","[[205, 140], [157, 160]]"
disclosure_x_bias,197,init_hard,N1,exponential,22.939178745787338,29.17813701135983,0.6602884778072303,0.5497738579828132,14.618445783751971,37.451452585567296,0.008893456498084186,0.043367078005707896,"[[2166, 939], [1085, 1768]]","[[204, 141], [157, 160]]"
disclosure_x_bias,198,init_hard,N1,exponential,22.94752671652764,29.190473015169268,0.660792961479894,0.5528041610131162,14.634783967148906,37.50351693537168,0.009072281011333097,0.04291170160452097,"[[2166, 939], [1082, 1771]]","[[206, 139], [157, 160]]"
disclosure_x_bias,199,init_hard,N1,exponential,22.933506206119855,29.206562442770498,0.660792961479894,0.5512890094979647,14.624257173908804,37.47243172041166,0.009673005570590976,0.04227394884565772,"[[2167, 938], [1083, 1770]]","[[205, 140], [157, 160]]"
disclosure_x_bias,200,init_hard,N1,exponential,22.731965447467697,28.42592578673367,0.6607932434718855,0.5512890094979647,14.567627395263907,35.67689612106683,0.01001258331020059,0.04404693358902919,"[[2165, 940], [1081, 1772]]","[[205, 140], [157, 160]]"
disclosure_x_bias,201,init_hard,N1,exponential,22.83961071026154,29.03960608852982,0.6602890417912131,0.5497738579828132,14.493807223672738,36.30582283962147,0.009384778682936204,0.04565921883776122,"[[2162, 943], [1081, 1772]]","[[203, 142], [156, 161]]"
disclosure_x_bias,202,init_hard,N1,exponential,22.840086493581058,29.021729565932038,0.6611288139416841,0.5512890094979647,14.532561370366487,36.21716277729643,0.009795751955161172,0.04404693358902919,"[[2168, 937], [1082, 1771]]","[[205, 140], [157, 160]]"
disclosure_x_bias,203,init_hard,N1,exponential,22.84535722646408,29.03862890988531,0.6606243302690203,0.5512890094979647,14.52830179876379,36.2678335992905,0.008907923450128395,0.04404693358902919,"[[2168, 937], [1085, 1768]]","[[205, 140], [157, 160]]"
disclosure_x_bias,204,init_hard,N1,exponential,22.834423669653713,29.033406113998247,0.660792961479894,0.5497738579828132,14.50685230128326,36.23518846670048,0.009575502307033442,0.043367078005707854,"[[2166, 939], [1082, 1771]]","[[204, 141], [157, 160]]"
disclosure_x_bias,205,init_hard,N1,exponential,22.907978480280555,29.033947810163397,0.6606246122610118,0.5543193125282677,14.561701131600023,36.27721562327803,0.008965509536161907,0.04168446221725198,"[[2162, 943], [1079, 1774]]","[[206, 139], [156, 161]]"
disclosure_x_bias,206,init_hard,N1,exponential,22.839189334781427,29.016574004784893,0.6614638204274998,0.5543193125282677,14.514966087682755,36.236448363995315,0.009934260664185146,0.0434814902910718,"[[2163, 942], [1075, 1778]]","[[205, 140], [155, 162]]"
disclosure_x_bias,207,init_hard,N1,exponential,22.837863346671586,29.032203027868086,0.6612957532006091,0.5528041610131162,14.52004645242938,36.28066103844055,0.00809540067836129,0.04231310591371295,"[[2165, 940], [1078, 1775]]","[[205, 140], [156, 161]]"
disclosure_x_bias,208,init_hard,N1,exponential,22.839623868639894,29.045010992313344,0.6617993908972986,0.5558344640434193,14.518050433648712,36.263734031263915,0.009260758208067453,0.0422104102494349,"[[2168, 937], [1078, 1775]]","[[207, 138], [156, 161]]"
disclosure_x_bias,209,init_hard,N1,exponential,22.835425904512668,29.051750219695073,0.6623024646100051,0.5543193125282677,14.524800498987497,36.323750406759345,0.007915918096209106,0.04289084745493165,"[[2166, 939], [1073, 1780]]","[[206, 139], [156, 161]]"
disclosure_x_bias,210,init_hard,N1,exponential,22.865514823047896,29.100042940699364,0.6619668941402064,0.5543193125282677,14.584358427321161,36.35676806750755,0.010355900353039503,0.04289084745493165,"[[2163, 942], [1072, 1781]]","[[206, 139], [156, 161]]"
disclosure_x_bias,211,init_hard,N1,exponential,22.85945697127939,29.043331546608936,0.6629741695335852,0.5543193125282677,14.592931242396556,36.32663258206265,0.008508837151717944,0.04168446221725197,"[[2167, 938], [1070, 1783]]","[[206, 139], [156, 161]]"
disclosure_x_bias,212,init_hard,N1,exponential,22.86117520254358,29.06815141365508,0.6629741695335852,0.5543193125282677,14.604388733944015,36.344253843051895,0.009933549334854911,0.04168446221725197,"[[2165, 940], [1068, 1785]]","[[206, 139], [156, 161]]"
disclosure_x_bias,213,init_hard,N1,exponential,22.84070794184848,29.005380619559496,0.6626385990637866,0.5528041610131162,14.573110174609681,36.207937024157566,0.009284624318667011,0.04231310591371295,"[[2166, 939], [1071, 1782]]","[[205, 140], [156, 161]]"
disclosure_x_bias,214,init_hard,N1,exponential,22.85473631325098,29.05907446950486,0.6631419547684846,0.5528041610131162,14.585082359998946,36.2791268729179,0.009225552561262316,0.04231310591371295,"[[2166, 939], [1068, 1785]]","[[205, 140], [156, 161]]"
disclosure_x_bias,215,init_hard,N1,exponential,22.837887245935228,29.039891479749446,0.6633097400033839,0.5512890094979647,14.574906929486115,36.23782088397072,0.009727835497910809,0.041666191912327774,"[[2171, 934], [1072, 1781]]","[[205, 140], [157, 160]]"
disclosure_x_bias,216,init_hard,N1,exponential,22.83091851025527,29.041261451458023,0.6633097400033839,0.5528041610131162,14.590602034271921,36.2393105642947,0.008992643642004382,0.04231310591371295,"[[2163, 942], [1064, 1789]]","[[205, 140], [156, 161]]"
disclosure_x_bias,217,init_hard,N1,exponential,22.814926669200812,29.034466067948113,0.6636453104731825,0.5528041610131162,14.58848192811183,36.2528939312076,0.008533416496744493,0.04108976182705836,"[[2170, 935], [1069, 1784]]","[[206, 139], [157, 160]]"
disclosure_x_bias,218,init_hard,N1,exponential,22.846570736879816,29.1419318289228,0.663309176019401,0.5528041610131162,14.600698250707639,36.48861369182668,0.00887728386465193,0.04108976182705836,"[[2170, 935], [1071, 1782]]","[[206, 139], [157, 160]]"
disclosure_x_bias,219,init_hard,N1,exponential,22.843735738430972,29.141889262812548,0.6636453104731825,0.5528041610131162,14.60460722284913,36.4736874388025,0.008533416496744493,0.04108976182705836,"[[2169, 936], [1068, 1785]]","[[206, 139], [157, 160]]"
disclosure_x_bias,220,init_hard,N1,exponential,22.825735839289106,29.130471013278775,0.6639811629349726,0.5528041610131162,14.600965034715175,36.48808356588976,0.00869357685420802,0.04108976182705836,"[[2170, 935], [1067, 1786]]","[[206, 139], [157, 160]]"
disclosure_x_bias,221,init_hard,N1,exponential,22.831066551923062,29.132312358354323,0.6636450284811911,0.5497738579828132,14.591538970771996,36.49911861302928,0.008361269485333922,0.0415651037188901,"[[2170, 935], [1069, 1784]]","[[204, 141], [157, 160]]"
disclosure_x_bias,222,init_hard,N1,exponential,22.825954348240455,29.130852535124767,0.6636450284811911,0.5512890094979647,14.610216552565994,36.49536132625075,0.008727359386548778,0.04104943782738782,"[[2169, 936], [1068, 1785]]","[[205, 140], [157, 160]]"
disclosure_x_bias,223,init_hard,N1,exponential,22.82447802088347,29.12339522916316,0.6639808809429812,0.5512890094979647,14.611759656650756,36.457371684749354,0.008561291767403594,0.04104943782738782,"[[2173, 932], [1070, 1783]]","[[205, 140], [157, 160]]"
disclosure_x_bias,224,init_hard,N1,exponential,22.841628071158638,29.14111934096785,0.6639805989509898,0.5512890094979647,14.622387224856327,36.511264115194884,0.00889545303082036,0.04104943782738782,"[[2166, 939], [1063, 1790]]","[[205, 140], [157, 160]]"
disclosure_x_bias,225,init_hard,N1,exponential,22.799441396331968,29.123006212730342,0.6643161694207884,0.5497738579828132,14.637640789227397,36.50208616687323,0.008326414564243507,0.043367078005707854,"[[2161, 944], [1056, 1797]]","[[203, 142], [156, 161]]"
disclosure_x_bias,226,init_hard,N1,exponential,22.796528059206242,29.099887001012387,0.6641483841858891,0.5512890094979647,14.627223268323434,36.470603421171695,0.008671724632402006,0.0446222765121492,"[[2157, 948], [1053, 1800]]","[[203, 142], [155, 162]]"
disclosure_x_bias,227,init_hard,N1,exponential,22.788694558764753,29.115976898036166,0.664148948169872,0.5497738579828132,14.633207382533872,36.48439598024599,0.009606898948950183,0.043367078005707854,"[[2161, 944], [1057, 1796]]","[[203, 142], [156, 161]]"
disclosure_x_bias,228,init_hard,N1,exponential,22.79629869187968,29.074619738177823,0.6644839546556878,0.5497738579828132,14.635687146148644,36.39972387423671,0.009098929165506529,0.043367078005707854,"[[2164, 941], [1058, 1795]]","[[203, 142], [156, 161]]"
disclosure_x_bias,229,init_hard,N1,exponential,22.812445043942194,29.13994101143158,0.6649878743443687,0.5482587064676616,14.642156948757734,36.473593143005246,0.009176798249788043,0.04261658163974348,"[[2171, 934], [1062, 1791]]","[[202, 143], [156, 161]]"
disclosure_x_bias,230,init_hard,N1,exponential,22.794277002293448,29.07510627288034,0.6644842366476792,0.5497738579828132,14.648430428673691,36.39677114570315,0.009086823907147011,0.043367078005707854,"[[2162, 943], [1056, 1797]]","[[202, 143], [155, 162]]"
disclosure_x_bias,231,init_hard,N1,exponential,22.793831383487795,29.06812029530837,0.6654909480570752,0.5497738579828132,14.651134145463272,36.37638475489838,0.008948223993641445,0.043367078005707854,"[[2169, 936], [1057, 1796]]","[[203, 142], [156, 161]]"
disclosure_x_bias,232,init_hard,N1,exponential,22.754040197109948,29.02141069795831,0.665491512041058,0.5482587064676616,14.653190075322515,36.43037161362516,0.009469662164904637,0.04261658163974348,"[[2171, 934], [1059, 1794]]","[[202, 143], [156, 161]]"
disclosure_x_bias,233,init_hard,N1,exponential,22.754500079217657,29.026969239925016,0.6658273645028482,0.5497738579828132,14.652004556251025,36.432525400924284,0.009342771220441517,0.043367078005707854,"[[2171, 934], [1057, 1796]]","[[203, 142], [156, 161]]"
disclosure_x_bias,234,init_hard,N1,exponential,22.74803887711909,29.034086940817637,0.6663310021995376,0.5482587064676616,14.653591983283171,36.45815630360113,0.010183179880099435,0.04261658163974348,"[[2173, 932], [1056, 1797]]","[[202, 143], [156, 161]]"
disclosure_x_bias,235,init_hard,N1,exponential,22.765520354603957,29.025259954309057,0.6664990694264283,0.5482587064676616,14.675993503615675,36.41858469616529,0.010027467753481836,0.04261658163974348,"[[2174, 931], [1056, 1797]]","[[202, 143], [156, 161]]"
disclosure_x_bias,236,init_hard,N1,exponential,22.75659277885011,29.045477955276834,0.6664985054424454,0.5482587064676616,14.664051769050316,36.47190186937384,0.009828907623367758,0.04261658163974348,"[[2175, 930], [1057, 1796]]","[[202, 143], [156, 161]]"
disclosure_x_bias,237,init_hard,N1,exponential,22.691446304598212,29.04618843058959,0.6666662906773448,0.5497738579828132,14.698790153341937,36.44259134434719,0.010659936322602434,0.043367078005707854,"[[2172, 933], [1053, 1800]]","[[203, 142], [156, 161]]"
disclosure_x_bias,238,init_hard,N1,exponential,22.668363276665698,29.047685072584436,0.6663298742315719,0.5482587064676616,14.65539325841745,36.474779679104216,0.010646357448966824,0.04261658163974348,"[[2174, 931], [1057, 1796]]","[[202, 143], [156, 161]]"
disclosure_x_bias,239,init_hard,N1,exponential,22.713113117098203,29.00496616422451,0.6670018611471434,0.5497738579828132,14.686062220311284,36.36419811507399,0.011512444133069677,0.043367078005707854,"[[2173, 932], [1052, 1801]]","[[203, 142], [156, 161]]"
disclosure_x_bias,240,init_hard,N1,exponential,22.697113717276643,28.990981927931433,0.6668343579042355,0.5497738579828132,14.683038102469409,36.33177753415877,0.011171164361893336,0.043367078005707854,"[[2173, 932], [1053, 1800]]","[[203, 142], [156, 161]]"
disclosure_x_bias,241,init_hard,N1,exponential,22.689948374898098,28.992448195102327,0.6666662906773448,0.5482587064676616,14.647010083600529,36.3512293845286,0.011372101358882575,0.04261658163974348,"[[2173, 932], [1054, 1799]]","[[202, 143], [156, 161]]"
disclosure_x_bias,242,init_hard,N1,exponential,22.703683768368894,29.02677640817858,0.6670018611471434,0.5482587064676616,14.688949772619498,36.39088544525425,0.010724721042589239,0.04261658163974348,"[[2174, 931], [1053, 1800]]","[[202, 143], [156, 161]]"
disclosure_x_bias,243,init_hard,N1,exponential,22.704148704132287,28.991804029164804,0.667001579155152,0.5482587064676616,14.699088388132958,36.355012563360745,0.011548092174930507,0.04261658163974348,"[[2176, 929], [1055, 1798]]","[[202, 143], [156, 161]]"
disclosure_x_bias,244,init_hard,N1,exponential,22.700992862832255,28.997275698807094,0.6663298742315719,0.5497738579828132,14.701895039912225,36.374961433967975,0.010994615086354012,0.043367078005707854,"[[2171, 934], [1054, 1799]]","[[203, 142], [156, 161]]"
disclosure_x_bias,245,init_hard,N1,exponential,22.69913706751959,28.986234977673423,0.6670027071231177,0.5482813206693804,14.698331456564615,36.365085573670335,0.009995760383262314,0.04119210622481848,"[[2177, 928], [1056, 1797]]","[[203, 142], [157, 160]]"
disclosure_x_bias,246,init_hard,N1,exponential,22.70582208742866,28.970959274051705,0.6668340759122441,0.5482813206693804,14.708407524199803,36.32566155042608,0.010276076729006186,0.03929050785680515,"[[2177, 928], [1057, 1796]]","[[203, 142], [157, 160]]"
disclosure_x_bias,247,init_hard,N1,exponential,22.699383368054246,29.00917518877001,0.6675057808358242,0.5482813206693804,14.70215519100103,36.386653256838315,0.009540748162240454,0.04119210622481848,"[[2180, 925], [1056, 1797]]","[[203, 142], [157, 160]]"
disclosure_x_bias,248,init_hard,N1,exponential,22.666711071297264,28.955508002753874,0.668177203767413,0.5482813206693804,14.7078025857184,36.40362042315411,0.01049629338101859,0.04119210622481848,"[[2183, 922], [1055, 1798]]","[[203, 142], [157, 160]]"
disclosure_x_bias,249,init_hard,N1,exponential,22.671252327353223,28.980323803368538,0.6680091365405223,0.5482813206693804,14.710030747602065,36.43125999347282,0.009623977280553926,0.04119210622481848,"[[2182, 923], [1055, 1798]]","[[203, 142], [157, 160]]"
disclosure_x_bias,250,init_hard,N1,exponential,22.675974632299656,28.957637189782826,0.6680085725565393,0.5497964721845319,14.724785847150354,36.40275298456866,0.009934057412736895,0.04010234768250568,"[[2182, 923], [1055, 1798]]","[[204, 141], [157, 160]]"
disclosure_x_bias,251,init_hard,N1,exponential,22.676111503268267,29.011054663048448,0.6680091365405223,0.5482813206693804,14.717799875972473,36.4931919248644,0.009785138012538223,0.04119210622481848,"[[2180, 925], [1053, 1800]]","[[203, 142], [157, 160]]"
disclosure_x_bias,252,init_hard,N1,exponential,22.679472809576453,29.0034016298661,0.6675052168518414,0.5482813206693804,14.758104693805615,36.470326793756996,0.00991670295586104,0.0430097107968397,"[[2180, 925], [1056, 1797]]","[[203, 142], [157, 160]]"
disclosure_x_bias,253,init_hard,N1,exponential,22.680968075135233,29.021242451352787,0.6680085725565394,0.5482813206693804,14.738214600294677,36.50629217216678,0.009548734331461249,0.04119210622481848,"[[2183, 922], [1056, 1797]]","[[203, 142], [157, 160]]"
disclosure_x_bias,254,init_hard,N1,exponential,22.67999266834762,29.020364735702778,0.6675052168518414,0.5482813206693804,14.756805536818298,36.47431701311183,0.00991670295586104,0.0430097107968397,"[[2180, 925], [1056, 1797]]","[[203, 142], [157, 160]]"
disclosure_x_bias,255,init_hard,N1,exponential,22.64211000325385,29.039279371589874,0.6678407873216401,0.5497964721845319,14.809115138895017,36.53132059156367,0.00972990782145283,0.04010234768250568,"[[2182, 923], [1056, 1797]]","[[204, 141], [157, 160]]"
disclosure_x_bias,256,init_hard,N1,exponential,22.64629829056714,29.013959477066937,0.6688474987310361,0.5497964721845319,14.798219636637652,36.47658662660515,0.008994932103749322,0.04010234768250568,"[[2186, 919], [1054, 1799]]","[[204, 141], [157, 160]]"
disclosure_x_bias,257,init_hard,N1,exponential,22.636907175716733,29.0335222298644,0.6693511364277255,0.5483039348710991,14.812414557142494,36.49920960673374,0.008918121158693924,0.03839092576288883,"[[2186, 919], [1051, 1802]]","[[203, 142], [157, 160]]"
disclosure_x_bias,258,init_hard,N1,exponential,22.64771210784092,29.043519092749413,0.6686799954881282,0.5483039348710991,14.783232413120531,36.54184332156872,0.010100126056393932,0.03839092576288883,"[[2181, 924], [1050, 1803]]","[[203, 142], [157, 160]]"
disclosure_x_bias,259,init_hard,N1,exponential,22.64859810731445,29.02625094510366,0.6696869888895155,0.5483039348710991,14.783011235289104,36.4986831173132,0.00941584412529657,0.03839092576288883,"[[2185, 920], [1048, 1805]]","[[203, 142], [157, 160]]"
disclosure_x_bias,260,init_hard,N1,exponential,22.665156791770723,29.57106020077211,0.6696869888895155,0.5483039348710991,14.631430519151689,36.96946981863248,0.00964634827384946,0.03839092576288883,"[[2187, 918], [1050, 1803]]","[[203, 142], [157, 160]]"
disclosure_x_bias,261,init_hard,N1,exponential,22.710403326349443,29.501137887060686,0.6696875528734985,0.5498190863862505,14.685618785353473,36.9052216202697,0.009123376460500588,0.03856457076528738,"[[2186, 919], [1049, 1804]]","[[203, 142], [156, 161]]"
disclosure_x_bias,262,init_hard,N1,exponential,22.691716709596285,29.531951503331705,0.670190626586205,0.5483039348710991,14.713070614612448,36.91860480330794,0.009880295537018984,0.03839092576288883,"[[2189, 916], [1049, 1804]]","[[203, 142], [157, 160]]"
disclosure_x_bias,263,init_hard,N1,exponential,22.69220899076394,29.48753400029828,0.6695192036546163,0.5498190863862505,14.702720948891953,36.899159644824664,0.009567666623681692,0.03856457076528738,"[[2187, 918], [1051, 1802]]","[[203, 142], [156, 161]]"
disclosure_x_bias,264,init_hard,N1,exponential,22.69775768163279,29.51358497531253,0.6701909085781963,0.5483039348710991,14.709931393012077,36.91600674217463,0.010213725314213358,0.03839092576288883,"[[2188, 917], [1048, 1805]]","[[203, 142], [157, 160]]"
disclosure_x_bias,265,init_hard,N1,exponential,22.68432484684179,29.493259966505907,0.6698553381083977,0.5483039348710991,14.696893943883769,36.89534690889753,0.010768699581988351,0.03772065718411182,"[[2185, 920], [1047, 1806]]","[[202, 143], [156, 161]]"
disclosure_x_bias,266,init_hard,N1,exponential,22.7102443451815,29.556781350781442,0.6693514184197169,0.5498190863862505,14.757111351098137,36.96988541688472,0.010397510298149509,0.03986548034793464,"[[2185, 920], [1050, 1803]]","[[203, 142], [156, 161]]"
disclosure_x_bias,267,init_hard,N1,exponential,22.688389920069604,29.524612721620418,0.6703586938130958,0.5513342379014021,14.72037767882486,36.93034480011867,0.009481978482368458,0.039968962214420235,"[[2188, 917], [1047, 1806]]","[[203, 142], [155, 162]]"
disclosure_x_bias,268,init_hard,N1,exponential,22.694639289445863,29.558774049003887,0.6693514184197169,0.5498190863862505,14.727055403808235,36.975133377773034,0.010030007530076877,0.03986548034793464,"[[2185, 920], [1050, 1803]]","[[203, 142], [156, 161]]"
disclosure_x_bias,269,init_hard,N1,exponential,22.7041537898282,29.541973457593446,0.6706953922508601,0.5498190863862505,14.728196258228811,36.93343827733177,0.009021748117932094,0.041740892790675055,"[[2191, 914], [1048, 1805]]","[[203, 142], [156, 161]]"
disclosure_x_bias,270,init_hard,N1,exponential,22.70014439389924,29.575776946954484,0.6698547741244149,0.545273631840796,14.736127890626648,37.001026478804555,0.009688945671680084,0.042894689247702046,"[[2189, 916], [1051, 1802]]","[[201, 144], [157, 160]]"
disclosure_x_bias,271,init_hard,N1,exponential,22.708065355373193,29.59869119464248,0.6708631774857594,0.5498190863862505,14.73813386486083,37.054125992075505,0.009149665312270119,0.041740892790675055,"[[2192, 913], [1048, 1805]]","[[203, 142], [156, 161]]"
disclosure_x_bias,272,init_hard,N1,exponential,22.70187279634173,29.5244579361973,0.6701903445942136,0.5467887833559475,14.745433276558051,36.92073875694336,0.009954337752216482,0.0401054152314927,"[[2189, 916], [1049, 1804]]","[[202, 143], [157, 160]]"
disclosure_x_bias,273,init_hard,N1,exponential,22.714990266871787,29.62884571524607,0.6708631774857594,0.5467887833559475,14.743291387198287,37.14505831712406,0.009485375574122726,0.0401054152314927,"[[2192, 913], [1048, 1805]]","[[202, 143], [157, 160]]"
disclosure_x_bias,274,init_hard,N1,exponential,22.556307421561947,28.960493133655234,0.6713668151824488,0.5483039348710991,14.692116668904038,35.64872489891039,0.009393862157140687,0.04033495740077957,"[[2195, 910], [1048, 1805]]","[[202, 143], [156, 161]]"
disclosure_x_bias,275,init_hard,N1,exponential,22.524160493847315,28.8913350516305,0.6715346004173481,0.545273631840796,14.703571165258118,35.64863833378328,0.009731285652408887,0.03916456498513423,"[[2199, 906], [1051, 1802]]","[[202, 143], [158, 159]]"
disclosure_x_bias,276,init_hard,N1,exponential,22.533959258306076,28.91134880038254,0.6710303987366759,0.5483039348710991,14.720845982054572,35.680290077976665,0.009461667987051932,0.04033495740077957,"[[2196, 909], [1051, 1802]]","[[202, 143], [156, 161]]"
disclosure_x_bias,277,init_hard,N1,exponential,22.4895697662404,28.897828260460464,0.6710306807286673,0.5483039348710991,14.709469271365112,35.64012696034634,0.008905284314194439,0.04033495740077957,"[[2199, 906], [1054, 1799]]","[[202, 143], [156, 161]]"
disclosure_x_bias,278,init_hard,N1,exponential,22.50090848154444,28.912707244672994,0.6710306807286673,0.5483039348710991,14.722673935391938,35.682453582508025,0.008619704702143438,0.04033495740077957,"[[2198, 907], [1053, 1800]]","[[202, 143], [156, 161]]"
disclosure_x_bias,279,init_hard,N1,exponential,22.48861430626679,28.90617258104112,0.6706948282668772,0.5483039348710991,14.72174915734961,35.66538571482575,0.009483733831684502,0.04033495740077957,"[[2197, 908], [1054, 1799]]","[[202, 143], [156, 161]]"
disclosure_x_bias,280,init_hard,N1,exponential,22.48154851976448,28.899734793828298,0.6705270430319779,0.5467887833559475,14.729991560251099,35.6835181133522,0.008662681584040103,0.0401054152314927,"[[2196, 909], [1054, 1799]]","[[202, 143], [157, 160]]"
disclosure_x_bias,281,init_hard,N1,exponential,22.486828948872862,28.890629007329984,0.6703592577970785,0.5498190863862505,14.73107346329078,35.65892287991296,0.009623481931571762,0.0398654803479347,"[[2194, 911], [1053, 1800]]","[[202, 143], [155, 162]]"
disclosure_x_bias,282,init_hard,N1,exponential,22.503732578197564,28.89330812762097,0.6727102250296092,0.5513342379014021,14.727442609088403,35.64060127780899,0.009307231507436496,0.04060213224731065,"[[2202, 903], [1047, 1806]]","[[202, 143], [154, 163]]"
disclosure_x_bias,283,init_hard,N1,exponential,22.52376307463119,28.914511600031272,0.6715343184253567,0.5498190863862505,14.755100066540765,35.67260057947338,0.00918001050688681,0.0398654803479347,"[[2200, 905], [1052, 1801]]","[[202, 143], [155, 162]]"
disclosure_x_bias,284,init_hard,N1,exponential,22.522285762937294,28.893039786306936,0.6713662511984659,0.5498190863862505,14.750755494943215,35.62781988699896,0.009281312542267403,0.0398654803479347,"[[2199, 906], [1052, 1801]]","[[202, 143], [155, 162]]"
disclosure_x_bias,285,init_hard,N1,exponential,22.52879240504975,28.896121231295275,0.6717023856522475,0.5498190863862505,14.754628629131645,35.652885395910175,0.009277623415088017,0.0398654803479347,"[[2199, 906], [1050, 1803]]","[[202, 143], [155, 162]]"
disclosure_x_bias,286,init_hard,N1,exponential,22.512445122044696,28.862164566501303,0.6717023856522475,0.5483039348710991,14.75359885755135,35.57126632824328,0.009444696049105665,0.039697526194869444,"[[2199, 906], [1050, 1803]]","[[202, 143], [156, 161]]"
disclosure_x_bias,287,init_hard,N1,exponential,22.574906934141463,28.956433700582085,0.6715343184253568,0.5483039348710991,14.776033595829496,35.77145628463354,0.008831748497647425,0.039049691208279634,"[[2198, 907], [1050, 1803]]","[[202, 143], [156, 161]]"
disclosure_x_bias,288,init_hard,N1,exponential,22.564221449368706,28.961961365441745,0.6717023856522475,0.5483039348710991,14.77007189479248,35.758966664803005,0.009038534953921809,0.039049691208279634,"[[2198, 907], [1049, 1804]]","[[202, 143], [156, 161]]"
disclosure_x_bias,289,init_hard,N1,exponential,22.559725149336053,28.957635488284694,0.6720382381140376,0.5467887833559475,14.776175069190513,35.78073071709021,0.008714269785325158,0.04602821261133207,"[[2198, 907], [1047, 1806]]","[[200, 145], [155, 162]]"
disclosure_x_bias,290,init_hard,N1,exponential,22.55697245380492,28.97747154167656,0.6718701708871468,0.5467887833559475,14.764370481443642,35.81148112240083,0.00876142196367032,0.04602821261133207,"[[2199, 906], [1049, 1804]]","[[200, 145], [155, 162]]"
disclosure_x_bias,291,init_hard,N1,exponential,22.557358966920788,28.964638972970892,0.6722060233489369,0.5467887833559475,14.771806912925031,35.80617328604406,0.008818290416700661,0.04602821261133207,"[[2197, 908], [1045, 1808]]","[[200, 145], [155, 162]]"
disclosure_x_bias,292,init_hard,N1,exponential,22.565702842620702,28.998400964595994,0.6718698888951554,0.5497964721845319,14.78861710134329,35.851319866939996,0.008664809569789251,0.048191400945329754,"[[2197, 908], [1047, 1806]]","[[201, 144], [154, 163]]"
disclosure_x_bias,293,init_hard,N1,exponential,22.571305882604612,29.011833085003747,0.6722057413569454,0.5467887833559475,14.828632640339363,35.871393799020325,0.008614917664318012,0.04602821261133207,"[[2198, 907], [1046, 1807]]","[[200, 145], [155, 162]]"
disclosure_x_bias,294,init_hard,N1,exponential,22.556160331678623,29.0191663017263,0.672541311826744,0.545273631840796,14.80073519839129,35.8900796757328,0.009297053168380837,0.04577150181399661,"[[2202, 903], [1048, 1805]]","[[200, 145], [156, 161]]"
disclosure_x_bias,295,init_hard,N1,exponential,22.563355279632525,28.995618711397004,0.67321414471829,0.545273631840796,14.802861502320434,35.845352701953296,0.00932760757484165,0.04577150181399661,"[[2204, 901], [1046, 1807]]","[[200, 145], [156, 161]]"
disclosure_x_bias,296,init_hard,N1,exponential,22.51675278270634,29.01826802837894,0.6735497151880887,0.545273631840796,14.784436347447928,35.891724679402074,0.009032139538837122,0.04577150181399661,"[[2205, 900], [1045, 1808]]","[[200, 145], [156, 161]]"
disclosure_x_bias,297,init_hard,N1,exponential,22.52108967450732,29.01472998461469,0.6730460774913992,0.5437584803256444,14.776660369970788,35.8886409171953,0.009158594882804056,0.044892623866733546,"[[2204, 901], [1047, 1806]]","[[200, 145], [157, 160]]"
disclosure_x_bias,298,init_hard,N1,exponential,22.54758111914387,29.000669793160846,0.672541311826744,0.5483039348710991,14.774874017572904,35.865315444601336,0.008741694345154585,0.0467768748032251,"[[2194, 911], [1040, 1813]]","[[200, 145], [154, 163]]"
disclosure_x_bias,299,init_hard,N1,exponential,22.54541920176161,29.029605443561167,0.6720371101460719,0.5483039348710991,14.773554383659825,35.9269417609848,0.008580427037450941,0.0467768748032251,"[[2193, 912], [1042, 1811]]","[[200, 145], [154, 163]]"
disclosure_x_bias,300,init_hard,N1,exponential,22.5452450993673,29.008681941019894,0.6727093790536349,0.5483039348710991,14.778796625630124,35.88433737757732,0.00864499205537307,0.0467768748032251,"[[2198, 907], [1043, 1810]]","[[200, 145], [154, 163]]"
disclosure_x_bias,1,init_hard,N2,log_loss,0.6425103956347165,0.8974948755609164,0.6181583103039874,0.5468566259611036,0.006762623238129577,0.2806540742380735,0.02399627250590758,0.024994530524254606,"[[2030, 1075], [1200, 1653]]","[[209, 136], [164, 153]]"
disclosure_x_bias,2,init_hard,N2,log_loss,0.6416981009370419,0.8972420148569278,0.6189986464384412,0.5468566259611036,0.0067078064589824495,0.2806181268595453,0.022542693543351464,0.024994530524254606,"[[2037, 1068], [1202, 1651]]","[[209, 136], [164, 153]]"
disclosure_x_bias,3,init_hard,N2,log_loss,0.640986949987836,0.8971473419714965,0.6216846201567876,0.5483717774762551,0.006672246729868829,0.28091247877535247,0.023567853171152977,0.02634345820143053,"[[2054, 1051], [1203, 1650]]","[[210, 135], [164, 153]]"
disclosure_x_bias,4,init_hard,N2,log_loss,0.6402811407790996,0.8964834780129609,0.6225235463312841,0.5483717774762551,0.006648821840535468,0.2810583743134441,0.024269206599310325,0.02634345820143053,"[[2059, 1046], [1203, 1650]]","[[210, 135], [164, 153]]"
disclosure_x_bias,5,init_hard,N2,log_loss,0.6396642171127638,0.8970450981358808,0.6247081382888726,0.5423790140208051,0.0066285505663089776,0.2812685019387889,0.022077652845517142,0.030334366460042173,"[[2089, 1016], [1220, 1633]]","[[210, 135], [168, 149]]"
disclosure_x_bias,6,init_hard,N2,log_loss,0.6390354777614663,0.8971663451373552,0.6248756415317805,0.5423790140208051,0.0066480892630754055,0.2812836995914513,0.021654932822298304,0.030334366460042173,"[[2089, 1016], [1219, 1634]]","[[210, 135], [168, 149]]"
disclosure_x_bias,7,init_hard,N2,log_loss,0.6384708717171581,0.8969210167999859,0.6255473464553607,0.5423790140208051,0.006646081196389079,0.28145763120019884,0.021462926398950966,0.030334366460042173,"[[2093, 1012], [1219, 1634]]","[[210, 135], [168, 149]]"
disclosure_x_bias,8,init_hard,N2,log_loss,0.6379464604974279,0.896493537978802,0.6255473464553607,0.5438941655359566,0.006640513105340892,0.28174216789870243,0.02122846321516982,0.030878567880708453,"[[2098, 1007], [1224, 1629]]","[[211, 134], [168, 149]]"
disclosure_x_bias,9,init_hard,N2,log_loss,0.6373967315571131,0.8961944074844613,0.6280641249788507,0.5529850746268656,0.006640398356466164,0.2818979473344323,0.016252076106795264,0.05321427545875726,"[[2073, 1032], [1184, 1669]]","[[209, 136], [160, 157]]"
disclosure_x_bias,10,init_hard,N2,log_loss,0.6369138094625981,0.8965240282571315,0.6280641249788507,0.5529850746268656,0.006641893641406476,0.28178716164171297,0.016252076106795264,0.05321427545875726,"[[2071, 1034], [1182, 1671]]","[[209, 136], [160, 157]]"
disclosure_x_bias,11,init_hard,N2,log_loss,0.6364104812606282,0.8967368224171312,0.6292386216231459,0.5529850746268656,0.006671529158196069,0.28199757532538927,0.014964813592615474,0.05321427545875726,"[[2095, 1010], [1199, 1654]]","[[211, 134], [162, 155]]"
disclosure_x_bias,12,init_hard,N2,log_loss,0.6359237248004498,0.89643816178535,0.6295741920929446,0.5545002261420172,0.006693064315838096,0.28220956703678296,0.015125888453232074,0.05461141130067686,"[[2097, 1008], [1199, 1654]]","[[212, 133], [162, 155]]"
disclosure_x_bias,13,init_hard,N2,log_loss,0.6354862270336082,0.8961929236298827,0.6302453330325418,0.5575305291723203,0.006691671406284392,0.28194025846417664,0.015049077773094213,0.054427058818320065,"[[2102, 1003], [1200, 1653]]","[[214, 131], [162, 155]]"
disclosure_x_bias,14,init_hard,N2,log_loss,0.6350112812886903,0.8960010602580175,0.6304134002594326,0.5575305291723203,0.006731144429153465,0.28176520069882727,0.014827508648930543,0.054427058818320065,"[[2104, 1001], [1201, 1652]]","[[214, 131], [162, 155]]"
disclosure_x_bias,15,init_hard,N2,log_loss,0.6345888542570455,0.8959891370246034,0.6304134002594326,0.5575305291723203,0.006738860283630503,0.2816955748756409,0.014827508648930543,0.054427058818320065,"[[2106, 999], [1203, 1650]]","[[214, 131], [162, 155]]"
disclosure_x_bias,16,init_hard,N2,log_loss,0.634163871721053,0.8960163868217361,0.6304134002594326,0.5575305291723203,0.006757700832240251,0.28192125418785985,0.014827508648930543,0.054427058818320065,"[[2104, 1001], [1201, 1652]]","[[214, 131], [162, 155]]"
disclosure_x_bias,17,init_hard,N2,log_loss,0.6337648660582802,0.8962596001755916,0.6304134002594326,0.5575305291723203,0.006765273685471711,0.28222720487233804,0.014827508648930543,0.054427058818320065,"[[2104, 1001], [1201, 1652]]","[[214, 131], [162, 155]]"
disclosure_x_bias,18,init_hard,N2,log_loss,0.6333767414794524,0.8960302964012291,0.6310845411990299,0.5560153776571687,0.006774722386226679,0.2823058677183075,0.01516735907785623,0.054542701143771764,"[[2109, 996], [1202, 1651]]","[[214, 131], [163, 154]]"
disclosure_x_bias,19,init_hard,N2,log_loss,0.6329926728316719,0.8957932992482652,0.6310845411990299,0.5560153776571687,0.006788488536011508,0.2820041524463008,0.01516735907785623,0.054542701143771764,"[[2109, 996], [1202, 1651]]","[[214, 131], [163, 154]]"
disclosure_x_bias,20,init_hard,N2,log_loss,0.6326076785189654,0.8960230453625236,0.6322593198353167,0.5560153776571687,0.006818848100432514,0.2821351283205511,0.013293751960174467,0.054542701143771764,"[[2086, 1019], [1172, 1681]]","[[211, 134], [160, 157]]"
disclosure_x_bias,21,init_hard,N2,log_loss,0.6322362909726317,0.8959603541822604,0.632427105070216,0.5560153776571687,0.006832719602005412,0.2820608997481221,0.013378739079275816,0.054542701143771764,"[[2087, 1018], [1172, 1681]]","[[211, 134], [160, 157]]"
disclosure_x_bias,22,init_hard,N2,log_loss,0.6318544698118896,0.895846720383384,0.6325948903051153,0.5560153776571687,0.006854549636999594,0.28223841680331874,0.013622558493117536,0.054542701143771764,"[[2089, 1016], [1173, 1680]]","[[211, 134], [160, 157]]"
disclosure_x_bias,23,init_hard,N2,log_loss,0.6315100938646369,0.8958389665403018,0.6317559641306187,0.5560153776571687,0.0068600940394441205,0.2821885513250368,0.015316989342932267,0.054542701143771764,"[[2113, 992], [1202, 1651]]","[[214, 131], [163, 154]]"
disclosure_x_bias,24,init_hard,N2,log_loss,0.631162104817413,0.8952683060311853,0.632930460774914,0.5560153776571687,0.006873803951696818,0.28246192425223055,0.013776608346070793,0.054542701143771764,"[[2096, 1009], [1178, 1675]]","[[212, 133], [161, 156]]"
disclosure_x_bias,25,init_hard,N2,log_loss,0.6308266453032537,0.8950420349285088,0.632930460774914,0.5560153776571687,0.006882547892156077,0.28249914356189226,0.013776608346070793,0.054542701143771764,"[[2096, 1009], [1178, 1675]]","[[212, 133], [161, 156]]"
disclosure_x_bias,26,init_hard,N2,log_loss,0.6304861241393291,0.8951611593321452,0.6327626755400146,0.5560153776571687,0.006903966193187524,0.2825121935596089,0.013746526596675867,0.054542701143771764,"[[2095, 1010], [1178, 1675]]","[[212, 133], [161, 156]]"
disclosure_x_bias,27,init_hard,N2,log_loss,0.6301418806587157,0.8952023994773217,0.6325948903051153,0.5560153776571687,0.006931683279671647,0.2825652315729738,0.013507261479315724,0.054542701143771764,"[[2095, 1010], [1179, 1674]]","[[212, 133], [161, 156]]"
disclosure_x_bias,28,init_hard,N2,log_loss,0.6298066782428058,0.8945339132781273,0.6325948903051153,0.5560153776571687,0.006955479036979158,0.28274105042690234,0.013507261479315724,0.054542701143771764,"[[2095, 1010], [1179, 1674]]","[[212, 133], [161, 156]]"
disclosure_x_bias,29,init_hard,N2,log_loss,0.629506669964924,0.8949691455958938,0.6325948903051153,0.5560153776571687,0.006959767452600397,0.28279697378728696,0.013507261479315724,0.054542701143771764,"[[2095, 1010], [1179, 1674]]","[[212, 133], [161, 156]]"
disclosure_x_bias,30,init_hard,N2,log_loss,0.6292056267231311,0.8946378235486266,0.6332668772206869,0.5575305291723203,0.0069635662310212195,0.2829353646671335,0.014384516330233004,0.054427058818320065,"[[2099, 1006], [1179, 1674]]","[[212, 133], [160, 157]]"
disclosure_x_bias,31,init_hard,N2,log_loss,0.628901841760484,0.8945699549372843,0.6336024476904856,0.5575305291723203,0.006974980466641313,0.28294360527453055,0.014448434051123388,0.054427058818320065,"[[2101, 1004], [1179, 1674]]","[[212, 133], [160, 157]]"
disclosure_x_bias,32,init_hard,N2,log_loss,0.6286224181725265,0.8949530653710346,0.6336024476904856,0.559023066485753,0.0069753378674278985,0.28282971000576745,0.014448434051123388,0.05262143276816594,"[[2100, 1005], [1178, 1675]]","[[212, 133], [159, 158]]"
disclosure_x_bias,33,init_hard,N2,log_loss,0.6283368772078866,0.894793832373308,0.6336021656984941,0.5575079149706015,0.006973313709541797,0.2829634167340788,0.014390390891490539,0.05278865485291557,"[[2099, 1006], [1177, 1676]]","[[212, 133], [160, 157]]"
disclosure_x_bias,34,init_hard,N2,log_loss,0.6280098765759174,0.8946349569900592,0.6339380181602843,0.5575079149706015,0.006985388466781102,0.2829897551977047,0.014717537785987311,0.05278865485291557,"[[2102, 1003], [1178, 1675]]","[[212, 133], [160, 157]]"
disclosure_x_bias,35,init_hard,N2,log_loss,0.6277253652364172,0.8945504712426198,0.6336024476904856,0.5575079149706015,0.007007372483555333,0.2831801163740773,0.014620602795170438,0.05278865485291557,"[[2100, 1005], [1178, 1675]]","[[212, 133], [160, 157]]"
disclosure_x_bias,36,init_hard,N2,log_loss,0.6274622855701891,0.8946233294347662,0.6336024476904856,0.5590230664857531,0.007009963890094503,0.2832837733834088,0.014620602795170438,0.056816828575236386,"[[2092, 1013], [1170, 1683]]","[[212, 133], [159, 158]]"
disclosure_x_bias,37,init_hard,N2,log_loss,0.6272042731088092,0.8944328849758003,0.634273588630083,0.5575079149706015,0.007018942929063807,0.28343379362823545,0.014549653004275834,0.058735336162099645,"[[2097, 1008], [1171, 1682]]","[[212, 133], [160, 157]]"
disclosure_x_bias,38,init_hard,N2,log_loss,0.6269349488028813,0.8947313113181199,0.6341058033951835,0.5575079149706015,0.007022572485914347,0.2834187136364288,0.014516874816402254,0.058735336162099645,"[[2096, 1009], [1171, 1682]]","[[212, 133], [160, 157]]"
disclosure_x_bias,39,init_hard,N2,log_loss,0.6266500470974303,0.8947345262972025,0.6359514409790762,0.5575079149706015,0.007060723081239602,0.2834212607277745,0.01417349521683008,0.05741771596366218,"[[2094, 1011], [1158, 1695]]","[[211, 134], [159, 158]]"
disclosure_x_bias,40,init_hard,N2,log_loss,0.6263927400790573,0.8948634966942196,0.6359514409790762,0.5575079149706015,0.007066413801795603,0.28341092964158987,0.013973460188924591,0.05741771596366218,"[[2094, 1011], [1158, 1695]]","[[211, 134], [159, 158]]"
disclosure_x_bias,41,init_hard,N2,log_loss,0.6261415256065813,0.8949406509537944,0.6357833737521854,0.5575079149706015,0.00707640210073587,0.2833414792574835,0.013720536788135972,0.05741771596366218,"[[2094, 1011], [1159, 1694]]","[[211, 134], [159, 158]]"
disclosure_x_bias,42,init_hard,N2,log_loss,0.6258995624962529,0.8948996722821507,0.6366237098866392,0.5575079149706015,0.0070736827903790335,0.2833524493876862,0.012343412357652423,0.05741771596366218,"[[2102, 1003], [1162, 1691]]","[[211, 134], [159, 158]]"
disclosure_x_bias,43,init_hard,N2,log_loss,0.6256656073954955,0.8948011013214078,0.6366237098866392,0.5575079149706015,0.007078120276176775,0.28326682204201487,0.012113193287527526,0.05741771596366218,"[[2102, 1003], [1162, 1691]]","[[211, 134], [159, 158]]"
disclosure_x_bias,44,init_hard,N2,log_loss,0.6254096251898242,0.8945329446517789,0.6367914951215385,0.5575079149706015,0.007092343651693198,0.2834698165912295,0.01231861041502541,0.05741771596366218,"[[2103, 1002], [1162, 1691]]","[[211, 134], [159, 158]]"
disclosure_x_bias,45,init_hard,N2,log_loss,0.6251460726154995,0.8942745391515843,0.6369592803564379,0.5575079149706015,0.007092143469990798,0.2834421654900692,0.012342006791031352,0.05741771596366218,"[[2104, 1001], [1162, 1691]]","[[211, 134], [159, 158]]"
disclosure_x_bias,46,init_hard,N2,log_loss,0.6249095651503329,0.8943439137607305,0.6369592803564379,0.5575079149706015,0.007106029645634294,0.28356673211981376,0.012342006791031352,0.05741771596366218,"[[2104, 1001], [1162, 1691]]","[[211, 134], [159, 158]]"
disclosure_x_bias,47,init_hard,N2,log_loss,0.6246771889437599,0.8945541413345548,0.637295132818228,0.5575079149706015,0.007104406357079218,0.28358061196516626,0.012296722667890857,0.05741771596366218,"[[2106, 999], [1162, 1691]]","[[211, 134], [159, 158]]"
disclosure_x_bias,48,init_hard,N2,log_loss,0.6244426113113297,0.8943044448285876,0.6371273475833286,0.5590230664857531,0.007120758952033961,0.28327713618404693,0.012580334386517534,0.05591173047122658,"[[2106, 999], [1163, 1690]]","[[212, 133], [159, 158]]"
disclosure_x_bias,49,init_hard,N2,log_loss,0.6241855730151086,0.8942044151403363,0.6372951328182279,0.5575079149706015,0.0071609699511460696,0.28328674733110887,0.012498566635238805,0.05741771596366218,"[[2106, 999], [1162, 1691]]","[[211, 134], [159, 158]]"
disclosure_x_bias,50,init_hard,N2,log_loss,0.6239656553087819,0.8940451034133947,0.6374629180531273,0.5575079149706015,0.007162931463682959,0.2833994717321662,0.012712518719615876,0.05741771596366218,"[[2107, 998], [1162, 1691]]","[[211, 134], [159, 158]]"
disclosure_x_bias,51,init_hard,N2,log_loss,0.6237218350328024,0.8940650078948187,0.6379662737578252,0.5575079149706015,0.007189853581479917,0.2834150746822517,0.012545738250678982,0.05741771596366218,"[[2110, 995], [1162, 1691]]","[[211, 134], [159, 158]]"
disclosure_x_bias,52,init_hard,N2,log_loss,0.623506563233098,0.8940918103639957,0.6381340589927247,0.5590230664857531,0.007190077445537563,0.2834497000764615,0.012501331892314511,0.06155744664280422,"[[2114, 991], [1165, 1688]]","[[212, 133], [159, 158]]"
disclosure_x_bias,53,init_hard,N2,log_loss,0.6232888002494433,0.894270286990808,0.6384696294625233,0.5590230664857531,0.007186733018736573,0.2834053415763319,0.012479900393805775,0.06155744664280422,"[[2115, 990], [1164, 1689]]","[[212, 133], [159, 158]]"
disclosure_x_bias,54,init_hard,N2,log_loss,0.6230706060791882,0.8942388716556342,0.6386374146974225,0.5544776119402985,0.0072050166545930255,0.2833514892143645,0.01284846846933222,0.04949227103215141,"[[2125, 980], [1173, 1680]]","[[211, 134], [161, 156]]"
disclosure_x_bias,55,init_hard,N2,log_loss,0.622848987692332,0.8943609566043473,0.6386374146974225,0.5544776119402985,0.007221600211723639,0.28310347040854233,0.0126769065583249,0.04949227103215141,"[[2126, 979], [1174, 1679]]","[[211, 134], [161, 156]]"
disclosure_x_bias,56,init_hard,N2,log_loss,0.6226348199240452,0.8945614607384904,0.6393099655969771,0.5575305291723203,0.007228939866191166,0.2833706397631215,0.011175886394523478,0.06310791378440547,"[[2121, 984], [1165, 1688]]","[[212, 133], [160, 157]]"
disclosure_x_bias,57,init_hard,N2,log_loss,0.6224350996487511,0.8944058575779341,0.6394777508318763,0.5575305291723203,0.007224508087831086,0.2833198193353775,0.011243450141738526,0.06310791378440547,"[[2121, 984], [1164, 1689]]","[[212, 133], [160, 157]]"
disclosure_x_bias,58,init_hard,N2,log_loss,0.6222322410221176,0.8943137991882978,0.639813321301675,0.5560153776571687,0.007213557831245263,0.2830645634555787,0.010891363737131059,0.0590343821290809,"[[2122, 983], [1163, 1690]]","[[211, 134], [160, 157]]"
disclosure_x_bias,59,init_hard,N2,log_loss,0.6220331475309763,0.8942196298664058,0.6401488917714737,0.5545002261420172,0.007214010442125692,0.28280668315284635,0.011178861269775846,0.057788516696348755,"[[2127, 978], [1166, 1687]]","[[211, 134], [161, 156]]"
disclosure_x_bias,60,init_hard,N2,log_loss,0.6218158225427541,0.8943003564366279,0.6399811065365744,0.5575305291723203,0.007239970046768152,0.2825481650094186,0.011150248487195896,0.0576143311106304,"[[2125, 980], [1165, 1688]]","[[212, 133], [160, 157]]"
disclosure_x_bias,61,init_hard,N2,log_loss,0.6216171906146425,0.8940590716929881,0.6399811065365744,0.5575305291723203,0.007246175726423922,0.2825390387151179,0.011150248487195896,0.0576143311106304,"[[2125, 980], [1165, 1688]]","[[212, 133], [160, 157]]"
disclosure_x_bias,62,init_hard,N2,log_loss,0.6214073768947518,0.8942069142377284,0.6403166770063731,0.5560153776571687,0.007263929079884417,0.28255321893103813,0.011148635908302762,0.0590343821290809,"[[2126, 979], [1164, 1689]]","[[211, 134], [160, 157]]"
disclosure_x_bias,63,init_hard,N2,log_loss,0.6212151357365563,0.8943458552369845,0.6406522474761717,0.5560153776571687,0.007261971378208536,0.2824996081319766,0.011657282547532552,0.0590343821290809,"[[2126, 979], [1162, 1691]]","[[211, 134], [160, 157]]"
disclosure_x_bias,64,init_hard,N2,log_loss,0.6210095328080529,0.8943560503558736,0.6404844622412724,0.5560153776571687,0.0072727406167484515,0.2825815173654786,0.01163791294279155,0.0590343821290809,"[[2125, 980], [1162, 1691]]","[[211, 134], [160, 157]]"
disclosure_x_bias,65,init_hard,N2,log_loss,0.6208231757550767,0.8943902694927133,0.6406522474761717,0.5499547715965626,0.007274539986552407,0.28277545033412166,0.011737505217450959,0.048601591341723795,"[[2140, 965], [1176, 1677]]","[[211, 134], [164, 153]]"
disclosure_x_bias,66,init_hard,N2,log_loss,0.620618177642111,0.894315384265221,0.6406522474761717,0.5514699231117142,0.00729456840839722,0.2828589273662187,0.011657282547532552,0.04971870523831893,"[[2138, 967], [1174, 1679]]","[[211, 134], [163, 154]]"
disclosure_x_bias,67,init_hard,N2,log_loss,0.6204266005534007,0.8943112918401775,0.6411556031808697,0.5499547715965626,0.007298738995230764,0.2827847943271196,0.011858504070331594,0.048601591341723795,"[[2140, 965], [1173, 1680]]","[[211, 134], [164, 153]]"
disclosure_x_bias,68,init_hard,N2,log_loss,0.6202437205521556,0.8943612885145462,0.6414914556426597,0.5514699231117142,0.007293338108486783,0.2828845671641674,0.010727479844620988,0.04920299226718318,"[[2141, 964], [1172, 1681]]","[[212, 133], [164, 153]]"
disclosure_x_bias,69,init_hard,N2,log_loss,0.6200424796942459,0.8943632987822788,0.6416592408775591,0.5514699231117142,0.007298333863973255,0.28295769165660783,0.011215602324909967,0.04920299226718318,"[[2142, 963], [1172, 1681]]","[[212, 133], [164, 153]]"
disclosure_x_bias,70,init_hard,N2,log_loss,0.6198426665398056,0.8941854466739756,0.6418270261124583,0.5514699231117142,0.0072891521454234096,0.28309298664153704,0.011327193856708736,0.04920299226718318,"[[2143, 962], [1172, 1681]]","[[212, 133], [164, 153]]"
disclosure_x_bias,71,init_hard,N2,log_loss,0.6196606706818127,0.8940595564099525,0.6414914556426597,0.5499547715965626,0.007290161561125298,0.28298752169791497,0.01151501421156065,0.048601591341723795,"[[2141, 964], [1172, 1681]]","[[211, 134], [164, 153]]"
disclosure_x_bias,72,init_hard,N2,log_loss,0.6194649655125968,0.8945761939276032,0.6418270261124583,0.5499547715965626,0.007282838182824844,0.2830461340626635,0.01189297553281897,0.048601591341723795,"[[2142, 963], [1171, 1682]]","[[211, 134], [164, 153]]"
disclosure_x_bias,73,init_hard,N2,log_loss,0.6192688627496582,0.8946701748368548,0.6423306638091478,0.5514699231117142,0.007290108907479328,0.2830369405286447,0.011412200373937004,0.04920299226718318,"[[2143, 962], [1169, 1684]]","[[212, 133], [164, 153]]"
disclosure_x_bias,74,init_hard,N2,log_loss,0.6190838704788965,0.8946011914736847,0.6424981670520558,0.5499547715965626,0.007296857890768746,0.28294324164025186,0.01132952347480812,0.045343394951919955,"[[2142, 963], [1167, 1686]]","[[211, 134], [164, 153]]"
disclosure_x_bias,75,init_hard,N2,log_loss,0.6188874546331468,0.8947019231062917,0.642666516270938,0.5499547715965626,0.007316612904215142,0.282716098064891,0.011489011216421716,0.045343394951919955,"[[2141, 964], [1165, 1688]]","[[211, 134], [164, 153]]"
disclosure_x_bias,76,init_hard,N2,log_loss,0.6186951940781545,0.8945389767196534,0.6428343015058372,0.5499547715965626,0.007339305292473183,0.2829744284957416,0.011418573048434863,0.045343394951919955,"[[2143, 962], [1166, 1687]]","[[211, 134], [164, 153]]"
disclosure_x_bias,77,init_hard,N2,log_loss,0.6185216165863777,0.8945260107625537,0.6431698719756358,0.5469244685662595,0.007341291233470281,0.28298820615404846,0.011351025813917196,0.04443078407302662,"[[2145, 960], [1166, 1687]]","[[210, 135], [165, 152]]"
disclosure_x_bias,78,init_hard,N2,log_loss,0.618327893217409,0.8946731524264477,0.6448499802605606,0.5514246947082768,0.00734520479961666,0.2831134037240092,0.01075157014711438,0.04135675251873549,"[[2173, 932], [1184, 1669]]","[[214, 131], [166, 151]]"
disclosure_x_bias,79,init_hard,N2,log_loss,0.6181433609820137,0.8945055574293843,0.6451855507303592,0.5514246947082768,0.007350545225864978,0.28323107053336305,0.010726486415790779,0.04135675251873549,"[[2169, 936], [1178, 1675]]","[[213, 132], [165, 152]]"
disclosure_x_bias,80,init_hard,N2,log_loss,0.6179738211359014,0.8947793420285167,0.6455211212001579,0.5514246947082768,0.007345184223691732,0.28299657650033333,0.009643557896372355,0.04135675251873549,"[[2168, 937], [1175, 1678]]","[[213, 132], [165, 152]]"
disclosure_x_bias,81,init_hard,N2,log_loss,0.6178029168933826,0.8947124263409588,0.6458566916699565,0.5514246947082768,0.007332229576089167,0.28300302549245243,0.009458149468147468,0.04135675251873549,"[[2172, 933], [1177, 1676]]","[[214, 131], [166, 151]]"
disclosure_x_bias,82,init_hard,N2,log_loss,0.6176431753098255,0.8948347496485807,0.646024476904856,0.5514246947082768,0.0073313915252477095,0.28291151746574383,0.009409056230243894,0.04135675251873549,"[[2172, 933], [1176, 1677]]","[[214, 131], [166, 151]]"
disclosure_x_bias,83,init_hard,N2,log_loss,0.6174750912138907,0.8946340755521011,0.6458566916699565,0.5514246947082768,0.007335488107213565,0.28298952724166215,0.009458149468147468,0.04135675251873549,"[[2172, 933], [1177, 1676]]","[[214, 131], [166, 151]]"
disclosure_x_bias,84,init_hard,N2,log_loss,0.6173127205563068,0.8948292055032436,0.6458566916699565,0.5529398462234283,0.00733686409280269,0.2829539026538937,0.00958952455255528,0.04550101894582413,"[[2160, 945], [1165, 1688]]","[[213, 132], [164, 153]]"
disclosure_x_bias,85,init_hard,N2,log_loss,0.6171449198250192,0.894604495345888,0.6466956178444532,0.5499095431931252,0.007337581995127014,0.2826925044207702,0.009444814047460507,0.04594067642499291,"[[2163, 942], [1163, 1690]]","[[212, 133], [165, 152]]"
disclosure_x_bias,86,init_hard,N2,log_loss,0.6169675183052001,0.8946143125927992,0.6468634030793525,0.5499095431931252,0.007354249148025966,0.28251756327948885,0.009412282342554354,0.04594067642499291,"[[2162, 943], [1161, 1692]]","[[212, 133], [165, 152]]"
disclosure_x_bias,87,init_hard,N2,log_loss,0.6167964606476068,0.8945952254958381,0.6470311883142519,0.5514246947082768,0.007351553456552414,0.2823280836875233,0.009207988837333324,0.045469631586460134,"[[2164, 941], [1162, 1691]]","[[213, 132], [165, 152]]"
disclosure_x_bias,88,init_hard,N2,log_loss,0.6166117896143818,0.8946164734175932,0.6470311883142519,0.5499095431931252,0.00735549393785922,0.2825374835048999,0.009704175395769742,0.04594067642499291,"[[2162, 943], [1160, 1693]]","[[212, 133], [165, 152]]"
disclosure_x_bias,89,init_hard,N2,log_loss,0.616448059528245,0.8947864922628668,0.6468634030793525,0.5499095431931252,0.007357930458791828,0.28227825762290915,0.009412282342554354,0.04594067642499291,"[[2163, 942], [1162, 1691]]","[[212, 133], [165, 152]]"
disclosure_x_bias,90,init_hard,N2,log_loss,0.6162954857737821,0.8948028254426419,0.6470309063222605,0.5514246947082768,0.0073542666477660204,0.2823634335225525,0.009151808177732312,0.045469631586460134,"[[2164, 941], [1162, 1691]]","[[213, 132], [165, 152]]"
disclosure_x_bias,91,init_hard,N2,log_loss,0.6161044191960218,0.8948329739574001,0.6471986915571598,0.5499095431931252,0.007347824604949431,0.2819750363920608,0.009281439129142614,0.04594067642499291,"[[2164, 941], [1161, 1692]]","[[212, 133], [165, 152]]"
disclosure_x_bias,92,init_hard,N2,log_loss,0.6159547946624098,0.8949695818958234,0.6480376177316565,0.5483943916779738,0.007342623557938102,0.28178061219974393,0.01026094926708943,0.04232488825972103,"[[2160, 945], [1152, 1701]]","[[210, 135], [164, 153]]"
disclosure_x_bias,93,init_hard,N2,log_loss,0.6157929196365197,0.8949431021104838,0.6482056849585472,0.5483943916779738,0.0073524990512476365,0.2817514573024631,0.010256899290822186,0.04232488825972103,"[[2159, 946], [1150, 1703]]","[[210, 135], [164, 153]]"
disclosure_x_bias,94,init_hard,N2,log_loss,0.6156275683103746,0.8955511489067621,0.6482056849585472,0.5483943916779738,0.007332829267546698,0.28182375185166136,0.010256899290822186,0.04232488825972103,"[[2160, 945], [1151, 1702]]","[[210, 135], [164, 153]]"
disclosure_x_bias,95,init_hard,N2,log_loss,0.6154643517186287,0.895475034814722,0.6482056849585472,0.5483943916779738,0.007345632749770083,0.28184292520980064,0.010256899290822186,0.04232488825972103,"[[2159, 946], [1150, 1703]]","[[210, 135], [164, 153]]"
disclosure_x_bias,96,init_hard,N2,log_loss,0.6153177944097672,0.8955897543788544,0.6482059669505386,0.5483943916779738,0.007343428148852462,0.28180849415671977,0.010576728890375892,0.04232488825972103,"[[2159, 946], [1150, 1703]]","[[210, 135], [164, 153]]"
disclosure_x_bias,97,init_hard,N2,log_loss,0.6151640257446124,0.8954643228199128,0.6473659128080762,0.5513794663048394,0.007338512833539107,0.2818684864319739,0.010934922927838013,0.041327834323559444,"[[2167, 938], [1163, 1690]]","[[212, 133], [164, 153]]"
disclosure_x_bias,98,init_hard,N2,log_loss,0.6150014982001913,0.8955534800381034,0.6482048389825729,0.5513794663048394,0.007334764196433685,0.28167841149382133,0.010618534005458508,0.041327834323559444,"[[2169, 936], [1160, 1693]]","[[212, 133], [164, 153]]"
disclosure_x_bias,99,init_hard,N2,log_loss,0.6148559719550637,0.8953851281430152,0.6487090406632452,0.5483943916779738,0.007328448194334043,0.28167120399044304,0.010105069405279098,0.04232488825972103,"[[2162, 943], [1150, 1703]]","[[210, 135], [164, 153]]"
disclosure_x_bias,100,init_hard,N2,log_loss,0.6147107249968208,0.8957133481405641,0.6482051209745643,0.5528946178199909,0.007322143704995868,0.28163953564223954,0.009874930454036908,0.04011193210880474,"[[2169, 936], [1160, 1693]]","[[213, 132], [164, 153]]"
disclosure_x_bias,101,init_hard,N2,log_loss,0.6145600377352324,0.8958085205459826,0.6487093226552366,0.5483943916779738,0.007320702207461077,0.2815541444979358,0.010094243474154064,0.04232488825972103,"[[2162, 943], [1150, 1703]]","[[210, 135], [164, 153]]"
disclosure_x_bias,102,init_hard,N2,log_loss,0.6144135657517702,0.895973442102272,0.6482051209745643,0.5513794663048394,0.007317300816056144,0.2816965039758504,0.010125168197938723,0.041327834323559444,"[[2170, 935], [1161, 1692]]","[[212, 133], [164, 153]]"
disclosure_x_bias,103,init_hard,N2,log_loss,0.6142664310772676,0.8957661703213311,0.6482051209745643,0.5513794663048394,0.0073183577714725405,0.2818689249419825,0.010278473537658801,0.041327834323559444,"[[2173, 932], [1164, 1689]]","[[212, 133], [164, 153]]"
disclosure_x_bias,104,init_hard,N2,log_loss,0.6141035505725663,0.8958629335678083,0.648540691444363,0.5513794663048394,0.007326640063966285,0.2818552335191513,0.01006752722174236,0.041327834323559444,"[[2172, 933], [1161, 1692]]","[[212, 133], [164, 153]]"
disclosure_x_bias,105,init_hard,N2,log_loss,0.6139486957210514,0.8959490692220278,0.6490440471490609,0.5528946178199909,0.007335462398628238,0.2817019478826734,0.009956907966950085,0.04011193210880474,"[[2172, 933], [1158, 1695]]","[[213, 132], [164, 153]]"
disclosure_x_bias,106,init_hard,N2,log_loss,0.6137966903841259,0.8959022620297421,0.6490440471490609,0.5513794663048394,0.007336130828564749,0.28170687595738353,0.010447467415181632,0.041327834323559444,"[[2171, 934], [1157, 1696]]","[[212, 133], [164, 153]]"
disclosure_x_bias,107,init_hard,N2,log_loss,0.6136026266021501,0.8957723630618597,0.6492118323839604,0.5528946178199909,0.007350652852520264,0.2818022429110057,0.010007663384151187,0.041364205571509154,"[[2167, 938], [1152, 1701]]","[[212, 133], [163, 154]]"
disclosure_x_bias,108,init_hard,N2,log_loss,0.6134457429877862,0.8957433015692488,0.6497151880886582,0.5544097693351425,0.007343958017317654,0.2816949060224929,0.010562966563683236,0.040085822804762486,"[[2173, 932], [1155, 1698]]","[[213, 132], [163, 154]]"
disclosure_x_bias,109,init_hard,N2,log_loss,0.6133033843928224,0.8956922137568469,0.6502185437933563,0.5544097693351425,0.0073433686411434,0.2815113173466674,0.010150992085856398,0.040085822804762486,"[[2172, 933], [1151, 1702]]","[[213, 132], [163, 154]]"
disclosure_x_bias,110,init_hard,N2,log_loss,0.6131597697650879,0.8958845688286494,0.6493796176188595,0.5544097693351425,0.007346739432982503,0.2814352953671958,0.010270504317365035,0.040085822804762486,"[[2175, 930], [1159, 1694]]","[[213, 132], [163, 154]]"
disclosure_x_bias,111,init_hard,N2,log_loss,0.6130227176498273,0.896044338508311,0.6507218994980543,0.5544097693351425,0.007348440592267726,0.28130164386246687,0.010557590103969679,0.040085822804762486,"[[2173, 932], [1149, 1704]]","[[212, 133], [162, 155]]"
disclosure_x_bias,112,init_hard,N2,log_loss,0.6128844449394423,0.8960925560230002,0.6503863290282557,0.5544097693351425,0.007348548076452295,0.2813994338797404,0.010148518848474012,0.040085822804762486,"[[2171, 934], [1149, 1704]]","[[212, 133], [162, 155]]"
disclosure_x_bias,113,init_hard,N2,log_loss,0.6127405378083364,0.8963763277374923,0.6512252552027522,0.5544097693351425,0.007341072729122259,0.2813352516501347,0.009774816450831923,0.040085822804762486,"[[2177, 928], [1150, 1703]]","[[212, 133], [162, 155]]"
disclosure_x_bias,114,init_hard,N2,log_loss,0.6126061959434921,0.8961519092884256,0.650050758558457,0.5544097693351425,0.007339631785034838,0.28153976937749065,0.010807100901452772,0.040085822804762486,"[[2174, 931], [1154, 1699]]","[[212, 133], [162, 155]]"
disclosure_x_bias,115,init_hard,N2,log_loss,0.6124695663166221,0.8961022407652145,0.6515608256725509,0.5544097693351425,0.007337856171912063,0.28159553687492583,0.010967353564904954,0.04133888720074022,"[[2176, 929], [1147, 1706]]","[[212, 133], [162, 155]]"
disclosure_x_bias,116,init_hard,N2,log_loss,0.6123205645865586,0.8962550417999708,0.6513930404376516,0.5528946178199909,0.007336086492682621,0.28147815163792445,0.011102853584599537,0.041364205571509154,"[[2176, 929], [1148, 1705]]","[[211, 134], [162, 155]]"
disclosure_x_bias,117,init_hard,N2,log_loss,0.6121640079561314,0.896205750571502,0.651057469967853,0.5544097693351425,0.0073507685080237,0.28146609591762645,0.010322073311793986,0.040085822804762486,"[[2181, 924], [1155, 1698]]","[[213, 132], [163, 154]]"
disclosure_x_bias,118,init_hard,N2,log_loss,0.61202162226889,0.8963215586314632,0.6518963961423496,0.555924920850294,0.007355825015609678,0.2817133106419538,0.010594212837225865,0.03999597182361288,"[[2178, 927], [1147, 1706]]","[[213, 132], [162, 155]]"
disclosure_x_bias,119,init_hard,N2,log_loss,0.6118843651815558,0.8963023541833948,0.6517286109074503,0.5528946178199909,0.0073528012064107365,0.28147955305524885,0.010141056637341302,0.03236973694158581,"[[2176, 929], [1146, 1707]]","[[211, 134], [162, 155]]"
disclosure_x_bias,120,init_hard,N2,log_loss,0.6117415253032623,0.8965448577411955,0.6522319666121482,0.5498643147896879,0.00735825497444697,0.28115253845022964,0.010040598630421524,0.032197563945762224,"[[2178, 927], [1145, 1708]]","[[210, 135], [163, 154]]"
disclosure_x_bias,121,init_hard,N2,log_loss,0.6116103980647012,0.8963593854004053,0.6529031075517455,0.5513794663048394,0.007356096344616288,0.2814998009752193,0.009733045917481717,0.029862127342001468,"[[2177, 928], [1140, 1713]]","[[210, 135], [162, 155]]"
disclosure_x_bias,122,init_hard,N2,log_loss,0.6114813053250732,0.8964823872441627,0.653406745248435,0.5513794663048394,0.007355076089769465,0.28146214982652096,0.009315900814026973,0.029862127342001468,"[[2171, 934], [1131, 1722]]","[[209, 136], [161, 156]]"
disclosure_x_bias,123,init_hard,N2,log_loss,0.6113487373530304,0.8965508929997019,0.6532389600135355,0.5528946178199909,0.007350429878989468,0.2813786600395955,0.009576845968473881,0.029912443264909053,"[[2176, 929], [1137, 1716]]","[[210, 135], [161, 156]]"
disclosure_x_bias,124,init_hard,N2,log_loss,0.6112152054132246,0.8965156599614993,0.6532389600135355,0.5513794663048394,0.007342934133148326,0.2813789648937022,0.009378826900551694,0.031524229640874965,"[[2176, 929], [1137, 1716]]","[[209, 136], [161, 156]]"
disclosure_x_bias,125,init_hard,N2,log_loss,0.6110890629665585,0.8965949168265175,0.6537423157182336,0.5544097693351425,0.00733662879031692,0.28127837955205165,0.009643854046672458,0.03944436572445375,"[[2179, 926], [1137, 1716]]","[[211, 134], [161, 156]]"
disclosure_x_bias,126,init_hard,N2,log_loss,0.6109387911584341,0.8964621505288074,0.6530711747786363,0.555924920850294,0.007350786707810795,0.2813934524200961,0.010048013326291372,0.039353050194170236,"[[2176, 929], [1138, 1715]]","[[212, 133], [161, 156]]"
disclosure_x_bias,127,init_hard,N2,log_loss,0.6107895642569483,0.8970187463463384,0.6532389600135355,0.5544097693351425,0.007335710818205846,0.2814396833059271,0.010481331242982901,0.03944436572445375,"[[2175, 930], [1136, 1717]]","[[211, 134], [161, 156]]"
disclosure_x_bias,128,init_hard,N2,log_loss,0.6106635695702858,0.8969538494572703,0.6534067452484349,0.5528946178199909,0.007335977331205822,0.2815051850522397,0.010779104226146656,0.03236973694158582,"[[2173, 932], [1133, 1720]]","[[209, 136], [160, 157]]"
disclosure_x_bias,129,init_hard,N2,log_loss,0.6105391893603253,0.8969219906918818,0.6534067452484349,0.5498643147896879,0.007330984670066744,0.2814395569733442,0.01120593814017998,0.03139534872415173,"[[2171, 934], [1131, 1722]]","[[208, 137], [161, 156]]"
disclosure_x_bias,130,init_hard,N2,log_loss,0.6104101285219129,0.8973331864246594,0.653910100953133,0.5513794663048394,0.007329390481841016,0.2812079051405502,0.011030346004230057,0.031524229640874986,"[[2169, 936], [1126, 1727]]","[[208, 137], [160, 157]]"
disclosure_x_bias,131,init_hard,N2,log_loss,0.6102622809410597,0.897300438398078,0.6547490271276295,0.5468340117593848,0.007324402609669196,0.2812869209527644,0.010876074314138354,0.03170426307932876,"[[2171, 934], [1123, 1730]]","[[207, 138], [162, 155]]"
disclosure_x_bias,132,init_hard,N2,log_loss,0.610138929963382,0.8975221899711181,0.6547490271276295,0.5483491632745364,0.007319789230687005,0.2812955506312598,0.011018937322376528,0.03277937878269265,"[[2167, 938], [1119, 1734]]","[[207, 138], [161, 156]]"
disclosure_x_bias,133,init_hard,N2,log_loss,0.6100071974988575,0.8974299164609411,0.654916812362529,0.5483491632745363,0.007311271916393882,0.2811999971246415,0.009920042480285914,0.03199175629515963,"[[2170, 935], [1121, 1732]]","[[208, 137], [162, 155]]"
disclosure_x_bias,134,init_hard,N2,log_loss,0.6098705125188991,0.8975113131068939,0.6552523828323276,0.5483491632745363,0.007316299093782202,0.2811158452700348,0.010506219691523965,0.030355264218717933,"[[2167, 938], [1116, 1737]]","[[208, 137], [162, 155]]"
disclosure_x_bias,135,init_hard,N2,log_loss,0.6097365926356335,0.8975218434153748,0.654916812362529,0.5483491632745363,0.00731238045510957,0.28123649654148686,0.010138364016427941,0.03199175629515963,"[[2167, 938], [1118, 1735]]","[[208, 137], [162, 155]]"
disclosure_x_bias,136,init_hard,N2,log_loss,0.6096057521902745,0.8974012516237279,0.6554204500592183,0.5483491632745364,0.0073130169544669,0.2811046828429546,0.009654751370110605,0.03503617103751925,"[[2166, 939], [1114, 1739]]","[[207, 138], [161, 156]]"
disclosure_x_bias,137,init_hard,N2,log_loss,0.6094802027587016,0.8976826174390057,0.6545815238847217,0.5498643147896879,0.007313691005142515,0.2809539644826843,0.009986104217610016,0.03139534872415173,"[[2167, 938], [1120, 1733]]","[[208, 137], [161, 156]]"
disclosure_x_bias,138,init_hard,N2,log_loss,0.6093495601188006,0.8976626544180913,0.6545815238847217,0.5498643147896879,0.00730755535578233,0.28101193302600874,0.009667797214948369,0.03374482966473764,"[[2167, 938], [1120, 1733]]","[[208, 137], [161, 156]]"
disclosure_x_bias,139,init_hard,N2,log_loss,0.6092247944634848,0.8974928577020924,0.6545815238847217,0.5528946178199909,0.007301825369850971,0.2810082835801676,0.009570240887913004,0.032369736941585826,"[[2163, 942], [1116, 1737]]","[[209, 136], [160, 157]]"
disclosure_x_bias,140,init_hard,N2,log_loss,0.6090966908440552,0.897714842811822,0.6555879533021262,0.5498643147896879,0.007301320182677696,0.28109266521218634,0.009725098201024403,0.03374482966473764,"[[2166, 939], [1113, 1740]]","[[208, 137], [161, 156]]"
disclosure_x_bias,141,init_hard,N2,log_loss,0.608974276323508,0.8975900205717936,0.6544137386498223,0.5498643147896879,0.00729964999664986,0.2812088903589807,0.01046276510513827,0.030572090523559872,"[[2168, 937], [1122, 1731]]","[[209, 136], [162, 155]]"
disclosure_x_bias,142,init_hard,N2,log_loss,0.6088403193668188,0.8976582816214643,0.6554201680672269,0.5498643147896879,0.007310376033088758,0.28121212962068404,0.010651681969654117,0.03374482966473764,"[[2167, 938], [1115, 1738]]","[[208, 137], [161, 156]]"
disclosure_x_bias,143,init_hard,N2,log_loss,0.6087082459338533,0.8977097493554445,0.655252664824319,0.5498643147896879,0.007319036744204702,0.28105934775845887,0.010933422726956854,0.03374482966473764,"[[2168, 937], [1117, 1736]]","[[208, 137], [161, 156]]"
disclosure_x_bias,144,init_hard,N2,log_loss,0.6085878240895053,0.8979629548496348,0.6552523828323276,0.5498643147896879,0.007315911750850456,0.2811725073547744,0.010565597337476343,0.03374482966473764,"[[2166, 939], [1115, 1738]]","[[208, 137], [161, 156]]"
disclosure_x_bias,145,init_hard,N2,log_loss,0.6084683938689818,0.8979754289190914,0.6562599402176978,0.5498643147896879,0.007311193174041965,0.28121687769810627,0.010857033509671685,0.03374482966473764,"[[2165, 940], [1108, 1745]]","[[208, 137], [161, 156]]"
disclosure_x_bias,146,init_hard,N2,log_loss,0.6083316717244639,0.8979763020113871,0.6562596582257064,0.5468340117593848,0.007319243411588753,0.281111275898668,0.01148319785617619,0.034773856667397504,"[[2164, 941], [1107, 1746]]","[[206, 139], [161, 156]]"
disclosure_x_bias,147,init_hard,N2,log_loss,0.608213560143033,0.8980761604646906,0.6560918729908071,0.5453188602442334,0.007319473684179618,0.2807711290842596,0.010998472559558,0.03368667705927253,"[[2169, 936], [1113, 1740]]","[[207, 138], [163, 154]]"
disclosure_x_bias,148,init_hard,N2,log_loss,0.6080929815087383,0.8979776785662998,0.6560918729908071,0.5468340117593848,0.007311493562897754,0.2807733302496568,0.011139765970214672,0.034773856667397504,"[[2166, 939], [1110, 1743]]","[[207, 138], [162, 155]]"
disclosure_x_bias,149,init_hard,N2,log_loss,0.6079606674190428,0.8982214449361253,0.6565955106874964,0.5468340117593848,0.007314027413573785,0.2805949893345314,0.01121244897561441,0.034773856667397504,"[[2164, 941], [1105, 1748]]","[[206, 139], [161, 156]]"
disclosure_x_bias,150,init_hard,N2,log_loss,0.6078406919347655,0.8982767783019365,0.6574347188539845,0.5468340117593848,0.0073100795122461315,0.2805527779276415,0.011302394759002913,0.034773856667397504,"[[2168, 937], [1104, 1749]]","[[206, 139], [161, 156]]"
disclosure_x_bias,151,init_hard,N2,log_loss,0.6077237684480419,0.8981464419643854,0.6569313631492866,0.5468340117593848,0.007303646048570079,0.28055230459238434,0.010662797894473572,0.032498853824921924,"[[2162, 943], [1101, 1752]]","[[205, 140], [160, 157]]"
disclosure_x_bias,152,init_hard,N2,log_loss,0.6076038556475626,0.898401067729351,0.6565957926794879,0.5483491632745364,0.007301651164911664,0.2804665307507269,0.011368772065908727,0.0357567963260225,"[[2163, 942], [1104, 1749]]","[[206, 139], [160, 157]]"
disclosure_x_bias,153,init_hard,N2,log_loss,0.6074629501943252,0.8983839270882946,0.6570991483841858,0.5468340117593848,0.007314683567797409,0.2804526372717849,0.011397809495755628,0.034773856667397476,"[[2172, 933], [1110, 1743]]","[[206, 139], [161, 156]]"
disclosure_x_bias,154,init_hard,N2,log_loss,0.6073531350907285,0.8984085003054506,0.6579380745586826,0.5453188602442334,0.0073089956932435324,0.28055209725849867,0.010663192314340769,0.03368667705927253,"[[2176, 929], [1109, 1744]]","[[206, 139], [162, 155]]"
disclosure_x_bias,155,init_hard,N2,log_loss,0.6072337154800345,0.8985877242793773,0.6574347188539845,0.5468340117593848,0.007309753847051643,0.28055488751699786,0.011357610760166859,0.034773856667397504,"[[2167, 938], [1103, 1750]]","[[206, 139], [161, 156]]"
disclosure_x_bias,156,init_hard,N2,log_loss,0.6071120722994444,0.8985072007302419,0.6582736450284812,0.5453188602442334,0.007312719403538146,0.2804575277557461,0.009401629158485029,0.028787167212381174,"[[2170, 935], [1101, 1752]]","[[206, 139], [162, 155]]"
disclosure_x_bias,157,init_hard,N2,log_loss,0.6069984012037982,0.8983524704937549,0.6564277254525972,0.5498643147896879,0.007307944608843511,0.28043773969240676,0.010633438294591064,0.034492444558664015,"[[2169, 936], [1111, 1742]]","[[208, 137], [161, 156]]"
disclosure_x_bias,158,init_hard,N2,log_loss,0.6068827050180252,0.8984551360230688,0.6564277254525972,0.5468340117593848,0.007306808998565591,0.2803767894633738,0.010808496409688045,0.034773856667397476,"[[2170, 935], [1112, 1741]]","[[207, 138], [162, 155]]"
disclosure_x_bias,159,init_hard,N2,log_loss,0.6067594823878617,0.8983459140074931,0.6564277254525972,0.5468340117593848,0.007304182678708372,0.28047942146840127,0.0114274554665757,0.034773856667397476,"[[2170, 935], [1112, 1741]]","[[207, 138], [162, 155]]"
disclosure_x_bias,160,init_hard,N2,log_loss,0.6066420495319477,0.8984568131337977,0.6569313631492866,0.5453188602442334,0.007300593668517863,0.2803618857956853,0.011400034759726113,0.03368667705927253,"[[2173, 932], [1112, 1741]]","[[207, 138], [163, 154]]"
disclosure_x_bias,161,init_hard,N2,log_loss,0.6065134010771406,0.8987715261927148,0.6569313631492866,0.5438037087290819,0.007285974120780093,0.2806124942471841,0.010952225043067518,0.03003691374330314,"[[2173, 932], [1112, 1741]]","[[206, 139], [163, 154]]"
disclosure_x_bias,162,init_hard,N2,log_loss,0.6064005010177153,0.8986608393166214,0.6579380745586826,0.5422885572139303,0.007283117863620673,0.2807671571007422,0.008834286385196425,0.026749838231788774,"[[2169, 936], [1102, 1751]]","[[205, 140], [163, 154]]"
disclosure_x_bias,163,init_hard,N2,log_loss,0.6062804661979516,0.8987176810353692,0.6579380745586826,0.5422885572139303,0.007281404315319852,0.2806054433289564,0.008834286385196425,0.026749838231788774,"[[2168, 937], [1101, 1752]]","[[205, 140], [163, 154]]"
disclosure_x_bias,164,init_hard,N2,log_loss,0.6061634057017746,0.8988267279437026,0.6584419942473634,0.5422885572139303,0.007274869675679138,0.2805756294759822,0.009009187862201003,0.026749838231788774,"[[2170, 935], [1100, 1753]]","[[205, 140], [163, 154]]"
disclosure_x_bias,165,init_hard,N2,log_loss,0.6060534441413178,0.8990457700635055,0.658274209012464,0.5453188602442334,0.007270519845532482,0.2806305907493814,0.009005070124857392,0.03368667705927253,"[[2168, 937], [1099, 1754]]","[[205, 140], [161, 156]]"
disclosure_x_bias,166,init_hard,N2,log_loss,0.6059467161359249,0.8989275126391127,0.6584419942473634,0.5438037087290819,0.007265936351349313,0.2806743450669674,0.009009187862201003,0.025438949950240927,"[[2171, 934], [1101, 1752]]","[[206, 139], [163, 154]]"
disclosure_x_bias,167,init_hard,N2,log_loss,0.605836990310882,0.8989195095453134,0.658274209012464,0.5438037087290819,0.007263056967229896,0.28071415394439714,0.009005070124857392,0.025438949950240927,"[[2172, 933], [1103, 1750]]","[[206, 139], [163, 154]]"
disclosure_x_bias,168,init_hard,N2,log_loss,0.6057222797466328,0.8990483035784871,0.6584419942473634,0.5438037087290819,0.007267893698899369,0.28065018912251605,0.009009187862201003,0.025438949950240927,"[[2171, 934], [1101, 1752]]","[[206, 139], [163, 154]]"
disclosure_x_bias,169,init_hard,N2,log_loss,0.6056103893417992,0.8990988397419428,0.6579386385426653,0.5468340117593848,0.007265236454541953,0.28072821573988666,0.008594979979796562,0.03249885382492192,"[[2169, 936], [1102, 1751]]","[[206, 139], [161, 156]]"
disclosure_x_bias,170,init_hard,N2,log_loss,0.6054990566452993,0.8994128642434038,0.6586097794822627,0.5438037087290819,0.007264238618302923,0.2807855236839357,0.009079002096366418,0.028287555252476754,"[[2169, 936], [1098, 1755]]","[[205, 140], [162, 155]]"
disclosure_x_bias,171,init_hard,N2,log_loss,0.6053864599317713,0.8993675083325027,0.6581064237775648,0.5422885572139303,0.007262041512665126,0.28062850692487434,0.008786408000590983,0.026749838231788774,"[[2172, 933], [1104, 1749]]","[[205, 140], [163, 154]]"
disclosure_x_bias,172,init_hard,N2,log_loss,0.6052823667358368,0.8995942241047825,0.6581064237775648,0.5468340117593848,0.0072588241093510504,0.28074505745809397,0.008678950006548473,0.034773856667397504,"[[2167, 938], [1099, 1754]]","[[205, 140], [160, 157]]"
disclosure_x_bias,173,init_hard,N2,log_loss,0.6051649079872892,0.8996393794440565,0.658274209012464,0.5453188602442334,0.007261027763422584,0.28072832065325204,0.008865037967846337,0.037280936468220456,"[[2166, 939], [1097, 1756]]","[[204, 141], [160, 157]]"
disclosure_x_bias,174,init_hard,N2,log_loss,0.6050584059659527,0.8996766449190667,0.658274209012464,0.5498417005879692,0.0072595741816738535,0.2807386144558539,0.008430998091841259,0.036245360125381605,"[[2163, 942], [1094, 1759]]","[[205, 140], [158, 159]]"
disclosure_x_bias,175,init_hard,N2,log_loss,0.6049451938401813,0.899522428057978,0.658441712255372,0.5468113975576662,0.007256553962037819,0.2809225498136455,0.008811166585686946,0.040486509327259404,"[[2161, 944], [1091, 1762]]","[[204, 141], [159, 158]]"
disclosure_x_bias,176,init_hard,N2,log_loss,0.6048399180294934,0.8996248616757019,0.65928092042186,0.5468113975576662,0.007252706244456566,0.2807250324591348,0.00951979308347176,0.037203244816205135,"[[2169, 936], [1094, 1759]]","[[205, 140], [160, 157]]"
disclosure_x_bias,177,init_hard,N2,log_loss,0.6047323636544844,0.8995319299558769,0.6589453499520614,0.5468113975576662,0.007246869417548927,0.28074044198205084,0.00934278103211762,0.035086120008679104,"[[2172, 933], [1099, 1754]]","[[205, 140], [160, 157]]"
disclosure_x_bias,178,init_hard,N2,log_loss,0.6046264075330094,0.8997009750322558,0.6589450679600699,0.5468340117593848,0.00724053989881077,0.2805522896181672,0.009420451238091234,0.034773856667397476,"[[2168, 937], [1095, 1758]]","[[205, 140], [160, 157]]"
disclosure_x_bias,179,init_hard,N2,log_loss,0.6045126946708141,0.899554452491811,0.6589453499520614,0.5513342379014021,0.00723944332687293,0.28077351560554614,0.009173852526953628,0.03732903870147658,"[[2164, 941], [1091, 1762]]","[[206, 139], [158, 159]]"
disclosure_x_bias,180,init_hard,N2,log_loss,0.6044075109306078,0.8996582538197238,0.6589450679600699,0.5468113975576662,0.007238036354782598,0.28065994780872056,0.009586132427294065,0.035086120008679104,"[[2172, 933], [1099, 1754]]","[[206, 139], [161, 156]]"
disclosure_x_bias,181,init_hard,N2,log_loss,0.6043023958011176,0.8995606044241914,0.6594487056567593,0.5468340117593848,0.007231471600868242,0.28073999636904573,0.009795695834276157,0.03621120700260367,"[[2168, 937], [1092, 1761]]","[[204, 141], [159, 158]]"
disclosure_x_bias,182,init_hard,N2,log_loss,0.6041862086297595,0.8995804912995314,0.65928092042186,0.5483265490728177,0.007227435453675083,0.28073916189242215,0.009779122655770333,0.0367621345661955,"[[2168, 937], [1093, 1760]]","[[205, 140], [159, 158]]"
disclosure_x_bias,183,init_hard,N2,log_loss,0.6040725396767848,0.8994739013966534,0.6591134171789521,0.5513116236996833,0.00721435515566582,0.2805897939898013,0.00945455922382762,0.03956666079337159,"[[2168, 937], [1094, 1759]]","[[205, 140], [157, 160]]"
disclosure_x_bias,184,init_hard,N2,log_loss,0.6039722165883487,0.8996316536844914,0.6592812024138515,0.5482813206693804,0.007209670522881248,0.2805482073485137,0.00924101615414254,0.03863584870447795,"[[2172, 933], [1097, 1756]]","[[205, 140], [159, 158]]"
disclosure_x_bias,185,init_hard,N2,log_loss,0.6038584716571196,0.8998712832550304,0.6591134171789521,0.5513116236996833,0.007200456796320427,0.28048963245188085,0.009651024546141572,0.03956666079337159,"[[2169, 936], [1095, 1758]]","[[205, 140], [157, 160]]"
disclosure_x_bias,186,init_hard,N2,log_loss,0.6037567072508179,0.899849681820417,0.6601204105803395,0.5467661691542288,0.007196161116218525,0.28056969665902975,0.009646252671901251,0.04096643767172271,"[[2176, 929], [1096, 1757]]","[[204, 141], [159, 158]]"
disclosure_x_bias,187,init_hard,N2,log_loss,0.6036535932988404,0.8998576435265135,0.6597848401105408,0.5497964721845319,0.007193220906897301,0.2804603703676599,0.009169587298881487,0.04196717642681755,"[[2168, 937], [1090, 1763]]","[[204, 141], [157, 160]]"
disclosure_x_bias,188,init_hard,N2,log_loss,0.6035310020767755,0.8992672810273241,0.6602890417912131,0.5497964721845319,0.0071385789533778745,0.2786931890632612,0.009647738102383275,0.04196717642681755,"[[2168, 937], [1087, 1766]]","[[204, 141], [157, 160]]"
disclosure_x_bias,189,init_hard,N2,log_loss,0.6034177985316367,0.8994095872060418,0.6606243302690203,0.5482813206693804,0.007127436936346406,0.2787645265784299,0.009486108620919127,0.04119210622481848,"[[2172, 933], [1089, 1764]]","[[204, 141], [158, 159]]"
disclosure_x_bias,190,init_hard,N2,log_loss,0.6033080412244106,0.8992266606505808,0.6606243302690203,0.5482813206693804,0.007122266844667155,0.2788663320726102,0.009999790792653824,0.04119210622481848,"[[2171, 934], [1088, 1765]]","[[204, 141], [158, 159]]"
disclosure_x_bias,191,init_hard,N2,log_loss,0.6031960900824027,0.8995064280193951,0.6604565450341211,0.5467661691542288,0.007128741276630033,0.2789419042800373,0.009879643107681118,0.04096643767172271,"[[2175, 930], [1093, 1760]]","[[204, 141], [159, 158]]"
disclosure_x_bias,192,init_hard,N2,log_loss,0.6030752467345872,0.8996352149165135,0.6606243302690203,0.5482813206693804,0.007146239904786327,0.278798977857924,0.009905504710016699,0.04119210622481848,"[[2169, 936], [1086, 1767]]","[[204, 141], [158, 159]]"
disclosure_x_bias,193,init_hard,N2,log_loss,0.6029585313840082,0.8995666091151767,0.6609601827308105,0.5467661691542288,0.007160708131875891,0.2789017970793247,0.010186185604594522,0.04096643767172271,"[[2172, 933], [1087, 1766]]","[[204, 141], [159, 158]]"
disclosure_x_bias,194,init_hard,N2,log_loss,0.6028541876311426,0.8997249013309411,0.6606246122610118,0.5482813206693804,0.007158095060918886,0.27867484933603787,0.010328431638594123,0.04119210622481848,"[[2169, 936], [1086, 1767]]","[[204, 141], [158, 159]]"
disclosure_x_bias,195,init_hard,N2,log_loss,0.6027559571253462,0.8994614645208368,0.6611279679657097,0.5467661691542288,0.00715382175269517,0.27899533770823576,0.010563590193058952,0.04096643767172271,"[[2173, 932], [1087, 1766]]","[[204, 141], [159, 158]]"
disclosure_x_bias,196,init_hard,N2,log_loss,0.60265574005892,0.899675665112523,0.6607923974959111,0.5482813206693804,0.007149171095955445,0.2788630198217931,0.010440416811019643,0.04119210622481848,"[[2169, 936], [1085, 1768]]","[[204, 141], [158, 159]]"
disclosure_x_bias,197,init_hard,N2,log_loss,0.6025543854511588,0.8998010156028403,0.6609599007388189,0.5467661691542288,0.007142825690510849,0.2789104811063256,0.009263754596261022,0.04096643767172271,"[[2166, 939], [1081, 1772]]","[[204, 141], [159, 158]]"
disclosure_x_bias,198,init_hard,N2,log_loss,0.602456188129121,0.8998836526273155,0.6612951892166262,0.5482813206693804,0.007139909730220781,0.2787294071499788,0.009733383879397768,0.04119210622481848,"[[2171, 934], [1084, 1769]]","[[204, 141], [158, 159]]"
disclosure_x_bias,199,init_hard,N2,log_loss,0.6023460880548094,0.9000958716150921,0.6616318876543905,0.5513116236996833,0.007126722603316811,0.278823547068118,0.0099323452883718,0.042066393432990484,"[[2165, 940], [1076, 1777]]","[[204, 141], [156, 161]]"
disclosure_x_bias,200,init_hard,N2,log_loss,0.60224190190006,0.9001708658589933,0.6617993908972986,0.5497964721845319,0.0071205744486176935,0.2787373943142391,0.010039877093568366,0.041354911373490774,"[[2167, 938], [1077, 1776]]","[[204, 141], [157, 160]]"
disclosure_x_bias,201,init_hard,N2,log_loss,0.6021337803122837,0.9003157312371608,0.6616318876543906,0.5513116236996833,0.007120074129588639,0.27883220710327383,0.010088581176520504,0.042066393432990484,"[[2165, 940], [1076, 1777]]","[[204, 141], [156, 161]]"
disclosure_x_bias,202,init_hard,N2,log_loss,0.6020196626815542,0.9002459026434545,0.6617999548812814,0.5513116236996833,0.007119589605398334,0.2788597207326106,0.010327748125342248,0.042066393432990484,"[[2163, 942], [1073, 1780]]","[[204, 141], [156, 161]]"
disclosure_x_bias,203,init_hard,N2,log_loss,0.6019187185296748,0.9004091737622361,0.6619671761321978,0.5513116236996833,0.007122291520285074,0.27872482558055595,0.010196345750757911,0.042066393432990484,"[[2164, 941], [1073, 1780]]","[[204, 141], [156, 161]]"
disclosure_x_bias,204,init_hard,N2,log_loss,0.6018226879582194,0.9005242220811395,0.6612954712086176,0.5513116236996833,0.007116617385269558,0.2788063335761602,0.01049884736363596,0.042066393432990484,"[[2161, 944], [1074, 1779]]","[[204, 141], [156, 161]]"
disclosure_x_bias,205,init_hard,N2,log_loss,0.6017260873400364,0.9006353834858487,0.6614638204274998,0.5513116236996833,0.007111117294269245,0.27883854487332066,0.01027723784004676,0.042066393432990484,"[[2162, 943], [1074, 1779]]","[[204, 141], [156, 161]]"
disclosure_x_bias,206,init_hard,N2,log_loss,0.6016301493365327,0.9007187192491986,0.6623030285939879,0.5497964721845319,0.007107313415312747,0.2787171549351028,0.010480011756841634,0.041354911373490774,"[[2166, 939], [1073, 1780]]","[[204, 141], [157, 160]]"
disclosure_x_bias,207,init_hard,N2,log_loss,0.6015281033826633,0.9007133389749772,0.6619671761321978,0.5497964721845319,0.007104806279047784,0.2787186575372236,0.010675908663807857,0.041354911373490774,"[[2168, 937], [1077, 1776]]","[[204, 141], [157, 160]]"
disclosure_x_bias,208,init_hard,N2,log_loss,0.601434222601398,0.9006958286729088,0.6624708138288873,0.5513116236996833,0.007101475315338681,0.2786378301796861,0.009856059076524456,0.04020616680147565,"[[2171, 934], [1077, 1776]]","[[205, 140], [157, 160]]"
disclosure_x_bias,209,init_hard,N2,log_loss,0.6013321327831466,0.9007520261133518,0.6624705318368959,0.5513116236996833,0.007098733842354074,0.2787371312100946,0.009835725618967853,0.04020616680147565,"[[2171, 934], [1077, 1776]]","[[205, 140], [157, 160]]"
disclosure_x_bias,210,init_hard,N2,log_loss,0.6012327751458607,0.9007699295637707,0.6624705318368959,0.5513116236996833,0.007096697708606609,0.2786449917435845,0.009545214583317425,0.04020616680147565,"[[2171, 934], [1077, 1776]]","[[205, 140], [157, 160]]"
disclosure_x_bias,211,init_hard,N2,log_loss,0.6011289808887765,0.9007971052675037,0.6626385990637866,0.5513116236996833,0.0070938627448932715,0.278606963175265,0.009907256869291165,0.04020616680147565,"[[2170, 935], [1075, 1778]]","[[205, 140], [157, 160]]"
disclosure_x_bias,212,init_hard,N2,log_loss,0.6010291858681628,0.9006886944347045,0.6626385990637866,0.5497964721845319,0.007096593905265241,0.27844451847164453,0.009781656992098034,0.04010234768250568,"[[2174, 931], [1079, 1774]]","[[204, 141], [157, 160]]"
disclosure_x_bias,213,init_hard,N2,log_loss,0.6009327169112052,0.9008893977882245,0.6626385990637866,0.5513116236996833,0.0070965037853288546,0.2785081811624706,0.009454912714365457,0.04020616680147565,"[[2169, 936], [1074, 1779]]","[[205, 140], [157, 160]]"
disclosure_x_bias,214,init_hard,N2,log_loss,0.6008380606500109,0.9009150823925047,0.6634772432462918,0.5482813206693804,0.0070916780689685216,0.2785081401284523,0.009284797570241624,0.04119210622481848,"[[2175, 930], [1075, 1778]]","[[204, 141], [158, 159]]"
disclosure_x_bias,215,init_hard,N2,log_loss,0.600746449398699,0.9009518252032931,0.6638133777000733,0.5482813206693804,0.007088145124992093,0.2782162881429732,0.009089350093629916,0.04119210622481848,"[[2173, 932], [1071, 1782]]","[[204, 141], [158, 159]]"
disclosure_x_bias,216,init_hard,N2,log_loss,0.6006526403800249,0.9007868844689296,0.6643172973887541,0.5482813206693804,0.007084419272465269,0.2783402964765888,0.009104646721212174,0.04119210622481848,"[[2175, 930], [1070, 1783]]","[[204, 141], [158, 159]]"
disclosure_x_bias,217,init_hard,N2,log_loss,0.600557165096444,0.9010968323439673,0.6643172973887541,0.5467661691542288,0.007082385844861416,0.27816728494093995,0.008646492070533193,0.042793628300276276,"[[2172, 933], [1067, 1786]]","[[203, 142], [158, 159]]"
disclosure_x_bias,218,init_hard,N2,log_loss,0.6004615910743926,0.9010238017385446,0.6653237268061587,0.5482813206693804,0.007081567794125595,0.2780966749548672,0.00804378589242262,0.04119210622481848,"[[2175, 930], [1064, 1789]]","[[204, 141], [158, 159]]"
disclosure_x_bias,219,init_hard,N2,log_loss,0.6003640706355388,0.9012241728062504,0.6649884383283514,0.5467661691542288,0.007077602620822933,0.27820972646990133,0.007501164339773031,0.040338986266151886,"[[2175, 930], [1066, 1787]]","[[203, 142], [158, 159]]"
disclosure_x_bias,220,init_hard,N2,log_loss,0.6002687995517098,0.9010217890927403,0.66465230387457,0.5482813206693804,0.0070804552760389385,0.2782072663377842,0.00829963107880596,0.04119210622481848,"[[2172, 933], [1065, 1788]]","[[204, 141], [158, 159]]"
disclosure_x_bias,221,init_hard,N2,log_loss,0.6001776618151948,0.901078891545555,0.6653242907901415,0.5482813206693804,0.007077043632630754,0.27811258489853125,0.008325270496286575,0.04056814529537153,"[[2176, 929], [1065, 1788]]","[[204, 141], [158, 159]]"
disclosure_x_bias,222,init_hard,N2,log_loss,0.6000837620279347,0.9008639932021252,0.6648200891094693,0.5482813206693804,0.007071872020864022,0.2782428622642145,0.008423723921964886,0.04119210622481848,"[[2178, 927], [1070, 1783]]","[[205, 140], [159, 158]]"
disclosure_x_bias,223,init_hard,N2,log_loss,0.5999880144902747,0.901020403665105,0.6648209350854436,0.5482813206693804,0.007074888066354241,0.2784350998512066,0.007519390440384417,0.04300971079683969,"[[2170, 935], [1062, 1791]]","[[203, 142], [157, 160]]"
disclosure_x_bias,224,init_hard,N2,log_loss,0.5998967191246779,0.9009167194913313,0.6651559415712593,0.5467661691542288,0.007072883685272339,0.27830342861895546,0.008424300572681372,0.042193357540871904,"[[2172, 933], [1062, 1791]]","[[203, 142], [158, 159]]"
disclosure_x_bias,225,init_hard,N2,log_loss,0.5998050571765198,0.9009161208790065,0.6659959957137217,0.5467661691542288,0.007070596773582687,0.27845467528272433,0.008340428765080416,0.042793628300276276,"[[2174, 931], [1059, 1794]]","[[202, 143], [157, 160]]"
disclosure_x_bias,226,init_hard,N2,log_loss,0.5997081412722841,0.9010821494472161,0.6656598612599403,0.5467661691542288,0.0070692171856748705,0.2785544001101357,0.008862989902797474,0.04096643767172271,"[[2180, 925], [1067, 1786]]","[[204, 141], [159, 158]]"
disclosure_x_bias,227,init_hard,N2,log_loss,0.5996038315824418,0.9011271767061206,0.6656598612599403,0.5482813206693804,0.00706475354303286,0.2784903717778963,0.008465873736119888,0.04300971079683969,"[[2174, 931], [1061, 1792]]","[[203, 142], [157, 160]]"
disclosure_x_bias,228,init_hard,N2,log_loss,0.5994968634606738,0.9013892035931491,0.6658276464948395,0.5452510176390774,0.007068491170261865,0.2785022403657747,0.00885298664039374,0.041912257164142735,"[[2179, 926], [1065, 1788]]","[[202, 143], [158, 159]]"
disclosure_x_bias,229,init_hard,N2,log_loss,0.5994004861494162,0.9014161077043518,0.6658273645028482,0.5452510176390774,0.007067711994354657,0.27835689603676433,0.00879472951631798,0.041912257164142735,"[[2180, 925], [1066, 1787]]","[[202, 143], [158, 159]]"
disclosure_x_bias,230,init_hard,N2,log_loss,0.5993037456212568,0.9014638968936757,0.6661632169646382,0.5452510176390774,0.007075088945667483,0.2783665905103944,0.009237988279049111,0.041912257164142735,"[[2180, 925], [1064, 1789]]","[[202, 143], [158, 159]]"
disclosure_x_bias,231,init_hard,N2,log_loss,0.5992001801683504,0.9015044933326035,0.6663318481755118,0.5452510176390774,0.007084047616360196,0.27813920117409874,0.008362368124403599,0.041912257164142735,"[[2180, 925], [1063, 1790]]","[[202, 143], [158, 159]]"
disclosure_x_bias,232,init_hard,N2,log_loss,0.5991080238282931,0.9014008608603643,0.6659951497377474,0.5452510176390774,0.007085032549069201,0.2782749032455117,0.009727503460634716,0.041912257164142735,"[[2178, 927], [1063, 1790]]","[[202, 143], [158, 159]]"
disclosure_x_bias,233,init_hard,N2,log_loss,0.5990184104451369,0.9013766511183847,0.6670029891151091,0.5452510176390774,0.007079931506300188,0.27820808940973796,0.009373466411537036,0.040044870994949765,"[[2185, 920], [1064, 1789]]","[[203, 142], [159, 158]]"
disclosure_x_bias,234,init_hard,N2,log_loss,0.5989248281713246,0.9015623628472442,0.6666665726693362,0.5437358661239258,0.0070748883508944,0.278080121827234,0.009030817683944033,0.041567940294914514,"[[2185, 920], [1066, 1787]]","[[202, 143], [159, 158]]"
disclosure_x_bias,235,init_hard,N2,log_loss,0.5988356700624847,0.9016238942909446,0.6663304382155546,0.5437358661239258,0.007072324785728421,0.278260585608889,0.009736960872246146,0.041567940294914514,"[[2181, 924], [1064, 1789]]","[[202, 143], [159, 158]]"
disclosure_x_bias,236,init_hard,N2,log_loss,0.5987469687182663,0.901870219117515,0.6670021431391349,0.5437358661239258,0.007069781690058625,0.2781138269337729,0.009441732916952043,0.041567940294914514,"[[2181, 924], [1060, 1793]]","[[202, 143], [159, 158]]"
disclosure_x_bias,237,init_hard,N2,log_loss,0.5986433214803843,0.9019285370285959,0.6673377136089335,0.5437358661239258,0.007072852097348272,0.2780964054012982,0.00923179180393285,0.041567940294914514,"[[2182, 923], [1059, 1794]]","[[202, 143], [159, 158]]"
disclosure_x_bias,238,init_hard,N2,log_loss,0.5985458478628704,0.9019159456945088,0.6668340759122441,0.5437358661239258,0.007074713129846706,0.27809173172720464,0.009808862893170374,0.041567940294914514,"[[2180, 925], [1060, 1793]]","[[202, 143], [159, 158]]"
disclosure_x_bias,239,init_hard,N2,log_loss,0.5984481245884348,0.9018620900350192,0.6671702103660256,0.5437358661239258,0.007073748477443601,0.2783020373023493,0.009225985656118468,0.041567940294914514,"[[2182, 923], [1060, 1793]]","[[202, 143], [159, 158]]"
disclosure_x_bias,240,init_hard,N2,log_loss,0.5983328221453191,0.9012934002904227,0.6673374316169421,0.5437358661239258,0.007032156277542022,0.2765346589167081,0.00967381944666241,0.041567940294914514,"[[2179, 926], [1056, 1797]]","[[202, 143], [159, 158]]"
disclosure_x_bias,241,init_hard,N2,log_loss,0.5982444198255552,0.901294202631504,0.6664982234504541,0.5437358661239258,0.007030505287714887,0.27643262750097275,0.009583804378781733,0.041567940294914514,"[[2178, 927], [1060, 1793]]","[[202, 143], [159, 158]]"
disclosure_x_bias,242,init_hard,N2,log_loss,0.5981560705433322,0.9013011620811376,0.6670018611471434,0.5452284034373587,0.007025043193082122,0.2763878274927432,0.009385712081601714,0.04389628269406333,"[[2175, 930], [1054, 1799]]","[[202, 143], [158, 159]]"
disclosure_x_bias,243,init_hard,N2,log_loss,0.598062187309408,0.9012652570292772,0.6680091365405223,0.542243328810493,0.007020221067013349,0.2762755764274293,0.009690500886860135,0.039666825421324284,"[[2187, 918], [1060, 1793]]","[[202, 143], [160, 157]]"
disclosure_x_bias,244,init_hard,N2,log_loss,0.59797177717494,0.9013633222313656,0.6675054988438329,0.5452284034373587,0.007018797411147609,0.27625096207672123,0.009014983210623604,0.04389628269406333,"[[2180, 925], [1056, 1797]]","[[202, 143], [158, 159]]"
disclosure_x_bias,245,init_hard,N2,log_loss,0.5978762458069374,0.9013491069008124,0.6681774857594045,0.542243328810493,0.007018462896041697,0.2762744727010208,0.00934951746246054,0.039666825421324284,"[[2189, 916], [1061, 1792]]","[[202, 143], [160, 157]]"
disclosure_x_bias,246,init_hard,N2,log_loss,0.5977852037016971,0.9012457360473627,0.6680094185325137,0.545273631840796,0.007019424366752118,0.27645059999332167,0.008940051486236956,0.04107199481478666,"[[2184, 921], [1057, 1796]]","[[202, 143], [158, 159]]"
disclosure_x_bias,247,init_hard,N2,log_loss,0.5976820545910471,0.9014947539622933,0.6680099825164966,0.5437584803256444,0.007020987810854603,0.27639654269298186,0.008916915649482096,0.040090223962921216,"[[2184, 921], [1057, 1796]]","[[202, 143], [159, 158]]"
disclosure_x_bias,248,init_hard,N2,log_loss,0.5975897789834967,0.9014677541050921,0.6676732840787322,0.5467435549525101,0.00701354666894291,0.2763434426048008,0.009070906232140812,0.044165618940857965,"[[2177, 928], [1052, 1801]]","[[202, 143], [157, 160]]"
disclosure_x_bias,249,init_hard,N2,log_loss,0.5975048866582768,0.9014734832877004,0.6686808414641024,0.542243328810493,0.007010356674776584,0.276242375641264,0.009159527914413539,0.039666825421324284,"[[2189, 916], [1058, 1795]]","[[202, 143], [160, 157]]"
disclosure_x_bias,250,init_hard,N2,log_loss,0.5974201480435335,0.9014488154850124,0.6685127742372117,0.5482587064676616,0.007008220804799432,0.27627782069360607,0.009240222633300658,0.04494701147772049,"[[2180, 925], [1050, 1803]]","[[202, 143], [156, 161]]"
disclosure_x_bias,251,init_hard,N2,log_loss,0.5973165414308598,0.9015327488106051,0.6688489086909932,0.542243328810493,0.007015301916829292,0.2765224724523739,0.008831624799286023,0.039666825421324284,"[[2191, 914], [1059, 1794]]","[[202, 143], [160, 157]]"
disclosure_x_bias,252,init_hard,N2,log_loss,0.5972245748089476,0.9014811749894955,0.6690166939258925,0.5452510176390774,0.007015974079616314,0.27633320630706965,0.009138539008952878,0.04251649683503552,"[[2190, 915], [1057, 1796]]","[[202, 143], [158, 159]]"
disclosure_x_bias,253,init_hard,N2,log_loss,0.5971390046263869,0.9013404760185567,0.669016975917884,0.5437358661239258,0.007013559925054237,0.27637983893706675,0.00795482317512427,0.041567940294914514,"[[2192, 913], [1059, 1794]]","[[202, 143], [159, 158]]"
disclosure_x_bias,254,init_hard,N2,log_loss,0.5970377466815534,0.9014019066635444,0.6688491906829845,0.5437358661239258,0.007001024178251592,0.2763514261124062,0.007763144211553361,0.041567940294914514,"[[2192, 913], [1060, 1793]]","[[202, 143], [159, 158]]"
disclosure_x_bias,255,init_hard,N2,log_loss,0.5969484476366678,0.9013835565148443,0.6695208956065648,0.5422207146087743,0.007000923136073774,0.27635492807010764,0.008156516974570262,0.038600358673922586,"[[2192, 913], [1056, 1797]]","[[202, 143], [160, 157]]"
disclosure_x_bias,256,init_hard,N2,log_loss,0.5968564756849198,0.901404399764089,0.6690172579098753,0.5437358661239258,0.006998911138580369,0.2765283576887808,0.007981803389242762,0.041567940294914514,"[[2192, 913], [1059, 1794]]","[[202, 143], [159, 158]]"
disclosure_x_bias,257,init_hard,N2,log_loss,0.5967683936412105,0.901548296660531,0.6691847611527832,0.5437358661239258,0.006992731271537444,0.27658773409042886,0.008252650970308847,0.041567940294914514,"[[2190, 915], [1056, 1797]]","[[202, 143], [159, 158]]"
disclosure_x_bias,258,init_hard,N2,log_loss,0.5966834786150326,0.9015705405046279,0.669352828379674,0.5437358661239258,0.006991224319886575,0.27659965166214817,0.008813607094404074,0.041567940294914514,"[[2191, 914], [1056, 1797]]","[[202, 143], [159, 158]]"
disclosure_x_bias,259,init_hard,N2,log_loss,0.5965848351174348,0.9018352018170914,0.6693525463876826,0.542243328810493,0.006977732169630423,0.27651164444366705,0.008681769080416214,0.039666825421324284,"[[2191, 914], [1056, 1797]]","[[201, 144], [159, 158]]"
disclosure_x_bias,260,init_hard,N2,log_loss,0.5964992607421308,0.901916850054916,0.6695206136145734,0.542243328810493,0.006975090618519179,0.2764944900307404,0.008433310598640735,0.039666825421324284,"[[2191, 914], [1055, 1798]]","[[201, 144], [159, 158]]"
disclosure_x_bias,261,init_hard,N2,log_loss,0.5964131139465281,0.9019516460976078,0.6693525463876826,0.542243328810493,0.006975398695949927,0.27652570334080906,0.008161785964347763,0.039666825421324284,"[[2191, 914], [1056, 1797]]","[[201, 144], [159, 158]]"
disclosure_x_bias,262,init_hard,N2,log_loss,0.596317967307602,0.9017251070447827,0.669856184084372,0.542243328810493,0.006982447765084114,0.2765715127204639,0.008715359408421752,0.039666825421324284,"[[2192, 913], [1054, 1799]]","[[201, 144], [159, 158]]"
disclosure_x_bias,263,init_hard,N2,log_loss,0.5962270571549105,0.9019475982201648,0.6696878348654899,0.542243328810493,0.006985869738910526,0.27644027637273405,0.0086184326014675,0.039666825421324284,"[[2193, 912], [1056, 1797]]","[[201, 144], [159, 158]]"
disclosure_x_bias,264,init_hard,N2,log_loss,0.5961403016802395,0.9018771079906023,0.6698559020923807,0.5437358661239258,0.006983785895184342,0.27648221030538706,0.008762376197367475,0.041567940294914514,"[[2192, 913], [1054, 1799]]","[[202, 143], [159, 158]]"
disclosure_x_bias,265,init_hard,N2,log_loss,0.5960569750996034,0.9020301787830917,0.6696878348654899,0.542243328810493,0.006982815810238008,0.27660140444161874,0.007698249269320013,0.039666825421324284,"[[2194, 911], [1057, 1796]]","[[201, 144], [159, 158]]"
disclosure_x_bias,266,init_hard,N2,log_loss,0.5959733276006993,0.901963479615348,0.6701914725621793,0.542243328810493,0.006980449889784519,0.2765434065224729,0.008809789170137992,0.039666825421324284,"[[2195, 910], [1055, 1798]]","[[201, 144], [159, 158]]"
disclosure_x_bias,267,init_hard,N2,log_loss,0.5958899297438325,0.9020456522641954,0.6700234053352885,0.5407281772953414,0.0069780709016626615,0.27660200835291776,0.008491635393155485,0.036476371670439024,"[[2191, 914], [1052, 1801]]","[[201, 144], [160, 157]]"
disclosure_x_bias,268,init_hard,N2,log_loss,0.595803424098861,0.9021683254982662,0.6706948282668772,0.5407281772953414,0.006974264067890448,0.2764917441596544,0.009217466203552183,0.036476371670439024,"[[2195, 910], [1052, 1801]]","[[201, 144], [160, 157]]"
disclosure_x_bias,269,init_hard,N2,log_loss,0.5957196278528277,0.9021439124510794,0.6706948282668772,0.542243328810493,0.006972093449265675,0.2764038248790588,0.008871623794887915,0.03700535405700643,"[[2191, 914], [1048, 1805]]","[[201, 144], [159, 158]]"
disclosure_x_bias,270,init_hard,N2,log_loss,0.5956241371225179,0.9021999712254514,0.6708620495177937,0.5407281772953414,0.006968843511657077,0.2764442778273675,0.009023869979855138,0.036476371670439024,"[[2195, 910], [1051, 1802]]","[[201, 144], [160, 157]]"
disclosure_x_bias,271,init_hard,N2,log_loss,0.5955397696365066,0.9022290926632767,0.6717026676442389,0.542243328810493,0.0069670561765628565,0.2762189088900905,0.008564356586354165,0.037688346095507544,"[[2200, 905], [1051, 1802]]","[[201, 144], [159, 158]]"
disclosure_x_bias,272,init_hard,N2,log_loss,0.5954588466898012,0.9021739316559471,0.6710301167446844,0.5407281772953414,0.006963975337166994,0.27654974096503787,0.00910306731714753,0.036476371670439024,"[[2197, 908], [1052, 1801]]","[[201, 144], [160, 157]]"
disclosure_x_bias,273,init_hard,N2,log_loss,0.5953753875225216,0.9023708677562512,0.6717026676442389,0.542243328810493,0.0069620367469863135,0.27649256308680276,0.008152707025096781,0.03700535405700643,"[[2199, 906], [1050, 1803]]","[[201, 144], [159, 158]]"
disclosure_x_bias,274,init_hard,N2,log_loss,0.5952889873332137,0.9022778208919077,0.6711981839715752,0.542243328810493,0.006956437181323109,0.27653919579255043,0.00897064418948195,0.037688346095507544,"[[2196, 909], [1050, 1803]]","[[201, 144], [159, 158]]"
disclosure_x_bias,275,init_hard,N2,log_loss,0.5952096755319316,0.9024677634979075,0.6717023856522475,0.542243328810493,0.006954203352900228,0.2766013561950779,0.007892602538977007,0.037688346095507544,"[[2200, 905], [1051, 1802]]","[[201, 144], [159, 158]]"
disclosure_x_bias,276,init_hard,N2,log_loss,0.595118451329232,0.9022967171244856,0.6718704528791382,0.5437584803256444,0.00696266990260113,0.2766087593405432,0.007884131204667582,0.03677159290465143,"[[2200, 905], [1050, 1803]]","[[202, 143], [159, 158]]"
disclosure_x_bias,277,init_hard,N2,log_loss,0.595030839173534,0.9026575442692885,0.6713659692064745,0.545273631840796,0.006965460879846353,0.27629515631607526,0.007670509860323669,0.035039576699678804,"[[2195, 910], [1048, 1805]]","[[202, 143], [158, 159]]"
disclosure_x_bias,278,init_hard,N2,log_loss,0.5949370949491449,0.9027225635190625,0.6720382381140375,0.545273631840796,0.006974145724847681,0.27645549255942115,0.007601964096416634,0.035039576699678804,"[[2200, 905], [1049, 1804]]","[[202, 143], [158, 159]]"
disclosure_x_bias,279,init_hard,N2,log_loss,0.5948531636526015,0.9027750073807284,0.6722063053409283,0.545273631840796,0.006972303064837419,0.2764923918536488,0.007204631141229426,0.03850776477471062,"[[2202, 903], [1050, 1803]]","[[201, 144], [157, 160]]"
disclosure_x_bias,280,init_hard,N2,log_loss,0.5947591276110873,0.9026683264418413,0.672541875810727,0.5483039348710991,0.006971869729850332,0.2765355293634968,0.007482774470201321,0.03491113244052487,"[[2202, 903], [1048, 1805]]","[[202, 143], [156, 161]]"
disclosure_x_bias,281,init_hard,N2,log_loss,0.5946786495268684,0.902763772606575,0.6722063053409283,0.5467887833559475,0.0069710262491705565,0.2765783031234811,0.007204631141229426,0.0381496883774872,"[[2201, 904], [1049, 1804]]","[[201, 144], [156, 161]]"
disclosure_x_bias,282,init_hard,N2,log_loss,0.5945926259973933,0.902871635648163,0.672541875810727,0.5467887833559475,0.006970082667966902,0.2765639217425111,0.007482774470201321,0.035374254948733065,"[[2201, 904], [1047, 1806]]","[[201, 144], [156, 161]]"
disclosure_x_bias,283,init_hard,N2,log_loss,0.5945115674201908,0.9028746799223886,0.6725415938187356,0.5483039348710991,0.006970076787140222,0.27662638424734326,0.007783145051956627,0.03491113244052487,"[[2201, 904], [1047, 1806]]","[[202, 143], [156, 161]]"
disclosure_x_bias,284,init_hard,N2,log_loss,0.5944220280996482,0.9030084445843958,0.6727093790536348,0.545273631840796,0.006967219027838332,0.2764918437540157,0.007847790657402374,0.03715935337009699,"[[2201, 904], [1046, 1807]]","[[201, 144], [157, 160]]"
disclosure_x_bias,285,init_hard,N2,log_loss,0.5943407139471383,0.9029188093420055,0.672541875810727,0.5467887833559475,0.006964736143960736,0.276582928544288,0.007524460858922542,0.03881254856138329,"[[2200, 905], [1046, 1807]]","[[200, 145], [155, 162]]"
disclosure_x_bias,286,init_hard,N2,log_loss,0.5942516889110099,0.9029335872875748,0.6723738085838362,0.545273631840796,0.00696954015081852,0.2764557061277612,0.00775434802534593,0.0404461809759031,"[[2198, 907], [1045, 1808]]","[[200, 145], [156, 161]]"
disclosure_x_bias,287,init_hard,N2,log_loss,0.5941681647755799,0.9029301422360925,0.6718704528791382,0.545273631840796,0.006969801733324258,0.27659215042348445,0.007764602138081517,0.041071994814786635,"[[2200, 905], [1050, 1803]]","[[200, 145], [156, 161]]"
disclosure_x_bias,288,init_hard,N2,log_loss,0.5940858679587329,0.9029976661808284,0.6725415938187356,0.545273631840796,0.006958212506172983,0.27649402469066825,0.007742851506663206,0.03981053067977306,"[[2202, 903], [1048, 1805]]","[[201, 144], [157, 160]]"
disclosure_x_bias,289,init_hard,N2,log_loss,0.5939997733961019,0.9030565560372829,0.6720382381140375,0.545273631840796,0.006959557512258806,0.27652054926194214,0.007683817606784305,0.041071994814786635,"[[2200, 905], [1049, 1804]]","[[200, 145], [156, 161]]"
disclosure_x_bias,290,init_hard,N2,log_loss,0.5939185958251435,0.9030700591795636,0.6720382381140375,0.5483039348710991,0.00695890730129141,0.2765967890678383,0.007925369052160337,0.040962470519404166,"[[2197, 908], [1046, 1807]]","[[201, 144], [155, 162]]"
disclosure_x_bias,291,init_hard,N2,log_loss,0.5938409465183029,0.9030141033466188,0.6722060233489369,0.5467887833559475,0.006956186441172307,0.2766010481807834,0.008344049690289438,0.041357886018885875,"[[2197, 908], [1045, 1808]]","[[200, 145], [155, 162]]"
disclosure_x_bias,292,init_hard,N2,log_loss,0.5937634089285222,0.90320911141258,0.6725421578027184,0.5483039348710991,0.006953661291886439,0.2766110975518629,0.00738531557604103,0.039049691208279655,"[[2200, 905], [1046, 1807]]","[[201, 144], [155, 162]]"
disclosure_x_bias,293,init_hard,N2,log_loss,0.5936784476467606,0.9030343384973897,0.6722060233489369,0.5467887833559475,0.006957289593589766,0.2766337856451903,0.007921357660137735,0.03946427661012033,"[[2205, 900], [1053, 1800]]","[[200, 145], [155, 162]]"
disclosure_x_bias,294,init_hard,N2,log_loss,0.5935954258061594,0.9032128851645913,0.6722063053409284,0.5483039348710991,0.006957998765689855,0.27651613405811915,0.0077887787309064175,0.039049691208279655,"[[2203, 902], [1051, 1802]]","[[201, 144], [155, 162]]"
disclosure_x_bias,295,init_hard,N2,log_loss,0.5935153046524927,0.903142939004827,0.6720382381140376,0.5483039348710991,0.0069532380941437115,0.2765983591262383,0.008042247439077095,0.039049691208279655,"[[2199, 906], [1048, 1805]]","[[201, 144], [155, 162]]"
disclosure_x_bias,296,init_hard,N2,log_loss,0.5934288721636835,0.9033922825098815,0.6727090970616435,0.5513116236996833,0.006947796849282048,0.2763611812445433,0.008620222021733114,0.04083565906653688,"[[2201, 904], [1046, 1807]]","[[202, 143], [154, 163]]"
disclosure_x_bias,297,init_hard,N2,log_loss,0.5933406231440019,0.9032860616457044,0.6720379561220462,0.5513342379014021,0.006934217126544202,0.2763827324530136,0.007818708283253576,0.03996896221442021,"[[2195, 910], [1044, 1809]]","[[201, 144], [153, 164]]"
disclosure_x_bias,298,init_hard,N2,log_loss,0.5932449922608952,0.9033197353172685,0.6723735265918448,0.5483039348710991,0.006942679649149989,0.2763191950336796,0.0084245664682647,0.039049691208279655,"[[2204, 901], [1051, 1802]]","[[201, 144], [155, 162]]"
disclosure_x_bias,299,init_hard,N2,log_loss,0.5931477751661764,0.9032250495422709,0.672541875810727,0.5483039348710991,0.006944313612274467,0.2763221865191664,0.008201285646446605,0.039049691208279655,"[[2200, 905], [1046, 1807]]","[[201, 144], [155, 162]]"
disclosure_x_bias,300,init_hard,N2,log_loss,0.5930683098241297,0.9031503347212263,0.6727093790536349,0.5483039348710991,0.006944451398615525,0.2761380624293367,0.007887548139185756,0.039049691208279655,"[[2202, 903], [1047, 1806]]","[[201, 144], [155, 162]]"
disclosure_x_bias,1,init_hard,N2,exponential,27.0765760990323,30.113200949768732,0.6181583103039874,0.5468566259611036,14.862008298231043,33.90156910793008,0.02399627250590758,0.024994530524254606,"[[2030, 1075], [1200, 1653]]","[[209, 136], [164, 153]]"
disclosure_x_bias,2,init_hard,N2,exponential,27.091928534652446,30.21332883974108,0.6189986464384412,0.5468566259611036,14.858642343937564,34.15156882910767,0.022542693543351464,0.024994530524254606,"[[2037, 1068], [1202, 1651]]","[[209, 136], [164, 153]]"
disclosure_x_bias,3,init_hard,N2,exponential,27.039807444762015,30.03869485183457,0.6206779087473916,0.5483717774762551,14.869903726332176,34.055596162364466,0.022940269284554365,0.02634345820143053,"[[2048, 1057], [1203, 1650]]","[[210, 135], [164, 153]]"
disclosure_x_bias,4,init_hard,N2,exponential,26.92708521637786,30.125893301411075,0.6215165529298968,0.5483717774762551,14.804428410944043,34.29302418585275,0.02314324904939431,0.02634345820143053,"[[2053, 1052], [1203, 1650]]","[[210, 135], [164, 153]]"
disclosure_x_bias,5,init_hard,N2,exponential,26.9331620350072,30.097949856646107,0.6240364333652925,0.5438715513342378,14.812372239908905,34.26563212556051,0.02136093757999801,0.027877195430870284,"[[2084, 1021], [1219, 1634]]","[[210, 135], [167, 150]]"
disclosure_x_bias,6,init_hard,N2,exponential,26.82278885900704,29.9945092048553,0.6242045005921832,0.5438715513342378,14.764195899155641,34.501382719555345,0.02158236055978644,0.027877195430870284,"[[2085, 1020], [1219, 1634]]","[[210, 135], [167, 150]]"
disclosure_x_bias,7,init_hard,N2,exponential,26.54034154015192,29.710333410502066,0.6253792792284699,0.5438715513342378,14.696578837459928,34.49706912303537,0.02158905402542831,0.027877195430870284,"[[2092, 1013], [1219, 1634]]","[[210, 135], [167, 150]]"
disclosure_x_bias,8,init_hard,N2,exponential,26.529131383026247,29.68900233198343,0.6255470644633693,0.5438715513342378,14.681208180723852,34.47845268588792,0.021425055084503125,0.027877195430870284,"[[2097, 1008], [1223, 1630]]","[[210, 135], [167, 150]]"
disclosure_x_bias,9,init_hard,N2,exponential,26.540209651192093,29.757106274474843,0.6272249168123626,0.5544776119402985,14.677899460726248,34.679117918744495,0.017445556613574057,0.05151257809546473,"[[2066, 1039], [1182, 1671]]","[[209, 136], [159, 158]]"
disclosure_x_bias,10,init_hard,N2,exponential,26.503955068197246,29.721715521941668,0.6278960577519599,0.5544776119402985,14.65568725827079,34.64361442110977,0.016446884057227936,0.05151257809546473,"[[2073, 1032], [1185, 1668]]","[[209, 136], [159, 158]]"
disclosure_x_bias,11,init_hard,N2,exponential,26.29107694015193,29.46735945655464,0.6277279905250691,0.5544776119402985,14.625871682779154,34.64712353885495,0.016197842294226335,0.05151257809546473,"[[2070, 1035], [1183, 1670]]","[[209, 136], [159, 158]]"
disclosure_x_bias,12,init_hard,N2,exponential,26.247971022970184,29.3989925740174,0.6289024871693644,0.5544776119402985,14.626799017074564,34.87332443442563,0.014935296163352938,0.05151257809546473,"[[2094, 1011], [1200, 1653]]","[[211, 134], [161, 156]]"
disclosure_x_bias,13,init_hard,N2,exponential,26.213007440491726,29.389895602752432,0.6295739101009532,0.5575079149706015,14.599275601567118,34.884366423272425,0.015216766502907826,0.05278865485291557,"[[2099, 1006], [1201, 1652]]","[[213, 132], [161, 156]]"
disclosure_x_bias,14,init_hard,N2,exponential,26.197485237155973,29.385964367982133,0.630077265805651,0.559023066485753,14.587258137994157,34.88669669621131,0.01528592171778537,0.05262143276816594,"[[2104, 1001], [1203, 1650]]","[[214, 131], [161, 156]]"
disclosure_x_bias,15,init_hard,N2,exponential,25.998175872700035,29.249870998590808,0.630077265805651,0.559023066485753,14.546112731694027,34.93189048958187,0.01528592171778537,0.05262143276816594,"[[2105, 1000], [1204, 1649]]","[[214, 131], [161, 156]]"
disclosure_x_bias,16,init_hard,N2,exponential,25.971945418119816,29.245907799945115,0.6304131182674413,0.559023066485753,14.515611600343398,34.9229856761305,0.015107656744900746,0.05262143276816594,"[[2107, 998], [1204, 1649]]","[[214, 131], [161, 156]]"
disclosure_x_bias,17,init_hard,N2,exponential,25.88921323046153,29.145022092381303,0.6304131182674413,0.559023066485753,14.488041903226428,35.09625937970572,0.01510765674490076,0.05262143276816594,"[[2111, 994], [1208, 1645]]","[[215, 130], [162, 155]]"
disclosure_x_bias,18,init_hard,N2,exponential,25.884589729167583,29.01966211146841,0.630581185494332,0.5575305291723203,14.522737143457707,35.02675707350938,0.014884854663322485,0.054427058818320065,"[[2105, 1000], [1201, 1652]]","[[214, 131], [162, 155]]"
disclosure_x_bias,19,init_hard,N2,exponential,25.898708475108663,29.036203426464795,0.6307492527212227,0.5575305291723203,14.52719220975767,35.05558704092801,0.014677923430438486,0.054427058818320065,"[[2105, 1000], [1200, 1653]]","[[214, 131], [162, 155]]"
disclosure_x_bias,20,init_hard,N2,exponential,25.791767244975187,29.013724415542463,0.6304134002594326,0.5575305291723203,14.49418079250691,35.03438536264133,0.014376135414239828,0.054427058818320065,"[[2103, 1002], [1200, 1653]]","[[214, 131], [162, 155]]"
disclosure_x_bias,21,init_hard,N2,exponential,25.677257223983695,28.863980122382976,0.6305814674863234,0.5575305291723203,14.4562867466637,35.06029086616996,0.014621908750319703,0.054427058818320065,"[[2106, 999], [1202, 1651]]","[[214, 131], [162, 155]]"
disclosure_x_bias,22,init_hard,N2,exponential,25.674136858221953,28.940669203302196,0.6309170379561221,0.5575305291723203,14.435068787695633,35.230549589376956,0.014774007313641048,0.054427058818320065,"[[2106, 999], [1200, 1653]]","[[214, 131], [162, 155]]"
disclosure_x_bias,23,init_hard,N2,exponential,25.68551372900719,28.924475802250566,0.6312526084259207,0.5575305291723203,14.434977203224326,35.2147553682284,0.015083000672632135,0.054427058818320065,"[[2109, 996], [1201, 1652]]","[[214, 131], [162, 155]]"
disclosure_x_bias,24,init_hard,N2,exponential,25.602831695412032,28.75898056443129,0.6317559641306187,0.5560153776571687,14.427351222333066,35.210912225734475,0.015316989342932267,0.054542701143771764,"[[2113, 992], [1202, 1651]]","[[214, 131], [163, 154]]"
disclosure_x_bias,25,init_hard,N2,exponential,25.591323837499328,28.741949474741197,0.6332665952286956,0.5560153776571687,14.427337963625092,35.175712899751275,0.014282472067502718,0.054542701143771764,"[[2098, 1007], [1178, 1675]]","[[212, 133], [161, 156]]"
disclosure_x_bias,26,init_hard,N2,exponential,25.586054944170435,28.720548538499806,0.6332665952286956,0.5560153776571687,14.439646822374787,35.10756621446046,0.014282472067502718,0.054542701143771764,"[[2099, 1006], [1179, 1674]]","[[212, 133], [161, 156]]"
disclosure_x_bias,27,init_hard,N2,exponential,25.57362356010909,28.67739709973419,0.6334343804635949,0.5575079149706015,14.456308204985936,35.203903752025305,0.014062271899917746,0.05278865485291557,"[[2098, 1007], [1177, 1676]]","[[212, 133], [160, 157]]"
disclosure_x_bias,28,init_hard,N2,exponential,25.49841959139506,28.563740085186243,0.6336021656984941,0.5575079149706015,14.44398582546479,35.25571609539386,0.014104984339502368,0.05278865485291557,"[[2100, 1005], [1178, 1675]]","[[212, 133], [160, 157]]"
disclosure_x_bias,29,init_hard,N2,exponential,25.380048667656695,28.534065106120824,0.6325954542890981,0.5575079149706015,14.392292261133852,35.19314151416029,0.015659521430448808,0.05278865485291557,"[[2123, 982], [1207, 1646]]","[[215, 130], [163, 154]]"
disclosure_x_bias,30,init_hard,N2,exponential,25.401089949633388,28.590587567125475,0.6327632395239975,0.5575079149706015,14.39655035230153,35.33009534175243,0.01572774935677121,0.05278865485291557,"[[2123, 982], [1206, 1647]]","[[215, 130], [163, 154]]"
disclosure_x_bias,31,init_hard,N2,exponential,25.315965624208896,28.476746494113286,0.6329310247588968,0.5575079149706015,14.372212794834796,35.349822458291946,0.015951357561288532,0.05278865485291557,"[[2125, 980], [1207, 1646]]","[[215, 130], [163, 154]]"
disclosure_x_bias,32,init_hard,N2,exponential,25.290425324167465,28.41051866210774,0.6339377361682927,0.5575079149706015,14.36975111690658,35.25417308593747,0.014227448236976366,0.05278865485291557,"[[2102, 1003], [1178, 1675]]","[[212, 133], [160, 157]]"
disclosure_x_bias,33,init_hard,N2,exponential,25.169285622499206,28.392952741179084,0.6339377361682927,0.5575079149706015,14.346999263353231,35.42873405851371,0.014227448236976366,0.05278865485291557,"[[2102, 1003], [1178, 1675]]","[[212, 133], [160, 157]]"
disclosure_x_bias,34,init_hard,N2,exponential,25.165505523122004,28.40763196083273,0.6334343804635949,0.5544776119402985,14.345412416123736,35.41955532499437,0.014946470695625665,0.045181448313186066,"[[2115, 990], [1194, 1659]]","[[212, 133], [162, 155]]"
disclosure_x_bias,35,init_hard,N2,exponential,25.177922034234868,28.414757710258026,0.6337699509333935,0.552962460425147,14.350887967864132,35.42922088346159,0.014623756682390932,0.047410404086498256,"[[2118, 987], [1195, 1658]]","[[212, 133], [163, 154]]"
disclosure_x_bias,36,init_hard,N2,exponential,25.172346179937247,28.339523571883614,0.6341055214031922,0.552962460425147,14.3734905556717,35.40226068267484,0.014822322015026455,0.047410404086498256,"[[2119, 986], [1194, 1659]]","[[212, 133], [163, 154]]"
disclosure_x_bias,37,init_hard,N2,exponential,25.06917691508755,28.290841970115974,0.6344410918729908,0.5544776119402985,14.44151476170229,35.30222514787085,0.013996245261102512,0.05101500269049291,"[[2108, 997], [1181, 1672]]","[[212, 133], [162, 155]]"
disclosure_x_bias,38,init_hard,N2,exponential,25.07678172642535,28.351266188780095,0.6346088771078902,0.5544776119402985,14.448946008022489,35.41531787007528,0.014070316629810084,0.05101500269049291,"[[2109, 996], [1181, 1672]]","[[212, 133], [162, 155]]"
disclosure_x_bias,39,init_hard,N2,exponential,25.079622355063158,28.328979238763004,0.6346088771078902,0.5575079149706015,14.447955124791363,35.42383837888311,0.014225083204749061,0.058735336162099645,"[[2098, 1007], [1170, 1683]]","[[212, 133], [160, 157]]"
disclosure_x_bias,40,init_hard,N2,exponential,25.009126054608362,28.241839586797,0.6352800180474875,0.5575079149706015,14.428630547341664,35.392211152662064,0.01373946127779829,0.058735336162099645,"[[2099, 1006], [1167, 1686]]","[[212, 133], [160, 157]]"
disclosure_x_bias,41,init_hard,N2,exponential,24.763535785430395,28.216291761454414,0.6356155885172861,0.55599276345545,14.31481980757854,35.57982108723965,0.013955102511432702,0.05927377405697906,"[[2101, 1004], [1167, 1686]]","[[212, 133], [161, 156]]"
disclosure_x_bias,42,init_hard,N2,exponential,24.748351396239286,28.172474795116255,0.6359511589870848,0.55599276345545,14.312144443246599,35.488836582164,0.014224750590556225,0.05927377405697906,"[[2103, 1002], [1167, 1686]]","[[212, 133], [161, 156]]"
disclosure_x_bias,43,init_hard,N2,exponential,24.739839369938483,28.19172133147717,0.6364545146917828,0.5590230664857531,14.313967214906269,35.46598371741705,0.013686124439628595,0.056816828575236386,"[[2097, 1008], [1158, 1695]]","[[211, 134], [158, 159]]"
disclosure_x_bias,44,init_hard,N2,exponential,24.70469925350241,28.126625351947713,0.6367900851615814,0.5544776119402985,14.294761427722303,35.49102673874662,0.01384848938361619,0.04949227103215141,"[[2110, 995], [1169, 1684]]","[[211, 134], [161, 156]]"
disclosure_x_bias,45,init_hard,N2,exponential,24.730465305359964,28.156949128349652,0.6366222999266821,0.55599276345545,14.288338250290888,35.58509179671176,0.013825360887830172,0.04784365611268964,"[[2110, 995], [1170, 1683]]","[[211, 134], [160, 157]]"
disclosure_x_bias,46,init_hard,N2,exponential,24.720209651974848,28.120186917056383,0.6367900851615814,0.5544776119402985,14.285671189987761,35.505179959259195,0.01384848938361619,0.04949227103215141,"[[2110, 995], [1169, 1684]]","[[211, 134], [161, 156]]"
disclosure_x_bias,47,init_hard,N2,exponential,24.66892965153705,28.029047369202704,0.6367900851615814,0.55599276345545,14.284365734494736,35.515327770309334,0.013916086035405653,0.04784365611268964,"[[2111, 994], [1170, 1683]]","[[212, 133], [161, 156]]"
disclosure_x_bias,48,init_hard,N2,exponential,24.593626645134755,28.019662276075554,0.6367900851615814,0.55599276345545,14.27692808955737,35.50610872097311,0.013916086035405653,0.04784365611268964,"[[2111, 994], [1170, 1683]]","[[212, 133], [161, 156]]"
disclosure_x_bias,49,init_hard,N2,exponential,24.579752607576786,28.042832265679596,0.6377982065309344,0.55599276345545,14.271825995449008,35.51244264951616,0.012768318020116314,0.04784365611268964,"[[2120, 985], [1173, 1680]]","[[212, 133], [161, 156]]"
disclosure_x_bias,50,init_hard,N2,exponential,24.588127215188475,28.05690628974507,0.637798488522926,0.55599276345545,14.283312812374271,35.512106256437185,0.013217820216182292,0.04784365611268964,"[[2120, 985], [1173, 1680]]","[[212, 133], [161, 156]]"
disclosure_x_bias,51,init_hard,N2,exponential,24.589562242857504,28.143123479143185,0.6379662737578252,0.55599276345545,14.300308766711922,35.65318377418615,0.013178053036739648,0.04784365611268964,"[[2121, 984], [1173, 1680]]","[[212, 133], [161, 156]]"
disclosure_x_bias,52,init_hard,N2,exponential,24.57206778519946,28.098293390238744,0.6383018442276239,0.5544776119402985,14.297568905645049,35.55248648175444,0.012776590192879333,0.04949227103215141,"[[2122, 983], [1172, 1681]]","[[211, 134], [161, 156]]"
disclosure_x_bias,53,init_hard,N2,exponential,24.415622511327758,27.95462517854679,0.6383018442276239,0.5544776119402985,14.232188171570616,35.6559431335569,0.012727531656439096,0.04949227103215141,"[[2122, 983], [1172, 1681]]","[[211, 134], [161, 156]]"
disclosure_x_bias,54,init_hard,N2,exponential,24.406330397741172,27.919645083841726,0.6383018442276239,0.5544776119402985,14.233438168117754,35.59389568342966,0.012727531656439096,0.04949227103215141,"[[2123, 982], [1173, 1680]]","[[211, 134], [161, 156]]"
disclosure_x_bias,55,init_hard,N2,exponential,24.335867830594957,27.906809304310237,0.6386374146974225,0.5544776119402985,14.293805066985964,35.57474694289901,0.01267690655832489,0.04949227103215141,"[[2124, 981], [1172, 1681]]","[[211, 134], [161, 156]]"
disclosure_x_bias,56,init_hard,N2,exponential,24.241462199996565,27.86044979530066,0.6396455360667758,0.5529850746268656,14.283567799434453,35.477660185093946,0.012057531845587794,0.05126107980211769,"[[2131, 974], [1173, 1680]]","[[211, 134], [162, 155]]"
disclosure_x_bias,57,init_hard,N2,exponential,24.25538083320273,27.929768857044046,0.6393099655969771,0.5529850746268656,14.30222983244216,35.6118039748622,0.01185497249437164,0.05126107980211769,"[[2130, 975], [1174, 1679]]","[[211, 134], [162, 155]]"
disclosure_x_bias,58,init_hard,N2,exponential,24.24924225800596,27.969386258706198,0.6396455360667758,0.5529850746268656,14.298037042713784,35.70643215163949,0.012057531845587794,0.05126107980211769,"[[2131, 974], [1173, 1680]]","[[211, 134], [162, 155]]"
disclosure_x_bias,59,init_hard,N2,exponential,24.25441605466485,27.966743445420366,0.6394777508318763,0.5514699231117142,14.30764679578044,35.633115538610895,0.011866082434302065,0.04971870523831893,"[[2132, 973], [1175, 1678]]","[[211, 134], [163, 154]]"
disclosure_x_bias,60,init_hard,N2,exponential,24.262669929777477,27.942308395349066,0.6394777508318763,0.5514699231117142,14.316232071973245,35.64748879072507,0.011866082434302065,0.04971870523831893,"[[2132, 973], [1175, 1678]]","[[211, 134], [163, 154]]"
disclosure_x_bias,61,init_hard,N2,exponential,24.201275585284755,27.858222499671804,0.6404844622412724,0.5529850746268656,14.318819767694098,35.66697974049578,0.011611004272604263,0.050256023493889475,"[[2136, 969], [1173, 1680]]","[[212, 133], [163, 154]]"
disclosure_x_bias,62,init_hard,N2,exponential,24.175014669559474,27.84571395440567,0.6403166770063731,0.5514699231117142,14.302281045008307,35.666127627642794,0.011064144353686666,0.046538784206215766,"[[2135, 970], [1173, 1680]]","[[211, 134], [163, 154]]"
disclosure_x_bias,63,init_hard,N2,exponential,24.180345366004172,27.798600026756567,0.6401488917714737,0.5514699231117142,14.316122774222475,35.65352887672976,0.011038068312032318,0.046538784206215766,"[[2134, 971], [1173, 1680]]","[[211, 134], [163, 154]]"
disclosure_x_bias,64,init_hard,N2,exponential,24.199859883628147,27.79630217699928,0.6401488917714737,0.5514699231117142,14.338647790698237,35.633029255596725,0.011038068312032318,0.046538784206215766,"[[2134, 971], [1173, 1680]]","[[211, 134], [163, 154]]"
disclosure_x_bias,65,init_hard,N2,exponential,24.18795824079083,27.80566524663743,0.6403169589983644,0.5514699231117142,14.354788213995999,35.60767571869337,0.011306664779990634,0.046538784206215766,"[[2135, 970], [1173, 1680]]","[[211, 134], [163, 154]]"
disclosure_x_bias,66,init_hard,N2,exponential,24.12659136473198,27.739883524601897,0.6404847442332638,0.5514699231117142,14.346809676670448,35.727107700448954,0.011629097715617789,0.046538784206215766,"[[2135, 970], [1172, 1681]]","[[211, 134], [163, 154]]"
disclosure_x_bias,67,init_hard,N2,exponential,24.049609975958834,27.798023159890988,0.6406525294681631,0.5514699231117142,14.3381683495264,35.83168930277308,0.01132165438084227,0.046538784206215766,"[[2137, 968], [1173, 1680]]","[[211, 134], [163, 154]]"
disclosure_x_bias,68,init_hard,N2,exponential,24.055732833035535,27.780106589029607,0.6406525294681631,0.5514699231117142,14.310921034349025,35.75988351746545,0.01148622838849237,0.046538784206215766,"[[2136, 969], [1172, 1681]]","[[211, 134], [163, 154]]"
disclosure_x_bias,69,init_hard,N2,exponential,24.068666876500522,27.81480016038198,0.641155885172861,0.5514699231117142,14.309432335799329,35.766155918786936,0.011981092665510689,0.046538784206215766,"[[2137, 968], [1170, 1683]]","[[211, 134], [163, 154]]"
disclosure_x_bias,70,init_hard,N2,exponential,23.9785865511701,27.829917305456682,0.6413236704077605,0.5529850746268656,14.258502868746998,35.781853379785126,0.011645372011044873,0.050256023493889475,"[[2139, 966], [1171, 1682]]","[[212, 133], [163, 154]]"
disclosure_x_bias,71,init_hard,N2,exponential,23.918967593270786,27.808545432364486,0.6413236704077605,0.5529850746268656,14.248475806050125,35.740109403624444,0.011645372011044873,0.050256023493889475,"[[2139, 966], [1171, 1682]]","[[212, 133], [163, 154]]"
disclosure_x_bias,72,init_hard,N2,exponential,23.910288536498218,27.773633952725977,0.6413236704077605,0.5499547715965626,14.2653898295217,35.74554709773661,0.011752322283611413,0.049640155982920015,"[[2137, 968], [1169, 1684]]","[[210, 135], [163, 154]]"
disclosure_x_bias,73,init_hard,N2,exponential,23.822352255992698,27.785449242571907,0.6430037786926851,0.5514246947082768,14.332674382362299,35.760121047710335,0.011693228317393448,0.04257242515944614,"[[2162, 943], [1184, 1669]]","[[212, 133], [164, 153]]"
disclosure_x_bias,74,init_hard,N2,exponential,23.804345760488175,27.77899896228187,0.6433393491624837,0.5514246947082768,14.32889549423714,35.75426083734746,0.011321908494112295,0.04257242515944614,"[[2164, 941], [1184, 1669]]","[[212, 133], [164, 153]]"
disclosure_x_bias,75,init_hard,N2,exponential,23.818811135574375,27.772554205859997,0.6435071343973832,0.5529398462234283,14.343530905004972,35.71583447135551,0.011014372169268467,0.042605946914209956,"[[2165, 940], [1184, 1669]]","[[213, 132], [164, 153]]"
disclosure_x_bias,76,init_hard,N2,exponential,23.882598034734432,28.14704024730517,0.6440104901020811,0.5529398462234283,14.277298721380735,35.87061518914916,0.010827027008752904,0.042605946914209956,"[[2165, 940], [1181, 1672]]","[[213, 132], [164, 153]]"
disclosure_x_bias,77,init_hard,N2,exponential,23.883342635010287,28.133555741157814,0.6443460605718798,0.5514246947082768,14.276121998911917,35.78440019002622,0.01083105636876477,0.04257242515944614,"[[2168, 937], [1182, 1671]]","[[212, 133], [164, 153]]"
disclosure_x_bias,78,init_hard,N2,exponential,23.781461589945675,28.037305695509694,0.6448496982685692,0.5514246947082768,14.277156240660307,35.917931352473666,0.010732615045545617,0.04257242515944614,"[[2172, 933], [1183, 1670]]","[[213, 132], [165, 152]]"
disclosure_x_bias,79,init_hard,N2,exponential,23.80520973201955,28.032640308707915,0.6445141277987705,0.5514246947082768,14.282252233136889,35.86539509900465,0.011089837492032762,0.04257242515944614,"[[2166, 939], [1179, 1674]]","[[212, 133], [164, 153]]"
disclosure_x_bias,80,init_hard,N2,exponential,23.793050523770635,28.026945531828705,0.6431695899836445,0.5469244685662595,14.285501045835979,35.975623049532835,0.011767068255603223,0.046120929966068314,"[[2142, 963], [1163, 1690]]","[[209, 136], [164, 153]]"
disclosure_x_bias,81,init_hard,N2,exponential,23.748648639922003,27.98779280741967,0.6445141277987705,0.5499095431931252,14.257927349997079,35.898426537306605,0.011313234513797527,0.04307516381552285,"[[2169, 936], [1182, 1671]]","[[212, 133], [165, 152]]"
disclosure_x_bias,82,init_hard,N2,exponential,23.701595305227123,27.93005084345245,0.6446821950256613,0.5499095431931252,14.261291761177105,35.911429675068,0.011422492542446547,0.04307516381552285,"[[2169, 936], [1181, 1672]]","[[212, 133], [165, 152]]"
disclosure_x_bias,83,init_hard,N2,exponential,23.711828366140534,27.93116334431579,0.6450177654954599,0.5529398462234283,14.278480552732338,35.943536314705256,0.011126712502602772,0.046608723756062585,"[[2159, 946], [1169, 1684]]","[[212, 133], [163, 154]]"
disclosure_x_bias,84,init_hard,N2,exponential,23.705776653304717,27.963791221620237,0.6446821950256613,0.5499095431931252,14.268203808207469,35.97929261383629,0.01190521271974325,0.04307516381552285,"[[2156, 949], [1168, 1685]]","[[210, 135], [163, 154]]"
disclosure_x_bias,85,init_hard,N2,exponential,23.68928621806217,27.923785950772505,0.6446819130336698,0.5483943916779738,14.267846679840808,35.937092495931516,0.011914375656870167,0.04171787343175004,"[[2158, 947], [1170, 1683]]","[[210, 135], [164, 153]]"
disclosure_x_bias,86,init_hard,N2,exponential,23.709805164849868,27.97391722517268,0.646024476904856,0.5483943916779738,14.294301464001329,35.97821596563116,0.01131118818755145,0.04171787343175004,"[[2162, 943], [1166, 1687]]","[[210, 135], [164, 153]]"
disclosure_x_bias,87,init_hard,N2,exponential,23.681871167482164,27.991524568462637,0.6463600473746546,0.5483943916779738,14.319411248870708,35.98042946051233,0.011136696198065215,0.04171787343175004,"[[2166, 939], [1168, 1685]]","[[211, 134], [165, 152]]"
disclosure_x_bias,88,init_hard,N2,exponential,23.6643911490661,27.989549420084224,0.6453533359652586,0.5514246947082768,14.311296262071094,35.96726434095878,0.01156611509543359,0.04257242515944614,"[[2164, 941], [1172, 1681]]","[[212, 133], [164, 153]]"
disclosure_x_bias,89,init_hard,N2,exponential,23.666562820490515,28.012108612772785,0.6455211212001579,0.5514246947082768,14.313501465919357,36.006347336153674,0.011534142595640048,0.04257242515944614,"[[2164, 941], [1171, 1682]]","[[212, 133], [164, 153]]"
disclosure_x_bias,90,init_hard,N2,exponential,23.72713007164821,28.437534452098095,0.6471995375331341,0.5499095431931252,14.2459029939511,36.24397207044703,0.00948003713929629,0.04307516381552285,"[[2163, 942], [1160, 1693]]","[[211, 134], [164, 153]]"
disclosure_x_bias,91,init_hard,N2,exponential,23.707397553613582,28.353945509076517,0.6463600473746546,0.5514246947082768,14.244259032524171,36.15876112915248,0.009727431432123098,0.04257242515944614,"[[2163, 942], [1165, 1688]]","[[212, 133], [164, 153]]"
disclosure_x_bias,92,init_hard,N2,exponential,23.71259376603368,28.38424664243154,0.6471995375331341,0.5483943916779738,14.245082238072262,36.15452124973191,0.009578512227852434,0.04171787343175004,"[[2165, 940], [1162, 1691]]","[[211, 134], [165, 152]]"
disclosure_x_bias,93,init_hard,N2,exponential,23.710750549166967,28.38138255861163,0.6473670407760419,0.5483943916779738,14.234902862221167,36.13751619326024,0.00934926198176744,0.04171787343175004,"[[2166, 939], [1162, 1691]]","[[211, 134], [165, 152]]"
disclosure_x_bias,94,init_hard,N2,exponential,23.682640221784247,28.377720029812377,0.6473670407760419,0.5468792401628223,14.234560321632433,36.17197757857353,0.00934926198176744,0.041499651497435196,"[[2166, 939], [1162, 1691]]","[[210, 135], [165, 152]]"
disclosure_x_bias,95,init_hard,N2,exponential,23.68252919279814,28.348569000484048,0.6470314703062433,0.5483943916779738,14.234911536162095,36.08695746478175,0.009530236510094223,0.04292331963779388,"[[2163, 942], [1161, 1692]]","[[210, 135], [164, 153]]"
disclosure_x_bias,96,init_hard,N2,exponential,23.61415737272033,28.38784924443197,0.6480384637076307,0.5499095431931252,14.290302035663064,36.18783924094623,0.011052105724095951,0.042478871632892656,"[[2163, 942], [1155, 1698]]","[[210, 135], [163, 154]]"
disclosure_x_bias,97,init_hard,N2,exponential,23.608294667260356,28.38567375767257,0.64820624894253,0.5499095431931252,14.30354492107784,36.16959905232479,0.011001586212912376,0.04126044267992124,"[[2165, 940], [1156, 1697]]","[[211, 134], [164, 153]]"
disclosure_x_bias,98,init_hard,N2,exponential,23.56426172037458,28.30437224858257,0.649212960351926,0.5483943916779738,14.310893904320432,36.28006875968338,0.009612053809788277,0.0371923990346823,"[[2163, 942], [1148, 1705]]","[[210, 135], [164, 153]]"
disclosure_x_bias,99,init_hard,N2,exponential,23.589671305519722,28.30592431364649,0.648709604647228,0.5483943916779738,14.267504349035544,36.22655502807306,0.00992719457634631,0.0371923990346823,"[[2161, 944], [1149, 1704]]","[[210, 135], [164, 153]]"
disclosure_x_bias,100,init_hard,N2,exponential,23.460910209886883,28.296620745782086,0.6482059669505386,0.5468792401628223,14.222351336089615,36.18861400310668,0.010030276167704605,0.03830332964321515,"[[2160, 945], [1151, 1702]]","[[209, 136], [164, 153]]"
disclosure_x_bias,101,init_hard,N2,exponential,23.45884389364506,28.289244265808257,0.6485415374203373,0.5483943916779738,14.224014299847298,36.190997866925834,0.00987750424617212,0.0371923990346823,"[[2163, 942], [1152, 1701]]","[[210, 135], [164, 153]]"
disclosure_x_bias,102,init_hard,N2,exponential,23.44806112299586,28.215806694567334,0.6485415374203373,0.5483943916779738,14.250308721224787,36.12837408642488,0.00987750424617212,0.0371923990346823,"[[2163, 942], [1152, 1701]]","[[210, 135], [164, 153]]"
disclosure_x_bias,103,init_hard,N2,exponential,23.420890159005204,28.235094461734075,0.6493804635948339,0.5468792401628223,14.227911869363044,36.1638521724297,0.010509521007499304,0.03694745805459556,"[[2165, 940], [1149, 1704]]","[[208, 137], [163, 154]]"
disclosure_x_bias,104,init_hard,N2,exponential,23.43375519250781,28.291307095180382,0.6495482488297333,0.5514246947082768,14.251247313796716,36.25558401831601,0.010901608889772433,0.04546963158646014,"[[2171, 934], [1154, 1699]]","[[211, 134], [163, 154]]"
disclosure_x_bias,105,init_hard,N2,exponential,23.434899256047867,28.282848656104267,0.6483729062094636,0.5544097693351425,14.247264572552156,36.197659986566364,0.010902269424342257,0.044316809538224804,"[[2176, 929], [1166, 1687]]","[[213, 132], [163, 154]]"
disclosure_x_bias,106,init_hard,N2,exponential,23.4734288093305,28.347867134208208,0.6490440471490609,0.5544097693351425,14.316784163484607,36.29719522889259,0.010973164056523137,0.044316809538224804,"[[2177, 928], [1163, 1690]]","[[213, 132], [163, 154]]"
disclosure_x_bias,107,init_hard,N2,exponential,23.481164324333964,28.309976276999958,0.6487084766792623,0.5544097693351425,14.322641133643936,36.21661587192332,0.011127731435086639,0.044316809538224804,"[[2176, 929], [1164, 1689]]","[[213, 132], [163, 154]]"
disclosure_x_bias,108,init_hard,N2,exponential,23.473169552583023,28.338918385938506,0.6488762619141617,0.5528946178199909,14.332734893988162,36.243039073068225,0.010779910588258442,0.04011193210880474,"[[2174, 931], [1161, 1692]]","[[212, 133], [163, 154]]"
disclosure_x_bias,109,init_hard,N2,exponential,23.475473130067964,28.368343461729694,0.6493796176188597,0.5528946178199909,14.340036140694677,36.29615496253172,0.010541045296509217,0.04011193210880474,"[[2173, 932], [1157, 1696]]","[[212, 133], [163, 154]]"
disclosure_x_bias,110,init_hard,N2,exponential,23.39785916852342,28.35754060022133,0.6492118323839603,0.5513794663048394,14.383808464847037,36.249173471229305,0.010818708677130277,0.041327834323559444,"[[2172, 933], [1157, 1696]]","[[211, 134], [163, 154]]"
disclosure_x_bias,111,init_hard,N2,exponential,23.345303790277185,28.361177841790493,0.6498829733235576,0.5528946178199909,14.403440333188605,36.323760283016576,0.010510116148680297,0.04011193210880474,"[[2175, 930], [1156, 1697]]","[[212, 133], [163, 154]]"
disclosure_x_bias,112,init_hard,N2,exponential,23.362421043849107,28.330997313206694,0.649547402853759,0.5528946178199909,14.41047292354406,36.24497009596122,0.010700664296404903,0.04011193210880474,"[[2173, 932], [1156, 1697]]","[[212, 133], [163, 154]]"
disclosure_x_bias,113,init_hard,N2,exponential,23.335194572708858,28.312788648497282,0.6503863290282557,0.5544097693351425,14.414490516528836,36.354180807173876,0.010834259368582807,0.04008582280476247,"[[2170, 935], [1148, 1705]]","[[212, 133], [162, 155]]"
disclosure_x_bias,114,init_hard,N2,exponential,23.444615421273365,28.7485262896128,0.6505541142631549,0.555924920850294,14.332810093608781,36.558048352179426,0.010712890414339152,0.03999597182361288,"[[2170, 935], [1147, 1706]]","[[212, 133], [161, 156]]"
disclosure_x_bias,115,init_hard,N2,exponential,23.417489964304124,28.695851042743165,0.6502185437933563,0.555924920850294,14.340562698276512,36.562244261832845,0.011344255621022486,0.03999597182361288,"[[2171, 934], [1150, 1703]]","[[212, 133], [161, 156]]"
disclosure_x_bias,116,init_hard,N2,exponential,23.43195730562027,28.73499507062063,0.6512252552027522,0.555924920850294,14.338757768628493,36.55592215202958,0.010779227817935362,0.03999597182361288,"[[2176, 929], [1149, 1704]]","[[212, 133], [161, 156]]"
disclosure_x_bias,117,init_hard,N2,exponential,23.43536182256258,28.737531823295832,0.6515608256725509,0.555924920850294,14.335883759678419,36.564378040093594,0.01099583746984258,0.03999597182361288,"[[2169, 936], [1140, 1713]]","[[211, 134], [160, 157]]"
disclosure_x_bias,118,init_hard,N2,exponential,23.4391877353028,28.76702348694571,0.6515608256725509,0.555924920850294,14.348062647977924,36.601827159956486,0.01099583746984258,0.03999597182361288,"[[2170, 935], [1141, 1712]]","[[211, 134], [160, 157]]"
disclosure_x_bias,119,init_hard,N2,exponential,23.423765522149765,28.76261740875655,0.6515608256725509,0.555924920850294,14.336005929457313,36.58135881494622,0.01099583746984258,0.03999597182361288,"[[2170, 935], [1141, 1712]]","[[211, 134], [160, 157]]"
disclosure_x_bias,120,init_hard,N2,exponential,23.36042165963673,28.770359129541767,0.6515608256725509,0.555924920850294,14.30836001448318,36.58102558092621,0.01099583746984258,0.03999597182361288,"[[2169, 936], [1140, 1713]]","[[211, 134], [160, 157]]"
disclosure_x_bias,121,init_hard,N2,exponential,23.318769977405637,28.796719928995895,0.6517286109074503,0.5544097693351425,14.350864356739159,36.63145319880597,0.011168569304811724,0.04133888720074022,"[[2169, 936], [1139, 1714]]","[[210, 135], [160, 157]]"
disclosure_x_bias,122,init_hard,N2,exponential,23.305706946349282,28.799104046399787,0.6520641813772489,0.5544097693351425,14.344786158350601,36.66223160720562,0.011306063694768729,0.04133888720074022,"[[2169, 936], [1137, 1716]]","[[210, 135], [160, 157]]"
disclosure_x_bias,123,init_hard,N2,exponential,23.30286857583793,28.745681623618715,0.6520641813772489,0.5544097693351425,14.365658318794605,36.60378825425356,0.011660181948085315,0.04133888720074022,"[[2168, 937], [1136, 1717]]","[[210, 135], [160, 157]]"
disclosure_x_bias,124,init_hard,N2,exponential,23.291628944615802,28.778510801149167,0.6520641813772489,0.5544097693351425,14.346875743083105,36.642379751132836,0.011660181948085315,0.04133888720074022,"[[2168, 937], [1136, 1717]]","[[210, 135], [160, 157]]"
disclosure_x_bias,125,init_hard,N2,exponential,23.28372193532914,28.770767283597035,0.6530708927866449,0.5544097693351425,14.338488454459759,36.59267705300673,0.010425706695619088,0.04133888720074022,"[[2170, 935], [1132, 1721]]","[[210, 135], [160, 157]]"
disclosure_x_bias,126,init_hard,N2,exponential,23.319777682692866,28.79903118603575,0.6529031075517455,0.555924920850294,14.327588950183847,36.663035301745055,0.010234341305661854,0.039353050194170236,"[[2165, 940], [1128, 1725]]","[[210, 135], [159, 158]]"
disclosure_x_bias,127,init_hard,N2,exponential,23.316378738520847,28.76731104522625,0.6527350403248547,0.5574400723654456,14.318130086112271,36.63325778897685,0.010384346348239563,0.03984194791978198,"[[2165, 940], [1129, 1724]]","[[211, 134], [159, 158]]"
disclosure_x_bias,128,init_hard,N2,exponential,23.32826919059574,28.75712814476853,0.6525675370819469,0.5574400723654456,14.336014378328723,36.627983384528115,0.010357701628113997,0.03984194791978198,"[[2165, 940], [1130, 1723]]","[[211, 134], [159, 158]]"
disclosure_x_bias,129,init_hard,N2,exponential,23.311895561110763,28.749421397538896,0.6525672550899555,0.5574400723654456,14.329576603592958,36.61240706088096,0.010724577396170247,0.03984194791978198,"[[2165, 940], [1130, 1723]]","[[211, 134], [159, 158]]"
disclosure_x_bias,130,init_hard,N2,exponential,23.304049522005492,28.779345786858563,0.6532386780215442,0.5574400723654456,14.330290342395553,36.67159829686764,0.010610674742956818,0.03984194791978198,"[[2164, 941], [1125, 1728]]","[[211, 134], [159, 158]]"
disclosure_x_bias,131,init_hard,N2,exponential,23.269175293001158,28.68055529669808,0.6534064632564436,0.5574400723654456,14.341636082801863,36.633459558228544,0.010435887494951444,0.03984194791978198,"[[2165, 940], [1125, 1728]]","[[211, 134], [159, 158]]"
disclosure_x_bias,132,init_hard,N2,exponential,23.26596450413573,28.7171611778599,0.6537420337262422,0.5574400723654456,14.339469041954027,36.72391171267366,0.010523625272212456,0.03984194791978198,"[[2168, 937], [1126, 1727]]","[[211, 134], [159, 158]]"
disclosure_x_bias,133,init_hard,N2,exponential,23.194977076681678,28.704430040452717,0.6542456714229317,0.5589326096788783,14.376714789359474,36.65375862804198,0.01051760221591863,0.039904964505714395,"[[2166, 939], [1121, 1732]]","[[211, 134], [158, 159]]"
disclosure_x_bias,134,init_hard,N2,exponential,23.179788273596706,28.689176812069423,0.653910100953133,0.5559023066485753,14.371600021421637,36.63760937013522,0.01103034600423008,0.03256964993026546,"[[2163, 942], [1120, 1733]]","[[209, 136], [158, 159]]"
disclosure_x_bias,135,init_hard,N2,exponential,23.193869582296294,28.728097612468833,0.6537423157182336,0.5559023066485753,14.377307108407171,36.720205416913736,0.011007079809093089,0.03256964993026546,"[[2161, 944], [1119, 1734]]","[[209, 136], [158, 159]]"
disclosure_x_bias,136,init_hard,N2,exponential,23.17672422076799,28.65049986035178,0.6544134566578309,0.5543871551334238,14.382977567775834,36.617049408138264,0.010503304562962916,0.03494205188447516,"[[2162, 943], [1116, 1737]]","[[208, 137], [158, 159]]"
disclosure_x_bias,137,init_hard,N2,exponential,23.2217681785247,28.729290806815307,0.6544134566578309,0.5498643147896879,14.433200569138553,36.653841512098985,0.011195255487741671,0.034492444558664015,"[[2164, 941], [1118, 1735]]","[[207, 138], [160, 157]]"
disclosure_x_bias,138,init_hard,N2,exponential,23.251789929834292,28.83735274240309,0.6545812418927303,0.5498643147896879,14.426718713011876,36.94715635018306,0.011234848951028957,0.034492444558664015,"[[2164, 941], [1117, 1736]]","[[207, 138], [160, 157]]"
disclosure_x_bias,139,init_hard,N2,exponential,23.239498278444906,28.82074715311159,0.6544137386498223,0.5513568521031208,14.433884373976774,36.92338140202489,0.011185230877559568,0.034926794880016536,"[[2164, 941], [1118, 1735]]","[[207, 138], [159, 158]]"
disclosure_x_bias,140,init_hard,N2,exponential,23.239449824528762,28.784430230297147,0.6557560205290169,0.5498417005879692,14.44514648097191,36.88200345577812,0.009343197321402102,0.031743265670634443,"[[2160, 945], [1106, 1747]]","[[206, 139], [159, 158]]"
disclosure_x_bias,141,init_hard,N2,exponential,23.207188519301166,28.823368092306197,0.6555882352941176,0.5498417005879692,14.42750399169046,36.94274567471712,0.009081084291285131,0.031743265670634443,"[[2158, 947], [1105, 1748]]","[[206, 139], [159, 158]]"
disclosure_x_bias,142,init_hard,N2,exponential,23.20929808937759,28.828838095560997,0.6557560205290169,0.5483265490728177,14.427082998962428,36.98097614838077,0.009140117696905899,0.034618043420621046,"[[2158, 947], [1104, 1749]]","[[205, 140], [159, 158]]"
disclosure_x_bias,143,init_hard,N2,exponential,23.182577577234902,28.863409064005026,0.6559238057639163,0.5483265490728177,14.452143620542996,37.013322542036946,0.009023683513333127,0.034618043420621046,"[[2158, 947], [1103, 1750]]","[[205, 140], [159, 158]]"
disclosure_x_bias,144,init_hard,N2,exponential,23.180244950257215,28.877276327526907,0.6554204500592183,0.5498417005879692,14.458244420714742,37.05691482556519,0.007869838101297042,0.0348094200692556,"[[2159, 946], [1107, 1746]]","[[207, 138], [160, 157]]"
disclosure_x_bias,145,init_hard,N2,exponential,23.175441190759962,28.846936848072907,0.6557560205290169,0.5483265490728177,14.45235725429246,36.994328027842684,0.009071414257003781,0.034618043420621046,"[[2157, 948], [1103, 1750]]","[[205, 140], [159, 158]]"
disclosure_x_bias,146,init_hard,N2,exponential,23.178515542527677,28.87018964115926,0.6557560205290169,0.5483265490728177,14.446816349293416,37.00251072144994,0.009071414257003781,0.034618043420621046,"[[2157, 948], [1103, 1750]]","[[205, 140], [159, 158]]"
disclosure_x_bias,147,init_hard,N2,exponential,23.192215650833642,28.866557612276473,0.6559238057639163,0.5483265490728177,14.462336545795397,36.97610310527048,0.009127083679110295,0.034618043420621046,"[[2157, 948], [1102, 1751]]","[[205, 140], [159, 158]]"
disclosure_x_bias,148,init_hard,N2,exponential,23.179242617090487,28.881324222013557,0.6559238057639163,0.5483265490728177,14.452674597537904,37.01472476420104,0.009127083679110295,0.034618043420621046,"[[2157, 948], [1102, 1751]]","[[205, 140], [159, 158]]"
disclosure_x_bias,149,init_hard,N2,exponential,23.22145367059011,28.868278468897905,0.6559238057639163,0.5498417005879692,14.479380073762,36.9979440482382,0.009127083679110295,0.036245360125381584,"[[2157, 948], [1102, 1751]]","[[206, 139], [159, 158]]"
disclosure_x_bias,150,init_hard,N2,exponential,23.220057991975445,28.871791987888884,0.6560913090068242,0.5483265490728177,14.487890175750422,37.01575303712776,0.008259180957906155,0.033873200730690466,"[[2166, 939], [1110, 1743]]","[[207, 138], [161, 156]]"
disclosure_x_bias,151,init_hard,N2,exponential,23.12673250859732,28.762743522697292,0.6557560205290169,0.5468340117593848,14.524225242657755,36.833132747441205,0.007930765146553989,0.030052119598167778,"[[2166, 939], [1112, 1741]]","[[207, 138], [162, 155]]"
disclosure_x_bias,152,init_hard,N2,exponential,23.103038181184793,28.816515518124113,0.656259376233715,0.5453188602442334,14.469209608843151,36.94232631366481,0.008261419124357565,0.032920768653926714,"[[2167, 938], [1110, 1743]]","[[206, 139], [162, 155]]"
disclosure_x_bias,153,init_hard,N2,exponential,23.173235724028793,28.810266053969617,0.6562599402176978,0.5498417005879692,14.519731386457236,36.8980077579052,0.007926070995191086,0.0348094200692556,"[[2161, 944], [1104, 1749]]","[[207, 138], [160, 157]]"
disclosure_x_bias,154,init_hard,N2,exponential,23.243606148028444,29.31616487338696,0.6564277254525972,0.5483265490728177,14.444164794787515,37.25508584338224,0.008171646039409569,0.033873200730690466,"[[2166, 939], [1108, 1745]]","[[207, 138], [161, 156]]"
disclosure_x_bias,155,init_hard,N2,exponential,23.238036448739827,29.28273348068779,0.655589081270092,0.5498417005879692,14.461310982897523,37.22138949658927,0.009484358033686873,0.0348094200692556,"[[2165, 940], [1112, 1741]]","[[207, 138], [160, 157]]"
disclosure_x_bias,156,init_hard,N2,exponential,23.22561419309766,29.29452635899089,0.6562599402176978,0.5483265490728177,14.45847102540952,37.25629161675841,0.010080160864071609,0.033873200730690466,"[[2171, 934], [1114, 1739]]","[[207, 138], [161, 156]]"
disclosure_x_bias,157,init_hard,N2,exponential,23.22326323308225,29.274182816687954,0.6567632959223958,0.5483265490728177,14.458764909995399,37.21939682747214,0.007671673791676516,0.032332078848736914,"[[2161, 944], [1101, 1752]]","[[206, 139], [160, 157]]"
disclosure_x_bias,158,init_hard,N2,exponential,23.21448072339867,29.29700763285511,0.6574344368619931,0.5498417005879692,14.459361921355203,37.263608940496404,0.00824080800918212,0.03406876168908316,"[[2161, 944], [1097, 1756]]","[[207, 138], [160, 157]]"
disclosure_x_bias,159,init_hard,N2,exponential,23.20711735608484,29.253581518131664,0.6576025040888839,0.5513568521031208,14.455182601428776,37.18453168665136,0.008976965434722622,0.03635809958800731,"[[2162, 943], [1097, 1756]]","[[208, 137], [160, 157]]"
disclosure_x_bias,160,init_hard,N2,exponential,23.18248855632966,29.296881264233207,0.6574347188539845,0.5498643147896879,14.482734341925374,37.2907593108843,0.00834047749539613,0.0359410508568297,"[[2160, 945], [1096, 1757]]","[[208, 137], [161, 156]]"
disclosure_x_bias,161,init_hard,N2,exponential,23.047849995425985,29.227834799501828,0.6574347188539845,0.5498417005879692,14.464291386345094,37.27984583740845,0.00845223977345,0.0348094200692556,"[[2163, 942], [1099, 1754]]","[[208, 137], [161, 156]]"
disclosure_x_bias,162,init_hard,N2,exponential,23.06238613454636,29.205661544001327,0.6576027860808753,0.5483491632745364,14.446748564486851,37.22903613496787,0.008084680116339449,0.0335485152564103,"[[2161, 944], [1096, 1757]]","[[207, 138], [161, 156]]"
disclosure_x_bias,163,init_hard,N2,exponential,23.118172809917326,29.24227200379956,0.6574347188539845,0.5498417005879692,14.486341847047383,37.302337912576995,0.009231372232762294,0.03762654030972432,"[[2159, 946], [1095, 1758]]","[[206, 139], [159, 158]]"
disclosure_x_bias,164,init_hard,N2,exponential,23.100834846688677,29.176749890808377,0.6567635779143872,0.5498417005879692,14.483832725850466,37.15382653777788,0.009147102565181375,0.03762654030972432,"[[2160, 945], [1100, 1753]]","[[206, 139], [159, 158]]"
disclosure_x_bias,165,init_hard,N2,exponential,23.126070992055524,29.276222075435953,0.6570991483841859,0.5468113975576662,14.495108809419628,37.41752053714077,0.00785714146780082,0.032046450772932944,"[[2164, 941], [1102, 1751]]","[[206, 139], [161, 156]]"
disclosure_x_bias,166,init_hard,N2,exponential,23.104414938541904,29.274101629337707,0.6574347188539845,0.5468113975576662,14.494239033565586,37.405608110136555,0.007996744346967517,0.032046450772932944,"[[2165, 940], [1101, 1752]]","[[206, 139], [161, 156]]"
disclosure_x_bias,167,init_hard,N2,exponential,23.102060983721852,29.2818386661368,0.6577705713157747,0.5498643147896879,14.4995278262724,37.42870289795011,0.007419664285699753,0.038675831559445935,"[[2159, 946], [1093, 1760]]","[[206, 139], [159, 158]]"
disclosure_x_bias,168,init_hard,N2,exponential,23.107657433652797,29.28906719687733,0.6576025040888839,0.5483491632745364,14.504034752609096,37.430239435105946,0.007620966650341623,0.03715614200319196,"[[2163, 942], [1098, 1755]]","[[206, 139], [160, 157]]"
disclosure_x_bias,169,init_hard,N2,exponential,23.11403589197107,29.295709549950935,0.6576025040888839,0.5468340117593848,14.516719541963887,37.4599734073609,0.007620966650341623,0.03327447523949848,"[[2161, 944], [1096, 1757]]","[[206, 139], [161, 156]]"
disclosure_x_bias,170,init_hard,N2,exponential,23.11167719580753,29.30908921605294,0.6576025040888839,0.5498643147896879,14.510695620803574,37.45044843414041,0.007620966650341623,0.038675831559445935,"[[2159, 946], [1094, 1759]]","[[206, 139], [159, 158]]"
disclosure_x_bias,171,init_hard,N2,exponential,23.096793139599693,29.275334680534154,0.6581067057695561,0.5452962460425147,14.508483042285576,37.41733606160644,0.00826056763342527,0.03086211218986316,"[[2167, 938], [1099, 1754]]","[[205, 140], [161, 156]]"
disclosure_x_bias,172,init_hard,N2,exponential,23.051242262920457,29.267477155901577,0.6579386385426653,0.5498417005879692,14.50529469081354,37.42487739911587,0.00810924506977823,0.03762654030972432,"[[2166, 939], [1099, 1754]]","[[206, 139], [159, 158]]"
disclosure_x_bias,173,init_hard,N2,exponential,23.035511703667925,29.270407325925568,0.6577708533077661,0.5483265490728177,14.493004767918219,37.41687394836789,0.00847077167918179,0.036762134566195495,"[[2165, 940], [1099, 1754]]","[[205, 140], [159, 158]]"
disclosure_x_bias,174,init_hard,N2,exponential,23.059558851940498,29.283350792993808,0.6576030680728667,0.5483265490728177,14.481357719289251,37.431661695454395,0.009127754781183788,0.036762134566195495,"[[2167, 938], [1102, 1751]]","[[205, 140], [159, 158]]"
disclosure_x_bias,175,init_hard,N2,exponential,23.02540382799378,29.239410463920525,0.6584419942473634,0.5483265490728177,14.532878852882854,37.44340352147377,0.00894053760051452,0.036762134566195495,"[[2165, 940], [1095, 1758]]","[[205, 140], [159, 158]]"
disclosure_x_bias,176,init_hard,N2,exponential,23.005752936923354,29.239505706539763,0.6584419942473634,0.5483265490728177,14.511254101155057,37.40425124002505,0.00894053760051452,0.036762134566195495,"[[2167, 938], [1097, 1756]]","[[205, 140], [159, 158]]"
disclosure_x_bias,177,init_hard,N2,exponential,23.01116726710628,29.24989047483063,0.6584419942473634,0.5498417005879692,14.518165703160927,37.445307692831165,0.00894053760051452,0.03762654030972432,"[[2166, 939], [1096, 1757]]","[[206, 139], [159, 158]]"
disclosure_x_bias,178,init_hard,N2,exponential,23.016407387709734,29.26750109677905,0.6582739270204726,0.5513342379014021,14.523435801892335,37.43230108480529,0.009156385426992137,0.0386715339162677,"[[2167, 938], [1098, 1755]]","[[207, 138], [159, 158]]"
disclosure_x_bias,179,init_hard,N2,exponential,23.008357062347354,29.27318543874093,0.6584419942473634,0.5498417005879692,14.526615148577868,37.495954456026304,0.00894053760051452,0.03762654030972432,"[[2166, 939], [1096, 1757]]","[[206, 139], [159, 158]]"
disclosure_x_bias,180,init_hard,N2,exponential,23.00704887177326,29.268913090126755,0.6582739270204726,0.5513342379014021,14.53869307233179,37.4513497034895,0.009156385426992137,0.0386715339162677,"[[2166, 939], [1097, 1756]]","[[207, 138], [159, 158]]"
disclosure_x_bias,181,init_hard,N2,exponential,23.005676251377896,29.28499664251968,0.6587781287011449,0.5513342379014021,14.54205651371982,37.50017772502238,0.009722644350628471,0.0386715339162677,"[[2164, 941], [1092, 1761]]","[[207, 138], [159, 158]]"
disclosure_x_bias,182,init_hard,N2,exponential,22.98152168270645,29.231197155298986,0.6589461959280356,0.5513116236996833,14.548333986222005,37.49210996802677,0.009509748737428481,0.03956666079337157,"[[2166, 939], [1093, 1760]]","[[206, 139], [158, 159]]"
disclosure_x_bias,183,init_hard,N2,exponential,23.01868858613829,29.247756645215624,0.6589461959280356,0.5498190863862505,14.555721591755713,37.49536261707937,0.009343839351209988,0.03789737346809807,"[[2166, 939], [1093, 1760]]","[[206, 139], [159, 158]]"
disclosure_x_bias,184,init_hard,N2,exponential,23.031238813904213,29.257533090722298,0.6584428402233377,0.5513116236996833,14.558772095028125,37.44706673255298,0.0093185571402634,0.041455593759211665,"[[2166, 939], [1096, 1757]]","[[206, 139], [158, 159]]"
disclosure_x_bias,185,init_hard,N2,exponential,23.017954983203058,29.210569954866276,0.6591142631549264,0.5513116236996833,14.553528407685677,37.44835802670597,0.00915301991457081,0.04083565906653688,"[[2165, 940], [1091, 1762]]","[[205, 140], [157, 160]]"
disclosure_x_bias,186,init_hard,N2,exponential,23.0009989329524,29.242406719417914,0.6594495516327337,0.5528041610131162,14.532718320573855,37.51792751171648,0.009065654295897452,0.0435020612974351,"[[2166, 939], [1090, 1763]]","[[206, 139], [157, 160]]"
disclosure_x_bias,187,init_hard,N2,exponential,23.02310939582693,29.267178115182087,0.6594495516327337,0.5513116236996833,14.5836377003615,37.50122421783905,0.009168581141561973,0.03956666079337157,"[[2168, 937], [1092, 1761]]","[[206, 139], [158, 159]]"
disclosure_x_bias,188,init_hard,N2,exponential,23.017474274168798,29.265167127845825,0.6592817663978343,0.5528267752148349,14.556356506855156,37.53476889719826,0.009778810258987749,0.04024638974907638,"[[2168, 937], [1093, 1760]]","[[207, 138], [158, 159]]"
disclosure_x_bias,189,init_hard,N2,exponential,23.00769017909176,29.214049042988346,0.6594495516327337,0.5497964721845319,14.555227321345125,37.38981823903325,0.009404364001267127,0.04073344439375246,"[[2168, 937], [1092, 1761]]","[[205, 140], [158, 159]]"
disclosure_x_bias,190,init_hard,N2,exponential,23.01988889022787,29.24211355787857,0.6594495516327337,0.5528267752148349,14.567021191720556,37.44007061188475,0.009236561862539879,0.04024638974907638,"[[2168, 937], [1092, 1761]]","[[207, 138], [158, 159]]"
disclosure_x_bias,191,init_hard,N2,exponential,22.980524642060413,29.204022546986558,0.6592817663978343,0.5528267752148349,14.557510265627805,37.393175956014005,0.00925286825542845,0.04024638974907638,"[[2167, 938], [1092, 1761]]","[[207, 138], [158, 159]]"
disclosure_x_bias,192,init_hard,N2,exponential,22.973270831206108,29.204102143544326,0.6592820483898257,0.5528041610131162,14.556692076165723,37.41340711516879,0.009474785270931296,0.0435020612974351,"[[2167, 938], [1092, 1761]]","[[206, 139], [157, 160]]"
disclosure_x_bias,193,init_hard,N2,exponential,22.91655297279325,29.14673960246135,0.659617336867633,0.5512890094979647,14.5974333932949,37.40572491998235,0.009871216851980827,0.04404693358902919,"[[2167, 938], [1090, 1763]]","[[205, 140], [157, 160]]"
disclosure_x_bias,194,init_hard,N2,exponential,22.957094249123664,29.16352688265486,0.6597856860865152,0.5512890094979647,14.615119490390788,37.475376971926686,0.009538401403978625,0.042873091252388626,"[[2168, 937], [1090, 1763]]","[[205, 140], [157, 160]]"
disclosure_x_bias,195,init_hard,N2,exponential,22.966279720353164,29.195890288257782,0.6604562630421296,0.5528041610131162,14.638836683769506,37.554447608106884,0.00899550464879167,0.04291170160452097,"[[2166, 939], [1084, 1769]]","[[206, 139], [157, 160]]"
disclosure_x_bias,196,init_hard,N2,exponential,22.9724693383208,29.183327582324846,0.6604565450341211,0.5512890094979647,14.608848591321962,37.505837519167784,0.009053585576783275,0.04404693358902919,"[[2166, 939], [1084, 1769]]","[[205, 140], [157, 160]]"
disclosure_x_bias,197,init_hard,N2,exponential,22.939178745787338,29.17813701135983,0.6602884778072303,0.5497738579828132,14.618445783751971,37.451452585567296,0.008893456498084186,0.043367078005707896,"[[2166, 939], [1085, 1768]]","[[204, 141], [157, 160]]"
disclosure_x_bias,198,init_hard,N2,exponential,22.94752671652764,29.190473015169268,0.660792961479894,0.5528041610131162,14.634783967148906,37.50351693537168,0.009072281011333097,0.04291170160452097,"[[2166, 939], [1082, 1771]]","[[206, 139], [157, 160]]"
disclosure_x_bias,199,init_hard,N2,exponential,22.933506206119855,29.206562442770498,0.660792961479894,0.5512890094979647,14.624257173908804,37.47243172041166,0.009673005570590976,0.04227394884565772,"[[2167, 938], [1083, 1770]]","[[205, 140], [157, 160]]"
disclosure_x_bias,200,init_hard,N2,exponential,22.731965447467697,28.42592578673367,0.6607932434718855,0.5512890094979647,14.567627395263907,35.67689612106683,0.01001258331020059,0.04404693358902919,"[[2165, 940], [1081, 1772]]","[[205, 140], [157, 160]]"
disclosure_x_bias,201,init_hard,N2,exponential,22.83961071026154,29.03960608852982,0.6602890417912131,0.5497738579828132,14.493807223672738,36.30582283962147,0.009384778682936204,0.04565921883776122,"[[2162, 943], [1081, 1772]]","[[203, 142], [156, 161]]"
disclosure_x_bias,202,init_hard,N2,exponential,22.840086493581058,29.021729565932038,0.6611288139416841,0.5512890094979647,14.532561370366487,36.21716277729643,0.009795751955161172,0.04404693358902919,"[[2168, 937], [1082, 1771]]","[[205, 140], [157, 160]]"
disclosure_x_bias,203,init_hard,N2,exponential,22.84535722646408,29.03862890988531,0.6606243302690203,0.5512890094979647,14.52830179876379,36.2678335992905,0.008907923450128395,0.04404693358902919,"[[2168, 937], [1085, 1768]]","[[205, 140], [157, 160]]"
disclosure_x_bias,204,init_hard,N2,exponential,22.834423669653713,29.033406113998247,0.660792961479894,0.5497738579828132,14.50685230128326,36.23518846670048,0.009575502307033442,0.043367078005707854,"[[2166, 939], [1082, 1771]]","[[204, 141], [157, 160]]"
disclosure_x_bias,205,init_hard,N2,exponential,22.907978480280555,29.033947810163397,0.6606246122610118,0.5543193125282677,14.561701131600023,36.27721562327803,0.008965509536161907,0.04168446221725198,"[[2162, 943], [1079, 1774]]","[[206, 139], [156, 161]]"
disclosure_x_bias,206,init_hard,N2,exponential,22.839189334781427,29.016574004784893,0.6614638204274998,0.5543193125282677,14.514966087682755,36.236448363995315,0.009934260664185146,0.0434814902910718,"[[2163, 942], [1075, 1778]]","[[205, 140], [155, 162]]"
disclosure_x_bias,207,init_hard,N2,exponential,22.837863346671586,29.032203027868086,0.6612957532006091,0.5528041610131162,14.52004645242938,36.28066103844055,0.00809540067836129,0.04231310591371295,"[[2165, 940], [1078, 1775]]","[[205, 140], [156, 161]]"
disclosure_x_bias,208,init_hard,N2,exponential,22.839623868639894,29.045010992313344,0.6617993908972986,0.5558344640434193,14.518050433648712,36.263734031263915,0.009260758208067453,0.0422104102494349,"[[2168, 937], [1078, 1775]]","[[207, 138], [156, 161]]"
disclosure_x_bias,209,init_hard,N2,exponential,22.835425904512668,29.051750219695073,0.6623024646100051,0.5543193125282677,14.524800498987497,36.323750406759345,0.007915918096209106,0.04289084745493165,"[[2166, 939], [1073, 1780]]","[[206, 139], [156, 161]]"
disclosure_x_bias,210,init_hard,N2,exponential,22.865514823047896,29.100042940699364,0.6619668941402064,0.5543193125282677,14.584358427321161,36.35676806750755,0.010355900353039503,0.04289084745493165,"[[2163, 942], [1072, 1781]]","[[206, 139], [156, 161]]"
disclosure_x_bias,211,init_hard,N2,exponential,22.85945697127939,29.043331546608936,0.6629741695335852,0.5543193125282677,14.592931242396556,36.32663258206265,0.008508837151717944,0.04168446221725197,"[[2167, 938], [1070, 1783]]","[[206, 139], [156, 161]]"
disclosure_x_bias,212,init_hard,N2,exponential,22.86117520254358,29.06815141365508,0.6629741695335852,0.5543193125282677,14.604388733944015,36.344253843051895,0.009933549334854911,0.04168446221725197,"[[2165, 940], [1068, 1785]]","[[206, 139], [156, 161]]"
disclosure_x_bias,213,init_hard,N2,exponential,22.84070794184848,29.005380619559496,0.6626385990637866,0.5528041610131162,14.573110174609681,36.207937024157566,0.009284624318667011,0.04231310591371295,"[[2166, 939], [1071, 1782]]","[[205, 140], [156, 161]]"
disclosure_x_bias,214,init_hard,N2,exponential,22.85473631325098,29.05907446950486,0.6631419547684846,0.5528041610131162,14.585082359998946,36.2791268729179,0.009225552561262316,0.04231310591371295,"[[2166, 939], [1068, 1785]]","[[205, 140], [156, 161]]"
disclosure_x_bias,215,init_hard,N2,exponential,22.837887245935228,29.039891479749446,0.6633097400033839,0.5512890094979647,14.574906929486115,36.23782088397072,0.009727835497910809,0.041666191912327774,"[[2171, 934], [1072, 1781]]","[[205, 140], [157, 160]]"
disclosure_x_bias,216,init_hard,N2,exponential,22.83091851025527,29.041261451458023,0.6633097400033839,0.5528041610131162,14.590602034271921,36.2393105642947,0.008992643642004382,0.04231310591371295,"[[2163, 942], [1064, 1789]]","[[205, 140], [156, 161]]"
disclosure_x_bias,217,init_hard,N2,exponential,22.814926669200812,29.034466067948113,0.6636453104731825,0.5528041610131162,14.58848192811183,36.2528939312076,0.008533416496744493,0.04108976182705836,"[[2170, 935], [1069, 1784]]","[[206, 139], [157, 160]]"
disclosure_x_bias,218,init_hard,N2,exponential,22.846570736879816,29.1419318289228,0.663309176019401,0.5528041610131162,14.600698250707639,36.48861369182668,0.00887728386465193,0.04108976182705836,"[[2170, 935], [1071, 1782]]","[[206, 139], [157, 160]]"
disclosure_x_bias,219,init_hard,N2,exponential,22.843735738430972,29.141889262812548,0.6636453104731825,0.5528041610131162,14.60460722284913,36.4736874388025,0.008533416496744493,0.04108976182705836,"[[2169, 936], [1068, 1785]]","[[206, 139], [157, 160]]"
disclosure_x_bias,220,init_hard,N2,exponential,22.825735839289106,29.130471013278775,0.6639811629349726,0.5528041610131162,14.600965034715175,36.48808356588976,0.00869357685420802,0.04108976182705836,"[[2170, 935], [1067, 1786]]","[[206, 139], [157, 160]]"
disclosure_x_bias,221,init_hard,N2,exponential,22.831066551923062,29.132312358354323,0.6636450284811911,0.5497738579828132,14.591538970771996,36.49911861302928,0.008361269485333922,0.0415651037188901,"[[2170, 935], [1069, 1784]]","[[204, 141], [157, 160]]"
disclosure_x_bias,222,init_hard,N2,exponential,22.825954348240455,29.130852535124767,0.6636450284811911,0.5512890094979647,14.610216552565994,36.49536132625075,0.008727359386548778,0.04104943782738782,"[[2169, 936], [1068, 1785]]","[[205, 140], [157, 160]]"
disclosure_x_bias,223,init_hard,N2,exponential,22.82447802088347,29.12339522916316,0.6639808809429812,0.5512890094979647,14.611759656650756,36.457371684749354,0.008561291767403594,0.04104943782738782,"[[2173, 932], [1070, 1783]]","[[205, 140], [157, 160]]"
disclosure_x_bias,224,init_hard,N2,exponential,22.841628071158638,29.14111934096785,0.6639805989509898,0.5512890094979647,14.622387224856327,36.511264115194884,0.00889545303082036,0.04104943782738782,"[[2166, 939], [1063, 1790]]","[[205, 140], [157, 160]]"
disclosure_x_bias,225,init_hard,N2,exponential,22.799441396331968,29.123006212730342,0.6643161694207884,0.5497738579828132,14.637640789227397,36.50208616687323,0.008326414564243507,0.043367078005707854,"[[2161, 944], [1056, 1797]]","[[203, 142], [156, 161]]"
disclosure_x_bias,226,init_hard,N2,exponential,22.796528059206242,29.099887001012387,0.6641483841858891,0.5512890094979647,14.627223268323434,36.470603421171695,0.008671724632402006,0.0446222765121492,"[[2157, 948], [1053, 1800]]","[[203, 142], [155, 162]]"
disclosure_x_bias,227,init_hard,N2,exponential,22.788694558764753,29.115976898036166,0.664148948169872,0.5497738579828132,14.633207382533872,36.48439598024599,0.009606898948950183,0.043367078005707854,"[[2161, 944], [1057, 1796]]","[[203, 142], [156, 161]]"
disclosure_x_bias,228,init_hard,N2,exponential,22.79629869187968,29.074619738177823,0.6644839546556878,0.5497738579828132,14.635687146148644,36.39972387423671,0.009098929165506529,0.043367078005707854,"[[2164, 941], [1058, 1795]]","[[203, 142], [156, 161]]"
disclosure_x_bias,229,init_hard,N2,exponential,22.812445043942194,29.13994101143158,0.6649878743443687,0.5482587064676616,14.642156948757734,36.473593143005246,0.009176798249788043,0.04261658163974348,"[[2171, 934], [1062, 1791]]","[[202, 143], [156, 161]]"
disclosure_x_bias,230,init_hard,N2,exponential,22.794277002293448,29.07510627288034,0.6644842366476792,0.5497738579828132,14.648430428673691,36.39677114570315,0.009086823907147011,0.043367078005707854,"[[2162, 943], [1056, 1797]]","[[202, 143], [155, 162]]"
disclosure_x_bias,231,init_hard,N2,exponential,22.793831383487795,29.06812029530837,0.6654909480570752,0.5497738579828132,14.651134145463272,36.37638475489838,0.008948223993641445,0.043367078005707854,"[[2169, 936], [1057, 1796]]","[[203, 142], [156, 161]]"
disclosure_x_bias,232,init_hard,N2,exponential,22.754040197109948,29.02141069795831,0.665491512041058,0.5482587064676616,14.653190075322515,36.43037161362516,0.009469662164904637,0.04261658163974348,"[[2171, 934], [1059, 1794]]","[[202, 143], [156, 161]]"
disclosure_x_bias,233,init_hard,N2,exponential,22.754500079217657,29.026969239925016,0.6658273645028482,0.5497738579828132,14.652004556251025,36.432525400924284,0.009342771220441517,0.043367078005707854,"[[2171, 934], [1057, 1796]]","[[203, 142], [156, 161]]"
disclosure_x_bias,234,init_hard,N2,exponential,22.74803887711909,29.034086940817637,0.6663310021995376,0.5482587064676616,14.653591983283171,36.45815630360113,0.010183179880099435,0.04261658163974348,"[[2173, 932], [1056, 1797]]","[[202, 143], [156, 161]]"
disclosure_x_bias,235,init_hard,N2,exponential,22.765520354603957,29.025259954309057,0.6664990694264283,0.5482587064676616,14.675993503615675,36.41858469616529,0.010027467753481836,0.04261658163974348,"[[2174, 931], [1056, 1797]]","[[202, 143], [156, 161]]"
disclosure_x_bias,236,init_hard,N2,exponential,22.75659277885011,29.045477955276834,0.6664985054424454,0.5482587064676616,14.664051769050316,36.47190186937384,0.009828907623367758,0.04261658163974348,"[[2175, 930], [1057, 1796]]","[[202, 143], [156, 161]]"
disclosure_x_bias,237,init_hard,N2,exponential,22.691446304598212,29.04618843058959,0.6666662906773448,0.5497738579828132,14.698790153341937,36.44259134434719,0.010659936322602434,0.043367078005707854,"[[2172, 933], [1053, 1800]]","[[203, 142], [156, 161]]"
disclosure_x_bias,238,init_hard,N2,exponential,22.668363276665698,29.047685072584436,0.6663298742315719,0.5482587064676616,14.65539325841745,36.474779679104216,0.010646357448966824,0.04261658163974348,"[[2174, 931], [1057, 1796]]","[[202, 143], [156, 161]]"
disclosure_x_bias,239,init_hard,N2,exponential,22.713113117098203,29.00496616422451,0.6670018611471434,0.5497738579828132,14.686062220311284,36.36419811507399,0.011512444133069677,0.043367078005707854,"[[2173, 932], [1052, 1801]]","[[203, 142], [156, 161]]"
disclosure_x_bias,240,init_hard,N2,exponential,22.697113717276643,28.990981927931433,0.6668343579042355,0.5497738579828132,14.683038102469409,36.33177753415877,0.011171164361893336,0.043367078005707854,"[[2173, 932], [1053, 1800]]","[[203, 142], [156, 161]]"
disclosure_x_bias,241,init_hard,N2,exponential,22.689948374898098,28.992448195102327,0.6666662906773448,0.5482587064676616,14.647010083600529,36.3512293845286,0.011372101358882575,0.04261658163974348,"[[2173, 932], [1054, 1799]]","[[202, 143], [156, 161]]"
disclosure_x_bias,242,init_hard,N2,exponential,22.703683768368894,29.02677640817858,0.6670018611471434,0.5482587064676616,14.688949772619498,36.39088544525425,0.010724721042589239,0.04261658163974348,"[[2174, 931], [1053, 1800]]","[[202, 143], [156, 161]]"
disclosure_x_bias,243,init_hard,N2,exponential,22.704148704132287,28.991804029164804,0.667001579155152,0.5482587064676616,14.699088388132958,36.355012563360745,0.011548092174930507,0.04261658163974348,"[[2176, 929], [1055, 1798]]","[[202, 143], [156, 161]]"
disclosure_x_bias,244,init_hard,N2,exponential,22.700992862832255,28.997275698807094,0.6663298742315719,0.5497738579828132,14.701895039912225,36.374961433967975,0.010994615086354012,0.043367078005707854,"[[2171, 934], [1054, 1799]]","[[203, 142], [156, 161]]"
disclosure_x_bias,245,init_hard,N2,exponential,22.69913706751959,28.986234977673423,0.6670027071231177,0.5482813206693804,14.698331456564615,36.365085573670335,0.009995760383262314,0.04119210622481848,"[[2177, 928], [1056, 1797]]","[[203, 142], [157, 160]]"
disclosure_x_bias,246,init_hard,N2,exponential,22.70582208742866,28.970959274051705,0.6668340759122441,0.5482813206693804,14.708407524199803,36.32566155042608,0.010276076729006186,0.03929050785680515,"[[2177, 928], [1057, 1796]]","[[203, 142], [157, 160]]"
disclosure_x_bias,247,init_hard,N2,exponential,22.699383368054246,29.00917518877001,0.6675057808358242,0.5482813206693804,14.70215519100103,36.386653256838315,0.009540748162240454,0.04119210622481848,"[[2180, 925], [1056, 1797]]","[[203, 142], [157, 160]]"
disclosure_x_bias,248,init_hard,N2,exponential,22.666711071297264,28.955508002753874,0.668177203767413,0.5482813206693804,14.7078025857184,36.40362042315411,0.01049629338101859,0.04119210622481848,"[[2183, 922], [1055, 1798]]","[[203, 142], [157, 160]]"
disclosure_x_bias,249,init_hard,N2,exponential,22.671252327353223,28.980323803368538,0.6680091365405223,0.5482813206693804,14.710030747602065,36.43125999347282,0.009623977280553926,0.04119210622481848,"[[2182, 923], [1055, 1798]]","[[203, 142], [157, 160]]"
disclosure_x_bias,250,init_hard,N2,exponential,22.675974632299656,28.957637189782826,0.6680085725565393,0.5497964721845319,14.724785847150354,36.40275298456866,0.009934057412736895,0.04010234768250568,"[[2182, 923], [1055, 1798]]","[[204, 141], [157, 160]]"
disclosure_x_bias,251,init_hard,N2,exponential,22.676111503268267,29.011054663048448,0.6680091365405223,0.5482813206693804,14.717799875972473,36.4931919248644,0.009785138012538223,0.04119210622481848,"[[2180, 925], [1053, 1800]]","[[203, 142], [157, 160]]"
disclosure_x_bias,252,init_hard,N2,exponential,22.679472809576453,29.0034016298661,0.6675052168518414,0.5482813206693804,14.758104693805615,36.470326793756996,0.00991670295586104,0.0430097107968397,"[[2180, 925], [1056, 1797]]","[[203, 142], [157, 160]]"
disclosure_x_bias,253,init_hard,N2,exponential,22.680968075135233,29.021242451352787,0.6680085725565394,0.5482813206693804,14.738214600294677,36.50629217216678,0.009548734331461249,0.04119210622481848,"[[2183, 922], [1056, 1797]]","[[203, 142], [157, 160]]"
disclosure_x_bias,254,init_hard,N2,exponential,22.67999266834762,29.020364735702778,0.6675052168518414,0.5482813206693804,14.756805536818298,36.47431701311183,0.00991670295586104,0.0430097107968397,"[[2180, 925], [1056, 1797]]","[[203, 142], [157, 160]]"
disclosure_x_bias,255,init_hard,N2,exponential,22.64211000325385,29.039279371589874,0.6678407873216401,0.5497964721845319,14.809115138895017,36.53132059156367,0.00972990782145283,0.04010234768250568,"[[2182, 923], [1056, 1797]]","[[204, 141], [157, 160]]"
disclosure_x_bias,256,init_hard,N2,exponential,22.64629829056714,29.013959477066937,0.6688474987310361,0.5497964721845319,14.798219636637652,36.47658662660515,0.008994932103749322,0.04010234768250568,"[[2186, 919], [1054, 1799]]","[[204, 141], [157, 160]]"
disclosure_x_bias,257,init_hard,N2,exponential,22.636907175716733,29.0335222298644,0.6693511364277255,0.5483039348710991,14.812414557142494,36.49920960673374,0.008918121158693924,0.03839092576288883,"[[2186, 919], [1051, 1802]]","[[203, 142], [157, 160]]"
disclosure_x_bias,258,init_hard,N2,exponential,22.64771210784092,29.043519092749413,0.6686799954881282,0.5483039348710991,14.783232413120531,36.54184332156872,0.010100126056393932,0.03839092576288883,"[[2181, 924], [1050, 1803]]","[[203, 142], [157, 160]]"
disclosure_x_bias,259,init_hard,N2,exponential,22.64859810731445,29.02625094510366,0.6696869888895155,0.5483039348710991,14.783011235289104,36.4986831173132,0.00941584412529657,0.03839092576288883,"[[2185, 920], [1048, 1805]]","[[203, 142], [157, 160]]"
disclosure_x_bias,260,init_hard,N2,exponential,22.665156791770723,29.57106020077211,0.6696869888895155,0.5483039348710991,14.631430519151689,36.96946981863248,0.00964634827384946,0.03839092576288883,"[[2187, 918], [1050, 1803]]","[[203, 142], [157, 160]]"
disclosure_x_bias,261,init_hard,N2,exponential,22.710403326349443,29.501137887060686,0.6696875528734985,0.5498190863862505,14.685618785353473,36.9052216202697,0.009123376460500588,0.03856457076528738,"[[2186, 919], [1049, 1804]]","[[203, 142], [156, 161]]"
disclosure_x_bias,262,init_hard,N2,exponential,22.691716709596285,29.531951503331705,0.670190626586205,0.5483039348710991,14.713070614612448,36.91860480330794,0.009880295537018984,0.03839092576288883,"[[2189, 916], [1049, 1804]]","[[203, 142], [157, 160]]"
disclosure_x_bias,263,init_hard,N2,exponential,22.69220899076394,29.48753400029828,0.6695192036546163,0.5498190863862505,14.702720948891953,36.899159644824664,0.009567666623681692,0.03856457076528738,"[[2187, 918], [1051, 1802]]","[[203, 142], [156, 161]]"
disclosure_x_bias,264,init_hard,N2,exponential,22.69775768163279,29.51358497531253,0.6701909085781963,0.5483039348710991,14.709931393012077,36.91600674217463,0.010213725314213358,0.03839092576288883,"[[2188, 917], [1048, 1805]]","[[203, 142], [157, 160]]"
disclosure_x_bias,265,init_hard,N2,exponential,22.68432484684179,29.493259966505907,0.6698553381083977,0.5483039348710991,14.696893943883769,36.89534690889753,0.010768699581988351,0.03772065718411182,"[[2185, 920], [1047, 1806]]","[[202, 143], [156, 161]]"
disclosure_x_bias,266,init_hard,N2,exponential,22.7102443451815,29.556781350781442,0.6693514184197169,0.5498190863862505,14.757111351098137,36.96988541688472,0.010397510298149509,0.03986548034793464,"[[2185, 920], [1050, 1803]]","[[203, 142], [156, 161]]"
disclosure_x_bias,267,init_hard,N2,exponential,22.688389920069604,29.524612721620418,0.6703586938130958,0.5513342379014021,14.72037767882486,36.93034480011867,0.009481978482368458,0.039968962214420235,"[[2188, 917], [1047, 1806]]","[[203, 142], [155, 162]]"
disclosure_x_bias,268,init_hard,N2,exponential,22.694639289445863,29.558774049003887,0.6693514184197169,0.5498190863862505,14.727055403808235,36.975133377773034,0.010030007530076877,0.03986548034793464,"[[2185, 920], [1050, 1803]]","[[203, 142], [156, 161]]"
disclosure_x_bias,269,init_hard,N2,exponential,22.7041537898282,29.541973457593446,0.6706953922508601,0.5498190863862505,14.728196258228811,36.93343827733177,0.009021748117932094,0.041740892790675055,"[[2191, 914], [1048, 1805]]","[[203, 142], [156, 161]]"
disclosure_x_bias,270,init_hard,N2,exponential,22.70014439389924,29.575776946954484,0.6698547741244149,0.545273631840796,14.736127890626648,37.001026478804555,0.009688945671680084,0.042894689247702046,"[[2189, 916], [1051, 1802]]","[[201, 144], [157, 160]]"
disclosure_x_bias,271,init_hard,N2,exponential,22.708065355373193,29.59869119464248,0.6708631774857594,0.5498190863862505,14.73813386486083,37.054125992075505,0.009149665312270119,0.041740892790675055,"[[2192, 913], [1048, 1805]]","[[203, 142], [156, 161]]"
disclosure_x_bias,272,init_hard,N2,exponential,22.70187279634173,29.5244579361973,0.6701903445942136,0.5467887833559475,14.745433276558051,36.92073875694336,0.009954337752216482,0.0401054152314927,"[[2189, 916], [1049, 1804]]","[[202, 143], [157, 160]]"
disclosure_x_bias,273,init_hard,N2,exponential,22.714990266871787,29.62884571524607,0.6708631774857594,0.5467887833559475,14.743291387198287,37.14505831712406,0.009485375574122726,0.0401054152314927,"[[2192, 913], [1048, 1805]]","[[202, 143], [157, 160]]"
disclosure_x_bias,274,init_hard,N2,exponential,22.556307421561947,28.960493133655234,0.6713668151824488,0.5483039348710991,14.692116668904038,35.64872489891039,0.009393862157140687,0.04033495740077957,"[[2195, 910], [1048, 1805]]","[[202, 143], [156, 161]]"
disclosure_x_bias,275,init_hard,N2,exponential,22.524160493847315,28.8913350516305,0.6715346004173481,0.545273631840796,14.703571165258118,35.64863833378328,0.009731285652408887,0.03916456498513423,"[[2199, 906], [1051, 1802]]","[[202, 143], [158, 159]]"
disclosure_x_bias,276,init_hard,N2,exponential,22.533959258306076,28.91134880038254,0.6710303987366759,0.5483039348710991,14.720845982054572,35.680290077976665,0.009461667987051932,0.04033495740077957,"[[2196, 909], [1051, 1802]]","[[202, 143], [156, 161]]"
disclosure_x_bias,277,init_hard,N2,exponential,22.4895697662404,28.897828260460464,0.6710306807286673,0.5483039348710991,14.709469271365112,35.64012696034634,0.008905284314194439,0.04033495740077957,"[[2199, 906], [1054, 1799]]","[[202, 143], [156, 161]]"
disclosure_x_bias,278,init_hard,N2,exponential,22.50090848154444,28.912707244672994,0.6710306807286673,0.5483039348710991,14.722673935391938,35.682453582508025,0.008619704702143438,0.04033495740077957,"[[2198, 907], [1053, 1800]]","[[202, 143], [156, 161]]"
disclosure_x_bias,279,init_hard,N2,exponential,22.48861430626679,28.90617258104112,0.6706948282668772,0.5483039348710991,14.72174915734961,35.66538571482575,0.009483733831684502,0.04033495740077957,"[[2197, 908], [1054, 1799]]","[[202, 143], [156, 161]]"
disclosure_x_bias,280,init_hard,N2,exponential,22.48154851976448,28.899734793828298,0.6705270430319779,0.5467887833559475,14.729991560251099,35.6835181133522,0.008662681584040103,0.0401054152314927,"[[2196, 909], [1054, 1799]]","[[202, 143], [157, 160]]"
disclosure_x_bias,281,init_hard,N2,exponential,22.486828948872862,28.890629007329984,0.6703592577970785,0.5498190863862505,14.73107346329078,35.65892287991296,0.009623481931571762,0.0398654803479347,"[[2194, 911], [1053, 1800]]","[[202, 143], [155, 162]]"
disclosure_x_bias,282,init_hard,N2,exponential,22.503732578197564,28.89330812762097,0.6727102250296092,0.5513342379014021,14.727442609088403,35.64060127780899,0.009307231507436496,0.04060213224731065,"[[2202, 903], [1047, 1806]]","[[202, 143], [154, 163]]"
disclosure_x_bias,283,init_hard,N2,exponential,22.52376307463119,28.914511600031272,0.6715343184253567,0.5498190863862505,14.755100066540765,35.67260057947338,0.00918001050688681,0.0398654803479347,"[[2200, 905], [1052, 1801]]","[[202, 143], [155, 162]]"
disclosure_x_bias,284,init_hard,N2,exponential,22.522285762937294,28.893039786306936,0.6713662511984659,0.5498190863862505,14.750755494943215,35.62781988699896,0.009281312542267403,0.0398654803479347,"[[2199, 906], [1052, 1801]]","[[202, 143], [155, 162]]"
disclosure_x_bias,285,init_hard,N2,exponential,22.52879240504975,28.896121231295275,0.6717023856522475,0.5498190863862505,14.754628629131645,35.652885395910175,0.009277623415088017,0.0398654803479347,"[[2199, 906], [1050, 1803]]","[[202, 143], [155, 162]]"
disclosure_x_bias,286,init_hard,N2,exponential,22.512445122044696,28.862164566501303,0.6717023856522475,0.5483039348710991,14.75359885755135,35.57126632824328,0.009444696049105665,0.039697526194869444,"[[2199, 906], [1050, 1803]]","[[202, 143], [156, 161]]"
disclosure_x_bias,287,init_hard,N2,exponential,22.574906934141463,28.956433700582085,0.6715343184253568,0.5483039348710991,14.776033595829496,35.77145628463354,0.008831748497647425,0.039049691208279634,"[[2198, 907], [1050, 1803]]","[[202, 143], [156, 161]]"
disclosure_x_bias,288,init_hard,N2,exponential,22.564221449368706,28.961961365441745,0.6717023856522475,0.5483039348710991,14.77007189479248,35.758966664803005,0.009038534953921809,0.039049691208279634,"[[2198, 907], [1049, 1804]]","[[202, 143], [156, 161]]"
disclosure_x_bias,289,init_hard,N2,exponential,22.559725149336053,28.957635488284694,0.6720382381140376,0.5467887833559475,14.776175069190513,35.78073071709021,0.008714269785325158,0.04602821261133207,"[[2198, 907], [1047, 1806]]","[[200, 145], [155, 162]]"
disclosure_x_bias,290,init_hard,N2,exponential,22.55697245380492,28.97747154167656,0.6718701708871468,0.5467887833559475,14.764370481443642,35.81148112240083,0.00876142196367032,0.04602821261133207,"[[2199, 906], [1049, 1804]]","[[200, 145], [155, 162]]"
disclosure_x_bias,291,init_hard,N2,exponential,22.557358966920788,28.964638972970892,0.6722060233489369,0.5467887833559475,14.771806912925031,35.80617328604406,0.008818290416700661,0.04602821261133207,"[[2197, 908], [1045, 1808]]","[[200, 145], [155, 162]]"
disclosure_x_bias,292,init_hard,N2,exponential,22.565702842620702,28.998400964595994,0.6718698888951554,0.5497964721845319,14.78861710134329,35.851319866939996,0.008664809569789251,0.048191400945329754,"[[2197, 908], [1047, 1806]]","[[201, 144], [154, 163]]"
disclosure_x_bias,293,init_hard,N2,exponential,22.571305882604612,29.011833085003747,0.6722057413569454,0.5467887833559475,14.828632640339363,35.871393799020325,0.008614917664318012,0.04602821261133207,"[[2198, 907], [1046, 1807]]","[[200, 145], [155, 162]]"
disclosure_x_bias,294,init_hard,N2,exponential,22.556160331678623,29.0191663017263,0.672541311826744,0.545273631840796,14.80073519839129,35.8900796757328,0.009297053168380837,0.04577150181399661,"[[2202, 903], [1048, 1805]]","[[200, 145], [156, 161]]"
disclosure_x_bias,295,init_hard,N2,exponential,22.563355279632525,28.995618711397004,0.67321414471829,0.545273631840796,14.802861502320434,35.845352701953296,0.00932760757484165,0.04577150181399661,"[[2204, 901], [1046, 1807]]","[[200, 145], [156, 161]]"
disclosure_x_bias,296,init_hard,N2,exponential,22.51675278270634,29.01826802837894,0.6735497151880887,0.545273631840796,14.784436347447928,35.891724679402074,0.009032139538837122,0.04577150181399661,"[[2205, 900], [1045, 1808]]","[[200, 145], [156, 161]]"
disclosure_x_bias,297,init_hard,N2,exponential,22.52108967450732,29.01472998461469,0.6730460774913992,0.5437584803256444,14.776660369970788,35.8886409171953,0.009158594882804056,0.044892623866733546,"[[2204, 901], [1047, 1806]]","[[200, 145], [157, 160]]"
disclosure_x_bias,298,init_hard,N2,exponential,22.54758111914387,29.000669793160846,0.672541311826744,0.5483039348710991,14.774874017572904,35.865315444601336,0.008741694345154585,0.0467768748032251,"[[2194, 911], [1040, 1813]]","[[200, 145], [154, 163]]"
disclosure_x_bias,299,init_hard,N2,exponential,22.54541920176161,29.029605443561167,0.6720371101460719,0.5483039348710991,14.773554383659825,35.9269417609848,0.008580427037450941,0.0467768748032251,"[[2193, 912], [1042, 1811]]","[[200, 145], [154, 163]]"
disclosure_x_bias,300,init_hard,N2,exponential,22.5452450993673,29.008681941019894,0.6727093790536349,0.5483039348710991,14.778796625630124,35.88433737757732,0.00864499205537307,0.0467768748032251,"[[2198, 907], [1043, 1810]]","[[200, 145], [154, 163]]"
disclosure_x_bias,1,init_hard,LSC,log_loss,0.6425103956347165,0.8974948755609164,0.6181583103039874,0.5468566259611036,0.006762623238129577,0.2806540742380735,0.02399627250590758,0.024994530524254606,"[[2030, 1075], [1200, 1653]]","[[209, 136], [164, 153]]"
disclosure_x_bias,2,init_hard,LSC,log_loss,0.6416981009370419,0.8972420148569278,0.6189986464384412,0.5468566259611036,0.0067078064589824495,0.2806181268595453,0.022542693543351464,0.024994530524254606,"[[2037, 1068], [1202, 1651]]","[[209, 136], [164, 153]]"
disclosure_x_bias,3,init_hard,LSC,log_loss,0.640986949987836,0.8971473419714965,0.6216846201567876,0.5483717774762551,0.006672246729868829,0.28091247877535247,0.023567853171152977,0.02634345820143053,"[[2054, 1051], [1203, 1650]]","[[210, 135], [164, 153]]"
disclosure_x_bias,4,init_hard,LSC,log_loss,0.6402811407790996,0.8964834780129609,0.6225235463312841,0.5483717774762551,0.006648821840535468,0.2810583743134441,0.024269206599310325,0.02634345820143053,"[[2059, 1046], [1203, 1650]]","[[210, 135], [164, 153]]"
disclosure_x_bias,5,init_hard,LSC,log_loss,0.6396642171127638,0.8970450981358808,0.6247081382888726,0.5423790140208051,0.0066285505663089776,0.2812685019387889,0.022077652845517142,0.030334366460042173,"[[2089, 1016], [1220, 1633]]","[[210, 135], [168, 149]]"
disclosure_x_bias,6,init_hard,LSC,log_loss,0.6390354777614663,0.8971663451373552,0.6248756415317805,0.5423790140208051,0.0066480892630754055,0.2812836995914513,0.021654932822298304,0.030334366460042173,"[[2089, 1016], [1219, 1634]]","[[210, 135], [168, 149]]"
disclosure_x_bias,7,init_hard,LSC,log_loss,0.6384708717171581,0.8969210167999859,0.6255473464553607,0.5423790140208051,0.006646081196389079,0.28145763120019884,0.021462926398950966,0.030334366460042173,"[[2093, 1012], [1219, 1634]]","[[210, 135], [168, 149]]"
disclosure_x_bias,8,init_hard,LSC,log_loss,0.6379464604974279,0.896493537978802,0.6255473464553607,0.5438941655359566,0.006640513105340892,0.28174216789870243,0.02122846321516982,0.030878567880708453,"[[2098, 1007], [1224, 1629]]","[[211, 134], [168, 149]]"
disclosure_x_bias,9,init_hard,LSC,log_loss,0.6373967315571131,0.8961944074844613,0.6280641249788507,0.5529850746268656,0.006640398356466164,0.2818979473344323,0.016252076106795264,0.05321427545875726,"[[2073, 1032], [1184, 1669]]","[[209, 136], [160, 157]]"
disclosure_x_bias,10,init_hard,LSC,log_loss,0.6369138094625981,0.8965240282571315,0.6280641249788507,0.5529850746268656,0.006641893641406476,0.28178716164171297,0.016252076106795264,0.05321427545875726,"[[2071, 1034], [1182, 1671]]","[[209, 136], [160, 157]]"
disclosure_x_bias,11,init_hard,LSC,log_loss,0.6364104812606282,0.8967368224171312,0.6292386216231459,0.5529850746268656,0.006671529158196069,0.28199757532538927,0.014964813592615474,0.05321427545875726,"[[2095, 1010], [1199, 1654]]","[[211, 134], [162, 155]]"
disclosure_x_bias,12,init_hard,LSC,log_loss,0.6359237248004498,0.89643816178535,0.6295741920929446,0.5545002261420172,0.006693064315838096,0.28220956703678296,0.015125888453232074,0.05461141130067686,"[[2097, 1008], [1199, 1654]]","[[212, 133], [162, 155]]"
disclosure_x_bias,13,init_hard,LSC,log_loss,0.6354862270336082,0.8961929236298827,0.6302453330325418,0.5575305291723203,0.006691671406284392,0.28194025846417664,0.015049077773094213,0.054427058818320065,"[[2102, 1003], [1200, 1653]]","[[214, 131], [162, 155]]"
disclosure_x_bias,14,init_hard,LSC,log_loss,0.6350112812886903,0.8960010602580175,0.6304134002594326,0.5575305291723203,0.006731144429153465,0.28176520069882727,0.014827508648930543,0.054427058818320065,"[[2104, 1001], [1201, 1652]]","[[214, 131], [162, 155]]"
disclosure_x_bias,15,init_hard,LSC,log_loss,0.6345888542570455,0.8959891370246034,0.6304134002594326,0.5575305291723203,0.006738860283630503,0.2816955748756409,0.014827508648930543,0.054427058818320065,"[[2106, 999], [1203, 1650]]","[[214, 131], [162, 155]]"
disclosure_x_bias,16,init_hard,LSC,log_loss,0.634163871721053,0.8960163868217361,0.6304134002594326,0.5575305291723203,0.006757700832240251,0.28192125418785985,0.014827508648930543,0.054427058818320065,"[[2104, 1001], [1201, 1652]]","[[214, 131], [162, 155]]"
disclosure_x_bias,17,init_hard,LSC,log_loss,0.6337648660582802,0.8962596001755916,0.6304134002594326,0.5575305291723203,0.006765273685471711,0.28222720487233804,0.014827508648930543,0.054427058818320065,"[[2104, 1001], [1201, 1652]]","[[214, 131], [162, 155]]"
disclosure_x_bias,18,init_hard,LSC,log_loss,0.6333767414794524,0.8960302964012291,0.6310845411990299,0.5560153776571687,0.006774722386226679,0.2823058677183075,0.01516735907785623,0.054542701143771764,"[[2109, 996], [1202, 1651]]","[[214, 131], [163, 154]]"
disclosure_x_bias,19,init_hard,LSC,log_loss,0.6329926728316719,0.8957932992482652,0.6310845411990299,0.5560153776571687,0.006788488536011508,0.2820041524463008,0.01516735907785623,0.054542701143771764,"[[2109, 996], [1202, 1651]]","[[214, 131], [163, 154]]"
disclosure_x_bias,20,init_hard,LSC,log_loss,0.6326076785189654,0.8960230453625236,0.6322593198353167,0.5560153776571687,0.006818848100432514,0.2821351283205511,0.013293751960174467,0.054542701143771764,"[[2086, 1019], [1172, 1681]]","[[211, 134], [160, 157]]"
disclosure_x_bias,21,init_hard,LSC,log_loss,0.6322362909726317,0.8959603541822604,0.632427105070216,0.5560153776571687,0.006832719602005412,0.2820608997481221,0.013378739079275816,0.054542701143771764,"[[2087, 1018], [1172, 1681]]","[[211, 134], [160, 157]]"
disclosure_x_bias,22,init_hard,LSC,log_loss,0.6318544698118896,0.895846720383384,0.6325948903051153,0.5560153776571687,0.006854549636999594,0.28223841680331874,0.013622558493117536,0.054542701143771764,"[[2089, 1016], [1173, 1680]]","[[211, 134], [160, 157]]"
disclosure_x_bias,23,init_hard,LSC,log_loss,0.6315100938646369,0.8958389665403018,0.6317559641306187,0.5560153776571687,0.0068600940394441205,0.2821885513250368,0.015316989342932267,0.054542701143771764,"[[2113, 992], [1202, 1651]]","[[214, 131], [163, 154]]"
disclosure_x_bias,24,init_hard,LSC,log_loss,0.631162104817413,0.8952683060311853,0.632930460774914,0.5560153776571687,0.006873803951696818,0.28246192425223055,0.013776608346070793,0.054542701143771764,"[[2096, 1009], [1178, 1675]]","[[212, 133], [161, 156]]"
disclosure_x_bias,25,init_hard,LSC,log_loss,0.6308266453032537,0.8950420349285088,0.632930460774914,0.5560153776571687,0.006882547892156077,0.28249914356189226,0.013776608346070793,0.054542701143771764,"[[2096, 1009], [1178, 1675]]","[[212, 133], [161, 156]]"
disclosure_x_bias,26,init_hard,LSC,log_loss,0.6304861241393291,0.8951611593321452,0.6327626755400146,0.5560153776571687,0.006903966193187524,0.2825121935596089,0.013746526596675867,0.054542701143771764,"[[2095, 1010], [1178, 1675]]","[[212, 133], [161, 156]]"
disclosure_x_bias,27,init_hard,LSC,log_loss,0.6301418806587157,0.8952023994773217,0.6325948903051153,0.5560153776571687,0.006931683279671647,0.2825652315729738,0.013507261479315724,0.054542701143771764,"[[2095, 1010], [1179, 1674]]","[[212, 133], [161, 156]]"
disclosure_x_bias,28,init_hard,LSC,log_loss,0.6298066782428058,0.8945339132781273,0.6325948903051153,0.5560153776571687,0.006955479036979158,0.28274105042690234,0.013507261479315724,0.054542701143771764,"[[2095, 1010], [1179, 1674]]","[[212, 133], [161, 156]]"
disclosure_x_bias,29,init_hard,LSC,log_loss,0.629506669964924,0.8949691455958938,0.6325948903051153,0.5560153776571687,0.006959767452600397,0.28279697378728696,0.013507261479315724,0.054542701143771764,"[[2095, 1010], [1179, 1674]]","[[212, 133], [161, 156]]"
disclosure_x_bias,30,init_hard,LSC,log_loss,0.6292056267231311,0.8946378235486266,0.6332668772206869,0.5575305291723203,0.0069635662310212195,0.2829353646671335,0.014384516330233004,0.054427058818320065,"[[2099, 1006], [1179, 1674]]","[[212, 133], [160, 157]]"
disclosure_x_bias,31,init_hard,LSC,log_loss,0.628901841760484,0.8945699549372843,0.6336024476904856,0.5575305291723203,0.006974980466641313,0.28294360527453055,0.014448434051123388,0.054427058818320065,"[[2101, 1004], [1179, 1674]]","[[212, 133], [160, 157]]"
disclosure_x_bias,32,init_hard,LSC,log_loss,0.6286224181725265,0.8949530653710346,0.6336024476904856,0.559023066485753,0.0069753378674278985,0.28282971000576745,0.014448434051123388,0.05262143276816594,"[[2100, 1005], [1178, 1675]]","[[212, 133], [159, 158]]"
disclosure_x_bias,33,init_hard,LSC,log_loss,0.6283368772078866,0.894793832373308,0.6336021656984941,0.5575079149706015,0.006973313709541797,0.2829634167340788,0.014390390891490539,0.05278865485291557,"[[2099, 1006], [1177, 1676]]","[[212, 133], [160, 157]]"
disclosure_x_bias,34,init_hard,LSC,log_loss,0.6280098765759174,0.8946349569900592,0.6339380181602843,0.5575079149706015,0.006985388466781102,0.2829897551977047,0.014717537785987311,0.05278865485291557,"[[2102, 1003], [1178, 1675]]","[[212, 133], [160, 157]]"
disclosure_x_bias,35,init_hard,LSC,log_loss,0.6277253652364172,0.8945504712426198,0.6336024476904856,0.5575079149706015,0.007007372483555333,0.2831801163740773,0.014620602795170438,0.05278865485291557,"[[2100, 1005], [1178, 1675]]","[[212, 133], [160, 157]]"
disclosure_x_bias,36,init_hard,LSC,log_loss,0.6274622855701891,0.8946233294347662,0.6336024476904856,0.5590230664857531,0.007009963890094503,0.2832837733834088,0.014620602795170438,0.056816828575236386,"[[2092, 1013], [1170, 1683]]","[[212, 133], [159, 158]]"
disclosure_x_bias,37,init_hard,LSC,log_loss,0.6272042731088092,0.8944328849758003,0.634273588630083,0.5575079149706015,0.007018942929063807,0.28343379362823545,0.014549653004275834,0.058735336162099645,"[[2097, 1008], [1171, 1682]]","[[212, 133], [160, 157]]"
disclosure_x_bias,38,init_hard,LSC,log_loss,0.6269349488028813,0.8947313113181199,0.6341058033951835,0.5575079149706015,0.007022572485914347,0.2834187136364288,0.014516874816402254,0.058735336162099645,"[[2096, 1009], [1171, 1682]]","[[212, 133], [160, 157]]"
disclosure_x_bias,39,init_hard,LSC,log_loss,0.6266500470974303,0.8947345262972025,0.6359514409790762,0.5575079149706015,0.007060723081239602,0.2834212607277745,0.01417349521683008,0.05741771596366218,"[[2094, 1011], [1158, 1695]]","[[211, 134], [159, 158]]"
disclosure_x_bias,40,init_hard,LSC,log_loss,0.6263927400790573,0.8948634966942196,0.6359514409790762,0.5575079149706015,0.007066413801795603,0.28341092964158987,0.013973460188924591,0.05741771596366218,"[[2094, 1011], [1158, 1695]]","[[211, 134], [159, 158]]"
disclosure_x_bias,41,init_hard,LSC,log_loss,0.6261415256065813,0.8949406509537944,0.6357833737521854,0.5575079149706015,0.00707640210073587,0.2833414792574835,0.013720536788135972,0.05741771596366218,"[[2094, 1011], [1159, 1694]]","[[211, 134], [159, 158]]"
disclosure_x_bias,42,init_hard,LSC,log_loss,0.6258995624962529,0.8948996722821507,0.6366237098866392,0.5575079149706015,0.0070736827903790335,0.2833524493876862,0.012343412357652423,0.05741771596366218,"[[2102, 1003], [1162, 1691]]","[[211, 134], [159, 158]]"
disclosure_x_bias,43,init_hard,LSC,log_loss,0.6256656073954955,0.8948011013214078,0.6366237098866392,0.5575079149706015,0.007078120276176775,0.28326682204201487,0.012113193287527526,0.05741771596366218,"[[2102, 1003], [1162, 1691]]","[[211, 134], [159, 158]]"
disclosure_x_bias,44,init_hard,LSC,log_loss,0.6254096251898242,0.8945329446517789,0.6367914951215385,0.5575079149706015,0.007092343651693198,0.2834698165912295,0.01231861041502541,0.05741771596366218,"[[2103, 1002], [1162, 1691]]","[[211, 134], [159, 158]]"
disclosure_x_bias,45,init_hard,LSC,log_loss,0.6251460726154995,0.8942745391515843,0.6369592803564379,0.5575079149706015,0.007092143469990798,0.2834421654900692,0.012342006791031352,0.05741771596366218,"[[2104, 1001], [1162, 1691]]","[[211, 134], [159, 158]]"
disclosure_x_bias,46,init_hard,LSC,log_loss,0.6249095651503329,0.8943439137607305,0.6369592803564379,0.5575079149706015,0.007106029645634294,0.28356673211981376,0.012342006791031352,0.05741771596366218,"[[2104, 1001], [1162, 1691]]","[[211, 134], [159, 158]]"
disclosure_x_bias,47,init_hard,LSC,log_loss,0.6246771889437599,0.8945541413345548,0.637295132818228,0.5575079149706015,0.007104406357079218,0.28358061196516626,0.012296722667890857,0.05741771596366218,"[[2106, 999], [1162, 1691]]","[[211, 134], [159, 158]]"
disclosure_x_bias,48,init_hard,LSC,log_loss,0.6244426113113297,0.8943044448285876,0.6371273475833286,0.5590230664857531,0.007120758952033961,0.28327713618404693,0.012580334386517534,0.05591173047122658,"[[2106, 999], [1163, 1690]]","[[212, 133], [159, 158]]"
disclosure_x_bias,49,init_hard,LSC,log_loss,0.6241855730151086,0.8942044151403363,0.6372951328182279,0.5575079149706015,0.0071609699511460696,0.28328674733110887,0.012498566635238805,0.05741771596366218,"[[2106, 999], [1162, 1691]]","[[211, 134], [159, 158]]"
disclosure_x_bias,50,init_hard,LSC,log_loss,0.6239656553087819,0.8940451034133947,0.6374629180531273,0.5575079149706015,0.007162931463682959,0.2833994717321662,0.012712518719615876,0.05741771596366218,"[[2107, 998], [1162, 1691]]","[[211, 134], [159, 158]]"
disclosure_x_bias,51,init_hard,LSC,log_loss,0.6237218350328024,0.8940650078948187,0.6379662737578252,0.5575079149706015,0.007189853581479917,0.2834150746822517,0.012545738250678982,0.05741771596366218,"[[2110, 995], [1162, 1691]]","[[211, 134], [159, 158]]"
disclosure_x_bias,52,init_hard,LSC,log_loss,0.623506563233098,0.8940918103639957,0.6381340589927247,0.5590230664857531,0.007190077445537563,0.2834497000764615,0.012501331892314511,0.06155744664280422,"[[2114, 991], [1165, 1688]]","[[212, 133], [159, 158]]"
disclosure_x_bias,53,init_hard,LSC,log_loss,0.6232888002494433,0.894270286990808,0.6384696294625233,0.5590230664857531,0.007186733018736573,0.2834053415763319,0.012479900393805775,0.06155744664280422,"[[2115, 990], [1164, 1689]]","[[212, 133], [159, 158]]"
disclosure_x_bias,54,init_hard,LSC,log_loss,0.6230706060791882,0.8942388716556342,0.6386374146974225,0.5544776119402985,0.0072050166545930255,0.2833514892143645,0.01284846846933222,0.04949227103215141,"[[2125, 980], [1173, 1680]]","[[211, 134], [161, 156]]"
disclosure_x_bias,55,init_hard,LSC,log_loss,0.622848987692332,0.8943609566043473,0.6386374146974225,0.5544776119402985,0.007221600211723639,0.28310347040854233,0.0126769065583249,0.04949227103215141,"[[2126, 979], [1174, 1679]]","[[211, 134], [161, 156]]"
disclosure_x_bias,56,init_hard,LSC,log_loss,0.6226348199240452,0.8945614607384904,0.6393099655969771,0.5575305291723203,0.007228939866191166,0.2833706397631215,0.011175886394523478,0.06310791378440547,"[[2121, 984], [1165, 1688]]","[[212, 133], [160, 157]]"
disclosure_x_bias,57,init_hard,LSC,log_loss,0.6224350996487511,0.8944058575779341,0.6394777508318763,0.5575305291723203,0.007224508087831086,0.2833198193353775,0.011243450141738526,0.06310791378440547,"[[2121, 984], [1164, 1689]]","[[212, 133], [160, 157]]"
disclosure_x_bias,58,init_hard,LSC,log_loss,0.6222322410221176,0.8943137991882978,0.639813321301675,0.5560153776571687,0.007213557831245263,0.2830645634555787,0.010891363737131059,0.0590343821290809,"[[2122, 983], [1163, 1690]]","[[211, 134], [160, 157]]"
disclosure_x_bias,59,init_hard,LSC,log_loss,0.6220331475309763,0.8942196298664058,0.6401488917714737,0.5545002261420172,0.007214010442125692,0.28280668315284635,0.011178861269775846,0.057788516696348755,"[[2127, 978], [1166, 1687]]","[[211, 134], [161, 156]]"
disclosure_x_bias,60,init_hard,LSC,log_loss,0.6218158225427541,0.8943003564366279,0.6399811065365744,0.5575305291723203,0.007239970046768152,0.2825481650094186,0.011150248487195896,0.0576143311106304,"[[2125, 980], [1165, 1688]]","[[212, 133], [160, 157]]"
disclosure_x_bias,61,init_hard,LSC,log_loss,0.6216171906146425,0.8940590716929881,0.6399811065365744,0.5575305291723203,0.007246175726423922,0.2825390387151179,0.011150248487195896,0.0576143311106304,"[[2125, 980], [1165, 1688]]","[[212, 133], [160, 157]]"
disclosure_x_bias,62,init_hard,LSC,log_loss,0.6214073768947518,0.8942069142377284,0.6403166770063731,0.5560153776571687,0.007263929079884417,0.28255321893103813,0.011148635908302762,0.0590343821290809,"[[2126, 979], [1164, 1689]]","[[211, 134], [160, 157]]"
disclosure_x_bias,63,init_hard,LSC,log_loss,0.6212151357365563,0.8943458552369845,0.6406522474761717,0.5560153776571687,0.007261971378208536,0.2824996081319766,0.011657282547532552,0.0590343821290809,"[[2126, 979], [1162, 1691]]","[[211, 134], [160, 157]]"
disclosure_x_bias,64,init_hard,LSC,log_loss,0.6210095328080529,0.8943560503558736,0.6404844622412724,0.5560153776571687,0.0072727406167484515,0.2825815173654786,0.01163791294279155,0.0590343821290809,"[[2125, 980], [1162, 1691]]","[[211, 134], [160, 157]]"
disclosure_x_bias,65,init_hard,LSC,log_loss,0.6208231757550767,0.8943902694927133,0.6406522474761717,0.5499547715965626,0.007274539986552407,0.28277545033412166,0.011737505217450959,0.048601591341723795,"[[2140, 965], [1176, 1677]]","[[211, 134], [164, 153]]"
disclosure_x_bias,66,init_hard,LSC,log_loss,0.620618177642111,0.894315384265221,0.6406522474761717,0.5514699231117142,0.00729456840839722,0.2828589273662187,0.011657282547532552,0.04971870523831893,"[[2138, 967], [1174, 1679]]","[[211, 134], [163, 154]]"
disclosure_x_bias,67,init_hard,LSC,log_loss,0.6204266005534007,0.8943112918401775,0.6411556031808697,0.5499547715965626,0.007298738995230764,0.2827847943271196,0.011858504070331594,0.048601591341723795,"[[2140, 965], [1173, 1680]]","[[211, 134], [164, 153]]"
disclosure_x_bias,68,init_hard,LSC,log_loss,0.6202437205521556,0.8943612885145462,0.6414914556426597,0.5514699231117142,0.007293338108486783,0.2828845671641674,0.010727479844620988,0.04920299226718318,"[[2141, 964], [1172, 1681]]","[[212, 133], [164, 153]]"
disclosure_x_bias,69,init_hard,LSC,log_loss,0.6200424796942459,0.8943632987822788,0.6416592408775591,0.5514699231117142,0.007298333863973255,0.28295769165660783,0.011215602324909967,0.04920299226718318,"[[2142, 963], [1172, 1681]]","[[212, 133], [164, 153]]"
disclosure_x_bias,70,init_hard,LSC,log_loss,0.6198426665398056,0.8941854466739756,0.6418270261124583,0.5514699231117142,0.0072891521454234096,0.28309298664153704,0.011327193856708736,0.04920299226718318,"[[2143, 962], [1172, 1681]]","[[212, 133], [164, 153]]"
disclosure_x_bias,71,init_hard,LSC,log_loss,0.6196606706818127,0.8940595564099525,0.6414914556426597,0.5499547715965626,0.007290161561125298,0.28298752169791497,0.01151501421156065,0.048601591341723795,"[[2141, 964], [1172, 1681]]","[[211, 134], [164, 153]]"
disclosure_x_bias,72,init_hard,LSC,log_loss,0.6194649655125968,0.8945761939276032,0.6418270261124583,0.5499547715965626,0.007282838182824844,0.2830461340626635,0.01189297553281897,0.048601591341723795,"[[2142, 963], [1171, 1682]]","[[211, 134], [164, 153]]"
disclosure_x_bias,73,init_hard,LSC,log_loss,0.6192688627496582,0.8946701748368548,0.6423306638091478,0.5514699231117142,0.007290108907479328,0.2830369405286447,0.011412200373937004,0.04920299226718318,"[[2143, 962], [1169, 1684]]","[[212, 133], [164, 153]]"
disclosure_x_bias,74,init_hard,LSC,log_loss,0.6190838704788965,0.8946011914736847,0.6424981670520558,0.5499547715965626,0.007296857890768746,0.28294324164025186,0.01132952347480812,0.045343394951919955,"[[2142, 963], [1167, 1686]]","[[211, 134], [164, 153]]"
disclosure_x_bias,75,init_hard,LSC,log_loss,0.6188874546331468,0.8947019231062917,0.642666516270938,0.5499547715965626,0.007316612904215142,0.282716098064891,0.011489011216421716,0.045343394951919955,"[[2141, 964], [1165, 1688]]","[[211, 134], [164, 153]]"
disclosure_x_bias,76,init_hard,LSC,log_loss,0.6186951940781545,0.8945389767196534,0.6428343015058372,0.5499547715965626,0.007339305292473183,0.2829744284957416,0.011418573048434863,0.045343394951919955,"[[2143, 962], [1166, 1687]]","[[211, 134], [164, 153]]"
disclosure_x_bias,77,init_hard,LSC,log_loss,0.6185216165863777,0.8945260107625537,0.6431698719756358,0.5469244685662595,0.007341291233470281,0.28298820615404846,0.011351025813917196,0.04443078407302662,"[[2145, 960], [1166, 1687]]","[[210, 135], [165, 152]]"
disclosure_x_bias,78,init_hard,LSC,log_loss,0.618327893217409,0.8946731524264477,0.6448499802605606,0.5514246947082768,0.00734520479961666,0.2831134037240092,0.01075157014711438,0.04135675251873549,"[[2173, 932], [1184, 1669]]","[[214, 131], [166, 151]]"
disclosure_x_bias,79,init_hard,LSC,log_loss,0.6181433609820137,0.8945055574293843,0.6451855507303592,0.5514246947082768,0.007350545225864978,0.28323107053336305,0.010726486415790779,0.04135675251873549,"[[2169, 936], [1178, 1675]]","[[213, 132], [165, 152]]"
disclosure_x_bias,80,init_hard,LSC,log_loss,0.6179738211359014,0.8947793420285167,0.6455211212001579,0.5514246947082768,0.007345184223691732,0.28299657650033333,0.009643557896372355,0.04135675251873549,"[[2168, 937], [1175, 1678]]","[[213, 132], [165, 152]]"
disclosure_x_bias,81,init_hard,LSC,log_loss,0.6178029168933826,0.8947124263409588,0.6458566916699565,0.5514246947082768,0.007332229576089167,0.28300302549245243,0.009458149468147468,0.04135675251873549,"[[2172, 933], [1177, 1676]]","[[214, 131], [166, 151]]"
disclosure_x_bias,82,init_hard,LSC,log_loss,0.6176431753098255,0.8948347496485807,0.646024476904856,0.5514246947082768,0.0073313915252477095,0.28291151746574383,0.009409056230243894,0.04135675251873549,"[[2172, 933], [1176, 1677]]","[[214, 131], [166, 151]]"
disclosure_x_bias,83,init_hard,LSC,log_loss,0.6174750912138907,0.8946340755521011,0.6458566916699565,0.5514246947082768,0.007335488107213565,0.28298952724166215,0.009458149468147468,0.04135675251873549,"[[2172, 933], [1177, 1676]]","[[214, 131], [166, 151]]"
disclosure_x_bias,84,init_hard,LSC,log_loss,0.6173127205563068,0.8948292055032436,0.6458566916699565,0.5529398462234283,0.00733686409280269,0.2829539026538937,0.00958952455255528,0.04550101894582413,"[[2160, 945], [1165, 1688]]","[[213, 132], [164, 153]]"
disclosure_x_bias,85,init_hard,LSC,log_loss,0.6171449198250192,0.894604495345888,0.6466956178444532,0.5499095431931252,0.007337581995127014,0.2826925044207702,0.009444814047460507,0.04594067642499291,"[[2163, 942], [1163, 1690]]","[[212, 133], [165, 152]]"
disclosure_x_bias,86,init_hard,LSC,log_loss,0.6169675183052001,0.8946143125927992,0.6468634030793525,0.5499095431931252,0.007354249148025966,0.28251756327948885,0.009412282342554354,0.04594067642499291,"[[2162, 943], [1161, 1692]]","[[212, 133], [165, 152]]"
disclosure_x_bias,87,init_hard,LSC,log_loss,0.6167964606476068,0.8945952254958381,0.6470311883142519,0.5514246947082768,0.007351553456552414,0.2823280836875233,0.009207988837333324,0.045469631586460134,"[[2164, 941], [1162, 1691]]","[[213, 132], [165, 152]]"
disclosure_x_bias,88,init_hard,LSC,log_loss,0.6166117896143818,0.8946164734175932,0.6470311883142519,0.5499095431931252,0.00735549393785922,0.2825374835048999,0.009704175395769742,0.04594067642499291,"[[2162, 943], [1160, 1693]]","[[212, 133], [165, 152]]"
disclosure_x_bias,89,init_hard,LSC,log_loss,0.616448059528245,0.8947864922628668,0.6468634030793525,0.5499095431931252,0.007357930458791828,0.28227825762290915,0.009412282342554354,0.04594067642499291,"[[2163, 942], [1162, 1691]]","[[212, 133], [165, 152]]"
disclosure_x_bias,90,init_hard,LSC,log_loss,0.6162954857737821,0.8948028254426419,0.6470309063222605,0.5514246947082768,0.0073542666477660204,0.2823634335225525,0.009151808177732312,0.045469631586460134,"[[2164, 941], [1162, 1691]]","[[213, 132], [165, 152]]"
disclosure_x_bias,91,init_hard,LSC,log_loss,0.6161044191960218,0.8948329739574001,0.6471986915571598,0.5499095431931252,0.007347824604949431,0.2819750363920608,0.009281439129142614,0.04594067642499291,"[[2164, 941], [1161, 1692]]","[[212, 133], [165, 152]]"
disclosure_x_bias,92,init_hard,LSC,log_loss,0.6159547946624098,0.8949695818958234,0.6480376177316565,0.5483943916779738,0.007342623557938102,0.28178061219974393,0.01026094926708943,0.04232488825972103,"[[2160, 945], [1152, 1701]]","[[210, 135], [164, 153]]"
disclosure_x_bias,93,init_hard,LSC,log_loss,0.6157929196365197,0.8949431021104838,0.6482056849585472,0.5483943916779738,0.0073524990512476365,0.2817514573024631,0.010256899290822186,0.04232488825972103,"[[2159, 946], [1150, 1703]]","[[210, 135], [164, 153]]"
disclosure_x_bias,94,init_hard,LSC,log_loss,0.6156275683103746,0.8955511489067621,0.6482056849585472,0.5483943916779738,0.007332829267546698,0.28182375185166136,0.010256899290822186,0.04232488825972103,"[[2160, 945], [1151, 1702]]","[[210, 135], [164, 153]]"
disclosure_x_bias,95,init_hard,LSC,log_loss,0.6154643517186287,0.895475034814722,0.6482056849585472,0.5483943916779738,0.007345632749770083,0.28184292520980064,0.010256899290822186,0.04232488825972103,"[[2159, 946], [1150, 1703]]","[[210, 135], [164, 153]]"
disclosure_x_bias,96,init_hard,LSC,log_loss,0.6153177944097672,0.8955897543788544,0.6482059669505386,0.5483943916779738,0.007343428148852462,0.28180849415671977,0.010576728890375892,0.04232488825972103,"[[2159, 946], [1150, 1703]]","[[210, 135], [164, 153]]"
disclosure_x_bias,97,init_hard,LSC,log_loss,0.6151640257446124,0.8954643228199128,0.6473659128080762,0.5513794663048394,0.007338512833539107,0.2818684864319739,0.010934922927838013,0.041327834323559444,"[[2167, 938], [1163, 1690]]","[[212, 133], [164, 153]]"
disclosure_x_bias,98,init_hard,LSC,log_loss,0.6150014982001913,0.8955534800381034,0.6482048389825729,0.5513794663048394,0.007334764196433685,0.28167841149382133,0.010618534005458508,0.041327834323559444,"[[2169, 936], [1160, 1693]]","[[212, 133], [164, 153]]"
disclosure_x_bias,99,init_hard,LSC,log_loss,0.6148559719550637,0.8953851281430152,0.6487090406632452,0.5483943916779738,0.007328448194334043,0.28167120399044304,0.010105069405279098,0.04232488825972103,"[[2162, 943], [1150, 1703]]","[[210, 135], [164, 153]]"
disclosure_x_bias,100,init_hard,LSC,log_loss,0.6147107249968208,0.8957133481405641,0.6482051209745643,0.5528946178199909,0.007322143704995868,0.28163953564223954,0.009874930454036908,0.04011193210880474,"[[2169, 936], [1160, 1693]]","[[213, 132], [164, 153]]"
disclosure_x_bias,101,init_hard,LSC,log_loss,0.6145600377352324,0.8958085205459826,0.6487093226552366,0.5483943916779738,0.007320702207461077,0.2815541444979358,0.010094243474154064,0.04232488825972103,"[[2162, 943], [1150, 1703]]","[[210, 135], [164, 153]]"
disclosure_x_bias,102,init_hard,LSC,log_loss,0.6144135657517702,0.895973442102272,0.6482051209745643,0.5513794663048394,0.007317300816056144,0.2816965039758504,0.010125168197938723,0.041327834323559444,"[[2170, 935], [1161, 1692]]","[[212, 133], [164, 153]]"
disclosure_x_bias,103,init_hard,LSC,log_loss,0.6142664310772676,0.8957661703213311,0.6482051209745643,0.5513794663048394,0.0073183577714725405,0.2818689249419825,0.010278473537658801,0.041327834323559444,"[[2173, 932], [1164, 1689]]","[[212, 133], [164, 153]]"
disclosure_x_bias,104,init_hard,LSC,log_loss,0.6141035505725663,0.8958629335678083,0.648540691444363,0.5513794663048394,0.007326640063966285,0.2818552335191513,0.01006752722174236,0.041327834323559444,"[[2172, 933], [1161, 1692]]","[[212, 133], [164, 153]]"
disclosure_x_bias,105,init_hard,LSC,log_loss,0.6139486957210514,0.8959490692220278,0.6490440471490609,0.5528946178199909,0.007335462398628238,0.2817019478826734,0.009956907966950085,0.04011193210880474,"[[2172, 933], [1158, 1695]]","[[213, 132], [164, 153]]"
disclosure_x_bias,106,init_hard,LSC,log_loss,0.6137966903841259,0.8959022620297421,0.6490440471490609,0.5513794663048394,0.007336130828564749,0.28170687595738353,0.010447467415181632,0.041327834323559444,"[[2171, 934], [1157, 1696]]","[[212, 133], [164, 153]]"
disclosure_x_bias,107,init_hard,LSC,log_loss,0.6136026266021501,0.8957723630618597,0.6492118323839604,0.5528946178199909,0.007350652852520264,0.2818022429110057,0.010007663384151187,0.041364205571509154,"[[2167, 938], [1152, 1701]]","[[212, 133], [163, 154]]"
disclosure_x_bias,108,init_hard,LSC,log_loss,0.6134457429877862,0.8957433015692488,0.6497151880886582,0.5544097693351425,0.007343958017317654,0.2816949060224929,0.010562966563683236,0.040085822804762486,"[[2173, 932], [1155, 1698]]","[[213, 132], [163, 154]]"
disclosure_x_bias,109,init_hard,LSC,log_loss,0.6133033843928224,0.8956922137568469,0.6502185437933563,0.5544097693351425,0.0073433686411434,0.2815113173466674,0.010150992085856398,0.040085822804762486,"[[2172, 933], [1151, 1702]]","[[213, 132], [163, 154]]"
disclosure_x_bias,110,init_hard,LSC,log_loss,0.6131597697650879,0.8958845688286494,0.6493796176188595,0.5544097693351425,0.007346739432982503,0.2814352953671958,0.010270504317365035,0.040085822804762486,"[[2175, 930], [1159, 1694]]","[[213, 132], [163, 154]]"
disclosure_x_bias,111,init_hard,LSC,log_loss,0.6130227176498273,0.896044338508311,0.6507218994980543,0.5544097693351425,0.007348440592267726,0.28130164386246687,0.010557590103969679,0.040085822804762486,"[[2173, 932], [1149, 1704]]","[[212, 133], [162, 155]]"
disclosure_x_bias,112,init_hard,LSC,log_loss,0.6128844449394423,0.8960925560230002,0.6503863290282557,0.5544097693351425,0.007348548076452295,0.2813994338797404,0.010148518848474012,0.040085822804762486,"[[2171, 934], [1149, 1704]]","[[212, 133], [162, 155]]"
disclosure_x_bias,113,init_hard,LSC,log_loss,0.6127405378083364,0.8963763277374923,0.6512252552027522,0.5544097693351425,0.007341072729122259,0.2813352516501347,0.009774816450831923,0.040085822804762486,"[[2177, 928], [1150, 1703]]","[[212, 133], [162, 155]]"
disclosure_x_bias,114,init_hard,LSC,log_loss,0.6126061959434921,0.8961519092884256,0.650050758558457,0.5544097693351425,0.007339631785034838,0.28153976937749065,0.010807100901452772,0.040085822804762486,"[[2174, 931], [1154, 1699]]","[[212, 133], [162, 155]]"
disclosure_x_bias,115,init_hard,LSC,log_loss,0.6124695663166221,0.8961022407652145,0.6515608256725509,0.5544097693351425,0.007337856171912063,0.28159553687492583,0.010967353564904954,0.04133888720074022,"[[2176, 929], [1147, 1706]]","[[212, 133], [162, 155]]"
disclosure_x_bias,116,init_hard,LSC,log_loss,0.6123205645865586,0.8962550417999708,0.6513930404376516,0.5528946178199909,0.007336086492682621,0.28147815163792445,0.011102853584599537,0.041364205571509154,"[[2176, 929], [1148, 1705]]","[[211, 134], [162, 155]]"
disclosure_x_bias,117,init_hard,LSC,log_loss,0.6121640079561314,0.896205750571502,0.651057469967853,0.5544097693351425,0.0073507685080237,0.28146609591762645,0.010322073311793986,0.040085822804762486,"[[2181, 924], [1155, 1698]]","[[213, 132], [163, 154]]"
disclosure_x_bias,118,init_hard,LSC,log_loss,0.61202162226889,0.8963215586314632,0.6518963961423496,0.555924920850294,0.007355825015609678,0.2817133106419538,0.010594212837225865,0.03999597182361288,"[[2178, 927], [1147, 1706]]","[[213, 132], [162, 155]]"
disclosure_x_bias,119,init_hard,LSC,log_loss,0.6118843651815558,0.8963023541833948,0.6517286109074503,0.5528946178199909,0.0073528012064107365,0.28147955305524885,0.010141056637341302,0.03236973694158581,"[[2176, 929], [1146, 1707]]","[[211, 134], [162, 155]]"
disclosure_x_bias,120,init_hard,LSC,log_loss,0.6117415253032623,0.8965448577411955,0.6522319666121482,0.5498643147896879,0.00735825497444697,0.28115253845022964,0.010040598630421524,0.032197563945762224,"[[2178, 927], [1145, 1708]]","[[210, 135], [163, 154]]"
disclosure_x_bias,121,init_hard,LSC,log_loss,0.6116103980647012,0.8963593854004053,0.6529031075517455,0.5513794663048394,0.007356096344616288,0.2814998009752193,0.009733045917481717,0.029862127342001468,"[[2177, 928], [1140, 1713]]","[[210, 135], [162, 155]]"
disclosure_x_bias,122,init_hard,LSC,log_loss,0.6114813053250732,0.8964823872441627,0.653406745248435,0.5513794663048394,0.007355076089769465,0.28146214982652096,0.009315900814026973,0.029862127342001468,"[[2171, 934], [1131, 1722]]","[[209, 136], [161, 156]]"
disclosure_x_bias,123,init_hard,LSC,log_loss,0.6113487373530304,0.8965508929997019,0.6532389600135355,0.5528946178199909,0.007350429878989468,0.2813786600395955,0.009576845968473881,0.029912443264909053,"[[2176, 929], [1137, 1716]]","[[210, 135], [161, 156]]"
disclosure_x_bias,124,init_hard,LSC,log_loss,0.6112152054132246,0.8965156599614993,0.6532389600135355,0.5513794663048394,0.007342934133148326,0.2813789648937022,0.009378826900551694,0.031524229640874965,"[[2176, 929], [1137, 1716]]","[[209, 136], [161, 156]]"
disclosure_x_bias,125,init_hard,LSC,log_loss,0.6110890629665585,0.8965949168265175,0.6537423157182336,0.5544097693351425,0.00733662879031692,0.28127837955205165,0.009643854046672458,0.03944436572445375,"[[2179, 926], [1137, 1716]]","[[211, 134], [161, 156]]"
disclosure_x_bias,126,init_hard,LSC,log_loss,0.6109387911584341,0.8964621505288074,0.6530711747786363,0.555924920850294,0.007350786707810795,0.2813934524200961,0.010048013326291372,0.039353050194170236,"[[2176, 929], [1138, 1715]]","[[212, 133], [161, 156]]"
disclosure_x_bias,127,init_hard,LSC,log_loss,0.6107895642569483,0.8970187463463384,0.6532389600135355,0.5544097693351425,0.007335710818205846,0.2814396833059271,0.010481331242982901,0.03944436572445375,"[[2175, 930], [1136, 1717]]","[[211, 134], [161, 156]]"
disclosure_x_bias,128,init_hard,LSC,log_loss,0.6106635695702858,0.8969538494572703,0.6534067452484349,0.5528946178199909,0.007335977331205822,0.2815051850522397,0.010779104226146656,0.03236973694158582,"[[2173, 932], [1133, 1720]]","[[209, 136], [160, 157]]"
disclosure_x_bias,129,init_hard,LSC,log_loss,0.6105391893603253,0.8969219906918818,0.6534067452484349,0.5498643147896879,0.007330984670066744,0.2814395569733442,0.01120593814017998,0.03139534872415173,"[[2171, 934], [1131, 1722]]","[[208, 137], [161, 156]]"
disclosure_x_bias,130,init_hard,LSC,log_loss,0.6104101285219129,0.8973331864246594,0.653910100953133,0.5513794663048394,0.007329390481841016,0.2812079051405502,0.011030346004230057,0.031524229640874986,"[[2169, 936], [1126, 1727]]","[[208, 137], [160, 157]]"
disclosure_x_bias,131,init_hard,LSC,log_loss,0.6102622809410597,0.897300438398078,0.6547490271276295,0.5468340117593848,0.007324402609669196,0.2812869209527644,0.010876074314138354,0.03170426307932876,"[[2171, 934], [1123, 1730]]","[[207, 138], [162, 155]]"
disclosure_x_bias,132,init_hard,LSC,log_loss,0.610138929963382,0.8975221899711181,0.6547490271276295,0.5483491632745364,0.007319789230687005,0.2812955506312598,0.011018937322376528,0.03277937878269265,"[[2167, 938], [1119, 1734]]","[[207, 138], [161, 156]]"
disclosure_x_bias,133,init_hard,LSC,log_loss,0.6100071974988575,0.8974299164609411,0.654916812362529,0.5483491632745363,0.007311271916393882,0.2811999971246415,0.009920042480285914,0.03199175629515963,"[[2170, 935], [1121, 1732]]","[[208, 137], [162, 155]]"
disclosure_x_bias,134,init_hard,LSC,log_loss,0.6098705125188991,0.8975113131068939,0.6552523828323276,0.5483491632745363,0.007316299093782202,0.2811158452700348,0.010506219691523965,0.030355264218717933,"[[2167, 938], [1116, 1737]]","[[208, 137], [162, 155]]"
disclosure_x_bias,135,init_hard,LSC,log_loss,0.6097365926356335,0.8975218434153748,0.654916812362529,0.5483491632745363,0.00731238045510957,0.28123649654148686,0.010138364016427941,0.03199175629515963,"[[2167, 938], [1118, 1735]]","[[208, 137], [162, 155]]"
disclosure_x_bias,136,init_hard,LSC,log_loss,0.6096057521902745,0.8974012516237279,0.6554204500592183,0.5483491632745364,0.0073130169544669,0.2811046828429546,0.009654751370110605,0.03503617103751925,"[[2166, 939], [1114, 1739]]","[[207, 138], [161, 156]]"
disclosure_x_bias,137,init_hard,LSC,log_loss,0.6094802027587016,0.8976826174390057,0.6545815238847217,0.5498643147896879,0.007313691005142515,0.2809539644826843,0.009986104217610016,0.03139534872415173,"[[2167, 938], [1120, 1733]]","[[208, 137], [161, 156]]"
disclosure_x_bias,138,init_hard,LSC,log_loss,0.6093495601188006,0.8976626544180913,0.6545815238847217,0.5498643147896879,0.00730755535578233,0.28101193302600874,0.009667797214948369,0.03374482966473764,"[[2167, 938], [1120, 1733]]","[[208, 137], [161, 156]]"
disclosure_x_bias,139,init_hard,LSC,log_loss,0.6092247944634848,0.8974928577020924,0.6545815238847217,0.5528946178199909,0.007301825369850971,0.2810082835801676,0.009570240887913004,0.032369736941585826,"[[2163, 942], [1116, 1737]]","[[209, 136], [160, 157]]"
disclosure_x_bias,140,init_hard,LSC,log_loss,0.6090966908440552,0.897714842811822,0.6555879533021262,0.5498643147896879,0.007301320182677696,0.28109266521218634,0.009725098201024403,0.03374482966473764,"[[2166, 939], [1113, 1740]]","[[208, 137], [161, 156]]"
disclosure_x_bias,141,init_hard,LSC,log_loss,0.608974276323508,0.8975900205717936,0.6544137386498223,0.5498643147896879,0.00729964999664986,0.2812088903589807,0.01046276510513827,0.030572090523559872,"[[2168, 937], [1122, 1731]]","[[209, 136], [162, 155]]"
disclosure_x_bias,142,init_hard,LSC,log_loss,0.6088403193668188,0.8976582816214643,0.6554201680672269,0.5498643147896879,0.007310376033088758,0.28121212962068404,0.010651681969654117,0.03374482966473764,"[[2167, 938], [1115, 1738]]","[[208, 137], [161, 156]]"
disclosure_x_bias,143,init_hard,LSC,log_loss,0.6087082459338533,0.8977097493554445,0.655252664824319,0.5498643147896879,0.007319036744204702,0.28105934775845887,0.010933422726956854,0.03374482966473764,"[[2168, 937], [1117, 1736]]","[[208, 137], [161, 156]]"
disclosure_x_bias,144,init_hard,LSC,log_loss,0.6085878240895053,0.8979629548496348,0.6552523828323276,0.5498643147896879,0.007315911750850456,0.2811725073547744,0.010565597337476343,0.03374482966473764,"[[2166, 939], [1115, 1738]]","[[208, 137], [161, 156]]"
disclosure_x_bias,145,init_hard,LSC,log_loss,0.6084683938689818,0.8979754289190914,0.6562599402176978,0.5498643147896879,0.007311193174041965,0.28121687769810627,0.010857033509671685,0.03374482966473764,"[[2165, 940], [1108, 1745]]","[[208, 137], [161, 156]]"
disclosure_x_bias,146,init_hard,LSC,log_loss,0.6083316717244639,0.8979763020113871,0.6562596582257064,0.5468340117593848,0.007319243411588753,0.281111275898668,0.01148319785617619,0.034773856667397504,"[[2164, 941], [1107, 1746]]","[[206, 139], [161, 156]]"
disclosure_x_bias,147,init_hard,LSC,log_loss,0.608213560143033,0.8980761604646906,0.6560918729908071,0.5453188602442334,0.007319473684179618,0.2807711290842596,0.010998472559558,0.03368667705927253,"[[2169, 936], [1113, 1740]]","[[207, 138], [163, 154]]"
disclosure_x_bias,148,init_hard,LSC,log_loss,0.6080929815087383,0.8979776785662998,0.6560918729908071,0.5468340117593848,0.007311493562897754,0.2807733302496568,0.011139765970214672,0.034773856667397504,"[[2166, 939], [1110, 1743]]","[[207, 138], [162, 155]]"
disclosure_x_bias,149,init_hard,LSC,log_loss,0.6079606674190428,0.8982214449361253,0.6565955106874964,0.5468340117593848,0.007314027413573785,0.2805949893345314,0.01121244897561441,0.034773856667397504,"[[2164, 941], [1105, 1748]]","[[206, 139], [161, 156]]"
disclosure_x_bias,150,init_hard,LSC,log_loss,0.6078406919347655,0.8982767783019365,0.6574347188539845,0.5468340117593848,0.0073100795122461315,0.2805527779276415,0.011302394759002913,0.034773856667397504,"[[2168, 937], [1104, 1749]]","[[206, 139], [161, 156]]"
disclosure_x_bias,151,init_hard,LSC,log_loss,0.6077237684480419,0.8981464419643854,0.6569313631492866,0.5468340117593848,0.007303646048570079,0.28055230459238434,0.010662797894473572,0.032498853824921924,"[[2162, 943], [1101, 1752]]","[[205, 140], [160, 157]]"
disclosure_x_bias,152,init_hard,LSC,log_loss,0.6076038556475626,0.898401067729351,0.6565957926794879,0.5483491632745364,0.007301651164911664,0.2804665307507269,0.011368772065908727,0.0357567963260225,"[[2163, 942], [1104, 1749]]","[[206, 139], [160, 157]]"
disclosure_x_bias,153,init_hard,LSC,log_loss,0.6074629501943252,0.8983839270882946,0.6570991483841858,0.5468340117593848,0.007314683567797409,0.2804526372717849,0.011397809495755628,0.034773856667397476,"[[2172, 933], [1110, 1743]]","[[206, 139], [161, 156]]"
disclosure_x_bias,154,init_hard,LSC,log_loss,0.6073531350907285,0.8984085003054506,0.6579380745586826,0.5453188602442334,0.0073089956932435324,0.28055209725849867,0.010663192314340769,0.03368667705927253,"[[2176, 929], [1109, 1744]]","[[206, 139], [162, 155]]"
disclosure_x_bias,155,init_hard,LSC,log_loss,0.6072337154800345,0.8985877242793773,0.6574347188539845,0.5468340117593848,0.007309753847051643,0.28055488751699786,0.011357610760166859,0.034773856667397504,"[[2167, 938], [1103, 1750]]","[[206, 139], [161, 156]]"
disclosure_x_bias,156,init_hard,LSC,log_loss,0.6071120722994444,0.8985072007302419,0.6582736450284812,0.5453188602442334,0.007312719403538146,0.2804575277557461,0.009401629158485029,0.028787167212381174,"[[2170, 935], [1101, 1752]]","[[206, 139], [162, 155]]"
disclosure_x_bias,157,init_hard,LSC,log_loss,0.6069984012037982,0.8983524704937549,0.6564277254525972,0.5498643147896879,0.007307944608843511,0.28043773969240676,0.010633438294591064,0.034492444558664015,"[[2169, 936], [1111, 1742]]","[[208, 137], [161, 156]]"
disclosure_x_bias,158,init_hard,LSC,log_loss,0.6068827050180252,0.8984551360230688,0.6564277254525972,0.5468340117593848,0.007306808998565591,0.2803767894633738,0.010808496409688045,0.034773856667397476,"[[2170, 935], [1112, 1741]]","[[207, 138], [162, 155]]"
disclosure_x_bias,159,init_hard,LSC,log_loss,0.6067594823878617,0.8983459140074931,0.6564277254525972,0.5468340117593848,0.007304182678708372,0.28047942146840127,0.0114274554665757,0.034773856667397476,"[[2170, 935], [1112, 1741]]","[[207, 138], [162, 155]]"
disclosure_x_bias,160,init_hard,LSC,log_loss,0.6066420495319477,0.8984568131337977,0.6569313631492866,0.5453188602442334,0.007300593668517863,0.2803618857956853,0.011400034759726113,0.03368667705927253,"[[2173, 932], [1112, 1741]]","[[207, 138], [163, 154]]"
disclosure_x_bias,161,init_hard,LSC,log_loss,0.6065134010771406,0.8987715261927148,0.6569313631492866,0.5438037087290819,0.007285974120780093,0.2806124942471841,0.010952225043067518,0.03003691374330314,"[[2173, 932], [1112, 1741]]","[[206, 139], [163, 154]]"
disclosure_x_bias,162,init_hard,LSC,log_loss,0.6064005010177153,0.8986608393166214,0.6579380745586826,0.5422885572139303,0.007283117863620673,0.2807671571007422,0.008834286385196425,0.026749838231788774,"[[2169, 936], [1102, 1751]]","[[205, 140], [163, 154]]"
disclosure_x_bias,163,init_hard,LSC,log_loss,0.6062804661979516,0.8987176810353692,0.6579380745586826,0.5422885572139303,0.007281404315319852,0.2806054433289564,0.008834286385196425,0.026749838231788774,"[[2168, 937], [1101, 1752]]","[[205, 140], [163, 154]]"
disclosure_x_bias,164,init_hard,LSC,log_loss,0.6061634057017746,0.8988267279437026,0.6584419942473634,0.5422885572139303,0.007274869675679138,0.2805756294759822,0.009009187862201003,0.026749838231788774,"[[2170, 935], [1100, 1753]]","[[205, 140], [163, 154]]"
disclosure_x_bias,165,init_hard,LSC,log_loss,0.6060534441413178,0.8990457700635055,0.658274209012464,0.5453188602442334,0.007270519845532482,0.2806305907493814,0.009005070124857392,0.03368667705927253,"[[2168, 937], [1099, 1754]]","[[205, 140], [161, 156]]"
disclosure_x_bias,166,init_hard,LSC,log_loss,0.6059467161359249,0.8989275126391127,0.6584419942473634,0.5438037087290819,0.007265936351349313,0.2806743450669674,0.009009187862201003,0.025438949950240927,"[[2171, 934], [1101, 1752]]","[[206, 139], [163, 154]]"
disclosure_x_bias,167,init_hard,LSC,log_loss,0.605836990310882,0.8989195095453134,0.658274209012464,0.5438037087290819,0.007263056967229896,0.28071415394439714,0.009005070124857392,0.025438949950240927,"[[2172, 933], [1103, 1750]]","[[206, 139], [163, 154]]"
disclosure_x_bias,168,init_hard,LSC,log_loss,0.6057222797466328,0.8990483035784871,0.6584419942473634,0.5438037087290819,0.007267893698899369,0.28065018912251605,0.009009187862201003,0.025438949950240927,"[[2171, 934], [1101, 1752]]","[[206, 139], [163, 154]]"
disclosure_x_bias,169,init_hard,LSC,log_loss,0.6056103893417992,0.8990988397419428,0.6579386385426653,0.5468340117593848,0.007265236454541953,0.28072821573988666,0.008594979979796562,0.03249885382492192,"[[2169, 936], [1102, 1751]]","[[206, 139], [161, 156]]"
disclosure_x_bias,170,init_hard,LSC,log_loss,0.6054990566452993,0.8994128642434038,0.6586097794822627,0.5438037087290819,0.007264238618302923,0.2807855236839357,0.009079002096366418,0.028287555252476754,"[[2169, 936], [1098, 1755]]","[[205, 140], [162, 155]]"
disclosure_x_bias,171,init_hard,LSC,log_loss,0.6053864599317713,0.8993675083325027,0.6581064237775648,0.5422885572139303,0.007262041512665126,0.28062850692487434,0.008786408000590983,0.026749838231788774,"[[2172, 933], [1104, 1749]]","[[205, 140], [163, 154]]"
disclosure_x_bias,172,init_hard,LSC,log_loss,0.6052823667358368,0.8995942241047825,0.6581064237775648,0.5468340117593848,0.0072588241093510504,0.28074505745809397,0.008678950006548473,0.034773856667397504,"[[2167, 938], [1099, 1754]]","[[205, 140], [160, 157]]"
disclosure_x_bias,173,init_hard,LSC,log_loss,0.6051649079872892,0.8996393794440565,0.658274209012464,0.5453188602442334,0.007261027763422584,0.28072832065325204,0.008865037967846337,0.037280936468220456,"[[2166, 939], [1097, 1756]]","[[204, 141], [160, 157]]"
disclosure_x_bias,174,init_hard,LSC,log_loss,0.6050584059659527,0.8996766449190667,0.658274209012464,0.5498417005879692,0.0072595741816738535,0.2807386144558539,0.008430998091841259,0.036245360125381605,"[[2163, 942], [1094, 1759]]","[[205, 140], [158, 159]]"
disclosure_x_bias,175,init_hard,LSC,log_loss,0.6049451938401813,0.899522428057978,0.658441712255372,0.5468113975576662,0.007256553962037819,0.2809225498136455,0.008811166585686946,0.040486509327259404,"[[2161, 944], [1091, 1762]]","[[204, 141], [159, 158]]"
disclosure_x_bias,176,init_hard,LSC,log_loss,0.6048399180294934,0.8996248616757019,0.65928092042186,0.5468113975576662,0.007252706244456566,0.2807250324591348,0.00951979308347176,0.037203244816205135,"[[2169, 936], [1094, 1759]]","[[205, 140], [160, 157]]"
disclosure_x_bias,177,init_hard,LSC,log_loss,0.6047323636544844,0.8995319299558769,0.6589453499520614,0.5468113975576662,0.007246869417548927,0.28074044198205084,0.00934278103211762,0.035086120008679104,"[[2172, 933], [1099, 1754]]","[[205, 140], [160, 157]]"
disclosure_x_bias,178,init_hard,LSC,log_loss,0.6046264075330094,0.8997009750322558,0.6589450679600699,0.5468340117593848,0.00724053989881077,0.2805522896181672,0.009420451238091234,0.034773856667397476,"[[2168, 937], [1095, 1758]]","[[205, 140], [160, 157]]"
disclosure_x_bias,179,init_hard,LSC,log_loss,0.6045126946708141,0.899554452491811,0.6589453499520614,0.5513342379014021,0.00723944332687293,0.28077351560554614,0.009173852526953628,0.03732903870147658,"[[2164, 941], [1091, 1762]]","[[206, 139], [158, 159]]"
disclosure_x_bias,180,init_hard,LSC,log_loss,0.6044075109306078,0.8996582538197238,0.6589450679600699,0.5468113975576662,0.007238036354782598,0.28065994780872056,0.009586132427294065,0.035086120008679104,"[[2172, 933], [1099, 1754]]","[[206, 139], [161, 156]]"
disclosure_x_bias,181,init_hard,LSC,log_loss,0.6043023958011176,0.8995606044241914,0.6594487056567593,0.5468340117593848,0.007231471600868242,0.28073999636904573,0.009795695834276157,0.03621120700260367,"[[2168, 937], [1092, 1761]]","[[204, 141], [159, 158]]"
disclosure_x_bias,182,init_hard,LSC,log_loss,0.6041862086297595,0.8995804912995314,0.65928092042186,0.5483265490728177,0.007227435453675083,0.28073916189242215,0.009779122655770333,0.0367621345661955,"[[2168, 937], [1093, 1760]]","[[205, 140], [159, 158]]"
disclosure_x_bias,183,init_hard,LSC,log_loss,0.6040725396767848,0.8994739013966534,0.6591134171789521,0.5513116236996833,0.00721435515566582,0.2805897939898013,0.00945455922382762,0.03956666079337159,"[[2168, 937], [1094, 1759]]","[[205, 140], [157, 160]]"
disclosure_x_bias,184,init_hard,LSC,log_loss,0.6039722165883487,0.8996316536844914,0.6592812024138515,0.5482813206693804,0.007209670522881248,0.2805482073485137,0.00924101615414254,0.03863584870447795,"[[2172, 933], [1097, 1756]]","[[205, 140], [159, 158]]"
disclosure_x_bias,185,init_hard,LSC,log_loss,0.6038584716571196,0.8998712832550304,0.6591134171789521,0.5513116236996833,0.007200456796320427,0.28048963245188085,0.009651024546141572,0.03956666079337159,"[[2169, 936], [1095, 1758]]","[[205, 140], [157, 160]]"
disclosure_x_bias,186,init_hard,LSC,log_loss,0.6037567072508179,0.899849681820417,0.6601204105803395,0.5467661691542288,0.007196161116218525,0.28056969665902975,0.009646252671901251,0.04096643767172271,"[[2176, 929], [1096, 1757]]","[[204, 141], [159, 158]]"
disclosure_x_bias,187,init_hard,LSC,log_loss,0.6036535932988404,0.8998576435265135,0.6597848401105408,0.5497964721845319,0.007193220906897301,0.2804603703676599,0.009169587298881487,0.04196717642681755,"[[2168, 937], [1090, 1763]]","[[204, 141], [157, 160]]"
disclosure_x_bias,188,init_hard,LSC,log_loss,0.6035310020767755,0.8992672810273241,0.6602890417912131,0.5497964721845319,0.0071385789533778745,0.2786931890632612,0.009647738102383275,0.04196717642681755,"[[2168, 937], [1087, 1766]]","[[204, 141], [157, 160]]"
disclosure_x_bias,189,init_hard,LSC,log_loss,0.6034177985316367,0.8994095872060418,0.6606243302690203,0.5482813206693804,0.007127436936346406,0.2787645265784299,0.009486108620919127,0.04119210622481848,"[[2172, 933], [1089, 1764]]","[[204, 141], [158, 159]]"
disclosure_x_bias,190,init_hard,LSC,log_loss,0.6033080412244106,0.8992266606505808,0.6606243302690203,0.5482813206693804,0.007122266844667155,0.2788663320726102,0.009999790792653824,0.04119210622481848,"[[2171, 934], [1088, 1765]]","[[204, 141], [158, 159]]"
disclosure_x_bias,191,init_hard,LSC,log_loss,0.6031960900824027,0.8995064280193951,0.6604565450341211,0.5467661691542288,0.007128741276630033,0.2789419042800373,0.009879643107681118,0.04096643767172271,"[[2175, 930], [1093, 1760]]","[[204, 141], [159, 158]]"
disclosure_x_bias,192,init_hard,LSC,log_loss,0.6030752467345872,0.8996352149165135,0.6606243302690203,0.5482813206693804,0.007146239904786327,0.278798977857924,0.009905504710016699,0.04119210622481848,"[[2169, 936], [1086, 1767]]","[[204, 141], [158, 159]]"
disclosure_x_bias,193,init_hard,LSC,log_loss,0.6029585313840082,0.8995666091151767,0.6609601827308105,0.5467661691542288,0.007160708131875891,0.2789017970793247,0.010186185604594522,0.04096643767172271,"[[2172, 933], [1087, 1766]]","[[204, 141], [159, 158]]"
disclosure_x_bias,194,init_hard,LSC,log_loss,0.6028541876311426,0.8997249013309411,0.6606246122610118,0.5482813206693804,0.007158095060918886,0.27867484933603787,0.010328431638594123,0.04119210622481848,"[[2169, 936], [1086, 1767]]","[[204, 141], [158, 159]]"
disclosure_x_bias,195,init_hard,LSC,log_loss,0.6027559571253462,0.8994614645208368,0.6611279679657097,0.5467661691542288,0.00715382175269517,0.27899533770823576,0.010563590193058952,0.04096643767172271,"[[2173, 932], [1087, 1766]]","[[204, 141], [159, 158]]"
disclosure_x_bias,196,init_hard,LSC,log_loss,0.60265574005892,0.899675665112523,0.6607923974959111,0.5482813206693804,0.007149171095955445,0.2788630198217931,0.010440416811019643,0.04119210622481848,"[[2169, 936], [1085, 1768]]","[[204, 141], [158, 159]]"
disclosure_x_bias,197,init_hard,LSC,log_loss,0.6025543854511588,0.8998010156028403,0.6609599007388189,0.5467661691542288,0.007142825690510849,0.2789104811063256,0.009263754596261022,0.04096643767172271,"[[2166, 939], [1081, 1772]]","[[204, 141], [159, 158]]"
disclosure_x_bias,198,init_hard,LSC,log_loss,0.602456188129121,0.8998836526273155,0.6612951892166262,0.5482813206693804,0.007139909730220781,0.2787294071499788,0.009733383879397768,0.04119210622481848,"[[2171, 934], [1084, 1769]]","[[204, 141], [158, 159]]"
disclosure_x_bias,199,init_hard,LSC,log_loss,0.6023460880548094,0.9000958716150921,0.6616318876543905,0.5513116236996833,0.007126722603316811,0.278823547068118,0.0099323452883718,0.042066393432990484,"[[2165, 940], [1076, 1777]]","[[204, 141], [156, 161]]"
disclosure_x_bias,200,init_hard,LSC,log_loss,0.60224190190006,0.9001708658589933,0.6617993908972986,0.5497964721845319,0.0071205744486176935,0.2787373943142391,0.010039877093568366,0.041354911373490774,"[[2167, 938], [1077, 1776]]","[[204, 141], [157, 160]]"
disclosure_x_bias,201,init_hard,LSC,log_loss,0.6021337803122837,0.9003157312371608,0.6616318876543906,0.5513116236996833,0.007120074129588639,0.27883220710327383,0.010088581176520504,0.042066393432990484,"[[2165, 940], [1076, 1777]]","[[204, 141], [156, 161]]"
disclosure_x_bias,202,init_hard,LSC,log_loss,0.6020196626815542,0.9002459026434545,0.6617999548812814,0.5513116236996833,0.007119589605398334,0.2788597207326106,0.010327748125342248,0.042066393432990484,"[[2163, 942], [1073, 1780]]","[[204, 141], [156, 161]]"
disclosure_x_bias,203,init_hard,LSC,log_loss,0.6019187185296748,0.9004091737622361,0.6619671761321978,0.5513116236996833,0.007122291520285074,0.27872482558055595,0.010196345750757911,0.042066393432990484,"[[2164, 941], [1073, 1780]]","[[204, 141], [156, 161]]"
disclosure_x_bias,204,init_hard,LSC,log_loss,0.6018226879582194,0.9005242220811395,0.6612954712086176,0.5513116236996833,0.007116617385269558,0.2788063335761602,0.01049884736363596,0.042066393432990484,"[[2161, 944], [1074, 1779]]","[[204, 141], [156, 161]]"
disclosure_x_bias,205,init_hard,LSC,log_loss,0.6017260873400364,0.9006353834858487,0.6614638204274998,0.5513116236996833,0.007111117294269245,0.27883854487332066,0.01027723784004676,0.042066393432990484,"[[2162, 943], [1074, 1779]]","[[204, 141], [156, 161]]"
disclosure_x_bias,206,init_hard,LSC,log_loss,0.6016301493365327,0.9007187192491986,0.6623030285939879,0.5497964721845319,0.007107313415312747,0.2787171549351028,0.010480011756841634,0.041354911373490774,"[[2166, 939], [1073, 1780]]","[[204, 141], [157, 160]]"
disclosure_x_bias,207,init_hard,LSC,log_loss,0.6015281033826633,0.9007133389749772,0.6619671761321978,0.5497964721845319,0.007104806279047784,0.2787186575372236,0.010675908663807857,0.041354911373490774,"[[2168, 937], [1077, 1776]]","[[204, 141], [157, 160]]"
disclosure_x_bias,208,init_hard,LSC,log_loss,0.601434222601398,0.9006958286729088,0.6624708138288873,0.5513116236996833,0.007101475315338681,0.2786378301796861,0.009856059076524456,0.04020616680147565,"[[2171, 934], [1077, 1776]]","[[205, 140], [157, 160]]"
disclosure_x_bias,209,init_hard,LSC,log_loss,0.6013321327831466,0.9007520261133518,0.6624705318368959,0.5513116236996833,0.007098733842354074,0.2787371312100946,0.009835725618967853,0.04020616680147565,"[[2171, 934], [1077, 1776]]","[[205, 140], [157, 160]]"
disclosure_x_bias,210,init_hard,LSC,log_loss,0.6012327751458607,0.9007699295637707,0.6624705318368959,0.5513116236996833,0.007096697708606609,0.2786449917435845,0.009545214583317425,0.04020616680147565,"[[2171, 934], [1077, 1776]]","[[205, 140], [157, 160]]"
disclosure_x_bias,211,init_hard,LSC,log_loss,0.6011289808887765,0.9007971052675037,0.6626385990637866,0.5513116236996833,0.0070938627448932715,0.278606963175265,0.009907256869291165,0.04020616680147565,"[[2170, 935], [1075, 1778]]","[[205, 140], [157, 160]]"
disclosure_x_bias,212,init_hard,LSC,log_loss,0.6010291858681628,0.9006886944347045,0.6626385990637866,0.5497964721845319,0.007096593905265241,0.27844451847164453,0.009781656992098034,0.04010234768250568,"[[2174, 931], [1079, 1774]]","[[204, 141], [157, 160]]"
disclosure_x_bias,213,init_hard,LSC,log_loss,0.6009327169112052,0.9008893977882245,0.6626385990637866,0.5513116236996833,0.0070965037853288546,0.2785081811624706,0.009454912714365457,0.04020616680147565,"[[2169, 936], [1074, 1779]]","[[205, 140], [157, 160]]"
disclosure_x_bias,214,init_hard,LSC,log_loss,0.6008380606500109,0.9009150823925047,0.6634772432462918,0.5482813206693804,0.0070916780689685216,0.2785081401284523,0.009284797570241624,0.04119210622481848,"[[2175, 930], [1075, 1778]]","[[204, 141], [158, 159]]"
disclosure_x_bias,215,init_hard,LSC,log_loss,0.600746449398699,0.9009518252032931,0.6638133777000733,0.5482813206693804,0.007088145124992093,0.2782162881429732,0.009089350093629916,0.04119210622481848,"[[2173, 932], [1071, 1782]]","[[204, 141], [158, 159]]"
disclosure_x_bias,216,init_hard,LSC,log_loss,0.6006526403800249,0.9007868844689296,0.6643172973887541,0.5482813206693804,0.007084419272465269,0.2783402964765888,0.009104646721212174,0.04119210622481848,"[[2175, 930], [1070, 1783]]","[[204, 141], [158, 159]]"
disclosure_x_bias,217,init_hard,LSC,log_loss,0.600557165096444,0.9010968323439673,0.6643172973887541,0.5467661691542288,0.007082385844861416,0.27816728494093995,0.008646492070533193,0.042793628300276276,"[[2172, 933], [1067, 1786]]","[[203, 142], [158, 159]]"
disclosure_x_bias,218,init_hard,LSC,log_loss,0.6004615910743926,0.9010238017385446,0.6653237268061587,0.5482813206693804,0.007081567794125595,0.2780966749548672,0.00804378589242262,0.04119210622481848,"[[2175, 930], [1064, 1789]]","[[204, 141], [158, 159]]"
disclosure_x_bias,219,init_hard,LSC,log_loss,0.6003640706355388,0.9012241728062504,0.6649884383283514,0.5467661691542288,0.007077602620822933,0.27820972646990133,0.007501164339773031,0.040338986266151886,"[[2175, 930], [1066, 1787]]","[[203, 142], [158, 159]]"
disclosure_x_bias,220,init_hard,LSC,log_loss,0.6002687995517098,0.9010217890927403,0.66465230387457,0.5482813206693804,0.0070804552760389385,0.2782072663377842,0.00829963107880596,0.04119210622481848,"[[2172, 933], [1065, 1788]]","[[204, 141], [158, 159]]"
disclosure_x_bias,221,init_hard,LSC,log_loss,0.6001776618151948,0.901078891545555,0.6653242907901415,0.5482813206693804,0.007077043632630754,0.27811258489853125,0.008325270496286575,0.04056814529537153,"[[2176, 929], [1065, 1788]]","[[204, 141], [158, 159]]"
disclosure_x_bias,222,init_hard,LSC,log_loss,0.6000837620279347,0.9008639932021252,0.6648200891094693,0.5482813206693804,0.007071872020864022,0.2782428622642145,0.008423723921964886,0.04119210622481848,"[[2178, 927], [1070, 1783]]","[[205, 140], [159, 158]]"
disclosure_x_bias,223,init_hard,LSC,log_loss,0.5999880144902747,0.901020403665105,0.6648209350854436,0.5482813206693804,0.007074888066354241,0.2784350998512066,0.007519390440384417,0.04300971079683969,"[[2170, 935], [1062, 1791]]","[[203, 142], [157, 160]]"
disclosure_x_bias,224,init_hard,LSC,log_loss,0.5998967191246779,0.9009167194913313,0.6651559415712593,0.5467661691542288,0.007072883685272339,0.27830342861895546,0.008424300572681372,0.042193357540871904,"[[2172, 933], [1062, 1791]]","[[203, 142], [158, 159]]"
disclosure_x_bias,225,init_hard,LSC,log_loss,0.5998050571765198,0.9009161208790065,0.6659959957137217,0.5467661691542288,0.007070596773582687,0.27845467528272433,0.008340428765080416,0.042793628300276276,"[[2174, 931], [1059, 1794]]","[[202, 143], [157, 160]]"
disclosure_x_bias,226,init_hard,LSC,log_loss,0.5997081412722841,0.9010821494472161,0.6656598612599403,0.5467661691542288,0.0070692171856748705,0.2785544001101357,0.008862989902797474,0.04096643767172271,"[[2180, 925], [1067, 1786]]","[[204, 141], [159, 158]]"
disclosure_x_bias,227,init_hard,LSC,log_loss,0.5996038315824418,0.9011271767061206,0.6656598612599403,0.5482813206693804,0.00706475354303286,0.2784903717778963,0.008465873736119888,0.04300971079683969,"[[2174, 931], [1061, 1792]]","[[203, 142], [157, 160]]"
disclosure_x_bias,228,init_hard,LSC,log_loss,0.5994968634606738,0.9013892035931491,0.6658276464948395,0.5452510176390774,0.007068491170261865,0.2785022403657747,0.00885298664039374,0.041912257164142735,"[[2179, 926], [1065, 1788]]","[[202, 143], [158, 159]]"
disclosure_x_bias,229,init_hard,LSC,log_loss,0.5994004861494162,0.9014161077043518,0.6658273645028482,0.5452510176390774,0.007067711994354657,0.27835689603676433,0.00879472951631798,0.041912257164142735,"[[2180, 925], [1066, 1787]]","[[202, 143], [158, 159]]"
disclosure_x_bias,230,init_hard,LSC,log_loss,0.5993037456212568,0.9014638968936757,0.6661632169646382,0.5452510176390774,0.007075088945667483,0.2783665905103944,0.009237988279049111,0.041912257164142735,"[[2180, 925], [1064, 1789]]","[[202, 143], [158, 159]]"
disclosure_x_bias,231,init_hard,LSC,log_loss,0.5992001801683504,0.9015044933326035,0.6663318481755118,0.5452510176390774,0.007084047616360196,0.27813920117409874,0.008362368124403599,0.041912257164142735,"[[2180, 925], [1063, 1790]]","[[202, 143], [158, 159]]"
disclosure_x_bias,232,init_hard,LSC,log_loss,0.5991080238282931,0.9014008608603643,0.6659951497377474,0.5452510176390774,0.007085032549069201,0.2782749032455117,0.009727503460634716,0.041912257164142735,"[[2178, 927], [1063, 1790]]","[[202, 143], [158, 159]]"
disclosure_x_bias,233,init_hard,LSC,log_loss,0.5990184104451369,0.9013766511183847,0.6670029891151091,0.5452510176390774,0.007079931506300188,0.27820808940973796,0.009373466411537036,0.040044870994949765,"[[2185, 920], [1064, 1789]]","[[203, 142], [159, 158]]"
disclosure_x_bias,234,init_hard,LSC,log_loss,0.5989248281713246,0.9015623628472442,0.6666665726693362,0.5437358661239258,0.0070748883508944,0.278080121827234,0.009030817683944033,0.041567940294914514,"[[2185, 920], [1066, 1787]]","[[202, 143], [159, 158]]"
disclosure_x_bias,235,init_hard,LSC,log_loss,0.5988356700624847,0.9016238942909446,0.6663304382155546,0.5437358661239258,0.007072324785728421,0.278260585608889,0.009736960872246146,0.041567940294914514,"[[2181, 924], [1064, 1789]]","[[202, 143], [159, 158]]"
disclosure_x_bias,236,init_hard,LSC,log_loss,0.5987469687182663,0.901870219117515,0.6670021431391349,0.5437358661239258,0.007069781690058625,0.2781138269337729,0.009441732916952043,0.041567940294914514,"[[2181, 924], [1060, 1793]]","[[202, 143], [159, 158]]"
disclosure_x_bias,237,init_hard,LSC,log_loss,0.5986433214803843,0.9019285370285959,0.6673377136089335,0.5437358661239258,0.007072852097348272,0.2780964054012982,0.00923179180393285,0.041567940294914514,"[[2182, 923], [1059, 1794]]","[[202, 143], [159, 158]]"
disclosure_x_bias,238,init_hard,LSC,log_loss,0.5985458478628704,0.9019159456945088,0.6668340759122441,0.5437358661239258,0.007074713129846706,0.27809173172720464,0.009808862893170374,0.041567940294914514,"[[2180, 925], [1060, 1793]]","[[202, 143], [159, 158]]"
disclosure_x_bias,239,init_hard,LSC,log_loss,0.5984481245884348,0.9018620900350192,0.6671702103660256,0.5437358661239258,0.007073748477443601,0.2783020373023493,0.009225985656118468,0.041567940294914514,"[[2182, 923], [1060, 1793]]","[[202, 143], [159, 158]]"
disclosure_x_bias,240,init_hard,LSC,log_loss,0.5983328221453191,0.9012934002904227,0.6673374316169421,0.5437358661239258,0.007032156277542022,0.2765346589167081,0.00967381944666241,0.041567940294914514,"[[2179, 926], [1056, 1797]]","[[202, 143], [159, 158]]"
disclosure_x_bias,241,init_hard,LSC,log_loss,0.5982444198255552,0.901294202631504,0.6664982234504541,0.5437358661239258,0.007030505287714887,0.27643262750097275,0.009583804378781733,0.041567940294914514,"[[2178, 927], [1060, 1793]]","[[202, 143], [159, 158]]"
disclosure_x_bias,242,init_hard,LSC,log_loss,0.5981560705433322,0.9013011620811376,0.6670018611471434,0.5452284034373587,0.007025043193082122,0.2763878274927432,0.009385712081601714,0.04389628269406333,"[[2175, 930], [1054, 1799]]","[[202, 143], [158, 159]]"
disclosure_x_bias,243,init_hard,LSC,log_loss,0.598062187309408,0.9012652570292772,0.6680091365405223,0.542243328810493,0.007020221067013349,0.2762755764274293,0.009690500886860135,0.039666825421324284,"[[2187, 918], [1060, 1793]]","[[202, 143], [160, 157]]"
disclosure_x_bias,244,init_hard,LSC,log_loss,0.59797177717494,0.9013633222313656,0.6675054988438329,0.5452284034373587,0.007018797411147609,0.27625096207672123,0.009014983210623604,0.04389628269406333,"[[2180, 925], [1056, 1797]]","[[202, 143], [158, 159]]"
disclosure_x_bias,245,init_hard,LSC,log_loss,0.5978762458069374,0.9013491069008124,0.6681774857594045,0.542243328810493,0.007018462896041697,0.2762744727010208,0.00934951746246054,0.039666825421324284,"[[2189, 916], [1061, 1792]]","[[202, 143], [160, 157]]"
disclosure_x_bias,246,init_hard,LSC,log_loss,0.5977852037016971,0.9012457360473627,0.6680094185325137,0.545273631840796,0.007019424366752118,0.27645059999332167,0.008940051486236956,0.04107199481478666,"[[2184, 921], [1057, 1796]]","[[202, 143], [158, 159]]"
disclosure_x_bias,247,init_hard,LSC,log_loss,0.5976820545910471,0.9014947539622933,0.6680099825164966,0.5437584803256444,0.007020987810854603,0.27639654269298186,0.008916915649482096,0.040090223962921216,"[[2184, 921], [1057, 1796]]","[[202, 143], [159, 158]]"
disclosure_x_bias,248,init_hard,LSC,log_loss,0.5975897789834967,0.9014677541050921,0.6676732840787322,0.5467435549525101,0.00701354666894291,0.2763434426048008,0.009070906232140812,0.044165618940857965,"[[2177, 928], [1052, 1801]]","[[202, 143], [157, 160]]"
disclosure_x_bias,249,init_hard,LSC,log_loss,0.5975048866582768,0.9014734832877004,0.6686808414641024,0.542243328810493,0.007010356674776584,0.276242375641264,0.009159527914413539,0.039666825421324284,"[[2189, 916], [1058, 1795]]","[[202, 143], [160, 157]]"
disclosure_x_bias,250,init_hard,LSC,log_loss,0.5974201480435335,0.9014488154850124,0.6685127742372117,0.5482587064676616,0.007008220804799432,0.27627782069360607,0.009240222633300658,0.04494701147772049,"[[2180, 925], [1050, 1803]]","[[202, 143], [156, 161]]"
disclosure_x_bias,251,init_hard,LSC,log_loss,0.5973165414308598,0.9015327488106051,0.6688489086909932,0.542243328810493,0.007015301916829292,0.2765224724523739,0.008831624799286023,0.039666825421324284,"[[2191, 914], [1059, 1794]]","[[202, 143], [160, 157]]"
disclosure_x_bias,252,init_hard,LSC,log_loss,0.5972245748089476,0.9014811749894955,0.6690166939258925,0.5452510176390774,0.007015974079616314,0.27633320630706965,0.009138539008952878,0.04251649683503552,"[[2190, 915], [1057, 1796]]","[[202, 143], [158, 159]]"
disclosure_x_bias,253,init_hard,LSC,log_loss,0.5971390046263869,0.9013404760185567,0.669016975917884,0.5437358661239258,0.007013559925054237,0.27637983893706675,0.00795482317512427,0.041567940294914514,"[[2192, 913], [1059, 1794]]","[[202, 143], [159, 158]]"
disclosure_x_bias,254,init_hard,LSC,log_loss,0.5970377466815534,0.9014019066635444,0.6688491906829845,0.5437358661239258,0.007001024178251592,0.2763514261124062,0.007763144211553361,0.041567940294914514,"[[2192, 913], [1060, 1793]]","[[202, 143], [159, 158]]"
disclosure_x_bias,255,init_hard,LSC,log_loss,0.5969484476366678,0.9013835565148443,0.6695208956065648,0.5422207146087743,0.007000923136073774,0.27635492807010764,0.008156516974570262,0.038600358673922586,"[[2192, 913], [1056, 1797]]","[[202, 143], [160, 157]]"
disclosure_x_bias,256,init_hard,LSC,log_loss,0.5968564756849198,0.901404399764089,0.6690172579098753,0.5437358661239258,0.006998911138580369,0.2765283576887808,0.007981803389242762,0.041567940294914514,"[[2192, 913], [1059, 1794]]","[[202, 143], [159, 158]]"
disclosure_x_bias,257,init_hard,LSC,log_loss,0.5967683936412105,0.901548296660531,0.6691847611527832,0.5437358661239258,0.006992731271537444,0.27658773409042886,0.008252650970308847,0.041567940294914514,"[[2190, 915], [1056, 1797]]","[[202, 143], [159, 158]]"
disclosure_x_bias,258,init_hard,LSC,log_loss,0.5966834786150326,0.9015705405046279,0.669352828379674,0.5437358661239258,0.006991224319886575,0.27659965166214817,0.008813607094404074,0.041567940294914514,"[[2191, 914], [1056, 1797]]","[[202, 143], [159, 158]]"
disclosure_x_bias,259,init_hard,LSC,log_loss,0.5965848351174348,0.9018352018170914,0.6693525463876826,0.542243328810493,0.006977732169630423,0.27651164444366705,0.008681769080416214,0.039666825421324284,"[[2191, 914], [1056, 1797]]","[[201, 144], [159, 158]]"
disclosure_x_bias,260,init_hard,LSC,log_loss,0.5964992607421308,0.901916850054916,0.6695206136145734,0.542243328810493,0.006975090618519179,0.2764944900307404,0.008433310598640735,0.039666825421324284,"[[2191, 914], [1055, 1798]]","[[201, 144], [159, 158]]"
disclosure_x_bias,261,init_hard,LSC,log_loss,0.5964131139465281,0.9019516460976078,0.6693525463876826,0.542243328810493,0.006975398695949927,0.27652570334080906,0.008161785964347763,0.039666825421324284,"[[2191, 914], [1056, 1797]]","[[201, 144], [159, 158]]"
disclosure_x_bias,262,init_hard,LSC,log_loss,0.596317967307602,0.9017251070447827,0.669856184084372,0.542243328810493,0.006982447765084114,0.2765715127204639,0.008715359408421752,0.039666825421324284,"[[2192, 913], [1054, 1799]]","[[201, 144], [159, 158]]"
disclosure_x_bias,263,init_hard,LSC,log_loss,0.5962270571549105,0.9019475982201648,0.6696878348654899,0.542243328810493,0.006985869738910526,0.27644027637273405,0.0086184326014675,0.039666825421324284,"[[2193, 912], [1056, 1797]]","[[201, 144], [159, 158]]"
disclosure_x_bias,264,init_hard,LSC,log_loss,0.5961403016802395,0.9018771079906023,0.6698559020923807,0.5437358661239258,0.006983785895184342,0.27648221030538706,0.008762376197367475,0.041567940294914514,"[[2192, 913], [1054, 1799]]","[[202, 143], [159, 158]]"
disclosure_x_bias,265,init_hard,LSC,log_loss,0.5960569750996034,0.9020301787830917,0.6696878348654899,0.542243328810493,0.006982815810238008,0.27660140444161874,0.007698249269320013,0.039666825421324284,"[[2194, 911], [1057, 1796]]","[[201, 144], [159, 158]]"
disclosure_x_bias,266,init_hard,LSC,log_loss,0.5959733276006993,0.901963479615348,0.6701914725621793,0.542243328810493,0.006980449889784519,0.2765434065224729,0.008809789170137992,0.039666825421324284,"[[2195, 910], [1055, 1798]]","[[201, 144], [159, 158]]"
disclosure_x_bias,267,init_hard,LSC,log_loss,0.5958899297438325,0.9020456522641954,0.6700234053352885,0.5407281772953414,0.0069780709016626615,0.27660200835291776,0.008491635393155485,0.036476371670439024,"[[2191, 914], [1052, 1801]]","[[201, 144], [160, 157]]"
disclosure_x_bias,268,init_hard,LSC,log_loss,0.595803424098861,0.9021683254982662,0.6706948282668772,0.5407281772953414,0.006974264067890448,0.2764917441596544,0.009217466203552183,0.036476371670439024,"[[2195, 910], [1052, 1801]]","[[201, 144], [160, 157]]"
disclosure_x_bias,269,init_hard,LSC,log_loss,0.5957196278528277,0.9021439124510794,0.6706948282668772,0.542243328810493,0.006972093449265675,0.2764038248790588,0.008871623794887915,0.03700535405700643,"[[2191, 914], [1048, 1805]]","[[201, 144], [159, 158]]"
disclosure_x_bias,270,init_hard,LSC,log_loss,0.5956241371225179,0.9021999712254514,0.6708620495177937,0.5407281772953414,0.006968843511657077,0.2764442778273675,0.009023869979855138,0.036476371670439024,"[[2195, 910], [1051, 1802]]","[[201, 144], [160, 157]]"
disclosure_x_bias,271,init_hard,LSC,log_loss,0.5955397696365066,0.9022290926632767,0.6717026676442389,0.542243328810493,0.0069670561765628565,0.2762189088900905,0.008564356586354165,0.037688346095507544,"[[2200, 905], [1051, 1802]]","[[201, 144], [159, 158]]"
disclosure_x_bias,272,init_hard,LSC,log_loss,0.5954588466898012,0.9021739316559471,0.6710301167446844,0.5407281772953414,0.006963975337166994,0.27654974096503787,0.00910306731714753,0.036476371670439024,"[[2197, 908], [1052, 1801]]","[[201, 144], [160, 157]]"
disclosure_x_bias,273,init_hard,LSC,log_loss,0.5953753875225216,0.9023708677562512,0.6717026676442389,0.542243328810493,0.0069620367469863135,0.27649256308680276,0.008152707025096781,0.03700535405700643,"[[2199, 906], [1050, 1803]]","[[201, 144], [159, 158]]"
disclosure_x_bias,274,init_hard,LSC,log_loss,0.5952889873332137,0.9022778208919077,0.6711981839715752,0.542243328810493,0.006956437181323109,0.27653919579255043,0.00897064418948195,0.037688346095507544,"[[2196, 909], [1050, 1803]]","[[201, 144], [159, 158]]"
disclosure_x_bias,275,init_hard,LSC,log_loss,0.5952096755319316,0.9024677634979075,0.6717023856522475,0.542243328810493,0.006954203352900228,0.2766013561950779,0.007892602538977007,0.037688346095507544,"[[2200, 905], [1051, 1802]]","[[201, 144], [159, 158]]"
disclosure_x_bias,276,init_hard,LSC,log_loss,0.595118451329232,0.9022967171244856,0.6718704528791382,0.5437584803256444,0.00696266990260113,0.2766087593405432,0.007884131204667582,0.03677159290465143,"[[2200, 905], [1050, 1803]]","[[202, 143], [159, 158]]"
disclosure_x_bias,277,init_hard,LSC,log_loss,0.595030839173534,0.9026575442692885,0.6713659692064745,0.545273631840796,0.006965460879846353,0.27629515631607526,0.007670509860323669,0.035039576699678804,"[[2195, 910], [1048, 1805]]","[[202, 143], [158, 159]]"
disclosure_x_bias,278,init_hard,LSC,log_loss,0.5949370949491449,0.9027225635190625,0.6720382381140375,0.545273631840796,0.006974145724847681,0.27645549255942115,0.007601964096416634,0.035039576699678804,"[[2200, 905], [1049, 1804]]","[[202, 143], [158, 159]]"
disclosure_x_bias,279,init_hard,LSC,log_loss,0.5948531636526015,0.9027750073807284,0.6722063053409283,0.545273631840796,0.006972303064837419,0.2764923918536488,0.007204631141229426,0.03850776477471062,"[[2202, 903], [1050, 1803]]","[[201, 144], [157, 160]]"
disclosure_x_bias,280,init_hard,LSC,log_loss,0.5947591276110873,0.9026683264418413,0.672541875810727,0.5483039348710991,0.006971869729850332,0.2765355293634968,0.007482774470201321,0.03491113244052487,"[[2202, 903], [1048, 1805]]","[[202, 143], [156, 161]]"
disclosure_x_bias,281,init_hard,LSC,log_loss,0.5946786495268684,0.902763772606575,0.6722063053409283,0.5467887833559475,0.0069710262491705565,0.2765783031234811,0.007204631141229426,0.0381496883774872,"[[2201, 904], [1049, 1804]]","[[201, 144], [156, 161]]"
disclosure_x_bias,282,init_hard,LSC,log_loss,0.5945926259973933,0.902871635648163,0.672541875810727,0.5467887833559475,0.006970082667966902,0.2765639217425111,0.007482774470201321,0.035374254948733065,"[[2201, 904], [1047, 1806]]","[[201, 144], [156, 161]]"
disclosure_x_bias,283,init_hard,LSC,log_loss,0.5945115674201908,0.9028746799223886,0.6725415938187356,0.5483039348710991,0.006970076787140222,0.27662638424734326,0.007783145051956627,0.03491113244052487,"[[2201, 904], [1047, 1806]]","[[202, 143], [156, 161]]"
disclosure_x_bias,284,init_hard,LSC,log_loss,0.5944220280996482,0.9030084445843958,0.6727093790536348,0.545273631840796,0.006967219027838332,0.2764918437540157,0.007847790657402374,0.03715935337009699,"[[2201, 904], [1046, 1807]]","[[201, 144], [157, 160]]"
disclosure_x_bias,285,init_hard,LSC,log_loss,0.5943407139471383,0.9029188093420055,0.672541875810727,0.5467887833559475,0.006964736143960736,0.276582928544288,0.007524460858922542,0.03881254856138329,"[[2200, 905], [1046, 1807]]","[[200, 145], [155, 162]]"
disclosure_x_bias,286,init_hard,LSC,log_loss,0.5942516889110099,0.9029335872875748,0.6723738085838362,0.545273631840796,0.00696954015081852,0.2764557061277612,0.00775434802534593,0.0404461809759031,"[[2198, 907], [1045, 1808]]","[[200, 145], [156, 161]]"
disclosure_x_bias,287,init_hard,LSC,log_loss,0.5941681647755799,0.9029301422360925,0.6718704528791382,0.545273631840796,0.006969801733324258,0.27659215042348445,0.007764602138081517,0.041071994814786635,"[[2200, 905], [1050, 1803]]","[[200, 145], [156, 161]]"
disclosure_x_bias,288,init_hard,LSC,log_loss,0.5940858679587329,0.9029976661808284,0.6725415938187356,0.545273631840796,0.006958212506172983,0.27649402469066825,0.007742851506663206,0.03981053067977306,"[[2202, 903], [1048, 1805]]","[[201, 144], [157, 160]]"
disclosure_x_bias,289,init_hard,LSC,log_loss,0.5939997733961019,0.9030565560372829,0.6720382381140375,0.545273631840796,0.006959557512258806,0.27652054926194214,0.007683817606784305,0.041071994814786635,"[[2200, 905], [1049, 1804]]","[[200, 145], [156, 161]]"
disclosure_x_bias,290,init_hard,LSC,log_loss,0.5939185958251435,0.9030700591795636,0.6720382381140375,0.5483039348710991,0.00695890730129141,0.2765967890678383,0.007925369052160337,0.040962470519404166,"[[2197, 908], [1046, 1807]]","[[201, 144], [155, 162]]"
disclosure_x_bias,291,init_hard,LSC,log_loss,0.5938409465183029,0.9030141033466188,0.6722060233489369,0.5467887833559475,0.006956186441172307,0.2766010481807834,0.008344049690289438,0.041357886018885875,"[[2197, 908], [1045, 1808]]","[[200, 145], [155, 162]]"
disclosure_x_bias,292,init_hard,LSC,log_loss,0.5937634089285222,0.90320911141258,0.6725421578027184,0.5483039348710991,0.006953661291886439,0.2766110975518629,0.00738531557604103,0.039049691208279655,"[[2200, 905], [1046, 1807]]","[[201, 144], [155, 162]]"
disclosure_x_bias,293,init_hard,LSC,log_loss,0.5936784476467606,0.9030343384973897,0.6722060233489369,0.5467887833559475,0.006957289593589766,0.2766337856451903,0.007921357660137735,0.03946427661012033,"[[2205, 900], [1053, 1800]]","[[200, 145], [155, 162]]"
disclosure_x_bias,294,init_hard,LSC,log_loss,0.5935954258061594,0.9032128851645913,0.6722063053409284,0.5483039348710991,0.006957998765689855,0.27651613405811915,0.0077887787309064175,0.039049691208279655,"[[2203, 902], [1051, 1802]]","[[201, 144], [155, 162]]"
disclosure_x_bias,295,init_hard,LSC,log_loss,0.5935153046524927,0.903142939004827,0.6720382381140376,0.5483039348710991,0.0069532380941437115,0.2765983591262383,0.008042247439077095,0.039049691208279655,"[[2199, 906], [1048, 1805]]","[[201, 144], [155, 162]]"
disclosure_x_bias,296,init_hard,LSC,log_loss,0.5934288721636835,0.9033922825098815,0.6727090970616435,0.5513116236996833,0.006947796849282048,0.2763611812445433,0.008620222021733114,0.04083565906653688,"[[2201, 904], [1046, 1807]]","[[202, 143], [154, 163]]"
disclosure_x_bias,297,init_hard,LSC,log_loss,0.5933406231440019,0.9032860616457044,0.6720379561220462,0.5513342379014021,0.006934217126544202,0.2763827324530136,0.007818708283253576,0.03996896221442021,"[[2195, 910], [1044, 1809]]","[[201, 144], [153, 164]]"
disclosure_x_bias,298,init_hard,LSC,log_loss,0.5932449922608952,0.9033197353172685,0.6723735265918448,0.5483039348710991,0.006942679649149989,0.2763191950336796,0.0084245664682647,0.039049691208279655,"[[2204, 901], [1051, 1802]]","[[201, 144], [155, 162]]"
disclosure_x_bias,299,init_hard,LSC,log_loss,0.5931477751661764,0.9032250495422709,0.672541875810727,0.5483039348710991,0.006944313612274467,0.2763221865191664,0.008201285646446605,0.039049691208279655,"[[2200, 905], [1046, 1807]]","[[201, 144], [155, 162]]"
disclosure_x_bias,300,init_hard,LSC,log_loss,0.5930683098241297,0.9031503347212263,0.6727093790536349,0.5483039348710991,0.006944451398615525,0.2761380624293367,0.007887548139185756,0.039049691208279655,"[[2202, 903], [1047, 1806]]","[[201, 144], [155, 162]]"
disclosure_x_bias,1,init_hard,LSC,exponential,27.0765760990323,30.113200949768732,0.6181583103039874,0.5468566259611036,14.862008298231043,33.90156910793008,0.02399627250590758,0.024994530524254606,"[[2030, 1075], [1200, 1653]]","[[209, 136], [164, 153]]"
disclosure_x_bias,2,init_hard,LSC,exponential,27.091928534652446,30.21332883974108,0.6189986464384412,0.5468566259611036,14.858642343937564,34.15156882910767,0.022542693543351464,0.024994530524254606,"[[2037, 1068], [1202, 1651]]","[[209, 136], [164, 153]]"
disclosure_x_bias,3,init_hard,LSC,exponential,27.039807444762015,30.03869485183457,0.6206779087473916,0.5483717774762551,14.869903726332176,34.055596162364466,0.022940269284554365,0.02634345820143053,"[[2048, 1057], [1203, 1650]]","[[210, 135], [164, 153]]"
disclosure_x_bias,4,init_hard,LSC,exponential,26.92708521637786,30.125893301411075,0.6215165529298968,0.5483717774762551,14.804428410944043,34.29302418585275,0.02314324904939431,0.02634345820143053,"[[2053, 1052], [1203, 1650]]","[[210, 135], [164, 153]]"
disclosure_x_bias,5,init_hard,LSC,exponential,26.9331620350072,30.097949856646107,0.6240364333652925,0.5438715513342378,14.812372239908905,34.26563212556051,0.02136093757999801,0.027877195430870284,"[[2084, 1021], [1219, 1634]]","[[210, 135], [167, 150]]"
disclosure_x_bias,6,init_hard,LSC,exponential,26.82278885900704,29.9945092048553,0.6242045005921832,0.5438715513342378,14.764195899155641,34.501382719555345,0.02158236055978644,0.027877195430870284,"[[2085, 1020], [1219, 1634]]","[[210, 135], [167, 150]]"
disclosure_x_bias,7,init_hard,LSC,exponential,26.54034154015192,29.710333410502066,0.6253792792284699,0.5438715513342378,14.696578837459928,34.49706912303537,0.02158905402542831,0.027877195430870284,"[[2092, 1013], [1219, 1634]]","[[210, 135], [167, 150]]"
disclosure_x_bias,8,init_hard,LSC,exponential,26.529131383026247,29.68900233198343,0.6255470644633693,0.5438715513342378,14.681208180723852,34.47845268588792,0.021425055084503125,0.027877195430870284,"[[2097, 1008], [1223, 1630]]","[[210, 135], [167, 150]]"
disclosure_x_bias,9,init_hard,LSC,exponential,26.540209651192093,29.757106274474843,0.6272249168123626,0.5544776119402985,14.677899460726248,34.679117918744495,0.017445556613574057,0.05151257809546473,"[[2066, 1039], [1182, 1671]]","[[209, 136], [159, 158]]"
disclosure_x_bias,10,init_hard,LSC,exponential,26.503955068197246,29.721715521941668,0.6278960577519599,0.5544776119402985,14.65568725827079,34.64361442110977,0.016446884057227936,0.05151257809546473,"[[2073, 1032], [1185, 1668]]","[[209, 136], [159, 158]]"
disclosure_x_bias,11,init_hard,LSC,exponential,26.29107694015193,29.46735945655464,0.6277279905250691,0.5544776119402985,14.625871682779154,34.64712353885495,0.016197842294226335,0.05151257809546473,"[[2070, 1035], [1183, 1670]]","[[209, 136], [159, 158]]"
disclosure_x_bias,12,init_hard,LSC,exponential,26.247971022970184,29.3989925740174,0.6289024871693644,0.5544776119402985,14.626799017074564,34.87332443442563,0.014935296163352938,0.05151257809546473,"[[2094, 1011], [1200, 1653]]","[[211, 134], [161, 156]]"
disclosure_x_bias,13,init_hard,LSC,exponential,26.213007440491726,29.389895602752432,0.6295739101009532,0.5575079149706015,14.599275601567118,34.884366423272425,0.015216766502907826,0.05278865485291557,"[[2099, 1006], [1201, 1652]]","[[213, 132], [161, 156]]"
disclosure_x_bias,14,init_hard,LSC,exponential,26.197485237155973,29.385964367982133,0.630077265805651,0.559023066485753,14.587258137994157,34.88669669621131,0.01528592171778537,0.05262143276816594,"[[2104, 1001], [1203, 1650]]","[[214, 131], [161, 156]]"
disclosure_x_bias,15,init_hard,LSC,exponential,25.998175872700035,29.249870998590808,0.630077265805651,0.559023066485753,14.546112731694027,34.93189048958187,0.01528592171778537,0.05262143276816594,"[[2105, 1000], [1204, 1649]]","[[214, 131], [161, 156]]"
disclosure_x_bias,16,init_hard,LSC,exponential,25.971945418119816,29.245907799945115,0.6304131182674413,0.559023066485753,14.515611600343398,34.9229856761305,0.015107656744900746,0.05262143276816594,"[[2107, 998], [1204, 1649]]","[[214, 131], [161, 156]]"
disclosure_x_bias,17,init_hard,LSC,exponential,25.88921323046153,29.145022092381303,0.6304131182674413,0.559023066485753,14.488041903226428,35.09625937970572,0.01510765674490076,0.05262143276816594,"[[2111, 994], [1208, 1645]]","[[215, 130], [162, 155]]"
disclosure_x_bias,18,init_hard,LSC,exponential,25.884589729167583,29.01966211146841,0.630581185494332,0.5575305291723203,14.522737143457707,35.02675707350938,0.014884854663322485,0.054427058818320065,"[[2105, 1000], [1201, 1652]]","[[214, 131], [162, 155]]"
disclosure_x_bias,19,init_hard,LSC,exponential,25.898708475108663,29.036203426464795,0.6307492527212227,0.5575305291723203,14.52719220975767,35.05558704092801,0.014677923430438486,0.054427058818320065,"[[2105, 1000], [1200, 1653]]","[[214, 131], [162, 155]]"
disclosure_x_bias,20,init_hard,LSC,exponential,25.791767244975187,29.013724415542463,0.6304134002594326,0.5575305291723203,14.49418079250691,35.03438536264133,0.014376135414239828,0.054427058818320065,"[[2103, 1002], [1200, 1653]]","[[214, 131], [162, 155]]"
disclosure_x_bias,21,init_hard,LSC,exponential,25.677257223983695,28.863980122382976,0.6305814674863234,0.5575305291723203,14.4562867466637,35.06029086616996,0.014621908750319703,0.054427058818320065,"[[2106, 999], [1202, 1651]]","[[214, 131], [162, 155]]"
disclosure_x_bias,22,init_hard,LSC,exponential,25.674136858221953,28.940669203302196,0.6309170379561221,0.5575305291723203,14.435068787695633,35.230549589376956,0.014774007313641048,0.054427058818320065,"[[2106, 999], [1200, 1653]]","[[214, 131], [162, 155]]"
disclosure_x_bias,23,init_hard,LSC,exponential,25.68551372900719,28.924475802250566,0.6312526084259207,0.5575305291723203,14.434977203224326,35.2147553682284,0.015083000672632135,0.054427058818320065,"[[2109, 996], [1201, 1652]]","[[214, 131], [162, 155]]"
disclosure_x_bias,24,init_hard,LSC,exponential,25.602831695412032,28.75898056443129,0.6317559641306187,0.5560153776571687,14.427351222333066,35.210912225734475,0.015316989342932267,0.054542701143771764,"[[2113, 992], [1202, 1651]]","[[214, 131], [163, 154]]"
disclosure_x_bias,25,init_hard,LSC,exponential,25.591323837499328,28.741949474741197,0.6332665952286956,0.5560153776571687,14.427337963625092,35.175712899751275,0.014282472067502718,0.054542701143771764,"[[2098, 1007], [1178, 1675]]","[[212, 133], [161, 156]]"
disclosure_x_bias,26,init_hard,LSC,exponential,25.586054944170435,28.720548538499806,0.6332665952286956,0.5560153776571687,14.439646822374787,35.10756621446046,0.014282472067502718,0.054542701143771764,"[[2099, 1006], [1179, 1674]]","[[212, 133], [161, 156]]"
disclosure_x_bias,27,init_hard,LSC,exponential,25.57362356010909,28.67739709973419,0.6334343804635949,0.5575079149706015,14.456308204985936,35.203903752025305,0.014062271899917746,0.05278865485291557,"[[2098, 1007], [1177, 1676]]","[[212, 133], [160, 157]]"
disclosure_x_bias,28,init_hard,LSC,exponential,25.49841959139506,28.563740085186243,0.6336021656984941,0.5575079149706015,14.44398582546479,35.25571609539386,0.014104984339502368,0.05278865485291557,"[[2100, 1005], [1178, 1675]]","[[212, 133], [160, 157]]"
disclosure_x_bias,29,init_hard,LSC,exponential,25.380048667656695,28.534065106120824,0.6325954542890981,0.5575079149706015,14.392292261133852,35.19314151416029,0.015659521430448808,0.05278865485291557,"[[2123, 982], [1207, 1646]]","[[215, 130], [163, 154]]"
disclosure_x_bias,30,init_hard,LSC,exponential,25.401089949633388,28.590587567125475,0.6327632395239975,0.5575079149706015,14.39655035230153,35.33009534175243,0.01572774935677121,0.05278865485291557,"[[2123, 982], [1206, 1647]]","[[215, 130], [163, 154]]"
disclosure_x_bias,31,init_hard,LSC,exponential,25.315965624208896,28.476746494113286,0.6329310247588968,0.5575079149706015,14.372212794834796,35.349822458291946,0.015951357561288532,0.05278865485291557,"[[2125, 980], [1207, 1646]]","[[215, 130], [163, 154]]"
disclosure_x_bias,32,init_hard,LSC,exponential,25.290425324167465,28.41051866210774,0.6339377361682927,0.5575079149706015,14.36975111690658,35.25417308593747,0.014227448236976366,0.05278865485291557,"[[2102, 1003], [1178, 1675]]","[[212, 133], [160, 157]]"
disclosure_x_bias,33,init_hard,LSC,exponential,25.169285622499206,28.392952741179084,0.6339377361682927,0.5575079149706015,14.346999263353231,35.42873405851371,0.014227448236976366,0.05278865485291557,"[[2102, 1003], [1178, 1675]]","[[212, 133], [160, 157]]"
disclosure_x_bias,34,init_hard,LSC,exponential,25.165505523122004,28.40763196083273,0.6334343804635949,0.5544776119402985,14.345412416123736,35.41955532499437,0.014946470695625665,0.045181448313186066,"[[2115, 990], [1194, 1659]]","[[212, 133], [162, 155]]"
disclosure_x_bias,35,init_hard,LSC,exponential,25.177922034234868,28.414757710258026,0.6337699509333935,0.552962460425147,14.350887967864132,35.42922088346159,0.014623756682390932,0.047410404086498256,"[[2118, 987], [1195, 1658]]","[[212, 133], [163, 154]]"
disclosure_x_bias,36,init_hard,LSC,exponential,25.172346179937247,28.339523571883614,0.6341055214031922,0.552962460425147,14.3734905556717,35.40226068267484,0.014822322015026455,0.047410404086498256,"[[2119, 986], [1194, 1659]]","[[212, 133], [163, 154]]"
disclosure_x_bias,37,init_hard,LSC,exponential,25.06917691508755,28.290841970115974,0.6344410918729908,0.5544776119402985,14.44151476170229,35.30222514787085,0.013996245261102512,0.05101500269049291,"[[2108, 997], [1181, 1672]]","[[212, 133], [162, 155]]"
disclosure_x_bias,38,init_hard,LSC,exponential,25.07678172642535,28.351266188780095,0.6346088771078902,0.5544776119402985,14.448946008022489,35.41531787007528,0.014070316629810084,0.05101500269049291,"[[2109, 996], [1181, 1672]]","[[212, 133], [162, 155]]"
disclosure_x_bias,39,init_hard,LSC,exponential,25.079622355063158,28.328979238763004,0.6346088771078902,0.5575079149706015,14.447955124791363,35.42383837888311,0.014225083204749061,0.058735336162099645,"[[2098, 1007], [1170, 1683]]","[[212, 133], [160, 157]]"
disclosure_x_bias,40,init_hard,LSC,exponential,25.009126054608362,28.241839586797,0.6352800180474875,0.5575079149706015,14.428630547341664,35.392211152662064,0.01373946127779829,0.058735336162099645,"[[2099, 1006], [1167, 1686]]","[[212, 133], [160, 157]]"
disclosure_x_bias,41,init_hard,LSC,exponential,24.763535785430395,28.216291761454414,0.6356155885172861,0.55599276345545,14.31481980757854,35.57982108723965,0.013955102511432702,0.05927377405697906,"[[2101, 1004], [1167, 1686]]","[[212, 133], [161, 156]]"
disclosure_x_bias,42,init_hard,LSC,exponential,24.748351396239286,28.172474795116255,0.6359511589870848,0.55599276345545,14.312144443246599,35.488836582164,0.014224750590556225,0.05927377405697906,"[[2103, 1002], [1167, 1686]]","[[212, 133], [161, 156]]"
disclosure_x_bias,43,init_hard,LSC,exponential,24.739839369938483,28.19172133147717,0.6364545146917828,0.5590230664857531,14.313967214906269,35.46598371741705,0.013686124439628595,0.056816828575236386,"[[2097, 1008], [1158, 1695]]","[[211, 134], [158, 159]]"
disclosure_x_bias,44,init_hard,LSC,exponential,24.70469925350241,28.126625351947713,0.6367900851615814,0.5544776119402985,14.294761427722303,35.49102673874662,0.01384848938361619,0.04949227103215141,"[[2110, 995], [1169, 1684]]","[[211, 134], [161, 156]]"
disclosure_x_bias,45,init_hard,LSC,exponential,24.730465305359964,28.156949128349652,0.6366222999266821,0.55599276345545,14.288338250290888,35.58509179671176,0.013825360887830172,0.04784365611268964,"[[2110, 995], [1170, 1683]]","[[211, 134], [160, 157]]"
disclosure_x_bias,46,init_hard,LSC,exponential,24.720209651974848,28.120186917056383,0.6367900851615814,0.5544776119402985,14.285671189987761,35.505179959259195,0.01384848938361619,0.04949227103215141,"[[2110, 995], [1169, 1684]]","[[211, 134], [161, 156]]"
disclosure_x_bias,47,init_hard,LSC,exponential,24.66892965153705,28.029047369202704,0.6367900851615814,0.55599276345545,14.284365734494736,35.515327770309334,0.013916086035405653,0.04784365611268964,"[[2111, 994], [1170, 1683]]","[[212, 133], [161, 156]]"
disclosure_x_bias,48,init_hard,LSC,exponential,24.593626645134755,28.019662276075554,0.6367900851615814,0.55599276345545,14.27692808955737,35.50610872097311,0.013916086035405653,0.04784365611268964,"[[2111, 994], [1170, 1683]]","[[212, 133], [161, 156]]"
disclosure_x_bias,49,init_hard,LSC,exponential,24.579752607576786,28.042832265679596,0.6377982065309344,0.55599276345545,14.271825995449008,35.51244264951616,0.012768318020116314,0.04784365611268964,"[[2120, 985], [1173, 1680]]","[[212, 133], [161, 156]]"
disclosure_x_bias,50,init_hard,LSC,exponential,24.588127215188475,28.05690628974507,0.637798488522926,0.55599276345545,14.283312812374271,35.512106256437185,0.013217820216182292,0.04784365611268964,"[[2120, 985], [1173, 1680]]","[[212, 133], [161, 156]]"
disclosure_x_bias,51,init_hard,LSC,exponential,24.589562242857504,28.143123479143185,0.6379662737578252,0.55599276345545,14.300308766711922,35.65318377418615,0.013178053036739648,0.04784365611268964,"[[2121, 984], [1173, 1680]]","[[212, 133], [161, 156]]"
disclosure_x_bias,52,init_hard,LSC,exponential,24.57206778519946,28.098293390238744,0.6383018442276239,0.5544776119402985,14.297568905645049,35.55248648175444,0.012776590192879333,0.04949227103215141,"[[2122, 983], [1172, 1681]]","[[211, 134], [161, 156]]"
disclosure_x_bias,53,init_hard,LSC,exponential,24.415622511327758,27.95462517854679,0.6383018442276239,0.5544776119402985,14.232188171570616,35.6559431335569,0.012727531656439096,0.04949227103215141,"[[2122, 983], [1172, 1681]]","[[211, 134], [161, 156]]"
disclosure_x_bias,54,init_hard,LSC,exponential,24.406330397741172,27.919645083841726,0.6383018442276239,0.5544776119402985,14.233438168117754,35.59389568342966,0.012727531656439096,0.04949227103215141,"[[2123, 982], [1173, 1680]]","[[211, 134], [161, 156]]"
disclosure_x_bias,55,init_hard,LSC,exponential,24.335867830594957,27.906809304310237,0.6386374146974225,0.5544776119402985,14.293805066985964,35.57474694289901,0.01267690655832489,0.04949227103215141,"[[2124, 981], [1172, 1681]]","[[211, 134], [161, 156]]"
disclosure_x_bias,56,init_hard,LSC,exponential,24.241462199996565,27.86044979530066,0.6396455360667758,0.5529850746268656,14.283567799434453,35.477660185093946,0.012057531845587794,0.05126107980211769,"[[2131, 974], [1173, 1680]]","[[211, 134], [162, 155]]"
disclosure_x_bias,57,init_hard,LSC,exponential,24.25538083320273,27.929768857044046,0.6393099655969771,0.5529850746268656,14.30222983244216,35.6118039748622,0.01185497249437164,0.05126107980211769,"[[2130, 975], [1174, 1679]]","[[211, 134], [162, 155]]"
disclosure_x_bias,58,init_hard,LSC,exponential,24.24924225800596,27.969386258706198,0.6396455360667758,0.5529850746268656,14.298037042713784,35.70643215163949,0.012057531845587794,0.05126107980211769,"[[2131, 974], [1173, 1680]]","[[211, 134], [162, 155]]"
disclosure_x_bias,59,init_hard,LSC,exponential,24.25441605466485,27.966743445420366,0.6394777508318763,0.5514699231117142,14.30764679578044,35.633115538610895,0.011866082434302065,0.04971870523831893,"[[2132, 973], [1175, 1678]]","[[211, 134], [163, 154]]"
disclosure_x_bias,60,init_hard,LSC,exponential,24.262669929777477,27.942308395349066,0.6394777508318763,0.5514699231117142,14.316232071973245,35.64748879072507,0.011866082434302065,0.04971870523831893,"[[2132, 973], [1175, 1678]]","[[211, 134], [163, 154]]"
disclosure_x_bias,61,init_hard,LSC,exponential,24.201275585284755,27.858222499671804,0.6404844622412724,0.5529850746268656,14.318819767694098,35.66697974049578,0.011611004272604263,0.050256023493889475,"[[2136, 969], [1173, 1680]]","[[212, 133], [163, 154]]"
disclosure_x_bias,62,init_hard,LSC,exponential,24.175014669559474,27.84571395440567,0.6403166770063731,0.5514699231117142,14.302281045008307,35.666127627642794,0.011064144353686666,0.046538784206215766,"[[2135, 970], [1173, 1680]]","[[211, 134], [163, 154]]"
disclosure_x_bias,63,init_hard,LSC,exponential,24.180345366004172,27.798600026756567,0.6401488917714737,0.5514699231117142,14.316122774222475,35.65352887672976,0.011038068312032318,0.046538784206215766,"[[2134, 971], [1173, 1680]]","[[211, 134], [163, 154]]"
disclosure_x_bias,64,init_hard,LSC,exponential,24.199859883628147,27.79630217699928,0.6401488917714737,0.5514699231117142,14.338647790698237,35.633029255596725,0.011038068312032318,0.046538784206215766,"[[2134, 971], [1173, 1680]]","[[211, 134], [163, 154]]"
disclosure_x_bias,65,init_hard,LSC,exponential,24.18795824079083,27.80566524663743,0.6403169589983644,0.5514699231117142,14.354788213995999,35.60767571869337,0.011306664779990634,0.046538784206215766,"[[2135, 970], [1173, 1680]]","[[211, 134], [163, 154]]"
disclosure_x_bias,66,init_hard,LSC,exponential,24.12659136473198,27.739883524601897,0.6404847442332638,0.5514699231117142,14.346809676670448,35.727107700448954,0.011629097715617789,0.046538784206215766,"[[2135, 970], [1172, 1681]]","[[211, 134], [163, 154]]"
disclosure_x_bias,67,init_hard,LSC,exponential,24.049609975958834,27.798023159890988,0.6406525294681631,0.5514699231117142,14.3381683495264,35.83168930277308,0.01132165438084227,0.046538784206215766,"[[2137, 968], [1173, 1680]]","[[211, 134], [163, 154]]"
disclosure_x_bias,68,init_hard,LSC,exponential,24.055732833035535,27.780106589029607,0.6406525294681631,0.5514699231117142,14.310921034349025,35.75988351746545,0.01148622838849237,0.046538784206215766,"[[2136, 969], [1172, 1681]]","[[211, 134], [163, 154]]"
disclosure_x_bias,69,init_hard,LSC,exponential,24.068666876500522,27.81480016038198,0.641155885172861,0.5514699231117142,14.309432335799329,35.766155918786936,0.011981092665510689,0.046538784206215766,"[[2137, 968], [1170, 1683]]","[[211, 134], [163, 154]]"
disclosure_x_bias,70,init_hard,LSC,exponential,23.9785865511701,27.829917305456682,0.6413236704077605,0.5529850746268656,14.258502868746998,35.781853379785126,0.011645372011044873,0.050256023493889475,"[[2139, 966], [1171, 1682]]","[[212, 133], [163, 154]]"
disclosure_x_bias,71,init_hard,LSC,exponential,23.918967593270786,27.808545432364486,0.6413236704077605,0.5529850746268656,14.248475806050125,35.740109403624444,0.011645372011044873,0.050256023493889475,"[[2139, 966], [1171, 1682]]","[[212, 133], [163, 154]]"
disclosure_x_bias,72,init_hard,LSC,exponential,23.910288536498218,27.773633952725977,0.6413236704077605,0.5499547715965626,14.2653898295217,35.74554709773661,0.011752322283611413,0.049640155982920015,"[[2137, 968], [1169, 1684]]","[[210, 135], [163, 154]]"
disclosure_x_bias,73,init_hard,LSC,exponential,23.822352255992698,27.785449242571907,0.6430037786926851,0.5514246947082768,14.332674382362299,35.760121047710335,0.011693228317393448,0.04257242515944614,"[[2162, 943], [1184, 1669]]","[[212, 133], [164, 153]]"
disclosure_x_bias,74,init_hard,LSC,exponential,23.804345760488175,27.77899896228187,0.6433393491624837,0.5514246947082768,14.32889549423714,35.75426083734746,0.011321908494112295,0.04257242515944614,"[[2164, 941], [1184, 1669]]","[[212, 133], [164, 153]]"
disclosure_x_bias,75,init_hard,LSC,exponential,23.818811135574375,27.772554205859997,0.6435071343973832,0.5529398462234283,14.343530905004972,35.71583447135551,0.011014372169268467,0.042605946914209956,"[[2165, 940], [1184, 1669]]","[[213, 132], [164, 153]]"
disclosure_x_bias,76,init_hard,LSC,exponential,23.882598034734432,28.14704024730517,0.6440104901020811,0.5529398462234283,14.277298721380735,35.87061518914916,0.010827027008752904,0.042605946914209956,"[[2165, 940], [1181, 1672]]","[[213, 132], [164, 153]]"
disclosure_x_bias,77,init_hard,LSC,exponential,23.883342635010287,28.133555741157814,0.6443460605718798,0.5514246947082768,14.276121998911917,35.78440019002622,0.01083105636876477,0.04257242515944614,"[[2168, 937], [1182, 1671]]","[[212, 133], [164, 153]]"
disclosure_x_bias,78,init_hard,LSC,exponential,23.781461589945675,28.037305695509694,0.6448496982685692,0.5514246947082768,14.277156240660307,35.917931352473666,0.010732615045545617,0.04257242515944614,"[[2172, 933], [1183, 1670]]","[[213, 132], [165, 152]]"
disclosure_x_bias,79,init_hard,LSC,exponential,23.80520973201955,28.032640308707915,0.6445141277987705,0.5514246947082768,14.282252233136889,35.86539509900465,0.011089837492032762,0.04257242515944614,"[[2166, 939], [1179, 1674]]","[[212, 133], [164, 153]]"
disclosure_x_bias,80,init_hard,LSC,exponential,23.793050523770635,28.026945531828705,0.6431695899836445,0.5469244685662595,14.285501045835979,35.975623049532835,0.011767068255603223,0.046120929966068314,"[[2142, 963], [1163, 1690]]","[[209, 136], [164, 153]]"
disclosure_x_bias,81,init_hard,LSC,exponential,23.748648639922003,27.98779280741967,0.6445141277987705,0.5499095431931252,14.257927349997079,35.898426537306605,0.011313234513797527,0.04307516381552285,"[[2169, 936], [1182, 1671]]","[[212, 133], [165, 152]]"
disclosure_x_bias,82,init_hard,LSC,exponential,23.701595305227123,27.93005084345245,0.6446821950256613,0.5499095431931252,14.261291761177105,35.911429675068,0.011422492542446547,0.04307516381552285,"[[2169, 936], [1181, 1672]]","[[212, 133], [165, 152]]"
disclosure_x_bias,83,init_hard,LSC,exponential,23.711828366140534,27.93116334431579,0.6450177654954599,0.5529398462234283,14.278480552732338,35.943536314705256,0.011126712502602772,0.046608723756062585,"[[2159, 946], [1169, 1684]]","[[212, 133], [163, 154]]"
disclosure_x_bias,84,init_hard,LSC,exponential,23.705776653304717,27.963791221620237,0.6446821950256613,0.5499095431931252,14.268203808207469,35.97929261383629,0.01190521271974325,0.04307516381552285,"[[2156, 949], [1168, 1685]]","[[210, 135], [163, 154]]"
disclosure_x_bias,85,init_hard,LSC,exponential,23.68928621806217,27.923785950772505,0.6446819130336698,0.5483943916779738,14.267846679840808,35.937092495931516,0.011914375656870167,0.04171787343175004,"[[2158, 947], [1170, 1683]]","[[210, 135], [164, 153]]"
disclosure_x_bias,86,init_hard,LSC,exponential,23.709805164849868,27.97391722517268,0.646024476904856,0.5483943916779738,14.294301464001329,35.97821596563116,0.01131118818755145,0.04171787343175004,"[[2162, 943], [1166, 1687]]","[[210, 135], [164, 153]]"
disclosure_x_bias,87,init_hard,LSC,exponential,23.681871167482164,27.991524568462637,0.6463600473746546,0.5483943916779738,14.319411248870708,35.98042946051233,0.011136696198065215,0.04171787343175004,"[[2166, 939], [1168, 1685]]","[[211, 134], [165, 152]]"
disclosure_x_bias,88,init_hard,LSC,exponential,23.6643911490661,27.989549420084224,0.6453533359652586,0.5514246947082768,14.311296262071094,35.96726434095878,0.01156611509543359,0.04257242515944614,"[[2164, 941], [1172, 1681]]","[[212, 133], [164, 153]]"
disclosure_x_bias,89,init_hard,LSC,exponential,23.666562820490515,28.012108612772785,0.6455211212001579,0.5514246947082768,14.313501465919357,36.006347336153674,0.011534142595640048,0.04257242515944614,"[[2164, 941], [1171, 1682]]","[[212, 133], [164, 153]]"
disclosure_x_bias,90,init_hard,LSC,exponential,23.72713007164821,28.437534452098095,0.6471995375331341,0.5499095431931252,14.2459029939511,36.24397207044703,0.00948003713929629,0.04307516381552285,"[[2163, 942], [1160, 1693]]","[[211, 134], [164, 153]]"
disclosure_x_bias,91,init_hard,LSC,exponential,23.707397553613582,28.353945509076517,0.6463600473746546,0.5514246947082768,14.244259032524171,36.15876112915248,0.009727431432123098,0.04257242515944614,"[[2163, 942], [1165, 1688]]","[[212, 133], [164, 153]]"
disclosure_x_bias,92,init_hard,LSC,exponential,23.71259376603368,28.38424664243154,0.6471995375331341,0.5483943916779738,14.245082238072262,36.15452124973191,0.009578512227852434,0.04171787343175004,"[[2165, 940], [1162, 1691]]","[[211, 134], [165, 152]]"
disclosure_x_bias,93,init_hard,LSC,exponential,23.710750549166967,28.38138255861163,0.6473670407760419,0.5483943916779738,14.234902862221167,36.13751619326024,0.00934926198176744,0.04171787343175004,"[[2166, 939], [1162, 1691]]","[[211, 134], [165, 152]]"
disclosure_x_bias,94,init_hard,LSC,exponential,23.682640221784247,28.377720029812377,0.6473670407760419,0.5468792401628223,14.234560321632433,36.17197757857353,0.00934926198176744,0.041499651497435196,"[[2166, 939], [1162, 1691]]","[[210, 135], [165, 152]]"
disclosure_x_bias,95,init_hard,LSC,exponential,23.68252919279814,28.348569000484048,0.6470314703062433,0.5483943916779738,14.234911536162095,36.08695746478175,0.009530236510094223,0.04292331963779388,"[[2163, 942], [1161, 1692]]","[[210, 135], [164, 153]]"
disclosure_x_bias,96,init_hard,LSC,exponential,23.61415737272033,28.38784924443197,0.6480384637076307,0.5499095431931252,14.290302035663064,36.18783924094623,0.011052105724095951,0.042478871632892656,"[[2163, 942], [1155, 1698]]","[[210, 135], [163, 154]]"
disclosure_x_bias,97,init_hard,LSC,exponential,23.608294667260356,28.38567375767257,0.64820624894253,0.5499095431931252,14.30354492107784,36.16959905232479,0.011001586212912376,0.04126044267992124,"[[2165, 940], [1156, 1697]]","[[211, 134], [164, 153]]"
disclosure_x_bias,98,init_hard,LSC,exponential,23.56426172037458,28.30437224858257,0.649212960351926,0.5483943916779738,14.310893904320432,36.28006875968338,0.009612053809788277,0.0371923990346823,"[[2163, 942], [1148, 1705]]","[[210, 135], [164, 153]]"
disclosure_x_bias,99,init_hard,LSC,exponential,23.589671305519722,28.30592431364649,0.648709604647228,0.5483943916779738,14.267504349035544,36.22655502807306,0.00992719457634631,0.0371923990346823,"[[2161, 944], [1149, 1704]]","[[210, 135], [164, 153]]"
disclosure_x_bias,100,init_hard,LSC,exponential,23.460910209886883,28.296620745782086,0.6482059669505386,0.5468792401628223,14.222351336089615,36.18861400310668,0.010030276167704605,0.03830332964321515,"[[2160, 945], [1151, 1702]]","[[209, 136], [164, 153]]"
disclosure_x_bias,101,init_hard,LSC,exponential,23.45884389364506,28.289244265808257,0.6485415374203373,0.5483943916779738,14.224014299847298,36.190997866925834,0.00987750424617212,0.0371923990346823,"[[2163, 942], [1152, 1701]]","[[210, 135], [164, 153]]"
disclosure_x_bias,102,init_hard,LSC,exponential,23.44806112299586,28.215806694567334,0.6485415374203373,0.5483943916779738,14.250308721224787,36.12837408642488,0.00987750424617212,0.0371923990346823,"[[2163, 942], [1152, 1701]]","[[210, 135], [164, 153]]"
disclosure_x_bias,103,init_hard,LSC,exponential,23.420890159005204,28.235094461734075,0.6493804635948339,0.5468792401628223,14.227911869363044,36.1638521724297,0.010509521007499304,0.03694745805459556,"[[2165, 940], [1149, 1704]]","[[208, 137], [163, 154]]"
disclosure_x_bias,104,init_hard,LSC,exponential,23.43375519250781,28.291307095180382,0.6495482488297333,0.5514246947082768,14.251247313796716,36.25558401831601,0.010901608889772433,0.04546963158646014,"[[2171, 934], [1154, 1699]]","[[211, 134], [163, 154]]"
disclosure_x_bias,105,init_hard,LSC,exponential,23.434899256047867,28.282848656104267,0.6483729062094636,0.5544097693351425,14.247264572552156,36.197659986566364,0.010902269424342257,0.044316809538224804,"[[2176, 929], [1166, 1687]]","[[213, 132], [163, 154]]"
disclosure_x_bias,106,init_hard,LSC,exponential,23.4734288093305,28.347867134208208,0.6490440471490609,0.5544097693351425,14.316784163484607,36.29719522889259,0.010973164056523137,0.044316809538224804,"[[2177, 928], [1163, 1690]]","[[213, 132], [163, 154]]"
disclosure_x_bias,107,init_hard,LSC,exponential,23.481164324333964,28.309976276999958,0.6487084766792623,0.5544097693351425,14.322641133643936,36.21661587192332,0.011127731435086639,0.044316809538224804,"[[2176, 929], [1164, 1689]]","[[213, 132], [163, 154]]"
disclosure_x_bias,108,init_hard,LSC,exponential,23.473169552583023,28.338918385938506,0.6488762619141617,0.5528946178199909,14.332734893988162,36.243039073068225,0.010779910588258442,0.04011193210880474,"[[2174, 931], [1161, 1692]]","[[212, 133], [163, 154]]"
disclosure_x_bias,109,init_hard,LSC,exponential,23.475473130067964,28.368343461729694,0.6493796176188597,0.5528946178199909,14.340036140694677,36.29615496253172,0.010541045296509217,0.04011193210880474,"[[2173, 932], [1157, 1696]]","[[212, 133], [163, 154]]"
disclosure_x_bias,110,init_hard,LSC,exponential,23.39785916852342,28.35754060022133,0.6492118323839603,0.5513794663048394,14.383808464847037,36.249173471229305,0.010818708677130277,0.041327834323559444,"[[2172, 933], [1157, 1696]]","[[211, 134], [163, 154]]"
disclosure_x_bias,111,init_hard,LSC,exponential,23.345303790277185,28.361177841790493,0.6498829733235576,0.5528946178199909,14.403440333188605,36.323760283016576,0.010510116148680297,0.04011193210880474,"[[2175, 930], [1156, 1697]]","[[212, 133], [163, 154]]"
disclosure_x_bias,112,init_hard,LSC,exponential,23.362421043849107,28.330997313206694,0.649547402853759,0.5528946178199909,14.41047292354406,36.24497009596122,0.010700664296404903,0.04011193210880474,"[[2173, 932], [1156, 1697]]","[[212, 133], [163, 154]]"
disclosure_x_bias,113,init_hard,LSC,exponential,23.335194572708858,28.312788648497282,0.6503863290282557,0.5544097693351425,14.414490516528836,36.354180807173876,0.010834259368582807,0.04008582280476247,"[[2170, 935], [1148, 1705]]","[[212, 133], [162, 155]]"
disclosure_x_bias,114,init_hard,LSC,exponential,23.444615421273365,28.7485262896128,0.6505541142631549,0.555924920850294,14.332810093608781,36.558048352179426,0.010712890414339152,0.03999597182361288,"[[2170, 935], [1147, 1706]]","[[212, 133], [161, 156]]"
disclosure_x_bias,115,init_hard,LSC,exponential,23.417489964304124,28.695851042743165,0.6502185437933563,0.555924920850294,14.340562698276512,36.562244261832845,0.011344255621022486,0.03999597182361288,"[[2171, 934], [1150, 1703]]","[[212, 133], [161, 156]]"
disclosure_x_bias,116,init_hard,LSC,exponential,23.43195730562027,28.73499507062063,0.6512252552027522,0.555924920850294,14.338757768628493,36.55592215202958,0.010779227817935362,0.03999597182361288,"[[2176, 929], [1149, 1704]]","[[212, 133], [161, 156]]"
disclosure_x_bias,117,init_hard,LSC,exponential,23.43536182256258,28.737531823295832,0.6515608256725509,0.555924920850294,14.335883759678419,36.564378040093594,0.01099583746984258,0.03999597182361288,"[[2169, 936], [1140, 1713]]","[[211, 134], [160, 157]]"
disclosure_x_bias,118,init_hard,LSC,exponential,23.4391877353028,28.76702348694571,0.6515608256725509,0.555924920850294,14.348062647977924,36.601827159956486,0.01099583746984258,0.03999597182361288,"[[2170, 935], [1141, 1712]]","[[211, 134], [160, 157]]"
disclosure_x_bias,119,init_hard,LSC,exponential,23.423765522149765,28.76261740875655,0.6515608256725509,0.555924920850294,14.336005929457313,36.58135881494622,0.01099583746984258,0.03999597182361288,"[[2170, 935], [1141, 1712]]","[[211, 134], [160, 157]]"
disclosure_x_bias,120,init_hard,LSC,exponential,23.36042165963673,28.770359129541767,0.6515608256725509,0.555924920850294,14.30836001448318,36.58102558092621,0.01099583746984258,0.03999597182361288,"[[2169, 936], [1140, 1713]]","[[211, 134], [160, 157]]"
disclosure_x_bias,121,init_hard,LSC,exponential,23.318769977405637,28.796719928995895,0.6517286109074503,0.5544097693351425,14.350864356739159,36.63145319880597,0.011168569304811724,0.04133888720074022,"[[2169, 936], [1139, 1714]]","[[210, 135], [160, 157]]"
disclosure_x_bias,122,init_hard,LSC,exponential,23.305706946349282,28.799104046399787,0.6520641813772489,0.5544097693351425,14.344786158350601,36.66223160720562,0.011306063694768729,0.04133888720074022,"[[2169, 936], [1137, 1716]]","[[210, 135], [160, 157]]"
disclosure_x_bias,123,init_hard,LSC,exponential,23.30286857583793,28.745681623618715,0.6520641813772489,0.5544097693351425,14.365658318794605,36.60378825425356,0.011660181948085315,0.04133888720074022,"[[2168, 937], [1136, 1717]]","[[210, 135], [160, 157]]"
disclosure_x_bias,124,init_hard,LSC,exponential,23.291628944615802,28.778510801149167,0.6520641813772489,0.5544097693351425,14.346875743083105,36.642379751132836,0.011660181948085315,0.04133888720074022,"[[2168, 937], [1136, 1717]]","[[210, 135], [160, 157]]"
disclosure_x_bias,125,init_hard,LSC,exponential,23.28372193532914,28.770767283597035,0.6530708927866449,0.5544097693351425,14.338488454459759,36.59267705300673,0.010425706695619088,0.04133888720074022,"[[2170, 935], [1132, 1721]]","[[210, 135], [160, 157]]"
disclosure_x_bias,126,init_hard,LSC,exponential,23.319777682692866,28.79903118603575,0.6529031075517455,0.555924920850294,14.327588950183847,36.663035301745055,0.010234341305661854,0.039353050194170236,"[[2165, 940], [1128, 1725]]","[[210, 135], [159, 158]]"
disclosure_x_bias,127,init_hard,LSC,exponential,23.316378738520847,28.76731104522625,0.6527350403248547,0.5574400723654456,14.318130086112271,36.63325778897685,0.010384346348239563,0.03984194791978198,"[[2165, 940], [1129, 1724]]","[[211, 134], [159, 158]]"
disclosure_x_bias,128,init_hard,LSC,exponential,23.32826919059574,28.75712814476853,0.6525675370819469,0.5574400723654456,14.336014378328723,36.627983384528115,0.010357701628113997,0.03984194791978198,"[[2165, 940], [1130, 1723]]","[[211, 134], [159, 158]]"
disclosure_x_bias,129,init_hard,LSC,exponential,23.311895561110763,28.749421397538896,0.6525672550899555,0.5574400723654456,14.329576603592958,36.61240706088096,0.010724577396170247,0.03984194791978198,"[[2165, 940], [1130, 1723]]","[[211, 134], [159, 158]]"
disclosure_x_bias,130,init_hard,LSC,exponential,23.304049522005492,28.779345786858563,0.6532386780215442,0.5574400723654456,14.330290342395553,36.67159829686764,0.010610674742956818,0.03984194791978198,"[[2164, 941], [1125, 1728]]","[[211, 134], [159, 158]]"
disclosure_x_bias,131,init_hard,LSC,exponential,23.269175293001158,28.68055529669808,0.6534064632564436,0.5574400723654456,14.341636082801863,36.633459558228544,0.010435887494951444,0.03984194791978198,"[[2165, 940], [1125, 1728]]","[[211, 134], [159, 158]]"
disclosure_x_bias,132,init_hard,LSC,exponential,23.26596450413573,28.7171611778599,0.6537420337262422,0.5574400723654456,14.339469041954027,36.72391171267366,0.010523625272212456,0.03984194791978198,"[[2168, 937], [1126, 1727]]","[[211, 134], [159, 158]]"
disclosure_x_bias,133,init_hard,LSC,exponential,23.194977076681678,28.704430040452717,0.6542456714229317,0.5589326096788783,14.376714789359474,36.65375862804198,0.01051760221591863,0.039904964505714395,"[[2166, 939], [1121, 1732]]","[[211, 134], [158, 159]]"
disclosure_x_bias,134,init_hard,LSC,exponential,23.179788273596706,28.689176812069423,0.653910100953133,0.5559023066485753,14.371600021421637,36.63760937013522,0.01103034600423008,0.03256964993026546,"[[2163, 942], [1120, 1733]]","[[209, 136], [158, 159]]"
disclosure_x_bias,135,init_hard,LSC,exponential,23.193869582296294,28.728097612468833,0.6537423157182336,0.5559023066485753,14.377307108407171,36.720205416913736,0.011007079809093089,0.03256964993026546,"[[2161, 944], [1119, 1734]]","[[209, 136], [158, 159]]"
disclosure_x_bias,136,init_hard,LSC,exponential,23.17672422076799,28.65049986035178,0.6544134566578309,0.5543871551334238,14.382977567775834,36.617049408138264,0.010503304562962916,0.03494205188447516,"[[2162, 943], [1116, 1737]]","[[208, 137], [158, 159]]"
disclosure_x_bias,137,init_hard,LSC,exponential,23.2217681785247,28.729290806815307,0.6544134566578309,0.5498643147896879,14.433200569138553,36.653841512098985,0.011195255487741671,0.034492444558664015,"[[2164, 941], [1118, 1735]]","[[207, 138], [160, 157]]"
disclosure_x_bias,138,init_hard,LSC,exponential,23.251789929834292,28.83735274240309,0.6545812418927303,0.5498643147896879,14.426718713011876,36.94715635018306,0.011234848951028957,0.034492444558664015,"[[2164, 941], [1117, 1736]]","[[207, 138], [160, 157]]"
disclosure_x_bias,139,init_hard,LSC,exponential,23.239498278444906,28.82074715311159,0.6544137386498223,0.5513568521031208,14.433884373976774,36.92338140202489,0.011185230877559568,0.034926794880016536,"[[2164, 941], [1118, 1735]]","[[207, 138], [159, 158]]"
disclosure_x_bias,140,init_hard,LSC,exponential,23.239449824528762,28.784430230297147,0.6557560205290169,0.5498417005879692,14.44514648097191,36.88200345577812,0.009343197321402102,0.031743265670634443,"[[2160, 945], [1106, 1747]]","[[206, 139], [159, 158]]"
disclosure_x_bias,141,init_hard,LSC,exponential,23.207188519301166,28.823368092306197,0.6555882352941176,0.5498417005879692,14.42750399169046,36.94274567471712,0.009081084291285131,0.031743265670634443,"[[2158, 947], [1105, 1748]]","[[206, 139], [159, 158]]"
disclosure_x_bias,142,init_hard,LSC,exponential,23.20929808937759,28.828838095560997,0.6557560205290169,0.5483265490728177,14.427082998962428,36.98097614838077,0.009140117696905899,0.034618043420621046,"[[2158, 947], [1104, 1749]]","[[205, 140], [159, 158]]"
disclosure_x_bias,143,init_hard,LSC,exponential,23.182577577234902,28.863409064005026,0.6559238057639163,0.5483265490728177,14.452143620542996,37.013322542036946,0.009023683513333127,0.034618043420621046,"[[2158, 947], [1103, 1750]]","[[205, 140], [159, 158]]"
disclosure_x_bias,144,init_hard,LSC,exponential,23.180244950257215,28.877276327526907,0.6554204500592183,0.5498417005879692,14.458244420714742,37.05691482556519,0.007869838101297042,0.0348094200692556,"[[2159, 946], [1107, 1746]]","[[207, 138], [160, 157]]"
disclosure_x_bias,145,init_hard,LSC,exponential,23.175441190759962,28.846936848072907,0.6557560205290169,0.5483265490728177,14.45235725429246,36.994328027842684,0.009071414257003781,0.034618043420621046,"[[2157, 948], [1103, 1750]]","[[205, 140], [159, 158]]"
disclosure_x_bias,146,init_hard,LSC,exponential,23.178515542527677,28.87018964115926,0.6557560205290169,0.5483265490728177,14.446816349293416,37.00251072144994,0.009071414257003781,0.034618043420621046,"[[2157, 948], [1103, 1750]]","[[205, 140], [159, 158]]"
disclosure_x_bias,147,init_hard,LSC,exponential,23.192215650833642,28.866557612276473,0.6559238057639163,0.5483265490728177,14.462336545795397,36.97610310527048,0.009127083679110295,0.034618043420621046,"[[2157, 948], [1102, 1751]]","[[205, 140], [159, 158]]"
disclosure_x_bias,148,init_hard,LSC,exponential,23.179242617090487,28.881324222013557,0.6559238057639163,0.5483265490728177,14.452674597537904,37.01472476420104,0.009127083679110295,0.034618043420621046,"[[2157, 948], [1102, 1751]]","[[205, 140], [159, 158]]"
disclosure_x_bias,149,init_hard,LSC,exponential,23.22145367059011,28.868278468897905,0.6559238057639163,0.5498417005879692,14.479380073762,36.9979440482382,0.009127083679110295,0.036245360125381584,"[[2157, 948], [1102, 1751]]","[[206, 139], [159, 158]]"
disclosure_x_bias,150,init_hard,LSC,exponential,23.220057991975445,28.871791987888884,0.6560913090068242,0.5483265490728177,14.487890175750422,37.01575303712776,0.008259180957906155,0.033873200730690466,"[[2166, 939], [1110, 1743]]","[[207, 138], [161, 156]]"
disclosure_x_bias,151,init_hard,LSC,exponential,23.12673250859732,28.762743522697292,0.6557560205290169,0.5468340117593848,14.524225242657755,36.833132747441205,0.007930765146553989,0.030052119598167778,"[[2166, 939], [1112, 1741]]","[[207, 138], [162, 155]]"
disclosure_x_bias,152,init_hard,LSC,exponential,23.103038181184793,28.816515518124113,0.656259376233715,0.5453188602442334,14.469209608843151,36.94232631366481,0.008261419124357565,0.032920768653926714,"[[2167, 938], [1110, 1743]]","[[206, 139], [162, 155]]"
disclosure_x_bias,153,init_hard,LSC,exponential,23.173235724028793,28.810266053969617,0.6562599402176978,0.5498417005879692,14.519731386457236,36.8980077579052,0.007926070995191086,0.0348094200692556,"[[2161, 944], [1104, 1749]]","[[207, 138], [160, 157]]"
disclosure_x_bias,154,init_hard,LSC,exponential,23.243606148028444,29.31616487338696,0.6564277254525972,0.5483265490728177,14.444164794787515,37.25508584338224,0.008171646039409569,0.033873200730690466,"[[2166, 939], [1108, 1745]]","[[207, 138], [161, 156]]"
disclosure_x_bias,155,init_hard,LSC,exponential,23.238036448739827,29.28273348068779,0.655589081270092,0.5498417005879692,14.461310982897523,37.22138949658927,0.009484358033686873,0.0348094200692556,"[[2165, 940], [1112, 1741]]","[[207, 138], [160, 157]]"
disclosure_x_bias,156,init_hard,LSC,exponential,23.22561419309766,29.29452635899089,0.6562599402176978,0.5483265490728177,14.45847102540952,37.25629161675841,0.010080160864071609,0.033873200730690466,"[[2171, 934], [1114, 1739]]","[[207, 138], [161, 156]]"
disclosure_x_bias,157,init_hard,LSC,exponential,23.22326323308225,29.274182816687954,0.6567632959223958,0.5483265490728177,14.458764909995399,37.21939682747214,0.007671673791676516,0.032332078848736914,"[[2161, 944], [1101, 1752]]","[[206, 139], [160, 157]]"
disclosure_x_bias,158,init_hard,LSC,exponential,23.21448072339867,29.29700763285511,0.6574344368619931,0.5498417005879692,14.459361921355203,37.263608940496404,0.00824080800918212,0.03406876168908316,"[[2161, 944], [1097, 1756]]","[[207, 138], [160, 157]]"
disclosure_x_bias,159,init_hard,LSC,exponential,23.20711735608484,29.253581518131664,0.6576025040888839,0.5513568521031208,14.455182601428776,37.18453168665136,0.008976965434722622,0.03635809958800731,"[[2162, 943], [1097, 1756]]","[[208, 137], [160, 157]]"
disclosure_x_bias,160,init_hard,LSC,exponential,23.18248855632966,29.296881264233207,0.6574347188539845,0.5498643147896879,14.482734341925374,37.2907593108843,0.00834047749539613,0.0359410508568297,"[[2160, 945], [1096, 1757]]","[[208, 137], [161, 156]]"
disclosure_x_bias,161,init_hard,LSC,exponential,23.047849995425985,29.227834799501828,0.6574347188539845,0.5498417005879692,14.464291386345094,37.27984583740845,0.00845223977345,0.0348094200692556,"[[2163, 942], [1099, 1754]]","[[208, 137], [161, 156]]"
disclosure_x_bias,162,init_hard,LSC,exponential,23.06238613454636,29.205661544001327,0.6576027860808753,0.5483491632745364,14.446748564486851,37.22903613496787,0.008084680116339449,0.0335485152564103,"[[2161, 944], [1096, 1757]]","[[207, 138], [161, 156]]"
disclosure_x_bias,163,init_hard,LSC,exponential,23.118172809917326,29.24227200379956,0.6574347188539845,0.5498417005879692,14.486341847047383,37.302337912576995,0.009231372232762294,0.03762654030972432,"[[2159, 946], [1095, 1758]]","[[206, 139], [159, 158]]"
disclosure_x_bias,164,init_hard,LSC,exponential,23.100834846688677,29.176749890808377,0.6567635779143872,0.5498417005879692,14.483832725850466,37.15382653777788,0.009147102565181375,0.03762654030972432,"[[2160, 945], [1100, 1753]]","[[206, 139], [159, 158]]"
disclosure_x_bias,165,init_hard,LSC,exponential,23.126070992055524,29.276222075435953,0.6570991483841859,0.5468113975576662,14.495108809419628,37.41752053714077,0.00785714146780082,0.032046450772932944,"[[2164, 941], [1102, 1751]]","[[206, 139], [161, 156]]"
disclosure_x_bias,166,init_hard,LSC,exponential,23.104414938541904,29.274101629337707,0.6574347188539845,0.5468113975576662,14.494239033565586,37.405608110136555,0.007996744346967517,0.032046450772932944,"[[2165, 940], [1101, 1752]]","[[206, 139], [161, 156]]"
disclosure_x_bias,167,init_hard,LSC,exponential,23.102060983721852,29.2818386661368,0.6577705713157747,0.5498643147896879,14.4995278262724,37.42870289795011,0.007419664285699753,0.038675831559445935,"[[2159, 946], [1093, 1760]]","[[206, 139], [159, 158]]"
disclosure_x_bias,168,init_hard,LSC,exponential,23.107657433652797,29.28906719687733,0.6576025040888839,0.5483491632745364,14.504034752609096,37.430239435105946,0.007620966650341623,0.03715614200319196,"[[2163, 942], [1098, 1755]]","[[206, 139], [160, 157]]"
disclosure_x_bias,169,init_hard,LSC,exponential,23.11403589197107,29.295709549950935,0.6576025040888839,0.5468340117593848,14.516719541963887,37.4599734073609,0.007620966650341623,0.03327447523949848,"[[2161, 944], [1096, 1757]]","[[206, 139], [161, 156]]"
disclosure_x_bias,170,init_hard,LSC,exponential,23.11167719580753,29.30908921605294,0.6576025040888839,0.5498643147896879,14.510695620803574,37.45044843414041,0.007620966650341623,0.038675831559445935,"[[2159, 946], [1094, 1759]]","[[206, 139], [159, 158]]"
disclosure_x_bias,171,init_hard,LSC,exponential,23.096793139599693,29.275334680534154,0.6581067057695561,0.5452962460425147,14.508483042285576,37.41733606160644,0.00826056763342527,0.03086211218986316,"[[2167, 938], [1099, 1754]]","[[205, 140], [161, 156]]"
disclosure_x_bias,172,init_hard,LSC,exponential,23.051242262920457,29.267477155901577,0.6579386385426653,0.5498417005879692,14.50529469081354,37.42487739911587,0.00810924506977823,0.03762654030972432,"[[2166, 939], [1099, 1754]]","[[206, 139], [159, 158]]"
disclosure_x_bias,173,init_hard,LSC,exponential,23.035511703667925,29.270407325925568,0.6577708533077661,0.5483265490728177,14.493004767918219,37.41687394836789,0.00847077167918179,0.036762134566195495,"[[2165, 940], [1099, 1754]]","[[205, 140], [159, 158]]"
disclosure_x_bias,174,init_hard,LSC,exponential,23.059558851940498,29.283350792993808,0.6576030680728667,0.5483265490728177,14.481357719289251,37.431661695454395,0.009127754781183788,0.036762134566195495,"[[2167, 938], [1102, 1751]]","[[205, 140], [159, 158]]"
disclosure_x_bias,175,init_hard,LSC,exponential,23.02540382799378,29.239410463920525,0.6584419942473634,0.5483265490728177,14.532878852882854,37.44340352147377,0.00894053760051452,0.036762134566195495,"[[2165, 940], [1095, 1758]]","[[205, 140], [159, 158]]"
disclosure_x_bias,176,init_hard,LSC,exponential,23.005752936923354,29.239505706539763,0.6584419942473634,0.5483265490728177,14.511254101155057,37.40425124002505,0.00894053760051452,0.036762134566195495,"[[2167, 938], [1097, 1756]]","[[205, 140], [159, 158]]"
disclosure_x_bias,177,init_hard,LSC,exponential,23.01116726710628,29.24989047483063,0.6584419942473634,0.5498417005879692,14.518165703160927,37.445307692831165,0.00894053760051452,0.03762654030972432,"[[2166, 939], [1096, 1757]]","[[206, 139], [159, 158]]"
disclosure_x_bias,178,init_hard,LSC,exponential,23.016407387709734,29.26750109677905,0.6582739270204726,0.5513342379014021,14.523435801892335,37.43230108480529,0.009156385426992137,0.0386715339162677,"[[2167, 938], [1098, 1755]]","[[207, 138], [159, 158]]"
disclosure_x_bias,179,init_hard,LSC,exponential,23.008357062347354,29.27318543874093,0.6584419942473634,0.5498417005879692,14.526615148577868,37.495954456026304,0.00894053760051452,0.03762654030972432,"[[2166, 939], [1096, 1757]]","[[206, 139], [159, 158]]"
disclosure_x_bias,180,init_hard,LSC,exponential,23.00704887177326,29.268913090126755,0.6582739270204726,0.5513342379014021,14.53869307233179,37.4513497034895,0.009156385426992137,0.0386715339162677,"[[2166, 939], [1097, 1756]]","[[207, 138], [159, 158]]"
disclosure_x_bias,181,init_hard,LSC,exponential,23.005676251377896,29.28499664251968,0.6587781287011449,0.5513342379014021,14.54205651371982,37.50017772502238,0.009722644350628471,0.0386715339162677,"[[2164, 941], [1092, 1761]]","[[207, 138], [159, 158]]"
disclosure_x_bias,182,init_hard,LSC,exponential,22.98152168270645,29.231197155298986,0.6589461959280356,0.5513116236996833,14.548333986222005,37.49210996802677,0.009509748737428481,0.03956666079337157,"[[2166, 939], [1093, 1760]]","[[206, 139], [158, 159]]"
disclosure_x_bias,183,init_hard,LSC,exponential,23.01868858613829,29.247756645215624,0.6589461959280356,0.5498190863862505,14.555721591755713,37.49536261707937,0.009343839351209988,0.03789737346809807,"[[2166, 939], [1093, 1760]]","[[206, 139], [159, 158]]"
disclosure_x_bias,184,init_hard,LSC,exponential,23.031238813904213,29.257533090722298,0.6584428402233377,0.5513116236996833,14.558772095028125,37.44706673255298,0.0093185571402634,0.041455593759211665,"[[2166, 939], [1096, 1757]]","[[206, 139], [158, 159]]"
disclosure_x_bias,185,init_hard,LSC,exponential,23.017954983203058,29.210569954866276,0.6591142631549264,0.5513116236996833,14.553528407685677,37.44835802670597,0.00915301991457081,0.04083565906653688,"[[2165, 940], [1091, 1762]]","[[205, 140], [157, 160]]"
disclosure_x_bias,186,init_hard,LSC,exponential,23.0009989329524,29.242406719417914,0.6594495516327337,0.5528041610131162,14.532718320573855,37.51792751171648,0.009065654295897452,0.0435020612974351,"[[2166, 939], [1090, 1763]]","[[206, 139], [157, 160]]"
disclosure_x_bias,187,init_hard,LSC,exponential,23.02310939582693,29.267178115182087,0.6594495516327337,0.5513116236996833,14.5836377003615,37.50122421783905,0.009168581141561973,0.03956666079337157,"[[2168, 937], [1092, 1761]]","[[206, 139], [158, 159]]"
disclosure_x_bias,188,init_hard,LSC,exponential,23.017474274168798,29.265167127845825,0.6592817663978343,0.5528267752148349,14.556356506855156,37.53476889719826,0.009778810258987749,0.04024638974907638,"[[2168, 937], [1093, 1760]]","[[207, 138], [158, 159]]"
disclosure_x_bias,189,init_hard,LSC,exponential,23.00769017909176,29.214049042988346,0.6594495516327337,0.5497964721845319,14.555227321345125,37.38981823903325,0.009404364001267127,0.04073344439375246,"[[2168, 937], [1092, 1761]]","[[205, 140], [158, 159]]"
disclosure_x_bias,190,init_hard,LSC,exponential,23.01988889022787,29.24211355787857,0.6594495516327337,0.5528267752148349,14.567021191720556,37.44007061188475,0.009236561862539879,0.04024638974907638,"[[2168, 937], [1092, 1761]]","[[207, 138], [158, 159]]"
disclosure_x_bias,191,init_hard,LSC,exponential,22.980524642060413,29.204022546986558,0.6592817663978343,0.5528267752148349,14.557510265627805,37.393175956014005,0.00925286825542845,0.04024638974907638,"[[2167, 938], [1092, 1761]]","[[207, 138], [158, 159]]"
disclosure_x_bias,192,init_hard,LSC,exponential,22.973270831206108,29.204102143544326,0.6592820483898257,0.5528041610131162,14.556692076165723,37.41340711516879,0.009474785270931296,0.0435020612974351,"[[2167, 938], [1092, 1761]]","[[206, 139], [157, 160]]"
disclosure_x_bias,193,init_hard,LSC,exponential,22.91655297279325,29.14673960246135,0.659617336867633,0.5512890094979647,14.5974333932949,37.40572491998235,0.009871216851980827,0.04404693358902919,"[[2167, 938], [1090, 1763]]","[[205, 140], [157, 160]]"
disclosure_x_bias,194,init_hard,LSC,exponential,22.957094249123664,29.16352688265486,0.6597856860865152,0.5512890094979647,14.615119490390788,37.475376971926686,0.009538401403978625,0.042873091252388626,"[[2168, 937], [1090, 1763]]","[[205, 140], [157, 160]]"
disclosure_x_bias,195,init_hard,LSC,exponential,22.966279720353164,29.195890288257782,0.6604562630421296,0.5528041610131162,14.638836683769506,37.554447608106884,0.00899550464879167,0.04291170160452097,"[[2166, 939], [1084, 1769]]","[[206, 139], [157, 160]]"
disclosure_x_bias,196,init_hard,LSC,exponential,22.9724693383208,29.183327582324846,0.6604565450341211,0.5512890094979647,14.608848591321962,37.505837519167784,0.009053585576783275,0.04404693358902919,"[[2166, 939], [1084, 1769]]","[[205, 140], [157, 160]]"
disclosure_x_bias,197,init_hard,LSC,exponential,22.939178745787338,29.17813701135983,0.6602884778072303,0.5497738579828132,14.618445783751971,37.451452585567296,0.008893456498084186,0.043367078005707896,"[[2166, 939], [1085, 1768]]","[[204, 141], [157, 160]]"
disclosure_x_bias,198,init_hard,LSC,exponential,22.94752671652764,29.190473015169268,0.660792961479894,0.5528041610131162,14.634783967148906,37.50351693537168,0.009072281011333097,0.04291170160452097,"[[2166, 939], [1082, 1771]]","[[206, 139], [157, 160]]"
disclosure_x_bias,199,init_hard,LSC,exponential,22.933506206119855,29.206562442770498,0.660792961479894,0.5512890094979647,14.624257173908804,37.47243172041166,0.009673005570590976,0.04227394884565772,"[[2167, 938], [1083, 1770]]","[[205, 140], [157, 160]]"
disclosure_x_bias,200,init_hard,LSC,exponential,22.731965447467697,28.42592578673367,0.6607932434718855,0.5512890094979647,14.567627395263907,35.67689612106683,0.01001258331020059,0.04404693358902919,"[[2165, 940], [1081, 1772]]","[[205, 140], [157, 160]]"
disclosure_x_bias,201,init_hard,LSC,exponential,22.83961071026154,29.03960608852982,0.6602890417912131,0.5497738579828132,14.493807223672738,36.30582283962147,0.009384778682936204,0.04565921883776122,"[[2162, 943], [1081, 1772]]","[[203, 142], [156, 161]]"
disclosure_x_bias,202,init_hard,LSC,exponential,22.840086493581058,29.021729565932038,0.6611288139416841,0.5512890094979647,14.532561370366487,36.21716277729643,0.009795751955161172,0.04404693358902919,"[[2168, 937], [1082, 1771]]","[[205, 140], [157, 160]]"
disclosure_x_bias,203,init_hard,LSC,exponential,22.84535722646408,29.03862890988531,0.6606243302690203,0.5512890094979647,14.52830179876379,36.2678335992905,0.008907923450128395,0.04404693358902919,"[[2168, 937], [1085, 1768]]","[[205, 140], [157, 160]]"
disclosure_x_bias,204,init_hard,LSC,exponential,22.834423669653713,29.033406113998247,0.660792961479894,0.5497738579828132,14.50685230128326,36.23518846670048,0.009575502307033442,0.043367078005707854,"[[2166, 939], [1082, 1771]]","[[204, 141], [157, 160]]"
disclosure_x_bias,205,init_hard,LSC,exponential,22.907978480280555,29.033947810163397,0.6606246122610118,0.5543193125282677,14.561701131600023,36.27721562327803,0.008965509536161907,0.04168446221725198,"[[2162, 943], [1079, 1774]]","[[206, 139], [156, 161]]"
disclosure_x_bias,206,init_hard,LSC,exponential,22.839189334781427,29.016574004784893,0.6614638204274998,0.5543193125282677,14.514966087682755,36.236448363995315,0.009934260664185146,0.0434814902910718,"[[2163, 942], [1075, 1778]]","[[205, 140], [155, 162]]"
disclosure_x_bias,207,init_hard,LSC,exponential,22.837863346671586,29.032203027868086,0.6612957532006091,0.5528041610131162,14.52004645242938,36.28066103844055,0.00809540067836129,0.04231310591371295,"[[2165, 940], [1078, 1775]]","[[205, 140], [156, 161]]"
disclosure_x_bias,208,init_hard,LSC,exponential,22.839623868639894,29.045010992313344,0.6617993908972986,0.5558344640434193,14.518050433648712,36.263734031263915,0.009260758208067453,0.0422104102494349,"[[2168, 937], [1078, 1775]]","[[207, 138], [156, 161]]"
disclosure_x_bias,209,init_hard,LSC,exponential,22.835425904512668,29.051750219695073,0.6623024646100051,0.5543193125282677,14.524800498987497,36.323750406759345,0.007915918096209106,0.04289084745493165,"[[2166, 939], [1073, 1780]]","[[206, 139], [156, 161]]"
disclosure_x_bias,210,init_hard,LSC,exponential,22.865514823047896,29.100042940699364,0.6619668941402064,0.5543193125282677,14.584358427321161,36.35676806750755,0.010355900353039503,0.04289084745493165,"[[2163, 942], [1072, 1781]]","[[206, 139], [156, 161]]"
disclosure_x_bias,211,init_hard,LSC,exponential,22.85945697127939,29.043331546608936,0.6629741695335852,0.5543193125282677,14.592931242396556,36.32663258206265,0.008508837151717944,0.04168446221725197,"[[2167, 938], [1070, 1783]]","[[206, 139], [156, 161]]"
disclosure_x_bias,212,init_hard,LSC,exponential,22.86117520254358,29.06815141365508,0.6629741695335852,0.5543193125282677,14.604388733944015,36.344253843051895,0.009933549334854911,0.04168446221725197,"[[2165, 940], [1068, 1785]]","[[206, 139], [156, 161]]"
disclosure_x_bias,213,init_hard,LSC,exponential,22.84070794184848,29.005380619559496,0.6626385990637866,0.5528041610131162,14.573110174609681,36.207937024157566,0.009284624318667011,0.04231310591371295,"[[2166, 939], [1071, 1782]]","[[205, 140], [156, 161]]"
disclosure_x_bias,214,init_hard,LSC,exponential,22.85473631325098,29.05907446950486,0.6631419547684846,0.5528041610131162,14.585082359998946,36.2791268729179,0.009225552561262316,0.04231310591371295,"[[2166, 939], [1068, 1785]]","[[205, 140], [156, 161]]"
disclosure_x_bias,215,init_hard,LSC,exponential,22.837887245935228,29.039891479749446,0.6633097400033839,0.5512890094979647,14.574906929486115,36.23782088397072,0.009727835497910809,0.041666191912327774,"[[2171, 934], [1072, 1781]]","[[205, 140], [157, 160]]"
disclosure_x_bias,216,init_hard,LSC,exponential,22.83091851025527,29.041261451458023,0.6633097400033839,0.5528041610131162,14.590602034271921,36.2393105642947,0.008992643642004382,0.04231310591371295,"[[2163, 942], [1064, 1789]]","[[205, 140], [156, 161]]"
disclosure_x_bias,217,init_hard,LSC,exponential,22.814926669200812,29.034466067948113,0.6636453104731825,0.5528041610131162,14.58848192811183,36.2528939312076,0.008533416496744493,0.04108976182705836,"[[2170, 935], [1069, 1784]]","[[206, 139], [157, 160]]"
disclosure_x_bias,218,init_hard,LSC,exponential,22.846570736879816,29.1419318289228,0.663309176019401,0.5528041610131162,14.600698250707639,36.48861369182668,0.00887728386465193,0.04108976182705836,"[[2170, 935], [1071, 1782]]","[[206, 139], [157, 160]]"
disclosure_x_bias,219,init_hard,LSC,exponential,22.843735738430972,29.141889262812548,0.6636453104731825,0.5528041610131162,14.60460722284913,36.4736874388025,0.008533416496744493,0.04108976182705836,"[[2169, 936], [1068, 1785]]","[[206, 139], [157, 160]]"
disclosure_x_bias,220,init_hard,LSC,exponential,22.825735839289106,29.130471013278775,0.6639811629349726,0.5528041610131162,14.600965034715175,36.48808356588976,0.00869357685420802,0.04108976182705836,"[[2170, 935], [1067, 1786]]","[[206, 139], [157, 160]]"
disclosure_x_bias,221,init_hard,LSC,exponential,22.831066551923062,29.132312358354323,0.6636450284811911,0.5497738579828132,14.591538970771996,36.49911861302928,0.008361269485333922,0.0415651037188901,"[[2170, 935], [1069, 1784]]","[[204, 141], [157, 160]]"
disclosure_x_bias,222,init_hard,LSC,exponential,22.825954348240455,29.130852535124767,0.6636450284811911,0.5512890094979647,14.610216552565994,36.49536132625075,0.008727359386548778,0.04104943782738782,"[[2169, 936], [1068, 1785]]","[[205, 140], [157, 160]]"
disclosure_x_bias,223,init_hard,LSC,exponential,22.82447802088347,29.12339522916316,0.6639808809429812,0.5512890094979647,14.611759656650756,36.457371684749354,0.008561291767403594,0.04104943782738782,"[[2173, 932], [1070, 1783]]","[[205, 140], [157, 160]]"
disclosure_x_bias,224,init_hard,LSC,exponential,22.841628071158638,29.14111934096785,0.6639805989509898,0.5512890094979647,14.622387224856327,36.511264115194884,0.00889545303082036,0.04104943782738782,"[[2166, 939], [1063, 1790]]","[[205, 140], [157, 160]]"
disclosure_x_bias,225,init_hard,LSC,exponential,22.799441396331968,29.123006212730342,0.6643161694207884,0.5497738579828132,14.637640789227397,36.50208616687323,0.008326414564243507,0.043367078005707854,"[[2161, 944], [1056, 1797]]","[[203, 142], [156, 161]]"
disclosure_x_bias,226,init_hard,LSC,exponential,22.796528059206242,29.099887001012387,0.6641483841858891,0.5512890094979647,14.627223268323434,36.470603421171695,0.008671724632402006,0.0446222765121492,"[[2157, 948], [1053, 1800]]","[[203, 142], [155, 162]]"
disclosure_x_bias,227,init_hard,LSC,exponential,22.788694558764753,29.115976898036166,0.664148948169872,0.5497738579828132,14.633207382533872,36.48439598024599,0.009606898948950183,0.043367078005707854,"[[2161, 944], [1057, 1796]]","[[203, 142], [156, 161]]"
disclosure_x_bias,228,init_hard,LSC,exponential,22.79629869187968,29.074619738177823,0.6644839546556878,0.5497738579828132,14.635687146148644,36.39972387423671,0.009098929165506529,0.043367078005707854,"[[2164, 941], [1058, 1795]]","[[203, 142], [156, 161]]"
disclosure_x_bias,229,init_hard,LSC,exponential,22.812445043942194,29.13994101143158,0.6649878743443687,0.5482587064676616,14.642156948757734,36.473593143005246,0.009176798249788043,0.04261658163974348,"[[2171, 934], [1062, 1791]]","[[202, 143], [156, 161]]"
disclosure_x_bias,230,init_hard,LSC,exponential,22.794277002293448,29.07510627288034,0.6644842366476792,0.5497738579828132,14.648430428673691,36.39677114570315,0.009086823907147011,0.043367078005707854,"[[2162, 943], [1056, 1797]]","[[202, 143], [155, 162]]"
disclosure_x_bias,231,init_hard,LSC,exponential,22.793831383487795,29.06812029530837,0.6654909480570752,0.5497738579828132,14.651134145463272,36.37638475489838,0.008948223993641445,0.043367078005707854,"[[2169, 936], [1057, 1796]]","[[203, 142], [156, 161]]"
disclosure_x_bias,232,init_hard,LSC,exponential,22.754040197109948,29.02141069795831,0.665491512041058,0.5482587064676616,14.653190075322515,36.43037161362516,0.009469662164904637,0.04261658163974348,"[[2171, 934], [1059, 1794]]","[[202, 143], [156, 161]]"
disclosure_x_bias,233,init_hard,LSC,exponential,22.754500079217657,29.026969239925016,0.6658273645028482,0.5497738579828132,14.652004556251025,36.432525400924284,0.009342771220441517,0.043367078005707854,"[[2171, 934], [1057, 1796]]","[[203, 142], [156, 161]]"
disclosure_x_bias,234,init_hard,LSC,exponential,22.74803887711909,29.034086940817637,0.6663310021995376,0.5482587064676616,14.653591983283171,36.45815630360113,0.010183179880099435,0.04261658163974348,"[[2173, 932], [1056, 1797]]","[[202, 143], [156, 161]]"
disclosure_x_bias,235,init_hard,LSC,exponential,22.765520354603957,29.025259954309057,0.6664990694264283,0.5482587064676616,14.675993503615675,36.41858469616529,0.010027467753481836,0.04261658163974348,"[[2174, 931], [1056, 1797]]","[[202, 143], [156, 161]]"
disclosure_x_bias,236,init_hard,LSC,exponential,22.75659277885011,29.045477955276834,0.6664985054424454,0.5482587064676616,14.664051769050316,36.47190186937384,0.009828907623367758,0.04261658163974348,"[[2175, 930], [1057, 1796]]","[[202, 143], [156, 161]]"
disclosure_x_bias,237,init_hard,LSC,exponential,22.691446304598212,29.04618843058959,0.6666662906773448,0.5497738579828132,14.698790153341937,36.44259134434719,0.010659936322602434,0.043367078005707854,"[[2172, 933], [1053, 1800]]","[[203, 142], [156, 161]]"
disclosure_x_bias,238,init_hard,LSC,exponential,22.668363276665698,29.047685072584436,0.6663298742315719,0.5482587064676616,14.65539325841745,36.474779679104216,0.010646357448966824,0.04261658163974348,"[[2174, 931], [1057, 1796]]","[[202, 143], [156, 161]]"
disclosure_x_bias,239,init_hard,LSC,exponential,22.713113117098203,29.00496616422451,0.6670018611471434,0.5497738579828132,14.686062220311284,36.36419811507399,0.011512444133069677,0.043367078005707854,"[[2173, 932], [1052, 1801]]","[[203, 142], [156, 161]]"
disclosure_x_bias,240,init_hard,LSC,exponential,22.697113717276643,28.990981927931433,0.6668343579042355,0.5497738579828132,14.683038102469409,36.33177753415877,0.011171164361893336,0.043367078005707854,"[[2173, 932], [1053, 1800]]","[[203, 142], [156, 161]]"
disclosure_x_bias,241,init_hard,LSC,exponential,22.689948374898098,28.992448195102327,0.6666662906773448,0.5482587064676616,14.647010083600529,36.3512293845286,0.011372101358882575,0.04261658163974348,"[[2173, 932], [1054, 1799]]","[[202, 143], [156, 161]]"
disclosure_x_bias,242,init_hard,LSC,exponential,22.703683768368894,29.02677640817858,0.6670018611471434,0.5482587064676616,14.688949772619498,36.39088544525425,0.010724721042589239,0.04261658163974348,"[[2174, 931], [1053, 1800]]","[[202, 143], [156, 161]]"
disclosure_x_bias,243,init_hard,LSC,exponential,22.704148704132287,28.991804029164804,0.667001579155152,0.5482587064676616,14.699088388132958,36.355012563360745,0.011548092174930507,0.04261658163974348,"[[2176, 929], [1055, 1798]]","[[202, 143], [156, 161]]"
disclosure_x_bias,244,init_hard,LSC,exponential,22.700992862832255,28.997275698807094,0.6663298742315719,0.5497738579828132,14.701895039912225,36.374961433967975,0.010994615086354012,0.043367078005707854,"[[2171, 934], [1054, 1799]]","[[203, 142], [156, 161]]"
disclosure_x_bias,245,init_hard,LSC,exponential,22.69913706751959,28.986234977673423,0.6670027071231177,0.5482813206693804,14.698331456564615,36.365085573670335,0.009995760383262314,0.04119210622481848,"[[2177, 928], [1056, 1797]]","[[203, 142], [157, 160]]"
disclosure_x_bias,246,init_hard,LSC,exponential,22.70582208742866,28.970959274051705,0.6668340759122441,0.5482813206693804,14.708407524199803,36.32566155042608,0.010276076729006186,0.03929050785680515,"[[2177, 928], [1057, 1796]]","[[203, 142], [157, 160]]"
disclosure_x_bias,247,init_hard,LSC,exponential,22.699383368054246,29.00917518877001,0.6675057808358242,0.5482813206693804,14.70215519100103,36.386653256838315,0.009540748162240454,0.04119210622481848,"[[2180, 925], [1056, 1797]]","[[203, 142], [157, 160]]"
disclosure_x_bias,248,init_hard,LSC,exponential,22.666711071297264,28.955508002753874,0.668177203767413,0.5482813206693804,14.7078025857184,36.40362042315411,0.01049629338101859,0.04119210622481848,"[[2183, 922], [1055, 1798]]","[[203, 142], [157, 160]]"
disclosure_x_bias,249,init_hard,LSC,exponential,22.671252327353223,28.980323803368538,0.6680091365405223,0.5482813206693804,14.710030747602065,36.43125999347282,0.009623977280553926,0.04119210622481848,"[[2182, 923], [1055, 1798]]","[[203, 142], [157, 160]]"
disclosure_x_bias,250,init_hard,LSC,exponential,22.675974632299656,28.957637189782826,0.6680085725565393,0.5497964721845319,14.724785847150354,36.40275298456866,0.009934057412736895,0.04010234768250568,"[[2182, 923], [1055, 1798]]","[[204, 141], [157, 160]]"
disclosure_x_bias,251,init_hard,LSC,exponential,22.676111503268267,29.011054663048448,0.6680091365405223,0.5482813206693804,14.717799875972473,36.4931919248644,0.009785138012538223,0.04119210622481848,"[[2180, 925], [1053, 1800]]","[[203, 142], [157, 160]]"
disclosure_x_bias,252,init_hard,LSC,exponential,22.679472809576453,29.0034016298661,0.6675052168518414,0.5482813206693804,14.758104693805615,36.470326793756996,0.00991670295586104,0.0430097107968397,"[[2180, 925], [1056, 1797]]","[[203, 142], [157, 160]]"
disclosure_x_bias,253,init_hard,LSC,exponential,22.680968075135233,29.021242451352787,0.6680085725565394,0.5482813206693804,14.738214600294677,36.50629217216678,0.009548734331461249,0.04119210622481848,"[[2183, 922], [1056, 1797]]","[[203, 142], [157, 160]]"
disclosure_x_bias,254,init_hard,LSC,exponential,22.67999266834762,29.020364735702778,0.6675052168518414,0.5482813206693804,14.756805536818298,36.47431701311183,0.00991670295586104,0.0430097107968397,"[[2180, 925], [1056, 1797]]","[[203, 142], [157, 160]]"
disclosure_x_bias,255,init_hard,LSC,exponential,22.64211000325385,29.039279371589874,0.6678407873216401,0.5497964721845319,14.809115138895017,36.53132059156367,0.00972990782145283,0.04010234768250568,"[[2182, 923], [1056, 1797]]","[[204, 141], [157, 160]]"
disclosure_x_bias,256,init_hard,LSC,exponential,22.64629829056714,29.013959477066937,0.6688474987310361,0.5497964721845319,14.798219636637652,36.47658662660515,0.008994932103749322,0.04010234768250568,"[[2186, 919], [1054, 1799]]","[[204, 141], [157, 160]]"
disclosure_x_bias,257,init_hard,LSC,exponential,22.636907175716733,29.0335222298644,0.6693511364277255,0.5483039348710991,14.812414557142494,36.49920960673374,0.008918121158693924,0.03839092576288883,"[[2186, 919], [1051, 1802]]","[[203, 142], [157, 160]]"
disclosure_x_bias,258,init_hard,LSC,exponential,22.64771210784092,29.043519092749413,0.6686799954881282,0.5483039348710991,14.783232413120531,36.54184332156872,0.010100126056393932,0.03839092576288883,"[[2181, 924], [1050, 1803]]","[[203, 142], [157, 160]]"
disclosure_x_bias,259,init_hard,LSC,exponential,22.64859810731445,29.02625094510366,0.6696869888895155,0.5483039348710991,14.783011235289104,36.4986831173132,0.00941584412529657,0.03839092576288883,"[[2185, 920], [1048, 1805]]","[[203, 142], [157, 160]]"
disclosure_x_bias,260,init_hard,LSC,exponential,22.665156791770723,29.57106020077211,0.6696869888895155,0.5483039348710991,14.631430519151689,36.96946981863248,0.00964634827384946,0.03839092576288883,"[[2187, 918], [1050, 1803]]","[[203, 142], [157, 160]]"
disclosure_x_bias,261,init_hard,LSC,exponential,22.710403326349443,29.501137887060686,0.6696875528734985,0.5498190863862505,14.685618785353473,36.9052216202697,0.009123376460500588,0.03856457076528738,"[[2186, 919], [1049, 1804]]","[[203, 142], [156, 161]]"
disclosure_x_bias,262,init_hard,LSC,exponential,22.691716709596285,29.531951503331705,0.670190626586205,0.5483039348710991,14.713070614612448,36.91860480330794,0.009880295537018984,0.03839092576288883,"[[2189, 916], [1049, 1804]]","[[203, 142], [157, 160]]"
disclosure_x_bias,263,init_hard,LSC,exponential,22.69220899076394,29.48753400029828,0.6695192036546163,0.5498190863862505,14.702720948891953,36.899159644824664,0.009567666623681692,0.03856457076528738,"[[2187, 918], [1051, 1802]]","[[203, 142], [156, 161]]"
disclosure_x_bias,264,init_hard,LSC,exponential,22.69775768163279,29.51358497531253,0.6701909085781963,0.5483039348710991,14.709931393012077,36.91600674217463,0.010213725314213358,0.03839092576288883,"[[2188, 917], [1048, 1805]]","[[203, 142], [157, 160]]"
disclosure_x_bias,265,init_hard,LSC,exponential,22.68432484684179,29.493259966505907,0.6698553381083977,0.5483039348710991,14.696893943883769,36.89534690889753,0.010768699581988351,0.03772065718411182,"[[2185, 920], [1047, 1806]]","[[202, 143], [156, 161]]"
disclosure_x_bias,266,init_hard,LSC,exponential,22.7102443451815,29.556781350781442,0.6693514184197169,0.5498190863862505,14.757111351098137,36.96988541688472,0.010397510298149509,0.03986548034793464,"[[2185, 920], [1050, 1803]]","[[203, 142], [156, 161]]"
disclosure_x_bias,267,init_hard,LSC,exponential,22.688389920069604,29.524612721620418,0.6703586938130958,0.5513342379014021,14.72037767882486,36.93034480011867,0.009481978482368458,0.039968962214420235,"[[2188, 917], [1047, 1806]]","[[203, 142], [155, 162]]"
disclosure_x_bias,268,init_hard,LSC,exponential,22.694639289445863,29.558774049003887,0.6693514184197169,0.5498190863862505,14.727055403808235,36.975133377773034,0.010030007530076877,0.03986548034793464,"[[2185, 920], [1050, 1803]]","[[203, 142], [156, 161]]"
disclosure_x_bias,269,init_hard,LSC,exponential,22.7041537898282,29.541973457593446,0.6706953922508601,0.5498190863862505,14.728196258228811,36.93343827733177,0.009021748117932094,0.041740892790675055,"[[2191, 914], [1048, 1805]]","[[203, 142], [156, 161]]"
disclosure_x_bias,270,init_hard,LSC,exponential,22.70014439389924,29.575776946954484,0.6698547741244149,0.545273631840796,14.736127890626648,37.001026478804555,0.009688945671680084,0.042894689247702046,"[[2189, 916], [1051, 1802]]","[[201, 144], [157, 160]]"
disclosure_x_bias,271,init_hard,LSC,exponential,22.708065355373193,29.59869119464248,0.6708631774857594,0.5498190863862505,14.73813386486083,37.054125992075505,0.009149665312270119,0.041740892790675055,"[[2192, 913], [1048, 1805]]","[[203, 142], [156, 161]]"
disclosure_x_bias,272,init_hard,LSC,exponential,22.70187279634173,29.5244579361973,0.6701903445942136,0.5467887833559475,14.745433276558051,36.92073875694336,0.009954337752216482,0.0401054152314927,"[[2189, 916], [1049, 1804]]","[[202, 143], [157, 160]]"
disclosure_x_bias,273,init_hard,LSC,exponential,22.714990266871787,29.62884571524607,0.6708631774857594,0.5467887833559475,14.743291387198287,37.14505831712406,0.009485375574122726,0.0401054152314927,"[[2192, 913], [1048, 1805]]","[[202, 143], [157, 160]]"
disclosure_x_bias,274,init_hard,LSC,exponential,22.556307421561947,28.960493133655234,0.6713668151824488,0.5483039348710991,14.692116668904038,35.64872489891039,0.009393862157140687,0.04033495740077957,"[[2195, 910], [1048, 1805]]","[[202, 143], [156, 161]]"
disclosure_x_bias,275,init_hard,LSC,exponential,22.524160493847315,28.8913350516305,0.6715346004173481,0.545273631840796,14.703571165258118,35.64863833378328,0.009731285652408887,0.03916456498513423,"[[2199, 906], [1051, 1802]]","[[202, 143], [158, 159]]"
disclosure_x_bias,276,init_hard,LSC,exponential,22.533959258306076,28.91134880038254,0.6710303987366759,0.5483039348710991,14.720845982054572,35.680290077976665,0.009461667987051932,0.04033495740077957,"[[2196, 909], [1051, 1802]]","[[202, 143], [156, 161]]"
disclosure_x_bias,277,init_hard,LSC,exponential,22.4895697662404,28.897828260460464,0.6710306807286673,0.5483039348710991,14.709469271365112,35.64012696034634,0.008905284314194439,0.04033495740077957,"[[2199, 906], [1054, 1799]]","[[202, 143], [156, 161]]"
disclosure_x_bias,278,init_hard,LSC,exponential,22.50090848154444,28.912707244672994,0.6710306807286673,0.5483039348710991,14.722673935391938,35.682453582508025,0.008619704702143438,0.04033495740077957,"[[2198, 907], [1053, 1800]]","[[202, 143], [156, 161]]"
disclosure_x_bias,279,init_hard,LSC,exponential,22.48861430626679,28.90617258104112,0.6706948282668772,0.5483039348710991,14.72174915734961,35.66538571482575,0.009483733831684502,0.04033495740077957,"[[2197, 908], [1054, 1799]]","[[202, 143], [156, 161]]"
disclosure_x_bias,280,init_hard,LSC,exponential,22.48154851976448,28.899734793828298,0.6705270430319779,0.5467887833559475,14.729991560251099,35.6835181133522,0.008662681584040103,0.0401054152314927,"[[2196, 909], [1054, 1799]]","[[202, 143], [157, 160]]"
disclosure_x_bias,281,init_hard,LSC,exponential,22.486828948872862,28.890629007329984,0.6703592577970785,0.5498190863862505,14.73107346329078,35.65892287991296,0.009623481931571762,0.0398654803479347,"[[2194, 911], [1053, 1800]]","[[202, 143], [155, 162]]"
disclosure_x_bias,282,init_hard,LSC,exponential,22.503732578197564,28.89330812762097,0.6727102250296092,0.5513342379014021,14.727442609088403,35.64060127780899,0.009307231507436496,0.04060213224731065,"[[2202, 903], [1047, 1806]]","[[202, 143], [154, 163]]"
disclosure_x_bias,283,init_hard,LSC,exponential,22.52376307463119,28.914511600031272,0.6715343184253567,0.5498190863862505,14.755100066540765,35.67260057947338,0.00918001050688681,0.0398654803479347,"[[2200, 905], [1052, 1801]]","[[202, 143], [155, 162]]"
disclosure_x_bias,284,init_hard,LSC,exponential,22.522285762937294,28.893039786306936,0.6713662511984659,0.5498190863862505,14.750755494943215,35.62781988699896,0.009281312542267403,0.0398654803479347,"[[2199, 906], [1052, 1801]]","[[202, 143], [155, 162]]"
disclosure_x_bias,285,init_hard,LSC,exponential,22.52879240504975,28.896121231295275,0.6717023856522475,0.5498190863862505,14.754628629131645,35.652885395910175,0.009277623415088017,0.0398654803479347,"[[2199, 906], [1050, 1803]]","[[202, 143], [155, 162]]"
disclosure_x_bias,286,init_hard,LSC,exponential,22.512445122044696,28.862164566501303,0.6717023856522475,0.5483039348710991,14.75359885755135,35.57126632824328,0.009444696049105665,0.039697526194869444,"[[2199, 906], [1050, 1803]]","[[202, 143], [156, 161]]"
disclosure_x_bias,287,init_hard,LSC,exponential,22.574906934141463,28.956433700582085,0.6715343184253568,0.5483039348710991,14.776033595829496,35.77145628463354,0.008831748497647425,0.039049691208279634,"[[2198, 907], [1050, 1803]]","[[202, 143], [156, 161]]"
disclosure_x_bias,288,init_hard,LSC,exponential,22.564221449368706,28.961961365441745,0.6717023856522475,0.5483039348710991,14.77007189479248,35.758966664803005,0.009038534953921809,0.039049691208279634,"[[2198, 907], [1049, 1804]]","[[202, 143], [156, 161]]"
disclosure_x_bias,289,init_hard,LSC,exponential,22.559725149336053,28.957635488284694,0.6720382381140376,0.5467887833559475,14.776175069190513,35.78073071709021,0.008714269785325158,0.04602821261133207,"[[2198, 907], [1047, 1806]]","[[200, 145], [155, 162]]"
disclosure_x_bias,290,init_hard,LSC,exponential,22.55697245380492,28.97747154167656,0.6718701708871468,0.5467887833559475,14.764370481443642,35.81148112240083,0.00876142196367032,0.04602821261133207,"[[2199, 906], [1049, 1804]]","[[200, 145], [155, 162]]"
disclosure_x_bias,291,init_hard,LSC,exponential,22.557358966920788,28.964638972970892,0.6722060233489369,0.5467887833559475,14.771806912925031,35.80617328604406,0.008818290416700661,0.04602821261133207,"[[2197, 908], [1045, 1808]]","[[200, 145], [155, 162]]"
disclosure_x_bias,292,init_hard,LSC,exponential,22.565702842620702,28.998400964595994,0.6718698888951554,0.5497964721845319,14.78861710134329,35.851319866939996,0.008664809569789251,0.048191400945329754,"[[2197, 908], [1047, 1806]]","[[201, 144], [154, 163]]"
disclosure_x_bias,293,init_hard,LSC,exponential,22.571305882604612,29.011833085003747,0.6722057413569454,0.5467887833559475,14.828632640339363,35.871393799020325,0.008614917664318012,0.04602821261133207,"[[2198, 907], [1046, 1807]]","[[200, 145], [155, 162]]"
disclosure_x_bias,294,init_hard,LSC,exponential,22.556160331678623,29.0191663017263,0.672541311826744,0.545273631840796,14.80073519839129,35.8900796757328,0.009297053168380837,0.04577150181399661,"[[2202, 903], [1048, 1805]]","[[200, 145], [156, 161]]"
disclosure_x_bias,295,init_hard,LSC,exponential,22.563355279632525,28.995618711397004,0.67321414471829,0.545273631840796,14.802861502320434,35.845352701953296,0.00932760757484165,0.04577150181399661,"[[2204, 901], [1046, 1807]]","[[200, 145], [156, 161]]"
disclosure_x_bias,296,init_hard,LSC,exponential,22.51675278270634,29.01826802837894,0.6735497151880887,0.545273631840796,14.784436347447928,35.891724679402074,0.009032139538837122,0.04577150181399661,"[[2205, 900], [1045, 1808]]","[[200, 145], [156, 161]]"
disclosure_x_bias,297,init_hard,LSC,exponential,22.52108967450732,29.01472998461469,0.6730460774913992,0.5437584803256444,14.776660369970788,35.8886409171953,0.009158594882804056,0.044892623866733546,"[[2204, 901], [1047, 1806]]","[[200, 145], [157, 160]]"
disclosure_x_bias,298,init_hard,LSC,exponential,22.54758111914387,29.000669793160846,0.672541311826744,0.5483039348710991,14.774874017572904,35.865315444601336,0.008741694345154585,0.0467768748032251,"[[2194, 911], [1040, 1813]]","[[200, 145], [154, 163]]"
disclosure_x_bias,299,init_hard,LSC,exponential,22.54541920176161,29.029605443561167,0.6720371101460719,0.5483039348710991,14.773554383659825,35.9269417609848,0.008580427037450941,0.0467768748032251,"[[2193, 912], [1042, 1811]]","[[200, 145], [154, 163]]"
disclosure_x_bias,300,init_hard,LSC,exponential,22.5452450993673,29.008681941019894,0.6727093790536349,0.5483039348710991,14.778796625630124,35.88433737757732,0.00864499205537307,0.0467768748032251,"[[2198, 907], [1043, 1810]]","[[200, 145], [154, 163]]"
disclosure_x_bias,1,init_hard,F1,log_loss,0.6425103956347165,0.8974948755609164,0.6181583103039874,0.5468566259611036,0.006762623238129577,0.2806540742380735,0.02399627250590758,0.024994530524254606,"[[2030, 1075], [1200, 1653]]","[[209, 136], [164, 153]]"
disclosure_x_bias,2,init_hard,F1,log_loss,0.6416981009370419,0.8972420148569278,0.6189986464384412,0.5468566259611036,0.0067078064589824495,0.2806181268595453,0.022542693543351464,0.024994530524254606,"[[2037, 1068], [1202, 1651]]","[[209, 136], [164, 153]]"
disclosure_x_bias,3,init_hard,F1,log_loss,0.640986949987836,0.8971473419714965,0.6216846201567876,0.5483717774762551,0.006672246729868829,0.28091247877535247,0.023567853171152977,0.02634345820143053,"[[2054, 1051], [1203, 1650]]","[[210, 135], [164, 153]]"
disclosure_x_bias,4,init_hard,F1,log_loss,0.6402811407790996,0.8964834780129609,0.6225235463312841,0.5483717774762551,0.006648821840535468,0.2810583743134441,0.024269206599310325,0.02634345820143053,"[[2059, 1046], [1203, 1650]]","[[210, 135], [164, 153]]"
disclosure_x_bias,5,init_hard,F1,log_loss,0.6396642171127638,0.8970450981358808,0.6247081382888726,0.5423790140208051,0.0066285505663089776,0.2812685019387889,0.022077652845517142,0.030334366460042173,"[[2089, 1016], [1220, 1633]]","[[210, 135], [168, 149]]"
disclosure_x_bias,6,init_hard,F1,log_loss,0.6390354777614663,0.8971663451373552,0.6248756415317805,0.5423790140208051,0.0066480892630754055,0.2812836995914513,0.021654932822298304,0.030334366460042173,"[[2089, 1016], [1219, 1634]]","[[210, 135], [168, 149]]"
disclosure_x_bias,7,init_hard,F1,log_loss,0.6384708717171581,0.8969210167999859,0.6255473464553607,0.5423790140208051,0.006646081196389079,0.28145763120019884,0.021462926398950966,0.030334366460042173,"[[2093, 1012], [1219, 1634]]","[[210, 135], [168, 149]]"
disclosure_x_bias,8,init_hard,F1,log_loss,0.6379464604974279,0.896493537978802,0.6255473464553607,0.5438941655359566,0.006640513105340892,0.28174216789870243,0.02122846321516982,0.030878567880708453,"[[2098, 1007], [1224, 1629]]","[[211, 134], [168, 149]]"
disclosure_x_bias,9,init_hard,F1,log_loss,0.6373967315571131,0.8961944074844613,0.6280641249788507,0.5529850746268656,0.006640398356466164,0.2818979473344323,0.016252076106795264,0.05321427545875726,"[[2073, 1032], [1184, 1669]]","[[209, 136], [160, 157]]"
disclosure_x_bias,10,init_hard,F1,log_loss,0.6369138094625981,0.8965240282571315,0.6280641249788507,0.5529850746268656,0.006641893641406476,0.28178716164171297,0.016252076106795264,0.05321427545875726,"[[2071, 1034], [1182, 1671]]","[[209, 136], [160, 157]]"
disclosure_x_bias,11,init_hard,F1,log_loss,0.6364104812606282,0.8967368224171312,0.6292386216231459,0.5529850746268656,0.006671529158196069,0.28199757532538927,0.014964813592615474,0.05321427545875726,"[[2095, 1010], [1199, 1654]]","[[211, 134], [162, 155]]"
disclosure_x_bias,12,init_hard,F1,log_loss,0.6359237248004498,0.89643816178535,0.6295741920929446,0.5545002261420172,0.006693064315838096,0.28220956703678296,0.015125888453232074,0.05461141130067686,"[[2097, 1008], [1199, 1654]]","[[212, 133], [162, 155]]"
disclosure_x_bias,13,init_hard,F1,log_loss,0.6354862270336082,0.8961929236298827,0.6302453330325418,0.5575305291723203,0.006691671406284392,0.28194025846417664,0.015049077773094213,0.054427058818320065,"[[2102, 1003], [1200, 1653]]","[[214, 131], [162, 155]]"
disclosure_x_bias,14,init_hard,F1,log_loss,0.6350112812886903,0.8960010602580175,0.6304134002594326,0.5575305291723203,0.006731144429153465,0.28176520069882727,0.014827508648930543,0.054427058818320065,"[[2104, 1001], [1201, 1652]]","[[214, 131], [162, 155]]"
disclosure_x_bias,15,init_hard,F1,log_loss,0.6345888542570455,0.8959891370246034,0.6304134002594326,0.5575305291723203,0.006738860283630503,0.2816955748756409,0.014827508648930543,0.054427058818320065,"[[2106, 999], [1203, 1650]]","[[214, 131], [162, 155]]"
disclosure_x_bias,16,init_hard,F1,log_loss,0.634163871721053,0.8960163868217361,0.6304134002594326,0.5575305291723203,0.006757700832240251,0.28192125418785985,0.014827508648930543,0.054427058818320065,"[[2104, 1001], [1201, 1652]]","[[214, 131], [162, 155]]"
disclosure_x_bias,17,init_hard,F1,log_loss,0.6337648660582802,0.8962596001755916,0.6304134002594326,0.5575305291723203,0.006765273685471711,0.28222720487233804,0.014827508648930543,0.054427058818320065,"[[2104, 1001], [1201, 1652]]","[[214, 131], [162, 155]]"
disclosure_x_bias,18,init_hard,F1,log_loss,0.6333767414794524,0.8960302964012291,0.6310845411990299,0.5560153776571687,0.006774722386226679,0.2823058677183075,0.01516735907785623,0.054542701143771764,"[[2109, 996], [1202, 1651]]","[[214, 131], [163, 154]]"
disclosure_x_bias,19,init_hard,F1,log_loss,0.6329926728316719,0.8957932992482652,0.6310845411990299,0.5560153776571687,0.006788488536011508,0.2820041524463008,0.01516735907785623,0.054542701143771764,"[[2109, 996], [1202, 1651]]","[[214, 131], [163, 154]]"
disclosure_x_bias,20,init_hard,F1,log_loss,0.6326076785189654,0.8960230453625236,0.6322593198353167,0.5560153776571687,0.006818848100432514,0.2821351283205511,0.013293751960174467,0.054542701143771764,"[[2086, 1019], [1172, 1681]]","[[211, 134], [160, 157]]"
disclosure_x_bias,21,init_hard,F1,log_loss,0.6322362909726317,0.8959603541822604,0.632427105070216,0.5560153776571687,0.006832719602005412,0.2820608997481221,0.013378739079275816,0.054542701143771764,"[[2087, 1018], [1172, 1681]]","[[211, 134], [160, 157]]"
disclosure_x_bias,22,init_hard,F1,log_loss,0.6318544698118896,0.895846720383384,0.6325948903051153,0.5560153776571687,0.006854549636999594,0.28223841680331874,0.013622558493117536,0.054542701143771764,"[[2089, 1016], [1173, 1680]]","[[211, 134], [160, 157]]"
disclosure_x_bias,23,init_hard,F1,log_loss,0.6315100938646369,0.8958389665403018,0.6317559641306187,0.5560153776571687,0.0068600940394441205,0.2821885513250368,0.015316989342932267,0.054542701143771764,"[[2113, 992], [1202, 1651]]","[[214, 131], [163, 154]]"
disclosure_x_bias,24,init_hard,F1,log_loss,0.631162104817413,0.8952683060311853,0.632930460774914,0.5560153776571687,0.006873803951696818,0.28246192425223055,0.013776608346070793,0.054542701143771764,"[[2096, 1009], [1178, 1675]]","[[212, 133], [161, 156]]"
disclosure_x_bias,25,init_hard,F1,log_loss,0.6308266453032537,0.8950420349285088,0.632930460774914,0.5560153776571687,0.006882547892156077,0.28249914356189226,0.013776608346070793,0.054542701143771764,"[[2096, 1009], [1178, 1675]]","[[212, 133], [161, 156]]"
disclosure_x_bias,26,init_hard,F1,log_loss,0.6304861241393291,0.8951611593321452,0.6327626755400146,0.5560153776571687,0.006903966193187524,0.2825121935596089,0.013746526596675867,0.054542701143771764,"[[2095, 1010], [1178, 1675]]","[[212, 133], [161, 156]]"
disclosure_x_bias,27,init_hard,F1,log_loss,0.6301418806587157,0.8952023994773217,0.6325948903051153,0.5560153776571687,0.006931683279671647,0.2825652315729738,0.013507261479315724,0.054542701143771764,"[[2095, 1010], [1179, 1674]]","[[212, 133], [161, 156]]"
disclosure_x_bias,28,init_hard,F1,log_loss,0.6298066782428058,0.8945339132781273,0.6325948903051153,0.5560153776571687,0.006955479036979158,0.28274105042690234,0.013507261479315724,0.054542701143771764,"[[2095, 1010], [1179, 1674]]","[[212, 133], [161, 156]]"
disclosure_x_bias,29,init_hard,F1,log_loss,0.629506669964924,0.8949691455958938,0.6325948903051153,0.5560153776571687,0.006959767452600397,0.28279697378728696,0.013507261479315724,0.054542701143771764,"[[2095, 1010], [1179, 1674]]","[[212, 133], [161, 156]]"
disclosure_x_bias,30,init_hard,F1,log_loss,0.6292056267231311,0.8946378235486266,0.6332668772206869,0.5575305291723203,0.0069635662310212195,0.2829353646671335,0.014384516330233004,0.054427058818320065,"[[2099, 1006], [1179, 1674]]","[[212, 133], [160, 157]]"
disclosure_x_bias,31,init_hard,F1,log_loss,0.628901841760484,0.8945699549372843,0.6336024476904856,0.5575305291723203,0.006974980466641313,0.28294360527453055,0.014448434051123388,0.054427058818320065,"[[2101, 1004], [1179, 1674]]","[[212, 133], [160, 157]]"
disclosure_x_bias,32,init_hard,F1,log_loss,0.6286224181725265,0.8949530653710346,0.6336024476904856,0.559023066485753,0.0069753378674278985,0.28282971000576745,0.014448434051123388,0.05262143276816594,"[[2100, 1005], [1178, 1675]]","[[212, 133], [159, 158]]"
disclosure_x_bias,33,init_hard,F1,log_loss,0.6283368772078866,0.894793832373308,0.6336021656984941,0.5575079149706015,0.006973313709541797,0.2829634167340788,0.014390390891490539,0.05278865485291557,"[[2099, 1006], [1177, 1676]]","[[212, 133], [160, 157]]"
disclosure_x_bias,34,init_hard,F1,log_loss,0.6280098765759174,0.8946349569900592,0.6339380181602843,0.5575079149706015,0.006985388466781102,0.2829897551977047,0.014717537785987311,0.05278865485291557,"[[2102, 1003], [1178, 1675]]","[[212, 133], [160, 157]]"
disclosure_x_bias,35,init_hard,F1,log_loss,0.6277253652364172,0.8945504712426198,0.6336024476904856,0.5575079149706015,0.007007372483555333,0.2831801163740773,0.014620602795170438,0.05278865485291557,"[[2100, 1005], [1178, 1675]]","[[212, 133], [160, 157]]"
disclosure_x_bias,36,init_hard,F1,log_loss,0.6274622855701891,0.8946233294347662,0.6336024476904856,0.5590230664857531,0.007009963890094503,0.2832837733834088,0.014620602795170438,0.056816828575236386,"[[2092, 1013], [1170, 1683]]","[[212, 133], [159, 158]]"
disclosure_x_bias,37,init_hard,F1,log_loss,0.6272042731088092,0.8944328849758003,0.634273588630083,0.5575079149706015,0.007018942929063807,0.28343379362823545,0.014549653004275834,0.058735336162099645,"[[2097, 1008], [1171, 1682]]","[[212, 133], [160, 157]]"
disclosure_x_bias,38,init_hard,F1,log_loss,0.6269349488028813,0.8947313113181199,0.6341058033951835,0.5575079149706015,0.007022572485914347,0.2834187136364288,0.014516874816402254,0.058735336162099645,"[[2096, 1009], [1171, 1682]]","[[212, 133], [160, 157]]"
disclosure_x_bias,39,init_hard,F1,log_loss,0.6266500470974303,0.8947345262972025,0.6359514409790762,0.5575079149706015,0.007060723081239602,0.2834212607277745,0.01417349521683008,0.05741771596366218,"[[2094, 1011], [1158, 1695]]","[[211, 134], [159, 158]]"
disclosure_x_bias,40,init_hard,F1,log_loss,0.6263927400790573,0.8948634966942196,0.6359514409790762,0.5575079149706015,0.007066413801795603,0.28341092964158987,0.013973460188924591,0.05741771596366218,"[[2094, 1011], [1158, 1695]]","[[211, 134], [159, 158]]"
disclosure_x_bias,41,init_hard,F1,log_loss,0.6261415256065813,0.8949406509537944,0.6357833737521854,0.5575079149706015,0.00707640210073587,0.2833414792574835,0.013720536788135972,0.05741771596366218,"[[2094, 1011], [1159, 1694]]","[[211, 134], [159, 158]]"
disclosure_x_bias,42,init_hard,F1,log_loss,0.6258995624962529,0.8948996722821507,0.6366237098866392,0.5575079149706015,0.0070736827903790335,0.2833524493876862,0.012343412357652423,0.05741771596366218,"[[2102, 1003], [1162, 1691]]","[[211, 134], [159, 158]]"
disclosure_x_bias,43,init_hard,F1,log_loss,0.6256656073954955,0.8948011013214078,0.6366237098866392,0.5575079149706015,0.007078120276176775,0.28326682204201487,0.012113193287527526,0.05741771596366218,"[[2102, 1003], [1162, 1691]]","[[211, 134], [159, 158]]"
disclosure_x_bias,44,init_hard,F1,log_loss,0.6254096251898242,0.8945329446517789,0.6367914951215385,0.5575079149706015,0.007092343651693198,0.2834698165912295,0.01231861041502541,0.05741771596366218,"[[2103, 1002], [1162, 1691]]","[[211, 134], [159, 158]]"
disclosure_x_bias,45,init_hard,F1,log_loss,0.6251460726154995,0.8942745391515843,0.6369592803564379,0.5575079149706015,0.007092143469990798,0.2834421654900692,0.012342006791031352,0.05741771596366218,"[[2104, 1001], [1162, 1691]]","[[211, 134], [159, 158]]"
disclosure_x_bias,46,init_hard,F1,log_loss,0.6249095651503329,0.8943439137607305,0.6369592803564379,0.5575079149706015,0.007106029645634294,0.28356673211981376,0.012342006791031352,0.05741771596366218,"[[2104, 1001], [1162, 1691]]","[[211, 134], [159, 158]]"
disclosure_x_bias,47,init_hard,F1,log_loss,0.6246771889437599,0.8945541413345548,0.637295132818228,0.5575079149706015,0.007104406357079218,0.28358061196516626,0.012296722667890857,0.05741771596366218,"[[2106, 999], [1162, 1691]]","[[211, 134], [159, 158]]"
disclosure_x_bias,48,init_hard,F1,log_loss,0.6244426113113297,0.8943044448285876,0.6371273475833286,0.5590230664857531,0.007120758952033961,0.28327713618404693,0.012580334386517534,0.05591173047122658,"[[2106, 999], [1163, 1690]]","[[212, 133], [159, 158]]"
disclosure_x_bias,49,init_hard,F1,log_loss,0.6241855730151086,0.8942044151403363,0.6372951328182279,0.5575079149706015,0.0071609699511460696,0.28328674733110887,0.012498566635238805,0.05741771596366218,"[[2106, 999], [1162, 1691]]","[[211, 134], [159, 158]]"
disclosure_x_bias,50,init_hard,F1,log_loss,0.6239656553087819,0.8940451034133947,0.6374629180531273,0.5575079149706015,0.007162931463682959,0.2833994717321662,0.012712518719615876,0.05741771596366218,"[[2107, 998], [1162, 1691]]","[[211, 134], [159, 158]]"
disclosure_x_bias,51,init_hard,F1,log_loss,0.6237218350328024,0.8940650078948187,0.6379662737578252,0.5575079149706015,0.007189853581479917,0.2834150746822517,0.012545738250678982,0.05741771596366218,"[[2110, 995], [1162, 1691]]","[[211, 134], [159, 158]]"
disclosure_x_bias,52,init_hard,F1,log_loss,0.623506563233098,0.8940918103639957,0.6381340589927247,0.5590230664857531,0.007190077445537563,0.2834497000764615,0.012501331892314511,0.06155744664280422,"[[2114, 991], [1165, 1688]]","[[212, 133], [159, 158]]"
disclosure_x_bias,53,init_hard,F1,log_loss,0.6232888002494433,0.894270286990808,0.6384696294625233,0.5590230664857531,0.007186733018736573,0.2834053415763319,0.012479900393805775,0.06155744664280422,"[[2115, 990], [1164, 1689]]","[[212, 133], [159, 158]]"
disclosure_x_bias,54,init_hard,F1,log_loss,0.6230706060791882,0.8942388716556342,0.6386374146974225,0.5544776119402985,0.0072050166545930255,0.2833514892143645,0.01284846846933222,0.04949227103215141,"[[2125, 980], [1173, 1680]]","[[211, 134], [161, 156]]"
disclosure_x_bias,55,init_hard,F1,log_loss,0.622848987692332,0.8943609566043473,0.6386374146974225,0.5544776119402985,0.007221600211723639,0.28310347040854233,0.0126769065583249,0.04949227103215141,"[[2126, 979], [1174, 1679]]","[[211, 134], [161, 156]]"
disclosure_x_bias,56,init_hard,F1,log_loss,0.6226348199240452,0.8945614607384904,0.6393099655969771,0.5575305291723203,0.007228939866191166,0.2833706397631215,0.011175886394523478,0.06310791378440547,"[[2121, 984], [1165, 1688]]","[[212, 133], [160, 157]]"
disclosure_x_bias,57,init_hard,F1,log_loss,0.6224350996487511,0.8944058575779341,0.6394777508318763,0.5575305291723203,0.007224508087831086,0.2833198193353775,0.011243450141738526,0.06310791378440547,"[[2121, 984], [1164, 1689]]","[[212, 133], [160, 157]]"
disclosure_x_bias,58,init_hard,F1,log_loss,0.6222322410221176,0.8943137991882978,0.639813321301675,0.5560153776571687,0.007213557831245263,0.2830645634555787,0.010891363737131059,0.0590343821290809,"[[2122, 983], [1163, 1690]]","[[211, 134], [160, 157]]"
disclosure_x_bias,59,init_hard,F1,log_loss,0.6220331475309763,0.8942196298664058,0.6401488917714737,0.5545002261420172,0.007214010442125692,0.28280668315284635,0.011178861269775846,0.057788516696348755,"[[2127, 978], [1166, 1687]]","[[211, 134], [161, 156]]"
disclosure_x_bias,60,init_hard,F1,log_loss,0.6218158225427541,0.8943003564366279,0.6399811065365744,0.5575305291723203,0.007239970046768152,0.2825481650094186,0.011150248487195896,0.0576143311106304,"[[2125, 980], [1165, 1688]]","[[212, 133], [160, 157]]"
disclosure_x_bias,61,init_hard,F1,log_loss,0.6216171906146425,0.8940590716929881,0.6399811065365744,0.5575305291723203,0.007246175726423922,0.2825390387151179,0.011150248487195896,0.0576143311106304,"[[2125, 980], [1165, 1688]]","[[212, 133], [160, 157]]"
disclosure_x_bias,62,init_hard,F1,log_loss,0.6214073768947518,0.8942069142377284,0.6403166770063731,0.5560153776571687,0.007263929079884417,0.28255321893103813,0.011148635908302762,0.0590343821290809,"[[2126, 979], [1164, 1689]]","[[211, 134], [160, 157]]"
disclosure_x_bias,63,init_hard,F1,log_loss,0.6212151357365563,0.8943458552369845,0.6406522474761717,0.5560153776571687,0.007261971378208536,0.2824996081319766,0.011657282547532552,0.0590343821290809,"[[2126, 979], [1162, 1691]]","[[211, 134], [160, 157]]"
disclosure_x_bias,64,init_hard,F1,log_loss,0.6210095328080529,0.8943560503558736,0.6404844622412724,0.5560153776571687,0.0072727406167484515,0.2825815173654786,0.01163791294279155,0.0590343821290809,"[[2125, 980], [1162, 1691]]","[[211, 134], [160, 157]]"
disclosure_x_bias,65,init_hard,F1,log_loss,0.6208231757550767,0.8943902694927133,0.6406522474761717,0.5499547715965626,0.007274539986552407,0.28277545033412166,0.011737505217450959,0.048601591341723795,"[[2140, 965], [1176, 1677]]","[[211, 134], [164, 153]]"
disclosure_x_bias,66,init_hard,F1,log_loss,0.620618177642111,0.894315384265221,0.6406522474761717,0.5514699231117142,0.00729456840839722,0.2828589273662187,0.011657282547532552,0.04971870523831893,"[[2138, 967], [1174, 1679]]","[[211, 134], [163, 154]]"
disclosure_x_bias,67,init_hard,F1,log_loss,0.6204266005534007,0.8943112918401775,0.6411556031808697,0.5499547715965626,0.007298738995230764,0.2827847943271196,0.011858504070331594,0.048601591341723795,"[[2140, 965], [1173, 1680]]","[[211, 134], [164, 153]]"
disclosure_x_bias,68,init_hard,F1,log_loss,0.6202437205521556,0.8943612885145462,0.6414914556426597,0.5514699231117142,0.007293338108486783,0.2828845671641674,0.010727479844620988,0.04920299226718318,"[[2141, 964], [1172, 1681]]","[[212, 133], [164, 153]]"
disclosure_x_bias,69,init_hard,F1,log_loss,0.6200424796942459,0.8943632987822788,0.6416592408775591,0.5514699231117142,0.007298333863973255,0.28295769165660783,0.011215602324909967,0.04920299226718318,"[[2142, 963], [1172, 1681]]","[[212, 133], [164, 153]]"
disclosure_x_bias,70,init_hard,F1,log_loss,0.6198426665398056,0.8941854466739756,0.6418270261124583,0.5514699231117142,0.0072891521454234096,0.28309298664153704,0.011327193856708736,0.04920299226718318,"[[2143, 962], [1172, 1681]]","[[212, 133], [164, 153]]"
disclosure_x_bias,71,init_hard,F1,log_loss,0.6196606706818127,0.8940595564099525,0.6414914556426597,0.5499547715965626,0.007290161561125298,0.28298752169791497,0.01151501421156065,0.048601591341723795,"[[2141, 964], [1172, 1681]]","[[211, 134], [164, 153]]"
disclosure_x_bias,72,init_hard,F1,log_loss,0.6194649655125968,0.8945761939276032,0.6418270261124583,0.5499547715965626,0.007282838182824844,0.2830461340626635,0.01189297553281897,0.048601591341723795,"[[2142, 963], [1171, 1682]]","[[211, 134], [164, 153]]"
disclosure_x_bias,73,init_hard,F1,log_loss,0.6192688627496582,0.8946701748368548,0.6423306638091478,0.5514699231117142,0.007290108907479328,0.2830369405286447,0.011412200373937004,0.04920299226718318,"[[2143, 962], [1169, 1684]]","[[212, 133], [164, 153]]"
disclosure_x_bias,74,init_hard,F1,log_loss,0.6190838704788965,0.8946011914736847,0.6424981670520558,0.5499547715965626,0.007296857890768746,0.28294324164025186,0.01132952347480812,0.045343394951919955,"[[2142, 963], [1167, 1686]]","[[211, 134], [164, 153]]"
disclosure_x_bias,75,init_hard,F1,log_loss,0.6188874546331468,0.8947019231062917,0.642666516270938,0.5499547715965626,0.007316612904215142,0.282716098064891,0.011489011216421716,0.045343394951919955,"[[2141, 964], [1165, 1688]]","[[211, 134], [164, 153]]"
disclosure_x_bias,76,init_hard,F1,log_loss,0.6186951940781545,0.8945389767196534,0.6428343015058372,0.5499547715965626,0.007339305292473183,0.2829744284957416,0.011418573048434863,0.045343394951919955,"[[2143, 962], [1166, 1687]]","[[211, 134], [164, 153]]"
disclosure_x_bias,77,init_hard,F1,log_loss,0.6185216165863777,0.8945260107625537,0.6431698719756358,0.5469244685662595,0.007341291233470281,0.28298820615404846,0.011351025813917196,0.04443078407302662,"[[2145, 960], [1166, 1687]]","[[210, 135], [165, 152]]"
disclosure_x_bias,78,init_hard,F1,log_loss,0.618327893217409,0.8946731524264477,0.6448499802605606,0.5514246947082768,0.00734520479961666,0.2831134037240092,0.01075157014711438,0.04135675251873549,"[[2173, 932], [1184, 1669]]","[[214, 131], [166, 151]]"
disclosure_x_bias,79,init_hard,F1,log_loss,0.6181433609820137,0.8945055574293843,0.6451855507303592,0.5514246947082768,0.007350545225864978,0.28323107053336305,0.010726486415790779,0.04135675251873549,"[[2169, 936], [1178, 1675]]","[[213, 132], [165, 152]]"
disclosure_x_bias,80,init_hard,F1,log_loss,0.6179738211359014,0.8947793420285167,0.6455211212001579,0.5514246947082768,0.007345184223691732,0.28299657650033333,0.009643557896372355,0.04135675251873549,"[[2168, 937], [1175, 1678]]","[[213, 132], [165, 152]]"
disclosure_x_bias,81,init_hard,F1,log_loss,0.6178029168933826,0.8947124263409588,0.6458566916699565,0.5514246947082768,0.007332229576089167,0.28300302549245243,0.009458149468147468,0.04135675251873549,"[[2172, 933], [1177, 1676]]","[[214, 131], [166, 151]]"
disclosure_x_bias,82,init_hard,F1,log_loss,0.6176431753098255,0.8948347496485807,0.646024476904856,0.5514246947082768,0.0073313915252477095,0.28291151746574383,0.009409056230243894,0.04135675251873549,"[[2172, 933], [1176, 1677]]","[[214, 131], [166, 151]]"
disclosure_x_bias,83,init_hard,F1,log_loss,0.6174750912138907,0.8946340755521011,0.6458566916699565,0.5514246947082768,0.007335488107213565,0.28298952724166215,0.009458149468147468,0.04135675251873549,"[[2172, 933], [1177, 1676]]","[[214, 131], [166, 151]]"
disclosure_x_bias,84,init_hard,F1,log_loss,0.6173127205563068,0.8948292055032436,0.6458566916699565,0.5529398462234283,0.00733686409280269,0.2829539026538937,0.00958952455255528,0.04550101894582413,"[[2160, 945], [1165, 1688]]","[[213, 132], [164, 153]]"
disclosure_x_bias,85,init_hard,F1,log_loss,0.6171449198250192,0.894604495345888,0.6466956178444532,0.5499095431931252,0.007337581995127014,0.2826925044207702,0.009444814047460507,0.04594067642499291,"[[2163, 942], [1163, 1690]]","[[212, 133], [165, 152]]"
disclosure_x_bias,86,init_hard,F1,log_loss,0.6169675183052001,0.8946143125927992,0.6468634030793525,0.5499095431931252,0.007354249148025966,0.28251756327948885,0.009412282342554354,0.04594067642499291,"[[2162, 943], [1161, 1692]]","[[212, 133], [165, 152]]"
disclosure_x_bias,87,init_hard,F1,log_loss,0.6167964606476068,0.8945952254958381,0.6470311883142519,0.5514246947082768,0.007351553456552414,0.2823280836875233,0.009207988837333324,0.045469631586460134,"[[2164, 941], [1162, 1691]]","[[213, 132], [165, 152]]"
disclosure_x_bias,88,init_hard,F1,log_loss,0.6166117896143818,0.8946164734175932,0.6470311883142519,0.5499095431931252,0.00735549393785922,0.2825374835048999,0.009704175395769742,0.04594067642499291,"[[2162, 943], [1160, 1693]]","[[212, 133], [165, 152]]"
disclosure_x_bias,89,init_hard,F1,log_loss,0.616448059528245,0.8947864922628668,0.6468634030793525,0.5499095431931252,0.007357930458791828,0.28227825762290915,0.009412282342554354,0.04594067642499291,"[[2163, 942], [1162, 1691]]","[[212, 133], [165, 152]]"
disclosure_x_bias,90,init_hard,F1,log_loss,0.6162954857737821,0.8948028254426419,0.6470309063222605,0.5514246947082768,0.0073542666477660204,0.2823634335225525,0.009151808177732312,0.045469631586460134,"[[2164, 941], [1162, 1691]]","[[213, 132], [165, 152]]"
disclosure_x_bias,91,init_hard,F1,log_loss,0.6161044191960218,0.8948329739574001,0.6471986915571598,0.5499095431931252,0.007347824604949431,0.2819750363920608,0.009281439129142614,0.04594067642499291,"[[2164, 941], [1161, 1692]]","[[212, 133], [165, 152]]"
disclosure_x_bias,92,init_hard,F1,log_loss,0.6159547946624098,0.8949695818958234,0.6480376177316565,0.5483943916779738,0.007342623557938102,0.28178061219974393,0.01026094926708943,0.04232488825972103,"[[2160, 945], [1152, 1701]]","[[210, 135], [164, 153]]"
disclosure_x_bias,93,init_hard,F1,log_loss,0.6157929196365197,0.8949431021104838,0.6482056849585472,0.5483943916779738,0.0073524990512476365,0.2817514573024631,0.010256899290822186,0.04232488825972103,"[[2159, 946], [1150, 1703]]","[[210, 135], [164, 153]]"
disclosure_x_bias,94,init_hard,F1,log_loss,0.6156275683103746,0.8955511489067621,0.6482056849585472,0.5483943916779738,0.007332829267546698,0.28182375185166136,0.010256899290822186,0.04232488825972103,"[[2160, 945], [1151, 1702]]","[[210, 135], [164, 153]]"
disclosure_x_bias,95,init_hard,F1,log_loss,0.6154643517186287,0.895475034814722,0.6482056849585472,0.5483943916779738,0.007345632749770083,0.28184292520980064,0.010256899290822186,0.04232488825972103,"[[2159, 946], [1150, 1703]]","[[210, 135], [164, 153]]"
disclosure_x_bias,96,init_hard,F1,log_loss,0.6153177944097672,0.8955897543788544,0.6482059669505386,0.5483943916779738,0.007343428148852462,0.28180849415671977,0.010576728890375892,0.04232488825972103,"[[2159, 946], [1150, 1703]]","[[210, 135], [164, 153]]"
disclosure_x_bias,97,init_hard,F1,log_loss,0.6151640257446124,0.8954643228199128,0.6473659128080762,0.5513794663048394,0.007338512833539107,0.2818684864319739,0.010934922927838013,0.041327834323559444,"[[2167, 938], [1163, 1690]]","[[212, 133], [164, 153]]"
disclosure_x_bias,98,init_hard,F1,log_loss,0.6150014982001913,0.8955534800381034,0.6482048389825729,0.5513794663048394,0.007334764196433685,0.28167841149382133,0.010618534005458508,0.041327834323559444,"[[2169, 936], [1160, 1693]]","[[212, 133], [164, 153]]"
disclosure_x_bias,99,init_hard,F1,log_loss,0.6148559719550637,0.8953851281430152,0.6487090406632452,0.5483943916779738,0.007328448194334043,0.28167120399044304,0.010105069405279098,0.04232488825972103,"[[2162, 943], [1150, 1703]]","[[210, 135], [164, 153]]"
disclosure_x_bias,100,init_hard,F1,log_loss,0.6147107249968208,0.8957133481405641,0.6482051209745643,0.5528946178199909,0.007322143704995868,0.28163953564223954,0.009874930454036908,0.04011193210880474,"[[2169, 936], [1160, 1693]]","[[213, 132], [164, 153]]"
disclosure_x_bias,101,init_hard,F1,log_loss,0.6145600377352324,0.8958085205459826,0.6487093226552366,0.5483943916779738,0.007320702207461077,0.2815541444979358,0.010094243474154064,0.04232488825972103,"[[2162, 943], [1150, 1703]]","[[210, 135], [164, 153]]"
disclosure_x_bias,102,init_hard,F1,log_loss,0.6144135657517702,0.895973442102272,0.6482051209745643,0.5513794663048394,0.007317300816056144,0.2816965039758504,0.010125168197938723,0.041327834323559444,"[[2170, 935], [1161, 1692]]","[[212, 133], [164, 153]]"
disclosure_x_bias,103,init_hard,F1,log_loss,0.6142664310772676,0.8957661703213311,0.6482051209745643,0.5513794663048394,0.0073183577714725405,0.2818689249419825,0.010278473537658801,0.041327834323559444,"[[2173, 932], [1164, 1689]]","[[212, 133], [164, 153]]"
disclosure_x_bias,104,init_hard,F1,log_loss,0.6141035505725663,0.8958629335678083,0.648540691444363,0.5513794663048394,0.007326640063966285,0.2818552335191513,0.01006752722174236,0.041327834323559444,"[[2172, 933], [1161, 1692]]","[[212, 133], [164, 153]]"
disclosure_x_bias,105,init_hard,F1,log_loss,0.6139486957210514,0.8959490692220278,0.6490440471490609,0.5528946178199909,0.007335462398628238,0.2817019478826734,0.009956907966950085,0.04011193210880474,"[[2172, 933], [1158, 1695]]","[[213, 132], [164, 153]]"
disclosure_x_bias,106,init_hard,F1,log_loss,0.6137966903841259,0.8959022620297421,0.6490440471490609,0.5513794663048394,0.007336130828564749,0.28170687595738353,0.010447467415181632,0.041327834323559444,"[[2171, 934], [1157, 1696]]","[[212, 133], [164, 153]]"
disclosure_x_bias,107,init_hard,F1,log_loss,0.6136026266021501,0.8957723630618597,0.6492118323839604,0.5528946178199909,0.007350652852520264,0.2818022429110057,0.010007663384151187,0.041364205571509154,"[[2167, 938], [1152, 1701]]","[[212, 133], [163, 154]]"
disclosure_x_bias,108,init_hard,F1,log_loss,0.6134457429877862,0.8957433015692488,0.6497151880886582,0.5544097693351425,0.007343958017317654,0.2816949060224929,0.010562966563683236,0.040085822804762486,"[[2173, 932], [1155, 1698]]","[[213, 132], [163, 154]]"
disclosure_x_bias,109,init_hard,F1,log_loss,0.6133033843928224,0.8956922137568469,0.6502185437933563,0.5544097693351425,0.0073433686411434,0.2815113173466674,0.010150992085856398,0.040085822804762486,"[[2172, 933], [1151, 1702]]","[[213, 132], [163, 154]]"
disclosure_x_bias,110,init_hard,F1,log_loss,0.6131597697650879,0.8958845688286494,0.6493796176188595,0.5544097693351425,0.007346739432982503,0.2814352953671958,0.010270504317365035,0.040085822804762486,"[[2175, 930], [1159, 1694]]","[[213, 132], [163, 154]]"
disclosure_x_bias,111,init_hard,F1,log_loss,0.6130227176498273,0.896044338508311,0.6507218994980543,0.5544097693351425,0.007348440592267726,0.28130164386246687,0.010557590103969679,0.040085822804762486,"[[2173, 932], [1149, 1704]]","[[212, 133], [162, 155]]"
disclosure_x_bias,112,init_hard,F1,log_loss,0.6128844449394423,0.8960925560230002,0.6503863290282557,0.5544097693351425,0.007348548076452295,0.2813994338797404,0.010148518848474012,0.040085822804762486,"[[2171, 934], [1149, 1704]]","[[212, 133], [162, 155]]"
disclosure_x_bias,113,init_hard,F1,log_loss,0.6127405378083364,0.8963763277374923,0.6512252552027522,0.5544097693351425,0.007341072729122259,0.2813352516501347,0.009774816450831923,0.040085822804762486,"[[2177, 928], [1150, 1703]]","[[212, 133], [162, 155]]"
disclosure_x_bias,114,init_hard,F1,log_loss,0.6126061959434921,0.8961519092884256,0.650050758558457,0.5544097693351425,0.007339631785034838,0.28153976937749065,0.010807100901452772,0.040085822804762486,"[[2174, 931], [1154, 1699]]","[[212, 133], [162, 155]]"
disclosure_x_bias,115,init_hard,F1,log_loss,0.6124695663166221,0.8961022407652145,0.6515608256725509,0.5544097693351425,0.007337856171912063,0.28159553687492583,0.010967353564904954,0.04133888720074022,"[[2176, 929], [1147, 1706]]","[[212, 133], [162, 155]]"
disclosure_x_bias,116,init_hard,F1,log_loss,0.6123205645865586,0.8962550417999708,0.6513930404376516,0.5528946178199909,0.007336086492682621,0.28147815163792445,0.011102853584599537,0.041364205571509154,"[[2176, 929], [1148, 1705]]","[[211, 134], [162, 155]]"
disclosure_x_bias,117,init_hard,F1,log_loss,0.6121640079561314,0.896205750571502,0.651057469967853,0.5544097693351425,0.0073507685080237,0.28146609591762645,0.010322073311793986,0.040085822804762486,"[[2181, 924], [1155, 1698]]","[[213, 132], [163, 154]]"
disclosure_x_bias,118,init_hard,F1,log_loss,0.61202162226889,0.8963215586314632,0.6518963961423496,0.555924920850294,0.007355825015609678,0.2817133106419538,0.010594212837225865,0.03999597182361288,"[[2178, 927], [1147, 1706]]","[[213, 132], [162, 155]]"
disclosure_x_bias,119,init_hard,F1,log_loss,0.6118843651815558,0.8963023541833948,0.6517286109074503,0.5528946178199909,0.0073528012064107365,0.28147955305524885,0.010141056637341302,0.03236973694158581,"[[2176, 929], [1146, 1707]]","[[211, 134], [162, 155]]"
disclosure_x_bias,120,init_hard,F1,log_loss,0.6117415253032623,0.8965448577411955,0.6522319666121482,0.5498643147896879,0.00735825497444697,0.28115253845022964,0.010040598630421524,0.032197563945762224,"[[2178, 927], [1145, 1708]]","[[210, 135], [163, 154]]"
disclosure_x_bias,121,init_hard,F1,log_loss,0.6116103980647012,0.8963593854004053,0.6529031075517455,0.5513794663048394,0.007356096344616288,0.2814998009752193,0.009733045917481717,0.029862127342001468,"[[2177, 928], [1140, 1713]]","[[210, 135], [162, 155]]"
disclosure_x_bias,122,init_hard,F1,log_loss,0.6114813053250732,0.8964823872441627,0.653406745248435,0.5513794663048394,0.007355076089769465,0.28146214982652096,0.009315900814026973,0.029862127342001468,"[[2171, 934], [1131, 1722]]","[[209, 136], [161, 156]]"
disclosure_x_bias,123,init_hard,F1,log_loss,0.6113487373530304,0.8965508929997019,0.6532389600135355,0.5528946178199909,0.007350429878989468,0.2813786600395955,0.009576845968473881,0.029912443264909053,"[[2176, 929], [1137, 1716]]","[[210, 135], [161, 156]]"
disclosure_x_bias,124,init_hard,F1,log_loss,0.6112152054132246,0.8965156599614993,0.6532389600135355,0.5513794663048394,0.007342934133148326,0.2813789648937022,0.009378826900551694,0.031524229640874965,"[[2176, 929], [1137, 1716]]","[[209, 136], [161, 156]]"
disclosure_x_bias,125,init_hard,F1,log_loss,0.6110890629665585,0.8965949168265175,0.6537423157182336,0.5544097693351425,0.00733662879031692,0.28127837955205165,0.009643854046672458,0.03944436572445375,"[[2179, 926], [1137, 1716]]","[[211, 134], [161, 156]]"
disclosure_x_bias,126,init_hard,F1,log_loss,0.6109387911584341,0.8964621505288074,0.6530711747786363,0.555924920850294,0.007350786707810795,0.2813934524200961,0.010048013326291372,0.039353050194170236,"[[2176, 929], [1138, 1715]]","[[212, 133], [161, 156]]"
disclosure_x_bias,127,init_hard,F1,log_loss,0.6107895642569483,0.8970187463463384,0.6532389600135355,0.5544097693351425,0.007335710818205846,0.2814396833059271,0.010481331242982901,0.03944436572445375,"[[2175, 930], [1136, 1717]]","[[211, 134], [161, 156]]"
disclosure_x_bias,128,init_hard,F1,log_loss,0.6106635695702858,0.8969538494572703,0.6534067452484349,0.5528946178199909,0.007335977331205822,0.2815051850522397,0.010779104226146656,0.03236973694158582,"[[2173, 932], [1133, 1720]]","[[209, 136], [160, 157]]"
disclosure_x_bias,129,init_hard,F1,log_loss,0.6105391893603253,0.8969219906918818,0.6534067452484349,0.5498643147896879,0.007330984670066744,0.2814395569733442,0.01120593814017998,0.03139534872415173,"[[2171, 934], [1131, 1722]]","[[208, 137], [161, 156]]"
disclosure_x_bias,130,init_hard,F1,log_loss,0.6104101285219129,0.8973331864246594,0.653910100953133,0.5513794663048394,0.007329390481841016,0.2812079051405502,0.011030346004230057,0.031524229640874986,"[[2169, 936], [1126, 1727]]","[[208, 137], [160, 157]]"
disclosure_x_bias,131,init_hard,F1,log_loss,0.6102622809410597,0.897300438398078,0.6547490271276295,0.5468340117593848,0.007324402609669196,0.2812869209527644,0.010876074314138354,0.03170426307932876,"[[2171, 934], [1123, 1730]]","[[207, 138], [162, 155]]"
disclosure_x_bias,132,init_hard,F1,log_loss,0.610138929963382,0.8975221899711181,0.6547490271276295,0.5483491632745364,0.007319789230687005,0.2812955506312598,0.011018937322376528,0.03277937878269265,"[[2167, 938], [1119, 1734]]","[[207, 138], [161, 156]]"
disclosure_x_bias,133,init_hard,F1,log_loss,0.6100071974988575,0.8974299164609411,0.654916812362529,0.5483491632745363,0.007311271916393882,0.2811999971246415,0.009920042480285914,0.03199175629515963,"[[2170, 935], [1121, 1732]]","[[208, 137], [162, 155]]"
disclosure_x_bias,134,init_hard,F1,log_loss,0.6098705125188991,0.8975113131068939,0.6552523828323276,0.5483491632745363,0.007316299093782202,0.2811158452700348,0.010506219691523965,0.030355264218717933,"[[2167, 938], [1116, 1737]]","[[208, 137], [162, 155]]"
disclosure_x_bias,135,init_hard,F1,log_loss,0.6097365926356335,0.8975218434153748,0.654916812362529,0.5483491632745363,0.00731238045510957,0.28123649654148686,0.010138364016427941,0.03199175629515963,"[[2167, 938], [1118, 1735]]","[[208, 137], [162, 155]]"
disclosure_x_bias,136,init_hard,F1,log_loss,0.6096057521902745,0.8974012516237279,0.6554204500592183,0.5483491632745364,0.0073130169544669,0.2811046828429546,0.009654751370110605,0.03503617103751925,"[[2166, 939], [1114, 1739]]","[[207, 138], [161, 156]]"
disclosure_x_bias,137,init_hard,F1,log_loss,0.6094802027587016,0.8976826174390057,0.6545815238847217,0.5498643147896879,0.007313691005142515,0.2809539644826843,0.009986104217610016,0.03139534872415173,"[[2167, 938], [1120, 1733]]","[[208, 137], [161, 156]]"
disclosure_x_bias,138,init_hard,F1,log_loss,0.6093495601188006,0.8976626544180913,0.6545815238847217,0.5498643147896879,0.00730755535578233,0.28101193302600874,0.009667797214948369,0.03374482966473764,"[[2167, 938], [1120, 1733]]","[[208, 137], [161, 156]]"
disclosure_x_bias,139,init_hard,F1,log_loss,0.6092247944634848,0.8974928577020924,0.6545815238847217,0.5528946178199909,0.007301825369850971,0.2810082835801676,0.009570240887913004,0.032369736941585826,"[[2163, 942], [1116, 1737]]","[[209, 136], [160, 157]]"
disclosure_x_bias,140,init_hard,F1,log_loss,0.6090966908440552,0.897714842811822,0.6555879533021262,0.5498643147896879,0.007301320182677696,0.28109266521218634,0.009725098201024403,0.03374482966473764,"[[2166, 939], [1113, 1740]]","[[208, 137], [161, 156]]"
disclosure_x_bias,141,init_hard,F1,log_loss,0.608974276323508,0.8975900205717936,0.6544137386498223,0.5498643147896879,0.00729964999664986,0.2812088903589807,0.01046276510513827,0.030572090523559872,"[[2168, 937], [1122, 1731]]","[[209, 136], [162, 155]]"
disclosure_x_bias,142,init_hard,F1,log_loss,0.6088403193668188,0.8976582816214643,0.6554201680672269,0.5498643147896879,0.007310376033088758,0.28121212962068404,0.010651681969654117,0.03374482966473764,"[[2167, 938], [1115, 1738]]","[[208, 137], [161, 156]]"
disclosure_x_bias,143,init_hard,F1,log_loss,0.6087082459338533,0.8977097493554445,0.655252664824319,0.5498643147896879,0.007319036744204702,0.28105934775845887,0.010933422726956854,0.03374482966473764,"[[2168, 937], [1117, 1736]]","[[208, 137], [161, 156]]"
disclosure_x_bias,144,init_hard,F1,log_loss,0.6085878240895053,0.8979629548496348,0.6552523828323276,0.5498643147896879,0.007315911750850456,0.2811725073547744,0.010565597337476343,0.03374482966473764,"[[2166, 939], [1115, 1738]]","[[208, 137], [161, 156]]"
disclosure_x_bias,145,init_hard,F1,log_loss,0.6084683938689818,0.8979754289190914,0.6562599402176978,0.5498643147896879,0.007311193174041965,0.28121687769810627,0.010857033509671685,0.03374482966473764,"[[2165, 940], [1108, 1745]]","[[208, 137], [161, 156]]"
disclosure_x_bias,146,init_hard,F1,log_loss,0.6083316717244639,0.8979763020113871,0.6562596582257064,0.5468340117593848,0.007319243411588753,0.281111275898668,0.01148319785617619,0.034773856667397504,"[[2164, 941], [1107, 1746]]","[[206, 139], [161, 156]]"
disclosure_x_bias,147,init_hard,F1,log_loss,0.608213560143033,0.8980761604646906,0.6560918729908071,0.5453188602442334,0.007319473684179618,0.2807711290842596,0.010998472559558,0.03368667705927253,"[[2169, 936], [1113, 1740]]","[[207, 138], [163, 154]]"
disclosure_x_bias,148,init_hard,F1,log_loss,0.6080929815087383,0.8979776785662998,0.6560918729908071,0.5468340117593848,0.007311493562897754,0.2807733302496568,0.011139765970214672,0.034773856667397504,"[[2166, 939], [1110, 1743]]","[[207, 138], [162, 155]]"
disclosure_x_bias,149,init_hard,F1,log_loss,0.6079606674190428,0.8982214449361253,0.6565955106874964,0.5468340117593848,0.007314027413573785,0.2805949893345314,0.01121244897561441,0.034773856667397504,"[[2164, 941], [1105, 1748]]","[[206, 139], [161, 156]]"
disclosure_x_bias,150,init_hard,F1,log_loss,0.6078406919347655,0.8982767783019365,0.6574347188539845,0.5468340117593848,0.0073100795122461315,0.2805527779276415,0.011302394759002913,0.034773856667397504,"[[2168, 937], [1104, 1749]]","[[206, 139], [161, 156]]"
disclosure_x_bias,151,init_hard,F1,log_loss,0.6077237684480419,0.8981464419643854,0.6569313631492866,0.5468340117593848,0.007303646048570079,0.28055230459238434,0.010662797894473572,0.032498853824921924,"[[2162, 943], [1101, 1752]]","[[205, 140], [160, 157]]"
disclosure_x_bias,152,init_hard,F1,log_loss,0.6076038556475626,0.898401067729351,0.6565957926794879,0.5483491632745364,0.007301651164911664,0.2804665307507269,0.011368772065908727,0.0357567963260225,"[[2163, 942], [1104, 1749]]","[[206, 139], [160, 157]]"
disclosure_x_bias,153,init_hard,F1,log_loss,0.6074629501943252,0.8983839270882946,0.6570991483841858,0.5468340117593848,0.007314683567797409,0.2804526372717849,0.011397809495755628,0.034773856667397476,"[[2172, 933], [1110, 1743]]","[[206, 139], [161, 156]]"
disclosure_x_bias,154,init_hard,F1,log_loss,0.6073531350907285,0.8984085003054506,0.6579380745586826,0.5453188602442334,0.0073089956932435324,0.28055209725849867,0.010663192314340769,0.03368667705927253,"[[2176, 929], [1109, 1744]]","[[206, 139], [162, 155]]"
disclosure_x_bias,155,init_hard,F1,log_loss,0.6072337154800345,0.8985877242793773,0.6574347188539845,0.5468340117593848,0.007309753847051643,0.28055488751699786,0.011357610760166859,0.034773856667397504,"[[2167, 938], [1103, 1750]]","[[206, 139], [161, 156]]"
disclosure_x_bias,156,init_hard,F1,log_loss,0.6071120722994444,0.8985072007302419,0.6582736450284812,0.5453188602442334,0.007312719403538146,0.2804575277557461,0.009401629158485029,0.028787167212381174,"[[2170, 935], [1101, 1752]]","[[206, 139], [162, 155]]"
disclosure_x_bias,157,init_hard,F1,log_loss,0.6069984012037982,0.8983524704937549,0.6564277254525972,0.5498643147896879,0.007307944608843511,0.28043773969240676,0.010633438294591064,0.034492444558664015,"[[2169, 936], [1111, 1742]]","[[208, 137], [161, 156]]"
disclosure_x_bias,158,init_hard,F1,log_loss,0.6068827050180252,0.8984551360230688,0.6564277254525972,0.5468340117593848,0.007306808998565591,0.2803767894633738,0.010808496409688045,0.034773856667397476,"[[2170, 935], [1112, 1741]]","[[207, 138], [162, 155]]"
disclosure_x_bias,159,init_hard,F1,log_loss,0.6067594823878617,0.8983459140074931,0.6564277254525972,0.5468340117593848,0.007304182678708372,0.28047942146840127,0.0114274554665757,0.034773856667397476,"[[2170, 935], [1112, 1741]]","[[207, 138], [162, 155]]"
disclosure_x_bias,160,init_hard,F1,log_loss,0.6066420495319477,0.8984568131337977,0.6569313631492866,0.5453188602442334,0.007300593668517863,0.2803618857956853,0.011400034759726113,0.03368667705927253,"[[2173, 932], [1112, 1741]]","[[207, 138], [163, 154]]"
disclosure_x_bias,161,init_hard,F1,log_loss,0.6065134010771406,0.8987715261927148,0.6569313631492866,0.5438037087290819,0.007285974120780093,0.2806124942471841,0.010952225043067518,0.03003691374330314,"[[2173, 932], [1112, 1741]]","[[206, 139], [163, 154]]"
disclosure_x_bias,162,init_hard,F1,log_loss,0.6064005010177153,0.8986608393166214,0.6579380745586826,0.5422885572139303,0.007283117863620673,0.2807671571007422,0.008834286385196425,0.026749838231788774,"[[2169, 936], [1102, 1751]]","[[205, 140], [163, 154]]"
disclosure_x_bias,163,init_hard,F1,log_loss,0.6062804661979516,0.8987176810353692,0.6579380745586826,0.5422885572139303,0.007281404315319852,0.2806054433289564,0.008834286385196425,0.026749838231788774,"[[2168, 937], [1101, 1752]]","[[205, 140], [163, 154]]"
disclosure_x_bias,164,init_hard,F1,log_loss,0.6061634057017746,0.8988267279437026,0.6584419942473634,0.5422885572139303,0.007274869675679138,0.2805756294759822,0.009009187862201003,0.026749838231788774,"[[2170, 935], [1100, 1753]]","[[205, 140], [163, 154]]"
disclosure_x_bias,165,init_hard,F1,log_loss,0.6060534441413178,0.8990457700635055,0.658274209012464,0.5453188602442334,0.007270519845532482,0.2806305907493814,0.009005070124857392,0.03368667705927253,"[[2168, 937], [1099, 1754]]","[[205, 140], [161, 156]]"
disclosure_x_bias,166,init_hard,F1,log_loss,0.6059467161359249,0.8989275126391127,0.6584419942473634,0.5438037087290819,0.007265936351349313,0.2806743450669674,0.009009187862201003,0.025438949950240927,"[[2171, 934], [1101, 1752]]","[[206, 139], [163, 154]]"
disclosure_x_bias,167,init_hard,F1,log_loss,0.605836990310882,0.8989195095453134,0.658274209012464,0.5438037087290819,0.007263056967229896,0.28071415394439714,0.009005070124857392,0.025438949950240927,"[[2172, 933], [1103, 1750]]","[[206, 139], [163, 154]]"
disclosure_x_bias,168,init_hard,F1,log_loss,0.6057222797466328,0.8990483035784871,0.6584419942473634,0.5438037087290819,0.007267893698899369,0.28065018912251605,0.009009187862201003,0.025438949950240927,"[[2171, 934], [1101, 1752]]","[[206, 139], [163, 154]]"
disclosure_x_bias,169,init_hard,F1,log_loss,0.6056103893417992,0.8990988397419428,0.6579386385426653,0.5468340117593848,0.007265236454541953,0.28072821573988666,0.008594979979796562,0.03249885382492192,"[[2169, 936], [1102, 1751]]","[[206, 139], [161, 156]]"
disclosure_x_bias,170,init_hard,F1,log_loss,0.6054990566452993,0.8994128642434038,0.6586097794822627,0.5438037087290819,0.007264238618302923,0.2807855236839357,0.009079002096366418,0.028287555252476754,"[[2169, 936], [1098, 1755]]","[[205, 140], [162, 155]]"
disclosure_x_bias,171,init_hard,F1,log_loss,0.6053864599317713,0.8993675083325027,0.6581064237775648,0.5422885572139303,0.007262041512665126,0.28062850692487434,0.008786408000590983,0.026749838231788774,"[[2172, 933], [1104, 1749]]","[[205, 140], [163, 154]]"
disclosure_x_bias,172,init_hard,F1,log_loss,0.6052823667358368,0.8995942241047825,0.6581064237775648,0.5468340117593848,0.0072588241093510504,0.28074505745809397,0.008678950006548473,0.034773856667397504,"[[2167, 938], [1099, 1754]]","[[205, 140], [160, 157]]"
disclosure_x_bias,173,init_hard,F1,log_loss,0.6051649079872892,0.8996393794440565,0.658274209012464,0.5453188602442334,0.007261027763422584,0.28072832065325204,0.008865037967846337,0.037280936468220456,"[[2166, 939], [1097, 1756]]","[[204, 141], [160, 157]]"
disclosure_x_bias,174,init_hard,F1,log_loss,0.6050584059659527,0.8996766449190667,0.658274209012464,0.5498417005879692,0.0072595741816738535,0.2807386144558539,0.008430998091841259,0.036245360125381605,"[[2163, 942], [1094, 1759]]","[[205, 140], [158, 159]]"
disclosure_x_bias,175,init_hard,F1,log_loss,0.6049451938401813,0.899522428057978,0.658441712255372,0.5468113975576662,0.007256553962037819,0.2809225498136455,0.008811166585686946,0.040486509327259404,"[[2161, 944], [1091, 1762]]","[[204, 141], [159, 158]]"
disclosure_x_bias,176,init_hard,F1,log_loss,0.6048399180294934,0.8996248616757019,0.65928092042186,0.5468113975576662,0.007252706244456566,0.2807250324591348,0.00951979308347176,0.037203244816205135,"[[2169, 936], [1094, 1759]]","[[205, 140], [160, 157]]"
disclosure_x_bias,177,init_hard,F1,log_loss,0.6047323636544844,0.8995319299558769,0.6589453499520614,0.5468113975576662,0.007246869417548927,0.28074044198205084,0.00934278103211762,0.035086120008679104,"[[2172, 933], [1099, 1754]]","[[205, 140], [160, 157]]"
disclosure_x_bias,178,init_hard,F1,log_loss,0.6046264075330094,0.8997009750322558,0.6589450679600699,0.5468340117593848,0.00724053989881077,0.2805522896181672,0.009420451238091234,0.034773856667397476,"[[2168, 937], [1095, 1758]]","[[205, 140], [160, 157]]"
disclosure_x_bias,179,init_hard,F1,log_loss,0.6045126946708141,0.899554452491811,0.6589453499520614,0.5513342379014021,0.00723944332687293,0.28077351560554614,0.009173852526953628,0.03732903870147658,"[[2164, 941], [1091, 1762]]","[[206, 139], [158, 159]]"
disclosure_x_bias,180,init_hard,F1,log_loss,0.6044075109306078,0.8996582538197238,0.6589450679600699,0.5468113975576662,0.007238036354782598,0.28065994780872056,0.009586132427294065,0.035086120008679104,"[[2172, 933], [1099, 1754]]","[[206, 139], [161, 156]]"
disclosure_x_bias,181,init_hard,F1,log_loss,0.6043023958011176,0.8995606044241914,0.6594487056567593,0.5468340117593848,0.007231471600868242,0.28073999636904573,0.009795695834276157,0.03621120700260367,"[[2168, 937], [1092, 1761]]","[[204, 141], [159, 158]]"
disclosure_x_bias,182,init_hard,F1,log_loss,0.6041862086297595,0.8995804912995314,0.65928092042186,0.5483265490728177,0.007227435453675083,0.28073916189242215,0.009779122655770333,0.0367621345661955,"[[2168, 937], [1093, 1760]]","[[205, 140], [159, 158]]"
disclosure_x_bias,183,init_hard,F1,log_loss,0.6040725396767848,0.8994739013966534,0.6591134171789521,0.5513116236996833,0.00721435515566582,0.2805897939898013,0.00945455922382762,0.03956666079337159,"[[2168, 937], [1094, 1759]]","[[205, 140], [157, 160]]"
disclosure_x_bias,184,init_hard,F1,log_loss,0.6039722165883487,0.8996316536844914,0.6592812024138515,0.5482813206693804,0.007209670522881248,0.2805482073485137,0.00924101615414254,0.03863584870447795,"[[2172, 933], [1097, 1756]]","[[205, 140], [159, 158]]"
disclosure_x_bias,185,init_hard,F1,log_loss,0.6038584716571196,0.8998712832550304,0.6591134171789521,0.5513116236996833,0.007200456796320427,0.28048963245188085,0.009651024546141572,0.03956666079337159,"[[2169, 936], [1095, 1758]]","[[205, 140], [157, 160]]"
disclosure_x_bias,186,init_hard,F1,log_loss,0.6037567072508179,0.899849681820417,0.6601204105803395,0.5467661691542288,0.007196161116218525,0.28056969665902975,0.009646252671901251,0.04096643767172271,"[[2176, 929], [1096, 1757]]","[[204, 141], [159, 158]]"
disclosure_x_bias,187,init_hard,F1,log_loss,0.6036535932988404,0.8998576435265135,0.6597848401105408,0.5497964721845319,0.007193220906897301,0.2804603703676599,0.009169587298881487,0.04196717642681755,"[[2168, 937], [1090, 1763]]","[[204, 141], [157, 160]]"
disclosure_x_bias,188,init_hard,F1,log_loss,0.6035310020767755,0.8992672810273241,0.6602890417912131,0.5497964721845319,0.0071385789533778745,0.2786931890632612,0.009647738102383275,0.04196717642681755,"[[2168, 937], [1087, 1766]]","[[204, 141], [157, 160]]"
disclosure_x_bias,189,init_hard,F1,log_loss,0.6034177985316367,0.8994095872060418,0.6606243302690203,0.5482813206693804,0.007127436936346406,0.2787645265784299,0.009486108620919127,0.04119210622481848,"[[2172, 933], [1089, 1764]]","[[204, 141], [158, 159]]"
disclosure_x_bias,190,init_hard,F1,log_loss,0.6033080412244106,0.8992266606505808,0.6606243302690203,0.5482813206693804,0.007122266844667155,0.2788663320726102,0.009999790792653824,0.04119210622481848,"[[2171, 934], [1088, 1765]]","[[204, 141], [158, 159]]"
disclosure_x_bias,191,init_hard,F1,log_loss,0.6031960900824027,0.8995064280193951,0.6604565450341211,0.5467661691542288,0.007128741276630033,0.2789419042800373,0.009879643107681118,0.04096643767172271,"[[2175, 930], [1093, 1760]]","[[204, 141], [159, 158]]"
disclosure_x_bias,192,init_hard,F1,log_loss,0.6030752467345872,0.8996352149165135,0.6606243302690203,0.5482813206693804,0.007146239904786327,0.278798977857924,0.009905504710016699,0.04119210622481848,"[[2169, 936], [1086, 1767]]","[[204, 141], [158, 159]]"
disclosure_x_bias,193,init_hard,F1,log_loss,0.6029585313840082,0.8995666091151767,0.6609601827308105,0.5467661691542288,0.007160708131875891,0.2789017970793247,0.010186185604594522,0.04096643767172271,"[[2172, 933], [1087, 1766]]","[[204, 141], [159, 158]]"
disclosure_x_bias,194,init_hard,F1,log_loss,0.6028541876311426,0.8997249013309411,0.6606246122610118,0.5482813206693804,0.007158095060918886,0.27867484933603787,0.010328431638594123,0.04119210622481848,"[[2169, 936], [1086, 1767]]","[[204, 141], [158, 159]]"
disclosure_x_bias,195,init_hard,F1,log_loss,0.6027559571253462,0.8994614645208368,0.6611279679657097,0.5467661691542288,0.00715382175269517,0.27899533770823576,0.010563590193058952,0.04096643767172271,"[[2173, 932], [1087, 1766]]","[[204, 141], [159, 158]]"
disclosure_x_bias,196,init_hard,F1,log_loss,0.60265574005892,0.899675665112523,0.6607923974959111,0.5482813206693804,0.007149171095955445,0.2788630198217931,0.010440416811019643,0.04119210622481848,"[[2169, 936], [1085, 1768]]","[[204, 141], [158, 159]]"
disclosure_x_bias,197,init_hard,F1,log_loss,0.6025543854511588,0.8998010156028403,0.6609599007388189,0.5467661691542288,0.007142825690510849,0.2789104811063256,0.009263754596261022,0.04096643767172271,"[[2166, 939], [1081, 1772]]","[[204, 141], [159, 158]]"
disclosure_x_bias,198,init_hard,F1,log_loss,0.602456188129121,0.8998836526273155,0.6612951892166262,0.5482813206693804,0.007139909730220781,0.2787294071499788,0.009733383879397768,0.04119210622481848,"[[2171, 934], [1084, 1769]]","[[204, 141], [158, 159]]"
disclosure_x_bias,199,init_hard,F1,log_loss,0.6023460880548094,0.9000958716150921,0.6616318876543905,0.5513116236996833,0.007126722603316811,0.278823547068118,0.0099323452883718,0.042066393432990484,"[[2165, 940], [1076, 1777]]","[[204, 141], [156, 161]]"
disclosure_x_bias,200,init_hard,F1,log_loss,0.60224190190006,0.9001708658589933,0.6617993908972986,0.5497964721845319,0.0071205744486176935,0.2787373943142391,0.010039877093568366,0.041354911373490774,"[[2167, 938], [1077, 1776]]","[[204, 141], [157, 160]]"
disclosure_x_bias,201,init_hard,F1,log_loss,0.6021337803122837,0.9003157312371608,0.6616318876543906,0.5513116236996833,0.007120074129588639,0.27883220710327383,0.010088581176520504,0.042066393432990484,"[[2165, 940], [1076, 1777]]","[[204, 141], [156, 161]]"
disclosure_x_bias,202,init_hard,F1,log_loss,0.6020196626815542,0.9002459026434545,0.6617999548812814,0.5513116236996833,0.007119589605398334,0.2788597207326106,0.010327748125342248,0.042066393432990484,"[[2163, 942], [1073, 1780]]","[[204, 141], [156, 161]]"
disclosure_x_bias,203,init_hard,F1,log_loss,0.6019187185296748,0.9004091737622361,0.6619671761321978,0.5513116236996833,0.007122291520285074,0.27872482558055595,0.010196345750757911,0.042066393432990484,"[[2164, 941], [1073, 1780]]","[[204, 141], [156, 161]]"
disclosure_x_bias,204,init_hard,F1,log_loss,0.6018226879582194,0.9005242220811395,0.6612954712086176,0.5513116236996833,0.007116617385269558,0.2788063335761602,0.01049884736363596,0.042066393432990484,"[[2161, 944], [1074, 1779]]","[[204, 141], [156, 161]]"
disclosure_x_bias,205,init_hard,F1,log_loss,0.6017260873400364,0.9006353834858487,0.6614638204274998,0.5513116236996833,0.007111117294269245,0.27883854487332066,0.01027723784004676,0.042066393432990484,"[[2162, 943], [1074, 1779]]","[[204, 141], [156, 161]]"
disclosure_x_bias,206,init_hard,F1,log_loss,0.6016301493365327,0.9007187192491986,0.6623030285939879,0.5497964721845319,0.007107313415312747,0.2787171549351028,0.010480011756841634,0.041354911373490774,"[[2166, 939], [1073, 1780]]","[[204, 141], [157, 160]]"
disclosure_x_bias,207,init_hard,F1,log_loss,0.6015281033826633,0.9007133389749772,0.6619671761321978,0.5497964721845319,0.007104806279047784,0.2787186575372236,0.010675908663807857,0.041354911373490774,"[[2168, 937], [1077, 1776]]","[[204, 141], [157, 160]]"
disclosure_x_bias,208,init_hard,F1,log_loss,0.601434222601398,0.9006958286729088,0.6624708138288873,0.5513116236996833,0.007101475315338681,0.2786378301796861,0.009856059076524456,0.04020616680147565,"[[2171, 934], [1077, 1776]]","[[205, 140], [157, 160]]"
disclosure_x_bias,209,init_hard,F1,log_loss,0.6013321327831466,0.9007520261133518,0.6624705318368959,0.5513116236996833,0.007098733842354074,0.2787371312100946,0.009835725618967853,0.04020616680147565,"[[2171, 934], [1077, 1776]]","[[205, 140], [157, 160]]"
disclosure_x_bias,210,init_hard,F1,log_loss,0.6012327751458607,0.9007699295637707,0.6624705318368959,0.5513116236996833,0.007096697708606609,0.2786449917435845,0.009545214583317425,0.04020616680147565,"[[2171, 934], [1077, 1776]]","[[205, 140], [157, 160]]"
disclosure_x_bias,211,init_hard,F1,log_loss,0.6011289808887765,0.9007971052675037,0.6626385990637866,0.5513116236996833,0.0070938627448932715,0.278606963175265,0.009907256869291165,0.04020616680147565,"[[2170, 935], [1075, 1778]]","[[205, 140], [157, 160]]"
disclosure_x_bias,212,init_hard,F1,log_loss,0.6010291858681628,0.9006886944347045,0.6626385990637866,0.5497964721845319,0.007096593905265241,0.27844451847164453,0.009781656992098034,0.04010234768250568,"[[2174, 931], [1079, 1774]]","[[204, 141], [157, 160]]"
disclosure_x_bias,213,init_hard,F1,log_loss,0.6009327169112052,0.9008893977882245,0.6626385990637866,0.5513116236996833,0.0070965037853288546,0.2785081811624706,0.009454912714365457,0.04020616680147565,"[[2169, 936], [1074, 1779]]","[[205, 140], [157, 160]]"
disclosure_x_bias,214,init_hard,F1,log_loss,0.6008380606500109,0.9009150823925047,0.6634772432462918,0.5482813206693804,0.0070916780689685216,0.2785081401284523,0.009284797570241624,0.04119210622481848,"[[2175, 930], [1075, 1778]]","[[204, 141], [158, 159]]"
disclosure_x_bias,215,init_hard,F1,log_loss,0.600746449398699,0.9009518252032931,0.6638133777000733,0.5482813206693804,0.007088145124992093,0.2782162881429732,0.009089350093629916,0.04119210622481848,"[[2173, 932], [1071, 1782]]","[[204, 141], [158, 159]]"
disclosure_x_bias,216,init_hard,F1,log_loss,0.6006526403800249,0.9007868844689296,0.6643172973887541,0.5482813206693804,0.007084419272465269,0.2783402964765888,0.009104646721212174,0.04119210622481848,"[[2175, 930], [1070, 1783]]","[[204, 141], [158, 159]]"
disclosure_x_bias,217,init_hard,F1,log_loss,0.600557165096444,0.9010968323439673,0.6643172973887541,0.5467661691542288,0.007082385844861416,0.27816728494093995,0.008646492070533193,0.042793628300276276,"[[2172, 933], [1067, 1786]]","[[203, 142], [158, 159]]"
disclosure_x_bias,218,init_hard,F1,log_loss,0.6004615910743926,0.9010238017385446,0.6653237268061587,0.5482813206693804,0.007081567794125595,0.2780966749548672,0.00804378589242262,0.04119210622481848,"[[2175, 930], [1064, 1789]]","[[204, 141], [158, 159]]"
disclosure_x_bias,219,init_hard,F1,log_loss,0.6003640706355388,0.9012241728062504,0.6649884383283514,0.5467661691542288,0.007077602620822933,0.27820972646990133,0.007501164339773031,0.040338986266151886,"[[2175, 930], [1066, 1787]]","[[203, 142], [158, 159]]"
disclosure_x_bias,220,init_hard,F1,log_loss,0.6002687995517098,0.9010217890927403,0.66465230387457,0.5482813206693804,0.0070804552760389385,0.2782072663377842,0.00829963107880596,0.04119210622481848,"[[2172, 933], [1065, 1788]]","[[204, 141], [158, 159]]"
disclosure_x_bias,221,init_hard,F1,log_loss,0.6001776618151948,0.901078891545555,0.6653242907901415,0.5482813206693804,0.007077043632630754,0.27811258489853125,0.008325270496286575,0.04056814529537153,"[[2176, 929], [1065, 1788]]","[[204, 141], [158, 159]]"
disclosure_x_bias,222,init_hard,F1,log_loss,0.6000837620279347,0.9008639932021252,0.6648200891094693,0.5482813206693804,0.007071872020864022,0.2782428622642145,0.008423723921964886,0.04119210622481848,"[[2178, 927], [1070, 1783]]","[[205, 140], [159, 158]]"
disclosure_x_bias,223,init_hard,F1,log_loss,0.5999880144902747,0.901020403665105,0.6648209350854436,0.5482813206693804,0.007074888066354241,0.2784350998512066,0.007519390440384417,0.04300971079683969,"[[2170, 935], [1062, 1791]]","[[203, 142], [157, 160]]"
disclosure_x_bias,224,init_hard,F1,log_loss,0.5998967191246779,0.9009167194913313,0.6651559415712593,0.5467661691542288,0.007072883685272339,0.27830342861895546,0.008424300572681372,0.042193357540871904,"[[2172, 933], [1062, 1791]]","[[203, 142], [158, 159]]"
disclosure_x_bias,225,init_hard,F1,log_loss,0.5998050571765198,0.9009161208790065,0.6659959957137217,0.5467661691542288,0.007070596773582687,0.27845467528272433,0.008340428765080416,0.042793628300276276,"[[2174, 931], [1059, 1794]]","[[202, 143], [157, 160]]"
disclosure_x_bias,226,init_hard,F1,log_loss,0.5997081412722841,0.9010821494472161,0.6656598612599403,0.5467661691542288,0.0070692171856748705,0.2785544001101357,0.008862989902797474,0.04096643767172271,"[[2180, 925], [1067, 1786]]","[[204, 141], [159, 158]]"
disclosure_x_bias,227,init_hard,F1,log_loss,0.5996038315824418,0.9011271767061206,0.6656598612599403,0.5482813206693804,0.00706475354303286,0.2784903717778963,0.008465873736119888,0.04300971079683969,"[[2174, 931], [1061, 1792]]","[[203, 142], [157, 160]]"
disclosure_x_bias,228,init_hard,F1,log_loss,0.5994968634606738,0.9013892035931491,0.6658276464948395,0.5452510176390774,0.007068491170261865,0.2785022403657747,0.00885298664039374,0.041912257164142735,"[[2179, 926], [1065, 1788]]","[[202, 143], [158, 159]]"
disclosure_x_bias,229,init_hard,F1,log_loss,0.5994004861494162,0.9014161077043518,0.6658273645028482,0.5452510176390774,0.007067711994354657,0.27835689603676433,0.00879472951631798,0.041912257164142735,"[[2180, 925], [1066, 1787]]","[[202, 143], [158, 159]]"
disclosure_x_bias,230,init_hard,F1,log_loss,0.5993037456212568,0.9014638968936757,0.6661632169646382,0.5452510176390774,0.007075088945667483,0.2783665905103944,0.009237988279049111,0.041912257164142735,"[[2180, 925], [1064, 1789]]","[[202, 143], [158, 159]]"
disclosure_x_bias,231,init_hard,F1,log_loss,0.5992001801683504,0.9015044933326035,0.6663318481755118,0.5452510176390774,0.007084047616360196,0.27813920117409874,0.008362368124403599,0.041912257164142735,"[[2180, 925], [1063, 1790]]","[[202, 143], [158, 159]]"
disclosure_x_bias,232,init_hard,F1,log_loss,0.5991080238282931,0.9014008608603643,0.6659951497377474,0.5452510176390774,0.007085032549069201,0.2782749032455117,0.009727503460634716,0.041912257164142735,"[[2178, 927], [1063, 1790]]","[[202, 143], [158, 159]]"
disclosure_x_bias,233,init_hard,F1,log_loss,0.5990184104451369,0.9013766511183847,0.6670029891151091,0.5452510176390774,0.007079931506300188,0.27820808940973796,0.009373466411537036,0.040044870994949765,"[[2185, 920], [1064, 1789]]","[[203, 142], [159, 158]]"
disclosure_x_bias,234,init_hard,F1,log_loss,0.5989248281713246,0.9015623628472442,0.6666665726693362,0.5437358661239258,0.0070748883508944,0.278080121827234,0.009030817683944033,0.041567940294914514,"[[2185, 920], [1066, 1787]]","[[202, 143], [159, 158]]"
disclosure_x_bias,235,init_hard,F1,log_loss,0.5988356700624847,0.9016238942909446,0.6663304382155546,0.5437358661239258,0.007072324785728421,0.278260585608889,0.009736960872246146,0.041567940294914514,"[[2181, 924], [1064, 1789]]","[[202, 143], [159, 158]]"
disclosure_x_bias,236,init_hard,F1,log_loss,0.5987469687182663,0.901870219117515,0.6670021431391349,0.5437358661239258,0.007069781690058625,0.2781138269337729,0.009441732916952043,0.041567940294914514,"[[2181, 924], [1060, 1793]]","[[202, 143], [159, 158]]"
disclosure_x_bias,237,init_hard,F1,log_loss,0.5986433214803843,0.9019285370285959,0.6673377136089335,0.5437358661239258,0.007072852097348272,0.2780964054012982,0.00923179180393285,0.041567940294914514,"[[2182, 923], [1059, 1794]]","[[202, 143], [159, 158]]"
disclosure_x_bias,238,init_hard,F1,log_loss,0.5985458478628704,0.9019159456945088,0.6668340759122441,0.5437358661239258,0.007074713129846706,0.27809173172720464,0.009808862893170374,0.041567940294914514,"[[2180, 925], [1060, 1793]]","[[202, 143], [159, 158]]"
disclosure_x_bias,239,init_hard,F1,log_loss,0.5984481245884348,0.9018620900350192,0.6671702103660256,0.5437358661239258,0.007073748477443601,0.2783020373023493,0.009225985656118468,0.041567940294914514,"[[2182, 923], [1060, 1793]]","[[202, 143], [159, 158]]"
disclosure_x_bias,240,init_hard,F1,log_loss,0.5983328221453191,0.9012934002904227,0.6673374316169421,0.5437358661239258,0.007032156277542022,0.2765346589167081,0.00967381944666241,0.041567940294914514,"[[2179, 926], [1056, 1797]]","[[202, 143], [159, 158]]"
disclosure_x_bias,241,init_hard,F1,log_loss,0.5982444198255552,0.901294202631504,0.6664982234504541,0.5437358661239258,0.007030505287714887,0.27643262750097275,0.009583804378781733,0.041567940294914514,"[[2178, 927], [1060, 1793]]","[[202, 143], [159, 158]]"
disclosure_x_bias,242,init_hard,F1,log_loss,0.5981560705433322,0.9013011620811376,0.6670018611471434,0.5452284034373587,0.007025043193082122,0.2763878274927432,0.009385712081601714,0.04389628269406333,"[[2175, 930], [1054, 1799]]","[[202, 143], [158, 159]]"
disclosure_x_bias,243,init_hard,F1,log_loss,0.598062187309408,0.9012652570292772,0.6680091365405223,0.542243328810493,0.007020221067013349,0.2762755764274293,0.009690500886860135,0.039666825421324284,"[[2187, 918], [1060, 1793]]","[[202, 143], [160, 157]]"
disclosure_x_bias,244,init_hard,F1,log_loss,0.59797177717494,0.9013633222313656,0.6675054988438329,0.5452284034373587,0.007018797411147609,0.27625096207672123,0.009014983210623604,0.04389628269406333,"[[2180, 925], [1056, 1797]]","[[202, 143], [158, 159]]"
disclosure_x_bias,245,init_hard,F1,log_loss,0.5978762458069374,0.9013491069008124,0.6681774857594045,0.542243328810493,0.007018462896041697,0.2762744727010208,0.00934951746246054,0.039666825421324284,"[[2189, 916], [1061, 1792]]","[[202, 143], [160, 157]]"
disclosure_x_bias,246,init_hard,F1,log_loss,0.5977852037016971,0.9012457360473627,0.6680094185325137,0.545273631840796,0.007019424366752118,0.27645059999332167,0.008940051486236956,0.04107199481478666,"[[2184, 921], [1057, 1796]]","[[202, 143], [158, 159]]"
disclosure_x_bias,247,init_hard,F1,log_loss,0.5976820545910471,0.9014947539622933,0.6680099825164966,0.5437584803256444,0.007020987810854603,0.27639654269298186,0.008916915649482096,0.040090223962921216,"[[2184, 921], [1057, 1796]]","[[202, 143], [159, 158]]"
disclosure_x_bias,248,init_hard,F1,log_loss,0.5975897789834967,0.9014677541050921,0.6676732840787322,0.5467435549525101,0.00701354666894291,0.2763434426048008,0.009070906232140812,0.044165618940857965,"[[2177, 928], [1052, 1801]]","[[202, 143], [157, 160]]"
disclosure_x_bias,249,init_hard,F1,log_loss,0.5975048866582768,0.9014734832877004,0.6686808414641024,0.542243328810493,0.007010356674776584,0.276242375641264,0.009159527914413539,0.039666825421324284,"[[2189, 916], [1058, 1795]]","[[202, 143], [160, 157]]"
disclosure_x_bias,250,init_hard,F1,log_loss,0.5974201480435335,0.9014488154850124,0.6685127742372117,0.5482587064676616,0.007008220804799432,0.27627782069360607,0.009240222633300658,0.04494701147772049,"[[2180, 925], [1050, 1803]]","[[202, 143], [156, 161]]"
disclosure_x_bias,251,init_hard,F1,log_loss,0.5973165414308598,0.9015327488106051,0.6688489086909932,0.542243328810493,0.007015301916829292,0.2765224724523739,0.008831624799286023,0.039666825421324284,"[[2191, 914], [1059, 1794]]","[[202, 143], [160, 157]]"
disclosure_x_bias,252,init_hard,F1,log_loss,0.5972245748089476,0.9014811749894955,0.6690166939258925,0.5452510176390774,0.007015974079616314,0.27633320630706965,0.009138539008952878,0.04251649683503552,"[[2190, 915], [1057, 1796]]","[[202, 143], [158, 159]]"
disclosure_x_bias,253,init_hard,F1,log_loss,0.5971390046263869,0.9013404760185567,0.669016975917884,0.5437358661239258,0.007013559925054237,0.27637983893706675,0.00795482317512427,0.041567940294914514,"[[2192, 913], [1059, 1794]]","[[202, 143], [159, 158]]"
disclosure_x_bias,254,init_hard,F1,log_loss,0.5970377466815534,0.9014019066635444,0.6688491906829845,0.5437358661239258,0.007001024178251592,0.2763514261124062,0.007763144211553361,0.041567940294914514,"[[2192, 913], [1060, 1793]]","[[202, 143], [159, 158]]"
disclosure_x_bias,255,init_hard,F1,log_loss,0.5969484476366678,0.9013835565148443,0.6695208956065648,0.5422207146087743,0.007000923136073774,0.27635492807010764,0.008156516974570262,0.038600358673922586,"[[2192, 913], [1056, 1797]]","[[202, 143], [160, 157]]"
disclosure_x_bias,256,init_hard,F1,log_loss,0.5968564756849198,0.901404399764089,0.6690172579098753,0.5437358661239258,0.006998911138580369,0.2765283576887808,0.007981803389242762,0.041567940294914514,"[[2192, 913], [1059, 1794]]","[[202, 143], [159, 158]]"
disclosure_x_bias,257,init_hard,F1,log_loss,0.5967683936412105,0.901548296660531,0.6691847611527832,0.5437358661239258,0.006992731271537444,0.27658773409042886,0.008252650970308847,0.041567940294914514,"[[2190, 915], [1056, 1797]]","[[202, 143], [159, 158]]"
disclosure_x_bias,258,init_hard,F1,log_loss,0.5966834786150326,0.9015705405046279,0.669352828379674,0.5437358661239258,0.006991224319886575,0.27659965166214817,0.008813607094404074,0.041567940294914514,"[[2191, 914], [1056, 1797]]","[[202, 143], [159, 158]]"
disclosure_x_bias,259,init_hard,F1,log_loss,0.5965848351174348,0.9018352018170914,0.6693525463876826,0.542243328810493,0.006977732169630423,0.27651164444366705,0.008681769080416214,0.039666825421324284,"[[2191, 914], [1056, 1797]]","[[201, 144], [159, 158]]"
disclosure_x_bias,260,init_hard,F1,log_loss,0.5964992607421308,0.901916850054916,0.6695206136145734,0.542243328810493,0.006975090618519179,0.2764944900307404,0.008433310598640735,0.039666825421324284,"[[2191, 914], [1055, 1798]]","[[201, 144], [159, 158]]"
disclosure_x_bias,261,init_hard,F1,log_loss,0.5964131139465281,0.9019516460976078,0.6693525463876826,0.542243328810493,0.006975398695949927,0.27652570334080906,0.008161785964347763,0.039666825421324284,"[[2191, 914], [1056, 1797]]","[[201, 144], [159, 158]]"
disclosure_x_bias,262,init_hard,F1,log_loss,0.596317967307602,0.9017251070447827,0.669856184084372,0.542243328810493,0.006982447765084114,0.2765715127204639,0.008715359408421752,0.039666825421324284,"[[2192, 913], [1054, 1799]]","[[201, 144], [159, 158]]"
disclosure_x_bias,263,init_hard,F1,log_loss,0.5962270571549105,0.9019475982201648,0.6696878348654899,0.542243328810493,0.006985869738910526,0.27644027637273405,0.0086184326014675,0.039666825421324284,"[[2193, 912], [1056, 1797]]","[[201, 144], [159, 158]]"
disclosure_x_bias,264,init_hard,F1,log_loss,0.5961403016802395,0.9018771079906023,0.6698559020923807,0.5437358661239258,0.006983785895184342,0.27648221030538706,0.008762376197367475,0.041567940294914514,"[[2192, 913], [1054, 1799]]","[[202, 143], [159, 158]]"
disclosure_x_bias,265,init_hard,F1,log_loss,0.5960569750996034,0.9020301787830917,0.6696878348654899,0.542243328810493,0.006982815810238008,0.27660140444161874,0.007698249269320013,0.039666825421324284,"[[2194, 911], [1057, 1796]]","[[201, 144], [159, 158]]"
disclosure_x_bias,266,init_hard,F1,log_loss,0.5959733276006993,0.901963479615348,0.6701914725621793,0.542243328810493,0.006980449889784519,0.2765434065224729,0.008809789170137992,0.039666825421324284,"[[2195, 910], [1055, 1798]]","[[201, 144], [159, 158]]"
disclosure_x_bias,267,init_hard,F1,log_loss,0.5958899297438325,0.9020456522641954,0.6700234053352885,0.5407281772953414,0.0069780709016626615,0.27660200835291776,0.008491635393155485,0.036476371670439024,"[[2191, 914], [1052, 1801]]","[[201, 144], [160, 157]]"
disclosure_x_bias,268,init_hard,F1,log_loss,0.595803424098861,0.9021683254982662,0.6706948282668772,0.5407281772953414,0.006974264067890448,0.2764917441596544,0.009217466203552183,0.036476371670439024,"[[2195, 910], [1052, 1801]]","[[201, 144], [160, 157]]"
disclosure_x_bias,269,init_hard,F1,log_loss,0.5957196278528277,0.9021439124510794,0.6706948282668772,0.542243328810493,0.006972093449265675,0.2764038248790588,0.008871623794887915,0.03700535405700643,"[[2191, 914], [1048, 1805]]","[[201, 144], [159, 158]]"
disclosure_x_bias,270,init_hard,F1,log_loss,0.5956241371225179,0.9021999712254514,0.6708620495177937,0.5407281772953414,0.006968843511657077,0.2764442778273675,0.009023869979855138,0.036476371670439024,"[[2195, 910], [1051, 1802]]","[[201, 144], [160, 157]]"
disclosure_x_bias,271,init_hard,F1,log_loss,0.5955397696365066,0.9022290926632767,0.6717026676442389,0.542243328810493,0.0069670561765628565,0.2762189088900905,0.008564356586354165,0.037688346095507544,"[[2200, 905], [1051, 1802]]","[[201, 144], [159, 158]]"
disclosure_x_bias,272,init_hard,F1,log_loss,0.5954588466898012,0.9021739316559471,0.6710301167446844,0.5407281772953414,0.006963975337166994,0.27654974096503787,0.00910306731714753,0.036476371670439024,"[[2197, 908], [1052, 1801]]","[[201, 144], [160, 157]]"
disclosure_x_bias,273,init_hard,F1,log_loss,0.5953753875225216,0.9023708677562512,0.6717026676442389,0.542243328810493,0.0069620367469863135,0.27649256308680276,0.008152707025096781,0.03700535405700643,"[[2199, 906], [1050, 1803]]","[[201, 144], [159, 158]]"
disclosure_x_bias,274,init_hard,F1,log_loss,0.5952889873332137,0.9022778208919077,0.6711981839715752,0.542243328810493,0.006956437181323109,0.27653919579255043,0.00897064418948195,0.037688346095507544,"[[2196, 909], [1050, 1803]]","[[201, 144], [159, 158]]"
disclosure_x_bias,275,init_hard,F1,log_loss,0.5952096755319316,0.9024677634979075,0.6717023856522475,0.542243328810493,0.006954203352900228,0.2766013561950779,0.007892602538977007,0.037688346095507544,"[[2200, 905], [1051, 1802]]","[[201, 144], [159, 158]]"
disclosure_x_bias,276,init_hard,F1,log_loss,0.595118451329232,0.9022967171244856,0.6718704528791382,0.5437584803256444,0.00696266990260113,0.2766087593405432,0.007884131204667582,0.03677159290465143,"[[2200, 905], [1050, 1803]]","[[202, 143], [159, 158]]"
disclosure_x_bias,277,init_hard,F1,log_loss,0.595030839173534,0.9026575442692885,0.6713659692064745,0.545273631840796,0.006965460879846353,0.27629515631607526,0.007670509860323669,0.035039576699678804,"[[2195, 910], [1048, 1805]]","[[202, 143], [158, 159]]"
disclosure_x_bias,278,init_hard,F1,log_loss,0.5949370949491449,0.9027225635190625,0.6720382381140375,0.545273631840796,0.006974145724847681,0.27645549255942115,0.007601964096416634,0.035039576699678804,"[[2200, 905], [1049, 1804]]","[[202, 143], [158, 159]]"
disclosure_x_bias,279,init_hard,F1,log_loss,0.5948531636526015,0.9027750073807284,0.6722063053409283,0.545273631840796,0.006972303064837419,0.2764923918536488,0.007204631141229426,0.03850776477471062,"[[2202, 903], [1050, 1803]]","[[201, 144], [157, 160]]"
disclosure_x_bias,280,init_hard,F1,log_loss,0.5947591276110873,0.9026683264418413,0.672541875810727,0.5483039348710991,0.006971869729850332,0.2765355293634968,0.007482774470201321,0.03491113244052487,"[[2202, 903], [1048, 1805]]","[[202, 143], [156, 161]]"
disclosure_x_bias,281,init_hard,F1,log_loss,0.5946786495268684,0.902763772606575,0.6722063053409283,0.5467887833559475,0.0069710262491705565,0.2765783031234811,0.007204631141229426,0.0381496883774872,"[[2201, 904], [1049, 1804]]","[[201, 144], [156, 161]]"
disclosure_x_bias,282,init_hard,F1,log_loss,0.5945926259973933,0.902871635648163,0.672541875810727,0.5467887833559475,0.006970082667966902,0.2765639217425111,0.007482774470201321,0.035374254948733065,"[[2201, 904], [1047, 1806]]","[[201, 144], [156, 161]]"
disclosure_x_bias,283,init_hard,F1,log_loss,0.5945115674201908,0.9028746799223886,0.6725415938187356,0.5483039348710991,0.006970076787140222,0.27662638424734326,0.007783145051956627,0.03491113244052487,"[[2201, 904], [1047, 1806]]","[[202, 143], [156, 161]]"
disclosure_x_bias,284,init_hard,F1,log_loss,0.5944220280996482,0.9030084445843958,0.6727093790536348,0.545273631840796,0.006967219027838332,0.2764918437540157,0.007847790657402374,0.03715935337009699,"[[2201, 904], [1046, 1807]]","[[201, 144], [157, 160]]"
disclosure_x_bias,285,init_hard,F1,log_loss,0.5943407139471383,0.9029188093420055,0.672541875810727,0.5467887833559475,0.006964736143960736,0.276582928544288,0.007524460858922542,0.03881254856138329,"[[2200, 905], [1046, 1807]]","[[200, 145], [155, 162]]"
disclosure_x_bias,286,init_hard,F1,log_loss,0.5942516889110099,0.9029335872875748,0.6723738085838362,0.545273631840796,0.00696954015081852,0.2764557061277612,0.00775434802534593,0.0404461809759031,"[[2198, 907], [1045, 1808]]","[[200, 145], [156, 161]]"
disclosure_x_bias,287,init_hard,F1,log_loss,0.5941681647755799,0.9029301422360925,0.6718704528791382,0.545273631840796,0.006969801733324258,0.27659215042348445,0.007764602138081517,0.041071994814786635,"[[2200, 905], [1050, 1803]]","[[200, 145], [156, 161]]"
disclosure_x_bias,288,init_hard,F1,log_loss,0.5940858679587329,0.9029976661808284,0.6725415938187356,0.545273631840796,0.006958212506172983,0.27649402469066825,0.007742851506663206,0.03981053067977306,"[[2202, 903], [1048, 1805]]","[[201, 144], [157, 160]]"
disclosure_x_bias,289,init_hard,F1,log_loss,0.5939997733961019,0.9030565560372829,0.6720382381140375,0.545273631840796,0.006959557512258806,0.27652054926194214,0.007683817606784305,0.041071994814786635,"[[2200, 905], [1049, 1804]]","[[200, 145], [156, 161]]"
disclosure_x_bias,290,init_hard,F1,log_loss,0.5939185958251435,0.9030700591795636,0.6720382381140375,0.5483039348710991,0.00695890730129141,0.2765967890678383,0.007925369052160337,0.040962470519404166,"[[2197, 908], [1046, 1807]]","[[201, 144], [155, 162]]"
disclosure_x_bias,291,init_hard,F1,log_loss,0.5938409465183029,0.9030141033466188,0.6722060233489369,0.5467887833559475,0.006956186441172307,0.2766010481807834,0.008344049690289438,0.041357886018885875,"[[2197, 908], [1045, 1808]]","[[200, 145], [155, 162]]"
disclosure_x_bias,292,init_hard,F1,log_loss,0.5937634089285222,0.90320911141258,0.6725421578027184,0.5483039348710991,0.006953661291886439,0.2766110975518629,0.00738531557604103,0.039049691208279655,"[[2200, 905], [1046, 1807]]","[[201, 144], [155, 162]]"
disclosure_x_bias,293,init_hard,F1,log_loss,0.5936784476467606,0.9030343384973897,0.6722060233489369,0.5467887833559475,0.006957289593589766,0.2766337856451903,0.007921357660137735,0.03946427661012033,"[[2205, 900], [1053, 1800]]","[[200, 145], [155, 162]]"
disclosure_x_bias,294,init_hard,F1,log_loss,0.5935954258061594,0.9032128851645913,0.6722063053409284,0.5483039348710991,0.006957998765689855,0.27651613405811915,0.0077887787309064175,0.039049691208279655,"[[2203, 902], [1051, 1802]]","[[201, 144], [155, 162]]"
disclosure_x_bias,295,init_hard,F1,log_loss,0.5935153046524927,0.903142939004827,0.6720382381140376,0.5483039348710991,0.0069532380941437115,0.2765983591262383,0.008042247439077095,0.039049691208279655,"[[2199, 906], [1048, 1805]]","[[201, 144], [155, 162]]"
disclosure_x_bias,296,init_hard,F1,log_loss,0.5934288721636835,0.9033922825098815,0.6727090970616435,0.5513116236996833,0.006947796849282048,0.2763611812445433,0.008620222021733114,0.04083565906653688,"[[2201, 904], [1046, 1807]]","[[202, 143], [154, 163]]"
disclosure_x_bias,297,init_hard,F1,log_loss,0.5933406231440019,0.9032860616457044,0.6720379561220462,0.5513342379014021,0.006934217126544202,0.2763827324530136,0.007818708283253576,0.03996896221442021,"[[2195, 910], [1044, 1809]]","[[201, 144], [153, 164]]"
disclosure_x_bias,298,init_hard,F1,log_loss,0.5932449922608952,0.9033197353172685,0.6723735265918448,0.5483039348710991,0.006942679649149989,0.2763191950336796,0.0084245664682647,0.039049691208279655,"[[2204, 901], [1051, 1802]]","[[201, 144], [155, 162]]"
disclosure_x_bias,299,init_hard,F1,log_loss,0.5931477751661764,0.9032250495422709,0.672541875810727,0.5483039348710991,0.006944313612274467,0.2763221865191664,0.008201285646446605,0.039049691208279655,"[[2200, 905], [1046, 1807]]","[[201, 144], [155, 162]]"
disclosure_x_bias,300,init_hard,F1,log_loss,0.5930683098241297,0.9031503347212263,0.6727093790536349,0.5483039348710991,0.006944451398615525,0.2761380624293367,0.007887548139185756,0.039049691208279655,"[[2202, 903], [1047, 1806]]","[[201, 144], [155, 162]]"
disclosure_x_bias,1,init_hard,F1,exponential,27.0765760990323,30.113200949768732,0.6181583103039874,0.5468566259611036,14.862008298231043,33.90156910793008,0.02399627250590758,0.024994530524254606,"[[2030, 1075], [1200, 1653]]","[[209, 136], [164, 153]]"
disclosure_x_bias,2,init_hard,F1,exponential,27.091928534652446,30.21332883974108,0.6189986464384412,0.5468566259611036,14.858642343937564,34.15156882910767,0.022542693543351464,0.024994530524254606,"[[2037, 1068], [1202, 1651]]","[[209, 136], [164, 153]]"
disclosure_x_bias,3,init_hard,F1,exponential,27.039807444762015,30.03869485183457,0.6206779087473916,0.5483717774762551,14.869903726332176,34.055596162364466,0.022940269284554365,0.02634345820143053,"[[2048, 1057], [1203, 1650]]","[[210, 135], [164, 153]]"
disclosure_x_bias,4,init_hard,F1,exponential,26.92708521637786,30.125893301411075,0.6215165529298968,0.5483717774762551,14.804428410944043,34.29302418585275,0.02314324904939431,0.02634345820143053,"[[2053, 1052], [1203, 1650]]","[[210, 135], [164, 153]]"
disclosure_x_bias,5,init_hard,F1,exponential,26.9331620350072,30.097949856646107,0.6240364333652925,0.5438715513342378,14.812372239908905,34.26563212556051,0.02136093757999801,0.027877195430870284,"[[2084, 1021], [1219, 1634]]","[[210, 135], [167, 150]]"
disclosure_x_bias,6,init_hard,F1,exponential,26.82278885900704,29.9945092048553,0.6242045005921832,0.5438715513342378,14.764195899155641,34.501382719555345,0.02158236055978644,0.027877195430870284,"[[2085, 1020], [1219, 1634]]","[[210, 135], [167, 150]]"
disclosure_x_bias,7,init_hard,F1,exponential,26.54034154015192,29.710333410502066,0.6253792792284699,0.5438715513342378,14.696578837459928,34.49706912303537,0.02158905402542831,0.027877195430870284,"[[2092, 1013], [1219, 1634]]","[[210, 135], [167, 150]]"
disclosure_x_bias,8,init_hard,F1,exponential,26.529131383026247,29.68900233198343,0.6255470644633693,0.5438715513342378,14.681208180723852,34.47845268588792,0.021425055084503125,0.027877195430870284,"[[2097, 1008], [1223, 1630]]","[[210, 135], [167, 150]]"
disclosure_x_bias,9,init_hard,F1,exponential,26.540209651192093,29.757106274474843,0.6272249168123626,0.5544776119402985,14.677899460726248,34.679117918744495,0.017445556613574057,0.05151257809546473,"[[2066, 1039], [1182, 1671]]","[[209, 136], [159, 158]]"
disclosure_x_bias,10,init_hard,F1,exponential,26.503955068197246,29.721715521941668,0.6278960577519599,0.5544776119402985,14.65568725827079,34.64361442110977,0.016446884057227936,0.05151257809546473,"[[2073, 1032], [1185, 1668]]","[[209, 136], [159, 158]]"
disclosure_x_bias,11,init_hard,F1,exponential,26.29107694015193,29.46735945655464,0.6277279905250691,0.5544776119402985,14.625871682779154,34.64712353885495,0.016197842294226335,0.05151257809546473,"[[2070, 1035], [1183, 1670]]","[[209, 136], [159, 158]]"
disclosure_x_bias,12,init_hard,F1,exponential,26.247971022970184,29.3989925740174,0.6289024871693644,0.5544776119402985,14.626799017074564,34.87332443442563,0.014935296163352938,0.05151257809546473,"[[2094, 1011], [1200, 1653]]","[[211, 134], [161, 156]]"
disclosure_x_bias,13,init_hard,F1,exponential,26.213007440491726,29.389895602752432,0.6295739101009532,0.5575079149706015,14.599275601567118,34.884366423272425,0.015216766502907826,0.05278865485291557,"[[2099, 1006], [1201, 1652]]","[[213, 132], [161, 156]]"
disclosure_x_bias,14,init_hard,F1,exponential,26.197485237155973,29.385964367982133,0.630077265805651,0.559023066485753,14.587258137994157,34.88669669621131,0.01528592171778537,0.05262143276816594,"[[2104, 1001], [1203, 1650]]","[[214, 131], [161, 156]]"
disclosure_x_bias,15,init_hard,F1,exponential,25.998175872700035,29.249870998590808,0.630077265805651,0.559023066485753,14.546112731694027,34.93189048958187,0.01528592171778537,0.05262143276816594,"[[2105, 1000], [1204, 1649]]","[[214, 131], [161, 156]]"
disclosure_x_bias,16,init_hard,F1,exponential,25.971945418119816,29.245907799945115,0.6304131182674413,0.559023066485753,14.515611600343398,34.9229856761305,0.015107656744900746,0.05262143276816594,"[[2107, 998], [1204, 1649]]","[[214, 131], [161, 156]]"
disclosure_x_bias,17,init_hard,F1,exponential,25.88921323046153,29.145022092381303,0.6304131182674413,0.559023066485753,14.488041903226428,35.09625937970572,0.01510765674490076,0.05262143276816594,"[[2111, 994], [1208, 1645]]","[[215, 130], [162, 155]]"
disclosure_x_bias,18,init_hard,F1,exponential,25.884589729167583,29.01966211146841,0.630581185494332,0.5575305291723203,14.522737143457707,35.02675707350938,0.014884854663322485,0.054427058818320065,"[[2105, 1000], [1201, 1652]]","[[214, 131], [162, 155]]"
disclosure_x_bias,19,init_hard,F1,exponential,25.898708475108663,29.036203426464795,0.6307492527212227,0.5575305291723203,14.52719220975767,35.05558704092801,0.014677923430438486,0.054427058818320065,"[[2105, 1000], [1200, 1653]]","[[214, 131], [162, 155]]"
disclosure_x_bias,20,init_hard,F1,exponential,25.791767244975187,29.013724415542463,0.6304134002594326,0.5575305291723203,14.49418079250691,35.03438536264133,0.014376135414239828,0.054427058818320065,"[[2103, 1002], [1200, 1653]]","[[214, 131], [162, 155]]"
disclosure_x_bias,21,init_hard,F1,exponential,25.677257223983695,28.863980122382976,0.6305814674863234,0.5575305291723203,14.4562867466637,35.06029086616996,0.014621908750319703,0.054427058818320065,"[[2106, 999], [1202, 1651]]","[[214, 131], [162, 155]]"
disclosure_x_bias,22,init_hard,F1,exponential,25.674136858221953,28.940669203302196,0.6309170379561221,0.5575305291723203,14.435068787695633,35.230549589376956,0.014774007313641048,0.054427058818320065,"[[2106, 999], [1200, 1653]]","[[214, 131], [162, 155]]"
disclosure_x_bias,23,init_hard,F1,exponential,25.68551372900719,28.924475802250566,0.6312526084259207,0.5575305291723203,14.434977203224326,35.2147553682284,0.015083000672632135,0.054427058818320065,"[[2109, 996], [1201, 1652]]","[[214, 131], [162, 155]]"
disclosure_x_bias,24,init_hard,F1,exponential,25.602831695412032,28.75898056443129,0.6317559641306187,0.5560153776571687,14.427351222333066,35.210912225734475,0.015316989342932267,0.054542701143771764,"[[2113, 992], [1202, 1651]]","[[214, 131], [163, 154]]"
disclosure_x_bias,25,init_hard,F1,exponential,25.591323837499328,28.741949474741197,0.6332665952286956,0.5560153776571687,14.427337963625092,35.175712899751275,0.014282472067502718,0.054542701143771764,"[[2098, 1007], [1178, 1675]]","[[212, 133], [161, 156]]"
disclosure_x_bias,26,init_hard,F1,exponential,25.586054944170435,28.720548538499806,0.6332665952286956,0.5560153776571687,14.439646822374787,35.10756621446046,0.014282472067502718,0.054542701143771764,"[[2099, 1006], [1179, 1674]]","[[212, 133], [161, 156]]"
disclosure_x_bias,27,init_hard,F1,exponential,25.57362356010909,28.67739709973419,0.6334343804635949,0.5575079149706015,14.456308204985936,35.203903752025305,0.014062271899917746,0.05278865485291557,"[[2098, 1007], [1177, 1676]]","[[212, 133], [160, 157]]"
disclosure_x_bias,28,init_hard,F1,exponential,25.49841959139506,28.563740085186243,0.6336021656984941,0.5575079149706015,14.44398582546479,35.25571609539386,0.014104984339502368,0.05278865485291557,"[[2100, 1005], [1178, 1675]]","[[212, 133], [160, 157]]"
disclosure_x_bias,29,init_hard,F1,exponential,25.380048667656695,28.534065106120824,0.6325954542890981,0.5575079149706015,14.392292261133852,35.19314151416029,0.015659521430448808,0.05278865485291557,"[[2123, 982], [1207, 1646]]","[[215, 130], [163, 154]]"
disclosure_x_bias,30,init_hard,F1,exponential,25.401089949633388,28.590587567125475,0.6327632395239975,0.5575079149706015,14.39655035230153,35.33009534175243,0.01572774935677121,0.05278865485291557,"[[2123, 982], [1206, 1647]]","[[215, 130], [163, 154]]"
disclosure_x_bias,31,init_hard,F1,exponential,25.315965624208896,28.476746494113286,0.6329310247588968,0.5575079149706015,14.372212794834796,35.349822458291946,0.015951357561288532,0.05278865485291557,"[[2125, 980], [1207, 1646]]","[[215, 130], [163, 154]]"
disclosure_x_bias,32,init_hard,F1,exponential,25.290425324167465,28.41051866210774,0.6339377361682927,0.5575079149706015,14.36975111690658,35.25417308593747,0.014227448236976366,0.05278865485291557,"[[2102, 1003], [1178, 1675]]","[[212, 133], [160, 157]]"
disclosure_x_bias,33,init_hard,F1,exponential,25.169285622499206,28.392952741179084,0.6339377361682927,0.5575079149706015,14.346999263353231,35.42873405851371,0.014227448236976366,0.05278865485291557,"[[2102, 1003], [1178, 1675]]","[[212, 133], [160, 157]]"
disclosure_x_bias,34,init_hard,F1,exponential,25.165505523122004,28.40763196083273,0.6334343804635949,0.5544776119402985,14.345412416123736,35.41955532499437,0.014946470695625665,0.045181448313186066,"[[2115, 990], [1194, 1659]]","[[212, 133], [162, 155]]"
disclosure_x_bias,35,init_hard,F1,exponential,25.177922034234868,28.414757710258026,0.6337699509333935,0.552962460425147,14.350887967864132,35.42922088346159,0.014623756682390932,0.047410404086498256,"[[2118, 987], [1195, 1658]]","[[212, 133], [163, 154]]"
disclosure_x_bias,36,init_hard,F1,exponential,25.172346179937247,28.339523571883614,0.6341055214031922,0.552962460425147,14.3734905556717,35.40226068267484,0.014822322015026455,0.047410404086498256,"[[2119, 986], [1194, 1659]]","[[212, 133], [163, 154]]"
disclosure_x_bias,37,init_hard,F1,exponential,25.06917691508755,28.290841970115974,0.6344410918729908,0.5544776119402985,14.44151476170229,35.30222514787085,0.013996245261102512,0.05101500269049291,"[[2108, 997], [1181, 1672]]","[[212, 133], [162, 155]]"
disclosure_x_bias,38,init_hard,F1,exponential,25.07678172642535,28.351266188780095,0.6346088771078902,0.5544776119402985,14.448946008022489,35.41531787007528,0.014070316629810084,0.05101500269049291,"[[2109, 996], [1181, 1672]]","[[212, 133], [162, 155]]"
disclosure_x_bias,39,init_hard,F1,exponential,25.079622355063158,28.328979238763004,0.6346088771078902,0.5575079149706015,14.447955124791363,35.42383837888311,0.014225083204749061,0.058735336162099645,"[[2098, 1007], [1170, 1683]]","[[212, 133], [160, 157]]"
disclosure_x_bias,40,init_hard,F1,exponential,25.009126054608362,28.241839586797,0.6352800180474875,0.5575079149706015,14.428630547341664,35.392211152662064,0.01373946127779829,0.058735336162099645,"[[2099, 1006], [1167, 1686]]","[[212, 133], [160, 157]]"
disclosure_x_bias,41,init_hard,F1,exponential,24.763535785430395,28.216291761454414,0.6356155885172861,0.55599276345545,14.31481980757854,35.57982108723965,0.013955102511432702,0.05927377405697906,"[[2101, 1004], [1167, 1686]]","[[212, 133], [161, 156]]"
disclosure_x_bias,42,init_hard,F1,exponential,24.748351396239286,28.172474795116255,0.6359511589870848,0.55599276345545,14.312144443246599,35.488836582164,0.014224750590556225,0.05927377405697906,"[[2103, 1002], [1167, 1686]]","[[212, 133], [161, 156]]"
disclosure_x_bias,43,init_hard,F1,exponential,24.739839369938483,28.19172133147717,0.6364545146917828,0.5590230664857531,14.313967214906269,35.46598371741705,0.013686124439628595,0.056816828575236386,"[[2097, 1008], [1158, 1695]]","[[211, 134], [158, 159]]"
disclosure_x_bias,44,init_hard,F1,exponential,24.70469925350241,28.126625351947713,0.6367900851615814,0.5544776119402985,14.294761427722303,35.49102673874662,0.01384848938361619,0.04949227103215141,"[[2110, 995], [1169, 1684]]","[[211, 134], [161, 156]]"
disclosure_x_bias,45,init_hard,F1,exponential,24.730465305359964,28.156949128349652,0.6366222999266821,0.55599276345545,14.288338250290888,35.58509179671176,0.013825360887830172,0.04784365611268964,"[[2110, 995], [1170, 1683]]","[[211, 134], [160, 157]]"
disclosure_x_bias,46,init_hard,F1,exponential,24.720209651974848,28.120186917056383,0.6367900851615814,0.5544776119402985,14.285671189987761,35.505179959259195,0.01384848938361619,0.04949227103215141,"[[2110, 995], [1169, 1684]]","[[211, 134], [161, 156]]"
disclosure_x_bias,47,init_hard,F1,exponential,24.66892965153705,28.029047369202704,0.6367900851615814,0.55599276345545,14.284365734494736,35.515327770309334,0.013916086035405653,0.04784365611268964,"[[2111, 994], [1170, 1683]]","[[212, 133], [161, 156]]"
disclosure_x_bias,48,init_hard,F1,exponential,24.593626645134755,28.019662276075554,0.6367900851615814,0.55599276345545,14.27692808955737,35.50610872097311,0.013916086035405653,0.04784365611268964,"[[2111, 994], [1170, 1683]]","[[212, 133], [161, 156]]"
disclosure_x_bias,49,init_hard,F1,exponential,24.579752607576786,28.042832265679596,0.6377982065309344,0.55599276345545,14.271825995449008,35.51244264951616,0.012768318020116314,0.04784365611268964,"[[2120, 985], [1173, 1680]]","[[212, 133], [161, 156]]"
disclosure_x_bias,50,init_hard,F1,exponential,24.588127215188475,28.05690628974507,0.637798488522926,0.55599276345545,14.283312812374271,35.512106256437185,0.013217820216182292,0.04784365611268964,"[[2120, 985], [1173, 1680]]","[[212, 133], [161, 156]]"
disclosure_x_bias,51,init_hard,F1,exponential,24.589562242857504,28.143123479143185,0.6379662737578252,0.55599276345545,14.300308766711922,35.65318377418615,0.013178053036739648,0.04784365611268964,"[[2121, 984], [1173, 1680]]","[[212, 133], [161, 156]]"
disclosure_x_bias,52,init_hard,F1,exponential,24.57206778519946,28.098293390238744,0.6383018442276239,0.5544776119402985,14.297568905645049,35.55248648175444,0.012776590192879333,0.04949227103215141,"[[2122, 983], [1172, 1681]]","[[211, 134], [161, 156]]"
disclosure_x_bias,53,init_hard,F1,exponential,24.415622511327758,27.95462517854679,0.6383018442276239,0.5544776119402985,14.232188171570616,35.6559431335569,0.012727531656439096,0.04949227103215141,"[[2122, 983], [1172, 1681]]","[[211, 134], [161, 156]]"
disclosure_x_bias,54,init_hard,F1,exponential,24.406330397741172,27.919645083841726,0.6383018442276239,0.5544776119402985,14.233438168117754,35.59389568342966,0.012727531656439096,0.04949227103215141,"[[2123, 982], [1173, 1680]]","[[211, 134], [161, 156]]"
disclosure_x_bias,55,init_hard,F1,exponential,24.335867830594957,27.906809304310237,0.6386374146974225,0.5544776119402985,14.293805066985964,35.57474694289901,0.01267690655832489,0.04949227103215141,"[[2124, 981], [1172, 1681]]","[[211, 134], [161, 156]]"
disclosure_x_bias,56,init_hard,F1,exponential,24.241462199996565,27.86044979530066,0.6396455360667758,0.5529850746268656,14.283567799434453,35.477660185093946,0.012057531845587794,0.05126107980211769,"[[2131, 974], [1173, 1680]]","[[211, 134], [162, 155]]"
disclosure_x_bias,57,init_hard,F1,exponential,24.25538083320273,27.929768857044046,0.6393099655969771,0.5529850746268656,14.30222983244216,35.6118039748622,0.01185497249437164,0.05126107980211769,"[[2130, 975], [1174, 1679]]","[[211, 134], [162, 155]]"
disclosure_x_bias,58,init_hard,F1,exponential,24.24924225800596,27.969386258706198,0.6396455360667758,0.5529850746268656,14.298037042713784,35.70643215163949,0.012057531845587794,0.05126107980211769,"[[2131, 974], [1173, 1680]]","[[211, 134], [162, 155]]"
disclosure_x_bias,59,init_hard,F1,exponential,24.25441605466485,27.966743445420366,0.6394777508318763,0.5514699231117142,14.30764679578044,35.633115538610895,0.011866082434302065,0.04971870523831893,"[[2132, 973], [1175, 1678]]","[[211, 134], [163, 154]]"
disclosure_x_bias,60,init_hard,F1,exponential,24.262669929777477,27.942308395349066,0.6394777508318763,0.5514699231117142,14.316232071973245,35.64748879072507,0.011866082434302065,0.04971870523831893,"[[2132, 973], [1175, 1678]]","[[211, 134], [163, 154]]"
disclosure_x_bias,61,init_hard,F1,exponential,24.201275585284755,27.858222499671804,0.6404844622412724,0.5529850746268656,14.318819767694098,35.66697974049578,0.011611004272604263,0.050256023493889475,"[[2136, 969], [1173, 1680]]","[[212, 133], [163, 154]]"
disclosure_x_bias,62,init_hard,F1,exponential,24.175014669559474,27.84571395440567,0.6403166770063731,0.5514699231117142,14.302281045008307,35.666127627642794,0.011064144353686666,0.046538784206215766,"[[2135, 970], [1173, 1680]]","[[211, 134], [163, 154]]"
disclosure_x_bias,63,init_hard,F1,exponential,24.180345366004172,27.798600026756567,0.6401488917714737,0.5514699231117142,14.316122774222475,35.65352887672976,0.011038068312032318,0.046538784206215766,"[[2134, 971], [1173, 1680]]","[[211, 134], [163, 154]]"
disclosure_x_bias,64,init_hard,F1,exponential,24.199859883628147,27.79630217699928,0.6401488917714737,0.5514699231117142,14.338647790698237,35.633029255596725,0.011038068312032318,0.046538784206215766,"[[2134, 971], [1173, 1680]]","[[211, 134], [163, 154]]"
disclosure_x_bias,65,init_hard,F1,exponential,24.18795824079083,27.80566524663743,0.6403169589983644,0.5514699231117142,14.354788213995999,35.60767571869337,0.011306664779990634,0.046538784206215766,"[[2135, 970], [1173, 1680]]","[[211, 134], [163, 154]]"
disclosure_x_bias,66,init_hard,F1,exponential,24.12659136473198,27.739883524601897,0.6404847442332638,0.5514699231117142,14.346809676670448,35.727107700448954,0.011629097715617789,0.046538784206215766,"[[2135, 970], [1172, 1681]]","[[211, 134], [163, 154]]"
disclosure_x_bias,67,init_hard,F1,exponential,24.049609975958834,27.798023159890988,0.6406525294681631,0.5514699231117142,14.3381683495264,35.83168930277308,0.01132165438084227,0.046538784206215766,"[[2137, 968], [1173, 1680]]","[[211, 134], [163, 154]]"
disclosure_x_bias,68,init_hard,F1,exponential,24.055732833035535,27.780106589029607,0.6406525294681631,0.5514699231117142,14.310921034349025,35.75988351746545,0.01148622838849237,0.046538784206215766,"[[2136, 969], [1172, 1681]]","[[211, 134], [163, 154]]"
disclosure_x_bias,69,init_hard,F1,exponential,24.068666876500522,27.81480016038198,0.641155885172861,0.5514699231117142,14.309432335799329,35.766155918786936,0.011981092665510689,0.046538784206215766,"[[2137, 968], [1170, 1683]]","[[211, 134], [163, 154]]"
disclosure_x_bias,70,init_hard,F1,exponential,23.9785865511701,27.829917305456682,0.6413236704077605,0.5529850746268656,14.258502868746998,35.781853379785126,0.011645372011044873,0.050256023493889475,"[[2139, 966], [1171, 1682]]","[[212, 133], [163, 154]]"
disclosure_x_bias,71,init_hard,F1,exponential,23.918967593270786,27.808545432364486,0.6413236704077605,0.5529850746268656,14.248475806050125,35.740109403624444,0.011645372011044873,0.050256023493889475,"[[2139, 966], [1171, 1682]]","[[212, 133], [163, 154]]"
disclosure_x_bias,72,init_hard,F1,exponential,23.910288536498218,27.773633952725977,0.6413236704077605,0.5499547715965626,14.2653898295217,35.74554709773661,0.011752322283611413,0.049640155982920015,"[[2137, 968], [1169, 1684]]","[[210, 135], [163, 154]]"
disclosure_x_bias,73,init_hard,F1,exponential,23.822352255992698,27.785449242571907,0.6430037786926851,0.5514246947082768,14.332674382362299,35.760121047710335,0.011693228317393448,0.04257242515944614,"[[2162, 943], [1184, 1669]]","[[212, 133], [164, 153]]"
disclosure_x_bias,74,init_hard,F1,exponential,23.804345760488175,27.77899896228187,0.6433393491624837,0.5514246947082768,14.32889549423714,35.75426083734746,0.011321908494112295,0.04257242515944614,"[[2164, 941], [1184, 1669]]","[[212, 133], [164, 153]]"
disclosure_x_bias,75,init_hard,F1,exponential,23.818811135574375,27.772554205859997,0.6435071343973832,0.5529398462234283,14.343530905004972,35.71583447135551,0.011014372169268467,0.042605946914209956,"[[2165, 940], [1184, 1669]]","[[213, 132], [164, 153]]"
disclosure_x_bias,76,init_hard,F1,exponential,23.882598034734432,28.14704024730517,0.6440104901020811,0.5529398462234283,14.277298721380735,35.87061518914916,0.010827027008752904,0.042605946914209956,"[[2165, 940], [1181, 1672]]","[[213, 132], [164, 153]]"
disclosure_x_bias,77,init_hard,F1,exponential,23.883342635010287,28.133555741157814,0.6443460605718798,0.5514246947082768,14.276121998911917,35.78440019002622,0.01083105636876477,0.04257242515944614,"[[2168, 937], [1182, 1671]]","[[212, 133], [164, 153]]"
disclosure_x_bias,78,init_hard,F1,exponential,23.781461589945675,28.037305695509694,0.6448496982685692,0.5514246947082768,14.277156240660307,35.917931352473666,0.010732615045545617,0.04257242515944614,"[[2172, 933], [1183, 1670]]","[[213, 132], [165, 152]]"
disclosure_x_bias,79,init_hard,F1,exponential,23.80520973201955,28.032640308707915,0.6445141277987705,0.5514246947082768,14.282252233136889,35.86539509900465,0.011089837492032762,0.04257242515944614,"[[2166, 939], [1179, 1674]]","[[212, 133], [164, 153]]"
disclosure_x_bias,80,init_hard,F1,exponential,23.793050523770635,28.026945531828705,0.6431695899836445,0.5469244685662595,14.285501045835979,35.975623049532835,0.011767068255603223,0.046120929966068314,"[[2142, 963], [1163, 1690]]","[[209, 136], [164, 153]]"
disclosure_x_bias,81,init_hard,F1,exponential,23.748648639922003,27.98779280741967,0.6445141277987705,0.5499095431931252,14.257927349997079,35.898426537306605,0.011313234513797527,0.04307516381552285,"[[2169, 936], [1182, 1671]]","[[212, 133], [165, 152]]"
disclosure_x_bias,82,init_hard,F1,exponential,23.701595305227123,27.93005084345245,0.6446821950256613,0.5499095431931252,14.261291761177105,35.911429675068,0.011422492542446547,0.04307516381552285,"[[2169, 936], [1181, 1672]]","[[212, 133], [165, 152]]"
disclosure_x_bias,83,init_hard,F1,exponential,23.711828366140534,27.93116334431579,0.6450177654954599,0.5529398462234283,14.278480552732338,35.943536314705256,0.011126712502602772,0.046608723756062585,"[[2159, 946], [1169, 1684]]","[[212, 133], [163, 154]]"
disclosure_x_bias,84,init_hard,F1,exponential,23.705776653304717,27.963791221620237,0.6446821950256613,0.5499095431931252,14.268203808207469,35.97929261383629,0.01190521271974325,0.04307516381552285,"[[2156, 949], [1168, 1685]]","[[210, 135], [163, 154]]"
disclosure_x_bias,85,init_hard,F1,exponential,23.68928621806217,27.923785950772505,0.6446819130336698,0.5483943916779738,14.267846679840808,35.937092495931516,0.011914375656870167,0.04171787343175004,"[[2158, 947], [1170, 1683]]","[[210, 135], [164, 153]]"
disclosure_x_bias,86,init_hard,F1,exponential,23.709805164849868,27.97391722517268,0.646024476904856,0.5483943916779738,14.294301464001329,35.97821596563116,0.01131118818755145,0.04171787343175004,"[[2162, 943], [1166, 1687]]","[[210, 135], [164, 153]]"
disclosure_x_bias,87,init_hard,F1,exponential,23.681871167482164,27.991524568462637,0.6463600473746546,0.5483943916779738,14.319411248870708,35.98042946051233,0.011136696198065215,0.04171787343175004,"[[2166, 939], [1168, 1685]]","[[211, 134], [165, 152]]"
disclosure_x_bias,88,init_hard,F1,exponential,23.6643911490661,27.989549420084224,0.6453533359652586,0.5514246947082768,14.311296262071094,35.96726434095878,0.01156611509543359,0.04257242515944614,"[[2164, 941], [1172, 1681]]","[[212, 133], [164, 153]]"
disclosure_x_bias,89,init_hard,F1,exponential,23.666562820490515,28.012108612772785,0.6455211212001579,0.5514246947082768,14.313501465919357,36.006347336153674,0.011534142595640048,0.04257242515944614,"[[2164, 941], [1171, 1682]]","[[212, 133], [164, 153]]"
disclosure_x_bias,90,init_hard,F1,exponential,23.72713007164821,28.437534452098095,0.6471995375331341,0.5499095431931252,14.2459029939511,36.24397207044703,0.00948003713929629,0.04307516381552285,"[[2163, 942], [1160, 1693]]","[[211, 134], [164, 153]]"
disclosure_x_bias,91,init_hard,F1,exponential,23.707397553613582,28.353945509076517,0.6463600473746546,0.5514246947082768,14.244259032524171,36.15876112915248,0.009727431432123098,0.04257242515944614,"[[2163, 942], [1165, 1688]]","[[212, 133], [164, 153]]"
disclosure_x_bias,92,init_hard,F1,exponential,23.71259376603368,28.38424664243154,0.6471995375331341,0.5483943916779738,14.245082238072262,36.15452124973191,0.009578512227852434,0.04171787343175004,"[[2165, 940], [1162, 1691]]","[[211, 134], [165, 152]]"
disclosure_x_bias,93,init_hard,F1,exponential,23.710750549166967,28.38138255861163,0.6473670407760419,0.5483943916779738,14.234902862221167,36.13751619326024,0.00934926198176744,0.04171787343175004,"[[2166, 939], [1162, 1691]]","[[211, 134], [165, 152]]"
disclosure_x_bias,94,init_hard,F1,exponential,23.682640221784247,28.377720029812377,0.6473670407760419,0.5468792401628223,14.234560321632433,36.17197757857353,0.00934926198176744,0.041499651497435196,"[[2166, 939], [1162, 1691]]","[[210, 135], [165, 152]]"
disclosure_x_bias,95,init_hard,F1,exponential,23.68252919279814,28.348569000484048,0.6470314703062433,0.5483943916779738,14.234911536162095,36.08695746478175,0.009530236510094223,0.04292331963779388,"[[2163, 942], [1161, 1692]]","[[210, 135], [164, 153]]"
disclosure_x_bias,96,init_hard,F1,exponential,23.61415737272033,28.38784924443197,0.6480384637076307,0.5499095431931252,14.290302035663064,36.18783924094623,0.011052105724095951,0.042478871632892656,"[[2163, 942], [1155, 1698]]","[[210, 135], [163, 154]]"
disclosure_x_bias,97,init_hard,F1,exponential,23.608294667260356,28.38567375767257,0.64820624894253,0.5499095431931252,14.30354492107784,36.16959905232479,0.011001586212912376,0.04126044267992124,"[[2165, 940], [1156, 1697]]","[[211, 134], [164, 153]]"
disclosure_x_bias,98,init_hard,F1,exponential,23.56426172037458,28.30437224858257,0.649212960351926,0.5483943916779738,14.310893904320432,36.28006875968338,0.009612053809788277,0.0371923990346823,"[[2163, 942], [1148, 1705]]","[[210, 135], [164, 153]]"
disclosure_x_bias,99,init_hard,F1,exponential,23.589671305519722,28.30592431364649,0.648709604647228,0.5483943916779738,14.267504349035544,36.22655502807306,0.00992719457634631,0.0371923990346823,"[[2161, 944], [1149, 1704]]","[[210, 135], [164, 153]]"
disclosure_x_bias,100,init_hard,F1,exponential,23.460910209886883,28.296620745782086,0.6482059669505386,0.5468792401628223,14.222351336089615,36.18861400310668,0.010030276167704605,0.03830332964321515,"[[2160, 945], [1151, 1702]]","[[209, 136], [164, 153]]"
disclosure_x_bias,101,init_hard,F1,exponential,23.45884389364506,28.289244265808257,0.6485415374203373,0.5483943916779738,14.224014299847298,36.190997866925834,0.00987750424617212,0.0371923990346823,"[[2163, 942], [1152, 1701]]","[[210, 135], [164, 153]]"
disclosure_x_bias,102,init_hard,F1,exponential,23.44806112299586,28.215806694567334,0.6485415374203373,0.5483943916779738,14.250308721224787,36.12837408642488,0.00987750424617212,0.0371923990346823,"[[2163, 942], [1152, 1701]]","[[210, 135], [164, 153]]"
disclosure_x_bias,103,init_hard,F1,exponential,23.420890159005204,28.235094461734075,0.6493804635948339,0.5468792401628223,14.227911869363044,36.1638521724297,0.010509521007499304,0.03694745805459556,"[[2165, 940], [1149, 1704]]","[[208, 137], [163, 154]]"
disclosure_x_bias,104,init_hard,F1,exponential,23.43375519250781,28.291307095180382,0.6495482488297333,0.5514246947082768,14.251247313796716,36.25558401831601,0.010901608889772433,0.04546963158646014,"[[2171, 934], [1154, 1699]]","[[211, 134], [163, 154]]"
disclosure_x_bias,105,init_hard,F1,exponential,23.434899256047867,28.282848656104267,0.6483729062094636,0.5544097693351425,14.247264572552156,36.197659986566364,0.010902269424342257,0.044316809538224804,"[[2176, 929], [1166, 1687]]","[[213, 132], [163, 154]]"
disclosure_x_bias,106,init_hard,F1,exponential,23.4734288093305,28.347867134208208,0.6490440471490609,0.5544097693351425,14.316784163484607,36.29719522889259,0.010973164056523137,0.044316809538224804,"[[2177, 928], [1163, 1690]]","[[213, 132], [163, 154]]"
disclosure_x_bias,107,init_hard,F1,exponential,23.481164324333964,28.309976276999958,0.6487084766792623,0.5544097693351425,14.322641133643936,36.21661587192332,0.011127731435086639,0.044316809538224804,"[[2176, 929], [1164, 1689]]","[[213, 132], [163, 154]]"
disclosure_x_bias,108,init_hard,F1,exponential,23.473169552583023,28.338918385938506,0.6488762619141617,0.5528946178199909,14.332734893988162,36.243039073068225,0.010779910588258442,0.04011193210880474,"[[2174, 931], [1161, 1692]]","[[212, 133], [163, 154]]"
disclosure_x_bias,109,init_hard,F1,exponential,23.475473130067964,28.368343461729694,0.6493796176188597,0.5528946178199909,14.340036140694677,36.29615496253172,0.010541045296509217,0.04011193210880474,"[[2173, 932], [1157, 1696]]","[[212, 133], [163, 154]]"
disclosure_x_bias,110,init_hard,F1,exponential,23.39785916852342,28.35754060022133,0.6492118323839603,0.5513794663048394,14.383808464847037,36.249173471229305,0.010818708677130277,0.041327834323559444,"[[2172, 933], [1157, 1696]]","[[211, 134], [163, 154]]"
disclosure_x_bias,111,init_hard,F1,exponential,23.345303790277185,28.361177841790493,0.6498829733235576,0.5528946178199909,14.403440333188605,36.323760283016576,0.010510116148680297,0.04011193210880474,"[[2175, 930], [1156, 1697]]","[[212, 133], [163, 154]]"
disclosure_x_bias,112,init_hard,F1,exponential,23.362421043849107,28.330997313206694,0.649547402853759,0.5528946178199909,14.41047292354406,36.24497009596122,0.010700664296404903,0.04011193210880474,"[[2173, 932], [1156, 1697]]","[[212, 133], [163, 154]]"
disclosure_x_bias,113,init_hard,F1,exponential,23.335194572708858,28.312788648497282,0.6503863290282557,0.5544097693351425,14.414490516528836,36.354180807173876,0.010834259368582807,0.04008582280476247,"[[2170, 935], [1148, 1705]]","[[212, 133], [162, 155]]"
disclosure_x_bias,114,init_hard,F1,exponential,23.444615421273365,28.7485262896128,0.6505541142631549,0.555924920850294,14.332810093608781,36.558048352179426,0.010712890414339152,0.03999597182361288,"[[2170, 935], [1147, 1706]]","[[212, 133], [161, 156]]"
disclosure_x_bias,115,init_hard,F1,exponential,23.417489964304124,28.695851042743165,0.6502185437933563,0.555924920850294,14.340562698276512,36.562244261832845,0.011344255621022486,0.03999597182361288,"[[2171, 934], [1150, 1703]]","[[212, 133], [161, 156]]"
disclosure_x_bias,116,init_hard,F1,exponential,23.43195730562027,28.73499507062063,0.6512252552027522,0.555924920850294,14.338757768628493,36.55592215202958,0.010779227817935362,0.03999597182361288,"[[2176, 929], [1149, 1704]]","[[212, 133], [161, 156]]"
disclosure_x_bias,117,init_hard,F1,exponential,23.43536182256258,28.737531823295832,0.6515608256725509,0.555924920850294,14.335883759678419,36.564378040093594,0.01099583746984258,0.03999597182361288,"[[2169, 936], [1140, 1713]]","[[211, 134], [160, 157]]"
disclosure_x_bias,118,init_hard,F1,exponential,23.4391877353028,28.76702348694571,0.6515608256725509,0.555924920850294,14.348062647977924,36.601827159956486,0.01099583746984258,0.03999597182361288,"[[2170, 935], [1141, 1712]]","[[211, 134], [160, 157]]"
disclosure_x_bias,119,init_hard,F1,exponential,23.423765522149765,28.76261740875655,0.6515608256725509,0.555924920850294,14.336005929457313,36.58135881494622,0.01099583746984258,0.03999597182361288,"[[2170, 935], [1141, 1712]]","[[211, 134], [160, 157]]"
disclosure_x_bias,120,init_hard,F1,exponential,23.36042165963673,28.770359129541767,0.6515608256725509,0.555924920850294,14.30836001448318,36.58102558092621,0.01099583746984258,0.03999597182361288,"[[2169, 936], [1140, 1713]]","[[211, 134], [160, 157]]"
disclosure_x_bias,121,init_hard,F1,exponential,23.318769977405637,28.796719928995895,0.6517286109074503,0.5544097693351425,14.350864356739159,36.63145319880597,0.011168569304811724,0.04133888720074022,"[[2169, 936], [1139, 1714]]","[[210, 135], [160, 157]]"
disclosure_x_bias,122,init_hard,F1,exponential,23.305706946349282,28.799104046399787,0.6520641813772489,0.5544097693351425,14.344786158350601,36.66223160720562,0.011306063694768729,0.04133888720074022,"[[2169, 936], [1137, 1716]]","[[210, 135], [160, 157]]"
disclosure_x_bias,123,init_hard,F1,exponential,23.30286857583793,28.745681623618715,0.6520641813772489,0.5544097693351425,14.365658318794605,36.60378825425356,0.011660181948085315,0.04133888720074022,"[[2168, 937], [1136, 1717]]","[[210, 135], [160, 157]]"
disclosure_x_bias,124,init_hard,F1,exponential,23.291628944615802,28.778510801149167,0.6520641813772489,0.5544097693351425,14.346875743083105,36.642379751132836,0.011660181948085315,0.04133888720074022,"[[2168, 937], [1136, 1717]]","[[210, 135], [160, 157]]"
disclosure_x_bias,125,init_hard,F1,exponential,23.28372193532914,28.770767283597035,0.6530708927866449,0.5544097693351425,14.338488454459759,36.59267705300673,0.010425706695619088,0.04133888720074022,"[[2170, 935], [1132, 1721]]","[[210, 135], [160, 157]]"
disclosure_x_bias,126,init_hard,F1,exponential,23.319777682692866,28.79903118603575,0.6529031075517455,0.555924920850294,14.327588950183847,36.663035301745055,0.010234341305661854,0.039353050194170236,"[[2165, 940], [1128, 1725]]","[[210, 135], [159, 158]]"
disclosure_x_bias,127,init_hard,F1,exponential,23.316378738520847,28.76731104522625,0.6527350403248547,0.5574400723654456,14.318130086112271,36.63325778897685,0.010384346348239563,0.03984194791978198,"[[2165, 940], [1129, 1724]]","[[211, 134], [159, 158]]"
disclosure_x_bias,128,init_hard,F1,exponential,23.32826919059574,28.75712814476853,0.6525675370819469,0.5574400723654456,14.336014378328723,36.627983384528115,0.010357701628113997,0.03984194791978198,"[[2165, 940], [1130, 1723]]","[[211, 134], [159, 158]]"
disclosure_x_bias,129,init_hard,F1,exponential,23.311895561110763,28.749421397538896,0.6525672550899555,0.5574400723654456,14.329576603592958,36.61240706088096,0.010724577396170247,0.03984194791978198,"[[2165, 940], [1130, 1723]]","[[211, 134], [159, 158]]"
disclosure_x_bias,130,init_hard,F1,exponential,23.304049522005492,28.779345786858563,0.6532386780215442,0.5574400723654456,14.330290342395553,36.67159829686764,0.010610674742956818,0.03984194791978198,"[[2164, 941], [1125, 1728]]","[[211, 134], [159, 158]]"
disclosure_x_bias,131,init_hard,F1,exponential,23.269175293001158,28.68055529669808,0.6534064632564436,0.5574400723654456,14.341636082801863,36.633459558228544,0.010435887494951444,0.03984194791978198,"[[2165, 940], [1125, 1728]]","[[211, 134], [159, 158]]"
disclosure_x_bias,132,init_hard,F1,exponential,23.26596450413573,28.7171611778599,0.6537420337262422,0.5574400723654456,14.339469041954027,36.72391171267366,0.010523625272212456,0.03984194791978198,"[[2168, 937], [1126, 1727]]","[[211, 134], [159, 158]]"
disclosure_x_bias,133,init_hard,F1,exponential,23.194977076681678,28.704430040452717,0.6542456714229317,0.5589326096788783,14.376714789359474,36.65375862804198,0.01051760221591863,0.039904964505714395,"[[2166, 939], [1121, 1732]]","[[211, 134], [158, 159]]"
disclosure_x_bias,134,init_hard,F1,exponential,23.179788273596706,28.689176812069423,0.653910100953133,0.5559023066485753,14.371600021421637,36.63760937013522,0.01103034600423008,0.03256964993026546,"[[2163, 942], [1120, 1733]]","[[209, 136], [158, 159]]"
disclosure_x_bias,135,init_hard,F1,exponential,23.193869582296294,28.728097612468833,0.6537423157182336,0.5559023066485753,14.377307108407171,36.720205416913736,0.011007079809093089,0.03256964993026546,"[[2161, 944], [1119, 1734]]","[[209, 136], [158, 159]]"
disclosure_x_bias,136,init_hard,F1,exponential,23.17672422076799,28.65049986035178,0.6544134566578309,0.5543871551334238,14.382977567775834,36.617049408138264,0.010503304562962916,0.03494205188447516,"[[2162, 943], [1116, 1737]]","[[208, 137], [158, 159]]"
disclosure_x_bias,137,init_hard,F1,exponential,23.2217681785247,28.729290806815307,0.6544134566578309,0.5498643147896879,14.433200569138553,36.653841512098985,0.011195255487741671,0.034492444558664015,"[[2164, 941], [1118, 1735]]","[[207, 138], [160, 157]]"
disclosure_x_bias,138,init_hard,F1,exponential,23.251789929834292,28.83735274240309,0.6545812418927303,0.5498643147896879,14.426718713011876,36.94715635018306,0.011234848951028957,0.034492444558664015,"[[2164, 941], [1117, 1736]]","[[207, 138], [160, 157]]"
disclosure_x_bias,139,init_hard,F1,exponential,23.239498278444906,28.82074715311159,0.6544137386498223,0.5513568521031208,14.433884373976774,36.92338140202489,0.011185230877559568,0.034926794880016536,"[[2164, 941], [1118, 1735]]","[[207, 138], [159, 158]]"
disclosure_x_bias,140,init_hard,F1,exponential,23.239449824528762,28.784430230297147,0.6557560205290169,0.5498417005879692,14.44514648097191,36.88200345577812,0.009343197321402102,0.031743265670634443,"[[2160, 945], [1106, 1747]]","[[206, 139], [159, 158]]"
disclosure_x_bias,141,init_hard,F1,exponential,23.207188519301166,28.823368092306197,0.6555882352941176,0.5498417005879692,14.42750399169046,36.94274567471712,0.009081084291285131,0.031743265670634443,"[[2158, 947], [1105, 1748]]","[[206, 139], [159, 158]]"
disclosure_x_bias,142,init_hard,F1,exponential,23.20929808937759,28.828838095560997,0.6557560205290169,0.5483265490728177,14.427082998962428,36.98097614838077,0.009140117696905899,0.034618043420621046,"[[2158, 947], [1104, 1749]]","[[205, 140], [159, 158]]"
disclosure_x_bias,143,init_hard,F1,exponential,23.182577577234902,28.863409064005026,0.6559238057639163,0.5483265490728177,14.452143620542996,37.013322542036946,0.009023683513333127,0.034618043420621046,"[[2158, 947], [1103, 1750]]","[[205, 140], [159, 158]]"
disclosure_x_bias,144,init_hard,F1,exponential,23.180244950257215,28.877276327526907,0.6554204500592183,0.5498417005879692,14.458244420714742,37.05691482556519,0.007869838101297042,0.0348094200692556,"[[2159, 946], [1107, 1746]]","[[207, 138], [160, 157]]"
disclosure_x_bias,145,init_hard,F1,exponential,23.175441190759962,28.846936848072907,0.6557560205290169,0.5483265490728177,14.45235725429246,36.994328027842684,0.009071414257003781,0.034618043420621046,"[[2157, 948], [1103, 1750]]","[[205, 140], [159, 158]]"
disclosure_x_bias,146,init_hard,F1,exponential,23.178515542527677,28.87018964115926,0.6557560205290169,0.5483265490728177,14.446816349293416,37.00251072144994,0.009071414257003781,0.034618043420621046,"[[2157, 948], [1103, 1750]]","[[205, 140], [159, 158]]"
disclosure_x_bias,147,init_hard,F1,exponential,23.192215650833642,28.866557612276473,0.6559238057639163,0.5483265490728177,14.462336545795397,36.97610310527048,0.009127083679110295,0.034618043420621046,"[[2157, 948], [1102, 1751]]","[[205, 140], [159, 158]]"
disclosure_x_bias,148,init_hard,F1,exponential,23.179242617090487,28.881324222013557,0.6559238057639163,0.5483265490728177,14.452674597537904,37.01472476420104,0.009127083679110295,0.034618043420621046,"[[2157, 948], [1102, 1751]]","[[205, 140], [159, 158]]"
disclosure_x_bias,149,init_hard,F1,exponential,23.22145367059011,28.868278468897905,0.6559238057639163,0.5498417005879692,14.479380073762,36.9979440482382,0.009127083679110295,0.036245360125381584,"[[2157, 948], [1102, 1751]]","[[206, 139], [159, 158]]"
disclosure_x_bias,150,init_hard,F1,exponential,23.220057991975445,28.871791987888884,0.6560913090068242,0.5483265490728177,14.487890175750422,37.01575303712776,0.008259180957906155,0.033873200730690466,"[[2166, 939], [1110, 1743]]","[[207, 138], [161, 156]]"
disclosure_x_bias,151,init_hard,F1,exponential,23.12673250859732,28.762743522697292,0.6557560205290169,0.5468340117593848,14.524225242657755,36.833132747441205,0.007930765146553989,0.030052119598167778,"[[2166, 939], [1112, 1741]]","[[207, 138], [162, 155]]"
disclosure_x_bias,152,init_hard,F1,exponential,23.103038181184793,28.816515518124113,0.656259376233715,0.5453188602442334,14.469209608843151,36.94232631366481,0.008261419124357565,0.032920768653926714,"[[2167, 938], [1110, 1743]]","[[206, 139], [162, 155]]"
disclosure_x_bias,153,init_hard,F1,exponential,23.173235724028793,28.810266053969617,0.6562599402176978,0.5498417005879692,14.519731386457236,36.8980077579052,0.007926070995191086,0.0348094200692556,"[[2161, 944], [1104, 1749]]","[[207, 138], [160, 157]]"
disclosure_x_bias,154,init_hard,F1,exponential,23.243606148028444,29.31616487338696,0.6564277254525972,0.5483265490728177,14.444164794787515,37.25508584338224,0.008171646039409569,0.033873200730690466,"[[2166, 939], [1108, 1745]]","[[207, 138], [161, 156]]"
disclosure_x_bias,155,init_hard,F1,exponential,23.238036448739827,29.28273348068779,0.655589081270092,0.5498417005879692,14.461310982897523,37.22138949658927,0.009484358033686873,0.0348094200692556,"[[2165, 940], [1112, 1741]]","[[207, 138], [160, 157]]"
disclosure_x_bias,156,init_hard,F1,exponential,23.22561419309766,29.29452635899089,0.6562599402176978,0.5483265490728177,14.45847102540952,37.25629161675841,0.010080160864071609,0.033873200730690466,"[[2171, 934], [1114, 1739]]","[[207, 138], [161, 156]]"
disclosure_x_bias,157,init_hard,F1,exponential,23.22326323308225,29.274182816687954,0.6567632959223958,0.5483265490728177,14.458764909995399,37.21939682747214,0.007671673791676516,0.032332078848736914,"[[2161, 944], [1101, 1752]]","[[206, 139], [160, 157]]"
disclosure_x_bias,158,init_hard,F1,exponential,23.21448072339867,29.29700763285511,0.6574344368619931,0.5498417005879692,14.459361921355203,37.263608940496404,0.00824080800918212,0.03406876168908316,"[[2161, 944], [1097, 1756]]","[[207, 138], [160, 157]]"
disclosure_x_bias,159,init_hard,F1,exponential,23.20711735608484,29.253581518131664,0.6576025040888839,0.5513568521031208,14.455182601428776,37.18453168665136,0.008976965434722622,0.03635809958800731,"[[2162, 943], [1097, 1756]]","[[208, 137], [160, 157]]"
disclosure_x_bias,160,init_hard,F1,exponential,23.18248855632966,29.296881264233207,0.6574347188539845,0.5498643147896879,14.482734341925374,37.2907593108843,0.00834047749539613,0.0359410508568297,"[[2160, 945], [1096, 1757]]","[[208, 137], [161, 156]]"
disclosure_x_bias,161,init_hard,F1,exponential,23.047849995425985,29.227834799501828,0.6574347188539845,0.5498417005879692,14.464291386345094,37.27984583740845,0.00845223977345,0.0348094200692556,"[[2163, 942], [1099, 1754]]","[[208, 137], [161, 156]]"
disclosure_x_bias,162,init_hard,F1,exponential,23.06238613454636,29.205661544001327,0.6576027860808753,0.5483491632745364,14.446748564486851,37.22903613496787,0.008084680116339449,0.0335485152564103,"[[2161, 944], [1096, 1757]]","[[207, 138], [161, 156]]"
disclosure_x_bias,163,init_hard,F1,exponential,23.118172809917326,29.24227200379956,0.6574347188539845,0.5498417005879692,14.486341847047383,37.302337912576995,0.009231372232762294,0.03762654030972432,"[[2159, 946], [1095, 1758]]","[[206, 139], [159, 158]]"
disclosure_x_bias,164,init_hard,F1,exponential,23.100834846688677,29.176749890808377,0.6567635779143872,0.5498417005879692,14.483832725850466,37.15382653777788,0.009147102565181375,0.03762654030972432,"[[2160, 945], [1100, 1753]]","[[206, 139], [159, 158]]"
disclosure_x_bias,165,init_hard,F1,exponential,23.126070992055524,29.276222075435953,0.6570991483841859,0.5468113975576662,14.495108809419628,37.41752053714077,0.00785714146780082,0.032046450772932944,"[[2164, 941], [1102, 1751]]","[[206, 139], [161, 156]]"
disclosure_x_bias,166,init_hard,F1,exponential,23.104414938541904,29.274101629337707,0.6574347188539845,0.5468113975576662,14.494239033565586,37.405608110136555,0.007996744346967517,0.032046450772932944,"[[2165, 940], [1101, 1752]]","[[206, 139], [161, 156]]"
disclosure_x_bias,167,init_hard,F1,exponential,23.102060983721852,29.2818386661368,0.6577705713157747,0.5498643147896879,14.4995278262724,37.42870289795011,0.007419664285699753,0.038675831559445935,"[[2159, 946], [1093, 1760]]","[[206, 139], [159, 158]]"
disclosure_x_bias,168,init_hard,F1,exponential,23.107657433652797,29.28906719687733,0.6576025040888839,0.5483491632745364,14.504034752609096,37.430239435105946,0.007620966650341623,0.03715614200319196,"[[2163, 942], [1098, 1755]]","[[206, 139], [160, 157]]"
disclosure_x_bias,169,init_hard,F1,exponential,23.11403589197107,29.295709549950935,0.6576025040888839,0.5468340117593848,14.516719541963887,37.4599734073609,0.007620966650341623,0.03327447523949848,"[[2161, 944], [1096, 1757]]","[[206, 139], [161, 156]]"
disclosure_x_bias,170,init_hard,F1,exponential,23.11167719580753,29.30908921605294,0.6576025040888839,0.5498643147896879,14.510695620803574,37.45044843414041,0.007620966650341623,0.038675831559445935,"[[2159, 946], [1094, 1759]]","[[206, 139], [159, 158]]"
disclosure_x_bias,171,init_hard,F1,exponential,23.096793139599693,29.275334680534154,0.6581067057695561,0.5452962460425147,14.508483042285576,37.41733606160644,0.00826056763342527,0.03086211218986316,"[[2167, 938], [1099, 1754]]","[[205, 140], [161, 156]]"
disclosure_x_bias,172,init_hard,F1,exponential,23.051242262920457,29.267477155901577,0.6579386385426653,0.5498417005879692,14.50529469081354,37.42487739911587,0.00810924506977823,0.03762654030972432,"[[2166, 939], [1099, 1754]]","[[206, 139], [159, 158]]"
disclosure_x_bias,173,init_hard,F1,exponential,23.035511703667925,29.270407325925568,0.6577708533077661,0.5483265490728177,14.493004767918219,37.41687394836789,0.00847077167918179,0.036762134566195495,"[[2165, 940], [1099, 1754]]","[[205, 140], [159, 158]]"
disclosure_x_bias,174,init_hard,F1,exponential,23.059558851940498,29.283350792993808,0.6576030680728667,0.5483265490728177,14.481357719289251,37.431661695454395,0.009127754781183788,0.036762134566195495,"[[2167, 938], [1102, 1751]]","[[205, 140], [159, 158]]"
disclosure_x_bias,175,init_hard,F1,exponential,23.02540382799378,29.239410463920525,0.6584419942473634,0.5483265490728177,14.532878852882854,37.44340352147377,0.00894053760051452,0.036762134566195495,"[[2165, 940], [1095, 1758]]","[[205, 140], [159, 158]]"
disclosure_x_bias,176,init_hard,F1,exponential,23.005752936923354,29.239505706539763,0.6584419942473634,0.5483265490728177,14.511254101155057,37.40425124002505,0.00894053760051452,0.036762134566195495,"[[2167, 938], [1097, 1756]]","[[205, 140], [159, 158]]"
disclosure_x_bias,177,init_hard,F1,exponential,23.01116726710628,29.24989047483063,0.6584419942473634,0.5498417005879692,14.518165703160927,37.445307692831165,0.00894053760051452,0.03762654030972432,"[[2166, 939], [1096, 1757]]","[[206, 139], [159, 158]]"
disclosure_x_bias,178,init_hard,F1,exponential,23.016407387709734,29.26750109677905,0.6582739270204726,0.5513342379014021,14.523435801892335,37.43230108480529,0.009156385426992137,0.0386715339162677,"[[2167, 938], [1098, 1755]]","[[207, 138], [159, 158]]"
disclosure_x_bias,179,init_hard,F1,exponential,23.008357062347354,29.27318543874093,0.6584419942473634,0.5498417005879692,14.526615148577868,37.495954456026304,0.00894053760051452,0.03762654030972432,"[[2166, 939], [1096, 1757]]","[[206, 139], [159, 158]]"
disclosure_x_bias,180,init_hard,F1,exponential,23.00704887177326,29.268913090126755,0.6582739270204726,0.5513342379014021,14.53869307233179,37.4513497034895,0.009156385426992137,0.0386715339162677,"[[2166, 939], [1097, 1756]]","[[207, 138], [159, 158]]"
disclosure_x_bias,181,init_hard,F1,exponential,23.005676251377896,29.28499664251968,0.6587781287011449,0.5513342379014021,14.54205651371982,37.50017772502238,0.009722644350628471,0.0386715339162677,"[[2164, 941], [1092, 1761]]","[[207, 138], [159, 158]]"
disclosure_x_bias,182,init_hard,F1,exponential,22.98152168270645,29.231197155298986,0.6589461959280356,0.5513116236996833,14.548333986222005,37.49210996802677,0.009509748737428481,0.03956666079337157,"[[2166, 939], [1093, 1760]]","[[206, 139], [158, 159]]"
disclosure_x_bias,183,init_hard,F1,exponential,23.01868858613829,29.247756645215624,0.6589461959280356,0.5498190863862505,14.555721591755713,37.49536261707937,0.009343839351209988,0.03789737346809807,"[[2166, 939], [1093, 1760]]","[[206, 139], [159, 158]]"
disclosure_x_bias,184,init_hard,F1,exponential,23.031238813904213,29.257533090722298,0.6584428402233377,0.5513116236996833,14.558772095028125,37.44706673255298,0.0093185571402634,0.041455593759211665,"[[2166, 939], [1096, 1757]]","[[206, 139], [158, 159]]"
disclosure_x_bias,185,init_hard,F1,exponential,23.017954983203058,29.210569954866276,0.6591142631549264,0.5513116236996833,14.553528407685677,37.44835802670597,0.00915301991457081,0.04083565906653688,"[[2165, 940], [1091, 1762]]","[[205, 140], [157, 160]]"
disclosure_x_bias,186,init_hard,F1,exponential,23.0009989329524,29.242406719417914,0.6594495516327337,0.5528041610131162,14.532718320573855,37.51792751171648,0.009065654295897452,0.0435020612974351,"[[2166, 939], [1090, 1763]]","[[206, 139], [157, 160]]"
disclosure_x_bias,187,init_hard,F1,exponential,23.02310939582693,29.267178115182087,0.6594495516327337,0.5513116236996833,14.5836377003615,37.50122421783905,0.009168581141561973,0.03956666079337157,"[[2168, 937], [1092, 1761]]","[[206, 139], [158, 159]]"
disclosure_x_bias,188,init_hard,F1,exponential,23.017474274168798,29.265167127845825,0.6592817663978343,0.5528267752148349,14.556356506855156,37.53476889719826,0.009778810258987749,0.04024638974907638,"[[2168, 937], [1093, 1760]]","[[207, 138], [158, 159]]"
disclosure_x_bias,189,init_hard,F1,exponential,23.00769017909176,29.214049042988346,0.6594495516327337,0.5497964721845319,14.555227321345125,37.38981823903325,0.009404364001267127,0.04073344439375246,"[[2168, 937], [1092, 1761]]","[[205, 140], [158, 159]]"
disclosure_x_bias,190,init_hard,F1,exponential,23.01988889022787,29.24211355787857,0.6594495516327337,0.5528267752148349,14.567021191720556,37.44007061188475,0.009236561862539879,0.04024638974907638,"[[2168, 937], [1092, 1761]]","[[207, 138], [158, 159]]"
disclosure_x_bias,191,init_hard,F1,exponential,22.980524642060413,29.204022546986558,0.6592817663978343,0.5528267752148349,14.557510265627805,37.393175956014005,0.00925286825542845,0.04024638974907638,"[[2167, 938], [1092, 1761]]","[[207, 138], [158, 159]]"
disclosure_x_bias,192,init_hard,F1,exponential,22.973270831206108,29.204102143544326,0.6592820483898257,0.5528041610131162,14.556692076165723,37.41340711516879,0.009474785270931296,0.0435020612974351,"[[2167, 938], [1092, 1761]]","[[206, 139], [157, 160]]"
disclosure_x_bias,193,init_hard,F1,exponential,22.91655297279325,29.14673960246135,0.659617336867633,0.5512890094979647,14.5974333932949,37.40572491998235,0.009871216851980827,0.04404693358902919,"[[2167, 938], [1090, 1763]]","[[205, 140], [157, 160]]"
disclosure_x_bias,194,init_hard,F1,exponential,22.957094249123664,29.16352688265486,0.6597856860865152,0.5512890094979647,14.615119490390788,37.475376971926686,0.009538401403978625,0.042873091252388626,"[[2168, 937], [1090, 1763]]","[[205, 140], [157, 160]]"
disclosure_x_bias,195,init_hard,F1,exponential,22.966279720353164,29.195890288257782,0.6604562630421296,0.5528041610131162,14.638836683769506,37.554447608106884,0.00899550464879167,0.04291170160452097,"[[2166, 939], [1084, 1769]]","[[206, 139], [157, 160]]"
disclosure_x_bias,196,init_hard,F1,exponential,22.9724693383208,29.183327582324846,0.6604565450341211,0.5512890094979647,14.608848591321962,37.505837519167784,0.009053585576783275,0.04404693358902919,"[[2166, 939], [1084, 1769]]","[[205, 140], [157, 160]]"
disclosure_x_bias,197,init_hard,F1,exponential,22.939178745787338,29.17813701135983,0.6602884778072303,0.5497738579828132,14.618445783751971,37.451452585567296,0.008893456498084186,0.043367078005707896,"[[2166, 939], [1085, 1768]]","[[204, 141], [157, 160]]"
disclosure_x_bias,198,init_hard,F1,exponential,22.94752671652764,29.190473015169268,0.660792961479894,0.5528041610131162,14.634783967148906,37.50351693537168,0.009072281011333097,0.04291170160452097,"[[2166, 939], [1082, 1771]]","[[206, 139], [157, 160]]"
disclosure_x_bias,199,init_hard,F1,exponential,22.933506206119855,29.206562442770498,0.660792961479894,0.5512890094979647,14.624257173908804,37.47243172041166,0.009673005570590976,0.04227394884565772,"[[2167, 938], [1083, 1770]]","[[205, 140], [157, 160]]"
disclosure_x_bias,200,init_hard,F1,exponential,22.731965447467697,28.42592578673367,0.6607932434718855,0.5512890094979647,14.567627395263907,35.67689612106683,0.01001258331020059,0.04404693358902919,"[[2165, 940], [1081, 1772]]","[[205, 140], [157, 160]]"
disclosure_x_bias,201,init_hard,F1,exponential,22.83961071026154,29.03960608852982,0.6602890417912131,0.5497738579828132,14.493807223672738,36.30582283962147,0.009384778682936204,0.04565921883776122,"[[2162, 943], [1081, 1772]]","[[203, 142], [156, 161]]"
disclosure_x_bias,202,init_hard,F1,exponential,22.840086493581058,29.021729565932038,0.6611288139416841,0.5512890094979647,14.532561370366487,36.21716277729643,0.009795751955161172,0.04404693358902919,"[[2168, 937], [1082, 1771]]","[[205, 140], [157, 160]]"
disclosure_x_bias,203,init_hard,F1,exponential,22.84535722646408,29.03862890988531,0.6606243302690203,0.5512890094979647,14.52830179876379,36.2678335992905,0.008907923450128395,0.04404693358902919,"[[2168, 937], [1085, 1768]]","[[205, 140], [157, 160]]"
disclosure_x_bias,204,init_hard,F1,exponential,22.834423669653713,29.033406113998247,0.660792961479894,0.5497738579828132,14.50685230128326,36.23518846670048,0.009575502307033442,0.043367078005707854,"[[2166, 939], [1082, 1771]]","[[204, 141], [157, 160]]"
disclosure_x_bias,205,init_hard,F1,exponential,22.907978480280555,29.033947810163397,0.6606246122610118,0.5543193125282677,14.561701131600023,36.27721562327803,0.008965509536161907,0.04168446221725198,"[[2162, 943], [1079, 1774]]","[[206, 139], [156, 161]]"
disclosure_x_bias,206,init_hard,F1,exponential,22.839189334781427,29.016574004784893,0.6614638204274998,0.5543193125282677,14.514966087682755,36.236448363995315,0.009934260664185146,0.0434814902910718,"[[2163, 942], [1075, 1778]]","[[205, 140], [155, 162]]"
disclosure_x_bias,207,init_hard,F1,exponential,22.837863346671586,29.032203027868086,0.6612957532006091,0.5528041610131162,14.52004645242938,36.28066103844055,0.00809540067836129,0.04231310591371295,"[[2165, 940], [1078, 1775]]","[[205, 140], [156, 161]]"
disclosure_x_bias,208,init_hard,F1,exponential,22.839623868639894,29.045010992313344,0.6617993908972986,0.5558344640434193,14.518050433648712,36.263734031263915,0.009260758208067453,0.0422104102494349,"[[2168, 937], [1078, 1775]]","[[207, 138], [156, 161]]"
disclosure_x_bias,209,init_hard,F1,exponential,22.835425904512668,29.051750219695073,0.6623024646100051,0.5543193125282677,14.524800498987497,36.323750406759345,0.007915918096209106,0.04289084745493165,"[[2166, 939], [1073, 1780]]","[[206, 139], [156, 161]]"
disclosure_x_bias,210,init_hard,F1,exponential,22.865514823047896,29.100042940699364,0.6619668941402064,0.5543193125282677,14.584358427321161,36.35676806750755,0.010355900353039503,0.04289084745493165,"[[2163, 942], [1072, 1781]]","[[206, 139], [156, 161]]"
disclosure_x_bias,211,init_hard,F1,exponential,22.85945697127939,29.043331546608936,0.6629741695335852,0.5543193125282677,14.592931242396556,36.32663258206265,0.008508837151717944,0.04168446221725197,"[[2167, 938], [1070, 1783]]","[[206, 139], [156, 161]]"
disclosure_x_bias,212,init_hard,F1,exponential,22.86117520254358,29.06815141365508,0.6629741695335852,0.5543193125282677,14.604388733944015,36.344253843051895,0.009933549334854911,0.04168446221725197,"[[2165, 940], [1068, 1785]]","[[206, 139], [156, 161]]"
disclosure_x_bias,213,init_hard,F1,exponential,22.84070794184848,29.005380619559496,0.6626385990637866,0.5528041610131162,14.573110174609681,36.207937024157566,0.009284624318667011,0.04231310591371295,"[[2166, 939], [1071, 1782]]","[[205, 140], [156, 161]]"
disclosure_x_bias,214,init_hard,F1,exponential,22.85473631325098,29.05907446950486,0.6631419547684846,0.5528041610131162,14.585082359998946,36.2791268729179,0.009225552561262316,0.04231310591371295,"[[2166, 939], [1068, 1785]]","[[205, 140], [156, 161]]"
disclosure_x_bias,215,init_hard,F1,exponential,22.837887245935228,29.039891479749446,0.6633097400033839,0.5512890094979647,14.574906929486115,36.23782088397072,0.009727835497910809,0.041666191912327774,"[[2171, 934], [1072, 1781]]","[[205, 140], [157, 160]]"
disclosure_x_bias,216,init_hard,F1,exponential,22.83091851025527,29.041261451458023,0.6633097400033839,0.5528041610131162,14.590602034271921,36.2393105642947,0.008992643642004382,0.04231310591371295,"[[2163, 942], [1064, 1789]]","[[205, 140], [156, 161]]"
disclosure_x_bias,217,init_hard,F1,exponential,22.814926669200812,29.034466067948113,0.6636453104731825,0.5528041610131162,14.58848192811183,36.2528939312076,0.008533416496744493,0.04108976182705836,"[[2170, 935], [1069, 1784]]","[[206, 139], [157, 160]]"
disclosure_x_bias,218,init_hard,F1,exponential,22.846570736879816,29.1419318289228,0.663309176019401,0.5528041610131162,14.600698250707639,36.48861369182668,0.00887728386465193,0.04108976182705836,"[[2170, 935], [1071, 1782]]","[[206, 139], [157, 160]]"
disclosure_x_bias,219,init_hard,F1,exponential,22.843735738430972,29.141889262812548,0.6636453104731825,0.5528041610131162,14.60460722284913,36.4736874388025,0.008533416496744493,0.04108976182705836,"[[2169, 936], [1068, 1785]]","[[206, 139], [157, 160]]"
disclosure_x_bias,220,init_hard,F1,exponential,22.825735839289106,29.130471013278775,0.6639811629349726,0.5528041610131162,14.600965034715175,36.48808356588976,0.00869357685420802,0.04108976182705836,"[[2170, 935], [1067, 1786]]","[[206, 139], [157, 160]]"
disclosure_x_bias,221,init_hard,F1,exponential,22.831066551923062,29.132312358354323,0.6636450284811911,0.5497738579828132,14.591538970771996,36.49911861302928,0.008361269485333922,0.0415651037188901,"[[2170, 935], [1069, 1784]]","[[204, 141], [157, 160]]"
disclosure_x_bias,222,init_hard,F1,exponential,22.825954348240455,29.130852535124767,0.6636450284811911,0.5512890094979647,14.610216552565994,36.49536132625075,0.008727359386548778,0.04104943782738782,"[[2169, 936], [1068, 1785]]","[[205, 140], [157, 160]]"
disclosure_x_bias,223,init_hard,F1,exponential,22.82447802088347,29.12339522916316,0.6639808809429812,0.5512890094979647,14.611759656650756,36.457371684749354,0.008561291767403594,0.04104943782738782,"[[2173, 932], [1070, 1783]]","[[205, 140], [157, 160]]"
disclosure_x_bias,224,init_hard,F1,exponential,22.841628071158638,29.14111934096785,0.6639805989509898,0.5512890094979647,14.622387224856327,36.511264115194884,0.00889545303082036,0.04104943782738782,"[[2166, 939], [1063, 1790]]","[[205, 140], [157, 160]]"
disclosure_x_bias,225,init_hard,F1,exponential,22.799441396331968,29.123006212730342,0.6643161694207884,0.5497738579828132,14.637640789227397,36.50208616687323,0.008326414564243507,0.043367078005707854,"[[2161, 944], [1056, 1797]]","[[203, 142], [156, 161]]"
disclosure_x_bias,226,init_hard,F1,exponential,22.796528059206242,29.099887001012387,0.6641483841858891,0.5512890094979647,14.627223268323434,36.470603421171695,0.008671724632402006,0.0446222765121492,"[[2157, 948], [1053, 1800]]","[[203, 142], [155, 162]]"
disclosure_x_bias,227,init_hard,F1,exponential,22.788694558764753,29.115976898036166,0.664148948169872,0.5497738579828132,14.633207382533872,36.48439598024599,0.009606898948950183,0.043367078005707854,"[[2161, 944], [1057, 1796]]","[[203, 142], [156, 161]]"
disclosure_x_bias,228,init_hard,F1,exponential,22.79629869187968,29.074619738177823,0.6644839546556878,0.5497738579828132,14.635687146148644,36.39972387423671,0.009098929165506529,0.043367078005707854,"[[2164, 941], [1058, 1795]]","[[203, 142], [156, 161]]"
disclosure_x_bias,229,init_hard,F1,exponential,22.812445043942194,29.13994101143158,0.6649878743443687,0.5482587064676616,14.642156948757734,36.473593143005246,0.009176798249788043,0.04261658163974348,"[[2171, 934], [1062, 1791]]","[[202, 143], [156, 161]]"
disclosure_x_bias,230,init_hard,F1,exponential,22.794277002293448,29.07510627288034,0.6644842366476792,0.5497738579828132,14.648430428673691,36.39677114570315,0.009086823907147011,0.043367078005707854,"[[2162, 943], [1056, 1797]]","[[202, 143], [155, 162]]"
disclosure_x_bias,231,init_hard,F1,exponential,22.793831383487795,29.06812029530837,0.6654909480570752,0.5497738579828132,14.651134145463272,36.37638475489838,0.008948223993641445,0.043367078005707854,"[[2169, 936], [1057, 1796]]","[[203, 142], [156, 161]]"
disclosure_x_bias,232,init_hard,F1,exponential,22.754040197109948,29.02141069795831,0.665491512041058,0.5482587064676616,14.653190075322515,36.43037161362516,0.009469662164904637,0.04261658163974348,"[[2171, 934], [1059, 1794]]","[[202, 143], [156, 161]]"
disclosure_x_bias,233,init_hard,F1,exponential,22.754500079217657,29.026969239925016,0.6658273645028482,0.5497738579828132,14.652004556251025,36.432525400924284,0.009342771220441517,0.043367078005707854,"[[2171, 934], [1057, 1796]]","[[203, 142], [156, 161]]"
disclosure_x_bias,234,init_hard,F1,exponential,22.74803887711909,29.034086940817637,0.6663310021995376,0.5482587064676616,14.653591983283171,36.45815630360113,0.010183179880099435,0.04261658163974348,"[[2173, 932], [1056, 1797]]","[[202, 143], [156, 161]]"
disclosure_x_bias,235,init_hard,F1,exponential,22.765520354603957,29.025259954309057,0.6664990694264283,0.5482587064676616,14.675993503615675,36.41858469616529,0.010027467753481836,0.04261658163974348,"[[2174, 931], [1056, 1797]]","[[202, 143], [156, 161]]"
disclosure_x_bias,236,init_hard,F1,exponential,22.75659277885011,29.045477955276834,0.6664985054424454,0.5482587064676616,14.664051769050316,36.47190186937384,0.009828907623367758,0.04261658163974348,"[[2175, 930], [1057, 1796]]","[[202, 143], [156, 161]]"
disclosure_x_bias,237,init_hard,F1,exponential,22.691446304598212,29.04618843058959,0.6666662906773448,0.5497738579828132,14.698790153341937,36.44259134434719,0.010659936322602434,0.043367078005707854,"[[2172, 933], [1053, 1800]]","[[203, 142], [156, 161]]"
disclosure_x_bias,238,init_hard,F1,exponential,22.668363276665698,29.047685072584436,0.6663298742315719,0.5482587064676616,14.65539325841745,36.474779679104216,0.010646357448966824,0.04261658163974348,"[[2174, 931], [1057, 1796]]","[[202, 143], [156, 161]]"
disclosure_x_bias,239,init_hard,F1,exponential,22.713113117098203,29.00496616422451,0.6670018611471434,0.5497738579828132,14.686062220311284,36.36419811507399,0.011512444133069677,0.043367078005707854,"[[2173, 932], [1052, 1801]]","[[203, 142], [156, 161]]"
disclosure_x_bias,240,init_hard,F1,exponential,22.697113717276643,28.990981927931433,0.6668343579042355,0.5497738579828132,14.683038102469409,36.33177753415877,0.011171164361893336,0.043367078005707854,"[[2173, 932], [1053, 1800]]","[[203, 142], [156, 161]]"
disclosure_x_bias,241,init_hard,F1,exponential,22.689948374898098,28.992448195102327,0.6666662906773448,0.5482587064676616,14.647010083600529,36.3512293845286,0.011372101358882575,0.04261658163974348,"[[2173, 932], [1054, 1799]]","[[202, 143], [156, 161]]"
disclosure_x_bias,242,init_hard,F1,exponential,22.703683768368894,29.02677640817858,0.6670018611471434,0.5482587064676616,14.688949772619498,36.39088544525425,0.010724721042589239,0.04261658163974348,"[[2174, 931], [1053, 1800]]","[[202, 143], [156, 161]]"
disclosure_x_bias,243,init_hard,F1,exponential,22.704148704132287,28.991804029164804,0.667001579155152,0.5482587064676616,14.699088388132958,36.355012563360745,0.011548092174930507,0.04261658163974348,"[[2176, 929], [1055, 1798]]","[[202, 143], [156, 161]]"
disclosure_x_bias,244,init_hard,F1,exponential,22.700992862832255,28.997275698807094,0.6663298742315719,0.5497738579828132,14.701895039912225,36.374961433967975,0.010994615086354012,0.043367078005707854,"[[2171, 934], [1054, 1799]]","[[203, 142], [156, 161]]"
disclosure_x_bias,245,init_hard,F1,exponential,22.69913706751959,28.986234977673423,0.6670027071231177,0.5482813206693804,14.698331456564615,36.365085573670335,0.009995760383262314,0.04119210622481848,"[[2177, 928], [1056, 1797]]","[[203, 142], [157, 160]]"
disclosure_x_bias,246,init_hard,F1,exponential,22.70582208742866,28.970959274051705,0.6668340759122441,0.5482813206693804,14.708407524199803,36.32566155042608,0.010276076729006186,0.03929050785680515,"[[2177, 928], [1057, 1796]]","[[203, 142], [157, 160]]"
disclosure_x_bias,247,init_hard,F1,exponential,22.699383368054246,29.00917518877001,0.6675057808358242,0.5482813206693804,14.70215519100103,36.386653256838315,0.009540748162240454,0.04119210622481848,"[[2180, 925], [1056, 1797]]","[[203, 142], [157, 160]]"
disclosure_x_bias,248,init_hard,F1,exponential,22.666711071297264,28.955508002753874,0.668177203767413,0.5482813206693804,14.7078025857184,36.40362042315411,0.01049629338101859,0.04119210622481848,"[[2183, 922], [1055, 1798]]","[[203, 142], [157, 160]]"
disclosure_x_bias,249,init_hard,F1,exponential,22.671252327353223,28.980323803368538,0.6680091365405223,0.5482813206693804,14.710030747602065,36.43125999347282,0.009623977280553926,0.04119210622481848,"[[2182, 923], [1055, 1798]]","[[203, 142], [157, 160]]"
disclosure_x_bias,250,init_hard,F1,exponential,22.675974632299656,28.957637189782826,0.6680085725565393,0.5497964721845319,14.724785847150354,36.40275298456866,0.009934057412736895,0.04010234768250568,"[[2182, 923], [1055, 1798]]","[[204, 141], [157, 160]]"
disclosure_x_bias,251,init_hard,F1,exponential,22.676111503268267,29.011054663048448,0.6680091365405223,0.5482813206693804,14.717799875972473,36.4931919248644,0.009785138012538223,0.04119210622481848,"[[2180, 925], [1053, 1800]]","[[203, 142], [157, 160]]"
disclosure_x_bias,252,init_hard,F1,exponential,22.679472809576453,29.0034016298661,0.6675052168518414,0.5482813206693804,14.758104693805615,36.470326793756996,0.00991670295586104,0.0430097107968397,"[[2180, 925], [1056, 1797]]","[[203, 142], [157, 160]]"
disclosure_x_bias,253,init_hard,F1,exponential,22.680968075135233,29.021242451352787,0.6680085725565394,0.5482813206693804,14.738214600294677,36.50629217216678,0.009548734331461249,0.04119210622481848,"[[2183, 922], [1056, 1797]]","[[203, 142], [157, 160]]"
disclosure_x_bias,254,init_hard,F1,exponential,22.67999266834762,29.020364735702778,0.6675052168518414,0.5482813206693804,14.756805536818298,36.47431701311183,0.00991670295586104,0.0430097107968397,"[[2180, 925], [1056, 1797]]","[[203, 142], [157, 160]]"
disclosure_x_bias,255,init_hard,F1,exponential,22.64211000325385,29.039279371589874,0.6678407873216401,0.5497964721845319,14.809115138895017,36.53132059156367,0.00972990782145283,0.04010234768250568,"[[2182, 923], [1056, 1797]]","[[204, 141], [157, 160]]"
disclosure_x_bias,256,init_hard,F1,exponential,22.64629829056714,29.013959477066937,0.6688474987310361,0.5497964721845319,14.798219636637652,36.47658662660515,0.008994932103749322,0.04010234768250568,"[[2186, 919], [1054, 1799]]","[[204, 141], [157, 160]]"
disclosure_x_bias,257,init_hard,F1,exponential,22.636907175716733,29.0335222298644,0.6693511364277255,0.5483039348710991,14.812414557142494,36.49920960673374,0.008918121158693924,0.03839092576288883,"[[2186, 919], [1051, 1802]]","[[203, 142], [157, 160]]"
disclosure_x_bias,258,init_hard,F1,exponential,22.64771210784092,29.043519092749413,0.6686799954881282,0.5483039348710991,14.783232413120531,36.54184332156872,0.010100126056393932,0.03839092576288883,"[[2181, 924], [1050, 1803]]","[[203, 142], [157, 160]]"
disclosure_x_bias,259,init_hard,F1,exponential,22.64859810731445,29.02625094510366,0.6696869888895155,0.5483039348710991,14.783011235289104,36.4986831173132,0.00941584412529657,0.03839092576288883,"[[2185, 920], [1048, 1805]]","[[203, 142], [157, 160]]"
disclosure_x_bias,260,init_hard,F1,exponential,22.665156791770723,29.57106020077211,0.6696869888895155,0.5483039348710991,14.631430519151689,36.96946981863248,0.00964634827384946,0.03839092576288883,"[[2187, 918], [1050, 1803]]","[[203, 142], [157, 160]]"
disclosure_x_bias,261,init_hard,F1,exponential,22.710403326349443,29.501137887060686,0.6696875528734985,0.5498190863862505,14.685618785353473,36.9052216202697,0.009123376460500588,0.03856457076528738,"[[2186, 919], [1049, 1804]]","[[203, 142], [156, 161]]"
disclosure_x_bias,262,init_hard,F1,exponential,22.691716709596285,29.531951503331705,0.670190626586205,0.5483039348710991,14.713070614612448,36.91860480330794,0.009880295537018984,0.03839092576288883,"[[2189, 916], [1049, 1804]]","[[203, 142], [157, 160]]"
disclosure_x_bias,263,init_hard,F1,exponential,22.69220899076394,29.48753400029828,0.6695192036546163,0.5498190863862505,14.702720948891953,36.899159644824664,0.009567666623681692,0.03856457076528738,"[[2187, 918], [1051, 1802]]","[[203, 142], [156, 161]]"
disclosure_x_bias,264,init_hard,F1,exponential,22.69775768163279,29.51358497531253,0.6701909085781963,0.5483039348710991,14.709931393012077,36.91600674217463,0.010213725314213358,0.03839092576288883,"[[2188, 917], [1048, 1805]]","[[203, 142], [157, 160]]"
disclosure_x_bias,265,init_hard,F1,exponential,22.68432484684179,29.493259966505907,0.6698553381083977,0.5483039348710991,14.696893943883769,36.89534690889753,0.010768699581988351,0.03772065718411182,"[[2185, 920], [1047, 1806]]","[[202, 143], [156, 161]]"
disclosure_x_bias,266,init_hard,F1,exponential,22.7102443451815,29.556781350781442,0.6693514184197169,0.5498190863862505,14.757111351098137,36.96988541688472,0.010397510298149509,0.03986548034793464,"[[2185, 920], [1050, 1803]]","[[203, 142], [156, 161]]"
disclosure_x_bias,267,init_hard,F1,exponential,22.688389920069604,29.524612721620418,0.6703586938130958,0.5513342379014021,14.72037767882486,36.93034480011867,0.009481978482368458,0.039968962214420235,"[[2188, 917], [1047, 1806]]","[[203, 142], [155, 162]]"
disclosure_x_bias,268,init_hard,F1,exponential,22.694639289445863,29.558774049003887,0.6693514184197169,0.5498190863862505,14.727055403808235,36.975133377773034,0.010030007530076877,0.03986548034793464,"[[2185, 920], [1050, 1803]]","[[203, 142], [156, 161]]"
disclosure_x_bias,269,init_hard,F1,exponential,22.7041537898282,29.541973457593446,0.6706953922508601,0.5498190863862505,14.728196258228811,36.93343827733177,0.009021748117932094,0.041740892790675055,"[[2191, 914], [1048, 1805]]","[[203, 142], [156, 161]]"
disclosure_x_bias,270,init_hard,F1,exponential,22.70014439389924,29.575776946954484,0.6698547741244149,0.545273631840796,14.736127890626648,37.001026478804555,0.009688945671680084,0.042894689247702046,"[[2189, 916], [1051, 1802]]","[[201, 144], [157, 160]]"
disclosure_x_bias,271,init_hard,F1,exponential,22.708065355373193,29.59869119464248,0.6708631774857594,0.5498190863862505,14.73813386486083,37.054125992075505,0.009149665312270119,0.041740892790675055,"[[2192, 913], [1048, 1805]]","[[203, 142], [156, 161]]"
disclosure_x_bias,272,init_hard,F1,exponential,22.70187279634173,29.5244579361973,0.6701903445942136,0.5467887833559475,14.745433276558051,36.92073875694336,0.009954337752216482,0.0401054152314927,"[[2189, 916], [1049, 1804]]","[[202, 143], [157, 160]]"
disclosure_x_bias,273,init_hard,F1,exponential,22.714990266871787,29.62884571524607,0.6708631774857594,0.5467887833559475,14.743291387198287,37.14505831712406,0.009485375574122726,0.0401054152314927,"[[2192, 913], [1048, 1805]]","[[202, 143], [157, 160]]"
disclosure_x_bias,274,init_hard,F1,exponential,22.556307421561947,28.960493133655234,0.6713668151824488,0.5483039348710991,14.692116668904038,35.64872489891039,0.009393862157140687,0.04033495740077957,"[[2195, 910], [1048, 1805]]","[[202, 143], [156, 161]]"
disclosure_x_bias,275,init_hard,F1,exponential,22.524160493847315,28.8913350516305,0.6715346004173481,0.545273631840796,14.703571165258118,35.64863833378328,0.009731285652408887,0.03916456498513423,"[[2199, 906], [1051, 1802]]","[[202, 143], [158, 159]]"
disclosure_x_bias,276,init_hard,F1,exponential,22.533959258306076,28.91134880038254,0.6710303987366759,0.5483039348710991,14.720845982054572,35.680290077976665,0.009461667987051932,0.04033495740077957,"[[2196, 909], [1051, 1802]]","[[202, 143], [156, 161]]"
disclosure_x_bias,277,init_hard,F1,exponential,22.4895697662404,28.897828260460464,0.6710306807286673,0.5483039348710991,14.709469271365112,35.64012696034634,0.008905284314194439,0.04033495740077957,"[[2199, 906], [1054, 1799]]","[[202, 143], [156, 161]]"
disclosure_x_bias,278,init_hard,F1,exponential,22.50090848154444,28.912707244672994,0.6710306807286673,0.5483039348710991,14.722673935391938,35.682453582508025,0.008619704702143438,0.04033495740077957,"[[2198, 907], [1053, 1800]]","[[202, 143], [156, 161]]"
disclosure_x_bias,279,init_hard,F1,exponential,22.48861430626679,28.90617258104112,0.6706948282668772,0.5483039348710991,14.72174915734961,35.66538571482575,0.009483733831684502,0.04033495740077957,"[[2197, 908], [1054, 1799]]","[[202, 143], [156, 161]]"
disclosure_x_bias,280,init_hard,F1,exponential,22.48154851976448,28.899734793828298,0.6705270430319779,0.5467887833559475,14.729991560251099,35.6835181133522,0.008662681584040103,0.0401054152314927,"[[2196, 909], [1054, 1799]]","[[202, 143], [157, 160]]"
disclosure_x_bias,281,init_hard,F1,exponential,22.486828948872862,28.890629007329984,0.6703592577970785,0.5498190863862505,14.73107346329078,35.65892287991296,0.009623481931571762,0.0398654803479347,"[[2194, 911], [1053, 1800]]","[[202, 143], [155, 162]]"
disclosure_x_bias,282,init_hard,F1,exponential,22.503732578197564,28.89330812762097,0.6727102250296092,0.5513342379014021,14.727442609088403,35.64060127780899,0.009307231507436496,0.04060213224731065,"[[2202, 903], [1047, 1806]]","[[202, 143], [154, 163]]"
disclosure_x_bias,283,init_hard,F1,exponential,22.52376307463119,28.914511600031272,0.6715343184253567,0.5498190863862505,14.755100066540765,35.67260057947338,0.00918001050688681,0.0398654803479347,"[[2200, 905], [1052, 1801]]","[[202, 143], [155, 162]]"
disclosure_x_bias,284,init_hard,F1,exponential,22.522285762937294,28.893039786306936,0.6713662511984659,0.5498190863862505,14.750755494943215,35.62781988699896,0.009281312542267403,0.0398654803479347,"[[2199, 906], [1052, 1801]]","[[202, 143], [155, 162]]"
disclosure_x_bias,285,init_hard,F1,exponential,22.52879240504975,28.896121231295275,0.6717023856522475,0.5498190863862505,14.754628629131645,35.652885395910175,0.009277623415088017,0.0398654803479347,"[[2199, 906], [1050, 1803]]","[[202, 143], [155, 162]]"
disclosure_x_bias,286,init_hard,F1,exponential,22.512445122044696,28.862164566501303,0.6717023856522475,0.5483039348710991,14.75359885755135,35.57126632824328,0.009444696049105665,0.039697526194869444,"[[2199, 906], [1050, 1803]]","[[202, 143], [156, 161]]"
disclosure_x_bias,287,init_hard,F1,exponential,22.574906934141463,28.956433700582085,0.6715343184253568,0.5483039348710991,14.776033595829496,35.77145628463354,0.008831748497647425,0.039049691208279634,"[[2198, 907], [1050, 1803]]","[[202, 143], [156, 161]]"
disclosure_x_bias,288,init_hard,F1,exponential,22.564221449368706,28.961961365441745,0.6717023856522475,0.5483039348710991,14.77007189479248,35.758966664803005,0.009038534953921809,0.039049691208279634,"[[2198, 907], [1049, 1804]]","[[202, 143], [156, 161]]"
disclosure_x_bias,289,init_hard,F1,exponential,22.559725149336053,28.957635488284694,0.6720382381140376,0.5467887833559475,14.776175069190513,35.78073071709021,0.008714269785325158,0.04602821261133207,"[[2198, 907], [1047, 1806]]","[[200, 145], [155, 162]]"
disclosure_x_bias,290,init_hard,F1,exponential,22.55697245380492,28.97747154167656,0.6718701708871468,0.5467887833559475,14.764370481443642,35.81148112240083,0.00876142196367032,0.04602821261133207,"[[2199, 906], [1049, 1804]]","[[200, 145], [155, 162]]"
disclosure_x_bias,291,init_hard,F1,exponential,22.557358966920788,28.964638972970892,0.6722060233489369,0.5467887833559475,14.771806912925031,35.80617328604406,0.008818290416700661,0.04602821261133207,"[[2197, 908], [1045, 1808]]","[[200, 145], [155, 162]]"
disclosure_x_bias,292,init_hard,F1,exponential,22.565702842620702,28.998400964595994,0.6718698888951554,0.5497964721845319,14.78861710134329,35.851319866939996,0.008664809569789251,0.048191400945329754,"[[2197, 908], [1047, 1806]]","[[201, 144], [154, 163]]"
disclosure_x_bias,293,init_hard,F1,exponential,22.571305882604612,29.011833085003747,0.6722057413569454,0.5467887833559475,14.828632640339363,35.871393799020325,0.008614917664318012,0.04602821261133207,"[[2198, 907], [1046, 1807]]","[[200, 145], [155, 162]]"
disclosure_x_bias,294,init_hard,F1,exponential,22.556160331678623,29.0191663017263,0.672541311826744,0.545273631840796,14.80073519839129,35.8900796757328,0.009297053168380837,0.04577150181399661,"[[2202, 903], [1048, 1805]]","[[200, 145], [156, 161]]"
disclosure_x_bias,295,init_hard,F1,exponential,22.563355279632525,28.995618711397004,0.67321414471829,0.545273631840796,14.802861502320434,35.845352701953296,0.00932760757484165,0.04577150181399661,"[[2204, 901], [1046, 1807]]","[[200, 145], [156, 161]]"
disclosure_x_bias,296,init_hard,F1,exponential,22.51675278270634,29.01826802837894,0.6735497151880887,0.545273631840796,14.784436347447928,35.891724679402074,0.009032139538837122,0.04577150181399661,"[[2205, 900], [1045, 1808]]","[[200, 145], [156, 161]]"
disclosure_x_bias,297,init_hard,F1,exponential,22.52108967450732,29.01472998461469,0.6730460774913992,0.5437584803256444,14.776660369970788,35.8886409171953,0.009158594882804056,0.044892623866733546,"[[2204, 901], [1047, 1806]]","[[200, 145], [157, 160]]"
disclosure_x_bias,298,init_hard,F1,exponential,22.54758111914387,29.000669793160846,0.672541311826744,0.5483039348710991,14.774874017572904,35.865315444601336,0.008741694345154585,0.0467768748032251,"[[2194, 911], [1040, 1813]]","[[200, 145], [154, 163]]"
disclosure_x_bias,299,init_hard,F1,exponential,22.54541920176161,29.029605443561167,0.6720371101460719,0.5483039348710991,14.773554383659825,35.9269417609848,0.008580427037450941,0.0467768748032251,"[[2193, 912], [1042, 1811]]","[[200, 145], [154, 163]]"
disclosure_x_bias,300,init_hard,F1,exponential,22.5452450993673,29.008681941019894,0.6727093790536349,0.5483039348710991,14.778796625630124,35.88433737757732,0.00864499205537307,0.0467768748032251,"[[2198, 907], [1043, 1810]]","[[200, 145], [154, 163]]"
disclosure_x_bias,1,init_knn1,Hostility,log_loss,1.1901107006047788e-07,7.730124990636815,1.0,0.5151741293532338,3.8803399514536554e-11,0.5288059921312618,0.0,0.033202332554105735,"[[3105, 0], [0, 2853]]","[[190, 155], [166, 151]]"
disclosure_x_bias,2,init_knn1,Hostility,log_loss,1.1883851837037129e-07,7.73093802364432,1.0,0.5151741293532338,6.816413067864612e-11,0.5288423670212298,0.0,0.033202332554105735,"[[3105, 0], [0, 2853]]","[[190, 155], [166, 151]]"
disclosure_x_bias,3,init_knn1,Hostility,log_loss,1.1868663923256258e-07,7.731669816274388,1.0,0.5151741293532338,9.292333875370826e-11,0.5293346059343557,0.0,0.033202332554105735,"[[3105, 0], [0, 2853]]","[[190, 155], [166, 151]]"
disclosure_x_bias,4,init_knn1,Hostility,log_loss,1.185442135057983e-07,7.7321798832705095,1.0,0.5151741293532338,1.1526923761992336e-10,0.5289511075667916,0.0,0.033202332554105735,"[[3105, 0], [0, 2853]]","[[190, 155], [166, 151]]"
disclosure_x_bias,5,init_knn1,Hostility,log_loss,1.1841653337860861e-07,7.732953772899774,1.0,0.5151741293532338,1.3129988579848846e-10,0.5292266835524371,0.0,0.033202332554105735,"[[3105, 0], [0, 2853]]","[[190, 155], [166, 151]]"
disclosure_x_bias,6,init_knn1,Hostility,log_loss,1.1829300654481654e-07,7.733151025181333,1.0,0.5151741293532338,1.4471419368949383e-10,0.5294759784858605,0.0,0.033202332554105735,"[[3105, 0], [0, 2853]]","[[190, 155], [166, 151]]"
disclosure_x_bias,7,init_knn1,Hostility,log_loss,1.1817607232795211e-07,7.733584258196602,1.0,0.5151741293532338,1.5991090409202532e-10,0.5295306850436394,0.0,0.033202332554105735,"[[3105, 0], [0, 2853]]","[[190, 155], [166, 151]]"
disclosure_x_bias,8,init_knn1,Hostility,log_loss,1.1806379625434363e-07,7.73385401543135,1.0,0.5151741293532338,1.7755820595830396e-10,0.529244728187833,0.0,0.033202332554105735,"[[3105, 0], [0, 2853]]","[[190, 155], [166, 151]]"
disclosure_x_bias,9,init_knn1,Hostility,log_loss,1.1795926421842518e-07,7.734002227881183,1.0,0.5151741293532338,1.8880546000964173e-10,0.5291918006990963,0.0,0.033202332554105735,"[[3105, 0], [0, 2853]]","[[190, 155], [166, 151]]"
disclosure_x_bias,10,init_knn1,Hostility,log_loss,1.1785835758973497e-07,7.734633572187403,1.0,0.5151741293532338,2.0116642684682476e-10,0.5294713443063065,0.0,0.033202332554105735,"[[3105, 0], [0, 2853]]","[[190, 155], [166, 151]]"
disclosure_x_bias,11,init_knn1,Hostility,log_loss,1.1776165189863505e-07,7.7348508335341055,1.0,0.5151741293532338,2.1367671735179318e-10,0.5294797785303951,0.0,0.033202332554105735,"[[3105, 0], [0, 2853]]","[[190, 155], [166, 151]]"
disclosure_x_bias,12,init_knn1,Hostility,log_loss,1.1766572031789588e-07,7.735628551817102,1.0,0.5151741293532338,2.3105251821835034e-10,0.5294564341969128,0.0,0.033202332554105735,"[[3105, 0], [0, 2853]]","[[190, 155], [166, 151]]"
disclosure_x_bias,13,init_knn1,Hostility,log_loss,1.1757424256753433e-07,7.735671366778902,1.0,0.5151741293532338,2.397916171804938e-10,0.529374429814951,0.0,0.033202332554105735,"[[3105, 0], [0, 2853]]","[[190, 155], [166, 151]]"
disclosure_x_bias,14,init_knn1,Hostility,log_loss,1.1748526691842556e-07,7.7359724965332575,1.0,0.5151741293532338,2.496703371614732e-10,0.5293379951172053,0.0,0.033202332554105735,"[[3105, 0], [0, 2853]]","[[190, 155], [166, 151]]"
disclosure_x_bias,15,init_knn1,Hostility,log_loss,1.1739828860823583e-07,7.73606617629422,1.0,0.5151741293532338,2.57371132310167e-10,0.5293024236143885,0.0,0.033202332554105735,"[[3105, 0], [0, 2853]]","[[190, 155], [166, 151]]"
disclosure_x_bias,16,init_knn1,Hostility,log_loss,1.1731641759105769e-07,7.7362504041981905,1.0,0.5151741293532338,2.6347743395772157e-10,0.5294921334466753,0.0,0.033202332554105735,"[[3105, 0], [0, 2853]]","[[190, 155], [166, 151]]"
disclosure_x_bias,17,init_knn1,Hostility,log_loss,1.1723491594754463e-07,7.7365979015400965,1.0,0.5151741293532338,2.682651592946476e-10,0.5295942345439053,0.0,0.033202332554105735,"[[3105, 0], [0, 2853]]","[[190, 155], [166, 151]]"
disclosure_x_bias,18,init_knn1,Hostility,log_loss,1.1715792942102547e-07,7.736358576681641,1.0,0.5151741293532338,2.750530826342825e-10,0.529631225472375,0.0,0.033202332554105735,"[[3105, 0], [0, 2853]]","[[190, 155], [166, 151]]"
disclosure_x_bias,19,init_knn1,Hostility,log_loss,1.1707634337170812e-07,7.73686611251978,1.0,0.5151741293532338,2.9104608482276133e-10,0.5296222637954301,0.0,0.033202332554105735,"[[3105, 0], [0, 2853]]","[[190, 155], [166, 151]]"
disclosure_x_bias,20,init_knn1,Hostility,log_loss,1.1700371804375855e-07,7.737397182006964,1.0,0.5151741293532338,2.9729729035663114e-10,0.5297960747990738,0.0,0.033202332554105735,"[[3105, 0], [0, 2853]]","[[190, 155], [166, 151]]"
disclosure_x_bias,21,init_knn1,Hostility,log_loss,1.1693413710533718e-07,7.7374466377204225,1.0,0.5151741293532338,3.035296935216249e-10,0.5296291884184343,0.0,0.033202332554105735,"[[3105, 0], [0, 2853]]","[[190, 155], [166, 151]]"
disclosure_x_bias,22,init_knn1,Hostility,log_loss,1.1686456039329914e-07,7.7374488413632445,1.0,0.5151741293532338,3.0951943348332335e-10,0.5296751974795679,0.0,0.033202332554105735,"[[3105, 0], [0, 2853]]","[[190, 155], [166, 151]]"
disclosure_x_bias,23,init_knn1,Hostility,log_loss,1.1679221133109156e-07,7.7375957516936635,1.0,0.5151741293532338,3.1618590380792203e-10,0.5298089561116381,0.0,0.033202332554105735,"[[3105, 0], [0, 2853]]","[[190, 155], [166, 151]]"
disclosure_x_bias,24,init_knn1,Hostility,log_loss,1.1671837162542494e-07,7.7378056809847,1.0,0.5151741293532338,3.207970537227836e-10,0.5295381297377113,0.0,0.033202332554105735,"[[3105, 0], [0, 2853]]","[[190, 155], [166, 151]]"
disclosure_x_bias,25,init_knn1,Hostility,log_loss,1.1664980248119482e-07,7.738092393669857,1.0,0.5151741293532338,3.2230627067038147e-10,0.5295548051986004,0.0,0.033202332554105735,"[[3105, 0], [0, 2853]]","[[190, 155], [166, 151]]"
disclosure_x_bias,26,init_knn1,Hostility,log_loss,1.165775043150077e-07,7.738476211370698,1.0,0.5151741293532338,3.346166054651429e-10,0.5292946203188846,0.0,0.033202332554105735,"[[3105, 0], [0, 2853]]","[[190, 155], [166, 151]]"
disclosure_x_bias,27,init_knn1,Hostility,log_loss,1.1651593873026035e-07,7.738594145160873,1.0,0.5151741293532338,3.4002208835768747e-10,0.529467765828562,0.0,0.033202332554105735,"[[3105, 0], [0, 2853]]","[[190, 155], [166, 151]]"
disclosure_x_bias,28,init_knn1,Hostility,log_loss,1.164548695826424e-07,7.738560785057727,1.0,0.5151741293532338,3.4193345180736595e-10,0.52965268937499,0.0,0.033202332554105735,"[[3105, 0], [0, 2853]]","[[190, 155], [166, 151]]"
disclosure_x_bias,29,init_knn1,Hostility,log_loss,1.1639641644924387e-07,7.738681720329855,1.0,0.5151741293532338,3.467918185761181e-10,0.5299835121280457,0.0,0.033202332554105735,"[[3105, 0], [0, 2853]]","[[190, 155], [166, 151]]"
disclosure_x_bias,30,init_knn1,Hostility,log_loss,1.1633399911106448e-07,7.738545888189241,1.0,0.5151741293532338,3.5141918477553767e-10,0.5301847624858576,0.0,0.033202332554105735,"[[3105, 0], [0, 2853]]","[[190, 155], [166, 151]]"
disclosure_x_bias,31,init_knn1,Hostility,log_loss,1.1627679197223618e-07,7.738709125975385,1.0,0.5151741293532338,3.532014058737961e-10,0.5301701928243061,0.0,0.033202332554105735,"[[3105, 0], [0, 2853]]","[[190, 155], [166, 151]]"
disclosure_x_bias,32,init_knn1,Hostility,log_loss,1.1621795335653166e-07,7.738672213956957,1.0,0.5151741293532338,3.5911089881850866e-10,0.5302010504041389,0.0,0.033202332554105735,"[[3105, 0], [0, 2853]]","[[190, 155], [166, 151]]"
disclosure_x_bias,33,init_knn1,Hostility,log_loss,1.1615630599197036e-07,7.738609717451152,1.0,0.5151741293532338,3.634790062918548e-10,0.5302177686678536,0.0,0.033202332554105735,"[[3105, 0], [0, 2853]]","[[190, 155], [166, 151]]"
disclosure_x_bias,34,init_knn1,Hostility,log_loss,1.1610278839284716e-07,7.739064936704535,1.0,0.5151741293532338,3.66232405641416e-10,0.530542149609326,0.0,0.033202332554105735,"[[3105, 0], [0, 2853]]","[[190, 155], [166, 151]]"
disclosure_x_bias,35,init_knn1,Hostility,log_loss,1.1604738671595373e-07,7.7391320602532305,1.0,0.5151741293532338,3.656936174389309e-10,0.530674819592825,0.0,0.033202332554105735,"[[3105, 0], [0, 2853]]","[[190, 155], [166, 151]]"
disclosure_x_bias,36,init_knn1,Hostility,log_loss,1.1599309777923217e-07,7.739402662522027,1.0,0.5151741293532338,3.689967044368319e-10,0.5308056120177247,0.0,0.033202332554105735,"[[3105, 0], [0, 2853]]","[[190, 155], [166, 151]]"
disclosure_x_bias,37,init_knn1,Hostility,log_loss,1.1594145549155352e-07,7.739463022909954,1.0,0.5151741293532338,3.720579861532098e-10,0.5308409512095722,0.0,0.033202332554105735,"[[3105, 0], [0, 2853]]","[[190, 155], [166, 151]]"
disclosure_x_bias,38,init_knn1,Hostility,log_loss,1.158878309553985e-07,7.73945460689188,1.0,0.5151741293532338,3.708481650324754e-10,0.5308956661337291,0.0,0.033202332554105735,"[[3105, 0], [0, 2853]]","[[190, 155], [166, 151]]"
disclosure_x_bias,39,init_knn1,Hostility,log_loss,1.1583360599101247e-07,7.739742143035332,1.0,0.5151741293532338,3.825416724833674e-10,0.5303166476803594,0.0,0.033202332554105735,"[[3105, 0], [0, 2853]]","[[190, 155], [166, 151]]"
disclosure_x_bias,40,init_knn1,Hostility,log_loss,1.1578011195074476e-07,7.739902841243991,1.0,0.5151741293532338,3.9056636885105005e-10,0.5303933005798306,0.0,0.033202332554105735,"[[3105, 0], [0, 2853]]","[[190, 155], [166, 151]]"
disclosure_x_bias,41,init_knn1,Hostility,log_loss,1.1573045955153513e-07,7.739865798352591,1.0,0.5151741293532338,3.896628658004785e-10,0.5307021755163663,0.0,0.033202332554105735,"[[3105, 0], [0, 2853]]","[[190, 155], [166, 151]]"
disclosure_x_bias,42,init_knn1,Hostility,log_loss,1.1567825327658411e-07,7.739996835836787,1.0,0.5151741293532338,3.927322767825754e-10,0.5306264922740972,0.0,0.033202332554105735,"[[3105, 0], [0, 2853]]","[[190, 155], [166, 151]]"
disclosure_x_bias,43,init_knn1,Hostility,log_loss,1.1563179612156659e-07,7.740001316672831,1.0,0.5151741293532338,3.929602685725245e-10,0.5307588341292616,0.0,0.033202332554105735,"[[3105, 0], [0, 2853]]","[[190, 155], [166, 151]]"
disclosure_x_bias,44,init_knn1,Hostility,log_loss,1.1558192643950826e-07,7.739894221207935,1.0,0.5151741293532338,3.9732143610834976e-10,0.5307941407397341,0.0,0.033202332554105735,"[[3105, 0], [0, 2853]]","[[190, 155], [166, 151]]"
disclosure_x_bias,45,init_knn1,Hostility,log_loss,1.1554001642111022e-07,7.7401984247785505,1.0,0.5151741293532338,3.98930524712332e-10,0.5307993958088394,0.0,0.033202332554105735,"[[3105, 0], [0, 2853]]","[[190, 155], [166, 151]]"
disclosure_x_bias,46,init_knn1,Hostility,log_loss,1.1549341315859706e-07,7.74046227726415,1.0,0.5151741293532338,3.999038041705874e-10,0.530880607792129,0.0,0.033202332554105735,"[[3105, 0], [0, 2853]]","[[190, 155], [166, 151]]"
disclosure_x_bias,47,init_knn1,Hostility,log_loss,1.154431447140136e-07,7.74087561882232,1.0,0.5151741293532338,4.100398150319257e-10,0.5308690760343803,0.0,0.033202332554105735,"[[3105, 0], [0, 2853]]","[[190, 155], [166, 151]]"
disclosure_x_bias,48,init_knn1,Hostility,log_loss,1.1539771201898291e-07,7.740830790511157,1.0,0.5151741293532338,4.13610909692791e-10,0.5309504100455895,0.0,0.033202332554105735,"[[3105, 0], [0, 2853]]","[[190, 155], [166, 151]]"
disclosure_x_bias,49,init_knn1,Hostility,log_loss,1.1535192036114556e-07,7.740855211405297,1.0,0.5151741293532338,4.142804370888062e-10,0.5310712120297368,0.0,0.033202332554105735,"[[3105, 0], [0, 2853]]","[[190, 155], [166, 151]]"
disclosure_x_bias,50,init_knn1,Hostility,log_loss,1.1530639667759483e-07,7.740883447432607,1.0,0.5151741293532338,4.147727114973279e-10,0.5313156822553831,0.0,0.033202332554105735,"[[3105, 0], [0, 2853]]","[[190, 155], [166, 151]]"
disclosure_x_bias,51,init_knn1,Hostility,log_loss,1.1526723683312029e-07,7.740867860134371,1.0,0.5151741293532338,4.152975588238323e-10,0.5313884509113143,0.0,0.033202332554105735,"[[3105, 0], [0, 2853]]","[[190, 155], [166, 151]]"
disclosure_x_bias,52,init_knn1,Hostility,log_loss,1.1522753525028516e-07,7.741042289657034,1.0,0.5151741293532338,4.189792754575993e-10,0.5313230457929982,0.0,0.033202332554105735,"[[3105, 0], [0, 2853]]","[[190, 155], [166, 151]]"
disclosure_x_bias,53,init_knn1,Hostility,log_loss,1.151864690617003e-07,7.741283175483193,1.0,0.5151741293532338,4.23273328321321e-10,0.5310220579246491,0.0,0.033202332554105735,"[[3105, 0], [0, 2853]]","[[190, 155], [166, 151]]"
disclosure_x_bias,54,init_knn1,Hostility,log_loss,1.1514393642670195e-07,7.741650905061702,1.0,0.5151741293532338,4.213426132528737e-10,0.5308453635427915,0.0,0.033202332554105735,"[[3105, 0], [0, 2853]]","[[190, 155], [166, 151]]"
disclosure_x_bias,55,init_knn1,Hostility,log_loss,1.1510555486917093e-07,7.741669545626218,1.0,0.5151741293532338,4.194981815056973e-10,0.5311147521230689,0.0,0.033202332554105735,"[[3105, 0], [0, 2853]]","[[190, 155], [166, 151]]"
disclosure_x_bias,56,init_knn1,Hostility,log_loss,1.1506345023698271e-07,7.741572898207062,1.0,0.5151741293532338,4.198217124324698e-10,0.5311196887660605,0.0,0.033202332554105735,"[[3105, 0], [0, 2853]]","[[190, 155], [166, 151]]"
disclosure_x_bias,57,init_knn1,Hostility,log_loss,1.1502756466432218e-07,7.741828378871537,1.0,0.5151741293532338,4.209626910733305e-10,0.5310130845744131,0.0,0.033202332554105735,"[[3105, 0], [0, 2853]]","[[190, 155], [166, 151]]"
disclosure_x_bias,58,init_knn1,Hostility,log_loss,1.1498642454427678e-07,7.741835979394321,1.0,0.5151741293532338,4.223821298826545e-10,0.531053106281499,0.0,0.033202332554105735,"[[3105, 0], [0, 2853]]","[[190, 155], [166, 151]]"
disclosure_x_bias,59,init_knn1,Hostility,log_loss,1.1494588784857851e-07,7.741840093457301,1.0,0.5151741293532338,4.2267447702034763e-10,0.5312240969930087,0.0,0.033202332554105735,"[[3105, 0], [0, 2853]]","[[190, 155], [166, 151]]"
disclosure_x_bias,60,init_knn1,Hostility,log_loss,1.1490447015829101e-07,7.742038398548925,1.0,0.5151741293532338,4.2338452978614745e-10,0.5310753914791234,0.0,0.033202332554105735,"[[3105, 0], [0, 2853]]","[[190, 155], [166, 151]]"
disclosure_x_bias,61,init_knn1,Hostility,log_loss,1.1486930729373525e-07,7.742236579497899,1.0,0.5151741293532338,4.2481718079903645e-10,0.5312981877830826,0.0,0.033202332554105735,"[[3105, 0], [0, 2853]]","[[190, 155], [166, 151]]"
disclosure_x_bias,62,init_knn1,Hostility,log_loss,1.1483554914883228e-07,7.742378337428209,1.0,0.5151741293532338,4.2647253620279294e-10,0.5314283463094605,0.0,0.033202332554105735,"[[3105, 0], [0, 2853]]","[[190, 155], [166, 151]]"
disclosure_x_bias,63,init_knn1,Hostility,log_loss,1.1480222773973115e-07,7.742493366624673,1.0,0.5151741293532338,4.27037151375786e-10,0.5311708636486795,0.0,0.033202332554105735,"[[3105, 0], [0, 2853]]","[[190, 155], [166, 151]]"
disclosure_x_bias,64,init_knn1,Hostility,log_loss,1.1476692467904408e-07,7.742588442096431,1.0,0.5151741293532338,4.306339848827688e-10,0.5313685734823111,0.0,0.033202332554105735,"[[3105, 0], [0, 2853]]","[[190, 155], [166, 151]]"
disclosure_x_bias,65,init_knn1,Hostility,log_loss,1.1472841160959244e-07,7.74304127626183,1.0,0.5151741293532338,4.448032238583642e-10,0.5310943844628612,0.0,0.033202332554105735,"[[3105, 0], [0, 2853]]","[[190, 155], [166, 151]]"
disclosure_x_bias,66,init_knn1,Hostility,log_loss,1.1469422065296683e-07,7.742960165052797,1.0,0.5151741293532338,4.45163782184468e-10,0.5313862789772151,0.0,0.033202332554105735,"[[3105, 0], [0, 2853]]","[[190, 155], [166, 151]]"
disclosure_x_bias,67,init_knn1,Hostility,log_loss,1.1466137379073932e-07,7.743160943026103,1.0,0.5151741293532338,4.465808315569898e-10,0.5312655026870978,0.0,0.033202332554105735,"[[3105, 0], [0, 2853]]","[[190, 155], [166, 151]]"
disclosure_x_bias,68,init_knn1,Hostility,log_loss,1.1462782458737438e-07,7.743212723582056,1.0,0.5151741293532338,4.4921644119436183e-10,0.5310521023566614,0.0,0.033202332554105735,"[[3105, 0], [0, 2853]]","[[190, 155], [166, 151]]"
disclosure_x_bias,69,init_knn1,Hostility,log_loss,1.1459428148335333e-07,7.743368969686062,1.0,0.5151741293532338,4.484358209613681e-10,0.5309262030198494,0.0,0.033202332554105735,"[[3105, 0], [0, 2853]]","[[190, 155], [166, 151]]"
disclosure_x_bias,70,init_knn1,Hostility,log_loss,1.145611221275464e-07,7.743093412106687,1.0,0.5151741293532338,4.457100788311645e-10,0.5310078176988559,0.0,0.033202332554105735,"[[3105, 0], [0, 2853]]","[[190, 155], [166, 151]]"
disclosure_x_bias,71,init_knn1,Hostility,log_loss,1.1452571705175178e-07,7.743411008423361,1.0,0.5151741293532338,4.4405796869991555e-10,0.5310969674510866,0.0,0.033202332554105735,"[[3105, 0], [0, 2853]]","[[190, 155], [166, 151]]"
disclosure_x_bias,72,init_knn1,Hostility,log_loss,1.1448973845418112e-07,7.743293058493698,1.0,0.5151741293532338,4.4468253453132534e-10,0.5310203221468814,0.0,0.033202332554105735,"[[3105, 0], [0, 2853]]","[[190, 155], [166, 151]]"
disclosure_x_bias,73,init_knn1,Hostility,log_loss,1.1445926191531713e-07,7.743412660457727,1.0,0.5151741293532338,4.4908680267702303e-10,0.5310824547312611,0.0,0.033202332554105735,"[[3105, 0], [0, 2853]]","[[190, 155], [166, 151]]"
disclosure_x_bias,74,init_knn1,Hostility,log_loss,1.1442947111430669e-07,7.743363812443597,1.0,0.5151741293532338,4.5056046999726867e-10,0.5310706878072674,0.0,0.033202332554105735,"[[3105, 0], [0, 2853]]","[[190, 155], [166, 151]]"
disclosure_x_bias,75,init_knn1,Hostility,log_loss,1.1440097389465154e-07,7.743470944631122,1.0,0.5151741293532338,4.5199067264755383e-10,0.5310958529320267,0.0,0.033202332554105735,"[[3105, 0], [0, 2853]]","[[190, 155], [166, 151]]"
disclosure_x_bias,76,init_knn1,Hostility,log_loss,1.1436903116956038e-07,7.743449892581529,1.0,0.5151741293532338,4.5075662771562047e-10,0.5309818840961769,0.0,0.033202332554105735,"[[3105, 0], [0, 2853]]","[[190, 155], [166, 151]]"
disclosure_x_bias,77,init_knn1,Hostility,log_loss,1.1433913726324841e-07,7.743499407258257,1.0,0.5151741293532338,4.50525999522402e-10,0.5312557038825219,0.0,0.033202332554105735,"[[3105, 0], [0, 2853]]","[[190, 155], [166, 151]]"
disclosure_x_bias,78,init_knn1,Hostility,log_loss,1.1431161996088796e-07,7.743907201907069,1.0,0.5151741293532338,4.5133990032808184e-10,0.5310571348500054,0.0,0.033202332554105735,"[[3105, 0], [0, 2853]]","[[190, 155], [166, 151]]"
disclosure_x_bias,79,init_knn1,Hostility,log_loss,1.1426989806382717e-07,7.74418567603319,1.0,0.5151741293532338,4.593074813939451e-10,0.5306546988466676,0.0,0.033202332554105735,"[[3105, 0], [0, 2853]]","[[190, 155], [166, 151]]"
disclosure_x_bias,80,init_knn1,Hostility,log_loss,1.1423588431056411e-07,7.7441951594544705,1.0,0.5151741293532338,4.6380048621464967e-10,0.5307101662503007,0.0,0.033202332554105735,"[[3105, 0], [0, 2853]]","[[190, 155], [166, 151]]"
disclosure_x_bias,81,init_knn1,Hostility,log_loss,1.1420745144743707e-07,7.74411258177336,1.0,0.5151741293532338,4.64850224302805e-10,0.5307155259352104,0.0,0.033202332554105735,"[[3105, 0], [0, 2853]]","[[190, 155], [166, 151]]"
disclosure_x_bias,82,init_knn1,Hostility,log_loss,1.1417994277164935e-07,7.744100230887734,1.0,0.5151741293532338,4.655596667774135e-10,0.530730910898178,0.0,0.033202332554105735,"[[3105, 0], [0, 2853]]","[[190, 155], [166, 151]]"
disclosure_x_bias,83,init_knn1,Hostility,log_loss,1.1415134872179328e-07,7.744225201262364,1.0,0.5151741293532338,4.669212267249759e-10,0.5306591825648201,0.0,0.033202332554105735,"[[3105, 0], [0, 2853]]","[[190, 155], [166, 151]]"
disclosure_x_bias,84,init_knn1,Hostility,log_loss,1.1412371079544367e-07,7.744367858491984,1.0,0.5151741293532338,4.684871043812228e-10,0.5309107362621912,0.0,0.033202332554105735,"[[3105, 0], [0, 2853]]","[[190, 155], [166, 151]]"
disclosure_x_bias,85,init_knn1,Hostility,log_loss,1.1409440170948218e-07,7.74432101917063,1.0,0.5151741293532338,4.739137480801162e-10,0.5307378008202247,0.0,0.033202332554105735,"[[3105, 0], [0, 2853]]","[[190, 155], [166, 151]]"
disclosure_x_bias,86,init_knn1,Hostility,log_loss,1.1406660841033031e-07,7.744308489600551,1.0,0.5151741293532338,4.759771026539693e-10,0.5305589143811686,0.0,0.033202332554105735,"[[3105, 0], [0, 2853]]","[[190, 155], [166, 151]]"
disclosure_x_bias,87,init_knn1,Hostility,log_loss,1.1403773291273828e-07,7.744387445011964,1.0,0.5151741293532338,4.732373146962741e-10,0.5306997359309265,0.0,0.033202332554105735,"[[3105, 0], [0, 2853]]","[[190, 155], [166, 151]]"
disclosure_x_bias,88,init_knn1,Hostility,log_loss,1.1401107733479331e-07,7.74446624124145,1.0,0.5151741293532338,4.736149309587483e-10,0.5309225127616155,0.0,0.033202332554105735,"[[3105, 0], [0, 2853]]","[[190, 155], [166, 151]]"
disclosure_x_bias,89,init_knn1,Hostility,log_loss,1.1398266183701102e-07,7.744328353616963,1.0,0.5151741293532338,4.752381086113116e-10,0.530936891085691,0.0,0.033202332554105735,"[[3105, 0], [0, 2853]]","[[190, 155], [166, 151]]"
disclosure_x_bias,90,init_knn1,Hostility,log_loss,1.1395283162431253e-07,7.744543785528352,1.0,0.5151741293532338,4.749102941389217e-10,0.530612649690962,0.0,0.033202332554105735,"[[3105, 0], [0, 2853]]","[[190, 155], [166, 151]]"
disclosure_x_bias,91,init_knn1,Hostility,log_loss,1.1392686262854158e-07,7.744638495645903,1.0,0.5151741293532338,4.754208276929737e-10,0.530658176197921,0.0,0.033202332554105735,"[[3105, 0], [0, 2853]]","[[190, 155], [166, 151]]"
disclosure_x_bias,92,init_knn1,Hostility,log_loss,1.1390000205238385e-07,7.744658391286656,1.0,0.5151741293532338,4.715913433020079e-10,0.5306790619200757,0.0,0.033202332554105735,"[[3105, 0], [0, 2853]]","[[190, 155], [166, 151]]"
disclosure_x_bias,93,init_knn1,Hostility,log_loss,1.1387523420531026e-07,7.745077262591133,1.0,0.5151741293532338,4.733292570059005e-10,0.5305276762269135,0.0,0.033202332554105735,"[[3105, 0], [0, 2853]]","[[190, 155], [166, 151]]"
disclosure_x_bias,94,init_knn1,Hostility,log_loss,1.1384740781840757e-07,7.744941317561486,1.0,0.5151741293532338,4.795346912012989e-10,0.5305982064496239,0.0,0.033202332554105735,"[[3105, 0], [0, 2853]]","[[190, 155], [166, 151]]"
disclosure_x_bias,95,init_knn1,Hostility,log_loss,1.1382496822998897e-07,7.7450242188516825,1.0,0.5151741293532338,4.810205989576127e-10,0.5308168646444456,0.0,0.033202332554105735,"[[3105, 0], [0, 2853]]","[[190, 155], [166, 151]]"
disclosure_x_bias,96,init_knn1,Hostility,log_loss,1.1379930216668741e-07,7.744876801077245,1.0,0.5151741293532338,4.806490337051976e-10,0.5307938383146569,0.0,0.033202332554105735,"[[3105, 0], [0, 2853]]","[[190, 155], [166, 151]]"
disclosure_x_bias,97,init_knn1,Hostility,log_loss,1.1377281780317242e-07,7.745055236541444,1.0,0.5151741293532338,4.801233074104522e-10,0.530836132886054,0.0,0.033202332554105735,"[[3105, 0], [0, 2853]]","[[190, 155], [166, 151]]"
disclosure_x_bias,98,init_knn1,Hostility,log_loss,1.1374560417404884e-07,7.745226238969698,1.0,0.5151741293532338,4.791734300918997e-10,0.5308607816279185,0.0,0.033202332554105735,"[[3105, 0], [0, 2853]]","[[190, 155], [166, 151]]"
disclosure_x_bias,99,init_knn1,Hostility,log_loss,1.1372168268994693e-07,7.745252630671791,1.0,0.5151741293532338,4.798419967217379e-10,0.531047304744841,0.0,0.033202332554105735,"[[3105, 0], [0, 2853]]","[[190, 155], [166, 151]]"
disclosure_x_bias,100,init_knn1,Hostility,log_loss,1.1369508787478443e-07,7.7452174369367786,1.0,0.5151741293532338,4.803528021973768e-10,0.5309000906498261,0.0,0.033202332554105735,"[[3105, 0], [0, 2853]]","[[190, 155], [166, 151]]"
disclosure_x_bias,101,init_knn1,Hostility,log_loss,1.1366942739698082e-07,7.7451681742951966,1.0,0.5151741293532338,4.798775742984365e-10,0.5307768657339151,0.0,0.033202332554105735,"[[3105, 0], [0, 2853]]","[[190, 155], [166, 151]]"
disclosure_x_bias,102,init_knn1,Hostility,log_loss,1.1363956998966769e-07,7.745537392380163,1.0,0.5151741293532338,4.85790189042251e-10,0.5305737488822715,0.0,0.033202332554105735,"[[3105, 0], [0, 2853]]","[[190, 155], [166, 151]]"
disclosure_x_bias,103,init_knn1,Hostility,log_loss,1.1361476841440799e-07,7.745708590186213,1.0,0.5151741293532338,4.853689938534356e-10,0.5306971855317009,0.0,0.033202332554105735,"[[3105, 0], [0, 2853]]","[[190, 155], [166, 151]]"
disclosure_x_bias,104,init_knn1,Hostility,log_loss,1.135867259638173e-07,7.74561402465554,1.0,0.5151741293532338,4.873271901151462e-10,0.5307271025848155,0.0,0.033202332554105735,"[[3105, 0], [0, 2853]]","[[190, 155], [166, 151]]"
disclosure_x_bias,105,init_knn1,Hostility,log_loss,1.1356499664951362e-07,7.745641256003071,1.0,0.5151741293532338,4.873272357231878e-10,0.5307516393368907,0.0,0.033202332554105735,"[[3105, 0], [0, 2853]]","[[190, 155], [166, 151]]"
disclosure_x_bias,106,init_knn1,Hostility,log_loss,1.1354430196441894e-07,7.745636403788569,1.0,0.5151741293532338,4.875456678540433e-10,0.5305740894197633,0.0,0.033202332554105735,"[[3105, 0], [0, 2853]]","[[190, 155], [166, 151]]"
disclosure_x_bias,107,init_knn1,Hostility,log_loss,1.1352277630799938e-07,7.745900952673409,1.0,0.5151741293532338,4.878098128329747e-10,0.5304918332891879,0.0,0.033202332554105735,"[[3105, 0], [0, 2853]]","[[190, 155], [166, 151]]"
disclosure_x_bias,108,init_knn1,Hostility,log_loss,1.1349982646006879e-07,7.746143610282258,1.0,0.5151741293532338,4.884205251885084e-10,0.5304200841307736,0.0,0.033202332554105735,"[[3105, 0], [0, 2853]]","[[190, 155], [166, 151]]"
disclosure_x_bias,109,init_knn1,Hostility,log_loss,1.1347521937710953e-07,7.7463082978827655,1.0,0.5151741293532338,4.924917664528557e-10,0.53043241481295,0.0,0.033202332554105735,"[[3105, 0], [0, 2853]]","[[190, 155], [166, 151]]"
disclosure_x_bias,110,init_knn1,Hostility,log_loss,1.134527095441149e-07,7.746430751684993,1.0,0.5151741293532338,4.928795893200501e-10,0.5305232513749492,0.0,0.033202332554105735,"[[3105, 0], [0, 2853]]","[[190, 155], [166, 151]]"
disclosure_x_bias,111,init_knn1,Hostility,log_loss,1.1342950561246136e-07,7.746647134369749,1.0,0.5151741293532338,4.977407695282575e-10,0.5303176470639317,0.0,0.033202332554105735,"[[3105, 0], [0, 2853]]","[[190, 155], [166, 151]]"
disclosure_x_bias,112,init_knn1,Hostility,log_loss,1.1340712395355339e-07,7.746728073831212,1.0,0.5151741293532338,4.962672213892151e-10,0.5303227884845325,0.0,0.033202332554105735,"[[3105, 0], [0, 2853]]","[[190, 155], [166, 151]]"
disclosure_x_bias,113,init_knn1,Hostility,log_loss,1.1338565371937798e-07,7.746764887885824,1.0,0.5151741293532338,4.96034219295965e-10,0.530535644907824,0.0,0.033202332554105735,"[[3105, 0], [0, 2853]]","[[190, 155], [166, 151]]"
disclosure_x_bias,114,init_knn1,Hostility,log_loss,1.1336640026969572e-07,7.746728351274035,1.0,0.5151741293532338,4.9708412179292e-10,0.5304341466961973,0.0,0.033202332554105735,"[[3105, 0], [0, 2853]]","[[190, 155], [166, 151]]"
disclosure_x_bias,115,init_knn1,Hostility,log_loss,1.1334418737594787e-07,7.746683874849053,1.0,0.5151741293532338,5.006102564025311e-10,0.5305918171935673,0.0,0.033202332554105735,"[[3105, 0], [0, 2853]]","[[190, 155], [166, 151]]"
disclosure_x_bias,116,init_knn1,Hostility,log_loss,1.133233658665988e-07,7.746788423750199,1.0,0.5151741293532338,5.007345483086175e-10,0.5308843849712287,0.0,0.033202332554105735,"[[3105, 0], [0, 2853]]","[[190, 155], [166, 151]]"
disclosure_x_bias,117,init_knn1,Hostility,log_loss,1.1330398743017334e-07,7.746877184092251,1.0,0.5151741293532338,5.013604785861878e-10,0.5306627670651474,0.0,0.033202332554105735,"[[3105, 0], [0, 2853]]","[[190, 155], [166, 151]]"
disclosure_x_bias,118,init_knn1,Hostility,log_loss,1.1328202066151149e-07,7.74689320275313,1.0,0.5151741293532338,5.013550678474533e-10,0.5307017964109007,0.0,0.033202332554105735,"[[3105, 0], [0, 2853]]","[[190, 155], [166, 151]]"
disclosure_x_bias,119,init_knn1,Hostility,log_loss,1.1326020806352502e-07,7.746973972843111,1.0,0.5151741293532338,5.011608439571204e-10,0.5307354726308867,0.0,0.033202332554105735,"[[3105, 0], [0, 2853]]","[[190, 155], [166, 151]]"
disclosure_x_bias,120,init_knn1,Hostility,log_loss,1.1323615605261773e-07,7.747067773433166,1.0,0.5151741293532338,4.989963457214793e-10,0.5309314648234026,0.0,0.033202332554105735,"[[3105, 0], [0, 2853]]","[[190, 155], [166, 151]]"
disclosure_x_bias,121,init_knn1,Hostility,log_loss,1.1321077169507588e-07,7.747057230568591,1.0,0.5151741293532338,5.023674420334971e-10,0.5311207011501262,0.0,0.033202332554105735,"[[3105, 0], [0, 2853]]","[[190, 155], [166, 151]]"
disclosure_x_bias,122,init_knn1,Hostility,log_loss,1.1318849606321581e-07,7.7470484348822195,1.0,0.5151741293532338,5.044523631006662e-10,0.5310764312466438,0.0,0.033202332554105735,"[[3105, 0], [0, 2853]]","[[190, 155], [166, 151]]"
disclosure_x_bias,123,init_knn1,Hostility,log_loss,1.1316881501329438e-07,7.747073014738794,1.0,0.5151741293532338,5.037044529382294e-10,0.5312021127682114,0.0,0.033202332554105735,"[[3105, 0], [0, 2853]]","[[190, 155], [166, 151]]"
disclosure_x_bias,124,init_knn1,Hostility,log_loss,1.1314785390772905e-07,7.747115860728132,1.0,0.5151741293532338,5.034944458749586e-10,0.531296622255588,0.0,0.033202332554105735,"[[3105, 0], [0, 2853]]","[[190, 155], [166, 151]]"
disclosure_x_bias,125,init_knn1,Hostility,log_loss,1.1312913011022364e-07,7.7471926136011735,1.0,0.5151741293532338,5.039563846827386e-10,0.5313209916675237,0.0,0.033202332554105735,"[[3105, 0], [0, 2853]]","[[190, 155], [166, 151]]"
disclosure_x_bias,126,init_knn1,Hostility,log_loss,1.1311103997320897e-07,7.74726432584824,1.0,0.5151741293532338,5.045501782510162e-10,0.5314320109591611,0.0,0.033202332554105735,"[[3105, 0], [0, 2853]]","[[190, 155], [166, 151]]"
disclosure_x_bias,127,init_knn1,Hostility,log_loss,1.1309241872704591e-07,7.747122208575464,1.0,0.5151741293532338,5.045709768433762e-10,0.531385259248661,0.0,0.033202332554105735,"[[3105, 0], [0, 2853]]","[[190, 155], [166, 151]]"
disclosure_x_bias,128,init_knn1,Hostility,log_loss,1.1307370242236133e-07,7.747169047323919,1.0,0.5151741293532338,5.048109737341633e-10,0.5313109263961748,0.0,0.033202332554105735,"[[3105, 0], [0, 2853]]","[[190, 155], [166, 151]]"
disclosure_x_bias,129,init_knn1,Hostility,log_loss,1.1305475056067114e-07,7.746941091392772,1.0,0.5151741293532338,5.043782354270734e-10,0.531312411659159,0.0,0.033202332554105735,"[[3105, 0], [0, 2853]]","[[190, 155], [166, 151]]"
disclosure_x_bias,130,init_knn1,Hostility,log_loss,1.1303293027971361e-07,7.746931081706267,1.0,0.5151741293532338,4.99086669814921e-10,0.5311760062448081,0.0,0.033202332554105735,"[[3105, 0], [0, 2853]]","[[190, 155], [166, 151]]"
disclosure_x_bias,131,init_knn1,Hostility,log_loss,1.1301240152091794e-07,7.7470321874188866,1.0,0.5151741293532338,4.982802182813688e-10,0.5314353873237332,0.0,0.033202332554105735,"[[3105, 0], [0, 2853]]","[[190, 155], [166, 151]]"
disclosure_x_bias,132,init_knn1,Hostility,log_loss,1.1299186529837675e-07,7.747013660639792,1.0,0.5151741293532338,4.972488960307433e-10,0.5313868890785299,0.0,0.033202332554105735,"[[3105, 0], [0, 2853]]","[[190, 155], [166, 151]]"
disclosure_x_bias,133,init_knn1,Hostility,log_loss,1.1297085287699351e-07,7.74717008268162,1.0,0.5151741293532338,4.97295214958437e-10,0.5313901292216965,0.0,0.033202332554105735,"[[3105, 0], [0, 2853]]","[[190, 155], [166, 151]]"
disclosure_x_bias,134,init_knn1,Hostility,log_loss,1.1295142218703643e-07,7.746969577248743,1.0,0.5151741293532338,4.98332497545768e-10,0.5313380264966967,0.0,0.033202332554105735,"[[3105, 0], [0, 2853]]","[[190, 155], [166, 151]]"
disclosure_x_bias,135,init_knn1,Hostility,log_loss,1.1292597551899113e-07,7.746910041384503,1.0,0.5151741293532338,5.019720781185939e-10,0.5314311483459311,0.0,0.033202332554105735,"[[3105, 0], [0, 2853]]","[[190, 155], [166, 151]]"
disclosure_x_bias,136,init_knn1,Hostility,log_loss,1.1290684192407188e-07,7.747119537063389,1.0,0.5151741293532338,5.01405650118775e-10,0.5315470093468679,0.0,0.033202332554105735,"[[3105, 0], [0, 2853]]","[[190, 155], [166, 151]]"
disclosure_x_bias,137,init_knn1,Hostility,log_loss,1.128837838268134e-07,7.747301704764228,1.0,0.5151741293532338,5.101506163947361e-10,0.5312549343600509,0.0,0.033202332554105735,"[[3105, 0], [0, 2853]]","[[190, 155], [166, 151]]"
disclosure_x_bias,138,init_knn1,Hostility,log_loss,1.1286615776392045e-07,7.7473536207993146,1.0,0.5151741293532338,5.104580231272127e-10,0.5313970571629648,0.0,0.033202332554105735,"[[3105, 0], [0, 2853]]","[[190, 155], [166, 151]]"
disclosure_x_bias,139,init_knn1,Hostility,log_loss,1.1284600116211478e-07,7.747362637296521,1.0,0.5151741293532338,5.110021145191073e-10,0.530995767921327,0.0,0.033202332554105735,"[[3105, 0], [0, 2853]]","[[190, 155], [166, 151]]"
disclosure_x_bias,140,init_knn1,Hostility,log_loss,1.1282701406922531e-07,7.747427138235146,1.0,0.5151741293532338,5.114747697615241e-10,0.5312922768945472,0.0,0.033202332554105735,"[[3105, 0], [0, 2853]]","[[190, 155], [166, 151]]"
disclosure_x_bias,141,init_knn1,Hostility,log_loss,1.1280965915591465e-07,7.747276613970247,1.0,0.5151741293532338,5.114501815155084e-10,0.5312373047497353,0.0,0.033202332554105735,"[[3105, 0], [0, 2853]]","[[190, 155], [166, 151]]"
disclosure_x_bias,142,init_knn1,Hostility,log_loss,1.1278985330922877e-07,7.747370428243282,1.0,0.5151741293532338,5.109730955661247e-10,0.5313404446986753,0.0,0.033202332554105735,"[[3105, 0], [0, 2853]]","[[190, 155], [166, 151]]"
disclosure_x_bias,143,init_knn1,Hostility,log_loss,1.1277247987343562e-07,7.747382519620366,1.0,0.5151741293532338,5.111248156709243e-10,0.5312324702709097,0.0,0.033202332554105735,"[[3105, 0], [0, 2853]]","[[190, 155], [166, 151]]"
disclosure_x_bias,144,init_knn1,Hostility,log_loss,1.1275426896841572e-07,7.74746145522266,1.0,0.5151741293532338,5.118785265935402e-10,0.5313814130886728,0.0,0.033202332554105735,"[[3105, 0], [0, 2853]]","[[190, 155], [166, 151]]"
disclosure_x_bias,145,init_knn1,Hostility,log_loss,1.1273292353903677e-07,7.747395898144077,1.0,0.5151741293532338,5.084677329294498e-10,0.5312497298458806,0.0,0.033202332554105735,"[[3105, 0], [0, 2853]]","[[190, 155], [166, 151]]"
disclosure_x_bias,146,init_knn1,Hostility,log_loss,1.1271161141125022e-07,7.747290606850631,1.0,0.5151741293532338,5.124386658578414e-10,0.5315985652037919,0.0,0.033202332554105735,"[[3105, 0], [0, 2853]]","[[190, 155], [166, 151]]"
disclosure_x_bias,147,init_knn1,Hostility,log_loss,1.1269240612014543e-07,7.747268623288818,1.0,0.5151741293532338,5.164713626059988e-10,0.5315661822094475,0.0,0.033202332554105735,"[[3105, 0], [0, 2853]]","[[190, 155], [166, 151]]"
disclosure_x_bias,148,init_knn1,Hostility,log_loss,1.1267555866337195e-07,7.747394243624152,1.0,0.5151741293532338,5.162905059517181e-10,0.5316651896436169,0.0,0.033202332554105735,"[[3105, 0], [0, 2853]]","[[190, 155], [166, 151]]"
disclosure_x_bias,149,init_knn1,Hostility,log_loss,1.1265658892907528e-07,7.7474695165918375,1.0,0.5151741293532338,5.149161541985766e-10,0.5316164929956803,0.0,0.033202332554105735,"[[3105, 0], [0, 2853]]","[[190, 155], [166, 151]]"
disclosure_x_bias,150,init_knn1,Hostility,log_loss,1.1263450917505134e-07,7.747395337088956,1.0,0.5151741293532338,5.133251658059871e-10,0.5315832203160775,0.0,0.033202332554105735,"[[3105, 0], [0, 2853]]","[[190, 155], [166, 151]]"
disclosure_x_bias,151,init_knn1,Hostility,log_loss,1.1261605662011409e-07,7.747523379039757,1.0,0.5151741293532338,5.123224834221831e-10,0.5315660462150356,0.0,0.033202332554105735,"[[3105, 0], [0, 2853]]","[[190, 155], [166, 151]]"
disclosure_x_bias,152,init_knn1,Hostility,log_loss,1.1259784070897662e-07,7.747556397960119,1.0,0.5151741293532338,5.113161532211795e-10,0.5316600955841452,0.0,0.033202332554105735,"[[3105, 0], [0, 2853]]","[[190, 155], [166, 151]]"
disclosure_x_bias,153,init_knn1,Hostility,log_loss,1.1257874301905633e-07,7.747698139194496,1.0,0.5151741293532338,5.089725887543059e-10,0.5316791027572035,0.0,0.033202332554105735,"[[3105, 0], [0, 2853]]","[[190, 155], [166, 151]]"
disclosure_x_bias,154,init_knn1,Hostility,log_loss,1.1256100351784313e-07,7.7479277601806285,1.0,0.5151741293532338,5.086696102902734e-10,0.5318378056137627,0.0,0.033202332554105735,"[[3105, 0], [0, 2853]]","[[190, 155], [166, 151]]"
disclosure_x_bias,155,init_knn1,Hostility,log_loss,1.1254437819789805e-07,7.747785970368445,1.0,0.5151741293532338,5.093433169600007e-10,0.5317664330773405,0.0,0.033202332554105735,"[[3105, 0], [0, 2853]]","[[190, 155], [166, 151]]"
disclosure_x_bias,156,init_knn1,Hostility,log_loss,1.1252621678531614e-07,7.7478275757711215,1.0,0.5151741293532338,5.094275815294697e-10,0.531811290599654,0.0,0.033202332554105735,"[[3105, 0], [0, 2853]]","[[190, 155], [166, 151]]"
disclosure_x_bias,157,init_knn1,Hostility,log_loss,1.1250884716159548e-07,7.747850150347871,1.0,0.5151741293532338,5.105752652329893e-10,0.531943423483878,0.0,0.033202332554105735,"[[3105, 0], [0, 2853]]","[[190, 155], [166, 151]]"
disclosure_x_bias,158,init_knn1,Hostility,log_loss,1.1248989328243299e-07,7.747769669044457,1.0,0.5151741293532338,5.115027725759181e-10,0.5318439790896744,0.0,0.033202332554105735,"[[3105, 0], [0, 2853]]","[[190, 155], [166, 151]]"
disclosure_x_bias,159,init_knn1,Hostility,log_loss,1.1247148670381854e-07,7.747761094390327,1.0,0.5151741293532338,5.112317216526871e-10,0.5319233977512516,0.0,0.033202332554105735,"[[3105, 0], [0, 2853]]","[[190, 155], [166, 151]]"
disclosure_x_bias,160,init_knn1,Hostility,log_loss,1.1245226051919175e-07,7.747830595734472,1.0,0.5151741293532338,5.110455297640964e-10,0.5319044800196123,0.0,0.033202332554105735,"[[3105, 0], [0, 2853]]","[[190, 155], [166, 151]]"
disclosure_x_bias,161,init_knn1,Hostility,log_loss,1.1243575228241867e-07,7.747881305372793,1.0,0.5151741293532338,5.107675876567203e-10,0.5319442113408456,0.0,0.033202332554105735,"[[3105, 0], [0, 2853]]","[[190, 155], [166, 151]]"
disclosure_x_bias,162,init_knn1,Hostility,log_loss,1.1241920147936036e-07,7.7479013954591025,1.0,0.5151741293532338,5.107301566560944e-10,0.5320437770865157,0.0,0.033202332554105735,"[[3105, 0], [0, 2853]]","[[190, 155], [166, 151]]"
disclosure_x_bias,163,init_knn1,Hostility,log_loss,1.1240045116868162e-07,7.7479065972497505,1.0,0.5151741293532338,5.145398058933452e-10,0.5321415948218933,0.0,0.033202332554105735,"[[3105, 0], [0, 2853]]","[[190, 155], [166, 151]]"
disclosure_x_bias,164,init_knn1,Hostility,log_loss,1.1238425749693411e-07,7.748022794844507,1.0,0.5151741293532338,5.144366954492369e-10,0.5321722561976588,0.0,0.033202332554105735,"[[3105, 0], [0, 2853]]","[[190, 155], [166, 151]]"
disclosure_x_bias,165,init_knn1,Hostility,log_loss,1.1236813366469315e-07,7.74785787214868,1.0,0.5151741293532338,5.144386247787983e-10,0.5321650202123135,0.0,0.033202332554105735,"[[3105, 0], [0, 2853]]","[[190, 155], [166, 151]]"
disclosure_x_bias,166,init_knn1,Hostility,log_loss,1.12347282617356e-07,7.747906866116189,1.0,0.5151741293532338,5.12234422685119e-10,0.5320512031698005,0.0,0.033202332554105735,"[[3105, 0], [0, 2853]]","[[190, 155], [166, 151]]"
disclosure_x_bias,167,init_knn1,Hostility,log_loss,1.1233135106196062e-07,7.74790532146424,1.0,0.5151741293532338,5.123043232104133e-10,0.5319374559551938,0.0,0.033202332554105735,"[[3105, 0], [0, 2853]]","[[190, 155], [166, 151]]"
disclosure_x_bias,168,init_knn1,Hostility,log_loss,1.123148640067154e-07,7.748058690361726,1.0,0.5151741293532338,5.124259333417702e-10,0.5316700810417109,0.0,0.033202332554105735,"[[3105, 0], [0, 2853]]","[[190, 155], [166, 151]]"
disclosure_x_bias,169,init_knn1,Hostility,log_loss,1.1229905006975638e-07,7.7480924547996395,1.0,0.5151741293532338,5.12248913091632e-10,0.5318233347156769,0.0,0.033202332554105735,"[[3105, 0], [0, 2853]]","[[190, 155], [166, 151]]"
disclosure_x_bias,170,init_knn1,Hostility,log_loss,1.1228108170904003e-07,7.74807478180153,1.0,0.5151741293532338,5.108450855805592e-10,0.5316362039230973,0.0,0.033202332554105735,"[[3105, 0], [0, 2853]]","[[190, 155], [166, 151]]"
disclosure_x_bias,171,init_knn1,Hostility,log_loss,1.1226475668987422e-07,7.7482726274194444,1.0,0.5151741293532338,5.11347405101897e-10,0.5318944872506803,0.0,0.033202332554105735,"[[3105, 0], [0, 2853]]","[[190, 155], [166, 151]]"
disclosure_x_bias,172,init_knn1,Hostility,log_loss,1.1224853323547122e-07,7.748058004408655,1.0,0.5151741293532338,5.11852099604939e-10,0.531784118210965,0.0,0.033202332554105735,"[[3105, 0], [0, 2853]]","[[190, 155], [166, 151]]"
disclosure_x_bias,173,init_knn1,Hostility,log_loss,1.1222902261065054e-07,7.748210660408253,1.0,0.5151741293532338,5.113839031017665e-10,0.5318198686010882,0.0,0.033202332554105735,"[[3105, 0], [0, 2853]]","[[190, 155], [166, 151]]"
disclosure_x_bias,174,init_knn1,Hostility,log_loss,1.1221253181675113e-07,7.748117922032367,1.0,0.5151741293532338,5.110856670411869e-10,0.5319376286859732,0.0,0.033202332554105735,"[[3105, 0], [0, 2853]]","[[190, 155], [166, 151]]"
disclosure_x_bias,175,init_knn1,Hostility,log_loss,1.1219673840656807e-07,7.748145788068891,1.0,0.5151741293532338,5.108872630382709e-10,0.5318831258571632,0.0,0.033202332554105735,"[[3105, 0], [0, 2853]]","[[190, 155], [166, 151]]"
disclosure_x_bias,176,init_knn1,Hostility,log_loss,1.1217934217120031e-07,7.7480894371799565,1.0,0.5151741293532338,5.095050438856463e-10,0.531850909107042,0.0,0.033202332554105735,"[[3105, 0], [0, 2853]]","[[190, 155], [166, 151]]"
disclosure_x_bias,177,init_knn1,Hostility,log_loss,1.1216320469343385e-07,7.748219394038213,1.0,0.5151741293532338,5.092782124727448e-10,0.5319162096898361,0.0,0.033202332554105735,"[[3105, 0], [0, 2853]]","[[190, 155], [166, 151]]"
disclosure_x_bias,178,init_knn1,Hostility,log_loss,1.1214508894868718e-07,7.748314048526579,1.0,0.5151741293532338,5.110052874856269e-10,0.531845910786144,0.0,0.033202332554105735,"[[3105, 0], [0, 2853]]","[[190, 155], [166, 151]]"
disclosure_x_bias,179,init_knn1,Hostility,log_loss,1.1212657036526367e-07,7.748356632590308,1.0,0.5151741293532338,5.123016398824207e-10,0.5319613765972028,0.0,0.033202332554105735,"[[3105, 0], [0, 2853]]","[[190, 155], [166, 151]]"
disclosure_x_bias,180,init_knn1,Hostility,log_loss,1.1210914275164597e-07,7.748422758791523,1.0,0.5151741293532338,5.129435344389018e-10,0.5319494882822006,0.0,0.033202332554105735,"[[3105, 0], [0, 2853]]","[[190, 155], [166, 151]]"
disclosure_x_bias,181,init_knn1,Hostility,log_loss,1.1209374578981389e-07,7.748544162707974,1.0,0.5151741293532338,5.130935190522234e-10,0.5320980759425916,0.0,0.033202332554105735,"[[3105, 0], [0, 2853]]","[[190, 155], [166, 151]]"
disclosure_x_bias,182,init_knn1,Hostility,log_loss,1.1207712041406118e-07,7.74845768378824,1.0,0.5151741293532338,5.110484319678508e-10,0.5319918809921923,0.0,0.033202332554105735,"[[3105, 0], [0, 2853]]","[[190, 155], [166, 151]]"
disclosure_x_bias,183,init_knn1,Hostility,log_loss,1.1206203102679956e-07,7.7486725814478365,1.0,0.5151741293532338,5.11634222501743e-10,0.5321568187135924,0.0,0.033202332554105735,"[[3105, 0], [0, 2853]]","[[190, 155], [166, 151]]"
disclosure_x_bias,184,init_knn1,Hostility,log_loss,1.1204533327007083e-07,7.748603654479888,1.0,0.5151741293532338,5.125880787062105e-10,0.5321046418627624,0.0,0.033202332554105735,"[[3105, 0], [0, 2853]]","[[190, 155], [166, 151]]"
disclosure_x_bias,185,init_knn1,Hostility,log_loss,1.1203045626692122e-07,7.748608806800331,1.0,0.5151741293532338,5.129082638506666e-10,0.5321826299733661,0.0,0.033202332554105735,"[[3105, 0], [0, 2853]]","[[190, 155], [166, 151]]"
disclosure_x_bias,186,init_knn1,Hostility,log_loss,1.1201540806156168e-07,7.748566179705648,1.0,0.5151741293532338,5.134530517683905e-10,0.5322762448167789,0.0,0.033202332554105735,"[[3105, 0], [0, 2853]]","[[190, 155], [166, 151]]"
disclosure_x_bias,187,init_knn1,Hostility,log_loss,1.1199674634537345e-07,7.749028968005824,1.0,0.5151741293532338,5.227245618866993e-10,0.5321332445368631,0.0,0.033202332554105735,"[[3105, 0], [0, 2853]]","[[190, 155], [166, 151]]"
disclosure_x_bias,188,init_knn1,Hostility,log_loss,1.119817080658275e-07,7.74885680588889,1.0,0.5151741293532338,5.22894936692407e-10,0.5321109165664574,0.0,0.033202332554105735,"[[3105, 0], [0, 2853]]","[[190, 155], [166, 151]]"
disclosure_x_bias,189,init_knn1,Hostility,log_loss,1.1196244839707845e-07,7.748854040356544,1.0,0.5151741293532338,5.180876801503453e-10,0.532215160067635,0.0,0.033202332554105735,"[[3105, 0], [0, 2853]]","[[190, 155], [166, 151]]"
disclosure_x_bias,190,init_knn1,Hostility,log_loss,1.1194535302589272e-07,7.748915590201564,1.0,0.5151741293532338,5.162489612849978e-10,0.5322106924468084,0.0,0.033202332554105735,"[[3105, 0], [0, 2853]]","[[190, 155], [166, 151]]"
disclosure_x_bias,191,init_knn1,Hostility,log_loss,1.1192854982323622e-07,7.749013531592402,1.0,0.5151741293532338,5.175906890873266e-10,0.5323610201017175,0.0,0.033202332554105735,"[[3105, 0], [0, 2853]]","[[190, 155], [166, 151]]"
disclosure_x_bias,192,init_knn1,Hostility,log_loss,1.1191347930753615e-07,7.748784996724474,1.0,0.5151741293532338,5.182238908371039e-10,0.5322611034148965,0.0,0.033202332554105735,"[[3105, 0], [0, 2853]]","[[190, 155], [166, 151]]"
disclosure_x_bias,193,init_knn1,Hostility,log_loss,1.118989097957157e-07,7.748996182071904,1.0,0.5151741293532338,5.182852856921693e-10,0.5323082517044071,0.0,0.033202332554105735,"[[3105, 0], [0, 2853]]","[[190, 155], [166, 151]]"
disclosure_x_bias,194,init_knn1,Hostility,log_loss,1.1188357761422536e-07,7.748925462218997,1.0,0.5151741293532338,5.176007522227101e-10,0.5323268163682812,0.0,0.033202332554105735,"[[3105, 0], [0, 2853]]","[[190, 155], [166, 151]]"
disclosure_x_bias,195,init_knn1,Hostility,log_loss,1.1186772163451251e-07,7.7490767866814085,1.0,0.5151741293532338,5.175960199583681e-10,0.5322789841522038,0.0,0.033202332554105735,"[[3105, 0], [0, 2853]]","[[190, 155], [166, 151]]"
disclosure_x_bias,196,init_knn1,Hostility,log_loss,1.1185144304355975e-07,7.748948676194422,1.0,0.5151741293532338,5.171586951392492e-10,0.5322851725571124,0.0,0.033202332554105735,"[[3105, 0], [0, 2853]]","[[190, 155], [166, 151]]"
disclosure_x_bias,197,init_knn1,Hostility,log_loss,1.1183264746062457e-07,7.748822942125737,1.0,0.5151741293532338,5.18089836194468e-10,0.5322423683538552,0.0,0.033202332554105735,"[[3105, 0], [0, 2853]]","[[190, 155], [166, 151]]"
disclosure_x_bias,198,init_knn1,Hostility,log_loss,1.1181670854444779e-07,7.748681196540798,1.0,0.5151741293532338,5.187408933047137e-10,0.5323479374912478,0.0,0.033202332554105735,"[[3105, 0], [0, 2853]]","[[190, 155], [166, 151]]"
disclosure_x_bias,199,init_knn1,Hostility,log_loss,1.1180176960335423e-07,7.748836205862571,1.0,0.5151741293532338,5.1915297028083e-10,0.5322402420589616,0.0,0.033202332554105735,"[[3105, 0], [0, 2853]]","[[190, 155], [166, 151]]"
disclosure_x_bias,200,init_knn1,Hostility,log_loss,1.117830938871562e-07,7.748796872923522,1.0,0.5151741293532338,5.187314958062254e-10,0.5323287325455207,0.0,0.033202332554105735,"[[3105, 0], [0, 2853]]","[[190, 155], [166, 151]]"
disclosure_x_bias,201,init_knn1,Hostility,log_loss,1.1176912566828326e-07,7.74886773949873,1.0,0.5151741293532338,5.186257917597662e-10,0.5323971092461555,0.0,0.033202332554105735,"[[3105, 0], [0, 2853]]","[[190, 155], [166, 151]]"
disclosure_x_bias,202,init_knn1,Hostility,log_loss,1.1175375029079441e-07,7.748950402142478,1.0,0.5151741293532338,5.175201069265261e-10,0.5323880622104323,0.0,0.033202332554105735,"[[3105, 0], [0, 2853]]","[[190, 155], [166, 151]]"
disclosure_x_bias,203,init_knn1,Hostility,log_loss,1.1173818249621009e-07,7.748790470573839,1.0,0.5151741293532338,5.169925228945732e-10,0.5323632952725091,0.0,0.033202332554105735,"[[3105, 0], [0, 2853]]","[[190, 155], [166, 151]]"
disclosure_x_bias,204,init_knn1,Hostility,log_loss,1.1172425137932502e-07,7.748704133298038,1.0,0.5151741293532338,5.171176581695353e-10,0.5325393436391777,0.0,0.033202332554105735,"[[3105, 0], [0, 2853]]","[[190, 155], [166, 151]]"
disclosure_x_bias,205,init_knn1,Hostility,log_loss,1.1170775434726391e-07,7.748832551154145,1.0,0.5151741293532338,5.190688504219404e-10,0.5324279351529386,0.0,0.033202332554105735,"[[3105, 0], [0, 2853]]","[[190, 155], [166, 151]]"
disclosure_x_bias,206,init_knn1,Hostility,log_loss,1.1169284478921833e-07,7.748857790897643,1.0,0.5151741293532338,5.196626905668876e-10,0.5324994632422315,0.0,0.033202332554105735,"[[3105, 0], [0, 2853]]","[[190, 155], [166, 151]]"
disclosure_x_bias,207,init_knn1,Hostility,log_loss,1.1167896834690869e-07,7.749062992980917,1.0,0.5151741293532338,5.198477293868603e-10,0.5325358095249042,0.0,0.033202332554105735,"[[3105, 0], [0, 2853]]","[[190, 155], [166, 151]]"
disclosure_x_bias,208,init_knn1,Hostility,log_loss,1.1166539555032356e-07,7.748891355975308,1.0,0.5151741293532338,5.201030029958238e-10,0.5323793251162388,0.0,0.033202332554105735,"[[3105, 0], [0, 2853]]","[[190, 155], [166, 151]]"
disclosure_x_bias,209,init_knn1,Hostility,log_loss,1.1164981742872919e-07,7.749086033245755,1.0,0.5151741293532338,5.21676752330901e-10,0.5322629586042488,0.0,0.033202332554105735,"[[3105, 0], [0, 2853]]","[[190, 155], [166, 151]]"
disclosure_x_bias,210,init_knn1,Hostility,log_loss,1.1163387992669268e-07,7.749103769350197,1.0,0.5151741293532338,5.207715469876445e-10,0.532149510382623,0.0,0.033202332554105735,"[[3105, 0], [0, 2853]]","[[190, 155], [166, 151]]"
disclosure_x_bias,211,init_knn1,Hostility,log_loss,1.1161612555278559e-07,7.749194267542353,1.0,0.5151741293532338,5.238240782780048e-10,0.5323486718821581,0.0,0.033202332554105735,"[[3105, 0], [0, 2853]]","[[190, 155], [166, 151]]"
disclosure_x_bias,212,init_knn1,Hostility,log_loss,1.1159968310077839e-07,7.749190998910629,1.0,0.5151741293532338,5.237074334648834e-10,0.5324694283081848,0.0,0.033202332554105735,"[[3105, 0], [0, 2853]]","[[190, 155], [166, 151]]"
disclosure_x_bias,213,init_knn1,Hostility,log_loss,1.1158557218586578e-07,7.7492465574251,1.0,0.5151741293532338,5.240044445996838e-10,0.5324553480815665,0.0,0.033202332554105735,"[[3105, 0], [0, 2853]]","[[190, 155], [166, 151]]"
disclosure_x_bias,214,init_knn1,Hostility,log_loss,1.1157155378852435e-07,7.749283097072949,1.0,0.5151741293532338,5.231586489327142e-10,0.5326203934038296,0.0,0.033202332554105735,"[[3105, 0], [0, 2853]]","[[190, 155], [166, 151]]"
disclosure_x_bias,215,init_knn1,Hostility,log_loss,1.1155762148500534e-07,7.749359037026418,1.0,0.5151741293532338,5.228344332383586e-10,0.5324977184054528,0.0,0.033202332554105735,"[[3105, 0], [0, 2853]]","[[190, 155], [166, 151]]"
disclosure_x_bias,216,init_knn1,Hostility,log_loss,1.1154137218435714e-07,7.749378923703429,1.0,0.5151741293532338,5.219045350029431e-10,0.5326185144601067,0.0,0.033202332554105735,"[[3105, 0], [0, 2853]]","[[190, 155], [166, 151]]"
disclosure_x_bias,217,init_knn1,Hostility,log_loss,1.1152641334225051e-07,7.7493973187527985,1.0,0.5151741293532338,5.219087088820674e-10,0.5327339656648311,0.0,0.033202332554105735,"[[3105, 0], [0, 2853]]","[[190, 155], [166, 151]]"
disclosure_x_bias,218,init_knn1,Hostility,log_loss,1.1151209047072116e-07,7.749444397365712,1.0,0.5151741293532338,5.228442657088906e-10,0.5326305183290188,0.0,0.033202332554105735,"[[3105, 0], [0, 2853]]","[[190, 155], [166, 151]]"
disclosure_x_bias,219,init_knn1,Hostility,log_loss,1.1149790612816224e-07,7.749365329292021,1.0,0.5151741293532338,5.235319573995492e-10,0.5325882870459869,0.0,0.033202332554105735,"[[3105, 0], [0, 2853]]","[[190, 155], [166, 151]]"
disclosure_x_bias,220,init_knn1,Hostility,log_loss,1.1148453407739004e-07,7.749521527057077,1.0,0.5151741293532338,5.235841966337556e-10,0.5327390360899996,0.0,0.033202332554105735,"[[3105, 0], [0, 2853]]","[[190, 155], [166, 151]]"
disclosure_x_bias,221,init_knn1,Hostility,log_loss,1.1147071746961415e-07,7.749531598120329,1.0,0.5151741293532338,5.239890757387421e-10,0.5326996596886027,0.0,0.033202332554105735,"[[3105, 0], [0, 2853]]","[[190, 155], [166, 151]]"
disclosure_x_bias,222,init_knn1,Hostility,log_loss,1.1145689062169994e-07,7.749440863159864,1.0,0.5151741293532338,5.24375817754254e-10,0.5328775906983718,0.0,0.033202332554105735,"[[3105, 0], [0, 2853]]","[[190, 155], [166, 151]]"
disclosure_x_bias,223,init_knn1,Hostility,log_loss,1.1144217274702566e-07,7.7493391828808225,1.0,0.5151741293532338,5.239890238805555e-10,0.5327707303264982,0.0,0.033202332554105735,"[[3105, 0], [0, 2853]]","[[190, 155], [166, 151]]"
disclosure_x_bias,224,init_knn1,Hostility,log_loss,1.1142652429383065e-07,7.749317227436602,1.0,0.5151741293532338,5.230519343004435e-10,0.5330002961678727,0.0,0.033202332554105735,"[[3105, 0], [0, 2853]]","[[190, 155], [166, 151]]"
disclosure_x_bias,225,init_knn1,Hostility,log_loss,1.1141111344381609e-07,7.749251723006789,1.0,0.5151741293532338,5.264349088892552e-10,0.5331025296365239,0.0,0.033202332554105735,"[[3105, 0], [0, 2853]]","[[190, 155], [166, 151]]"
disclosure_x_bias,226,init_knn1,Hostility,log_loss,1.1139760758930973e-07,7.749281239959392,1.0,0.5151741293532338,5.268345930025287e-10,0.53312620695179,0.0,0.033202332554105735,"[[3105, 0], [0, 2853]]","[[190, 155], [166, 151]]"
disclosure_x_bias,227,init_knn1,Hostility,log_loss,1.1138444664612963e-07,7.749276638762962,1.0,0.5151741293532338,5.270696094482269e-10,0.5331741667206849,0.0,0.033202332554105735,"[[3105, 0], [0, 2853]]","[[190, 155], [166, 151]]"
disclosure_x_bias,228,init_knn1,Hostility,log_loss,1.1137135984015897e-07,7.749511188159181,1.0,0.5151741293532338,5.275814986385582e-10,0.5333184200895067,0.0,0.033202332554105735,"[[3105, 0], [0, 2853]]","[[190, 155], [166, 151]]"
disclosure_x_bias,229,init_knn1,Hostility,log_loss,1.1135248208623622e-07,7.749460180546558,1.0,0.5151741293532338,5.282065620674569e-10,0.5332402887533407,0.0,0.033202332554105735,"[[3105, 0], [0, 2853]]","[[190, 155], [166, 151]]"
disclosure_x_bias,230,init_knn1,Hostility,log_loss,1.1133918332942185e-07,7.749566607473224,1.0,0.5151741293532338,5.284552839237339e-10,0.533345099071586,0.0,0.033202332554105735,"[[3105, 0], [0, 2853]]","[[190, 155], [166, 151]]"
disclosure_x_bias,231,init_knn1,Hostility,log_loss,1.113261279006037e-07,7.749447400779007,1.0,0.5151741293532338,5.290732802571996e-10,0.5333426016818095,0.0,0.033202332554105735,"[[3105, 0], [0, 2853]]","[[190, 155], [166, 151]]"
disclosure_x_bias,232,init_knn1,Hostility,log_loss,1.1131291863911822e-07,7.749487037771044,1.0,0.5151741293532338,5.291183354183506e-10,0.5333677069389582,0.0,0.033202332554105735,"[[3105, 0], [0, 2853]]","[[190, 155], [166, 151]]"
disclosure_x_bias,233,init_knn1,Hostility,log_loss,1.1129861533566166e-07,7.749528746150718,1.0,0.5151741293532338,5.293208907408331e-10,0.5333471216442536,0.0,0.033202332554105735,"[[3105, 0], [0, 2853]]","[[190, 155], [166, 151]]"
disclosure_x_bias,234,init_knn1,Hostility,log_loss,1.1128262566084145e-07,7.749418562821409,1.0,0.5151741293532338,5.288619617709775e-10,0.5333570536691167,0.0,0.033202332554105735,"[[3105, 0], [0, 2853]]","[[190, 155], [166, 151]]"
disclosure_x_bias,235,init_knn1,Hostility,log_loss,1.1126904835033873e-07,7.749510673616157,1.0,0.5151741293532338,5.286225788707017e-10,0.5334008507126506,0.0,0.033202332554105735,"[[3105, 0], [0, 2853]]","[[190, 155], [166, 151]]"
disclosure_x_bias,236,init_knn1,Hostility,log_loss,1.1125562616133578e-07,7.749403499131352,1.0,0.5151741293532338,5.290844384407059e-10,0.5333459937713468,0.0,0.033202332554105735,"[[3105, 0], [0, 2853]]","[[190, 155], [166, 151]]"
disclosure_x_bias,237,init_knn1,Hostility,log_loss,1.1124280699242228e-07,7.749416389510467,1.0,0.5151741293532338,5.290780943658492e-10,0.5333833759922109,0.0,0.033202332554105735,"[[3105, 0], [0, 2853]]","[[190, 155], [166, 151]]"
disclosure_x_bias,238,init_knn1,Hostility,log_loss,1.1122958169121454e-07,7.749483584481003,1.0,0.5151741293532338,5.291842839489862e-10,0.5333529975531576,0.0,0.033202332554105735,"[[3105, 0], [0, 2853]]","[[190, 155], [166, 151]]"
disclosure_x_bias,239,init_knn1,Hostility,log_loss,1.112162493142219e-07,7.749455962668328,1.0,0.5151741293532338,5.293005874313393e-10,0.5332046198747037,0.0,0.033202332554105735,"[[3105, 0], [0, 2853]]","[[190, 155], [166, 151]]"
disclosure_x_bias,240,init_knn1,Hostility,log_loss,1.1120092733481818e-07,7.749411300466106,1.0,0.5151741293532338,5.257266661580039e-10,0.5332045939768636,0.0,0.033202332554105735,"[[3105, 0], [0, 2853]]","[[190, 155], [166, 151]]"
disclosure_x_bias,241,init_knn1,Hostility,log_loss,1.1118725257812052e-07,7.749358989977996,1.0,0.5151741293532338,5.250485065992449e-10,0.5332931078124912,0.0,0.033202332554105735,"[[3105, 0], [0, 2853]]","[[190, 155], [166, 151]]"
disclosure_x_bias,242,init_knn1,Hostility,log_loss,1.1116583663871163e-07,7.749664889706239,1.0,0.5151741293532338,5.310917901711956e-10,0.5330100755595197,0.0,0.033202332554105735,"[[3105, 0], [0, 2853]]","[[190, 155], [166, 151]]"
disclosure_x_bias,243,init_knn1,Hostility,log_loss,1.1115114797021972e-07,7.749599073487026,1.0,0.5151741293532338,5.344452031662933e-10,0.5330300848835052,0.0,0.033202332554105735,"[[3105, 0], [0, 2853]]","[[190, 155], [166, 151]]"
disclosure_x_bias,244,init_knn1,Hostility,log_loss,1.1113652803295233e-07,7.749719822820604,1.0,0.5151741293532338,5.335195785120165e-10,0.532951148103901,0.0,0.033202332554105735,"[[3105, 0], [0, 2853]]","[[190, 155], [166, 151]]"
disclosure_x_bias,245,init_knn1,Hostility,log_loss,1.1112368577628466e-07,7.749651810344744,1.0,0.5151741293532338,5.339630267619184e-10,0.5329997563307773,0.0,0.033202332554105735,"[[3105, 0], [0, 2853]]","[[190, 155], [166, 151]]"
disclosure_x_bias,246,init_knn1,Hostility,log_loss,1.1111030172123413e-07,7.749870958715723,1.0,0.5151741293532338,5.337968347057245e-10,0.5330839335419404,0.0,0.033202332554105735,"[[3105, 0], [0, 2853]]","[[190, 155], [166, 151]]"
disclosure_x_bias,247,init_knn1,Hostility,log_loss,1.1109647758561742e-07,7.749817729864823,1.0,0.5151741293532338,5.346202500960597e-10,0.5330775171547073,0.0,0.033202332554105735,"[[3105, 0], [0, 2853]]","[[190, 155], [166, 151]]"
disclosure_x_bias,248,init_knn1,Hostility,log_loss,1.1108345211867346e-07,7.750054347564114,1.0,0.5151741293532338,5.345705702819864e-10,0.5331913541963961,0.0,0.033202332554105735,"[[3105, 0], [0, 2853]]","[[190, 155], [166, 151]]"
disclosure_x_bias,249,init_knn1,Hostility,log_loss,1.1106897850219345e-07,7.749815010895463,1.0,0.5151741293532338,5.338116230181983e-10,0.533355884788435,0.0,0.033202332554105735,"[[3105, 0], [0, 2853]]","[[190, 155], [166, 151]]"
disclosure_x_bias,250,init_knn1,Hostility,log_loss,1.1105672384916264e-07,7.749960713670592,1.0,0.5151741293532338,5.337622909273208e-10,0.5332676922401007,0.0,0.033202332554105735,"[[3105, 0], [0, 2853]]","[[190, 155], [166, 151]]"
disclosure_x_bias,251,init_knn1,Hostility,log_loss,1.1104412760433861e-07,7.749879887856747,1.0,0.5151741293532338,5.335416763191805e-10,0.5334443991031671,0.0,0.033202332554105735,"[[3105, 0], [0, 2853]]","[[190, 155], [166, 151]]"
disclosure_x_bias,252,init_knn1,Hostility,log_loss,1.110315152222936e-07,7.749968015924354,1.0,0.5151741293532338,5.328743580353601e-10,0.5334150167310897,0.0,0.033202332554105735,"[[3105, 0], [0, 2853]]","[[190, 155], [166, 151]]"
disclosure_x_bias,253,init_knn1,Hostility,log_loss,1.1101752634792763e-07,7.750089071235737,1.0,0.5151741293532338,5.322775828067883e-10,0.5333446318057108,0.0,0.033202332554105735,"[[3105, 0], [0, 2853]]","[[190, 155], [166, 151]]"
disclosure_x_bias,254,init_knn1,Hostility,log_loss,1.1100485323067537e-07,7.750219162700816,1.0,0.5151741293532338,5.317483361562287e-10,0.5332160060092741,0.0,0.033202332554105735,"[[3105, 0], [0, 2853]]","[[190, 155], [166, 151]]"
disclosure_x_bias,255,init_knn1,Hostility,log_loss,1.1099225623702047e-07,7.75022393404538,1.0,0.5151741293532338,5.31743588408761e-10,0.5333201904068121,0.0,0.033202332554105735,"[[3105, 0], [0, 2853]]","[[190, 155], [166, 151]]"
disclosure_x_bias,256,init_knn1,Hostility,log_loss,1.1097724962731973e-07,7.750286763749571,1.0,0.5151741293532338,5.310899492005655e-10,0.5332742757892406,0.0,0.033202332554105735,"[[3105, 0], [0, 2853]]","[[190, 155], [166, 151]]"
disclosure_x_bias,257,init_knn1,Hostility,log_loss,1.1096501589390766e-07,7.750285367058669,1.0,0.5151741293532338,5.311659522011548e-10,0.5333274935793173,0.0,0.033202332554105735,"[[3105, 0], [0, 2853]]","[[190, 155], [166, 151]]"
disclosure_x_bias,258,init_knn1,Hostility,log_loss,1.1094919294636542e-07,7.750336462473659,1.0,0.5151741293532338,5.300447963239154e-10,0.5332610107067411,0.0,0.033202332554105735,"[[3105, 0], [0, 2853]]","[[190, 155], [166, 151]]"
disclosure_x_bias,259,init_knn1,Hostility,log_loss,1.1093589624965468e-07,7.7505020086536405,1.0,0.5151741293532338,5.311976138326862e-10,0.533390921694431,0.0,0.033202332554105735,"[[3105, 0], [0, 2853]]","[[190, 155], [166, 151]]"
disclosure_x_bias,260,init_knn1,Hostility,log_loss,1.1092244241924798e-07,7.750549718066606,1.0,0.5151741293532338,5.32200672586333e-10,0.5333871613991436,0.0,0.033202332554105735,"[[3105, 0], [0, 2853]]","[[190, 155], [166, 151]]"
disclosure_x_bias,261,init_knn1,Hostility,log_loss,1.1090741970421034e-07,7.750497031204394,1.0,0.5151741293532338,5.325085319078605e-10,0.533323130670969,0.0,0.033202332554105735,"[[3105, 0], [0, 2853]]","[[190, 155], [166, 151]]"
disclosure_x_bias,262,init_knn1,Hostility,log_loss,1.1089491473614283e-07,7.75066686474653,1.0,0.5151741293532338,5.320561261553244e-10,0.533387288831575,0.0,0.033202332554105735,"[[3105, 0], [0, 2853]]","[[190, 155], [166, 151]]"
disclosure_x_bias,263,init_knn1,Hostility,log_loss,1.1088235244483278e-07,7.750630227536368,1.0,0.5151741293532338,5.32267104800875e-10,0.5333580033477154,0.0,0.033202332554105735,"[[3105, 0], [0, 2853]]","[[190, 155], [166, 151]]"
disclosure_x_bias,264,init_knn1,Hostility,log_loss,1.1086884246449047e-07,7.7509337551207595,1.0,0.5151741293532338,5.322933679648546e-10,0.5331935889706071,0.0,0.033202332554105735,"[[3105, 0], [0, 2853]]","[[190, 155], [166, 151]]"
disclosure_x_bias,265,init_knn1,Hostility,log_loss,1.1085209647946538e-07,7.750898413004371,1.0,0.5151741293532338,5.267571937708318e-10,0.5332686556967815,0.0,0.033202332554105735,"[[3105, 0], [0, 2853]]","[[190, 155], [166, 151]]"
disclosure_x_bias,266,init_knn1,Hostility,log_loss,1.1083943403512089e-07,7.750804811501126,1.0,0.5151741293532338,5.267409611769061e-10,0.5333187303569606,0.0,0.033202332554105735,"[[3105, 0], [0, 2853]]","[[190, 155], [166, 151]]"
disclosure_x_bias,267,init_knn1,Hostility,log_loss,1.1082656397313467e-07,7.750809993863754,1.0,0.5151741293532338,5.272292323287683e-10,0.5332406271284768,0.0,0.033202332554105735,"[[3105, 0], [0, 2853]]","[[190, 155], [166, 151]]"
disclosure_x_bias,268,init_knn1,Hostility,log_loss,1.108145437128081e-07,7.750886033813563,1.0,0.5151741293532338,5.272488247063215e-10,0.5333837877683428,0.0,0.033202332554105735,"[[3105, 0], [0, 2853]]","[[190, 155], [166, 151]]"
disclosure_x_bias,269,init_knn1,Hostility,log_loss,1.1080200181477545e-07,7.750895173277054,1.0,0.5151741293532338,5.278791589100274e-10,0.5335322600928337,0.0,0.033202332554105735,"[[3105, 0], [0, 2853]]","[[190, 155], [166, 151]]"
disclosure_x_bias,270,init_knn1,Hostility,log_loss,1.1078879090656909e-07,7.750891940376016,1.0,0.5151741293532338,5.272891251430121e-10,0.533479736250927,0.0,0.033202332554105735,"[[3105, 0], [0, 2853]]","[[190, 155], [166, 151]]"
disclosure_x_bias,271,init_knn1,Hostility,log_loss,1.1077692030785655e-07,7.750890318891197,1.0,0.5151741293532338,5.273273358162223e-10,0.5335529412799818,0.0,0.033202332554105735,"[[3105, 0], [0, 2853]]","[[190, 155], [166, 151]]"
disclosure_x_bias,272,init_knn1,Hostility,log_loss,1.1076507993371176e-07,7.750948115756424,1.0,0.5151741293532338,5.276154186434339e-10,0.5334836852706715,0.0,0.033202332554105735,"[[3105, 0], [0, 2853]]","[[190, 155], [166, 151]]"
disclosure_x_bias,273,init_knn1,Hostility,log_loss,1.1075321593056311e-07,7.751073190390722,1.0,0.5151741293532338,5.282369330228917e-10,0.5335730224036899,0.0,0.033202332554105735,"[[3105, 0], [0, 2853]]","[[190, 155], [166, 151]]"
disclosure_x_bias,274,init_knn1,Hostility,log_loss,1.1074120257869843e-07,7.751003111283571,1.0,0.5151741293532338,5.283338804125212e-10,0.5335977230951224,0.0,0.033202332554105735,"[[3105, 0], [0, 2853]]","[[190, 155], [166, 151]]"
disclosure_x_bias,275,init_knn1,Hostility,log_loss,1.1072523288302939e-07,7.7510592085535235,1.0,0.5151741293532338,5.279820689818216e-10,0.5336129037922196,0.0,0.033202332554105735,"[[3105, 0], [0, 2853]]","[[190, 155], [166, 151]]"
disclosure_x_bias,276,init_knn1,Hostility,log_loss,1.1071352956898952e-07,7.751115763009937,1.0,0.5151741293532338,5.281601743510435e-10,0.5336372935477803,0.0,0.033202332554105735,"[[3105, 0], [0, 2853]]","[[190, 155], [166, 151]]"
disclosure_x_bias,277,init_knn1,Hostility,log_loss,1.1069905789670396e-07,7.7511610460995115,1.0,0.5151741293532338,5.28787704443954e-10,0.533719606375806,0.0,0.033202332554105735,"[[3105, 0], [0, 2853]]","[[190, 155], [166, 151]]"
disclosure_x_bias,278,init_knn1,Hostility,log_loss,1.106856689531844e-07,7.7510638013918465,1.0,0.5151741293532338,5.264188764461319e-10,0.5336850728654523,0.0,0.033202332554105735,"[[3105, 0], [0, 2853]]","[[190, 155], [166, 151]]"
disclosure_x_bias,279,init_knn1,Hostility,log_loss,1.106739167202225e-07,7.7512264624477165,1.0,0.5151741293532338,5.266633532843336e-10,0.5338384007978606,0.0,0.033202332554105735,"[[3105, 0], [0, 2853]]","[[190, 155], [166, 151]]"
disclosure_x_bias,280,init_knn1,Hostility,log_loss,1.1066156281850191e-07,7.751160165221551,1.0,0.5151741293532338,5.269487551871497e-10,0.5337790968958644,0.0,0.033202332554105735,"[[3105, 0], [0, 2853]]","[[190, 155], [166, 151]]"
disclosure_x_bias,281,init_knn1,Hostility,log_loss,1.1064878728660118e-07,7.751143516340674,1.0,0.5151741293532338,5.261388956377271e-10,0.5338962736419739,0.0,0.033202332554105735,"[[3105, 0], [0, 2853]]","[[190, 155], [166, 151]]"
disclosure_x_bias,282,init_knn1,Hostility,log_loss,1.1063674880405346e-07,7.751178640778616,1.0,0.5151741293532338,5.25871984362274e-10,0.5338755098781703,0.0,0.033202332554105735,"[[3105, 0], [0, 2853]]","[[190, 155], [166, 151]]"
disclosure_x_bias,283,init_knn1,Hostility,log_loss,1.1062524181311496e-07,7.751033079460418,1.0,0.5151741293532338,5.257393393235608e-10,0.5339259756907561,0.0,0.033202332554105735,"[[3105, 0], [0, 2853]]","[[190, 155], [166, 151]]"
disclosure_x_bias,284,init_knn1,Hostility,log_loss,1.1061153262068755e-07,7.7510830355651565,1.0,0.5151741293532338,5.244356089349153e-10,0.5338431868088488,0.0,0.033202332554105735,"[[3105, 0], [0, 2853]]","[[190, 155], [166, 151]]"
disclosure_x_bias,285,init_knn1,Hostility,log_loss,1.1059897370092149e-07,7.751030441555845,1.0,0.5151741293532338,5.244035172328402e-10,0.534002078396856,0.0,0.033202332554105735,"[[3105, 0], [0, 2853]]","[[190, 155], [166, 151]]"
disclosure_x_bias,286,init_knn1,Hostility,log_loss,1.1058716849359376e-07,7.751072778804708,1.0,0.5151741293532338,5.240517444944408e-10,0.5339536158911512,0.0,0.033202332554105735,"[[3105, 0], [0, 2853]]","[[190, 155], [166, 151]]"
disclosure_x_bias,287,init_knn1,Hostility,log_loss,1.105758172683744e-07,7.751100241167611,1.0,0.5151741293532338,5.240915592860921e-10,0.5340456364060759,0.0,0.033202332554105735,"[[3105, 0], [0, 2853]]","[[190, 155], [166, 151]]"
disclosure_x_bias,288,init_knn1,Hostility,log_loss,1.1056378664097013e-07,7.751146253042977,1.0,0.5151741293532338,5.244726265818737e-10,0.5339858211619462,0.0,0.033202332554105735,"[[3105, 0], [0, 2853]]","[[190, 155], [166, 151]]"
disclosure_x_bias,289,init_knn1,Hostility,log_loss,1.1055079948532307e-07,7.751185563758307,1.0,0.5151741293532338,5.286231904545703e-10,0.5340500898415961,0.0,0.033202332554105735,"[[3105, 0], [0, 2853]]","[[190, 155], [166, 151]]"
disclosure_x_bias,290,init_knn1,Hostility,log_loss,1.1053892939609157e-07,7.751090462754592,1.0,0.5151741293532338,5.290536631706687e-10,0.5340786579895727,0.0,0.033202332554105735,"[[3105, 0], [0, 2853]]","[[190, 155], [166, 151]]"
disclosure_x_bias,291,init_knn1,Hostility,log_loss,1.105264500041184e-07,7.751160555275564,1.0,0.5151741293532338,5.292077588876959e-10,0.5342119808560218,0.0,0.033202332554105735,"[[3105, 0], [0, 2853]]","[[190, 155], [166, 151]]"
disclosure_x_bias,292,init_knn1,Hostility,log_loss,1.1051446218539684e-07,7.751221446294137,1.0,0.5151741293532338,5.297643819442756e-10,0.5341787010261512,0.0,0.033202332554105735,"[[3105, 0], [0, 2853]]","[[190, 155], [166, 151]]"
disclosure_x_bias,293,init_knn1,Hostility,log_loss,1.1049819032470491e-07,7.751231627937597,1.0,0.5151741293532338,5.310716462011124e-10,0.5341290403030087,0.0,0.033202332554105735,"[[3105, 0], [0, 2853]]","[[190, 155], [166, 151]]"
disclosure_x_bias,294,init_knn1,Hostility,log_loss,1.1048634096118311e-07,7.751142610788916,1.0,0.5151741293532338,5.317525167428649e-10,0.5341281246203511,0.0,0.033202332554105735,"[[3105, 0], [0, 2853]]","[[190, 155], [166, 151]]"
disclosure_x_bias,295,init_knn1,Hostility,log_loss,1.1047397786259487e-07,7.751219261412674,1.0,0.5151741293532338,5.317409566186158e-10,0.5342052170263868,0.0,0.033202332554105735,"[[3105, 0], [0, 2853]]","[[190, 155], [166, 151]]"
disclosure_x_bias,296,init_knn1,Hostility,log_loss,1.1046081243385851e-07,7.751208537592373,1.0,0.5151741293532338,5.325064158947488e-10,0.5342174869779079,0.0,0.033202332554105735,"[[3105, 0], [0, 2853]]","[[190, 155], [166, 151]]"
disclosure_x_bias,297,init_knn1,Hostility,log_loss,1.1044928543068191e-07,7.751188333997445,1.0,0.5151741293532338,5.323233123800073e-10,0.5341029844420043,0.0,0.033202332554105735,"[[3105, 0], [0, 2853]]","[[190, 155], [166, 151]]"
disclosure_x_bias,298,init_knn1,Hostility,log_loss,1.1043797588401483e-07,7.7512079480819605,1.0,0.5151741293532338,5.328074350374568e-10,0.534062684675693,0.0,0.033202332554105735,"[[3105, 0], [0, 2853]]","[[190, 155], [166, 151]]"
disclosure_x_bias,299,init_knn1,Hostility,log_loss,1.1042586438706528e-07,7.751221514197331,1.0,0.5151741293532338,5.328792611934354e-10,0.5342443662300417,0.0,0.033202332554105735,"[[3105, 0], [0, 2853]]","[[190, 155], [166, 151]]"
disclosure_x_bias,300,init_knn1,Hostility,log_loss,1.104102753233608e-07,7.751372276817155,1.0,0.5151741293532338,5.326992691776117e-10,0.5341669932334894,0.0,0.033202332554105735,"[[3105, 0], [0, 2853]]","[[190, 155], [166, 151]]"
disclosure_x_bias,1,init_knn1,Hostility,exponential,727.5255609880654,750.0759503063601,1.0,0.5151741293532338,0.25294781071330313,105.13494751349423,0.0,0.033202332554105735,"[[3105, 0], [0, 2853]]","[[190, 155], [166, 151]]"
disclosure_x_bias,2,init_knn1,Hostility,exponential,731.4465830213627,753.2056077050959,1.0,0.5151741293532338,0.4949917961360722,104.92773649467667,0.0,0.033202332554105735,"[[3105, 0], [0, 2853]]","[[190, 155], [166, 151]]"
disclosure_x_bias,3,init_knn1,Hostility,exponential,735.0311545064471,756.4694181803918,1.0,0.5151741293532338,0.7488291374412673,105.83129778029536,0.0,0.033202332554105735,"[[3105, 0], [0, 2853]]","[[190, 155], [166, 151]]"
disclosure_x_bias,4,init_knn1,Hostility,exponential,738.366267512428,760.5088197342645,1.0,0.5151741293532338,1.024002460988598,106.65611443669685,0.0,0.033202332554105735,"[[3105, 0], [0, 2853]]","[[190, 155], [166, 151]]"
disclosure_x_bias,5,init_knn1,Hostility,exponential,741.4229112679684,763.2986986920039,1.0,0.5151741293532338,1.2223148696193786,107.34888205624159,0.0,0.033202332554105735,"[[3105, 0], [0, 2853]]","[[190, 155], [166, 151]]"
disclosure_x_bias,6,init_knn1,Hostility,exponential,744.190181303933,765.78054567436,1.0,0.5151741293532338,1.2243465515051404,107.12124376501372,0.0,0.033202332554105735,"[[3105, 0], [0, 2853]]","[[190, 155], [166, 151]]"
disclosure_x_bias,7,init_knn1,Hostility,exponential,746.7642518201085,768.8819831143671,1.0,0.5151741293532338,1.4024441813396542,108.1023192774501,0.0,0.033202332554105735,"[[3105, 0], [0, 2853]]","[[190, 155], [166, 151]]"
disclosure_x_bias,8,init_knn1,Hostility,exponential,749.2796040516876,770.7787535771538,1.0,0.5151741293532338,1.625812864494868,109.48146014943295,0.0,0.033202332554105735,"[[3105, 0], [0, 2853]]","[[190, 155], [166, 151]]"
disclosure_x_bias,9,init_knn1,Hostility,exponential,751.5545076157715,773.0245395437418,1.0,0.5151741293532338,1.776497249305289,109.94509078788485,0.0,0.033202332554105735,"[[3105, 0], [0, 2853]]","[[190, 155], [166, 151]]"
disclosure_x_bias,10,init_knn1,Hostility,exponential,753.7326442913201,775.2605736555471,1.0,0.5151741293532338,1.867204830497884,110.01137329442948,0.0,0.033202332554105735,"[[3105, 0], [0, 2853]]","[[190, 155], [166, 151]]"
disclosure_x_bias,11,init_knn1,Hostility,exponential,755.6599623588456,776.5690567873323,1.0,0.5151741293532338,1.9793399090226211,111.24582093128994,0.0,0.033202332554105735,"[[3105, 0], [0, 2853]]","[[190, 155], [166, 151]]"
disclosure_x_bias,12,init_knn1,Hostility,exponential,757.6565519264177,780.1110632387606,1.0,0.5151741293532338,2.373089563223975,112.83964707323084,0.0,0.033202332554105735,"[[3105, 0], [0, 2853]]","[[190, 155], [166, 151]]"
disclosure_x_bias,13,init_knn1,Hostility,exponential,759.4964124517354,782.0281349756481,1.0,0.5151741293532338,2.6215432746279115,112.56445826022987,0.0,0.033202332554105735,"[[3105, 0], [0, 2853]]","[[190, 155], [166, 151]]"
disclosure_x_bias,14,init_knn1,Hostility,exponential,761.1185798981298,783.4040286765253,1.0,0.5151741293532338,2.656353404201433,113.2179938004398,0.0,0.033202332554105735,"[[3105, 0], [0, 2853]]","[[190, 155], [166, 151]]"
disclosure_x_bias,15,init_knn1,Hostility,exponential,762.6513807723888,785.0161706845112,1.0,0.5151741293532338,2.7430312524297196,113.03036948082917,0.0,0.033202332554105735,"[[3105, 0], [0, 2853]]","[[190, 155], [166, 151]]"
disclosure_x_bias,16,init_knn1,Hostility,exponential,764.200305967685,786.3621334481661,1.0,0.5151741293532338,2.8277343848949,112.47648851354674,0.0,0.033202332554105735,"[[3105, 0], [0, 2853]]","[[190, 155], [166, 151]]"
disclosure_x_bias,17,init_knn1,Hostility,exponential,765.7104064107018,787.6476503339743,1.0,0.5151741293532338,2.8147720250539017,112.82785923891713,0.0,0.033202332554105735,"[[3105, 0], [0, 2853]]","[[190, 155], [166, 151]]"
disclosure_x_bias,18,init_knn1,Hostility,exponential,766.9259707856211,787.6025398467743,1.0,0.5151741293532338,2.79639411508021,112.92996560481866,0.0,0.033202332554105735,"[[3105, 0], [0, 2853]]","[[190, 155], [166, 151]]"
disclosure_x_bias,19,init_knn1,Hostility,exponential,768.4283332928762,789.3656718185326,1.0,0.5151741293532338,3.4808252077833437,115.26610500899216,0.0,0.033202332554105735,"[[3105, 0], [0, 2853]]","[[190, 155], [166, 151]]"
disclosure_x_bias,20,init_knn1,Hostility,exponential,769.673667572966,790.5952671575317,1.0,0.5151741293532338,3.589843360964988,116.09273739921863,0.0,0.033202332554105735,"[[3105, 0], [0, 2853]]","[[190, 155], [166, 151]]"
disclosure_x_bias,21,init_knn1,Hostility,exponential,770.9697462298192,791.7041268777799,1.0,0.5151741293532338,3.716711515258135,116.50765542452181,0.0,0.033202332554105735,"[[3105, 0], [0, 2853]]","[[190, 155], [166, 151]]"
disclosure_x_bias,22,init_knn1,Hostility,exponential,772.0902461888028,792.9748111952856,1.0,0.5151741293532338,3.81505303407519,116.37522745973244,0.0,0.033202332554105735,"[[3105, 0], [0, 2853]]","[[190, 155], [166, 151]]"
disclosure_x_bias,23,init_knn1,Hostility,exponential,773.026785289029,793.9012180115208,1.0,0.5151741293532338,3.765228191289702,115.90988737468389,0.0,0.033202332554105735,"[[3105, 0], [0, 2853]]","[[190, 155], [166, 151]]"
disclosure_x_bias,24,init_knn1,Hostility,exponential,774.1964611150163,795.2334127840237,1.0,0.5151741293532338,3.859791179188146,116.25693796846575,0.0,0.033202332554105735,"[[3105, 0], [0, 2853]]","[[190, 155], [166, 151]]"
disclosure_x_bias,25,init_knn1,Hostility,exponential,775.279275349311,796.5325230340047,1.0,0.5151741293532338,3.8651708551095045,115.60302819768924,0.0,0.033202332554105735,"[[3105, 0], [0, 2853]]","[[190, 155], [166, 151]]"
disclosure_x_bias,26,init_knn1,Hostility,exponential,776.5891357173126,797.9048407414014,1.0,0.5151741293532338,4.69353198784153,117.90974963796667,0.0,0.033202332554105735,"[[3105, 0], [0, 2853]]","[[190, 155], [166, 151]]"
disclosure_x_bias,27,init_knn1,Hostility,exponential,777.7183140453343,798.808728165886,1.0,0.5151741293532338,4.658915939089153,117.42263899587708,0.0,0.033202332554105735,"[[3105, 0], [0, 2853]]","[[190, 155], [166, 151]]"
disclosure_x_bias,28,init_knn1,Hostility,exponential,778.6498783861728,799.3401333565084,1.0,0.5151741293532338,4.774943733729885,117.96395320812832,0.0,0.033202332554105735,"[[3105, 0], [0, 2853]]","[[190, 155], [166, 151]]"
disclosure_x_bias,29,init_knn1,Hostility,exponential,779.5439797653754,800.0528831442147,1.0,0.5151741293532338,4.802607546832524,117.85640029483447,0.0,0.033202332554105735,"[[3105, 0], [0, 2853]]","[[190, 155], [166, 151]]"
disclosure_x_bias,30,init_knn1,Hostility,exponential,780.4488405446295,800.1581171592912,1.0,0.5151741293532338,4.998839787765305,117.98129977850061,0.0,0.033202332554105735,"[[3105, 0], [0, 2853]]","[[190, 155], [166, 151]]"
disclosure_x_bias,31,init_knn1,Hostility,exponential,781.2843257683016,801.178994119213,1.0,0.5151741293532338,4.985949339430141,118.61622733547551,0.0,0.033202332554105735,"[[3105, 0], [0, 2853]]","[[190, 155], [166, 151]]"
disclosure_x_bias,32,init_knn1,Hostility,exponential,782.197387910526,801.5610606819008,1.0,0.5151741293532338,5.286611834956578,119.01744221483214,0.0,0.033202332554105735,"[[3105, 0], [0, 2853]]","[[190, 155], [166, 151]]"
disclosure_x_bias,33,init_knn1,Hostility,exponential,783.189447112504,802.1623951768295,1.0,0.5151741293532338,5.174868897611257,119.09361015487487,0.0,0.033202332554105735,"[[3105, 0], [0, 2853]]","[[190, 155], [166, 151]]"
disclosure_x_bias,34,init_knn1,Hostility,exponential,784.0915734176406,803.3403763396374,1.0,0.5151741293532338,5.254067102055511,119.41279474796762,0.0,0.033202332554105735,"[[3105, 0], [0, 2853]]","[[190, 155], [166, 151]]"
disclosure_x_bias,35,init_knn1,Hostility,exponential,784.9146699080097,803.8890390127955,1.0,0.5151741293532338,5.213276756246395,119.10205457931758,0.0,0.033202332554105735,"[[3105, 0], [0, 2853]]","[[190, 155], [166, 151]]"
disclosure_x_bias,36,init_knn1,Hostility,exponential,785.6455161762951,804.5008836488499,1.0,0.5151741293532338,5.377801812137998,118.92829993596496,0.0,0.033202332554105735,"[[3105, 0], [0, 2853]]","[[190, 155], [166, 151]]"
disclosure_x_bias,37,init_knn1,Hostility,exponential,786.4767783493778,804.8564159301837,1.0,0.5151741293532338,5.497140544431763,119.05548054469287,0.0,0.033202332554105735,"[[3105, 0], [0, 2853]]","[[190, 155], [166, 151]]"
disclosure_x_bias,38,init_knn1,Hostility,exponential,787.5394443473538,805.9458584569045,1.0,0.5151741293532338,5.26290665027339,118.5712509936908,0.0,0.033202332554105735,"[[3105, 0], [0, 2853]]","[[190, 155], [166, 151]]"
disclosure_x_bias,39,init_knn1,Hostility,exponential,788.5962630754046,807.4584809655126,1.0,0.5151741293532338,6.359866506281704,121.46446953775941,0.0,0.033202332554105735,"[[3105, 0], [0, 2853]]","[[190, 155], [166, 151]]"
disclosure_x_bias,40,init_knn1,Hostility,exponential,789.3752443871319,807.9405477820585,1.0,0.5151741293532338,6.497538234312786,121.33086314833031,0.0,0.033202332554105735,"[[3105, 0], [0, 2853]]","[[190, 155], [166, 151]]"
disclosure_x_bias,41,init_knn1,Hostility,exponential,790.0171494561727,808.026169317298,1.0,0.5151741293532338,6.543019791565928,121.82160837192953,0.0,0.033202332554105735,"[[3105, 0], [0, 2853]]","[[190, 155], [166, 151]]"
disclosure_x_bias,42,init_knn1,Hostility,exponential,790.7385902239946,808.6132008313577,1.0,0.5151741293532338,6.416089682446699,121.27045832581358,0.0,0.033202332554105735,"[[3105, 0], [0, 2853]]","[[190, 155], [166, 151]]"
disclosure_x_bias,43,init_knn1,Hostility,exponential,791.5060639040837,809.0393014240038,1.0,0.5151741293532338,6.310114178871795,121.24962582415606,0.0,0.033202332554105735,"[[3105, 0], [0, 2853]]","[[190, 155], [166, 151]]"
disclosure_x_bias,44,init_knn1,Hostility,exponential,792.4673969507465,809.7554994451696,1.0,0.5151741293532338,6.534174992985008,120.8882486781784,0.0,0.033202332554105735,"[[3105, 0], [0, 2853]]","[[190, 155], [166, 151]]"
disclosure_x_bias,45,init_knn1,Hostility,exponential,793.2191052646384,811.0431666613115,1.0,0.5151741293532338,6.588945901388275,121.15580016994576,0.0,0.033202332554105735,"[[3105, 0], [0, 2853]]","[[190, 155], [166, 151]]"
disclosure_x_bias,46,init_knn1,Hostility,exponential,794.1438543902393,811.7989602509826,1.0,0.5151741293532338,6.740289702457913,121.8562675683833,0.0,0.033202332554105735,"[[3105, 0], [0, 2853]]","[[190, 155], [166, 151]]"
disclosure_x_bias,47,init_knn1,Hostility,exponential,795.3475227388496,813.8824197850242,1.0,0.5151741293532338,7.9336441335169425,124.41368025847727,0.0,0.033202332554105735,"[[3105, 0], [0, 2853]]","[[190, 155], [166, 151]]"
disclosure_x_bias,48,init_knn1,Hostility,exponential,796.1367239012847,814.5362848145004,1.0,0.5151741293532338,7.800863517328292,124.59093465133955,0.0,0.033202332554105735,"[[3105, 0], [0, 2853]]","[[190, 155], [166, 151]]"
disclosure_x_bias,49,init_knn1,Hostility,exponential,796.8776762091354,814.4231510626964,1.0,0.5151741293532338,7.853627712677048,124.49751349393517,0.0,0.033202332554105735,"[[3105, 0], [0, 2853]]","[[190, 155], [166, 151]]"
disclosure_x_bias,50,init_knn1,Hostility,exponential,797.5993914878434,814.6777378931716,1.0,0.5151741293532338,7.78319404686268,124.8428779956547,0.0,0.033202332554105735,"[[3105, 0], [0, 2853]]","[[190, 155], [166, 151]]"
disclosure_x_bias,51,init_knn1,Hostility,exponential,798.1043088452352,815.0225990432909,1.0,0.5151741293532338,7.616239380893741,124.62868991370098,0.0,0.033202332554105735,"[[3105, 0], [0, 2853]]","[[190, 155], [166, 151]]"
disclosure_x_bias,52,init_knn1,Hostility,exponential,798.7722415754208,815.718903344286,1.0,0.5151741293532338,7.732020114989105,123.87148257647725,0.0,0.033202332554105735,"[[3105, 0], [0, 2853]]","[[190, 155], [166, 151]]"
disclosure_x_bias,53,init_knn1,Hostility,exponential,799.5545156857863,816.0922104334595,1.0,0.5151741293532338,7.880151737416026,123.79471955105085,0.0,0.033202332554105735,"[[3105, 0], [0, 2853]]","[[190, 155], [166, 151]]"
disclosure_x_bias,54,init_knn1,Hostility,exponential,800.3616155704012,817.1203173870766,1.0,0.5151741293532338,7.724903628410739,123.45727294401193,0.0,0.033202332554105735,"[[3105, 0], [0, 2853]]","[[190, 155], [166, 151]]"
disclosure_x_bias,55,init_knn1,Hostility,exponential,800.8598644333891,817.8926124490904,1.0,0.5151741293532338,7.676299863619032,123.81782124004067,0.0,0.033202332554105735,"[[3105, 0], [0, 2853]]","[[190, 155], [166, 151]]"
disclosure_x_bias,56,init_knn1,Hostility,exponential,801.545209212056,818.1221600979649,1.0,0.5151741293532338,7.631058304591297,123.45587192680635,0.0,0.033202332554105735,"[[3105, 0], [0, 2853]]","[[190, 155], [166, 151]]"
disclosure_x_bias,57,init_knn1,Hostility,exponential,802.1116105880647,818.5956409047251,1.0,0.5151741293532338,7.6207849485454995,124.02799205430195,0.0,0.033202332554105735,"[[3105, 0], [0, 2853]]","[[190, 155], [166, 151]]"
disclosure_x_bias,58,init_knn1,Hostility,exponential,802.975126713809,819.9109029338551,1.0,0.5151741293532338,7.6401928521919595,123.41828308343797,0.0,0.033202332554105735,"[[3105, 0], [0, 2853]]","[[190, 155], [166, 151]]"
disclosure_x_bias,59,init_knn1,Hostility,exponential,803.9811396024995,820.9761276279766,1.0,0.5151741293532338,7.7301762587406335,124.52269443308903,0.0,0.033202332554105735,"[[3105, 0], [0, 2853]]","[[190, 155], [166, 151]]"
disclosure_x_bias,60,init_knn1,Hostility,exponential,804.691640909599,820.9675896943265,1.0,0.5151741293532338,7.490087687774575,124.70951362579,0.0,0.033202332554105735,"[[3105, 0], [0, 2853]]","[[190, 155], [166, 151]]"
disclosure_x_bias,61,init_knn1,Hostility,exponential,805.3237558860076,821.688221634915,1.0,0.5151741293532338,7.6402497252929455,124.92113628552318,0.0,0.033202332554105735,"[[3105, 0], [0, 2853]]","[[190, 155], [166, 151]]"
disclosure_x_bias,62,init_knn1,Hostility,exponential,805.8380483260902,822.3266198217731,1.0,0.5151741293532338,7.556982010042531,125.18255928279622,0.0,0.033202332554105735,"[[3105, 0], [0, 2853]]","[[190, 155], [166, 151]]"
disclosure_x_bias,63,init_knn1,Hostility,exponential,806.5225587669822,822.3991054144365,1.0,0.5151741293532338,7.661489751435764,125.64933572118288,0.0,0.033202332554105735,"[[3105, 0], [0, 2853]]","[[190, 155], [166, 151]]"
disclosure_x_bias,64,init_knn1,Hostility,exponential,807.0552770472275,822.5837809198061,1.0,0.5151741293532338,7.667571146628558,125.76633767152536,0.0,0.033202332554105735,"[[3105, 0], [0, 2853]]","[[190, 155], [166, 151]]"
disclosure_x_bias,65,init_knn1,Hostility,exponential,808.1941329834046,823.9925035938392,1.0,0.5151741293532338,9.551434088563921,129.15274461571764,0.0,0.033202332554105735,"[[3105, 0], [0, 2853]]","[[190, 155], [166, 151]]"
disclosure_x_bias,66,init_knn1,Hostility,exponential,808.7890912073627,824.3653916470814,1.0,0.5151741293532338,9.592526493773285,128.6524008905648,0.0,0.033202332554105735,"[[3105, 0], [0, 2853]]","[[190, 155], [166, 151]]"
disclosure_x_bias,67,init_knn1,Hostility,exponential,809.1611366609161,825.1517500849392,1.0,0.5151741293532338,9.610573948180715,128.5299384306947,0.0,0.033202332554105735,"[[3105, 0], [0, 2853]]","[[190, 155], [166, 151]]"
disclosure_x_bias,68,init_knn1,Hostility,exponential,809.5769195990008,825.7775625848001,1.0,0.5151741293532338,9.483007984251465,128.29508289817556,0.0,0.033202332554105735,"[[3105, 0], [0, 2853]]","[[190, 155], [166, 151]]"
disclosure_x_bias,69,init_knn1,Hostility,exponential,810.1957103125527,825.7554796002329,1.0,0.5151741293532338,9.33476299917204,128.05715445187275,0.0,0.033202332554105735,"[[3105, 0], [0, 2853]]","[[190, 155], [166, 151]]"
disclosure_x_bias,70,init_knn1,Hostility,exponential,810.6664452169025,826.0280934561011,1.0,0.5151741293532338,9.374921338929164,127.96878710759636,0.0,0.033202332554105735,"[[3105, 0], [0, 2853]]","[[190, 155], [166, 151]]"
disclosure_x_bias,71,init_knn1,Hostility,exponential,811.6596307106346,826.7110708564711,1.0,0.5151741293532338,9.265837871763814,127.69881238879198,0.0,0.033202332554105735,"[[3105, 0], [0, 2853]]","[[190, 155], [166, 151]]"
disclosure_x_bias,72,init_knn1,Hostility,exponential,812.2176667710859,827.5874602423935,1.0,0.5151741293532338,9.182806719583688,128.3334437423864,0.0,0.033202332554105735,"[[3105, 0], [0, 2853]]","[[190, 155], [166, 151]]"
disclosure_x_bias,73,init_knn1,Hostility,exponential,812.863697970016,828.2711106550236,1.0,0.5151741293532338,9.315456333276556,128.05956546313064,0.0,0.033202332554105735,"[[3105, 0], [0, 2853]]","[[190, 155], [166, 151]]"
disclosure_x_bias,74,init_knn1,Hostility,exponential,813.3207469890737,828.7604805273729,1.0,0.5151741293532338,9.360263682757575,128.44500043264748,0.0,0.033202332554105735,"[[3105, 0], [0, 2853]]","[[190, 155], [166, 151]]"
disclosure_x_bias,75,init_knn1,Hostility,exponential,813.6866042109284,829.2215499981432,1.0,0.5151741293532338,9.24291623377052,128.23301447209954,0.0,0.033202332554105735,"[[3105, 0], [0, 2853]]","[[190, 155], [166, 151]]"
disclosure_x_bias,76,init_knn1,Hostility,exponential,814.404768516746,829.2042217649357,1.0,0.5151741293532338,9.279337767791201,128.36476687417576,0.0,0.033202332554105735,"[[3105, 0], [0, 2853]]","[[190, 155], [166, 151]]"
disclosure_x_bias,77,init_knn1,Hostility,exponential,815.0603969916563,829.6234192844167,1.0,0.5151741293532338,9.419745786159794,128.23238736150546,0.0,0.033202332554105735,"[[3105, 0], [0, 2853]]","[[190, 155], [166, 151]]"
disclosure_x_bias,78,init_knn1,Hostility,exponential,815.2703918229909,830.2095929223018,1.0,0.5151741293532338,9.348235712099369,129.0709681371307,0.0,0.033202332554105735,"[[3105, 0], [0, 2853]]","[[190, 155], [166, 151]]"
disclosure_x_bias,79,init_knn1,Hostility,exponential,816.8232106675549,832.1230608575967,1.0,0.5151741293532338,11.077917870089548,133.03075404349153,0.0,0.033202332554105735,"[[3105, 0], [0, 2853]]","[[190, 155], [166, 151]]"
disclosure_x_bias,80,init_knn1,Hostility,exponential,817.6353563001705,832.3131444976128,1.0,0.5151741293532338,11.040279652088621,132.76809090272522,0.0,0.033202332554105735,"[[3105, 0], [0, 2853]]","[[190, 155], [166, 151]]"
disclosure_x_bias,81,init_knn1,Hostility,exponential,818.1230478834389,832.7318757942696,1.0,0.5151741293532338,11.187485315921554,132.78805801058311,0.0,0.033202332554105735,"[[3105, 0], [0, 2853]]","[[190, 155], [166, 151]]"
disclosure_x_bias,82,init_knn1,Hostility,exponential,818.6751235040068,833.2923737179732,1.0,0.5151741293532338,11.167471119204652,132.72116643868108,0.0,0.033202332554105735,"[[3105, 0], [0, 2853]]","[[190, 155], [166, 151]]"
disclosure_x_bias,83,init_knn1,Hostility,exponential,819.1886838690431,833.3697195695258,1.0,0.5151741293532338,11.177321166318352,132.68220120772418,0.0,0.033202332554105735,"[[3105, 0], [0, 2853]]","[[190, 155], [166, 151]]"
disclosure_x_bias,84,init_knn1,Hostility,exponential,819.847011251061,834.1158839292272,1.0,0.5151741293532338,11.180189464472345,132.43986155970472,0.0,0.033202332554105735,"[[3105, 0], [0, 2853]]","[[190, 155], [166, 151]]"
disclosure_x_bias,85,init_knn1,Hostility,exponential,820.6086499291077,834.0926122366254,1.0,0.5151741293532338,11.443560027578975,132.3104068135372,0.0,0.033202332554105735,"[[3105, 0], [0, 2853]]","[[190, 155], [166, 151]]"
disclosure_x_bias,86,init_knn1,Hostility,exponential,821.0425750150882,834.0536340953471,1.0,0.5151741293532338,11.351289624443915,132.11000127840032,0.0,0.033202332554105735,"[[3105, 0], [0, 2853]]","[[190, 155], [166, 151]]"
disclosure_x_bias,87,init_knn1,Hostility,exponential,821.7371280001238,834.8729760149633,1.0,0.5151741293532338,11.346585977960633,131.9362277510414,0.0,0.033202332554105735,"[[3105, 0], [0, 2853]]","[[190, 155], [166, 151]]"
disclosure_x_bias,88,init_knn1,Hostility,exponential,822.2011004441935,835.274387275034,1.0,0.5151741293532338,11.35009445508455,132.10163298737746,0.0,0.033202332554105735,"[[3105, 0], [0, 2853]]","[[190, 155], [166, 151]]"
disclosure_x_bias,89,init_knn1,Hostility,exponential,822.7622121421764,835.1528196975853,1.0,0.5151741293532338,11.406784321942933,132.0449778563559,0.0,0.033202332554105735,"[[3105, 0], [0, 2853]]","[[190, 155], [166, 151]]"
disclosure_x_bias,90,init_knn1,Hostility,exponential,823.4408947884764,836.5948277357566,1.0,0.5151741293532338,11.301943695120137,132.1225001845011,0.0,0.033202332554105735,"[[3105, 0], [0, 2853]]","[[190, 155], [166, 151]]"
disclosure_x_bias,91,init_knn1,Hostility,exponential,823.9072763271035,837.1603976700617,1.0,0.5151741293532338,11.42754566287809,132.03907760616906,0.0,0.033202332554105735,"[[3105, 0], [0, 2853]]","[[190, 155], [166, 151]]"
disclosure_x_bias,92,init_knn1,Hostility,exponential,824.5458233752848,837.2630929413148,1.0,0.5151741293532338,11.331988826462918,131.84910111652937,0.0,0.033202332554105735,"[[3105, 0], [0, 2853]]","[[190, 155], [166, 151]]"
disclosure_x_bias,93,init_knn1,Hostility,exponential,824.9787650034041,837.9171119951491,1.0,0.5151741293532338,11.282652441389873,132.76338869973992,0.0,0.033202332554105735,"[[3105, 0], [0, 2853]]","[[190, 155], [166, 151]]"
disclosure_x_bias,94,init_knn1,Hostility,exponential,825.2561719608559,837.833813427627,1.0,0.5151741293532338,11.353002041100668,132.47608879697256,0.0,0.033202332554105735,"[[3105, 0], [0, 2853]]","[[190, 155], [166, 151]]"
disclosure_x_bias,95,init_knn1,Hostility,exponential,825.6767411616763,838.2937264444327,1.0,0.5151741293532338,11.463535201293096,132.82559603626967,0.0,0.033202332554105735,"[[3105, 0], [0, 2853]]","[[190, 155], [166, 151]]"
disclosure_x_bias,96,init_knn1,Hostility,exponential,826.1284701407901,838.4461963638275,1.0,0.5151741293532338,11.536773476381057,133.35202805406348,0.0,0.033202332554105735,"[[3105, 0], [0, 2853]]","[[190, 155], [166, 151]]"
disclosure_x_bias,97,init_knn1,Hostility,exponential,826.6124133419959,838.2786873507221,1.0,0.5151741293532338,11.281812769832591,133.34635573263313,0.0,0.033202332554105735,"[[3105, 0], [0, 2853]]","[[190, 155], [166, 151]]"
disclosure_x_bias,98,init_knn1,Hostility,exponential,827.4886877452133,839.3525094364865,1.0,0.5151741293532338,11.225420390803128,133.4733290143666,0.0,0.033202332554105735,"[[3105, 0], [0, 2853]]","[[190, 155], [166, 151]]"
disclosure_x_bias,99,init_knn1,Hostility,exponential,827.7573715787033,839.2446167274065,1.0,0.5151741293532338,11.389664396977086,133.36862225603264,0.0,0.033202332554105735,"[[3105, 0], [0, 2853]]","[[190, 155], [166, 151]]"
disclosure_x_bias,100,init_knn1,Hostility,exponential,828.5294795242064,839.42967866198,1.0,0.5151741293532338,11.291003948675899,133.44490657502914,0.0,0.033202332554105735,"[[3105, 0], [0, 2853]]","[[190, 155], [166, 151]]"
disclosure_x_bias,101,init_knn1,Hostility,exponential,829.1032092376487,839.465863160934,1.0,0.5151741293532338,11.469787601087356,133.39557975265296,0.0,0.033202332554105735,"[[3105, 0], [0, 2853]]","[[190, 155], [166, 151]]"
disclosure_x_bias,102,init_knn1,Hostility,exponential,830.4717602865678,841.3205468343891,1.0,0.5151741293532338,13.420493668887751,137.2880771244181,0.0,0.033202332554105735,"[[3105, 0], [0, 2853]]","[[190, 155], [166, 151]]"
disclosure_x_bias,103,init_knn1,Hostility,exponential,831.0297877027499,842.065513959497,1.0,0.5151741293532338,13.499851015214094,136.561501956754,0.0,0.033202332554105735,"[[3105, 0], [0, 2853]]","[[190, 155], [166, 151]]"
disclosure_x_bias,104,init_knn1,Hostility,exponential,831.8047052114487,842.24043151776,1.0,0.5151741293532338,13.539383072964299,137.17136704007564,0.0,0.033202332554105735,"[[3105, 0], [0, 2853]]","[[190, 155], [166, 151]]"
disclosure_x_bias,105,init_knn1,Hostility,exponential,832.1787152172976,842.422849677481,1.0,0.5151741293532338,13.671015314186299,137.30351298748838,0.0,0.033202332554105735,"[[3105, 0], [0, 2853]]","[[190, 155], [166, 151]]"
disclosure_x_bias,106,init_knn1,Hostility,exponential,832.5579787668499,842.9355180500552,1.0,0.5151741293532338,13.51010163799972,137.23919998699208,0.0,0.033202332554105735,"[[3105, 0], [0, 2853]]","[[190, 155], [166, 151]]"
disclosure_x_bias,107,init_knn1,Hostility,exponential,832.7574364065471,843.0161129734921,1.0,0.5151741293532338,13.52436394100273,137.2874168755511,0.0,0.033202332554105735,"[[3105, 0], [0, 2853]]","[[190, 155], [166, 151]]"
disclosure_x_bias,108,init_knn1,Hostility,exponential,833.1483682227581,843.7747477594187,1.0,0.5151741293532338,13.40921626661708,138.0662712793389,0.0,0.033202332554105735,"[[3105, 0], [0, 2853]]","[[190, 155], [166, 151]]"
disclosure_x_bias,109,init_knn1,Hostility,exponential,833.440160706485,843.8029594259708,1.0,0.5151741293532338,13.602153036020606,137.92545511996187,0.0,0.033202332554105735,"[[3105, 0], [0, 2853]]","[[190, 155], [166, 151]]"
disclosure_x_bias,110,init_knn1,Hostility,exponential,833.9322283539232,844.636379584681,1.0,0.5151741293532338,13.963858483788428,138.40987291631507,0.0,0.033202332554105735,"[[3105, 0], [0, 2853]]","[[190, 155], [166, 151]]"
disclosure_x_bias,111,init_knn1,Hostility,exponential,834.5105963369045,845.5507113932683,1.0,0.5151741293532338,14.387038142275731,137.70704372441048,0.0,0.033202332554105735,"[[3105, 0], [0, 2853]]","[[190, 155], [166, 151]]"
disclosure_x_bias,112,init_knn1,Hostility,exponential,835.0393265322851,846.39932833814,1.0,0.5151741293532338,14.384381709872251,138.24688463568017,0.0,0.033202332554105735,"[[3105, 0], [0, 2853]]","[[190, 155], [166, 151]]"
disclosure_x_bias,113,init_knn1,Hostility,exponential,835.5642927555542,846.764546412743,1.0,0.5151741293532338,14.335093392878688,138.48758879499502,0.0,0.033202332554105735,"[[3105, 0], [0, 2853]]","[[190, 155], [166, 151]]"
disclosure_x_bias,114,init_knn1,Hostility,exponential,835.6445843349113,846.7965503252799,1.0,0.5151741293532338,14.248985157774905,138.49147417017804,0.0,0.033202332554105735,"[[3105, 0], [0, 2853]]","[[190, 155], [166, 151]]"
disclosure_x_bias,115,init_knn1,Hostility,exponential,836.0812920181336,846.6586108111536,1.0,0.5151741293532338,14.226276501097823,138.52341462632566,0.0,0.033202332554105735,"[[3105, 0], [0, 2853]]","[[190, 155], [166, 151]]"
disclosure_x_bias,116,init_knn1,Hostility,exponential,836.3699075525863,846.6439504677348,1.0,0.5151741293532338,14.316613372491148,138.69860133313085,0.0,0.033202332554105735,"[[3105, 0], [0, 2853]]","[[190, 155], [166, 151]]"
disclosure_x_bias,117,init_knn1,Hostility,exponential,836.5506347074337,846.8008643501462,1.0,0.5151741293532338,14.235743099379722,138.66811624340016,0.0,0.033202332554105735,"[[3105, 0], [0, 2853]]","[[190, 155], [166, 151]]"
disclosure_x_bias,118,init_knn1,Hostility,exponential,837.1452229357453,847.3180848979357,1.0,0.5151741293532338,14.205782894671021,138.26561382647168,0.0,0.033202332554105735,"[[3105, 0], [0, 2853]]","[[190, 155], [166, 151]]"
disclosure_x_bias,119,init_knn1,Hostility,exponential,837.26275931151,846.9815401394035,1.0,0.5151741293532338,14.105177930514289,138.30810080859524,0.0,0.033202332554105735,"[[3105, 0], [0, 2853]]","[[190, 155], [166, 151]]"
disclosure_x_bias,120,init_knn1,Hostility,exponential,837.931442792843,847.7475474836128,1.0,0.5151741293532338,14.12204369334571,138.00061604271173,0.0,0.033202332554105735,"[[3105, 0], [0, 2853]]","[[190, 155], [166, 151]]"
disclosure_x_bias,121,init_knn1,Hostility,exponential,838.55031809874,848.3246535081568,1.0,0.5151741293532338,14.010420088597876,137.89974035606306,0.0,0.033202332554105735,"[[3105, 0], [0, 2853]]","[[190, 155], [166, 151]]"
disclosure_x_bias,122,init_knn1,Hostility,exponential,838.7153673488885,848.4096858532239,1.0,0.5151741293532338,14.064739243694635,138.5431553942236,0.0,0.033202332554105735,"[[3105, 0], [0, 2853]]","[[190, 155], [166, 151]]"
disclosure_x_bias,123,init_knn1,Hostility,exponential,838.9357386878453,848.6697081102363,1.0,0.5151741293532338,14.239741516212538,138.9459784099883,0.0,0.033202332554105735,"[[3105, 0], [0, 2853]]","[[190, 155], [166, 151]]"
disclosure_x_bias,124,init_knn1,Hostility,exponential,839.46009274634,849.2995670517082,1.0,0.5151741293532338,14.087713050633853,138.54077457898939,0.0,0.033202332554105735,"[[3105, 0], [0, 2853]]","[[190, 155], [166, 151]]"
disclosure_x_bias,125,init_knn1,Hostility,exponential,839.5712652426315,849.280852257579,1.0,0.5151741293532338,14.188339238932409,138.92285686390937,0.0,0.033202332554105735,"[[3105, 0], [0, 2853]]","[[190, 155], [166, 151]]"
disclosure_x_bias,126,init_knn1,Hostility,exponential,840.0816523453374,849.8002669193456,1.0,0.5151741293532338,14.343756712647057,138.78959906322433,0.0,0.033202332554105735,"[[3105, 0], [0, 2853]]","[[190, 155], [166, 151]]"
disclosure_x_bias,127,init_knn1,Hostility,exponential,840.180978384964,849.6501762509181,1.0,0.5151741293532338,14.448953540997692,138.98606800857,0.0,0.033202332554105735,"[[3105, 0], [0, 2853]]","[[190, 155], [166, 151]]"
disclosure_x_bias,128,init_knn1,Hostility,exponential,840.3063191827563,849.6448645583405,1.0,0.5151741293532338,14.400964966818918,139.05487018681208,0.0,0.033202332554105735,"[[3105, 0], [0, 2853]]","[[190, 155], [166, 151]]"
disclosure_x_bias,129,init_knn1,Hostility,exponential,840.5629488193454,849.5530254816204,1.0,0.5151741293532338,14.50422526153769,139.38695879926414,0.0,0.033202332554105735,"[[3105, 0], [0, 2853]]","[[190, 155], [166, 151]]"
disclosure_x_bias,130,init_knn1,Hostility,exponential,841.1649426290854,849.398829329211,1.0,0.5151741293532338,13.987528584679854,139.2129687999316,0.0,0.033202332554105735,"[[3105, 0], [0, 2853]]","[[190, 155], [166, 151]]"
disclosure_x_bias,131,init_knn1,Hostility,exponential,841.6943955586978,849.7015023059105,1.0,0.5151741293532338,13.980292295384505,139.3805273742082,0.0,0.033202332554105735,"[[3105, 0], [0, 2853]]","[[190, 155], [166, 151]]"
disclosure_x_bias,132,init_knn1,Hostility,exponential,841.9001074479596,849.8658133636056,1.0,0.5151741293532338,13.965431418917152,139.30835673770522,0.0,0.033202332554105735,"[[3105, 0], [0, 2853]]","[[190, 155], [166, 151]]"
disclosure_x_bias,133,init_knn1,Hostility,exponential,842.4402276234174,849.9494040555697,1.0,0.5151741293532338,13.792004201742074,139.15837156340731,0.0,0.033202332554105735,"[[3105, 0], [0, 2853]]","[[190, 155], [166, 151]]"
disclosure_x_bias,134,init_knn1,Hostility,exponential,842.5609366947319,849.5959006745231,1.0,0.5151741293532338,13.73623107693992,139.16998756639498,0.0,0.033202332554105735,"[[3105, 0], [0, 2853]]","[[190, 155], [166, 151]]"
disclosure_x_bias,135,init_knn1,Hostility,exponential,843.8377367268537,849.728182032695,1.0,0.5151741293532338,14.00953722652824,139.5085791393835,0.0,0.033202332554105735,"[[3105, 0], [0, 2853]]","[[190, 155], [166, 151]]"
disclosure_x_bias,136,init_knn1,Hostility,exponential,844.5272330578221,850.2565031498432,1.0,0.5151741293532338,14.065507029295864,139.52210721002206,0.0,0.033202332554105735,"[[3105, 0], [0, 2853]]","[[190, 155], [166, 151]]"
disclosure_x_bias,137,init_knn1,Hostility,exponential,845.590928899726,852.1651712040579,1.0,0.5151741293532338,16.517092675681127,144.39464024794793,0.0,0.033202332554105735,"[[3105, 0], [0, 2853]]","[[190, 155], [166, 151]]"
disclosure_x_bias,138,init_knn1,Hostility,exponential,845.7923482019899,852.4762640437508,1.0,0.5151741293532338,16.452071671998908,144.49269325220695,0.0,0.033202332554105735,"[[3105, 0], [0, 2853]]","[[190, 155], [166, 151]]"
disclosure_x_bias,139,init_knn1,Hostility,exponential,845.8607753953268,852.4342083890609,1.0,0.5151741293532338,16.541478315657884,144.69620482637654,0.0,0.033202332554105735,"[[3105, 0], [0, 2853]]","[[190, 155], [166, 151]]"
disclosure_x_bias,140,init_knn1,Hostility,exponential,846.2390985105334,852.6426141328923,1.0,0.5151741293532338,16.546786376371415,145.0539064735172,0.0,0.033202332554105735,"[[3105, 0], [0, 2853]]","[[190, 155], [166, 151]]"
disclosure_x_bias,141,init_knn1,Hostility,exponential,846.3918262867626,852.4490368837453,1.0,0.5151741293532338,16.70298577269429,145.24126644865666,0.0,0.033202332554105735,"[[3105, 0], [0, 2853]]","[[190, 155], [166, 151]]"
disclosure_x_bias,142,init_knn1,Hostility,exponential,846.7530035682094,853.1453543717162,1.0,0.5151741293532338,16.33754269142353,144.57445479958287,0.0,0.033202332554105735,"[[3105, 0], [0, 2853]]","[[190, 155], [166, 151]]"
disclosure_x_bias,143,init_knn1,Hostility,exponential,846.8152380973136,852.7660211694347,1.0,0.5151741293532338,16.34663610244444,144.6387934091056,0.0,0.033202332554105735,"[[3105, 0], [0, 2853]]","[[190, 155], [166, 151]]"
disclosure_x_bias,144,init_knn1,Hostility,exponential,847.0690450780021,853.3339406717536,1.0,0.5151741293532338,16.373574366580204,144.22129113767616,0.0,0.033202332554105735,"[[3105, 0], [0, 2853]]","[[190, 155], [166, 151]]"
disclosure_x_bias,145,init_knn1,Hostility,exponential,847.5620256955465,853.0867742321825,1.0,0.5151741293532338,16.40490029058186,144.2388447637656,0.0,0.033202332554105735,"[[3105, 0], [0, 2853]]","[[190, 155], [166, 151]]"
disclosure_x_bias,146,init_knn1,Hostility,exponential,847.6820359364195,853.1839066357494,1.0,0.5151741293532338,16.516635002744184,144.0538187260914,0.0,0.033202332554105735,"[[3105, 0], [0, 2853]]","[[190, 155], [166, 151]]"
disclosure_x_bias,147,init_knn1,Hostility,exponential,847.9264060833782,853.0188336570676,1.0,0.5151741293532338,16.956804105388212,144.12734728174317,0.0,0.033202332554105735,"[[3105, 0], [0, 2853]]","[[190, 155], [166, 151]]"
disclosure_x_bias,148,init_knn1,Hostility,exponential,848.1073387295116,853.3627827429422,1.0,0.5151741293532338,16.821092480654524,143.99120543546587,0.0,0.033202332554105735,"[[3105, 0], [0, 2853]]","[[190, 155], [166, 151]]"
disclosure_x_bias,149,init_knn1,Hostility,exponential,848.5856192046494,853.3609113009716,1.0,0.5151741293532338,16.83445002416976,143.94567799058208,0.0,0.033202332554105735,"[[3105, 0], [0, 2853]]","[[190, 155], [166, 151]]"
disclosure_x_bias,150,init_knn1,Hostility,exponential,849.2105422172057,854.2141092638676,1.0,0.5151741293532338,16.762452121851315,144.09973564785815,0.0,0.033202332554105735,"[[3105, 0], [0, 2853]]","[[190, 155], [166, 151]]"
disclosure_x_bias,151,init_knn1,Hostility,exponential,849.4986903973997,854.370162176138,1.0,0.5151741293532338,16.576384841503923,144.11686654183768,0.0,0.033202332554105735,"[[3105, 0], [0, 2853]]","[[190, 155], [166, 151]]"
disclosure_x_bias,152,init_knn1,Hostility,exponential,849.6433333443294,854.3479773416836,1.0,0.5151741293532338,16.534242657472337,144.09658191713606,0.0,0.033202332554105735,"[[3105, 0], [0, 2853]]","[[190, 155], [166, 151]]"
disclosure_x_bias,153,init_knn1,Hostility,exponential,850.0821345232847,854.697819260813,1.0,0.5151741293532338,16.521886607467717,144.97110046134577,0.0,0.033202332554105735,"[[3105, 0], [0, 2853]]","[[190, 155], [166, 151]]"
disclosure_x_bias,154,init_knn1,Hostility,exponential,850.3009229992655,854.7304853855442,1.0,0.5151741293532338,16.593167126161724,145.31324122341525,0.0,0.033202332554105735,"[[3105, 0], [0, 2853]]","[[190, 155], [166, 151]]"
disclosure_x_bias,155,init_knn1,Hostility,exponential,850.384194209463,854.6428357980965,1.0,0.5151741293532338,16.507830332191144,145.23196930885877,0.0,0.033202332554105735,"[[3105, 0], [0, 2853]]","[[190, 155], [166, 151]]"
disclosure_x_bias,156,init_knn1,Hostility,exponential,850.6670373491928,854.8016695356542,1.0,0.5151741293532338,16.603796713537186,145.54722442675697,0.0,0.033202332554105735,"[[3105, 0], [0, 2853]]","[[190, 155], [166, 151]]"
disclosure_x_bias,157,init_knn1,Hostility,exponential,851.0296104166922,854.6105374864503,1.0,0.5151741293532338,16.375224605830436,144.7569197879886,0.0,0.033202332554105735,"[[3105, 0], [0, 2853]]","[[190, 155], [166, 151]]"
disclosure_x_bias,158,init_knn1,Hostility,exponential,851.6131705766077,855.527388971352,1.0,0.5151741293532338,16.67448097573701,145.30034861730007,0.0,0.033202332554105735,"[[3105, 0], [0, 2853]]","[[190, 155], [166, 151]]"
disclosure_x_bias,159,init_knn1,Hostility,exponential,852.0116992310889,855.2205508568538,1.0,0.5151741293532338,16.65858149023148,145.1685752872346,0.0,0.033202332554105735,"[[3105, 0], [0, 2853]]","[[190, 155], [166, 151]]"
disclosure_x_bias,160,init_knn1,Hostility,exponential,852.1578465772687,855.4706166332659,1.0,0.5151741293532338,16.523855365511725,145.20548771841706,0.0,0.033202332554105735,"[[3105, 0], [0, 2853]]","[[190, 155], [166, 151]]"
disclosure_x_bias,161,init_knn1,Hostility,exponential,852.4009564896851,855.3971763994159,1.0,0.5151741293532338,16.737652536411836,145.01715038068642,0.0,0.033202332554105735,"[[3105, 0], [0, 2853]]","[[190, 155], [166, 151]]"
disclosure_x_bias,162,init_knn1,Hostility,exponential,852.5197581649863,855.4189032065326,1.0,0.5151741293532338,16.545226732140833,145.16330462056382,0.0,0.033202332554105735,"[[3105, 0], [0, 2853]]","[[190, 155], [166, 151]]"
disclosure_x_bias,163,init_knn1,Hostility,exponential,852.9605156913606,855.3790939094433,1.0,0.5151741293532338,16.894861497232572,145.24013460247605,0.0,0.033202332554105735,"[[3105, 0], [0, 2853]]","[[190, 155], [166, 151]]"
disclosure_x_bias,164,init_knn1,Hostility,exponential,853.0915217481031,855.6011947279782,1.0,0.5151741293532338,16.953193672153784,145.8818951245206,0.0,0.033202332554105735,"[[3105, 0], [0, 2853]]","[[190, 155], [166, 151]]"
disclosure_x_bias,165,init_knn1,Hostility,exponential,853.3839342138095,855.6316144727878,1.0,0.5151741293532338,17.13147232697043,146.02341270306277,0.0,0.033202332554105735,"[[3105, 0], [0, 2853]]","[[190, 155], [166, 151]]"
disclosure_x_bias,166,init_knn1,Hostility,exponential,853.8861100642118,856.2997033599461,1.0,0.5151741293532338,16.778099641019967,146.0755702502844,0.0,0.033202332554105735,"[[3105, 0], [0, 2853]]","[[190, 155], [166, 151]]"
disclosure_x_bias,167,init_knn1,Hostility,exponential,854.080535163939,856.4044923469776,1.0,0.5151741293532338,16.976415553377286,146.3563561146931,0.0,0.033202332554105735,"[[3105, 0], [0, 2853]]","[[190, 155], [166, 151]]"
disclosure_x_bias,168,init_knn1,Hostility,exponential,854.2117406248628,856.635674664255,1.0,0.5151741293532338,16.846521143764498,146.41432941940448,0.0,0.033202332554105735,"[[3105, 0], [0, 2853]]","[[190, 155], [166, 151]]"
disclosure_x_bias,169,init_knn1,Hostility,exponential,854.4846298674844,856.7088348584706,1.0,0.5151741293532338,16.93833827029887,146.33289336863075,0.0,0.033202332554105735,"[[3105, 0], [0, 2853]]","[[190, 155], [166, 151]]"
disclosure_x_bias,170,init_knn1,Hostility,exponential,854.9838154826696,857.321337512269,1.0,0.5151741293532338,16.798823088441836,145.97935678119464,0.0,0.033202332554105735,"[[3105, 0], [0, 2853]]","[[190, 155], [166, 151]]"
disclosure_x_bias,171,init_knn1,Hostility,exponential,855.2426325099502,857.5141145671435,1.0,0.5151741293532338,16.852746722659067,146.2387048216357,0.0,0.033202332554105735,"[[3105, 0], [0, 2853]]","[[190, 155], [166, 151]]"
disclosure_x_bias,172,init_knn1,Hostility,exponential,855.324275526515,857.5840861700214,1.0,0.5151741293532338,16.92245143728977,146.7922086496602,0.0,0.033202332554105735,"[[3105, 0], [0, 2853]]","[[190, 155], [166, 151]]"
disclosure_x_bias,173,init_knn1,Hostility,exponential,855.956977665038,858.1506933366711,1.0,0.5151741293532338,16.542829293537654,146.47800353777725,0.0,0.033202332554105735,"[[3105, 0], [0, 2853]]","[[190, 155], [166, 151]]"
disclosure_x_bias,174,init_knn1,Hostility,exponential,856.0917659142648,858.012549971649,1.0,0.5151741293532338,16.60894408886565,146.39274028832904,0.0,0.033202332554105735,"[[3105, 0], [0, 2853]]","[[190, 155], [166, 151]]"
disclosure_x_bias,175,init_knn1,Hostility,exponential,856.3971518116807,858.5092342342459,1.0,0.5151741293532338,16.438497705285073,146.5011534477003,0.0,0.033202332554105735,"[[3105, 0], [0, 2853]]","[[190, 155], [166, 151]]"
disclosure_x_bias,176,init_knn1,Hostility,exponential,856.5553005432063,858.2426594637175,1.0,0.5151741293532338,16.504250130520873,146.50249509659227,0.0,0.033202332554105735,"[[3105, 0], [0, 2853]]","[[190, 155], [166, 151]]"
disclosure_x_bias,177,init_knn1,Hostility,exponential,856.784496726819,858.5564286862336,1.0,0.5151741293532338,16.464188659365604,146.48101433115764,0.0,0.033202332554105735,"[[3105, 0], [0, 2853]]","[[190, 155], [166, 151]]"
disclosure_x_bias,178,init_knn1,Hostility,exponential,857.2190302320708,858.5319307045007,1.0,0.5151741293532338,16.544542673951153,147.44228494639987,0.0,0.033202332554105735,"[[3105, 0], [0, 2853]]","[[190, 155], [166, 151]]"
disclosure_x_bias,179,init_knn1,Hostility,exponential,857.59621207813,859.0430360178518,1.0,0.5151741293532338,16.468692038451817,147.18080958254794,0.0,0.033202332554105735,"[[3105, 0], [0, 2853]]","[[190, 155], [166, 151]]"
disclosure_x_bias,180,init_knn1,Hostility,exponential,857.9910373808112,859.5568970422994,1.0,0.5151741293532338,16.308294466556152,147.096767338309,0.0,0.033202332554105735,"[[3105, 0], [0, 2853]]","[[190, 155], [166, 151]]"
disclosure_x_bias,181,init_knn1,Hostility,exponential,858.1314913573231,859.9228829443251,1.0,0.5151741293532338,16.267746187812534,147.45791675151162,0.0,0.033202332554105735,"[[3105, 0], [0, 2853]]","[[190, 155], [166, 151]]"
disclosure_x_bias,182,init_knn1,Hostility,exponential,858.4063301771436,859.7224052118536,1.0,0.5151741293532338,16.168456301503685,147.32737572511718,0.0,0.033202332554105735,"[[3105, 0], [0, 2853]]","[[190, 155], [166, 151]]"
disclosure_x_bias,183,init_knn1,Hostility,exponential,858.5746795220206,860.1045005180131,1.0,0.5151741293532338,16.176999280374073,147.42847125485918,0.0,0.033202332554105735,"[[3105, 0], [0, 2853]]","[[190, 155], [166, 151]]"
disclosure_x_bias,184,init_knn1,Hostility,exponential,858.8524244468423,860.2696941495562,1.0,0.5151741293532338,16.171730865091313,146.87699817552416,0.0,0.033202332554105735,"[[3105, 0], [0, 2853]]","[[190, 155], [166, 151]]"
disclosure_x_bias,185,init_knn1,Hostility,exponential,858.9828146663707,860.2829536713076,1.0,0.5151741293532338,15.901294209692944,146.69364723831407,0.0,0.033202332554105735,"[[3105, 0], [0, 2853]]","[[190, 155], [166, 151]]"
disclosure_x_bias,186,init_knn1,Hostility,exponential,859.2518372663393,860.5352084745093,1.0,0.5151741293532338,16.280412260990826,147.15674045872058,0.0,0.033202332554105735,"[[3105, 0], [0, 2853]]","[[190, 155], [166, 151]]"
disclosure_x_bias,187,init_knn1,Hostility,exponential,860.6245058136423,862.880383607371,1.0,0.5151741293532338,19.316071671089706,152.70175696284073,0.0,0.033202332554105735,"[[3105, 0], [0, 2853]]","[[190, 155], [166, 151]]"
disclosure_x_bias,188,init_knn1,Hostility,exponential,860.6034135333773,862.6784616026977,1.0,0.5151741293532338,19.322076582322,152.85932187738996,0.0,0.033202332554105735,"[[3105, 0], [0, 2853]]","[[190, 155], [166, 151]]"
disclosure_x_bias,189,init_knn1,Hostility,exponential,861.4910210695771,863.0941813126271,1.0,0.5151741293532338,19.188695195709112,152.48003907994385,0.0,0.033202332554105735,"[[3105, 0], [0, 2853]]","[[190, 155], [166, 151]]"
disclosure_x_bias,190,init_knn1,Hostility,exponential,861.7062655754393,862.9694151303544,1.0,0.5151741293532338,18.89596510460963,152.61421981940794,0.0,0.033202332554105735,"[[3105, 0], [0, 2853]]","[[190, 155], [166, 151]]"
disclosure_x_bias,191,init_knn1,Hostility,exponential,861.9059507118785,863.0660461067944,1.0,0.5151741293532338,19.029892536874097,152.34081199651828,0.0,0.033202332554105735,"[[3105, 0], [0, 2853]]","[[190, 155], [166, 151]]"
disclosure_x_bias,192,init_knn1,Hostility,exponential,861.8635805861777,862.4324103328867,1.0,0.5151741293532338,18.803490568552373,152.09151530050937,0.0,0.033202332554105735,"[[3105, 0], [0, 2853]]","[[190, 155], [166, 151]]"
disclosure_x_bias,193,init_knn1,Hostility,exponential,862.2087286477184,862.7335232231919,1.0,0.5151741293532338,18.9416455719849,152.34746392467352,0.0,0.033202332554105735,"[[3105, 0], [0, 2853]]","[[190, 155], [166, 151]]"
disclosure_x_bias,194,init_knn1,Hostility,exponential,862.1754563087936,862.5789775059538,1.0,0.5151741293532338,18.915117386112538,152.40067295119547,0.0,0.033202332554105735,"[[3105, 0], [0, 2853]]","[[190, 155], [166, 151]]"
disclosure_x_bias,195,init_knn1,Hostility,exponential,862.6797102388757,863.0671834042129,1.0,0.5151741293532338,18.89398078951554,152.37998199140668,0.0,0.033202332554105735,"[[3105, 0], [0, 2853]]","[[190, 155], [166, 151]]"
disclosure_x_bias,196,init_knn1,Hostility,exponential,862.9955495836087,863.7009159584628,1.0,0.5151741293532338,18.979606251310788,152.43916258897573,0.0,0.033202332554105735,"[[3105, 0], [0, 2853]]","[[190, 155], [166, 151]]"
disclosure_x_bias,197,init_knn1,Hostility,exponential,863.3967603318054,863.535344288782,1.0,0.5151741293532338,18.938398840029215,152.3190614330392,0.0,0.033202332554105735,"[[3105, 0], [0, 2853]]","[[190, 155], [166, 151]]"
disclosure_x_bias,198,init_knn1,Hostility,exponential,863.5721952722646,863.8772707823589,1.0,0.5151741293532338,18.880552190921456,152.32638482772805,0.0,0.033202332554105735,"[[3105, 0], [0, 2853]]","[[190, 155], [166, 151]]"
disclosure_x_bias,199,init_knn1,Hostility,exponential,863.934203786492,864.260954369974,1.0,0.5151741293532338,18.74191933462258,152.27803107849715,0.0,0.033202332554105735,"[[3105, 0], [0, 2853]]","[[190, 155], [166, 151]]"
disclosure_x_bias,200,init_knn1,Hostility,exponential,864.5843723714122,864.016112638479,1.0,0.5151741293532338,18.764933818507068,152.43705089346898,0.0,0.033202332554105735,"[[3105, 0], [0, 2853]]","[[190, 155], [166, 151]]"
disclosure_x_bias,201,init_knn1,Hostility,exponential,864.8125097349891,864.28406788889,1.0,0.5151741293532338,18.85394952517114,152.70611092378,0.0,0.033202332554105735,"[[3105, 0], [0, 2853]]","[[190, 155], [166, 151]]"
disclosure_x_bias,202,init_knn1,Hostility,exponential,865.0862963493792,864.3319095762442,1.0,0.5151741293532338,18.82512808066846,152.31932348797298,0.0,0.033202332554105735,"[[3105, 0], [0, 2853]]","[[190, 155], [166, 151]]"
disclosure_x_bias,203,init_knn1,Hostility,exponential,865.5074546257489,864.0828465376462,1.0,0.5151741293532338,18.775784810256656,152.78984707043995,0.0,0.033202332554105735,"[[3105, 0], [0, 2853]]","[[190, 155], [166, 151]]"
disclosure_x_bias,204,init_knn1,Hostility,exponential,865.6260885320942,864.1002641217816,1.0,0.5151741293532338,18.512017394987865,152.46928297406944,0.0,0.033202332554105735,"[[3105, 0], [0, 2853]]","[[190, 155], [166, 151]]"
disclosure_x_bias,205,init_knn1,Hostility,exponential,866.2506903720383,863.9622277644654,1.0,0.5151741293532338,18.580420997447092,152.314079260175,0.0,0.033202332554105735,"[[3105, 0], [0, 2853]]","[[190, 155], [166, 151]]"
disclosure_x_bias,206,init_knn1,Hostility,exponential,866.4329550754135,864.6697824526989,1.0,0.5151741293532338,18.588977211069988,152.46739961736878,0.0,0.033202332554105735,"[[3105, 0], [0, 2853]]","[[190, 155], [166, 151]]"
disclosure_x_bias,207,init_knn1,Hostility,exponential,866.7819642217904,865.3050935207182,1.0,0.5151741293532338,18.77117153265572,152.2252825574916,0.0,0.033202332554105735,"[[3105, 0], [0, 2853]]","[[190, 155], [166, 151]]"
disclosure_x_bias,208,init_knn1,Hostility,exponential,866.8372009085699,865.0257635340437,1.0,0.5151741293532338,18.608039599680023,152.36961212830226,0.0,0.033202332554105735,"[[3105, 0], [0, 2853]]","[[190, 155], [166, 151]]"
disclosure_x_bias,209,init_knn1,Hostility,exponential,866.9574654818425,865.0549967247522,1.0,0.5151741293532338,18.9247077049858,151.8940430797698,0.0,0.033202332554105735,"[[3105, 0], [0, 2853]]","[[190, 155], [166, 151]]"
disclosure_x_bias,210,init_knn1,Hostility,exponential,867.3993471887355,864.8661637993007,1.0,0.5151741293532338,18.733885997774806,151.90270252879563,0.0,0.033202332554105735,"[[3105, 0], [0, 2853]]","[[190, 155], [166, 151]]"
disclosure_x_bias,211,init_knn1,Hostility,exponential,867.9071497709768,865.0472169619276,1.0,0.5151741293532338,19.307023044025108,151.7314276704113,0.0,0.033202332554105735,"[[3105, 0], [0, 2853]]","[[190, 155], [166, 151]]"
disclosure_x_bias,212,init_knn1,Hostility,exponential,868.2284124633616,864.9900132996993,1.0,0.5151741293532338,19.219022270365375,151.71444122207672,0.0,0.033202332554105735,"[[3105, 0], [0, 2853]]","[[190, 155], [166, 151]]"
disclosure_x_bias,213,init_knn1,Hostility,exponential,868.4417557545481,864.8736408015733,1.0,0.5151741293532338,19.253472448686786,151.9536370820224,0.0,0.033202332554105735,"[[3105, 0], [0, 2853]]","[[190, 155], [166, 151]]"
disclosure_x_bias,214,init_knn1,Hostility,exponential,868.5527928962443,865.0760701642266,1.0,0.5151741293532338,19.48003958128552,152.42917589168346,0.0,0.033202332554105735,"[[3105, 0], [0, 2853]]","[[190, 155], [166, 151]]"
disclosure_x_bias,215,init_knn1,Hostility,exponential,868.6783967050205,865.2775204321149,1.0,0.5151741293532338,19.351663298564766,152.32511058972776,0.0,0.033202332554105735,"[[3105, 0], [0, 2853]]","[[190, 155], [166, 151]]"
disclosure_x_bias,216,init_knn1,Hostility,exponential,869.3166063318822,866.261943737962,1.0,0.5151741293532338,19.159810642829807,152.5155462030118,0.0,0.033202332554105735,"[[3105, 0], [0, 2853]]","[[190, 155], [166, 151]]"
disclosure_x_bias,217,init_knn1,Hostility,exponential,869.5145586439918,866.3424653050624,1.0,0.5151741293532338,19.20743253596978,152.21657031725982,0.0,0.033202332554105735,"[[3105, 0], [0, 2853]]","[[190, 155], [166, 151]]"
disclosure_x_bias,218,init_knn1,Hostility,exponential,869.6199636505328,866.6282426299201,1.0,0.5151741293532338,19.2798880186454,153.3897393520596,0.0,0.033202332554105735,"[[3105, 0], [0, 2853]]","[[190, 155], [166, 151]]"
disclosure_x_bias,219,init_knn1,Hostility,exponential,869.7517765124837,866.7882430436739,1.0,0.5151741293532338,19.284600175766503,153.48355434253804,0.0,0.033202332554105735,"[[3105, 0], [0, 2853]]","[[190, 155], [166, 151]]"
disclosure_x_bias,220,init_knn1,Hostility,exponential,869.9505345087737,866.9488484307046,1.0,0.5151741293532338,19.22887299755227,153.45977959590562,0.0,0.033202332554105735,"[[3105, 0], [0, 2853]]","[[190, 155], [166, 151]]"
disclosure_x_bias,221,init_knn1,Hostility,exponential,870.1211067776421,867.1453161819702,1.0,0.5151741293532338,19.264298078118188,153.6367268084761,0.0,0.033202332554105735,"[[3105, 0], [0, 2853]]","[[190, 155], [166, 151]]"
disclosure_x_bias,222,init_knn1,Hostility,exponential,870.4200309780342,867.5005145754973,1.0,0.5151741293532338,19.637648585733572,154.39105939852809,0.0,0.033202332554105735,"[[3105, 0], [0, 2853]]","[[190, 155], [166, 151]]"
disclosure_x_bias,223,init_knn1,Hostility,exponential,870.5092228571215,867.1529634202558,1.0,0.5151741293532338,19.421488571630913,153.85960169862622,0.0,0.033202332554105735,"[[3105, 0], [0, 2853]]","[[190, 155], [166, 151]]"
disclosure_x_bias,224,init_knn1,Hostility,exponential,870.9861037960761,867.8423399578958,1.0,0.5151741293532338,19.443429370196196,153.66756012155633,0.0,0.033202332554105735,"[[3105, 0], [0, 2853]]","[[190, 155], [166, 151]]"
disclosure_x_bias,225,init_knn1,Hostility,exponential,871.1512437014159,867.5933079089039,1.0,0.5151741293532338,19.512452566138975,153.6201829015264,0.0,0.033202332554105735,"[[3105, 0], [0, 2853]]","[[190, 155], [166, 151]]"
disclosure_x_bias,226,init_knn1,Hostility,exponential,871.2822589481315,867.8973281356363,1.0,0.5151741293532338,19.407096782123325,153.51033538992763,0.0,0.033202332554105735,"[[3105, 0], [0, 2853]]","[[190, 155], [166, 151]]"
disclosure_x_bias,227,init_knn1,Hostility,exponential,871.5984649059026,868.0237737301107,1.0,0.5151741293532338,19.579599913925552,153.65876799093985,0.0,0.033202332554105735,"[[3105, 0], [0, 2853]]","[[190, 155], [166, 151]]"
disclosure_x_bias,228,init_knn1,Hostility,exponential,871.8180651773753,868.4929186364432,1.0,0.5151741293532338,19.871554222754582,153.15892356790607,0.0,0.033202332554105735,"[[3105, 0], [0, 2853]]","[[190, 155], [166, 151]]"
disclosure_x_bias,229,init_knn1,Hostility,exponential,872.2131760988999,868.8093210033963,1.0,0.5151741293532338,19.666081288941204,153.0838177434243,0.0,0.033202332554105735,"[[3105, 0], [0, 2853]]","[[190, 155], [166, 151]]"
disclosure_x_bias,230,init_knn1,Hostility,exponential,872.2662451260583,868.7364742903368,1.0,0.5151741293532338,19.681932952359578,153.1853825860692,0.0,0.033202332554105735,"[[3105, 0], [0, 2853]]","[[190, 155], [166, 151]]"
disclosure_x_bias,231,init_knn1,Hostility,exponential,872.4481195569278,868.6997705389091,1.0,0.5151741293532338,19.881398854220944,153.07110956791215,0.0,0.033202332554105735,"[[3105, 0], [0, 2853]]","[[190, 155], [166, 151]]"
disclosure_x_bias,232,init_knn1,Hostility,exponential,872.5500661073307,868.6769156742854,1.0,0.5151741293532338,19.706140583873495,153.00331500270374,0.0,0.033202332554105735,"[[3105, 0], [0, 2853]]","[[190, 155], [166, 151]]"
disclosure_x_bias,233,init_knn1,Hostility,exponential,872.8529782078031,868.785946249703,1.0,0.5151741293532338,19.779958632546816,152.8992178160426,0.0,0.033202332554105735,"[[3105, 0], [0, 2853]]","[[190, 155], [166, 151]]"
disclosure_x_bias,234,init_knn1,Hostility,exponential,873.3969435840188,869.522993123522,1.0,0.5151741293532338,19.636252420168717,153.84246882822532,0.0,0.033202332554105735,"[[3105, 0], [0, 2853]]","[[190, 155], [166, 151]]"
disclosure_x_bias,235,init_knn1,Hostility,exponential,873.751122452713,869.6538608436398,1.0,0.5151741293532338,19.57365283028425,153.81568486062528,0.0,0.033202332554105735,"[[3105, 0], [0, 2853]]","[[190, 155], [166, 151]]"
disclosure_x_bias,236,init_knn1,Hostility,exponential,873.8238332233392,869.7821445490779,1.0,0.5151741293532338,19.552823021627255,154.04718878749662,0.0,0.033202332554105735,"[[3105, 0], [0, 2853]]","[[190, 155], [166, 151]]"
disclosure_x_bias,237,init_knn1,Hostility,exponential,874.0745696116707,869.7416009721521,1.0,0.5151741293532338,19.796844292633292,154.0181113320006,0.0,0.033202332554105735,"[[3105, 0], [0, 2853]]","[[190, 155], [166, 151]]"
disclosure_x_bias,238,init_knn1,Hostility,exponential,874.2012988048873,869.5906587344456,1.0,0.5151741293532338,19.559816664128956,154.24336327520007,0.0,0.033202332554105735,"[[3105, 0], [0, 2853]]","[[190, 155], [166, 151]]"
disclosure_x_bias,239,init_knn1,Hostility,exponential,874.2784090342999,869.3595500044117,1.0,0.5151741293532338,19.57502120152754,154.1795885042177,0.0,0.033202332554105735,"[[3105, 0], [0, 2853]]","[[190, 155], [166, 151]]"
disclosure_x_bias,240,init_knn1,Hostility,exponential,874.5431084264774,869.565460183168,1.0,0.5151741293532338,19.41311385588171,154.14041327784597,0.0,0.033202332554105735,"[[3105, 0], [0, 2853]]","[[190, 155], [166, 151]]"
disclosure_x_bias,241,init_knn1,Hostility,exponential,874.7204862829249,869.4939199415337,1.0,0.5151741293532338,19.568693741176464,154.22105729784482,0.0,0.033202332554105735,"[[3105, 0], [0, 2853]]","[[190, 155], [166, 151]]"
disclosure_x_bias,242,init_knn1,Hostility,exponential,876.351570985869,872.0439709935297,1.0,0.5151741293532338,22.76618018574093,160.03325670652347,0.0,0.033202332554105735,"[[3105, 0], [0, 2853]]","[[190, 155], [166, 151]]"
disclosure_x_bias,243,init_knn1,Hostility,exponential,876.6731885747813,872.0798206199764,1.0,0.5151741293532338,23.13066312846838,160.1606190422404,0.0,0.033202332554105735,"[[3105, 0], [0, 2853]]","[[190, 155], [166, 151]]"
disclosure_x_bias,244,init_knn1,Hostility,exponential,876.858210054493,872.4826794379973,1.0,0.5151741293532338,22.703201989670138,159.67115800206142,0.0,0.033202332554105735,"[[3105, 0], [0, 2853]]","[[190, 155], [166, 151]]"
disclosure_x_bias,245,init_knn1,Hostility,exponential,876.8926764995322,872.5627897907098,1.0,0.5151741293532338,23.003473646849482,159.83614302512248,0.0,0.033202332554105735,"[[3105, 0], [0, 2853]]","[[190, 155], [166, 151]]"
disclosure_x_bias,246,init_knn1,Hostility,exponential,877.1022815506625,872.5569054451571,1.0,0.5151741293532338,22.812608945374475,159.87587621713448,0.0,0.033202332554105735,"[[3105, 0], [0, 2853]]","[[190, 155], [166, 151]]"
disclosure_x_bias,247,init_knn1,Hostility,exponential,877.4274919249698,873.2404855425968,1.0,0.5151741293532338,22.94505898129866,159.54640204130217,0.0,0.033202332554105735,"[[3105, 0], [0, 2853]]","[[190, 155], [166, 151]]"
disclosure_x_bias,248,init_knn1,Hostility,exponential,877.5430997763369,873.5954114804475,1.0,0.5151741293532338,22.865479887757388,159.47072135325445,0.0,0.033202332554105735,"[[3105, 0], [0, 2853]]","[[190, 155], [166, 151]]"
disclosure_x_bias,249,init_knn1,Hostility,exponential,877.691526571869,873.4681803965652,1.0,0.5151741293532338,22.92226248721603,159.75090358576637,0.0,0.033202332554105735,"[[3105, 0], [0, 2853]]","[[190, 155], [166, 151]]"
disclosure_x_bias,250,init_knn1,Hostility,exponential,877.8183309452177,873.5302170417605,1.0,0.5151741293532338,22.871937077164638,159.90243130957475,0.0,0.033202332554105735,"[[3105, 0], [0, 2853]]","[[190, 155], [166, 151]]"
disclosure_x_bias,251,init_knn1,Hostility,exponential,877.9947175816202,873.4192041340006,1.0,0.5151741293532338,22.909152016433715,160.09695172555814,0.0,0.033202332554105735,"[[3105, 0], [0, 2853]]","[[190, 155], [166, 151]]"
disclosure_x_bias,252,init_knn1,Hostility,exponential,878.1309364277838,873.4124156969572,1.0,0.5151741293532338,22.802624789434706,160.14419348178427,0.0,0.033202332554105735,"[[3105, 0], [0, 2853]]","[[190, 155], [166, 151]]"
disclosure_x_bias,253,init_knn1,Hostility,exponential,878.3168640375804,873.9145891994807,1.0,0.5151741293532338,22.907026542003127,160.03606624702363,0.0,0.033202332554105735,"[[3105, 0], [0, 2853]]","[[190, 155], [166, 151]]"
disclosure_x_bias,254,init_knn1,Hostility,exponential,878.69367688126,873.9363695915966,1.0,0.5151741293532338,22.88125398866647,159.75618714620842,0.0,0.033202332554105735,"[[3105, 0], [0, 2853]]","[[190, 155], [166, 151]]"
disclosure_x_bias,255,init_knn1,Hostility,exponential,878.6022593829782,874.181801366583,1.0,0.5151741293532338,22.7819489957486,159.85616588652837,0.0,0.033202332554105735,"[[3105, 0], [0, 2853]]","[[190, 155], [166, 151]]"
disclosure_x_bias,256,init_knn1,Hostility,exponential,879.2107027013686,873.9962299275574,1.0,0.5151741293532338,22.55981710648231,159.96346241379516,0.0,0.033202332554105735,"[[3105, 0], [0, 2853]]","[[190, 155], [166, 151]]"
disclosure_x_bias,257,init_knn1,Hostility,exponential,879.2760647344782,874.2411237384551,1.0,0.5151741293532338,22.622733283200564,160.23830527677816,0.0,0.033202332554105735,"[[3105, 0], [0, 2853]]","[[190, 155], [166, 151]]"
disclosure_x_bias,258,init_knn1,Hostility,exponential,879.9118963926155,874.0586714213608,1.0,0.5151741293532338,22.49333137183732,159.93023677398182,0.0,0.033202332554105735,"[[3105, 0], [0, 2853]]","[[190, 155], [166, 151]]"
disclosure_x_bias,259,init_knn1,Hostility,exponential,880.2341621249836,874.5131991494809,1.0,0.5151741293532338,22.423921563118558,160.29225351456856,0.0,0.033202332554105735,"[[3105, 0], [0, 2853]]","[[190, 155], [166, 151]]"
disclosure_x_bias,260,init_knn1,Hostility,exponential,880.4736147107567,875.1561583212927,1.0,0.5151741293532338,22.645981307915527,161.09815045513835,0.0,0.033202332554105735,"[[3105, 0], [0, 2853]]","[[190, 155], [166, 151]]"
disclosure_x_bias,261,init_knn1,Hostility,exponential,880.9564372740233,875.6660245496208,1.0,0.5151741293532338,22.28114346025243,160.9689517191977,0.0,0.033202332554105735,"[[3105, 0], [0, 2853]]","[[190, 155], [166, 151]]"
disclosure_x_bias,262,init_knn1,Hostility,exponential,881.1834514956379,876.1182691647961,1.0,0.5151741293532338,22.44049138513655,160.87939920752714,0.0,0.033202332554105735,"[[3105, 0], [0, 2853]]","[[190, 155], [166, 151]]"
disclosure_x_bias,263,init_knn1,Hostility,exponential,881.1640744819891,876.1264810108316,1.0,0.5151741293532338,22.33707743062188,160.6614492204357,0.0,0.033202332554105735,"[[3105, 0], [0, 2853]]","[[190, 155], [166, 151]]"
disclosure_x_bias,264,init_knn1,Hostility,exponential,881.318652935063,876.2770878682562,1.0,0.5151741293532338,22.30290661935986,160.60467329169498,0.0,0.033202332554105735,"[[3105, 0], [0, 2853]]","[[190, 155], [166, 151]]"
disclosure_x_bias,265,init_knn1,Hostility,exponential,882.038374086974,876.2471826206854,1.0,0.5151741293532338,21.922439944329525,160.8537624145899,0.0,0.033202332554105735,"[[3105, 0], [0, 2853]]","[[190, 155], [166, 151]]"
disclosure_x_bias,266,init_knn1,Hostility,exponential,882.2738548454278,876.1401683567734,1.0,0.5151741293532338,22.035745251699524,160.5865267455251,0.0,0.033202332554105735,"[[3105, 0], [0, 2853]]","[[190, 155], [166, 151]]"
disclosure_x_bias,267,init_knn1,Hostility,exponential,882.3567807250813,876.1341765968442,1.0,0.5151741293532338,21.840021769334918,160.60977459576492,0.0,0.033202332554105735,"[[3105, 0], [0, 2853]]","[[190, 155], [166, 151]]"
disclosure_x_bias,268,init_knn1,Hostility,exponential,882.4933909774066,876.1033860650456,1.0,0.5151741293532338,21.846138144826224,160.58130196550877,0.0,0.033202332554105735,"[[3105, 0], [0, 2853]]","[[190, 155], [166, 151]]"
disclosure_x_bias,269,init_knn1,Hostility,exponential,882.5966100946746,876.3740039370352,1.0,0.5151741293532338,21.775459558746054,160.82694290280824,0.0,0.033202332554105735,"[[3105, 0], [0, 2853]]","[[190, 155], [166, 151]]"
disclosure_x_bias,270,init_knn1,Hostility,exponential,882.8061138877396,876.2153609124537,1.0,0.5151741293532338,21.754365144013352,160.67752376527332,0.0,0.033202332554105735,"[[3105, 0], [0, 2853]]","[[190, 155], [166, 151]]"
disclosure_x_bias,271,init_knn1,Hostility,exponential,882.8751575639335,876.4011683806506,1.0,0.5151741293532338,21.558073686672298,160.92683672508312,0.0,0.033202332554105735,"[[3105, 0], [0, 2853]]","[[190, 155], [166, 151]]"
disclosure_x_bias,272,init_knn1,Hostility,exponential,883.0316327213513,876.2871221381589,1.0,0.5151741293532338,21.724790012906276,160.52382031530652,0.0,0.033202332554105735,"[[3105, 0], [0, 2853]]","[[190, 155], [166, 151]]"
disclosure_x_bias,273,init_knn1,Hostility,exponential,883.2671471777792,876.9418008457953,1.0,0.5151741293532338,21.687232687021993,161.0266593125903,0.0,0.033202332554105735,"[[3105, 0], [0, 2853]]","[[190, 155], [166, 151]]"
disclosure_x_bias,274,init_knn1,Hostility,exponential,883.3059604092311,876.9267794539994,1.0,0.5151741293532338,21.570528474573177,161.1059778697089,0.0,0.033202332554105735,"[[3105, 0], [0, 2853]]","[[190, 155], [166, 151]]"
disclosure_x_bias,275,init_knn1,Hostility,exponential,884.1085823887021,877.7817095292432,1.0,0.5151741293532338,21.730125876142885,160.84863705345973,0.0,0.033202332554105735,"[[3105, 0], [0, 2853]]","[[190, 155], [166, 151]]"
disclosure_x_bias,276,init_knn1,Hostility,exponential,884.1489745978164,877.7944977785677,1.0,0.5151741293532338,21.61288297877719,160.63140162960727,0.0,0.033202332554105735,"[[3105, 0], [0, 2853]]","[[190, 155], [166, 151]]"
disclosure_x_bias,277,init_knn1,Hostility,exponential,884.4293012895523,878.198199500284,1.0,0.5151741293532338,21.952617098111944,161.51587218595978,0.0,0.033202332554105735,"[[3105, 0], [0, 2853]]","[[190, 155], [166, 151]]"
disclosure_x_bias,278,init_knn1,Hostility,exponential,884.5378172029874,878.0421480834408,1.0,0.5151741293532338,21.64510896106445,160.79278293342495,0.0,0.033202332554105735,"[[3105, 0], [0, 2853]]","[[190, 155], [166, 151]]"
disclosure_x_bias,279,init_knn1,Hostility,exponential,884.6925687239527,878.0735911595608,1.0,0.5151741293532338,21.76387434754812,161.15386397864634,0.0,0.033202332554105735,"[[3105, 0], [0, 2853]]","[[190, 155], [166, 151]]"
disclosure_x_bias,280,init_knn1,Hostility,exponential,884.7973823010132,878.3138379125487,1.0,0.5151741293532338,21.738472620806476,161.0041310016988,0.0,0.033202332554105735,"[[3105, 0], [0, 2853]]","[[190, 155], [166, 151]]"
disclosure_x_bias,281,init_knn1,Hostility,exponential,885.0502375011295,878.3939859255709,1.0,0.5151741293532338,21.7525449038146,161.1823240956772,0.0,0.033202332554105735,"[[3105, 0], [0, 2853]]","[[190, 155], [166, 151]]"
disclosure_x_bias,282,init_knn1,Hostility,exponential,885.4138850925353,878.6638199691695,1.0,0.5151741293532338,21.54386651868627,161.08886686770958,0.0,0.033202332554105735,"[[3105, 0], [0, 2853]]","[[190, 155], [166, 151]]"
disclosure_x_bias,283,init_knn1,Hostility,exponential,885.4591043964971,878.6032070743425,1.0,0.5151741293532338,21.653932313416963,161.3286478460332,0.0,0.033202332554105735,"[[3105, 0], [0, 2853]]","[[190, 155], [166, 151]]"
disclosure_x_bias,284,init_knn1,Hostility,exponential,885.9530067900884,878.9037961254395,1.0,0.5151741293532338,21.853014711723137,161.26791709668197,0.0,0.033202332554105735,"[[3105, 0], [0, 2853]]","[[190, 155], [166, 151]]"
disclosure_x_bias,285,init_knn1,Hostility,exponential,886.1334786850703,878.8999302252435,1.0,0.5151741293532338,21.96758609582805,161.5388018211358,0.0,0.033202332554105735,"[[3105, 0], [0, 2853]]","[[190, 155], [166, 151]]"
disclosure_x_bias,286,init_knn1,Hostility,exponential,886.2867639656184,879.244106483737,1.0,0.5151741293532338,21.861010942474557,161.282870470329,0.0,0.033202332554105735,"[[3105, 0], [0, 2853]]","[[190, 155], [166, 151]]"
disclosure_x_bias,287,init_knn1,Hostility,exponential,886.4079098389591,879.2688570686278,1.0,0.5151741293532338,21.89582255663636,161.18823919406157,0.0,0.033202332554105735,"[[3105, 0], [0, 2853]]","[[190, 155], [166, 151]]"
disclosure_x_bias,288,init_knn1,Hostility,exponential,886.5225987831678,879.3073856888101,1.0,0.5151741293532338,21.982511487306194,161.57056858596025,0.0,0.033202332554105735,"[[3105, 0], [0, 2853]]","[[190, 155], [166, 151]]"
disclosure_x_bias,289,init_knn1,Hostility,exponential,886.9504133090464,879.5106318762055,1.0,0.5151741293532338,22.658170950048977,161.29616099923774,0.0,0.033202332554105735,"[[3105, 0], [0, 2853]]","[[190, 155], [166, 151]]"
disclosure_x_bias,290,init_knn1,Hostility,exponential,886.9387235421106,879.5087165437201,1.0,0.5151741293532338,22.488824894744273,161.44163316106813,0.0,0.033202332554105735,"[[3105, 0], [0, 2853]]","[[190, 155], [166, 151]]"
disclosure_x_bias,291,init_knn1,Hostility,exponential,887.1898273779556,879.560722763024,1.0,0.5151741293532338,22.625827034325695,160.85827841805033,0.0,0.033202332554105735,"[[3105, 0], [0, 2853]]","[[190, 155], [166, 151]]"
disclosure_x_bias,292,init_knn1,Hostility,exponential,887.1909851139906,879.4051089685352,1.0,0.5151741293532338,22.65269271142076,161.18301119905976,0.0,0.033202332554105735,"[[3105, 0], [0, 2853]]","[[190, 155], [166, 151]]"
disclosure_x_bias,293,init_knn1,Hostility,exponential,888.021994063303,879.391328593043,1.0,0.5151741293532338,22.603211830113565,161.2891169149571,0.0,0.033202332554105735,"[[3105, 0], [0, 2853]]","[[190, 155], [166, 151]]"
disclosure_x_bias,294,init_knn1,Hostility,exponential,888.0633215054329,879.5476208747565,1.0,0.5151741293532338,22.60795436455757,161.48184053548698,0.0,0.033202332554105735,"[[3105, 0], [0, 2853]]","[[190, 155], [166, 151]]"
disclosure_x_bias,295,init_knn1,Hostility,exponential,888.3354290630359,879.8356181844662,1.0,0.5151741293532338,22.62290374211271,161.19255994976808,0.0,0.033202332554105735,"[[3105, 0], [0, 2853]]","[[190, 155], [166, 151]]"
disclosure_x_bias,296,init_knn1,Hostility,exponential,888.7060346013456,880.8389448161249,1.0,0.5151741293532338,22.658233914870223,160.9170803365772,0.0,0.033202332554105735,"[[3105, 0], [0, 2853]]","[[190, 155], [166, 151]]"
disclosure_x_bias,297,init_knn1,Hostility,exponential,888.7306817784229,880.4883755775242,1.0,0.5151741293532338,22.519750641171797,160.88272682160334,0.0,0.033202332554105735,"[[3105, 0], [0, 2853]]","[[190, 155], [166, 151]]"
disclosure_x_bias,298,init_knn1,Hostility,exponential,888.9239816458264,880.5081073312198,1.0,0.5151741293532338,22.640593403772854,161.01179548357084,0.0,0.033202332554105735,"[[3105, 0], [0, 2853]]","[[190, 155], [166, 151]]"
disclosure_x_bias,299,init_knn1,Hostility,exponential,889.2191400098405,880.8641631032272,1.0,0.5151741293532338,22.592751196700352,161.28690201793725,0.0,0.033202332554105735,"[[3105, 0], [0, 2853]]","[[190, 155], [166, 151]]"
disclosure_x_bias,300,init_knn1,Hostility,exponential,890.1097549956228,881.0295951951687,1.0,0.5151741293532338,22.586669047679543,161.2594191234086,0.0,0.033202332554105735,"[[3105, 0], [0, 2853]]","[[190, 155], [166, 151]]"
disclosure_x_bias,1,init_knn1,kDN,log_loss,1.1901107006047788e-07,7.730124990636815,1.0,0.5151741293532338,3.8803399514536554e-11,0.5288059921312618,0.0,0.033202332554105735,"[[3105, 0], [0, 2853]]","[[190, 155], [166, 151]]"
disclosure_x_bias,2,init_knn1,kDN,log_loss,1.1883851837037129e-07,7.73093802364432,1.0,0.5151741293532338,6.816413067864612e-11,0.5288423670212298,0.0,0.033202332554105735,"[[3105, 0], [0, 2853]]","[[190, 155], [166, 151]]"
disclosure_x_bias,3,init_knn1,kDN,log_loss,1.1868663923256258e-07,7.731669816274388,1.0,0.5151741293532338,9.292333875370826e-11,0.5293346059343557,0.0,0.033202332554105735,"[[3105, 0], [0, 2853]]","[[190, 155], [166, 151]]"
disclosure_x_bias,4,init_knn1,kDN,log_loss,1.185442135057983e-07,7.7321798832705095,1.0,0.5151741293532338,1.1526923761992336e-10,0.5289511075667916,0.0,0.033202332554105735,"[[3105, 0], [0, 2853]]","[[190, 155], [166, 151]]"
disclosure_x_bias,5,init_knn1,kDN,log_loss,1.1841653337860861e-07,7.732953772899774,1.0,0.5151741293532338,1.3129988579848846e-10,0.5292266835524371,0.0,0.033202332554105735,"[[3105, 0], [0, 2853]]","[[190, 155], [166, 151]]"
disclosure_x_bias,6,init_knn1,kDN,log_loss,1.1829300654481654e-07,7.733151025181333,1.0,0.5151741293532338,1.4471419368949383e-10,0.5294759784858605,0.0,0.033202332554105735,"[[3105, 0], [0, 2853]]","[[190, 155], [166, 151]]"
disclosure_x_bias,7,init_knn1,kDN,log_loss,1.1817607232795211e-07,7.733584258196602,1.0,0.5151741293532338,1.5991090409202532e-10,0.5295306850436394,0.0,0.033202332554105735,"[[3105, 0], [0, 2853]]","[[190, 155], [166, 151]]"
disclosure_x_bias,8,init_knn1,kDN,log_loss,1.1806379625434363e-07,7.73385401543135,1.0,0.5151741293532338,1.7755820595830396e-10,0.529244728187833,0.0,0.033202332554105735,"[[3105, 0], [0, 2853]]","[[190, 155], [166, 151]]"
disclosure_x_bias,9,init_knn1,kDN,log_loss,1.1795926421842518e-07,7.734002227881183,1.0,0.5151741293532338,1.8880546000964173e-10,0.5291918006990963,0.0,0.033202332554105735,"[[3105, 0], [0, 2853]]","[[190, 155], [166, 151]]"
disclosure_x_bias,10,init_knn1,kDN,log_loss,1.1785835758973497e-07,7.734633572187403,1.0,0.5151741293532338,2.0116642684682476e-10,0.5294713443063065,0.0,0.033202332554105735,"[[3105, 0], [0, 2853]]","[[190, 155], [166, 151]]"
disclosure_x_bias,11,init_knn1,kDN,log_loss,1.1776165189863505e-07,7.7348508335341055,1.0,0.5151741293532338,2.1367671735179318e-10,0.5294797785303951,0.0,0.033202332554105735,"[[3105, 0], [0, 2853]]","[[190, 155], [166, 151]]"
disclosure_x_bias,12,init_knn1,kDN,log_loss,1.1766572031789588e-07,7.735628551817102,1.0,0.5151741293532338,2.3105251821835034e-10,0.5294564341969128,0.0,0.033202332554105735,"[[3105, 0], [0, 2853]]","[[190, 155], [166, 151]]"
disclosure_x_bias,13,init_knn1,kDN,log_loss,1.1757424256753433e-07,7.735671366778902,1.0,0.5151741293532338,2.397916171804938e-10,0.529374429814951,0.0,0.033202332554105735,"[[3105, 0], [0, 2853]]","[[190, 155], [166, 151]]"
disclosure_x_bias,14,init_knn1,kDN,log_loss,1.1748526691842556e-07,7.7359724965332575,1.0,0.5151741293532338,2.496703371614732e-10,0.5293379951172053,0.0,0.033202332554105735,"[[3105, 0], [0, 2853]]","[[190, 155], [166, 151]]"
disclosure_x_bias,15,init_knn1,kDN,log_loss,1.1739828860823583e-07,7.73606617629422,1.0,0.5151741293532338,2.57371132310167e-10,0.5293024236143885,0.0,0.033202332554105735,"[[3105, 0], [0, 2853]]","[[190, 155], [166, 151]]"
disclosure_x_bias,16,init_knn1,kDN,log_loss,1.1731641759105769e-07,7.7362504041981905,1.0,0.5151741293532338,2.6347743395772157e-10,0.5294921334466753,0.0,0.033202332554105735,"[[3105, 0], [0, 2853]]","[[190, 155], [166, 151]]"
disclosure_x_bias,17,init_knn1,kDN,log_loss,1.1723491594754463e-07,7.7365979015400965,1.0,0.5151741293532338,2.682651592946476e-10,0.5295942345439053,0.0,0.033202332554105735,"[[3105, 0], [0, 2853]]","[[190, 155], [166, 151]]"
disclosure_x_bias,18,init_knn1,kDN,log_loss,1.1715792942102547e-07,7.736358576681641,1.0,0.5151741293532338,2.750530826342825e-10,0.529631225472375,0.0,0.033202332554105735,"[[3105, 0], [0, 2853]]","[[190, 155], [166, 151]]"
disclosure_x_bias,19,init_knn1,kDN,log_loss,1.1707634337170812e-07,7.73686611251978,1.0,0.5151741293532338,2.9104608482276133e-10,0.5296222637954301,0.0,0.033202332554105735,"[[3105, 0], [0, 2853]]","[[190, 155], [166, 151]]"
disclosure_x_bias,20,init_knn1,kDN,log_loss,1.1700371804375855e-07,7.737397182006964,1.0,0.5151741293532338,2.9729729035663114e-10,0.5297960747990738,0.0,0.033202332554105735,"[[3105, 0], [0, 2853]]","[[190, 155], [166, 151]]"
disclosure_x_bias,21,init_knn1,kDN,log_loss,1.1693413710533718e-07,7.7374466377204225,1.0,0.5151741293532338,3.035296935216249e-10,0.5296291884184343,0.0,0.033202332554105735,"[[3105, 0], [0, 2853]]","[[190, 155], [166, 151]]"
disclosure_x_bias,22,init_knn1,kDN,log_loss,1.1686456039329914e-07,7.7374488413632445,1.0,0.5151741293532338,3.0951943348332335e-10,0.5296751974795679,0.0,0.033202332554105735,"[[3105, 0], [0, 2853]]","[[190, 155], [166, 151]]"
disclosure_x_bias,23,init_knn1,kDN,log_loss,1.1679221133109156e-07,7.7375957516936635,1.0,0.5151741293532338,3.1618590380792203e-10,0.5298089561116381,0.0,0.033202332554105735,"[[3105, 0], [0, 2853]]","[[190, 155], [166, 151]]"
disclosure_x_bias,24,init_knn1,kDN,log_loss,1.1671837162542494e-07,7.7378056809847,1.0,0.5151741293532338,3.207970537227836e-10,0.5295381297377113,0.0,0.033202332554105735,"[[3105, 0], [0, 2853]]","[[190, 155], [166, 151]]"
disclosure_x_bias,25,init_knn1,kDN,log_loss,1.1664980248119482e-07,7.738092393669857,1.0,0.5151741293532338,3.2230627067038147e-10,0.5295548051986004,0.0,0.033202332554105735,"[[3105, 0], [0, 2853]]","[[190, 155], [166, 151]]"
disclosure_x_bias,26,init_knn1,kDN,log_loss,1.165775043150077e-07,7.738476211370698,1.0,0.5151741293532338,3.346166054651429e-10,0.5292946203188846,0.0,0.033202332554105735,"[[3105, 0], [0, 2853]]","[[190, 155], [166, 151]]"
disclosure_x_bias,27,init_knn1,kDN,log_loss,1.1651593873026035e-07,7.738594145160873,1.0,0.5151741293532338,3.4002208835768747e-10,0.529467765828562,0.0,0.033202332554105735,"[[3105, 0], [0, 2853]]","[[190, 155], [166, 151]]"
disclosure_x_bias,28,init_knn1,kDN,log_loss,1.164548695826424e-07,7.738560785057727,1.0,0.5151741293532338,3.4193345180736595e-10,0.52965268937499,0.0,0.033202332554105735,"[[3105, 0], [0, 2853]]","[[190, 155], [166, 151]]"
disclosure_x_bias,29,init_knn1,kDN,log_loss,1.1639641644924387e-07,7.738681720329855,1.0,0.5151741293532338,3.467918185761181e-10,0.5299835121280457,0.0,0.033202332554105735,"[[3105, 0], [0, 2853]]","[[190, 155], [166, 151]]"
disclosure_x_bias,30,init_knn1,kDN,log_loss,1.1633399911106448e-07,7.738545888189241,1.0,0.5151741293532338,3.5141918477553767e-10,0.5301847624858576,0.0,0.033202332554105735,"[[3105, 0], [0, 2853]]","[[190, 155], [166, 151]]"
disclosure_x_bias,31,init_knn1,kDN,log_loss,1.1627679197223618e-07,7.738709125975385,1.0,0.5151741293532338,3.532014058737961e-10,0.5301701928243061,0.0,0.033202332554105735,"[[3105, 0], [0, 2853]]","[[190, 155], [166, 151]]"
disclosure_x_bias,32,init_knn1,kDN,log_loss,1.1621795335653166e-07,7.738672213956957,1.0,0.5151741293532338,3.5911089881850866e-10,0.5302010504041389,0.0,0.033202332554105735,"[[3105, 0], [0, 2853]]","[[190, 155], [166, 151]]"
disclosure_x_bias,33,init_knn1,kDN,log_loss,1.1615630599197036e-07,7.738609717451152,1.0,0.5151741293532338,3.634790062918548e-10,0.5302177686678536,0.0,0.033202332554105735,"[[3105, 0], [0, 2853]]","[[190, 155], [166, 151]]"
disclosure_x_bias,34,init_knn1,kDN,log_loss,1.1610278839284716e-07,7.739064936704535,1.0,0.5151741293532338,3.66232405641416e-10,0.530542149609326,0.0,0.033202332554105735,"[[3105, 0], [0, 2853]]","[[190, 155], [166, 151]]"
disclosure_x_bias,35,init_knn1,kDN,log_loss,1.1604738671595373e-07,7.7391320602532305,1.0,0.5151741293532338,3.656936174389309e-10,0.530674819592825,0.0,0.033202332554105735,"[[3105, 0], [0, 2853]]","[[190, 155], [166, 151]]"
disclosure_x_bias,36,init_knn1,kDN,log_loss,1.1599309777923217e-07,7.739402662522027,1.0,0.5151741293532338,3.689967044368319e-10,0.5308056120177247,0.0,0.033202332554105735,"[[3105, 0], [0, 2853]]","[[190, 155], [166, 151]]"
disclosure_x_bias,37,init_knn1,kDN,log_loss,1.1594145549155352e-07,7.739463022909954,1.0,0.5151741293532338,3.720579861532098e-10,0.5308409512095722,0.0,0.033202332554105735,"[[3105, 0], [0, 2853]]","[[190, 155], [166, 151]]"
disclosure_x_bias,38,init_knn1,kDN,log_loss,1.158878309553985e-07,7.73945460689188,1.0,0.5151741293532338,3.708481650324754e-10,0.5308956661337291,0.0,0.033202332554105735,"[[3105, 0], [0, 2853]]","[[190, 155], [166, 151]]"
disclosure_x_bias,39,init_knn1,kDN,log_loss,1.1583360599101247e-07,7.739742143035332,1.0,0.5151741293532338,3.825416724833674e-10,0.5303166476803594,0.0,0.033202332554105735,"[[3105, 0], [0, 2853]]","[[190, 155], [166, 151]]"
disclosure_x_bias,40,init_knn1,kDN,log_loss,1.1578011195074476e-07,7.739902841243991,1.0,0.5151741293532338,3.9056636885105005e-10,0.5303933005798306,0.0,0.033202332554105735,"[[3105, 0], [0, 2853]]","[[190, 155], [166, 151]]"
disclosure_x_bias,41,init_knn1,kDN,log_loss,1.1573045955153513e-07,7.739865798352591,1.0,0.5151741293532338,3.896628658004785e-10,0.5307021755163663,0.0,0.033202332554105735,"[[3105, 0], [0, 2853]]","[[190, 155], [166, 151]]"
disclosure_x_bias,42,init_knn1,kDN,log_loss,1.1567825327658411e-07,7.739996835836787,1.0,0.5151741293532338,3.927322767825754e-10,0.5306264922740972,0.0,0.033202332554105735,"[[3105, 0], [0, 2853]]","[[190, 155], [166, 151]]"
disclosure_x_bias,43,init_knn1,kDN,log_loss,1.1563179612156659e-07,7.740001316672831,1.0,0.5151741293532338,3.929602685725245e-10,0.5307588341292616,0.0,0.033202332554105735,"[[3105, 0], [0, 2853]]","[[190, 155], [166, 151]]"
disclosure_x_bias,44,init_knn1,kDN,log_loss,1.1558192643950826e-07,7.739894221207935,1.0,0.5151741293532338,3.9732143610834976e-10,0.5307941407397341,0.0,0.033202332554105735,"[[3105, 0], [0, 2853]]","[[190, 155], [166, 151]]"
disclosure_x_bias,45,init_knn1,kDN,log_loss,1.1554001642111022e-07,7.7401984247785505,1.0,0.5151741293532338,3.98930524712332e-10,0.5307993958088394,0.0,0.033202332554105735,"[[3105, 0], [0, 2853]]","[[190, 155], [166, 151]]"
disclosure_x_bias,46,init_knn1,kDN,log_loss,1.1549341315859706e-07,7.74046227726415,1.0,0.5151741293532338,3.999038041705874e-10,0.530880607792129,0.0,0.033202332554105735,"[[3105, 0], [0, 2853]]","[[190, 155], [166, 151]]"
disclosure_x_bias,47,init_knn1,kDN,log_loss,1.154431447140136e-07,7.74087561882232,1.0,0.5151741293532338,4.100398150319257e-10,0.5308690760343803,0.0,0.033202332554105735,"[[3105, 0], [0, 2853]]","[[190, 155], [166, 151]]"
disclosure_x_bias,48,init_knn1,kDN,log_loss,1.1539771201898291e-07,7.740830790511157,1.0,0.5151741293532338,4.13610909692791e-10,0.5309504100455895,0.0,0.033202332554105735,"[[3105, 0], [0, 2853]]","[[190, 155], [166, 151]]"
disclosure_x_bias,49,init_knn1,kDN,log_loss,1.1535192036114556e-07,7.740855211405297,1.0,0.5151741293532338,4.142804370888062e-10,0.5310712120297368,0.0,0.033202332554105735,"[[3105, 0], [0, 2853]]","[[190, 155], [166, 151]]"
disclosure_x_bias,50,init_knn1,kDN,log_loss,1.1530639667759483e-07,7.740883447432607,1.0,0.5151741293532338,4.147727114973279e-10,0.5313156822553831,0.0,0.033202332554105735,"[[3105, 0], [0, 2853]]","[[190, 155], [166, 151]]"
disclosure_x_bias,51,init_knn1,kDN,log_loss,1.1526723683312029e-07,7.740867860134371,1.0,0.5151741293532338,4.152975588238323e-10,0.5313884509113143,0.0,0.033202332554105735,"[[3105, 0], [0, 2853]]","[[190, 155], [166, 151]]"
disclosure_x_bias,52,init_knn1,kDN,log_loss,1.1522753525028516e-07,7.741042289657034,1.0,0.5151741293532338,4.189792754575993e-10,0.5313230457929982,0.0,0.033202332554105735,"[[3105, 0], [0, 2853]]","[[190, 155], [166, 151]]"
disclosure_x_bias,53,init_knn1,kDN,log_loss,1.151864690617003e-07,7.741283175483193,1.0,0.5151741293532338,4.23273328321321e-10,0.5310220579246491,0.0,0.033202332554105735,"[[3105, 0], [0, 2853]]","[[190, 155], [166, 151]]"
disclosure_x_bias,54,init_knn1,kDN,log_loss,1.1514393642670195e-07,7.741650905061702,1.0,0.5151741293532338,4.213426132528737e-10,0.5308453635427915,0.0,0.033202332554105735,"[[3105, 0], [0, 2853]]","[[190, 155], [166, 151]]"
disclosure_x_bias,55,init_knn1,kDN,log_loss,1.1510555486917093e-07,7.741669545626218,1.0,0.5151741293532338,4.194981815056973e-10,0.5311147521230689,0.0,0.033202332554105735,"[[3105, 0], [0, 2853]]","[[190, 155], [166, 151]]"
disclosure_x_bias,56,init_knn1,kDN,log_loss,1.1506345023698271e-07,7.741572898207062,1.0,0.5151741293532338,4.198217124324698e-10,0.5311196887660605,0.0,0.033202332554105735,"[[3105, 0], [0, 2853]]","[[190, 155], [166, 151]]"
disclosure_x_bias,57,init_knn1,kDN,log_loss,1.1502756466432218e-07,7.741828378871537,1.0,0.5151741293532338,4.209626910733305e-10,0.5310130845744131,0.0,0.033202332554105735,"[[3105, 0], [0, 2853]]","[[190, 155], [166, 151]]"
disclosure_x_bias,58,init_knn1,kDN,log_loss,1.1498642454427678e-07,7.741835979394321,1.0,0.5151741293532338,4.223821298826545e-10,0.531053106281499,0.0,0.033202332554105735,"[[3105, 0], [0, 2853]]","[[190, 155], [166, 151]]"
disclosure_x_bias,59,init_knn1,kDN,log_loss,1.1494588784857851e-07,7.741840093457301,1.0,0.5151741293532338,4.2267447702034763e-10,0.5312240969930087,0.0,0.033202332554105735,"[[3105, 0], [0, 2853]]","[[190, 155], [166, 151]]"
disclosure_x_bias,60,init_knn1,kDN,log_loss,1.1490447015829101e-07,7.742038398548925,1.0,0.5151741293532338,4.2338452978614745e-10,0.5310753914791234,0.0,0.033202332554105735,"[[3105, 0], [0, 2853]]","[[190, 155], [166, 151]]"
disclosure_x_bias,61,init_knn1,kDN,log_loss,1.1486930729373525e-07,7.742236579497899,1.0,0.5151741293532338,4.2481718079903645e-10,0.5312981877830826,0.0,0.033202332554105735,"[[3105, 0], [0, 2853]]","[[190, 155], [166, 151]]"
disclosure_x_bias,62,init_knn1,kDN,log_loss,1.1483554914883228e-07,7.742378337428209,1.0,0.5151741293532338,4.2647253620279294e-10,0.5314283463094605,0.0,0.033202332554105735,"[[3105, 0], [0, 2853]]","[[190, 155], [166, 151]]"
disclosure_x_bias,63,init_knn1,kDN,log_loss,1.1480222773973115e-07,7.742493366624673,1.0,0.5151741293532338,4.27037151375786e-10,0.5311708636486795,0.0,0.033202332554105735,"[[3105, 0], [0, 2853]]","[[190, 155], [166, 151]]"
disclosure_x_bias,64,init_knn1,kDN,log_loss,1.1476692467904408e-07,7.742588442096431,1.0,0.5151741293532338,4.306339848827688e-10,0.5313685734823111,0.0,0.033202332554105735,"[[3105, 0], [0, 2853]]","[[190, 155], [166, 151]]"
disclosure_x_bias,65,init_knn1,kDN,log_loss,1.1472841160959244e-07,7.74304127626183,1.0,0.5151741293532338,4.448032238583642e-10,0.5310943844628612,0.0,0.033202332554105735,"[[3105, 0], [0, 2853]]","[[190, 155], [166, 151]]"
disclosure_x_bias,66,init_knn1,kDN,log_loss,1.1469422065296683e-07,7.742960165052797,1.0,0.5151741293532338,4.45163782184468e-10,0.5313862789772151,0.0,0.033202332554105735,"[[3105, 0], [0, 2853]]","[[190, 155], [166, 151]]"
disclosure_x_bias,67,init_knn1,kDN,log_loss,1.1466137379073932e-07,7.743160943026103,1.0,0.5151741293532338,4.465808315569898e-10,0.5312655026870978,0.0,0.033202332554105735,"[[3105, 0], [0, 2853]]","[[190, 155], [166, 151]]"
disclosure_x_bias,68,init_knn1,kDN,log_loss,1.1462782458737438e-07,7.743212723582056,1.0,0.5151741293532338,4.4921644119436183e-10,0.5310521023566614,0.0,0.033202332554105735,"[[3105, 0], [0, 2853]]","[[190, 155], [166, 151]]"
disclosure_x_bias,69,init_knn1,kDN,log_loss,1.1459428148335333e-07,7.743368969686062,1.0,0.5151741293532338,4.484358209613681e-10,0.5309262030198494,0.0,0.033202332554105735,"[[3105, 0], [0, 2853]]","[[190, 155], [166, 151]]"
disclosure_x_bias,70,init_knn1,kDN,log_loss,1.145611221275464e-07,7.743093412106687,1.0,0.5151741293532338,4.457100788311645e-10,0.5310078176988559,0.0,0.033202332554105735,"[[3105, 0], [0, 2853]]","[[190, 155], [166, 151]]"
disclosure_x_bias,71,init_knn1,kDN,log_loss,1.1452571705175178e-07,7.743411008423361,1.0,0.5151741293532338,4.4405796869991555e-10,0.5310969674510866,0.0,0.033202332554105735,"[[3105, 0], [0, 2853]]","[[190, 155], [166, 151]]"
disclosure_x_bias,72,init_knn1,kDN,log_loss,1.1448973845418112e-07,7.743293058493698,1.0,0.5151741293532338,4.4468253453132534e-10,0.5310203221468814,0.0,0.033202332554105735,"[[3105, 0], [0, 2853]]","[[190, 155], [166, 151]]"
disclosure_x_bias,73,init_knn1,kDN,log_loss,1.1445926191531713e-07,7.743412660457727,1.0,0.5151741293532338,4.4908680267702303e-10,0.5310824547312611,0.0,0.033202332554105735,"[[3105, 0], [0, 2853]]","[[190, 155], [166, 151]]"
disclosure_x_bias,74,init_knn1,kDN,log_loss,1.1442947111430669e-07,7.743363812443597,1.0,0.5151741293532338,4.5056046999726867e-10,0.5310706878072674,0.0,0.033202332554105735,"[[3105, 0], [0, 2853]]","[[190, 155], [166, 151]]"
disclosure_x_bias,75,init_knn1,kDN,log_loss,1.1440097389465154e-07,7.743470944631122,1.0,0.5151741293532338,4.5199067264755383e-10,0.5310958529320267,0.0,0.033202332554105735,"[[3105, 0], [0, 2853]]","[[190, 155], [166, 151]]"
disclosure_x_bias,76,init_knn1,kDN,log_loss,1.1436903116956038e-07,7.743449892581529,1.0,0.5151741293532338,4.5075662771562047e-10,0.5309818840961769,0.0,0.033202332554105735,"[[3105, 0], [0, 2853]]","[[190, 155], [166, 151]]"
disclosure_x_bias,77,init_knn1,kDN,log_loss,1.1433913726324841e-07,7.743499407258257,1.0,0.5151741293532338,4.50525999522402e-10,0.5312557038825219,0.0,0.033202332554105735,"[[3105, 0], [0, 2853]]","[[190, 155], [166, 151]]"
disclosure_x_bias,78,init_knn1,kDN,log_loss,1.1431161996088796e-07,7.743907201907069,1.0,0.5151741293532338,4.5133990032808184e-10,0.5310571348500054,0.0,0.033202332554105735,"[[3105, 0], [0, 2853]]","[[190, 155], [166, 151]]"
disclosure_x_bias,79,init_knn1,kDN,log_loss,1.1426989806382717e-07,7.74418567603319,1.0,0.5151741293532338,4.593074813939451e-10,0.5306546988466676,0.0,0.033202332554105735,"[[3105, 0], [0, 2853]]","[[190, 155], [166, 151]]"
disclosure_x_bias,80,init_knn1,kDN,log_loss,1.1423588431056411e-07,7.7441951594544705,1.0,0.5151741293532338,4.6380048621464967e-10,0.5307101662503007,0.0,0.033202332554105735,"[[3105, 0], [0, 2853]]","[[190, 155], [166, 151]]"
disclosure_x_bias,81,init_knn1,kDN,log_loss,1.1420745144743707e-07,7.74411258177336,1.0,0.5151741293532338,4.64850224302805e-10,0.5307155259352104,0.0,0.033202332554105735,"[[3105, 0], [0, 2853]]","[[190, 155], [166, 151]]"
disclosure_x_bias,82,init_knn1,kDN,log_loss,1.1417994277164935e-07,7.744100230887734,1.0,0.5151741293532338,4.655596667774135e-10,0.530730910898178,0.0,0.033202332554105735,"[[3105, 0], [0, 2853]]","[[190, 155], [166, 151]]"
disclosure_x_bias,83,init_knn1,kDN,log_loss,1.1415134872179328e-07,7.744225201262364,1.0,0.5151741293532338,4.669212267249759e-10,0.5306591825648201,0.0,0.033202332554105735,"[[3105, 0], [0, 2853]]","[[190, 155], [166, 151]]"
disclosure_x_bias,84,init_knn1,kDN,log_loss,1.1412371079544367e-07,7.744367858491984,1.0,0.5151741293532338,4.684871043812228e-10,0.5309107362621912,0.0,0.033202332554105735,"[[3105, 0], [0, 2853]]","[[190, 155], [166, 151]]"
disclosure_x_bias,85,init_knn1,kDN,log_loss,1.1409440170948218e-07,7.74432101917063,1.0,0.5151741293532338,4.739137480801162e-10,0.5307378008202247,0.0,0.033202332554105735,"[[3105, 0], [0, 2853]]","[[190, 155], [166, 151]]"
disclosure_x_bias,86,init_knn1,kDN,log_loss,1.1406660841033031e-07,7.744308489600551,1.0,0.5151741293532338,4.759771026539693e-10,0.5305589143811686,0.0,0.033202332554105735,"[[3105, 0], [0, 2853]]","[[190, 155], [166, 151]]"
disclosure_x_bias,87,init_knn1,kDN,log_loss,1.1403773291273828e-07,7.744387445011964,1.0,0.5151741293532338,4.732373146962741e-10,0.5306997359309265,0.0,0.033202332554105735,"[[3105, 0], [0, 2853]]","[[190, 155], [166, 151]]"
disclosure_x_bias,88,init_knn1,kDN,log_loss,1.1401107733479331e-07,7.74446624124145,1.0,0.5151741293532338,4.736149309587483e-10,0.5309225127616155,0.0,0.033202332554105735,"[[3105, 0], [0, 2853]]","[[190, 155], [166, 151]]"
disclosure_x_bias,89,init_knn1,kDN,log_loss,1.1398266183701102e-07,7.744328353616963,1.0,0.5151741293532338,4.752381086113116e-10,0.530936891085691,0.0,0.033202332554105735,"[[3105, 0], [0, 2853]]","[[190, 155], [166, 151]]"
disclosure_x_bias,90,init_knn1,kDN,log_loss,1.1395283162431253e-07,7.744543785528352,1.0,0.5151741293532338,4.749102941389217e-10,0.530612649690962,0.0,0.033202332554105735,"[[3105, 0], [0, 2853]]","[[190, 155], [166, 151]]"
disclosure_x_bias,91,init_knn1,kDN,log_loss,1.1392686262854158e-07,7.744638495645903,1.0,0.5151741293532338,4.754208276929737e-10,0.530658176197921,0.0,0.033202332554105735,"[[3105, 0], [0, 2853]]","[[190, 155], [166, 151]]"
disclosure_x_bias,92,init_knn1,kDN,log_loss,1.1390000205238385e-07,7.744658391286656,1.0,0.5151741293532338,4.715913433020079e-10,0.5306790619200757,0.0,0.033202332554105735,"[[3105, 0], [0, 2853]]","[[190, 155], [166, 151]]"
disclosure_x_bias,93,init_knn1,kDN,log_loss,1.1387523420531026e-07,7.745077262591133,1.0,0.5151741293532338,4.733292570059005e-10,0.5305276762269135,0.0,0.033202332554105735,"[[3105, 0], [0, 2853]]","[[190, 155], [166, 151]]"
disclosure_x_bias,94,init_knn1,kDN,log_loss,1.1384740781840757e-07,7.744941317561486,1.0,0.5151741293532338,4.795346912012989e-10,0.5305982064496239,0.0,0.033202332554105735,"[[3105, 0], [0, 2853]]","[[190, 155], [166, 151]]"
disclosure_x_bias,95,init_knn1,kDN,log_loss,1.1382496822998897e-07,7.7450242188516825,1.0,0.5151741293532338,4.810205989576127e-10,0.5308168646444456,0.0,0.033202332554105735,"[[3105, 0], [0, 2853]]","[[190, 155], [166, 151]]"
disclosure_x_bias,96,init_knn1,kDN,log_loss,1.1379930216668741e-07,7.744876801077245,1.0,0.5151741293532338,4.806490337051976e-10,0.5307938383146569,0.0,0.033202332554105735,"[[3105, 0], [0, 2853]]","[[190, 155], [166, 151]]"
disclosure_x_bias,97,init_knn1,kDN,log_loss,1.1377281780317242e-07,7.745055236541444,1.0,0.5151741293532338,4.801233074104522e-10,0.530836132886054,0.0,0.033202332554105735,"[[3105, 0], [0, 2853]]","[[190, 155], [166, 151]]"
disclosure_x_bias,98,init_knn1,kDN,log_loss,1.1374560417404884e-07,7.745226238969698,1.0,0.5151741293532338,4.791734300918997e-10,0.5308607816279185,0.0,0.033202332554105735,"[[3105, 0], [0, 2853]]","[[190, 155], [166, 151]]"
disclosure_x_bias,99,init_knn1,kDN,log_loss,1.1372168268994693e-07,7.745252630671791,1.0,0.5151741293532338,4.798419967217379e-10,0.531047304744841,0.0,0.033202332554105735,"[[3105, 0], [0, 2853]]","[[190, 155], [166, 151]]"
disclosure_x_bias,100,init_knn1,kDN,log_loss,1.1369508787478443e-07,7.7452174369367786,1.0,0.5151741293532338,4.803528021973768e-10,0.5309000906498261,0.0,0.033202332554105735,"[[3105, 0], [0, 2853]]","[[190, 155], [166, 151]]"
disclosure_x_bias,101,init_knn1,kDN,log_loss,1.1366942739698082e-07,7.7451681742951966,1.0,0.5151741293532338,4.798775742984365e-10,0.5307768657339151,0.0,0.033202332554105735,"[[3105, 0], [0, 2853]]","[[190, 155], [166, 151]]"
disclosure_x_bias,102,init_knn1,kDN,log_loss,1.1363956998966769e-07,7.745537392380163,1.0,0.5151741293532338,4.85790189042251e-10,0.5305737488822715,0.0,0.033202332554105735,"[[3105, 0], [0, 2853]]","[[190, 155], [166, 151]]"
disclosure_x_bias,103,init_knn1,kDN,log_loss,1.1361476841440799e-07,7.745708590186213,1.0,0.5151741293532338,4.853689938534356e-10,0.5306971855317009,0.0,0.033202332554105735,"[[3105, 0], [0, 2853]]","[[190, 155], [166, 151]]"
disclosure_x_bias,104,init_knn1,kDN,log_loss,1.135867259638173e-07,7.74561402465554,1.0,0.5151741293532338,4.873271901151462e-10,0.5307271025848155,0.0,0.033202332554105735,"[[3105, 0], [0, 2853]]","[[190, 155], [166, 151]]"
disclosure_x_bias,105,init_knn1,kDN,log_loss,1.1356499664951362e-07,7.745641256003071,1.0,0.5151741293532338,4.873272357231878e-10,0.5307516393368907,0.0,0.033202332554105735,"[[3105, 0], [0, 2853]]","[[190, 155], [166, 151]]"
disclosure_x_bias,106,init_knn1,kDN,log_loss,1.1354430196441894e-07,7.745636403788569,1.0,0.5151741293532338,4.875456678540433e-10,0.5305740894197633,0.0,0.033202332554105735,"[[3105, 0], [0, 2853]]","[[190, 155], [166, 151]]"
disclosure_x_bias,107,init_knn1,kDN,log_loss,1.1352277630799938e-07,7.745900952673409,1.0,0.5151741293532338,4.878098128329747e-10,0.5304918332891879,0.0,0.033202332554105735,"[[3105, 0], [0, 2853]]","[[190, 155], [166, 151]]"
disclosure_x_bias,108,init_knn1,kDN,log_loss,1.1349982646006879e-07,7.746143610282258,1.0,0.5151741293532338,4.884205251885084e-10,0.5304200841307736,0.0,0.033202332554105735,"[[3105, 0], [0, 2853]]","[[190, 155], [166, 151]]"
disclosure_x_bias,109,init_knn1,kDN,log_loss,1.1347521937710953e-07,7.7463082978827655,1.0,0.5151741293532338,4.924917664528557e-10,0.53043241481295,0.0,0.033202332554105735,"[[3105, 0], [0, 2853]]","[[190, 155], [166, 151]]"
disclosure_x_bias,110,init_knn1,kDN,log_loss,1.134527095441149e-07,7.746430751684993,1.0,0.5151741293532338,4.928795893200501e-10,0.5305232513749492,0.0,0.033202332554105735,"[[3105, 0], [0, 2853]]","[[190, 155], [166, 151]]"
disclosure_x_bias,111,init_knn1,kDN,log_loss,1.1342950561246136e-07,7.746647134369749,1.0,0.5151741293532338,4.977407695282575e-10,0.5303176470639317,0.0,0.033202332554105735,"[[3105, 0], [0, 2853]]","[[190, 155], [166, 151]]"
disclosure_x_bias,112,init_knn1,kDN,log_loss,1.1340712395355339e-07,7.746728073831212,1.0,0.5151741293532338,4.962672213892151e-10,0.5303227884845325,0.0,0.033202332554105735,"[[3105, 0], [0, 2853]]","[[190, 155], [166, 151]]"
disclosure_x_bias,113,init_knn1,kDN,log_loss,1.1338565371937798e-07,7.746764887885824,1.0,0.5151741293532338,4.96034219295965e-10,0.530535644907824,0.0,0.033202332554105735,"[[3105, 0], [0, 2853]]","[[190, 155], [166, 151]]"
disclosure_x_bias,114,init_knn1,kDN,log_loss,1.1336640026969572e-07,7.746728351274035,1.0,0.5151741293532338,4.9708412179292e-10,0.5304341466961973,0.0,0.033202332554105735,"[[3105, 0], [0, 2853]]","[[190, 155], [166, 151]]"
disclosure_x_bias,115,init_knn1,kDN,log_loss,1.1334418737594787e-07,7.746683874849053,1.0,0.5151741293532338,5.006102564025311e-10,0.5305918171935673,0.0,0.033202332554105735,"[[3105, 0], [0, 2853]]","[[190, 155], [166, 151]]"
disclosure_x_bias,116,init_knn1,kDN,log_loss,1.133233658665988e-07,7.746788423750199,1.0,0.5151741293532338,5.007345483086175e-10,0.5308843849712287,0.0,0.033202332554105735,"[[3105, 0], [0, 2853]]","[[190, 155], [166, 151]]"
disclosure_x_bias,117,init_knn1,kDN,log_loss,1.1330398743017334e-07,7.746877184092251,1.0,0.5151741293532338,5.013604785861878e-10,0.5306627670651474,0.0,0.033202332554105735,"[[3105, 0], [0, 2853]]","[[190, 155], [166, 151]]"
disclosure_x_bias,118,init_knn1,kDN,log_loss,1.1328202066151149e-07,7.74689320275313,1.0,0.5151741293532338,5.013550678474533e-10,0.5307017964109007,0.0,0.033202332554105735,"[[3105, 0], [0, 2853]]","[[190, 155], [166, 151]]"
disclosure_x_bias,119,init_knn1,kDN,log_loss,1.1326020806352502e-07,7.746973972843111,1.0,0.5151741293532338,5.011608439571204e-10,0.5307354726308867,0.0,0.033202332554105735,"[[3105, 0], [0, 2853]]","[[190, 155], [166, 151]]"
disclosure_x_bias,120,init_knn1,kDN,log_loss,1.1323615605261773e-07,7.747067773433166,1.0,0.5151741293532338,4.989963457214793e-10,0.5309314648234026,0.0,0.033202332554105735,"[[3105, 0], [0, 2853]]","[[190, 155], [166, 151]]"
disclosure_x_bias,121,init_knn1,kDN,log_loss,1.1321077169507588e-07,7.747057230568591,1.0,0.5151741293532338,5.023674420334971e-10,0.5311207011501262,0.0,0.033202332554105735,"[[3105, 0], [0, 2853]]","[[190, 155], [166, 151]]"
disclosure_x_bias,122,init_knn1,kDN,log_loss,1.1318849606321581e-07,7.7470484348822195,1.0,0.5151741293532338,5.044523631006662e-10,0.5310764312466438,0.0,0.033202332554105735,"[[3105, 0], [0, 2853]]","[[190, 155], [166, 151]]"
disclosure_x_bias,123,init_knn1,kDN,log_loss,1.1316881501329438e-07,7.747073014738794,1.0,0.5151741293532338,5.037044529382294e-10,0.5312021127682114,0.0,0.033202332554105735,"[[3105, 0], [0, 2853]]","[[190, 155], [166, 151]]"
disclosure_x_bias,124,init_knn1,kDN,log_loss,1.1314785390772905e-07,7.747115860728132,1.0,0.5151741293532338,5.034944458749586e-10,0.531296622255588,0.0,0.033202332554105735,"[[3105, 0], [0, 2853]]","[[190, 155], [166, 151]]"
disclosure_x_bias,125,init_knn1,kDN,log_loss,1.1312913011022364e-07,7.7471926136011735,1.0,0.5151741293532338,5.039563846827386e-10,0.5313209916675237,0.0,0.033202332554105735,"[[3105, 0], [0, 2853]]","[[190, 155], [166, 151]]"
disclosure_x_bias,126,init_knn1,kDN,log_loss,1.1311103997320897e-07,7.74726432584824,1.0,0.5151741293532338,5.045501782510162e-10,0.5314320109591611,0.0,0.033202332554105735,"[[3105, 0], [0, 2853]]","[[190, 155], [166, 151]]"
disclosure_x_bias,127,init_knn1,kDN,log_loss,1.1309241872704591e-07,7.747122208575464,1.0,0.5151741293532338,5.045709768433762e-10,0.531385259248661,0.0,0.033202332554105735,"[[3105, 0], [0, 2853]]","[[190, 155], [166, 151]]"
disclosure_x_bias,128,init_knn1,kDN,log_loss,1.1307370242236133e-07,7.747169047323919,1.0,0.5151741293532338,5.048109737341633e-10,0.5313109263961748,0.0,0.033202332554105735,"[[3105, 0], [0, 2853]]","[[190, 155], [166, 151]]"
disclosure_x_bias,129,init_knn1,kDN,log_loss,1.1305475056067114e-07,7.746941091392772,1.0,0.5151741293532338,5.043782354270734e-10,0.531312411659159,0.0,0.033202332554105735,"[[3105, 0], [0, 2853]]","[[190, 155], [166, 151]]"
disclosure_x_bias,130,init_knn1,kDN,log_loss,1.1303293027971361e-07,7.746931081706267,1.0,0.5151741293532338,4.99086669814921e-10,0.5311760062448081,0.0,0.033202332554105735,"[[3105, 0], [0, 2853]]","[[190, 155], [166, 151]]"
disclosure_x_bias,131,init_knn1,kDN,log_loss,1.1301240152091794e-07,7.7470321874188866,1.0,0.5151741293532338,4.982802182813688e-10,0.5314353873237332,0.0,0.033202332554105735,"[[3105, 0], [0, 2853]]","[[190, 155], [166, 151]]"
disclosure_x_bias,132,init_knn1,kDN,log_loss,1.1299186529837675e-07,7.747013660639792,1.0,0.5151741293532338,4.972488960307433e-10,0.5313868890785299,0.0,0.033202332554105735,"[[3105, 0], [0, 2853]]","[[190, 155], [166, 151]]"
disclosure_x_bias,133,init_knn1,kDN,log_loss,1.1297085287699351e-07,7.74717008268162,1.0,0.5151741293532338,4.97295214958437e-10,0.5313901292216965,0.0,0.033202332554105735,"[[3105, 0], [0, 2853]]","[[190, 155], [166, 151]]"
disclosure_x_bias,134,init_knn1,kDN,log_loss,1.1295142218703643e-07,7.746969577248743,1.0,0.5151741293532338,4.98332497545768e-10,0.5313380264966967,0.0,0.033202332554105735,"[[3105, 0], [0, 2853]]","[[190, 155], [166, 151]]"
disclosure_x_bias,135,init_knn1,kDN,log_loss,1.1292597551899113e-07,7.746910041384503,1.0,0.5151741293532338,5.019720781185939e-10,0.5314311483459311,0.0,0.033202332554105735,"[[3105, 0], [0, 2853]]","[[190, 155], [166, 151]]"
disclosure_x_bias,136,init_knn1,kDN,log_loss,1.1290684192407188e-07,7.747119537063389,1.0,0.5151741293532338,5.01405650118775e-10,0.5315470093468679,0.0,0.033202332554105735,"[[3105, 0], [0, 2853]]","[[190, 155], [166, 151]]"
disclosure_x_bias,137,init_knn1,kDN,log_loss,1.128837838268134e-07,7.747301704764228,1.0,0.5151741293532338,5.101506163947361e-10,0.5312549343600509,0.0,0.033202332554105735,"[[3105, 0], [0, 2853]]","[[190, 155], [166, 151]]"
disclosure_x_bias,138,init_knn1,kDN,log_loss,1.1286615776392045e-07,7.7473536207993146,1.0,0.5151741293532338,5.104580231272127e-10,0.5313970571629648,0.0,0.033202332554105735,"[[3105, 0], [0, 2853]]","[[190, 155], [166, 151]]"
disclosure_x_bias,139,init_knn1,kDN,log_loss,1.1284600116211478e-07,7.747362637296521,1.0,0.5151741293532338,5.110021145191073e-10,0.530995767921327,0.0,0.033202332554105735,"[[3105, 0], [0, 2853]]","[[190, 155], [166, 151]]"
disclosure_x_bias,140,init_knn1,kDN,log_loss,1.1282701406922531e-07,7.747427138235146,1.0,0.5151741293532338,5.114747697615241e-10,0.5312922768945472,0.0,0.033202332554105735,"[[3105, 0], [0, 2853]]","[[190, 155], [166, 151]]"
disclosure_x_bias,141,init_knn1,kDN,log_loss,1.1280965915591465e-07,7.747276613970247,1.0,0.5151741293532338,5.114501815155084e-10,0.5312373047497353,0.0,0.033202332554105735,"[[3105, 0], [0, 2853]]","[[190, 155], [166, 151]]"
disclosure_x_bias,142,init_knn1,kDN,log_loss,1.1278985330922877e-07,7.747370428243282,1.0,0.5151741293532338,5.109730955661247e-10,0.5313404446986753,0.0,0.033202332554105735,"[[3105, 0], [0, 2853]]","[[190, 155], [166, 151]]"
disclosure_x_bias,143,init_knn1,kDN,log_loss,1.1277247987343562e-07,7.747382519620366,1.0,0.5151741293532338,5.111248156709243e-10,0.5312324702709097,0.0,0.033202332554105735,"[[3105, 0], [0, 2853]]","[[190, 155], [166, 151]]"
disclosure_x_bias,144,init_knn1,kDN,log_loss,1.1275426896841572e-07,7.74746145522266,1.0,0.5151741293532338,5.118785265935402e-10,0.5313814130886728,0.0,0.033202332554105735,"[[3105, 0], [0, 2853]]","[[190, 155], [166, 151]]"
disclosure_x_bias,145,init_knn1,kDN,log_loss,1.1273292353903677e-07,7.747395898144077,1.0,0.5151741293532338,5.084677329294498e-10,0.5312497298458806,0.0,0.033202332554105735,"[[3105, 0], [0, 2853]]","[[190, 155], [166, 151]]"
disclosure_x_bias,146,init_knn1,kDN,log_loss,1.1271161141125022e-07,7.747290606850631,1.0,0.5151741293532338,5.124386658578414e-10,0.5315985652037919,0.0,0.033202332554105735,"[[3105, 0], [0, 2853]]","[[190, 155], [166, 151]]"
disclosure_x_bias,147,init_knn1,kDN,log_loss,1.1269240612014543e-07,7.747268623288818,1.0,0.5151741293532338,5.164713626059988e-10,0.5315661822094475,0.0,0.033202332554105735,"[[3105, 0], [0, 2853]]","[[190, 155], [166, 151]]"
disclosure_x_bias,148,init_knn1,kDN,log_loss,1.1267555866337195e-07,7.747394243624152,1.0,0.5151741293532338,5.162905059517181e-10,0.5316651896436169,0.0,0.033202332554105735,"[[3105, 0], [0, 2853]]","[[190, 155], [166, 151]]"
disclosure_x_bias,149,init_knn1,kDN,log_loss,1.1265658892907528e-07,7.7474695165918375,1.0,0.5151741293532338,5.149161541985766e-10,0.5316164929956803,0.0,0.033202332554105735,"[[3105, 0], [0, 2853]]","[[190, 155], [166, 151]]"
disclosure_x_bias,150,init_knn1,kDN,log_loss,1.1263450917505134e-07,7.747395337088956,1.0,0.5151741293532338,5.133251658059871e-10,0.5315832203160775,0.0,0.033202332554105735,"[[3105, 0], [0, 2853]]","[[190, 155], [166, 151]]"
disclosure_x_bias,151,init_knn1,kDN,log_loss,1.1261605662011409e-07,7.747523379039757,1.0,0.5151741293532338,5.123224834221831e-10,0.5315660462150356,0.0,0.033202332554105735,"[[3105, 0], [0, 2853]]","[[190, 155], [166, 151]]"
disclosure_x_bias,152,init_knn1,kDN,log_loss,1.1259784070897662e-07,7.747556397960119,1.0,0.5151741293532338,5.113161532211795e-10,0.5316600955841452,0.0,0.033202332554105735,"[[3105, 0], [0, 2853]]","[[190, 155], [166, 151]]"
disclosure_x_bias,153,init_knn1,kDN,log_loss,1.1257874301905633e-07,7.747698139194496,1.0,0.5151741293532338,5.089725887543059e-10,0.5316791027572035,0.0,0.033202332554105735,"[[3105, 0], [0, 2853]]","[[190, 155], [166, 151]]"
disclosure_x_bias,154,init_knn1,kDN,log_loss,1.1256100351784313e-07,7.7479277601806285,1.0,0.5151741293532338,5.086696102902734e-10,0.5318378056137627,0.0,0.033202332554105735,"[[3105, 0], [0, 2853]]","[[190, 155], [166, 151]]"
disclosure_x_bias,155,init_knn1,kDN,log_loss,1.1254437819789805e-07,7.747785970368445,1.0,0.5151741293532338,5.093433169600007e-10,0.5317664330773405,0.0,0.033202332554105735,"[[3105, 0], [0, 2853]]","[[190, 155], [166, 151]]"
disclosure_x_bias,156,init_knn1,kDN,log_loss,1.1252621678531614e-07,7.7478275757711215,1.0,0.5151741293532338,5.094275815294697e-10,0.531811290599654,0.0,0.033202332554105735,"[[3105, 0], [0, 2853]]","[[190, 155], [166, 151]]"
disclosure_x_bias,157,init_knn1,kDN,log_loss,1.1250884716159548e-07,7.747850150347871,1.0,0.5151741293532338,5.105752652329893e-10,0.531943423483878,0.0,0.033202332554105735,"[[3105, 0], [0, 2853]]","[[190, 155], [166, 151]]"
disclosure_x_bias,158,init_knn1,kDN,log_loss,1.1248989328243299e-07,7.747769669044457,1.0,0.5151741293532338,5.115027725759181e-10,0.5318439790896744,0.0,0.033202332554105735,"[[3105, 0], [0, 2853]]","[[190, 155], [166, 151]]"
disclosure_x_bias,159,init_knn1,kDN,log_loss,1.1247148670381854e-07,7.747761094390327,1.0,0.5151741293532338,5.112317216526871e-10,0.5319233977512516,0.0,0.033202332554105735,"[[3105, 0], [0, 2853]]","[[190, 155], [166, 151]]"
disclosure_x_bias,160,init_knn1,kDN,log_loss,1.1245226051919175e-07,7.747830595734472,1.0,0.5151741293532338,5.110455297640964e-10,0.5319044800196123,0.0,0.033202332554105735,"[[3105, 0], [0, 2853]]","[[190, 155], [166, 151]]"
disclosure_x_bias,161,init_knn1,kDN,log_loss,1.1243575228241867e-07,7.747881305372793,1.0,0.5151741293532338,5.107675876567203e-10,0.5319442113408456,0.0,0.033202332554105735,"[[3105, 0], [0, 2853]]","[[190, 155], [166, 151]]"
disclosure_x_bias,162,init_knn1,kDN,log_loss,1.1241920147936036e-07,7.7479013954591025,1.0,0.5151741293532338,5.107301566560944e-10,0.5320437770865157,0.0,0.033202332554105735,"[[3105, 0], [0, 2853]]","[[190, 155], [166, 151]]"
disclosure_x_bias,163,init_knn1,kDN,log_loss,1.1240045116868162e-07,7.7479065972497505,1.0,0.5151741293532338,5.145398058933452e-10,0.5321415948218933,0.0,0.033202332554105735,"[[3105, 0], [0, 2853]]","[[190, 155], [166, 151]]"
disclosure_x_bias,164,init_knn1,kDN,log_loss,1.1238425749693411e-07,7.748022794844507,1.0,0.5151741293532338,5.144366954492369e-10,0.5321722561976588,0.0,0.033202332554105735,"[[3105, 0], [0, 2853]]","[[190, 155], [166, 151]]"
disclosure_x_bias,165,init_knn1,kDN,log_loss,1.1236813366469315e-07,7.74785787214868,1.0,0.5151741293532338,5.144386247787983e-10,0.5321650202123135,0.0,0.033202332554105735,"[[3105, 0], [0, 2853]]","[[190, 155], [166, 151]]"
disclosure_x_bias,166,init_knn1,kDN,log_loss,1.12347282617356e-07,7.747906866116189,1.0,0.5151741293532338,5.12234422685119e-10,0.5320512031698005,0.0,0.033202332554105735,"[[3105, 0], [0, 2853]]","[[190, 155], [166, 151]]"
disclosure_x_bias,167,init_knn1,kDN,log_loss,1.1233135106196062e-07,7.74790532146424,1.0,0.5151741293532338,5.123043232104133e-10,0.5319374559551938,0.0,0.033202332554105735,"[[3105, 0], [0, 2853]]","[[190, 155], [166, 151]]"
disclosure_x_bias,168,init_knn1,kDN,log_loss,1.123148640067154e-07,7.748058690361726,1.0,0.5151741293532338,5.124259333417702e-10,0.5316700810417109,0.0,0.033202332554105735,"[[3105, 0], [0, 2853]]","[[190, 155], [166, 151]]"
disclosure_x_bias,169,init_knn1,kDN,log_loss,1.1229905006975638e-07,7.7480924547996395,1.0,0.5151741293532338,5.12248913091632e-10,0.5318233347156769,0.0,0.033202332554105735,"[[3105, 0], [0, 2853]]","[[190, 155], [166, 151]]"
disclosure_x_bias,170,init_knn1,kDN,log_loss,1.1228108170904003e-07,7.74807478180153,1.0,0.5151741293532338,5.108450855805592e-10,0.5316362039230973,0.0,0.033202332554105735,"[[3105, 0], [0, 2853]]","[[190, 155], [166, 151]]"
disclosure_x_bias,171,init_knn1,kDN,log_loss,1.1226475668987422e-07,7.7482726274194444,1.0,0.5151741293532338,5.11347405101897e-10,0.5318944872506803,0.0,0.033202332554105735,"[[3105, 0], [0, 2853]]","[[190, 155], [166, 151]]"
disclosure_x_bias,172,init_knn1,kDN,log_loss,1.1224853323547122e-07,7.748058004408655,1.0,0.5151741293532338,5.11852099604939e-10,0.531784118210965,0.0,0.033202332554105735,"[[3105, 0], [0, 2853]]","[[190, 155], [166, 151]]"
disclosure_x_bias,173,init_knn1,kDN,log_loss,1.1222902261065054e-07,7.748210660408253,1.0,0.5151741293532338,5.113839031017665e-10,0.5318198686010882,0.0,0.033202332554105735,"[[3105, 0], [0, 2853]]","[[190, 155], [166, 151]]"
disclosure_x_bias,174,init_knn1,kDN,log_loss,1.1221253181675113e-07,7.748117922032367,1.0,0.5151741293532338,5.110856670411869e-10,0.5319376286859732,0.0,0.033202332554105735,"[[3105, 0], [0, 2853]]","[[190, 155], [166, 151]]"
disclosure_x_bias,175,init_knn1,kDN,log_loss,1.1219673840656807e-07,7.748145788068891,1.0,0.5151741293532338,5.108872630382709e-10,0.5318831258571632,0.0,0.033202332554105735,"[[3105, 0], [0, 2853]]","[[190, 155], [166, 151]]"
disclosure_x_bias,176,init_knn1,kDN,log_loss,1.1217934217120031e-07,7.7480894371799565,1.0,0.5151741293532338,5.095050438856463e-10,0.531850909107042,0.0,0.033202332554105735,"[[3105, 0], [0, 2853]]","[[190, 155], [166, 151]]"
disclosure_x_bias,177,init_knn1,kDN,log_loss,1.1216320469343385e-07,7.748219394038213,1.0,0.5151741293532338,5.092782124727448e-10,0.5319162096898361,0.0,0.033202332554105735,"[[3105, 0], [0, 2853]]","[[190, 155], [166, 151]]"
disclosure_x_bias,178,init_knn1,kDN,log_loss,1.1214508894868718e-07,7.748314048526579,1.0,0.5151741293532338,5.110052874856269e-10,0.531845910786144,0.0,0.033202332554105735,"[[3105, 0], [0, 2853]]","[[190, 155], [166, 151]]"
disclosure_x_bias,179,init_knn1,kDN,log_loss,1.1212657036526367e-07,7.748356632590308,1.0,0.5151741293532338,5.123016398824207e-10,0.5319613765972028,0.0,0.033202332554105735,"[[3105, 0], [0, 2853]]","[[190, 155], [166, 151]]"
disclosure_x_bias,180,init_knn1,kDN,log_loss,1.1210914275164597e-07,7.748422758791523,1.0,0.5151741293532338,5.129435344389018e-10,0.5319494882822006,0.0,0.033202332554105735,"[[3105, 0], [0, 2853]]","[[190, 155], [166, 151]]"
disclosure_x_bias,181,init_knn1,kDN,log_loss,1.1209374578981389e-07,7.748544162707974,1.0,0.5151741293532338,5.130935190522234e-10,0.5320980759425916,0.0,0.033202332554105735,"[[3105, 0], [0, 2853]]","[[190, 155], [166, 151]]"
disclosure_x_bias,182,init_knn1,kDN,log_loss,1.1207712041406118e-07,7.74845768378824,1.0,0.5151741293532338,5.110484319678508e-10,0.5319918809921923,0.0,0.033202332554105735,"[[3105, 0], [0, 2853]]","[[190, 155], [166, 151]]"
disclosure_x_bias,183,init_knn1,kDN,log_loss,1.1206203102679956e-07,7.7486725814478365,1.0,0.5151741293532338,5.11634222501743e-10,0.5321568187135924,0.0,0.033202332554105735,"[[3105, 0], [0, 2853]]","[[190, 155], [166, 151]]"
disclosure_x_bias,184,init_knn1,kDN,log_loss,1.1204533327007083e-07,7.748603654479888,1.0,0.5151741293532338,5.125880787062105e-10,0.5321046418627624,0.0,0.033202332554105735,"[[3105, 0], [0, 2853]]","[[190, 155], [166, 151]]"
disclosure_x_bias,185,init_knn1,kDN,log_loss,1.1203045626692122e-07,7.748608806800331,1.0,0.5151741293532338,5.129082638506666e-10,0.5321826299733661,0.0,0.033202332554105735,"[[3105, 0], [0, 2853]]","[[190, 155], [166, 151]]"
disclosure_x_bias,186,init_knn1,kDN,log_loss,1.1201540806156168e-07,7.748566179705648,1.0,0.5151741293532338,5.134530517683905e-10,0.5322762448167789,0.0,0.033202332554105735,"[[3105, 0], [0, 2853]]","[[190, 155], [166, 151]]"
disclosure_x_bias,187,init_knn1,kDN,log_loss,1.1199674634537345e-07,7.749028968005824,1.0,0.5151741293532338,5.227245618866993e-10,0.5321332445368631,0.0,0.033202332554105735,"[[3105, 0], [0, 2853]]","[[190, 155], [166, 151]]"
disclosure_x_bias,188,init_knn1,kDN,log_loss,1.119817080658275e-07,7.74885680588889,1.0,0.5151741293532338,5.22894936692407e-10,0.5321109165664574,0.0,0.033202332554105735,"[[3105, 0], [0, 2853]]","[[190, 155], [166, 151]]"
disclosure_x_bias,189,init_knn1,kDN,log_loss,1.1196244839707845e-07,7.748854040356544,1.0,0.5151741293532338,5.180876801503453e-10,0.532215160067635,0.0,0.033202332554105735,"[[3105, 0], [0, 2853]]","[[190, 155], [166, 151]]"
disclosure_x_bias,190,init_knn1,kDN,log_loss,1.1194535302589272e-07,7.748915590201564,1.0,0.5151741293532338,5.162489612849978e-10,0.5322106924468084,0.0,0.033202332554105735,"[[3105, 0], [0, 2853]]","[[190, 155], [166, 151]]"
disclosure_x_bias,191,init_knn1,kDN,log_loss,1.1192854982323622e-07,7.749013531592402,1.0,0.5151741293532338,5.175906890873266e-10,0.5323610201017175,0.0,0.033202332554105735,"[[3105, 0], [0, 2853]]","[[190, 155], [166, 151]]"
disclosure_x_bias,192,init_knn1,kDN,log_loss,1.1191347930753615e-07,7.748784996724474,1.0,0.5151741293532338,5.182238908371039e-10,0.5322611034148965,0.0,0.033202332554105735,"[[3105, 0], [0, 2853]]","[[190, 155], [166, 151]]"
disclosure_x_bias,193,init_knn1,kDN,log_loss,1.118989097957157e-07,7.748996182071904,1.0,0.5151741293532338,5.182852856921693e-10,0.5323082517044071,0.0,0.033202332554105735,"[[3105, 0], [0, 2853]]","[[190, 155], [166, 151]]"
disclosure_x_bias,194,init_knn1,kDN,log_loss,1.1188357761422536e-07,7.748925462218997,1.0,0.5151741293532338,5.176007522227101e-10,0.5323268163682812,0.0,0.033202332554105735,"[[3105, 0], [0, 2853]]","[[190, 155], [166, 151]]"
disclosure_x_bias,195,init_knn1,kDN,log_loss,1.1186772163451251e-07,7.7490767866814085,1.0,0.5151741293532338,5.175960199583681e-10,0.5322789841522038,0.0,0.033202332554105735,"[[3105, 0], [0, 2853]]","[[190, 155], [166, 151]]"
disclosure_x_bias,196,init_knn1,kDN,log_loss,1.1185144304355975e-07,7.748948676194422,1.0,0.5151741293532338,5.171586951392492e-10,0.5322851725571124,0.0,0.033202332554105735,"[[3105, 0], [0, 2853]]","[[190, 155], [166, 151]]"
disclosure_x_bias,197,init_knn1,kDN,log_loss,1.1183264746062457e-07,7.748822942125737,1.0,0.5151741293532338,5.18089836194468e-10,0.5322423683538552,0.0,0.033202332554105735,"[[3105, 0], [0, 2853]]","[[190, 155], [166, 151]]"
disclosure_x_bias,198,init_knn1,kDN,log_loss,1.1181670854444779e-07,7.748681196540798,1.0,0.5151741293532338,5.187408933047137e-10,0.5323479374912478,0.0,0.033202332554105735,"[[3105, 0], [0, 2853]]","[[190, 155], [166, 151]]"
disclosure_x_bias,199,init_knn1,kDN,log_loss,1.1180176960335423e-07,7.748836205862571,1.0,0.5151741293532338,5.1915297028083e-10,0.5322402420589616,0.0,0.033202332554105735,"[[3105, 0], [0, 2853]]","[[190, 155], [166, 151]]"
disclosure_x_bias,200,init_knn1,kDN,log_loss,1.117830938871562e-07,7.748796872923522,1.0,0.5151741293532338,5.187314958062254e-10,0.5323287325455207,0.0,0.033202332554105735,"[[3105, 0], [0, 2853]]","[[190, 155], [166, 151]]"
disclosure_x_bias,201,init_knn1,kDN,log_loss,1.1176912566828326e-07,7.74886773949873,1.0,0.5151741293532338,5.186257917597662e-10,0.5323971092461555,0.0,0.033202332554105735,"[[3105, 0], [0, 2853]]","[[190, 155], [166, 151]]"
disclosure_x_bias,202,init_knn1,kDN,log_loss,1.1175375029079441e-07,7.748950402142478,1.0,0.5151741293532338,5.175201069265261e-10,0.5323880622104323,0.0,0.033202332554105735,"[[3105, 0], [0, 2853]]","[[190, 155], [166, 151]]"
disclosure_x_bias,203,init_knn1,kDN,log_loss,1.1173818249621009e-07,7.748790470573839,1.0,0.5151741293532338,5.169925228945732e-10,0.5323632952725091,0.0,0.033202332554105735,"[[3105, 0], [0, 2853]]","[[190, 155], [166, 151]]"
disclosure_x_bias,204,init_knn1,kDN,log_loss,1.1172425137932502e-07,7.748704133298038,1.0,0.5151741293532338,5.171176581695353e-10,0.5325393436391777,0.0,0.033202332554105735,"[[3105, 0], [0, 2853]]","[[190, 155], [166, 151]]"
disclosure_x_bias,205,init_knn1,kDN,log_loss,1.1170775434726391e-07,7.748832551154145,1.0,0.5151741293532338,5.190688504219404e-10,0.5324279351529386,0.0,0.033202332554105735,"[[3105, 0], [0, 2853]]","[[190, 155], [166, 151]]"
disclosure_x_bias,206,init_knn1,kDN,log_loss,1.1169284478921833e-07,7.748857790897643,1.0,0.5151741293532338,5.196626905668876e-10,0.5324994632422315,0.0,0.033202332554105735,"[[3105, 0], [0, 2853]]","[[190, 155], [166, 151]]"
disclosure_x_bias,207,init_knn1,kDN,log_loss,1.1167896834690869e-07,7.749062992980917,1.0,0.5151741293532338,5.198477293868603e-10,0.5325358095249042,0.0,0.033202332554105735,"[[3105, 0], [0, 2853]]","[[190, 155], [166, 151]]"
disclosure_x_bias,208,init_knn1,kDN,log_loss,1.1166539555032356e-07,7.748891355975308,1.0,0.5151741293532338,5.201030029958238e-10,0.5323793251162388,0.0,0.033202332554105735,"[[3105, 0], [0, 2853]]","[[190, 155], [166, 151]]"
disclosure_x_bias,209,init_knn1,kDN,log_loss,1.1164981742872919e-07,7.749086033245755,1.0,0.5151741293532338,5.21676752330901e-10,0.5322629586042488,0.0,0.033202332554105735,"[[3105, 0], [0, 2853]]","[[190, 155], [166, 151]]"
disclosure_x_bias,210,init_knn1,kDN,log_loss,1.1163387992669268e-07,7.749103769350197,1.0,0.5151741293532338,5.207715469876445e-10,0.532149510382623,0.0,0.033202332554105735,"[[3105, 0], [0, 2853]]","[[190, 155], [166, 151]]"
disclosure_x_bias,211,init_knn1,kDN,log_loss,1.1161612555278559e-07,7.749194267542353,1.0,0.5151741293532338,5.238240782780048e-10,0.5323486718821581,0.0,0.033202332554105735,"[[3105, 0], [0, 2853]]","[[190, 155], [166, 151]]"
disclosure_x_bias,212,init_knn1,kDN,log_loss,1.1159968310077839e-07,7.749190998910629,1.0,0.5151741293532338,5.237074334648834e-10,0.5324694283081848,0.0,0.033202332554105735,"[[3105, 0], [0, 2853]]","[[190, 155], [166, 151]]"
disclosure_x_bias,213,init_knn1,kDN,log_loss,1.1158557218586578e-07,7.7492465574251,1.0,0.5151741293532338,5.240044445996838e-10,0.5324553480815665,0.0,0.033202332554105735,"[[3105, 0], [0, 2853]]","[[190, 155], [166, 151]]"
disclosure_x_bias,214,init_knn1,kDN,log_loss,1.1157155378852435e-07,7.749283097072949,1.0,0.5151741293532338,5.231586489327142e-10,0.5326203934038296,0.0,0.033202332554105735,"[[3105, 0], [0, 2853]]","[[190, 155], [166, 151]]"
disclosure_x_bias,215,init_knn1,kDN,log_loss,1.1155762148500534e-07,7.749359037026418,1.0,0.5151741293532338,5.228344332383586e-10,0.5324977184054528,0.0,0.033202332554105735,"[[3105, 0], [0, 2853]]","[[190, 155], [166, 151]]"
disclosure_x_bias,216,init_knn1,kDN,log_loss,1.1154137218435714e-07,7.749378923703429,1.0,0.5151741293532338,5.219045350029431e-10,0.5326185144601067,0.0,0.033202332554105735,"[[3105, 0], [0, 2853]]","[[190, 155], [166, 151]]"
disclosure_x_bias,217,init_knn1,kDN,log_loss,1.1152641334225051e-07,7.7493973187527985,1.0,0.5151741293532338,5.219087088820674e-10,0.5327339656648311,0.0,0.033202332554105735,"[[3105, 0], [0, 2853]]","[[190, 155], [166, 151]]"
disclosure_x_bias,218,init_knn1,kDN,log_loss,1.1151209047072116e-07,7.749444397365712,1.0,0.5151741293532338,5.228442657088906e-10,0.5326305183290188,0.0,0.033202332554105735,"[[3105, 0], [0, 2853]]","[[190, 155], [166, 151]]"
disclosure_x_bias,219,init_knn1,kDN,log_loss,1.1149790612816224e-07,7.749365329292021,1.0,0.5151741293532338,5.235319573995492e-10,0.5325882870459869,0.0,0.033202332554105735,"[[3105, 0], [0, 2853]]","[[190, 155], [166, 151]]"
disclosure_x_bias,220,init_knn1,kDN,log_loss,1.1148453407739004e-07,7.749521527057077,1.0,0.5151741293532338,5.235841966337556e-10,0.5327390360899996,0.0,0.033202332554105735,"[[3105, 0], [0, 2853]]","[[190, 155], [166, 151]]"
disclosure_x_bias,221,init_knn1,kDN,log_loss,1.1147071746961415e-07,7.749531598120329,1.0,0.5151741293532338,5.239890757387421e-10,0.5326996596886027,0.0,0.033202332554105735,"[[3105, 0], [0, 2853]]","[[190, 155], [166, 151]]"
disclosure_x_bias,222,init_knn1,kDN,log_loss,1.1145689062169994e-07,7.749440863159864,1.0,0.5151741293532338,5.24375817754254e-10,0.5328775906983718,0.0,0.033202332554105735,"[[3105, 0], [0, 2853]]","[[190, 155], [166, 151]]"
disclosure_x_bias,223,init_knn1,kDN,log_loss,1.1144217274702566e-07,7.7493391828808225,1.0,0.5151741293532338,5.239890238805555e-10,0.5327707303264982,0.0,0.033202332554105735,"[[3105, 0], [0, 2853]]","[[190, 155], [166, 151]]"
disclosure_x_bias,224,init_knn1,kDN,log_loss,1.1142652429383065e-07,7.749317227436602,1.0,0.5151741293532338,5.230519343004435e-10,0.5330002961678727,0.0,0.033202332554105735,"[[3105, 0], [0, 2853]]","[[190, 155], [166, 151]]"
disclosure_x_bias,225,init_knn1,kDN,log_loss,1.1141111344381609e-07,7.749251723006789,1.0,0.5151741293532338,5.264349088892552e-10,0.5331025296365239,0.0,0.033202332554105735,"[[3105, 0], [0, 2853]]","[[190, 155], [166, 151]]"
disclosure_x_bias,226,init_knn1,kDN,log_loss,1.1139760758930973e-07,7.749281239959392,1.0,0.5151741293532338,5.268345930025287e-10,0.53312620695179,0.0,0.033202332554105735,"[[3105, 0], [0, 2853]]","[[190, 155], [166, 151]]"
disclosure_x_bias,227,init_knn1,kDN,log_loss,1.1138444664612963e-07,7.749276638762962,1.0,0.5151741293532338,5.270696094482269e-10,0.5331741667206849,0.0,0.033202332554105735,"[[3105, 0], [0, 2853]]","[[190, 155], [166, 151]]"
disclosure_x_bias,228,init_knn1,kDN,log_loss,1.1137135984015897e-07,7.749511188159181,1.0,0.5151741293532338,5.275814986385582e-10,0.5333184200895067,0.0,0.033202332554105735,"[[3105, 0], [0, 2853]]","[[190, 155], [166, 151]]"
disclosure_x_bias,229,init_knn1,kDN,log_loss,1.1135248208623622e-07,7.749460180546558,1.0,0.5151741293532338,5.282065620674569e-10,0.5332402887533407,0.0,0.033202332554105735,"[[3105, 0], [0, 2853]]","[[190, 155], [166, 151]]"
disclosure_x_bias,230,init_knn1,kDN,log_loss,1.1133918332942185e-07,7.749566607473224,1.0,0.5151741293532338,5.284552839237339e-10,0.533345099071586,0.0,0.033202332554105735,"[[3105, 0], [0, 2853]]","[[190, 155], [166, 151]]"
disclosure_x_bias,231,init_knn1,kDN,log_loss,1.113261279006037e-07,7.749447400779007,1.0,0.5151741293532338,5.290732802571996e-10,0.5333426016818095,0.0,0.033202332554105735,"[[3105, 0], [0, 2853]]","[[190, 155], [166, 151]]"
disclosure_x_bias,232,init_knn1,kDN,log_loss,1.1131291863911822e-07,7.749487037771044,1.0,0.5151741293532338,5.291183354183506e-10,0.5333677069389582,0.0,0.033202332554105735,"[[3105, 0], [0, 2853]]","[[190, 155], [166, 151]]"
disclosure_x_bias,233,init_knn1,kDN,log_loss,1.1129861533566166e-07,7.749528746150718,1.0,0.5151741293532338,5.293208907408331e-10,0.5333471216442536,0.0,0.033202332554105735,"[[3105, 0], [0, 2853]]","[[190, 155], [166, 151]]"
disclosure_x_bias,234,init_knn1,kDN,log_loss,1.1128262566084145e-07,7.749418562821409,1.0,0.5151741293532338,5.288619617709775e-10,0.5333570536691167,0.0,0.033202332554105735,"[[3105, 0], [0, 2853]]","[[190, 155], [166, 151]]"
disclosure_x_bias,235,init_knn1,kDN,log_loss,1.1126904835033873e-07,7.749510673616157,1.0,0.5151741293532338,5.286225788707017e-10,0.5334008507126506,0.0,0.033202332554105735,"[[3105, 0], [0, 2853]]","[[190, 155], [166, 151]]"
disclosure_x_bias,236,init_knn1,kDN,log_loss,1.1125562616133578e-07,7.749403499131352,1.0,0.5151741293532338,5.290844384407059e-10,0.5333459937713468,0.0,0.033202332554105735,"[[3105, 0], [0, 2853]]","[[190, 155], [166, 151]]"
disclosure_x_bias,237,init_knn1,kDN,log_loss,1.1124280699242228e-07,7.749416389510467,1.0,0.5151741293532338,5.290780943658492e-10,0.5333833759922109,0.0,0.033202332554105735,"[[3105, 0], [0, 2853]]","[[190, 155], [166, 151]]"
disclosure_x_bias,238,init_knn1,kDN,log_loss,1.1122958169121454e-07,7.749483584481003,1.0,0.5151741293532338,5.291842839489862e-10,0.5333529975531576,0.0,0.033202332554105735,"[[3105, 0], [0, 2853]]","[[190, 155], [166, 151]]"
disclosure_x_bias,239,init_knn1,kDN,log_loss,1.112162493142219e-07,7.749455962668328,1.0,0.5151741293532338,5.293005874313393e-10,0.5332046198747037,0.0,0.033202332554105735,"[[3105, 0], [0, 2853]]","[[190, 155], [166, 151]]"
disclosure_x_bias,240,init_knn1,kDN,log_loss,1.1120092733481818e-07,7.749411300466106,1.0,0.5151741293532338,5.257266661580039e-10,0.5332045939768636,0.0,0.033202332554105735,"[[3105, 0], [0, 2853]]","[[190, 155], [166, 151]]"
disclosure_x_bias,241,init_knn1,kDN,log_loss,1.1118725257812052e-07,7.749358989977996,1.0,0.5151741293532338,5.250485065992449e-10,0.5332931078124912,0.0,0.033202332554105735,"[[3105, 0], [0, 2853]]","[[190, 155], [166, 151]]"
disclosure_x_bias,242,init_knn1,kDN,log_loss,1.1116583663871163e-07,7.749664889706239,1.0,0.5151741293532338,5.310917901711956e-10,0.5330100755595197,0.0,0.033202332554105735,"[[3105, 0], [0, 2853]]","[[190, 155], [166, 151]]"
disclosure_x_bias,243,init_knn1,kDN,log_loss,1.1115114797021972e-07,7.749599073487026,1.0,0.5151741293532338,5.344452031662933e-10,0.5330300848835052,0.0,0.033202332554105735,"[[3105, 0], [0, 2853]]","[[190, 155], [166, 151]]"
disclosure_x_bias,244,init_knn1,kDN,log_loss,1.1113652803295233e-07,7.749719822820604,1.0,0.5151741293532338,5.335195785120165e-10,0.532951148103901,0.0,0.033202332554105735,"[[3105, 0], [0, 2853]]","[[190, 155], [166, 151]]"
disclosure_x_bias,245,init_knn1,kDN,log_loss,1.1112368577628466e-07,7.749651810344744,1.0,0.5151741293532338,5.339630267619184e-10,0.5329997563307773,0.0,0.033202332554105735,"[[3105, 0], [0, 2853]]","[[190, 155], [166, 151]]"
disclosure_x_bias,246,init_knn1,kDN,log_loss,1.1111030172123413e-07,7.749870958715723,1.0,0.5151741293532338,5.337968347057245e-10,0.5330839335419404,0.0,0.033202332554105735,"[[3105, 0], [0, 2853]]","[[190, 155], [166, 151]]"
disclosure_x_bias,247,init_knn1,kDN,log_loss,1.1109647758561742e-07,7.749817729864823,1.0,0.5151741293532338,5.346202500960597e-10,0.5330775171547073,0.0,0.033202332554105735,"[[3105, 0], [0, 2853]]","[[190, 155], [166, 151]]"
disclosure_x_bias,248,init_knn1,kDN,log_loss,1.1108345211867346e-07,7.750054347564114,1.0,0.5151741293532338,5.345705702819864e-10,0.5331913541963961,0.0,0.033202332554105735,"[[3105, 0], [0, 2853]]","[[190, 155], [166, 151]]"
disclosure_x_bias,249,init_knn1,kDN,log_loss,1.1106897850219345e-07,7.749815010895463,1.0,0.5151741293532338,5.338116230181983e-10,0.533355884788435,0.0,0.033202332554105735,"[[3105, 0], [0, 2853]]","[[190, 155], [166, 151]]"
disclosure_x_bias,250,init_knn1,kDN,log_loss,1.1105672384916264e-07,7.749960713670592,1.0,0.5151741293532338,5.337622909273208e-10,0.5332676922401007,0.0,0.033202332554105735,"[[3105, 0], [0, 2853]]","[[190, 155], [166, 151]]"
disclosure_x_bias,251,init_knn1,kDN,log_loss,1.1104412760433861e-07,7.749879887856747,1.0,0.5151741293532338,5.335416763191805e-10,0.5334443991031671,0.0,0.033202332554105735,"[[3105, 0], [0, 2853]]","[[190, 155], [166, 151]]"
disclosure_x_bias,252,init_knn1,kDN,log_loss,1.110315152222936e-07,7.749968015924354,1.0,0.5151741293532338,5.328743580353601e-10,0.5334150167310897,0.0,0.033202332554105735,"[[3105, 0], [0, 2853]]","[[190, 155], [166, 151]]"
disclosure_x_bias,253,init_knn1,kDN,log_loss,1.1101752634792763e-07,7.750089071235737,1.0,0.5151741293532338,5.322775828067883e-10,0.5333446318057108,0.0,0.033202332554105735,"[[3105, 0], [0, 2853]]","[[190, 155], [166, 151]]"
disclosure_x_bias,254,init_knn1,kDN,log_loss,1.1100485323067537e-07,7.750219162700816,1.0,0.5151741293532338,5.317483361562287e-10,0.5332160060092741,0.0,0.033202332554105735,"[[3105, 0], [0, 2853]]","[[190, 155], [166, 151]]"
disclosure_x_bias,255,init_knn1,kDN,log_loss,1.1099225623702047e-07,7.75022393404538,1.0,0.5151741293532338,5.31743588408761e-10,0.5333201904068121,0.0,0.033202332554105735,"[[3105, 0], [0, 2853]]","[[190, 155], [166, 151]]"
disclosure_x_bias,256,init_knn1,kDN,log_loss,1.1097724962731973e-07,7.750286763749571,1.0,0.5151741293532338,5.310899492005655e-10,0.5332742757892406,0.0,0.033202332554105735,"[[3105, 0], [0, 2853]]","[[190, 155], [166, 151]]"
disclosure_x_bias,257,init_knn1,kDN,log_loss,1.1096501589390766e-07,7.750285367058669,1.0,0.5151741293532338,5.311659522011548e-10,0.5333274935793173,0.0,0.033202332554105735,"[[3105, 0], [0, 2853]]","[[190, 155], [166, 151]]"
disclosure_x_bias,258,init_knn1,kDN,log_loss,1.1094919294636542e-07,7.750336462473659,1.0,0.5151741293532338,5.300447963239154e-10,0.5332610107067411,0.0,0.033202332554105735,"[[3105, 0], [0, 2853]]","[[190, 155], [166, 151]]"
disclosure_x_bias,259,init_knn1,kDN,log_loss,1.1093589624965468e-07,7.7505020086536405,1.0,0.5151741293532338,5.311976138326862e-10,0.533390921694431,0.0,0.033202332554105735,"[[3105, 0], [0, 2853]]","[[190, 155], [166, 151]]"
disclosure_x_bias,260,init_knn1,kDN,log_loss,1.1092244241924798e-07,7.750549718066606,1.0,0.5151741293532338,5.32200672586333e-10,0.5333871613991436,0.0,0.033202332554105735,"[[3105, 0], [0, 2853]]","[[190, 155], [166, 151]]"
disclosure_x_bias,261,init_knn1,kDN,log_loss,1.1090741970421034e-07,7.750497031204394,1.0,0.5151741293532338,5.325085319078605e-10,0.533323130670969,0.0,0.033202332554105735,"[[3105, 0], [0, 2853]]","[[190, 155], [166, 151]]"
disclosure_x_bias,262,init_knn1,kDN,log_loss,1.1089491473614283e-07,7.75066686474653,1.0,0.5151741293532338,5.320561261553244e-10,0.533387288831575,0.0,0.033202332554105735,"[[3105, 0], [0, 2853]]","[[190, 155], [166, 151]]"
disclosure_x_bias,263,init_knn1,kDN,log_loss,1.1088235244483278e-07,7.750630227536368,1.0,0.5151741293532338,5.32267104800875e-10,0.5333580033477154,0.0,0.033202332554105735,"[[3105, 0], [0, 2853]]","[[190, 155], [166, 151]]"
disclosure_x_bias,264,init_knn1,kDN,log_loss,1.1086884246449047e-07,7.7509337551207595,1.0,0.5151741293532338,5.322933679648546e-10,0.5331935889706071,0.0,0.033202332554105735,"[[3105, 0], [0, 2853]]","[[190, 155], [166, 151]]"
disclosure_x_bias,265,init_knn1,kDN,log_loss,1.1085209647946538e-07,7.750898413004371,1.0,0.5151741293532338,5.267571937708318e-10,0.5332686556967815,0.0,0.033202332554105735,"[[3105, 0], [0, 2853]]","[[190, 155], [166, 151]]"
disclosure_x_bias,266,init_knn1,kDN,log_loss,1.1083943403512089e-07,7.750804811501126,1.0,0.5151741293532338,5.267409611769061e-10,0.5333187303569606,0.0,0.033202332554105735,"[[3105, 0], [0, 2853]]","[[190, 155], [166, 151]]"
disclosure_x_bias,267,init_knn1,kDN,log_loss,1.1082656397313467e-07,7.750809993863754,1.0,0.5151741293532338,5.272292323287683e-10,0.5332406271284768,0.0,0.033202332554105735,"[[3105, 0], [0, 2853]]","[[190, 155], [166, 151]]"
disclosure_x_bias,268,init_knn1,kDN,log_loss,1.108145437128081e-07,7.750886033813563,1.0,0.5151741293532338,5.272488247063215e-10,0.5333837877683428,0.0,0.033202332554105735,"[[3105, 0], [0, 2853]]","[[190, 155], [166, 151]]"
disclosure_x_bias,269,init_knn1,kDN,log_loss,1.1080200181477545e-07,7.750895173277054,1.0,0.5151741293532338,5.278791589100274e-10,0.5335322600928337,0.0,0.033202332554105735,"[[3105, 0], [0, 2853]]","[[190, 155], [166, 151]]"
disclosure_x_bias,270,init_knn1,kDN,log_loss,1.1078879090656909e-07,7.750891940376016,1.0,0.5151741293532338,5.272891251430121e-10,0.533479736250927,0.0,0.033202332554105735,"[[3105, 0], [0, 2853]]","[[190, 155], [166, 151]]"
disclosure_x_bias,271,init_knn1,kDN,log_loss,1.1077692030785655e-07,7.750890318891197,1.0,0.5151741293532338,5.273273358162223e-10,0.5335529412799818,0.0,0.033202332554105735,"[[3105, 0], [0, 2853]]","[[190, 155], [166, 151]]"
disclosure_x_bias,272,init_knn1,kDN,log_loss,1.1076507993371176e-07,7.750948115756424,1.0,0.5151741293532338,5.276154186434339e-10,0.5334836852706715,0.0,0.033202332554105735,"[[3105, 0], [0, 2853]]","[[190, 155], [166, 151]]"
disclosure_x_bias,273,init_knn1,kDN,log_loss,1.1075321593056311e-07,7.751073190390722,1.0,0.5151741293532338,5.282369330228917e-10,0.5335730224036899,0.0,0.033202332554105735,"[[3105, 0], [0, 2853]]","[[190, 155], [166, 151]]"
disclosure_x_bias,274,init_knn1,kDN,log_loss,1.1074120257869843e-07,7.751003111283571,1.0,0.5151741293532338,5.283338804125212e-10,0.5335977230951224,0.0,0.033202332554105735,"[[3105, 0], [0, 2853]]","[[190, 155], [166, 151]]"
disclosure_x_bias,275,init_knn1,kDN,log_loss,1.1072523288302939e-07,7.7510592085535235,1.0,0.5151741293532338,5.279820689818216e-10,0.5336129037922196,0.0,0.033202332554105735,"[[3105, 0], [0, 2853]]","[[190, 155], [166, 151]]"
disclosure_x_bias,276,init_knn1,kDN,log_loss,1.1071352956898952e-07,7.751115763009937,1.0,0.5151741293532338,5.281601743510435e-10,0.5336372935477803,0.0,0.033202332554105735,"[[3105, 0], [0, 2853]]","[[190, 155], [166, 151]]"
disclosure_x_bias,277,init_knn1,kDN,log_loss,1.1069905789670396e-07,7.7511610460995115,1.0,0.5151741293532338,5.28787704443954e-10,0.533719606375806,0.0,0.033202332554105735,"[[3105, 0], [0, 2853]]","[[190, 155], [166, 151]]"
disclosure_x_bias,278,init_knn1,kDN,log_loss,1.106856689531844e-07,7.7510638013918465,1.0,0.5151741293532338,5.264188764461319e-10,0.5336850728654523,0.0,0.033202332554105735,"[[3105, 0], [0, 2853]]","[[190, 155], [166, 151]]"
disclosure_x_bias,279,init_knn1,kDN,log_loss,1.106739167202225e-07,7.7512264624477165,1.0,0.5151741293532338,5.266633532843336e-10,0.5338384007978606,0.0,0.033202332554105735,"[[3105, 0], [0, 2853]]","[[190, 155], [166, 151]]"
disclosure_x_bias,280,init_knn1,kDN,log_loss,1.1066156281850191e-07,7.751160165221551,1.0,0.5151741293532338,5.269487551871497e-10,0.5337790968958644,0.0,0.033202332554105735,"[[3105, 0], [0, 2853]]","[[190, 155], [166, 151]]"
disclosure_x_bias,281,init_knn1,kDN,log_loss,1.1064878728660118e-07,7.751143516340674,1.0,0.5151741293532338,5.261388956377271e-10,0.5338962736419739,0.0,0.033202332554105735,"[[3105, 0], [0, 2853]]","[[190, 155], [166, 151]]"
disclosure_x_bias,282,init_knn1,kDN,log_loss,1.1063674880405346e-07,7.751178640778616,1.0,0.5151741293532338,5.25871984362274e-10,0.5338755098781703,0.0,0.033202332554105735,"[[3105, 0], [0, 2853]]","[[190, 155], [166, 151]]"
disclosure_x_bias,283,init_knn1,kDN,log_loss,1.1062524181311496e-07,7.751033079460418,1.0,0.5151741293532338,5.257393393235608e-10,0.5339259756907561,0.0,0.033202332554105735,"[[3105, 0], [0, 2853]]","[[190, 155], [166, 151]]"
disclosure_x_bias,284,init_knn1,kDN,log_loss,1.1061153262068755e-07,7.7510830355651565,1.0,0.5151741293532338,5.244356089349153e-10,0.5338431868088488,0.0,0.033202332554105735,"[[3105, 0], [0, 2853]]","[[190, 155], [166, 151]]"
disclosure_x_bias,285,init_knn1,kDN,log_loss,1.1059897370092149e-07,7.751030441555845,1.0,0.5151741293532338,5.244035172328402e-10,0.534002078396856,0.0,0.033202332554105735,"[[3105, 0], [0, 2853]]","[[190, 155], [166, 151]]"
disclosure_x_bias,286,init_knn1,kDN,log_loss,1.1058716849359376e-07,7.751072778804708,1.0,0.5151741293532338,5.240517444944408e-10,0.5339536158911512,0.0,0.033202332554105735,"[[3105, 0], [0, 2853]]","[[190, 155], [166, 151]]"
disclosure_x_bias,287,init_knn1,kDN,log_loss,1.105758172683744e-07,7.751100241167611,1.0,0.5151741293532338,5.240915592860921e-10,0.5340456364060759,0.0,0.033202332554105735,"[[3105, 0], [0, 2853]]","[[190, 155], [166, 151]]"
disclosure_x_bias,288,init_knn1,kDN,log_loss,1.1056378664097013e-07,7.751146253042977,1.0,0.5151741293532338,5.244726265818737e-10,0.5339858211619462,0.0,0.033202332554105735,"[[3105, 0], [0, 2853]]","[[190, 155], [166, 151]]"
disclosure_x_bias,289,init_knn1,kDN,log_loss,1.1055079948532307e-07,7.751185563758307,1.0,0.5151741293532338,5.286231904545703e-10,0.5340500898415961,0.0,0.033202332554105735,"[[3105, 0], [0, 2853]]","[[190, 155], [166, 151]]"
disclosure_x_bias,290,init_knn1,kDN,log_loss,1.1053892939609157e-07,7.751090462754592,1.0,0.5151741293532338,5.290536631706687e-10,0.5340786579895727,0.0,0.033202332554105735,"[[3105, 0], [0, 2853]]","[[190, 155], [166, 151]]"
disclosure_x_bias,291,init_knn1,kDN,log_loss,1.105264500041184e-07,7.751160555275564,1.0,0.5151741293532338,5.292077588876959e-10,0.5342119808560218,0.0,0.033202332554105735,"[[3105, 0], [0, 2853]]","[[190, 155], [166, 151]]"
disclosure_x_bias,292,init_knn1,kDN,log_loss,1.1051446218539684e-07,7.751221446294137,1.0,0.5151741293532338,5.297643819442756e-10,0.5341787010261512,0.0,0.033202332554105735,"[[3105, 0], [0, 2853]]","[[190, 155], [166, 151]]"
disclosure_x_bias,293,init_knn1,kDN,log_loss,1.1049819032470491e-07,7.751231627937597,1.0,0.5151741293532338,5.310716462011124e-10,0.5341290403030087,0.0,0.033202332554105735,"[[3105, 0], [0, 2853]]","[[190, 155], [166, 151]]"
disclosure_x_bias,294,init_knn1,kDN,log_loss,1.1048634096118311e-07,7.751142610788916,1.0,0.5151741293532338,5.317525167428649e-10,0.5341281246203511,0.0,0.033202332554105735,"[[3105, 0], [0, 2853]]","[[190, 155], [166, 151]]"
disclosure_x_bias,295,init_knn1,kDN,log_loss,1.1047397786259487e-07,7.751219261412674,1.0,0.5151741293532338,5.317409566186158e-10,0.5342052170263868,0.0,0.033202332554105735,"[[3105, 0], [0, 2853]]","[[190, 155], [166, 151]]"
disclosure_x_bias,296,init_knn1,kDN,log_loss,1.1046081243385851e-07,7.751208537592373,1.0,0.5151741293532338,5.325064158947488e-10,0.5342174869779079,0.0,0.033202332554105735,"[[3105, 0], [0, 2853]]","[[190, 155], [166, 151]]"
disclosure_x_bias,297,init_knn1,kDN,log_loss,1.1044928543068191e-07,7.751188333997445,1.0,0.5151741293532338,5.323233123800073e-10,0.5341029844420043,0.0,0.033202332554105735,"[[3105, 0], [0, 2853]]","[[190, 155], [166, 151]]"
disclosure_x_bias,298,init_knn1,kDN,log_loss,1.1043797588401483e-07,7.7512079480819605,1.0,0.5151741293532338,5.328074350374568e-10,0.534062684675693,0.0,0.033202332554105735,"[[3105, 0], [0, 2853]]","[[190, 155], [166, 151]]"
disclosure_x_bias,299,init_knn1,kDN,log_loss,1.1042586438706528e-07,7.751221514197331,1.0,0.5151741293532338,5.328792611934354e-10,0.5342443662300417,0.0,0.033202332554105735,"[[3105, 0], [0, 2853]]","[[190, 155], [166, 151]]"
disclosure_x_bias,300,init_knn1,kDN,log_loss,1.104102753233608e-07,7.751372276817155,1.0,0.5151741293532338,5.326992691776117e-10,0.5341669932334894,0.0,0.033202332554105735,"[[3105, 0], [0, 2853]]","[[190, 155], [166, 151]]"
disclosure_x_bias,1,init_knn1,kDN,exponential,727.5255609880654,750.0759503063601,1.0,0.5151741293532338,0.25294781071330313,105.13494751349423,0.0,0.033202332554105735,"[[3105, 0], [0, 2853]]","[[190, 155], [166, 151]]"
disclosure_x_bias,2,init_knn1,kDN,exponential,731.4465830213627,753.2056077050959,1.0,0.5151741293532338,0.4949917961360722,104.92773649467667,0.0,0.033202332554105735,"[[3105, 0], [0, 2853]]","[[190, 155], [166, 151]]"
disclosure_x_bias,3,init_knn1,kDN,exponential,735.0311545064471,756.4694181803918,1.0,0.5151741293532338,0.7488291374412673,105.83129778029536,0.0,0.033202332554105735,"[[3105, 0], [0, 2853]]","[[190, 155], [166, 151]]"
disclosure_x_bias,4,init_knn1,kDN,exponential,738.366267512428,760.5088197342645,1.0,0.5151741293532338,1.024002460988598,106.65611443669685,0.0,0.033202332554105735,"[[3105, 0], [0, 2853]]","[[190, 155], [166, 151]]"
disclosure_x_bias,5,init_knn1,kDN,exponential,741.4229112679684,763.2986986920039,1.0,0.5151741293532338,1.2223148696193786,107.34888205624159,0.0,0.033202332554105735,"[[3105, 0], [0, 2853]]","[[190, 155], [166, 151]]"
disclosure_x_bias,6,init_knn1,kDN,exponential,744.190181303933,765.78054567436,1.0,0.5151741293532338,1.2243465515051404,107.12124376501372,0.0,0.033202332554105735,"[[3105, 0], [0, 2853]]","[[190, 155], [166, 151]]"
disclosure_x_bias,7,init_knn1,kDN,exponential,746.7642518201085,768.8819831143671,1.0,0.5151741293532338,1.4024441813396542,108.1023192774501,0.0,0.033202332554105735,"[[3105, 0], [0, 2853]]","[[190, 155], [166, 151]]"
disclosure_x_bias,8,init_knn1,kDN,exponential,749.2796040516876,770.7787535771538,1.0,0.5151741293532338,1.625812864494868,109.48146014943295,0.0,0.033202332554105735,"[[3105, 0], [0, 2853]]","[[190, 155], [166, 151]]"
disclosure_x_bias,9,init_knn1,kDN,exponential,751.5545076157715,773.0245395437418,1.0,0.5151741293532338,1.776497249305289,109.94509078788485,0.0,0.033202332554105735,"[[3105, 0], [0, 2853]]","[[190, 155], [166, 151]]"
disclosure_x_bias,10,init_knn1,kDN,exponential,753.7326442913201,775.2605736555471,1.0,0.5151741293532338,1.867204830497884,110.01137329442948,0.0,0.033202332554105735,"[[3105, 0], [0, 2853]]","[[190, 155], [166, 151]]"
disclosure_x_bias,11,init_knn1,kDN,exponential,755.6599623588456,776.5690567873323,1.0,0.5151741293532338,1.9793399090226211,111.24582093128994,0.0,0.033202332554105735,"[[3105, 0], [0, 2853]]","[[190, 155], [166, 151]]"
disclosure_x_bias,12,init_knn1,kDN,exponential,757.6565519264177,780.1110632387606,1.0,0.5151741293532338,2.373089563223975,112.83964707323084,0.0,0.033202332554105735,"[[3105, 0], [0, 2853]]","[[190, 155], [166, 151]]"
disclosure_x_bias,13,init_knn1,kDN,exponential,759.4964124517354,782.0281349756481,1.0,0.5151741293532338,2.6215432746279115,112.56445826022987,0.0,0.033202332554105735,"[[3105, 0], [0, 2853]]","[[190, 155], [166, 151]]"
disclosure_x_bias,14,init_knn1,kDN,exponential,761.1185798981298,783.4040286765253,1.0,0.5151741293532338,2.656353404201433,113.2179938004398,0.0,0.033202332554105735,"[[3105, 0], [0, 2853]]","[[190, 155], [166, 151]]"
disclosure_x_bias,15,init_knn1,kDN,exponential,762.6513807723888,785.0161706845112,1.0,0.5151741293532338,2.7430312524297196,113.03036948082917,0.0,0.033202332554105735,"[[3105, 0], [0, 2853]]","[[190, 155], [166, 151]]"
disclosure_x_bias,16,init_knn1,kDN,exponential,764.200305967685,786.3621334481661,1.0,0.5151741293532338,2.8277343848949,112.47648851354674,0.0,0.033202332554105735,"[[3105, 0], [0, 2853]]","[[190, 155], [166, 151]]"
disclosure_x_bias,17,init_knn1,kDN,exponential,765.7104064107018,787.6476503339743,1.0,0.5151741293532338,2.8147720250539017,112.82785923891713,0.0,0.033202332554105735,"[[3105, 0], [0, 2853]]","[[190, 155], [166, 151]]"
disclosure_x_bias,18,init_knn1,kDN,exponential,766.9259707856211,787.6025398467743,1.0,0.5151741293532338,2.79639411508021,112.92996560481866,0.0,0.033202332554105735,"[[3105, 0], [0, 2853]]","[[190, 155], [166, 151]]"
disclosure_x_bias,19,init_knn1,kDN,exponential,768.4283332928762,789.3656718185326,1.0,0.5151741293532338,3.4808252077833437,115.26610500899216,0.0,0.033202332554105735,"[[3105, 0], [0, 2853]]","[[190, 155], [166, 151]]"
disclosure_x_bias,20,init_knn1,kDN,exponential,769.673667572966,790.5952671575317,1.0,0.5151741293532338,3.589843360964988,116.09273739921863,0.0,0.033202332554105735,"[[3105, 0], [0, 2853]]","[[190, 155], [166, 151]]"
disclosure_x_bias,21,init_knn1,kDN,exponential,770.9697462298192,791.7041268777799,1.0,0.5151741293532338,3.716711515258135,116.50765542452181,0.0,0.033202332554105735,"[[3105, 0], [0, 2853]]","[[190, 155], [166, 151]]"
disclosure_x_bias,22,init_knn1,kDN,exponential,772.0902461888028,792.9748111952856,1.0,0.5151741293532338,3.81505303407519,116.37522745973244,0.0,0.033202332554105735,"[[3105, 0], [0, 2853]]","[[190, 155], [166, 151]]"
disclosure_x_bias,23,init_knn1,kDN,exponential,773.026785289029,793.9012180115208,1.0,0.5151741293532338,3.765228191289702,115.90988737468389,0.0,0.033202332554105735,"[[3105, 0], [0, 2853]]","[[190, 155], [166, 151]]"
disclosure_x_bias,24,init_knn1,kDN,exponential,774.1964611150163,795.2334127840237,1.0,0.5151741293532338,3.859791179188146,116.25693796846575,0.0,0.033202332554105735,"[[3105, 0], [0, 2853]]","[[190, 155], [166, 151]]"
disclosure_x_bias,25,init_knn1,kDN,exponential,775.279275349311,796.5325230340047,1.0,0.5151741293532338,3.8651708551095045,115.60302819768924,0.0,0.033202332554105735,"[[3105, 0], [0, 2853]]","[[190, 155], [166, 151]]"
disclosure_x_bias,26,init_knn1,kDN,exponential,776.5891357173126,797.9048407414014,1.0,0.5151741293532338,4.69353198784153,117.90974963796667,0.0,0.033202332554105735,"[[3105, 0], [0, 2853]]","[[190, 155], [166, 151]]"
disclosure_x_bias,27,init_knn1,kDN,exponential,777.7183140453343,798.808728165886,1.0,0.5151741293532338,4.658915939089153,117.42263899587708,0.0,0.033202332554105735,"[[3105, 0], [0, 2853]]","[[190, 155], [166, 151]]"
disclosure_x_bias,28,init_knn1,kDN,exponential,778.6498783861728,799.3401333565084,1.0,0.5151741293532338,4.774943733729885,117.96395320812832,0.0,0.033202332554105735,"[[3105, 0], [0, 2853]]","[[190, 155], [166, 151]]"
disclosure_x_bias,29,init_knn1,kDN,exponential,779.5439797653754,800.0528831442147,1.0,0.5151741293532338,4.802607546832524,117.85640029483447,0.0,0.033202332554105735,"[[3105, 0], [0, 2853]]","[[190, 155], [166, 151]]"
disclosure_x_bias,30,init_knn1,kDN,exponential,780.4488405446295,800.1581171592912,1.0,0.5151741293532338,4.998839787765305,117.98129977850061,0.0,0.033202332554105735,"[[3105, 0], [0, 2853]]","[[190, 155], [166, 151]]"
disclosure_x_bias,31,init_knn1,kDN,exponential,781.2843257683016,801.178994119213,1.0,0.5151741293532338,4.985949339430141,118.61622733547551,0.0,0.033202332554105735,"[[3105, 0], [0, 2853]]","[[190, 155], [166, 151]]"
disclosure_x_bias,32,init_knn1,kDN,exponential,782.197387910526,801.5610606819008,1.0,0.5151741293532338,5.286611834956578,119.01744221483214,0.0,0.033202332554105735,"[[3105, 0], [0, 2853]]","[[190, 155], [166, 151]]"
disclosure_x_bias,33,init_knn1,kDN,exponential,783.189447112504,802.1623951768295,1.0,0.5151741293532338,5.174868897611257,119.09361015487487,0.0,0.033202332554105735,"[[3105, 0], [0, 2853]]","[[190, 155], [166, 151]]"
disclosure_x_bias,34,init_knn1,kDN,exponential,784.0915734176406,803.3403763396374,1.0,0.5151741293532338,5.254067102055511,119.41279474796762,0.0,0.033202332554105735,"[[3105, 0], [0, 2853]]","[[190, 155], [166, 151]]"
disclosure_x_bias,35,init_knn1,kDN,exponential,784.9146699080097,803.8890390127955,1.0,0.5151741293532338,5.213276756246395,119.10205457931758,0.0,0.033202332554105735,"[[3105, 0], [0, 2853]]","[[190, 155], [166, 151]]"
disclosure_x_bias,36,init_knn1,kDN,exponential,785.6455161762951,804.5008836488499,1.0,0.5151741293532338,5.377801812137998,118.92829993596496,0.0,0.033202332554105735,"[[3105, 0], [0, 2853]]","[[190, 155], [166, 151]]"
disclosure_x_bias,37,init_knn1,kDN,exponential,786.4767783493778,804.8564159301837,1.0,0.5151741293532338,5.497140544431763,119.05548054469287,0.0,0.033202332554105735,"[[3105, 0], [0, 2853]]","[[190, 155], [166, 151]]"
disclosure_x_bias,38,init_knn1,kDN,exponential,787.5394443473538,805.9458584569045,1.0,0.5151741293532338,5.26290665027339,118.5712509936908,0.0,0.033202332554105735,"[[3105, 0], [0, 2853]]","[[190, 155], [166, 151]]"
disclosure_x_bias,39,init_knn1,kDN,exponential,788.5962630754046,807.4584809655126,1.0,0.5151741293532338,6.359866506281704,121.46446953775941,0.0,0.033202332554105735,"[[3105, 0], [0, 2853]]","[[190, 155], [166, 151]]"
disclosure_x_bias,40,init_knn1,kDN,exponential,789.3752443871319,807.9405477820585,1.0,0.5151741293532338,6.497538234312786,121.33086314833031,0.0,0.033202332554105735,"[[3105, 0], [0, 2853]]","[[190, 155], [166, 151]]"
disclosure_x_bias,41,init_knn1,kDN,exponential,790.0171494561727,808.026169317298,1.0,0.5151741293532338,6.543019791565928,121.82160837192953,0.0,0.033202332554105735,"[[3105, 0], [0, 2853]]","[[190, 155], [166, 151]]"
disclosure_x_bias,42,init_knn1,kDN,exponential,790.7385902239946,808.6132008313577,1.0,0.5151741293532338,6.416089682446699,121.27045832581358,0.0,0.033202332554105735,"[[3105, 0], [0, 2853]]","[[190, 155], [166, 151]]"
disclosure_x_bias,43,init_knn1,kDN,exponential,791.5060639040837,809.0393014240038,1.0,0.5151741293532338,6.310114178871795,121.24962582415606,0.0,0.033202332554105735,"[[3105, 0], [0, 2853]]","[[190, 155], [166, 151]]"
disclosure_x_bias,44,init_knn1,kDN,exponential,792.4673969507465,809.7554994451696,1.0,0.5151741293532338,6.534174992985008,120.8882486781784,0.0,0.033202332554105735,"[[3105, 0], [0, 2853]]","[[190, 155], [166, 151]]"
disclosure_x_bias,45,init_knn1,kDN,exponential,793.2191052646384,811.0431666613115,1.0,0.5151741293532338,6.588945901388275,121.15580016994576,0.0,0.033202332554105735,"[[3105, 0], [0, 2853]]","[[190, 155], [166, 151]]"
disclosure_x_bias,46,init_knn1,kDN,exponential,794.1438543902393,811.7989602509826,1.0,0.5151741293532338,6.740289702457913,121.8562675683833,0.0,0.033202332554105735,"[[3105, 0], [0, 2853]]","[[190, 155], [166, 151]]"
disclosure_x_bias,47,init_knn1,kDN,exponential,795.3475227388496,813.8824197850242,1.0,0.5151741293532338,7.9336441335169425,124.41368025847727,0.0,0.033202332554105735,"[[3105, 0], [0, 2853]]","[[190, 155], [166, 151]]"
disclosure_x_bias,48,init_knn1,kDN,exponential,796.1367239012847,814.5362848145004,1.0,0.5151741293532338,7.800863517328292,124.59093465133955,0.0,0.033202332554105735,"[[3105, 0], [0, 2853]]","[[190, 155], [166, 151]]"
disclosure_x_bias,49,init_knn1,kDN,exponential,796.8776762091354,814.4231510626964,1.0,0.5151741293532338,7.853627712677048,124.49751349393517,0.0,0.033202332554105735,"[[3105, 0], [0, 2853]]","[[190, 155], [166, 151]]"
disclosure_x_bias,50,init_knn1,kDN,exponential,797.5993914878434,814.6777378931716,1.0,0.5151741293532338,7.78319404686268,124.8428779956547,0.0,0.033202332554105735,"[[3105, 0], [0, 2853]]","[[190, 155], [166, 151]]"
disclosure_x_bias,51,init_knn1,kDN,exponential,798.1043088452352,815.0225990432909,1.0,0.5151741293532338,7.616239380893741,124.62868991370098,0.0,0.033202332554105735,"[[3105, 0], [0, 2853]]","[[190, 155], [166, 151]]"
disclosure_x_bias,52,init_knn1,kDN,exponential,798.7722415754208,815.718903344286,1.0,0.5151741293532338,7.732020114989105,123.87148257647725,0.0,0.033202332554105735,"[[3105, 0], [0, 2853]]","[[190, 155], [166, 151]]"
disclosure_x_bias,53,init_knn1,kDN,exponential,799.5545156857863,816.0922104334595,1.0,0.5151741293532338,7.880151737416026,123.79471955105085,0.0,0.033202332554105735,"[[3105, 0], [0, 2853]]","[[190, 155], [166, 151]]"
disclosure_x_bias,54,init_knn1,kDN,exponential,800.3616155704012,817.1203173870766,1.0,0.5151741293532338,7.724903628410739,123.45727294401193,0.0,0.033202332554105735,"[[3105, 0], [0, 2853]]","[[190, 155], [166, 151]]"
disclosure_x_bias,55,init_knn1,kDN,exponential,800.8598644333891,817.8926124490904,1.0,0.5151741293532338,7.676299863619032,123.81782124004067,0.0,0.033202332554105735,"[[3105, 0], [0, 2853]]","[[190, 155], [166, 151]]"
disclosure_x_bias,56,init_knn1,kDN,exponential,801.545209212056,818.1221600979649,1.0,0.5151741293532338,7.631058304591297,123.45587192680635,0.0,0.033202332554105735,"[[3105, 0], [0, 2853]]","[[190, 155], [166, 151]]"
disclosure_x_bias,57,init_knn1,kDN,exponential,802.1116105880647,818.5956409047251,1.0,0.5151741293532338,7.6207849485454995,124.02799205430195,0.0,0.033202332554105735,"[[3105, 0], [0, 2853]]","[[190, 155], [166, 151]]"
disclosure_x_bias,58,init_knn1,kDN,exponential,802.975126713809,819.9109029338551,1.0,0.5151741293532338,7.6401928521919595,123.41828308343797,0.0,0.033202332554105735,"[[3105, 0], [0, 2853]]","[[190, 155], [166, 151]]"
disclosure_x_bias,59,init_knn1,kDN,exponential,803.9811396024995,820.9761276279766,1.0,0.5151741293532338,7.7301762587406335,124.52269443308903,0.0,0.033202332554105735,"[[3105, 0], [0, 2853]]","[[190, 155], [166, 151]]"
disclosure_x_bias,60,init_knn1,kDN,exponential,804.691640909599,820.9675896943265,1.0,0.5151741293532338,7.490087687774575,124.70951362579,0.0,0.033202332554105735,"[[3105, 0], [0, 2853]]","[[190, 155], [166, 151]]"
disclosure_x_bias,61,init_knn1,kDN,exponential,805.3237558860076,821.688221634915,1.0,0.5151741293532338,7.6402497252929455,124.92113628552318,0.0,0.033202332554105735,"[[3105, 0], [0, 2853]]","[[190, 155], [166, 151]]"
disclosure_x_bias,62,init_knn1,kDN,exponential,805.8380483260902,822.3266198217731,1.0,0.5151741293532338,7.556982010042531,125.18255928279622,0.0,0.033202332554105735,"[[3105, 0], [0, 2853]]","[[190, 155], [166, 151]]"
disclosure_x_bias,63,init_knn1,kDN,exponential,806.5225587669822,822.3991054144365,1.0,0.5151741293532338,7.661489751435764,125.64933572118288,0.0,0.033202332554105735,"[[3105, 0], [0, 2853]]","[[190, 155], [166, 151]]"
disclosure_x_bias,64,init_knn1,kDN,exponential,807.0552770472275,822.5837809198061,1.0,0.5151741293532338,7.667571146628558,125.76633767152536,0.0,0.033202332554105735,"[[3105, 0], [0, 2853]]","[[190, 155], [166, 151]]"
disclosure_x_bias,65,init_knn1,kDN,exponential,808.1941329834046,823.9925035938392,1.0,0.5151741293532338,9.551434088563921,129.15274461571764,0.0,0.033202332554105735,"[[3105, 0], [0, 2853]]","[[190, 155], [166, 151]]"
disclosure_x_bias,66,init_knn1,kDN,exponential,808.7890912073627,824.3653916470814,1.0,0.5151741293532338,9.592526493773285,128.6524008905648,0.0,0.033202332554105735,"[[3105, 0], [0, 2853]]","[[190, 155], [166, 151]]"
disclosure_x_bias,67,init_knn1,kDN,exponential,809.1611366609161,825.1517500849392,1.0,0.5151741293532338,9.610573948180715,128.5299384306947,0.0,0.033202332554105735,"[[3105, 0], [0, 2853]]","[[190, 155], [166, 151]]"
disclosure_x_bias,68,init_knn1,kDN,exponential,809.5769195990008,825.7775625848001,1.0,0.5151741293532338,9.483007984251465,128.29508289817556,0.0,0.033202332554105735,"[[3105, 0], [0, 2853]]","[[190, 155], [166, 151]]"
disclosure_x_bias,69,init_knn1,kDN,exponential,810.1957103125527,825.7554796002329,1.0,0.5151741293532338,9.33476299917204,128.05715445187275,0.0,0.033202332554105735,"[[3105, 0], [0, 2853]]","[[190, 155], [166, 151]]"
disclosure_x_bias,70,init_knn1,kDN,exponential,810.6664452169025,826.0280934561011,1.0,0.5151741293532338,9.374921338929164,127.96878710759636,0.0,0.033202332554105735,"[[3105, 0], [0, 2853]]","[[190, 155], [166, 151]]"
disclosure_x_bias,71,init_knn1,kDN,exponential,811.6596307106346,826.7110708564711,1.0,0.5151741293532338,9.265837871763814,127.69881238879198,0.0,0.033202332554105735,"[[3105, 0], [0, 2853]]","[[190, 155], [166, 151]]"
disclosure_x_bias,72,init_knn1,kDN,exponential,812.2176667710859,827.5874602423935,1.0,0.5151741293532338,9.182806719583688,128.3334437423864,0.0,0.033202332554105735,"[[3105, 0], [0, 2853]]","[[190, 155], [166, 151]]"
disclosure_x_bias,73,init_knn1,kDN,exponential,812.863697970016,828.2711106550236,1.0,0.5151741293532338,9.315456333276556,128.05956546313064,0.0,0.033202332554105735,"[[3105, 0], [0, 2853]]","[[190, 155], [166, 151]]"
disclosure_x_bias,74,init_knn1,kDN,exponential,813.3207469890737,828.7604805273729,1.0,0.5151741293532338,9.360263682757575,128.44500043264748,0.0,0.033202332554105735,"[[3105, 0], [0, 2853]]","[[190, 155], [166, 151]]"
disclosure_x_bias,75,init_knn1,kDN,exponential,813.6866042109284,829.2215499981432,1.0,0.5151741293532338,9.24291623377052,128.23301447209954,0.0,0.033202332554105735,"[[3105, 0], [0, 2853]]","[[190, 155], [166, 151]]"
disclosure_x_bias,76,init_knn1,kDN,exponential,814.404768516746,829.2042217649357,1.0,0.5151741293532338,9.279337767791201,128.36476687417576,0.0,0.033202332554105735,"[[3105, 0], [0, 2853]]","[[190, 155], [166, 151]]"
disclosure_x_bias,77,init_knn1,kDN,exponential,815.0603969916563,829.6234192844167,1.0,0.5151741293532338,9.419745786159794,128.23238736150546,0.0,0.033202332554105735,"[[3105, 0], [0, 2853]]","[[190, 155], [166, 151]]"
disclosure_x_bias,78,init_knn1,kDN,exponential,815.2703918229909,830.2095929223018,1.0,0.5151741293532338,9.348235712099369,129.0709681371307,0.0,0.033202332554105735,"[[3105, 0], [0, 2853]]","[[190, 155], [166, 151]]"
disclosure_x_bias,79,init_knn1,kDN,exponential,816.8232106675549,832.1230608575967,1.0,0.5151741293532338,11.077917870089548,133.03075404349153,0.0,0.033202332554105735,"[[3105, 0], [0, 2853]]","[[190, 155], [166, 151]]"
disclosure_x_bias,80,init_knn1,kDN,exponential,817.6353563001705,832.3131444976128,1.0,0.5151741293532338,11.040279652088621,132.76809090272522,0.0,0.033202332554105735,"[[3105, 0], [0, 2853]]","[[190, 155], [166, 151]]"
disclosure_x_bias,81,init_knn1,kDN,exponential,818.1230478834389,832.7318757942696,1.0,0.5151741293532338,11.187485315921554,132.78805801058311,0.0,0.033202332554105735,"[[3105, 0], [0, 2853]]","[[190, 155], [166, 151]]"
disclosure_x_bias,82,init_knn1,kDN,exponential,818.6751235040068,833.2923737179732,1.0,0.5151741293532338,11.167471119204652,132.72116643868108,0.0,0.033202332554105735,"[[3105, 0], [0, 2853]]","[[190, 155], [166, 151]]"
disclosure_x_bias,83,init_knn1,kDN,exponential,819.1886838690431,833.3697195695258,1.0,0.5151741293532338,11.177321166318352,132.68220120772418,0.0,0.033202332554105735,"[[3105, 0], [0, 2853]]","[[190, 155], [166, 151]]"
disclosure_x_bias,84,init_knn1,kDN,exponential,819.847011251061,834.1158839292272,1.0,0.5151741293532338,11.180189464472345,132.43986155970472,0.0,0.033202332554105735,"[[3105, 0], [0, 2853]]","[[190, 155], [166, 151]]"
disclosure_x_bias,85,init_knn1,kDN,exponential,820.6086499291077,834.0926122366254,1.0,0.5151741293532338,11.443560027578975,132.3104068135372,0.0,0.033202332554105735,"[[3105, 0], [0, 2853]]","[[190, 155], [166, 151]]"
disclosure_x_bias,86,init_knn1,kDN,exponential,821.0425750150882,834.0536340953471,1.0,0.5151741293532338,11.351289624443915,132.11000127840032,0.0,0.033202332554105735,"[[3105, 0], [0, 2853]]","[[190, 155], [166, 151]]"
disclosure_x_bias,87,init_knn1,kDN,exponential,821.7371280001238,834.8729760149633,1.0,0.5151741293532338,11.346585977960633,131.9362277510414,0.0,0.033202332554105735,"[[3105, 0], [0, 2853]]","[[190, 155], [166, 151]]"
disclosure_x_bias,88,init_knn1,kDN,exponential,822.2011004441935,835.274387275034,1.0,0.5151741293532338,11.35009445508455,132.10163298737746,0.0,0.033202332554105735,"[[3105, 0], [0, 2853]]","[[190, 155], [166, 151]]"
disclosure_x_bias,89,init_knn1,kDN,exponential,822.7622121421764,835.1528196975853,1.0,0.5151741293532338,11.406784321942933,132.0449778563559,0.0,0.033202332554105735,"[[3105, 0], [0, 2853]]","[[190, 155], [166, 151]]"
disclosure_x_bias,90,init_knn1,kDN,exponential,823.4408947884764,836.5948277357566,1.0,0.5151741293532338,11.301943695120137,132.1225001845011,0.0,0.033202332554105735,"[[3105, 0], [0, 2853]]","[[190, 155], [166, 151]]"
disclosure_x_bias,91,init_knn1,kDN,exponential,823.9072763271035,837.1603976700617,1.0,0.5151741293532338,11.42754566287809,132.03907760616906,0.0,0.033202332554105735,"[[3105, 0], [0, 2853]]","[[190, 155], [166, 151]]"
disclosure_x_bias,92,init_knn1,kDN,exponential,824.5458233752848,837.2630929413148,1.0,0.5151741293532338,11.331988826462918,131.84910111652937,0.0,0.033202332554105735,"[[3105, 0], [0, 2853]]","[[190, 155], [166, 151]]"
disclosure_x_bias,93,init_knn1,kDN,exponential,824.9787650034041,837.9171119951491,1.0,0.5151741293532338,11.282652441389873,132.76338869973992,0.0,0.033202332554105735,"[[3105, 0], [0, 2853]]","[[190, 155], [166, 151]]"
disclosure_x_bias,94,init_knn1,kDN,exponential,825.2561719608559,837.833813427627,1.0,0.5151741293532338,11.353002041100668,132.47608879697256,0.0,0.033202332554105735,"[[3105, 0], [0, 2853]]","[[190, 155], [166, 151]]"
disclosure_x_bias,95,init_knn1,kDN,exponential,825.6767411616763,838.2937264444327,1.0,0.5151741293532338,11.463535201293096,132.82559603626967,0.0,0.033202332554105735,"[[3105, 0], [0, 2853]]","[[190, 155], [166, 151]]"
disclosure_x_bias,96,init_knn1,kDN,exponential,826.1284701407901,838.4461963638275,1.0,0.5151741293532338,11.536773476381057,133.35202805406348,0.0,0.033202332554105735,"[[3105, 0], [0, 2853]]","[[190, 155], [166, 151]]"
disclosure_x_bias,97,init_knn1,kDN,exponential,826.6124133419959,838.2786873507221,1.0,0.5151741293532338,11.281812769832591,133.34635573263313,0.0,0.033202332554105735,"[[3105, 0], [0, 2853]]","[[190, 155], [166, 151]]"
disclosure_x_bias,98,init_knn1,kDN,exponential,827.4886877452133,839.3525094364865,1.0,0.5151741293532338,11.225420390803128,133.4733290143666,0.0,0.033202332554105735,"[[3105, 0], [0, 2853]]","[[190, 155], [166, 151]]"
disclosure_x_bias,99,init_knn1,kDN,exponential,827.7573715787033,839.2446167274065,1.0,0.5151741293532338,11.389664396977086,133.36862225603264,0.0,0.033202332554105735,"[[3105, 0], [0, 2853]]","[[190, 155], [166, 151]]"
disclosure_x_bias,100,init_knn1,kDN,exponential,828.5294795242064,839.42967866198,1.0,0.5151741293532338,11.291003948675899,133.44490657502914,0.0,0.033202332554105735,"[[3105, 0], [0, 2853]]","[[190, 155], [166, 151]]"
disclosure_x_bias,101,init_knn1,kDN,exponential,829.1032092376487,839.465863160934,1.0,0.5151741293532338,11.469787601087356,133.39557975265296,0.0,0.033202332554105735,"[[3105, 0], [0, 2853]]","[[190, 155], [166, 151]]"
disclosure_x_bias,102,init_knn1,kDN,exponential,830.4717602865678,841.3205468343891,1.0,0.5151741293532338,13.420493668887751,137.2880771244181,0.0,0.033202332554105735,"[[3105, 0], [0, 2853]]","[[190, 155], [166, 151]]"
disclosure_x_bias,103,init_knn1,kDN,exponential,831.0297877027499,842.065513959497,1.0,0.5151741293532338,13.499851015214094,136.561501956754,0.0,0.033202332554105735,"[[3105, 0], [0, 2853]]","[[190, 155], [166, 151]]"
disclosure_x_bias,104,init_knn1,kDN,exponential,831.8047052114487,842.24043151776,1.0,0.5151741293532338,13.539383072964299,137.17136704007564,0.0,0.033202332554105735,"[[3105, 0], [0, 2853]]","[[190, 155], [166, 151]]"
disclosure_x_bias,105,init_knn1,kDN,exponential,832.1787152172976,842.422849677481,1.0,0.5151741293532338,13.671015314186299,137.30351298748838,0.0,0.033202332554105735,"[[3105, 0], [0, 2853]]","[[190, 155], [166, 151]]"
disclosure_x_bias,106,init_knn1,kDN,exponential,832.5579787668499,842.9355180500552,1.0,0.5151741293532338,13.51010163799972,137.23919998699208,0.0,0.033202332554105735,"[[3105, 0], [0, 2853]]","[[190, 155], [166, 151]]"
disclosure_x_bias,107,init_knn1,kDN,exponential,832.7574364065471,843.0161129734921,1.0,0.5151741293532338,13.52436394100273,137.2874168755511,0.0,0.033202332554105735,"[[3105, 0], [0, 2853]]","[[190, 155], [166, 151]]"
disclosure_x_bias,108,init_knn1,kDN,exponential,833.1483682227581,843.7747477594187,1.0,0.5151741293532338,13.40921626661708,138.0662712793389,0.0,0.033202332554105735,"[[3105, 0], [0, 2853]]","[[190, 155], [166, 151]]"
disclosure_x_bias,109,init_knn1,kDN,exponential,833.440160706485,843.8029594259708,1.0,0.5151741293532338,13.602153036020606,137.92545511996187,0.0,0.033202332554105735,"[[3105, 0], [0, 2853]]","[[190, 155], [166, 151]]"
disclosure_x_bias,110,init_knn1,kDN,exponential,833.9322283539232,844.636379584681,1.0,0.5151741293532338,13.963858483788428,138.40987291631507,0.0,0.033202332554105735,"[[3105, 0], [0, 2853]]","[[190, 155], [166, 151]]"
disclosure_x_bias,111,init_knn1,kDN,exponential,834.5105963369045,845.5507113932683,1.0,0.5151741293532338,14.387038142275731,137.70704372441048,0.0,0.033202332554105735,"[[3105, 0], [0, 2853]]","[[190, 155], [166, 151]]"
disclosure_x_bias,112,init_knn1,kDN,exponential,835.0393265322851,846.39932833814,1.0,0.5151741293532338,14.384381709872251,138.24688463568017,0.0,0.033202332554105735,"[[3105, 0], [0, 2853]]","[[190, 155], [166, 151]]"
disclosure_x_bias,113,init_knn1,kDN,exponential,835.5642927555542,846.764546412743,1.0,0.5151741293532338,14.335093392878688,138.48758879499502,0.0,0.033202332554105735,"[[3105, 0], [0, 2853]]","[[190, 155], [166, 151]]"
disclosure_x_bias,114,init_knn1,kDN,exponential,835.6445843349113,846.7965503252799,1.0,0.5151741293532338,14.248985157774905,138.49147417017804,0.0,0.033202332554105735,"[[3105, 0], [0, 2853]]","[[190, 155], [166, 151]]"
disclosure_x_bias,115,init_knn1,kDN,exponential,836.0812920181336,846.6586108111536,1.0,0.5151741293532338,14.226276501097823,138.52341462632566,0.0,0.033202332554105735,"[[3105, 0], [0, 2853]]","[[190, 155], [166, 151]]"
disclosure_x_bias,116,init_knn1,kDN,exponential,836.3699075525863,846.6439504677348,1.0,0.5151741293532338,14.316613372491148,138.69860133313085,0.0,0.033202332554105735,"[[3105, 0], [0, 2853]]","[[190, 155], [166, 151]]"
disclosure_x_bias,117,init_knn1,kDN,exponential,836.5506347074337,846.8008643501462,1.0,0.5151741293532338,14.235743099379722,138.66811624340016,0.0,0.033202332554105735,"[[3105, 0], [0, 2853]]","[[190, 155], [166, 151]]"
disclosure_x_bias,118,init_knn1,kDN,exponential,837.1452229357453,847.3180848979357,1.0,0.5151741293532338,14.205782894671021,138.26561382647168,0.0,0.033202332554105735,"[[3105, 0], [0, 2853]]","[[190, 155], [166, 151]]"
disclosure_x_bias,119,init_knn1,kDN,exponential,837.26275931151,846.9815401394035,1.0,0.5151741293532338,14.105177930514289,138.30810080859524,0.0,0.033202332554105735,"[[3105, 0], [0, 2853]]","[[190, 155], [166, 151]]"
disclosure_x_bias,120,init_knn1,kDN,exponential,837.931442792843,847.7475474836128,1.0,0.5151741293532338,14.12204369334571,138.00061604271173,0.0,0.033202332554105735,"[[3105, 0], [0, 2853]]","[[190, 155], [166, 151]]"
disclosure_x_bias,121,init_knn1,kDN,exponential,838.55031809874,848.3246535081568,1.0,0.5151741293532338,14.010420088597876,137.89974035606306,0.0,0.033202332554105735,"[[3105, 0], [0, 2853]]","[[190, 155], [166, 151]]"
disclosure_x_bias,122,init_knn1,kDN,exponential,838.7153673488885,848.4096858532239,1.0,0.5151741293532338,14.064739243694635,138.5431553942236,0.0,0.033202332554105735,"[[3105, 0], [0, 2853]]","[[190, 155], [166, 151]]"
disclosure_x_bias,123,init_knn1,kDN,exponential,838.9357386878453,848.6697081102363,1.0,0.5151741293532338,14.239741516212538,138.9459784099883,0.0,0.033202332554105735,"[[3105, 0], [0, 2853]]","[[190, 155], [166, 151]]"
disclosure_x_bias,124,init_knn1,kDN,exponential,839.46009274634,849.2995670517082,1.0,0.5151741293532338,14.087713050633853,138.54077457898939,0.0,0.033202332554105735,"[[3105, 0], [0, 2853]]","[[190, 155], [166, 151]]"
disclosure_x_bias,125,init_knn1,kDN,exponential,839.5712652426315,849.280852257579,1.0,0.5151741293532338,14.188339238932409,138.92285686390937,0.0,0.033202332554105735,"[[3105, 0], [0, 2853]]","[[190, 155], [166, 151]]"
disclosure_x_bias,126,init_knn1,kDN,exponential,840.0816523453374,849.8002669193456,1.0,0.5151741293532338,14.343756712647057,138.78959906322433,0.0,0.033202332554105735,"[[3105, 0], [0, 2853]]","[[190, 155], [166, 151]]"
disclosure_x_bias,127,init_knn1,kDN,exponential,840.180978384964,849.6501762509181,1.0,0.5151741293532338,14.448953540997692,138.98606800857,0.0,0.033202332554105735,"[[3105, 0], [0, 2853]]","[[190, 155], [166, 151]]"
disclosure_x_bias,128,init_knn1,kDN,exponential,840.3063191827563,849.6448645583405,1.0,0.5151741293532338,14.400964966818918,139.05487018681208,0.0,0.033202332554105735,"[[3105, 0], [0, 2853]]","[[190, 155], [166, 151]]"
disclosure_x_bias,129,init_knn1,kDN,exponential,840.5629488193454,849.5530254816204,1.0,0.5151741293532338,14.50422526153769,139.38695879926414,0.0,0.033202332554105735,"[[3105, 0], [0, 2853]]","[[190, 155], [166, 151]]"
disclosure_x_bias,130,init_knn1,kDN,exponential,841.1649426290854,849.398829329211,1.0,0.5151741293532338,13.987528584679854,139.2129687999316,0.0,0.033202332554105735,"[[3105, 0], [0, 2853]]","[[190, 155], [166, 151]]"
disclosure_x_bias,131,init_knn1,kDN,exponential,841.6943955586978,849.7015023059105,1.0,0.5151741293532338,13.980292295384505,139.3805273742082,0.0,0.033202332554105735,"[[3105, 0], [0, 2853]]","[[190, 155], [166, 151]]"
disclosure_x_bias,132,init_knn1,kDN,exponential,841.9001074479596,849.8658133636056,1.0,0.5151741293532338,13.965431418917152,139.30835673770522,0.0,0.033202332554105735,"[[3105, 0], [0, 2853]]","[[190, 155], [166, 151]]"
disclosure_x_bias,133,init_knn1,kDN,exponential,842.4402276234174,849.9494040555697,1.0,0.5151741293532338,13.792004201742074,139.15837156340731,0.0,0.033202332554105735,"[[3105, 0], [0, 2853]]","[[190, 155], [166, 151]]"
disclosure_x_bias,134,init_knn1,kDN,exponential,842.5609366947319,849.5959006745231,1.0,0.5151741293532338,13.73623107693992,139.16998756639498,0.0,0.033202332554105735,"[[3105, 0], [0, 2853]]","[[190, 155], [166, 151]]"
disclosure_x_bias,135,init_knn1,kDN,exponential,843.8377367268537,849.728182032695,1.0,0.5151741293532338,14.00953722652824,139.5085791393835,0.0,0.033202332554105735,"[[3105, 0], [0, 2853]]","[[190, 155], [166, 151]]"
disclosure_x_bias,136,init_knn1,kDN,exponential,844.5272330578221,850.2565031498432,1.0,0.5151741293532338,14.065507029295864,139.52210721002206,0.0,0.033202332554105735,"[[3105, 0], [0, 2853]]","[[190, 155], [166, 151]]"
disclosure_x_bias,137,init_knn1,kDN,exponential,845.590928899726,852.1651712040579,1.0,0.5151741293532338,16.517092675681127,144.39464024794793,0.0,0.033202332554105735,"[[3105, 0], [0, 2853]]","[[190, 155], [166, 151]]"
disclosure_x_bias,138,init_knn1,kDN,exponential,845.7923482019899,852.4762640437508,1.0,0.5151741293532338,16.452071671998908,144.49269325220695,0.0,0.033202332554105735,"[[3105, 0], [0, 2853]]","[[190, 155], [166, 151]]"
disclosure_x_bias,139,init_knn1,kDN,exponential,845.8607753953268,852.4342083890609,1.0,0.5151741293532338,16.541478315657884,144.69620482637654,0.0,0.033202332554105735,"[[3105, 0], [0, 2853]]","[[190, 155], [166, 151]]"
disclosure_x_bias,140,init_knn1,kDN,exponential,846.2390985105334,852.6426141328923,1.0,0.5151741293532338,16.546786376371415,145.0539064735172,0.0,0.033202332554105735,"[[3105, 0], [0, 2853]]","[[190, 155], [166, 151]]"
disclosure_x_bias,141,init_knn1,kDN,exponential,846.3918262867626,852.4490368837453,1.0,0.5151741293532338,16.70298577269429,145.24126644865666,0.0,0.033202332554105735,"[[3105, 0], [0, 2853]]","[[190, 155], [166, 151]]"
disclosure_x_bias,142,init_knn1,kDN,exponential,846.7530035682094,853.1453543717162,1.0,0.5151741293532338,16.33754269142353,144.57445479958287,0.0,0.033202332554105735,"[[3105, 0], [0, 2853]]","[[190, 155], [166, 151]]"
disclosure_x_bias,143,init_knn1,kDN,exponential,846.8152380973136,852.7660211694347,1.0,0.5151741293532338,16.34663610244444,144.6387934091056,0.0,0.033202332554105735,"[[3105, 0], [0, 2853]]","[[190, 155], [166, 151]]"
disclosure_x_bias,144,init_knn1,kDN,exponential,847.0690450780021,853.3339406717536,1.0,0.5151741293532338,16.373574366580204,144.22129113767616,0.0,0.033202332554105735,"[[3105, 0], [0, 2853]]","[[190, 155], [166, 151]]"
disclosure_x_bias,145,init_knn1,kDN,exponential,847.5620256955465,853.0867742321825,1.0,0.5151741293532338,16.40490029058186,144.2388447637656,0.0,0.033202332554105735,"[[3105, 0], [0, 2853]]","[[190, 155], [166, 151]]"
disclosure_x_bias,146,init_knn1,kDN,exponential,847.6820359364195,853.1839066357494,1.0,0.5151741293532338,16.516635002744184,144.0538187260914,0.0,0.033202332554105735,"[[3105, 0], [0, 2853]]","[[190, 155], [166, 151]]"
disclosure_x_bias,147,init_knn1,kDN,exponential,847.9264060833782,853.0188336570676,1.0,0.5151741293532338,16.956804105388212,144.12734728174317,0.0,0.033202332554105735,"[[3105, 0], [0, 2853]]","[[190, 155], [166, 151]]"
disclosure_x_bias,148,init_knn1,kDN,exponential,848.1073387295116,853.3627827429422,1.0,0.5151741293532338,16.821092480654524,143.99120543546587,0.0,0.033202332554105735,"[[3105, 0], [0, 2853]]","[[190, 155], [166, 151]]"
disclosure_x_bias,149,init_knn1,kDN,exponential,848.5856192046494,853.3609113009716,1.0,0.5151741293532338,16.83445002416976,143.94567799058208,0.0,0.033202332554105735,"[[3105, 0], [0, 2853]]","[[190, 155], [166, 151]]"
disclosure_x_bias,150,init_knn1,kDN,exponential,849.2105422172057,854.2141092638676,1.0,0.5151741293532338,16.762452121851315,144.09973564785815,0.0,0.033202332554105735,"[[3105, 0], [0, 2853]]","[[190, 155], [166, 151]]"
disclosure_x_bias,151,init_knn1,kDN,exponential,849.4986903973997,854.370162176138,1.0,0.5151741293532338,16.576384841503923,144.11686654183768,0.0,0.033202332554105735,"[[3105, 0], [0, 2853]]","[[190, 155], [166, 151]]"
disclosure_x_bias,152,init_knn1,kDN,exponential,849.6433333443294,854.3479773416836,1.0,0.5151741293532338,16.534242657472337,144.09658191713606,0.0,0.033202332554105735,"[[3105, 0], [0, 2853]]","[[190, 155], [166, 151]]"
disclosure_x_bias,153,init_knn1,kDN,exponential,850.0821345232847,854.697819260813,1.0,0.5151741293532338,16.521886607467717,144.97110046134577,0.0,0.033202332554105735,"[[3105, 0], [0, 2853]]","[[190, 155], [166, 151]]"
disclosure_x_bias,154,init_knn1,kDN,exponential,850.3009229992655,854.7304853855442,1.0,0.5151741293532338,16.593167126161724,145.31324122341525,0.0,0.033202332554105735,"[[3105, 0], [0, 2853]]","[[190, 155], [166, 151]]"
disclosure_x_bias,155,init_knn1,kDN,exponential,850.384194209463,854.6428357980965,1.0,0.5151741293532338,16.507830332191144,145.23196930885877,0.0,0.033202332554105735,"[[3105, 0], [0, 2853]]","[[190, 155], [166, 151]]"
disclosure_x_bias,156,init_knn1,kDN,exponential,850.6670373491928,854.8016695356542,1.0,0.5151741293532338,16.603796713537186,145.54722442675697,0.0,0.033202332554105735,"[[3105, 0], [0, 2853]]","[[190, 155], [166, 151]]"
disclosure_x_bias,157,init_knn1,kDN,exponential,851.0296104166922,854.6105374864503,1.0,0.5151741293532338,16.375224605830436,144.7569197879886,0.0,0.033202332554105735,"[[3105, 0], [0, 2853]]","[[190, 155], [166, 151]]"
disclosure_x_bias,158,init_knn1,kDN,exponential,851.6131705766077,855.527388971352,1.0,0.5151741293532338,16.67448097573701,145.30034861730007,0.0,0.033202332554105735,"[[3105, 0], [0, 2853]]","[[190, 155], [166, 151]]"
disclosure_x_bias,159,init_knn1,kDN,exponential,852.0116992310889,855.2205508568538,1.0,0.5151741293532338,16.65858149023148,145.1685752872346,0.0,0.033202332554105735,"[[3105, 0], [0, 2853]]","[[190, 155], [166, 151]]"
disclosure_x_bias,160,init_knn1,kDN,exponential,852.1578465772687,855.4706166332659,1.0,0.5151741293532338,16.523855365511725,145.20548771841706,0.0,0.033202332554105735,"[[3105, 0], [0, 2853]]","[[190, 155], [166, 151]]"
disclosure_x_bias,161,init_knn1,kDN,exponential,852.4009564896851,855.3971763994159,1.0,0.5151741293532338,16.737652536411836,145.01715038068642,0.0,0.033202332554105735,"[[3105, 0], [0, 2853]]","[[190, 155], [166, 151]]"
disclosure_x_bias,162,init_knn1,kDN,exponential,852.5197581649863,855.4189032065326,1.0,0.5151741293532338,16.545226732140833,145.16330462056382,0.0,0.033202332554105735,"[[3105, 0], [0, 2853]]","[[190, 155], [166, 151]]"
disclosure_x_bias,163,init_knn1,kDN,exponential,852.9605156913606,855.3790939094433,1.0,0.5151741293532338,16.894861497232572,145.24013460247605,0.0,0.033202332554105735,"[[3105, 0], [0, 2853]]","[[190, 155], [166, 151]]"
disclosure_x_bias,164,init_knn1,kDN,exponential,853.0915217481031,855.6011947279782,1.0,0.5151741293532338,16.953193672153784,145.8818951245206,0.0,0.033202332554105735,"[[3105, 0], [0, 2853]]","[[190, 155], [166, 151]]"
disclosure_x_bias,165,init_knn1,kDN,exponential,853.3839342138095,855.6316144727878,1.0,0.5151741293532338,17.13147232697043,146.02341270306277,0.0,0.033202332554105735,"[[3105, 0], [0, 2853]]","[[190, 155], [166, 151]]"
disclosure_x_bias,166,init_knn1,kDN,exponential,853.8861100642118,856.2997033599461,1.0,0.5151741293532338,16.778099641019967,146.0755702502844,0.0,0.033202332554105735,"[[3105, 0], [0, 2853]]","[[190, 155], [166, 151]]"
disclosure_x_bias,167,init_knn1,kDN,exponential,854.080535163939,856.4044923469776,1.0,0.5151741293532338,16.976415553377286,146.3563561146931,0.0,0.033202332554105735,"[[3105, 0], [0, 2853]]","[[190, 155], [166, 151]]"
disclosure_x_bias,168,init_knn1,kDN,exponential,854.2117406248628,856.635674664255,1.0,0.5151741293532338,16.846521143764498,146.41432941940448,0.0,0.033202332554105735,"[[3105, 0], [0, 2853]]","[[190, 155], [166, 151]]"
disclosure_x_bias,169,init_knn1,kDN,exponential,854.4846298674844,856.7088348584706,1.0,0.5151741293532338,16.93833827029887,146.33289336863075,0.0,0.033202332554105735,"[[3105, 0], [0, 2853]]","[[190, 155], [166, 151]]"
disclosure_x_bias,170,init_knn1,kDN,exponential,854.9838154826696,857.321337512269,1.0,0.5151741293532338,16.798823088441836,145.97935678119464,0.0,0.033202332554105735,"[[3105, 0], [0, 2853]]","[[190, 155], [166, 151]]"
disclosure_x_bias,171,init_knn1,kDN,exponential,855.2426325099502,857.5141145671435,1.0,0.5151741293532338,16.852746722659067,146.2387048216357,0.0,0.033202332554105735,"[[3105, 0], [0, 2853]]","[[190, 155], [166, 151]]"
disclosure_x_bias,172,init_knn1,kDN,exponential,855.324275526515,857.5840861700214,1.0,0.5151741293532338,16.92245143728977,146.7922086496602,0.0,0.033202332554105735,"[[3105, 0], [0, 2853]]","[[190, 155], [166, 151]]"
disclosure_x_bias,173,init_knn1,kDN,exponential,855.956977665038,858.1506933366711,1.0,0.5151741293532338,16.542829293537654,146.47800353777725,0.0,0.033202332554105735,"[[3105, 0], [0, 2853]]","[[190, 155], [166, 151]]"
disclosure_x_bias,174,init_knn1,kDN,exponential,856.0917659142648,858.012549971649,1.0,0.5151741293532338,16.60894408886565,146.39274028832904,0.0,0.033202332554105735,"[[3105, 0], [0, 2853]]","[[190, 155], [166, 151]]"
disclosure_x_bias,175,init_knn1,kDN,exponential,856.3971518116807,858.5092342342459,1.0,0.5151741293532338,16.438497705285073,146.5011534477003,0.0,0.033202332554105735,"[[3105, 0], [0, 2853]]","[[190, 155], [166, 151]]"
disclosure_x_bias,176,init_knn1,kDN,exponential,856.5553005432063,858.2426594637175,1.0,0.5151741293532338,16.504250130520873,146.50249509659227,0.0,0.033202332554105735,"[[3105, 0], [0, 2853]]","[[190, 155], [166, 151]]"
disclosure_x_bias,177,init_knn1,kDN,exponential,856.784496726819,858.5564286862336,1.0,0.5151741293532338,16.464188659365604,146.48101433115764,0.0,0.033202332554105735,"[[3105, 0], [0, 2853]]","[[190, 155], [166, 151]]"
disclosure_x_bias,178,init_knn1,kDN,exponential,857.2190302320708,858.5319307045007,1.0,0.5151741293532338,16.544542673951153,147.44228494639987,0.0,0.033202332554105735,"[[3105, 0], [0, 2853]]","[[190, 155], [166, 151]]"
disclosure_x_bias,179,init_knn1,kDN,exponential,857.59621207813,859.0430360178518,1.0,0.5151741293532338,16.468692038451817,147.18080958254794,0.0,0.033202332554105735,"[[3105, 0], [0, 2853]]","[[190, 155], [166, 151]]"
disclosure_x_bias,180,init_knn1,kDN,exponential,857.9910373808112,859.5568970422994,1.0,0.5151741293532338,16.308294466556152,147.096767338309,0.0,0.033202332554105735,"[[3105, 0], [0, 2853]]","[[190, 155], [166, 151]]"
disclosure_x_bias,181,init_knn1,kDN,exponential,858.1314913573231,859.9228829443251,1.0,0.5151741293532338,16.267746187812534,147.45791675151162,0.0,0.033202332554105735,"[[3105, 0], [0, 2853]]","[[190, 155], [166, 151]]"
disclosure_x_bias,182,init_knn1,kDN,exponential,858.4063301771436,859.7224052118536,1.0,0.5151741293532338,16.168456301503685,147.32737572511718,0.0,0.033202332554105735,"[[3105, 0], [0, 2853]]","[[190, 155], [166, 151]]"
disclosure_x_bias,183,init_knn1,kDN,exponential,858.5746795220206,860.1045005180131,1.0,0.5151741293532338,16.176999280374073,147.42847125485918,0.0,0.033202332554105735,"[[3105, 0], [0, 2853]]","[[190, 155], [166, 151]]"
disclosure_x_bias,184,init_knn1,kDN,exponential,858.8524244468423,860.2696941495562,1.0,0.5151741293532338,16.171730865091313,146.87699817552416,0.0,0.033202332554105735,"[[3105, 0], [0, 2853]]","[[190, 155], [166, 151]]"
disclosure_x_bias,185,init_knn1,kDN,exponential,858.9828146663707,860.2829536713076,1.0,0.5151741293532338,15.901294209692944,146.69364723831407,0.0,0.033202332554105735,"[[3105, 0], [0, 2853]]","[[190, 155], [166, 151]]"
disclosure_x_bias,186,init_knn1,kDN,exponential,859.2518372663393,860.5352084745093,1.0,0.5151741293532338,16.280412260990826,147.15674045872058,0.0,0.033202332554105735,"[[3105, 0], [0, 2853]]","[[190, 155], [166, 151]]"
disclosure_x_bias,187,init_knn1,kDN,exponential,860.6245058136423,862.880383607371,1.0,0.5151741293532338,19.316071671089706,152.70175696284073,0.0,0.033202332554105735,"[[3105, 0], [0, 2853]]","[[190, 155], [166, 151]]"
disclosure_x_bias,188,init_knn1,kDN,exponential,860.6034135333773,862.6784616026977,1.0,0.5151741293532338,19.322076582322,152.85932187738996,0.0,0.033202332554105735,"[[3105, 0], [0, 2853]]","[[190, 155], [166, 151]]"
disclosure_x_bias,189,init_knn1,kDN,exponential,861.4910210695771,863.0941813126271,1.0,0.5151741293532338,19.188695195709112,152.48003907994385,0.0,0.033202332554105735,"[[3105, 0], [0, 2853]]","[[190, 155], [166, 151]]"
disclosure_x_bias,190,init_knn1,kDN,exponential,861.7062655754393,862.9694151303544,1.0,0.5151741293532338,18.89596510460963,152.61421981940794,0.0,0.033202332554105735,"[[3105, 0], [0, 2853]]","[[190, 155], [166, 151]]"
disclosure_x_bias,191,init_knn1,kDN,exponential,861.9059507118785,863.0660461067944,1.0,0.5151741293532338,19.029892536874097,152.34081199651828,0.0,0.033202332554105735,"[[3105, 0], [0, 2853]]","[[190, 155], [166, 151]]"
disclosure_x_bias,192,init_knn1,kDN,exponential,861.8635805861777,862.4324103328867,1.0,0.5151741293532338,18.803490568552373,152.09151530050937,0.0,0.033202332554105735,"[[3105, 0], [0, 2853]]","[[190, 155], [166, 151]]"
disclosure_x_bias,193,init_knn1,kDN,exponential,862.2087286477184,862.7335232231919,1.0,0.5151741293532338,18.9416455719849,152.34746392467352,0.0,0.033202332554105735,"[[3105, 0], [0, 2853]]","[[190, 155], [166, 151]]"
disclosure_x_bias,194,init_knn1,kDN,exponential,862.1754563087936,862.5789775059538,1.0,0.5151741293532338,18.915117386112538,152.40067295119547,0.0,0.033202332554105735,"[[3105, 0], [0, 2853]]","[[190, 155], [166, 151]]"
disclosure_x_bias,195,init_knn1,kDN,exponential,862.6797102388757,863.0671834042129,1.0,0.5151741293532338,18.89398078951554,152.37998199140668,0.0,0.033202332554105735,"[[3105, 0], [0, 2853]]","[[190, 155], [166, 151]]"
disclosure_x_bias,196,init_knn1,kDN,exponential,862.9955495836087,863.7009159584628,1.0,0.5151741293532338,18.979606251310788,152.43916258897573,0.0,0.033202332554105735,"[[3105, 0], [0, 2853]]","[[190, 155], [166, 151]]"
disclosure_x_bias,197,init_knn1,kDN,exponential,863.3967603318054,863.535344288782,1.0,0.5151741293532338,18.938398840029215,152.3190614330392,0.0,0.033202332554105735,"[[3105, 0], [0, 2853]]","[[190, 155], [166, 151]]"
disclosure_x_bias,198,init_knn1,kDN,exponential,863.5721952722646,863.8772707823589,1.0,0.5151741293532338,18.880552190921456,152.32638482772805,0.0,0.033202332554105735,"[[3105, 0], [0, 2853]]","[[190, 155], [166, 151]]"
disclosure_x_bias,199,init_knn1,kDN,exponential,863.934203786492,864.260954369974,1.0,0.5151741293532338,18.74191933462258,152.27803107849715,0.0,0.033202332554105735,"[[3105, 0], [0, 2853]]","[[190, 155], [166, 151]]"
disclosure_x_bias,200,init_knn1,kDN,exponential,864.5843723714122,864.016112638479,1.0,0.5151741293532338,18.764933818507068,152.43705089346898,0.0,0.033202332554105735,"[[3105, 0], [0, 2853]]","[[190, 155], [166, 151]]"
disclosure_x_bias,201,init_knn1,kDN,exponential,864.8125097349891,864.28406788889,1.0,0.5151741293532338,18.85394952517114,152.70611092378,0.0,0.033202332554105735,"[[3105, 0], [0, 2853]]","[[190, 155], [166, 151]]"
disclosure_x_bias,202,init_knn1,kDN,exponential,865.0862963493792,864.3319095762442,1.0,0.5151741293532338,18.82512808066846,152.31932348797298,0.0,0.033202332554105735,"[[3105, 0], [0, 2853]]","[[190, 155], [166, 151]]"
disclosure_x_bias,203,init_knn1,kDN,exponential,865.5074546257489,864.0828465376462,1.0,0.5151741293532338,18.775784810256656,152.78984707043995,0.0,0.033202332554105735,"[[3105, 0], [0, 2853]]","[[190, 155], [166, 151]]"
disclosure_x_bias,204,init_knn1,kDN,exponential,865.6260885320942,864.1002641217816,1.0,0.5151741293532338,18.512017394987865,152.46928297406944,0.0,0.033202332554105735,"[[3105, 0], [0, 2853]]","[[190, 155], [166, 151]]"
disclosure_x_bias,205,init_knn1,kDN,exponential,866.2506903720383,863.9622277644654,1.0,0.5151741293532338,18.580420997447092,152.314079260175,0.0,0.033202332554105735,"[[3105, 0], [0, 2853]]","[[190, 155], [166, 151]]"
disclosure_x_bias,206,init_knn1,kDN,exponential,866.4329550754135,864.6697824526989,1.0,0.5151741293532338,18.588977211069988,152.46739961736878,0.0,0.033202332554105735,"[[3105, 0], [0, 2853]]","[[190, 155], [166, 151]]"
disclosure_x_bias,207,init_knn1,kDN,exponential,866.7819642217904,865.3050935207182,1.0,0.5151741293532338,18.77117153265572,152.2252825574916,0.0,0.033202332554105735,"[[3105, 0], [0, 2853]]","[[190, 155], [166, 151]]"
disclosure_x_bias,208,init_knn1,kDN,exponential,866.8372009085699,865.0257635340437,1.0,0.5151741293532338,18.608039599680023,152.36961212830226,0.0,0.033202332554105735,"[[3105, 0], [0, 2853]]","[[190, 155], [166, 151]]"
disclosure_x_bias,209,init_knn1,kDN,exponential,866.9574654818425,865.0549967247522,1.0,0.5151741293532338,18.9247077049858,151.8940430797698,0.0,0.033202332554105735,"[[3105, 0], [0, 2853]]","[[190, 155], [166, 151]]"
disclosure_x_bias,210,init_knn1,kDN,exponential,867.3993471887355,864.8661637993007,1.0,0.5151741293532338,18.733885997774806,151.90270252879563,0.0,0.033202332554105735,"[[3105, 0], [0, 2853]]","[[190, 155], [166, 151]]"
disclosure_x_bias,211,init_knn1,kDN,exponential,867.9071497709768,865.0472169619276,1.0,0.5151741293532338,19.307023044025108,151.7314276704113,0.0,0.033202332554105735,"[[3105, 0], [0, 2853]]","[[190, 155], [166, 151]]"
disclosure_x_bias,212,init_knn1,kDN,exponential,868.2284124633616,864.9900132996993,1.0,0.5151741293532338,19.219022270365375,151.71444122207672,0.0,0.033202332554105735,"[[3105, 0], [0, 2853]]","[[190, 155], [166, 151]]"
disclosure_x_bias,213,init_knn1,kDN,exponential,868.4417557545481,864.8736408015733,1.0,0.5151741293532338,19.253472448686786,151.9536370820224,0.0,0.033202332554105735,"[[3105, 0], [0, 2853]]","[[190, 155], [166, 151]]"
disclosure_x_bias,214,init_knn1,kDN,exponential,868.5527928962443,865.0760701642266,1.0,0.5151741293532338,19.48003958128552,152.42917589168346,0.0,0.033202332554105735,"[[3105, 0], [0, 2853]]","[[190, 155], [166, 151]]"
disclosure_x_bias,215,init_knn1,kDN,exponential,868.6783967050205,865.2775204321149,1.0,0.5151741293532338,19.351663298564766,152.32511058972776,0.0,0.033202332554105735,"[[3105, 0], [0, 2853]]","[[190, 155], [166, 151]]"
disclosure_x_bias,216,init_knn1,kDN,exponential,869.3166063318822,866.261943737962,1.0,0.5151741293532338,19.159810642829807,152.5155462030118,0.0,0.033202332554105735,"[[3105, 0], [0, 2853]]","[[190, 155], [166, 151]]"
disclosure_x_bias,217,init_knn1,kDN,exponential,869.5145586439918,866.3424653050624,1.0,0.5151741293532338,19.20743253596978,152.21657031725982,0.0,0.033202332554105735,"[[3105, 0], [0, 2853]]","[[190, 155], [166, 151]]"
disclosure_x_bias,218,init_knn1,kDN,exponential,869.6199636505328,866.6282426299201,1.0,0.5151741293532338,19.2798880186454,153.3897393520596,0.0,0.033202332554105735,"[[3105, 0], [0, 2853]]","[[190, 155], [166, 151]]"
disclosure_x_bias,219,init_knn1,kDN,exponential,869.7517765124837,866.7882430436739,1.0,0.5151741293532338,19.284600175766503,153.48355434253804,0.0,0.033202332554105735,"[[3105, 0], [0, 2853]]","[[190, 155], [166, 151]]"
disclosure_x_bias,220,init_knn1,kDN,exponential,869.9505345087737,866.9488484307046,1.0,0.5151741293532338,19.22887299755227,153.45977959590562,0.0,0.033202332554105735,"[[3105, 0], [0, 2853]]","[[190, 155], [166, 151]]"
disclosure_x_bias,221,init_knn1,kDN,exponential,870.1211067776421,867.1453161819702,1.0,0.5151741293532338,19.264298078118188,153.6367268084761,0.0,0.033202332554105735,"[[3105, 0], [0, 2853]]","[[190, 155], [166, 151]]"
disclosure_x_bias,222,init_knn1,kDN,exponential,870.4200309780342,867.5005145754973,1.0,0.5151741293532338,19.637648585733572,154.39105939852809,0.0,0.033202332554105735,"[[3105, 0], [0, 2853]]","[[190, 155], [166, 151]]"
disclosure_x_bias,223,init_knn1,kDN,exponential,870.5092228571215,867.1529634202558,1.0,0.5151741293532338,19.421488571630913,153.85960169862622,0.0,0.033202332554105735,"[[3105, 0], [0, 2853]]","[[190, 155], [166, 151]]"
disclosure_x_bias,224,init_knn1,kDN,exponential,870.9861037960761,867.8423399578958,1.0,0.5151741293532338,19.443429370196196,153.66756012155633,0.0,0.033202332554105735,"[[3105, 0], [0, 2853]]","[[190, 155], [166, 151]]"
disclosure_x_bias,225,init_knn1,kDN,exponential,871.1512437014159,867.5933079089039,1.0,0.5151741293532338,19.512452566138975,153.6201829015264,0.0,0.033202332554105735,"[[3105, 0], [0, 2853]]","[[190, 155], [166, 151]]"
disclosure_x_bias,226,init_knn1,kDN,exponential,871.2822589481315,867.8973281356363,1.0,0.5151741293532338,19.407096782123325,153.51033538992763,0.0,0.033202332554105735,"[[3105, 0], [0, 2853]]","[[190, 155], [166, 151]]"
disclosure_x_bias,227,init_knn1,kDN,exponential,871.5984649059026,868.0237737301107,1.0,0.5151741293532338,19.579599913925552,153.65876799093985,0.0,0.033202332554105735,"[[3105, 0], [0, 2853]]","[[190, 155], [166, 151]]"
disclosure_x_bias,228,init_knn1,kDN,exponential,871.8180651773753,868.4929186364432,1.0,0.5151741293532338,19.871554222754582,153.15892356790607,0.0,0.033202332554105735,"[[3105, 0], [0, 2853]]","[[190, 155], [166, 151]]"
disclosure_x_bias,229,init_knn1,kDN,exponential,872.2131760988999,868.8093210033963,1.0,0.5151741293532338,19.666081288941204,153.0838177434243,0.0,0.033202332554105735,"[[3105, 0], [0, 2853]]","[[190, 155], [166, 151]]"
disclosure_x_bias,230,init_knn1,kDN,exponential,872.2662451260583,868.7364742903368,1.0,0.5151741293532338,19.681932952359578,153.1853825860692,0.0,0.033202332554105735,"[[3105, 0], [0, 2853]]","[[190, 155], [166, 151]]"
disclosure_x_bias,231,init_knn1,kDN,exponential,872.4481195569278,868.6997705389091,1.0,0.5151741293532338,19.881398854220944,153.07110956791215,0.0,0.033202332554105735,"[[3105, 0], [0, 2853]]","[[190, 155], [166, 151]]"
disclosure_x_bias,232,init_knn1,kDN,exponential,872.5500661073307,868.6769156742854,1.0,0.5151741293532338,19.706140583873495,153.00331500270374,0.0,0.033202332554105735,"[[3105, 0], [0, 2853]]","[[190, 155], [166, 151]]"
disclosure_x_bias,233,init_knn1,kDN,exponential,872.8529782078031,868.785946249703,1.0,0.5151741293532338,19.779958632546816,152.8992178160426,0.0,0.033202332554105735,"[[3105, 0], [0, 2853]]","[[190, 155], [166, 151]]"
disclosure_x_bias,234,init_knn1,kDN,exponential,873.3969435840188,869.522993123522,1.0,0.5151741293532338,19.636252420168717,153.84246882822532,0.0,0.033202332554105735,"[[3105, 0], [0, 2853]]","[[190, 155], [166, 151]]"
disclosure_x_bias,235,init_knn1,kDN,exponential,873.751122452713,869.6538608436398,1.0,0.5151741293532338,19.57365283028425,153.81568486062528,0.0,0.033202332554105735,"[[3105, 0], [0, 2853]]","[[190, 155], [166, 151]]"
disclosure_x_bias,236,init_knn1,kDN,exponential,873.8238332233392,869.7821445490779,1.0,0.5151741293532338,19.552823021627255,154.04718878749662,0.0,0.033202332554105735,"[[3105, 0], [0, 2853]]","[[190, 155], [166, 151]]"
disclosure_x_bias,237,init_knn1,kDN,exponential,874.0745696116707,869.7416009721521,1.0,0.5151741293532338,19.796844292633292,154.0181113320006,0.0,0.033202332554105735,"[[3105, 0], [0, 2853]]","[[190, 155], [166, 151]]"
disclosure_x_bias,238,init_knn1,kDN,exponential,874.2012988048873,869.5906587344456,1.0,0.5151741293532338,19.559816664128956,154.24336327520007,0.0,0.033202332554105735,"[[3105, 0], [0, 2853]]","[[190, 155], [166, 151]]"
disclosure_x_bias,239,init_knn1,kDN,exponential,874.2784090342999,869.3595500044117,1.0,0.5151741293532338,19.57502120152754,154.1795885042177,0.0,0.033202332554105735,"[[3105, 0], [0, 2853]]","[[190, 155], [166, 151]]"
disclosure_x_bias,240,init_knn1,kDN,exponential,874.5431084264774,869.565460183168,1.0,0.5151741293532338,19.41311385588171,154.14041327784597,0.0,0.033202332554105735,"[[3105, 0], [0, 2853]]","[[190, 155], [166, 151]]"
disclosure_x_bias,241,init_knn1,kDN,exponential,874.7204862829249,869.4939199415337,1.0,0.5151741293532338,19.568693741176464,154.22105729784482,0.0,0.033202332554105735,"[[3105, 0], [0, 2853]]","[[190, 155], [166, 151]]"
disclosure_x_bias,242,init_knn1,kDN,exponential,876.351570985869,872.0439709935297,1.0,0.5151741293532338,22.76618018574093,160.03325670652347,0.0,0.033202332554105735,"[[3105, 0], [0, 2853]]","[[190, 155], [166, 151]]"
disclosure_x_bias,243,init_knn1,kDN,exponential,876.6731885747813,872.0798206199764,1.0,0.5151741293532338,23.13066312846838,160.1606190422404,0.0,0.033202332554105735,"[[3105, 0], [0, 2853]]","[[190, 155], [166, 151]]"
disclosure_x_bias,244,init_knn1,kDN,exponential,876.858210054493,872.4826794379973,1.0,0.5151741293532338,22.703201989670138,159.67115800206142,0.0,0.033202332554105735,"[[3105, 0], [0, 2853]]","[[190, 155], [166, 151]]"
disclosure_x_bias,245,init_knn1,kDN,exponential,876.8926764995322,872.5627897907098,1.0,0.5151741293532338,23.003473646849482,159.83614302512248,0.0,0.033202332554105735,"[[3105, 0], [0, 2853]]","[[190, 155], [166, 151]]"
disclosure_x_bias,246,init_knn1,kDN,exponential,877.1022815506625,872.5569054451571,1.0,0.5151741293532338,22.812608945374475,159.87587621713448,0.0,0.033202332554105735,"[[3105, 0], [0, 2853]]","[[190, 155], [166, 151]]"
disclosure_x_bias,247,init_knn1,kDN,exponential,877.4274919249698,873.2404855425968,1.0,0.5151741293532338,22.94505898129866,159.54640204130217,0.0,0.033202332554105735,"[[3105, 0], [0, 2853]]","[[190, 155], [166, 151]]"
disclosure_x_bias,248,init_knn1,kDN,exponential,877.5430997763369,873.5954114804475,1.0,0.5151741293532338,22.865479887757388,159.47072135325445,0.0,0.033202332554105735,"[[3105, 0], [0, 2853]]","[[190, 155], [166, 151]]"
disclosure_x_bias,249,init_knn1,kDN,exponential,877.691526571869,873.4681803965652,1.0,0.5151741293532338,22.92226248721603,159.75090358576637,0.0,0.033202332554105735,"[[3105, 0], [0, 2853]]","[[190, 155], [166, 151]]"
disclosure_x_bias,250,init_knn1,kDN,exponential,877.8183309452177,873.5302170417605,1.0,0.5151741293532338,22.871937077164638,159.90243130957475,0.0,0.033202332554105735,"[[3105, 0], [0, 2853]]","[[190, 155], [166, 151]]"
disclosure_x_bias,251,init_knn1,kDN,exponential,877.9947175816202,873.4192041340006,1.0,0.5151741293532338,22.909152016433715,160.09695172555814,0.0,0.033202332554105735,"[[3105, 0], [0, 2853]]","[[190, 155], [166, 151]]"
disclosure_x_bias,252,init_knn1,kDN,exponential,878.1309364277838,873.4124156969572,1.0,0.5151741293532338,22.802624789434706,160.14419348178427,0.0,0.033202332554105735,"[[3105, 0], [0, 2853]]","[[190, 155], [166, 151]]"
disclosure_x_bias,253,init_knn1,kDN,exponential,878.3168640375804,873.9145891994807,1.0,0.5151741293532338,22.907026542003127,160.03606624702363,0.0,0.033202332554105735,"[[3105, 0], [0, 2853]]","[[190, 155], [166, 151]]"
disclosure_x_bias,254,init_knn1,kDN,exponential,878.69367688126,873.9363695915966,1.0,0.5151741293532338,22.88125398866647,159.75618714620842,0.0,0.033202332554105735,"[[3105, 0], [0, 2853]]","[[190, 155], [166, 151]]"
disclosure_x_bias,255,init_knn1,kDN,exponential,878.6022593829782,874.181801366583,1.0,0.5151741293532338,22.7819489957486,159.85616588652837,0.0,0.033202332554105735,"[[3105, 0], [0, 2853]]","[[190, 155], [166, 151]]"
disclosure_x_bias,256,init_knn1,kDN,exponential,879.2107027013686,873.9962299275574,1.0,0.5151741293532338,22.55981710648231,159.96346241379516,0.0,0.033202332554105735,"[[3105, 0], [0, 2853]]","[[190, 155], [166, 151]]"
disclosure_x_bias,257,init_knn1,kDN,exponential,879.2760647344782,874.2411237384551,1.0,0.5151741293532338,22.622733283200564,160.23830527677816,0.0,0.033202332554105735,"[[3105, 0], [0, 2853]]","[[190, 155], [166, 151]]"
disclosure_x_bias,258,init_knn1,kDN,exponential,879.9118963926155,874.0586714213608,1.0,0.5151741293532338,22.49333137183732,159.93023677398182,0.0,0.033202332554105735,"[[3105, 0], [0, 2853]]","[[190, 155], [166, 151]]"
disclosure_x_bias,259,init_knn1,kDN,exponential,880.2341621249836,874.5131991494809,1.0,0.5151741293532338,22.423921563118558,160.29225351456856,0.0,0.033202332554105735,"[[3105, 0], [0, 2853]]","[[190, 155], [166, 151]]"
disclosure_x_bias,260,init_knn1,kDN,exponential,880.4736147107567,875.1561583212927,1.0,0.5151741293532338,22.645981307915527,161.09815045513835,0.0,0.033202332554105735,"[[3105, 0], [0, 2853]]","[[190, 155], [166, 151]]"
disclosure_x_bias,261,init_knn1,kDN,exponential,880.9564372740233,875.6660245496208,1.0,0.5151741293532338,22.28114346025243,160.9689517191977,0.0,0.033202332554105735,"[[3105, 0], [0, 2853]]","[[190, 155], [166, 151]]"
disclosure_x_bias,262,init_knn1,kDN,exponential,881.1834514956379,876.1182691647961,1.0,0.5151741293532338,22.44049138513655,160.87939920752714,0.0,0.033202332554105735,"[[3105, 0], [0, 2853]]","[[190, 155], [166, 151]]"
disclosure_x_bias,263,init_knn1,kDN,exponential,881.1640744819891,876.1264810108316,1.0,0.5151741293532338,22.33707743062188,160.6614492204357,0.0,0.033202332554105735,"[[3105, 0], [0, 2853]]","[[190, 155], [166, 151]]"
disclosure_x_bias,264,init_knn1,kDN,exponential,881.318652935063,876.2770878682562,1.0,0.5151741293532338,22.30290661935986,160.60467329169498,0.0,0.033202332554105735,"[[3105, 0], [0, 2853]]","[[190, 155], [166, 151]]"
disclosure_x_bias,265,init_knn1,kDN,exponential,882.038374086974,876.2471826206854,1.0,0.5151741293532338,21.922439944329525,160.8537624145899,0.0,0.033202332554105735,"[[3105, 0], [0, 2853]]","[[190, 155], [166, 151]]"
disclosure_x_bias,266,init_knn1,kDN,exponential,882.2738548454278,876.1401683567734,1.0,0.5151741293532338,22.035745251699524,160.5865267455251,0.0,0.033202332554105735,"[[3105, 0], [0, 2853]]","[[190, 155], [166, 151]]"
disclosure_x_bias,267,init_knn1,kDN,exponential,882.3567807250813,876.1341765968442,1.0,0.5151741293532338,21.840021769334918,160.60977459576492,0.0,0.033202332554105735,"[[3105, 0], [0, 2853]]","[[190, 155], [166, 151]]"
disclosure_x_bias,268,init_knn1,kDN,exponential,882.4933909774066,876.1033860650456,1.0,0.5151741293532338,21.846138144826224,160.58130196550877,0.0,0.033202332554105735,"[[3105, 0], [0, 2853]]","[[190, 155], [166, 151]]"
disclosure_x_bias,269,init_knn1,kDN,exponential,882.5966100946746,876.3740039370352,1.0,0.5151741293532338,21.775459558746054,160.82694290280824,0.0,0.033202332554105735,"[[3105, 0], [0, 2853]]","[[190, 155], [166, 151]]"
disclosure_x_bias,270,init_knn1,kDN,exponential,882.8061138877396,876.2153609124537,1.0,0.5151741293532338,21.754365144013352,160.67752376527332,0.0,0.033202332554105735,"[[3105, 0], [0, 2853]]","[[190, 155], [166, 151]]"
disclosure_x_bias,271,init_knn1,kDN,exponential,882.8751575639335,876.4011683806506,1.0,0.5151741293532338,21.558073686672298,160.92683672508312,0.0,0.033202332554105735,"[[3105, 0], [0, 2853]]","[[190, 155], [166, 151]]"
disclosure_x_bias,272,init_knn1,kDN,exponential,883.0316327213513,876.2871221381589,1.0,0.5151741293532338,21.724790012906276,160.52382031530652,0.0,0.033202332554105735,"[[3105, 0], [0, 2853]]","[[190, 155], [166, 151]]"
disclosure_x_bias,273,init_knn1,kDN,exponential,883.2671471777792,876.9418008457953,1.0,0.5151741293532338,21.687232687021993,161.0266593125903,0.0,0.033202332554105735,"[[3105, 0], [0, 2853]]","[[190, 155], [166, 151]]"
disclosure_x_bias,274,init_knn1,kDN,exponential,883.3059604092311,876.9267794539994,1.0,0.5151741293532338,21.570528474573177,161.1059778697089,0.0,0.033202332554105735,"[[3105, 0], [0, 2853]]","[[190, 155], [166, 151]]"
disclosure_x_bias,275,init_knn1,kDN,exponential,884.1085823887021,877.7817095292432,1.0,0.5151741293532338,21.730125876142885,160.84863705345973,0.0,0.033202332554105735,"[[3105, 0], [0, 2853]]","[[190, 155], [166, 151]]"
disclosure_x_bias,276,init_knn1,kDN,exponential,884.1489745978164,877.7944977785677,1.0,0.5151741293532338,21.61288297877719,160.63140162960727,0.0,0.033202332554105735,"[[3105, 0], [0, 2853]]","[[190, 155], [166, 151]]"
disclosure_x_bias,277,init_knn1,kDN,exponential,884.4293012895523,878.198199500284,1.0,0.5151741293532338,21.952617098111944,161.51587218595978,0.0,0.033202332554105735,"[[3105, 0], [0, 2853]]","[[190, 155], [166, 151]]"
disclosure_x_bias,278,init_knn1,kDN,exponential,884.5378172029874,878.0421480834408,1.0,0.5151741293532338,21.64510896106445,160.79278293342495,0.0,0.033202332554105735,"[[3105, 0], [0, 2853]]","[[190, 155], [166, 151]]"
disclosure_x_bias,279,init_knn1,kDN,exponential,884.6925687239527,878.0735911595608,1.0,0.5151741293532338,21.76387434754812,161.15386397864634,0.0,0.033202332554105735,"[[3105, 0], [0, 2853]]","[[190, 155], [166, 151]]"
disclosure_x_bias,280,init_knn1,kDN,exponential,884.7973823010132,878.3138379125487,1.0,0.5151741293532338,21.738472620806476,161.0041310016988,0.0,0.033202332554105735,"[[3105, 0], [0, 2853]]","[[190, 155], [166, 151]]"
disclosure_x_bias,281,init_knn1,kDN,exponential,885.0502375011295,878.3939859255709,1.0,0.5151741293532338,21.7525449038146,161.1823240956772,0.0,0.033202332554105735,"[[3105, 0], [0, 2853]]","[[190, 155], [166, 151]]"
disclosure_x_bias,282,init_knn1,kDN,exponential,885.4138850925353,878.6638199691695,1.0,0.5151741293532338,21.54386651868627,161.08886686770958,0.0,0.033202332554105735,"[[3105, 0], [0, 2853]]","[[190, 155], [166, 151]]"
disclosure_x_bias,283,init_knn1,kDN,exponential,885.4591043964971,878.6032070743425,1.0,0.5151741293532338,21.653932313416963,161.3286478460332,0.0,0.033202332554105735,"[[3105, 0], [0, 2853]]","[[190, 155], [166, 151]]"
disclosure_x_bias,284,init_knn1,kDN,exponential,885.9530067900884,878.9037961254395,1.0,0.5151741293532338,21.853014711723137,161.26791709668197,0.0,0.033202332554105735,"[[3105, 0], [0, 2853]]","[[190, 155], [166, 151]]"
disclosure_x_bias,285,init_knn1,kDN,exponential,886.1334786850703,878.8999302252435,1.0,0.5151741293532338,21.96758609582805,161.5388018211358,0.0,0.033202332554105735,"[[3105, 0], [0, 2853]]","[[190, 155], [166, 151]]"
disclosure_x_bias,286,init_knn1,kDN,exponential,886.2867639656184,879.244106483737,1.0,0.5151741293532338,21.861010942474557,161.282870470329,0.0,0.033202332554105735,"[[3105, 0], [0, 2853]]","[[190, 155], [166, 151]]"
disclosure_x_bias,287,init_knn1,kDN,exponential,886.4079098389591,879.2688570686278,1.0,0.5151741293532338,21.89582255663636,161.18823919406157,0.0,0.033202332554105735,"[[3105, 0], [0, 2853]]","[[190, 155], [166, 151]]"
disclosure_x_bias,288,init_knn1,kDN,exponential,886.5225987831678,879.3073856888101,1.0,0.5151741293532338,21.982511487306194,161.57056858596025,0.0,0.033202332554105735,"[[3105, 0], [0, 2853]]","[[190, 155], [166, 151]]"
disclosure_x_bias,289,init_knn1,kDN,exponential,886.9504133090464,879.5106318762055,1.0,0.5151741293532338,22.658170950048977,161.29616099923774,0.0,0.033202332554105735,"[[3105, 0], [0, 2853]]","[[190, 155], [166, 151]]"
disclosure_x_bias,290,init_knn1,kDN,exponential,886.9387235421106,879.5087165437201,1.0,0.5151741293532338,22.488824894744273,161.44163316106813,0.0,0.033202332554105735,"[[3105, 0], [0, 2853]]","[[190, 155], [166, 151]]"
disclosure_x_bias,291,init_knn1,kDN,exponential,887.1898273779556,879.560722763024,1.0,0.5151741293532338,22.625827034325695,160.85827841805033,0.0,0.033202332554105735,"[[3105, 0], [0, 2853]]","[[190, 155], [166, 151]]"
disclosure_x_bias,292,init_knn1,kDN,exponential,887.1909851139906,879.4051089685352,1.0,0.5151741293532338,22.65269271142076,161.18301119905976,0.0,0.033202332554105735,"[[3105, 0], [0, 2853]]","[[190, 155], [166, 151]]"
disclosure_x_bias,293,init_knn1,kDN,exponential,888.021994063303,879.391328593043,1.0,0.5151741293532338,22.603211830113565,161.2891169149571,0.0,0.033202332554105735,"[[3105, 0], [0, 2853]]","[[190, 155], [166, 151]]"
disclosure_x_bias,294,init_knn1,kDN,exponential,888.0633215054329,879.5476208747565,1.0,0.5151741293532338,22.60795436455757,161.48184053548698,0.0,0.033202332554105735,"[[3105, 0], [0, 2853]]","[[190, 155], [166, 151]]"
disclosure_x_bias,295,init_knn1,kDN,exponential,888.3354290630359,879.8356181844662,1.0,0.5151741293532338,22.62290374211271,161.19255994976808,0.0,0.033202332554105735,"[[3105, 0], [0, 2853]]","[[190, 155], [166, 151]]"
disclosure_x_bias,296,init_knn1,kDN,exponential,888.7060346013456,880.8389448161249,1.0,0.5151741293532338,22.658233914870223,160.9170803365772,0.0,0.033202332554105735,"[[3105, 0], [0, 2853]]","[[190, 155], [166, 151]]"
disclosure_x_bias,297,init_knn1,kDN,exponential,888.7306817784229,880.4883755775242,1.0,0.5151741293532338,22.519750641171797,160.88272682160334,0.0,0.033202332554105735,"[[3105, 0], [0, 2853]]","[[190, 155], [166, 151]]"
disclosure_x_bias,298,init_knn1,kDN,exponential,888.9239816458264,880.5081073312198,1.0,0.5151741293532338,22.640593403772854,161.01179548357084,0.0,0.033202332554105735,"[[3105, 0], [0, 2853]]","[[190, 155], [166, 151]]"
disclosure_x_bias,299,init_knn1,kDN,exponential,889.2191400098405,880.8641631032272,1.0,0.5151741293532338,22.592751196700352,161.28690201793725,0.0,0.033202332554105735,"[[3105, 0], [0, 2853]]","[[190, 155], [166, 151]]"
disclosure_x_bias,300,init_knn1,kDN,exponential,890.1097549956228,881.0295951951687,1.0,0.5151741293532338,22.586669047679543,161.2594191234086,0.0,0.033202332554105735,"[[3105, 0], [0, 2853]]","[[190, 155], [166, 151]]"
disclosure_x_bias,1,init_knn1,DCP,log_loss,1.1901107006047788e-07,7.730124990636815,1.0,0.5151741293532338,3.8803399514536554e-11,0.5288059921312618,0.0,0.033202332554105735,"[[3105, 0], [0, 2853]]","[[190, 155], [166, 151]]"
disclosure_x_bias,2,init_knn1,DCP,log_loss,1.1883851837037129e-07,7.73093802364432,1.0,0.5151741293532338,6.816413067864612e-11,0.5288423670212298,0.0,0.033202332554105735,"[[3105, 0], [0, 2853]]","[[190, 155], [166, 151]]"
disclosure_x_bias,3,init_knn1,DCP,log_loss,1.1868663923256258e-07,7.731669816274388,1.0,0.5151741293532338,9.292333875370826e-11,0.5293346059343557,0.0,0.033202332554105735,"[[3105, 0], [0, 2853]]","[[190, 155], [166, 151]]"
disclosure_x_bias,4,init_knn1,DCP,log_loss,1.185442135057983e-07,7.7321798832705095,1.0,0.5151741293532338,1.1526923761992336e-10,0.5289511075667916,0.0,0.033202332554105735,"[[3105, 0], [0, 2853]]","[[190, 155], [166, 151]]"
disclosure_x_bias,5,init_knn1,DCP,log_loss,1.1841653337860861e-07,7.732953772899774,1.0,0.5151741293532338,1.3129988579848846e-10,0.5292266835524371,0.0,0.033202332554105735,"[[3105, 0], [0, 2853]]","[[190, 155], [166, 151]]"
disclosure_x_bias,6,init_knn1,DCP,log_loss,1.1829300654481654e-07,7.733151025181333,1.0,0.5151741293532338,1.4471419368949383e-10,0.5294759784858605,0.0,0.033202332554105735,"[[3105, 0], [0, 2853]]","[[190, 155], [166, 151]]"
disclosure_x_bias,7,init_knn1,DCP,log_loss,1.1817607232795211e-07,7.733584258196602,1.0,0.5151741293532338,1.5991090409202532e-10,0.5295306850436394,0.0,0.033202332554105735,"[[3105, 0], [0, 2853]]","[[190, 155], [166, 151]]"
disclosure_x_bias,8,init_knn1,DCP,log_loss,1.1806379625434363e-07,7.73385401543135,1.0,0.5151741293532338,1.7755820595830396e-10,0.529244728187833,0.0,0.033202332554105735,"[[3105, 0], [0, 2853]]","[[190, 155], [166, 151]]"
disclosure_x_bias,9,init_knn1,DCP,log_loss,1.1795926421842518e-07,7.734002227881183,1.0,0.5151741293532338,1.8880546000964173e-10,0.5291918006990963,0.0,0.033202332554105735,"[[3105, 0], [0, 2853]]","[[190, 155], [166, 151]]"
disclosure_x_bias,10,init_knn1,DCP,log_loss,1.1785835758973497e-07,7.734633572187403,1.0,0.5151741293532338,2.0116642684682476e-10,0.5294713443063065,0.0,0.033202332554105735,"[[3105, 0], [0, 2853]]","[[190, 155], [166, 151]]"
disclosure_x_bias,11,init_knn1,DCP,log_loss,1.1776165189863505e-07,7.7348508335341055,1.0,0.5151741293532338,2.1367671735179318e-10,0.5294797785303951,0.0,0.033202332554105735,"[[3105, 0], [0, 2853]]","[[190, 155], [166, 151]]"
disclosure_x_bias,12,init_knn1,DCP,log_loss,1.1766572031789588e-07,7.735628551817102,1.0,0.5151741293532338,2.3105251821835034e-10,0.5294564341969128,0.0,0.033202332554105735,"[[3105, 0], [0, 2853]]","[[190, 155], [166, 151]]"
disclosure_x_bias,13,init_knn1,DCP,log_loss,1.1757424256753433e-07,7.735671366778902,1.0,0.5151741293532338,2.397916171804938e-10,0.529374429814951,0.0,0.033202332554105735,"[[3105, 0], [0, 2853]]","[[190, 155], [166, 151]]"
disclosure_x_bias,14,init_knn1,DCP,log_loss,1.1748526691842556e-07,7.7359724965332575,1.0,0.5151741293532338,2.496703371614732e-10,0.5293379951172053,0.0,0.033202332554105735,"[[3105, 0], [0, 2853]]","[[190, 155], [166, 151]]"
disclosure_x_bias,15,init_knn1,DCP,log_loss,1.1739828860823583e-07,7.73606617629422,1.0,0.5151741293532338,2.57371132310167e-10,0.5293024236143885,0.0,0.033202332554105735,"[[3105, 0], [0, 2853]]","[[190, 155], [166, 151]]"
disclosure_x_bias,16,init_knn1,DCP,log_loss,1.1731641759105769e-07,7.7362504041981905,1.0,0.5151741293532338,2.6347743395772157e-10,0.5294921334466753,0.0,0.033202332554105735,"[[3105, 0], [0, 2853]]","[[190, 155], [166, 151]]"
disclosure_x_bias,17,init_knn1,DCP,log_loss,1.1723491594754463e-07,7.7365979015400965,1.0,0.5151741293532338,2.682651592946476e-10,0.5295942345439053,0.0,0.033202332554105735,"[[3105, 0], [0, 2853]]","[[190, 155], [166, 151]]"
disclosure_x_bias,18,init_knn1,DCP,log_loss,1.1715792942102547e-07,7.736358576681641,1.0,0.5151741293532338,2.750530826342825e-10,0.529631225472375,0.0,0.033202332554105735,"[[3105, 0], [0, 2853]]","[[190, 155], [166, 151]]"
disclosure_x_bias,19,init_knn1,DCP,log_loss,1.1707634337170812e-07,7.73686611251978,1.0,0.5151741293532338,2.9104608482276133e-10,0.5296222637954301,0.0,0.033202332554105735,"[[3105, 0], [0, 2853]]","[[190, 155], [166, 151]]"
disclosure_x_bias,20,init_knn1,DCP,log_loss,1.1700371804375855e-07,7.737397182006964,1.0,0.5151741293532338,2.9729729035663114e-10,0.5297960747990738,0.0,0.033202332554105735,"[[3105, 0], [0, 2853]]","[[190, 155], [166, 151]]"
disclosure_x_bias,21,init_knn1,DCP,log_loss,1.1693413710533718e-07,7.7374466377204225,1.0,0.5151741293532338,3.035296935216249e-10,0.5296291884184343,0.0,0.033202332554105735,"[[3105, 0], [0, 2853]]","[[190, 155], [166, 151]]"
disclosure_x_bias,22,init_knn1,DCP,log_loss,1.1686456039329914e-07,7.7374488413632445,1.0,0.5151741293532338,3.0951943348332335e-10,0.5296751974795679,0.0,0.033202332554105735,"[[3105, 0], [0, 2853]]","[[190, 155], [166, 151]]"
disclosure_x_bias,23,init_knn1,DCP,log_loss,1.1679221133109156e-07,7.7375957516936635,1.0,0.5151741293532338,3.1618590380792203e-10,0.5298089561116381,0.0,0.033202332554105735,"[[3105, 0], [0, 2853]]","[[190, 155], [166, 151]]"
disclosure_x_bias,24,init_knn1,DCP,log_loss,1.1671837162542494e-07,7.7378056809847,1.0,0.5151741293532338,3.207970537227836e-10,0.5295381297377113,0.0,0.033202332554105735,"[[3105, 0], [0, 2853]]","[[190, 155], [166, 151]]"
disclosure_x_bias,25,init_knn1,DCP,log_loss,1.1664980248119482e-07,7.738092393669857,1.0,0.5151741293532338,3.2230627067038147e-10,0.5295548051986004,0.0,0.033202332554105735,"[[3105, 0], [0, 2853]]","[[190, 155], [166, 151]]"
disclosure_x_bias,26,init_knn1,DCP,log_loss,1.165775043150077e-07,7.738476211370698,1.0,0.5151741293532338,3.346166054651429e-10,0.5292946203188846,0.0,0.033202332554105735,"[[3105, 0], [0, 2853]]","[[190, 155], [166, 151]]"
disclosure_x_bias,27,init_knn1,DCP,log_loss,1.1651593873026035e-07,7.738594145160873,1.0,0.5151741293532338,3.4002208835768747e-10,0.529467765828562,0.0,0.033202332554105735,"[[3105, 0], [0, 2853]]","[[190, 155], [166, 151]]"
disclosure_x_bias,28,init_knn1,DCP,log_loss,1.164548695826424e-07,7.738560785057727,1.0,0.5151741293532338,3.4193345180736595e-10,0.52965268937499,0.0,0.033202332554105735,"[[3105, 0], [0, 2853]]","[[190, 155], [166, 151]]"
disclosure_x_bias,29,init_knn1,DCP,log_loss,1.1639641644924387e-07,7.738681720329855,1.0,0.5151741293532338,3.467918185761181e-10,0.5299835121280457,0.0,0.033202332554105735,"[[3105, 0], [0, 2853]]","[[190, 155], [166, 151]]"
disclosure_x_bias,30,init_knn1,DCP,log_loss,1.1633399911106448e-07,7.738545888189241,1.0,0.5151741293532338,3.5141918477553767e-10,0.5301847624858576,0.0,0.033202332554105735,"[[3105, 0], [0, 2853]]","[[190, 155], [166, 151]]"
disclosure_x_bias,31,init_knn1,DCP,log_loss,1.1627679197223618e-07,7.738709125975385,1.0,0.5151741293532338,3.532014058737961e-10,0.5301701928243061,0.0,0.033202332554105735,"[[3105, 0], [0, 2853]]","[[190, 155], [166, 151]]"
disclosure_x_bias,32,init_knn1,DCP,log_loss,1.1621795335653166e-07,7.738672213956957,1.0,0.5151741293532338,3.5911089881850866e-10,0.5302010504041389,0.0,0.033202332554105735,"[[3105, 0], [0, 2853]]","[[190, 155], [166, 151]]"
disclosure_x_bias,33,init_knn1,DCP,log_loss,1.1615630599197036e-07,7.738609717451152,1.0,0.5151741293532338,3.634790062918548e-10,0.5302177686678536,0.0,0.033202332554105735,"[[3105, 0], [0, 2853]]","[[190, 155], [166, 151]]"
disclosure_x_bias,34,init_knn1,DCP,log_loss,1.1610278839284716e-07,7.739064936704535,1.0,0.5151741293532338,3.66232405641416e-10,0.530542149609326,0.0,0.033202332554105735,"[[3105, 0], [0, 2853]]","[[190, 155], [166, 151]]"
disclosure_x_bias,35,init_knn1,DCP,log_loss,1.1604738671595373e-07,7.7391320602532305,1.0,0.5151741293532338,3.656936174389309e-10,0.530674819592825,0.0,0.033202332554105735,"[[3105, 0], [0, 2853]]","[[190, 155], [166, 151]]"
disclosure_x_bias,36,init_knn1,DCP,log_loss,1.1599309777923217e-07,7.739402662522027,1.0,0.5151741293532338,3.689967044368319e-10,0.5308056120177247,0.0,0.033202332554105735,"[[3105, 0], [0, 2853]]","[[190, 155], [166, 151]]"
disclosure_x_bias,37,init_knn1,DCP,log_loss,1.1594145549155352e-07,7.739463022909954,1.0,0.5151741293532338,3.720579861532098e-10,0.5308409512095722,0.0,0.033202332554105735,"[[3105, 0], [0, 2853]]","[[190, 155], [166, 151]]"
disclosure_x_bias,38,init_knn1,DCP,log_loss,1.158878309553985e-07,7.73945460689188,1.0,0.5151741293532338,3.708481650324754e-10,0.5308956661337291,0.0,0.033202332554105735,"[[3105, 0], [0, 2853]]","[[190, 155], [166, 151]]"
disclosure_x_bias,39,init_knn1,DCP,log_loss,1.1583360599101247e-07,7.739742143035332,1.0,0.5151741293532338,3.825416724833674e-10,0.5303166476803594,0.0,0.033202332554105735,"[[3105, 0], [0, 2853]]","[[190, 155], [166, 151]]"
disclosure_x_bias,40,init_knn1,DCP,log_loss,1.1578011195074476e-07,7.739902841243991,1.0,0.5151741293532338,3.9056636885105005e-10,0.5303933005798306,0.0,0.033202332554105735,"[[3105, 0], [0, 2853]]","[[190, 155], [166, 151]]"
disclosure_x_bias,41,init_knn1,DCP,log_loss,1.1573045955153513e-07,7.739865798352591,1.0,0.5151741293532338,3.896628658004785e-10,0.5307021755163663,0.0,0.033202332554105735,"[[3105, 0], [0, 2853]]","[[190, 155], [166, 151]]"
disclosure_x_bias,42,init_knn1,DCP,log_loss,1.1567825327658411e-07,7.739996835836787,1.0,0.5151741293532338,3.927322767825754e-10,0.5306264922740972,0.0,0.033202332554105735,"[[3105, 0], [0, 2853]]","[[190, 155], [166, 151]]"
disclosure_x_bias,43,init_knn1,DCP,log_loss,1.1563179612156659e-07,7.740001316672831,1.0,0.5151741293532338,3.929602685725245e-10,0.5307588341292616,0.0,0.033202332554105735,"[[3105, 0], [0, 2853]]","[[190, 155], [166, 151]]"
disclosure_x_bias,44,init_knn1,DCP,log_loss,1.1558192643950826e-07,7.739894221207935,1.0,0.5151741293532338,3.9732143610834976e-10,0.5307941407397341,0.0,0.033202332554105735,"[[3105, 0], [0, 2853]]","[[190, 155], [166, 151]]"
disclosure_x_bias,45,init_knn1,DCP,log_loss,1.1554001642111022e-07,7.7401984247785505,1.0,0.5151741293532338,3.98930524712332e-10,0.5307993958088394,0.0,0.033202332554105735,"[[3105, 0], [0, 2853]]","[[190, 155], [166, 151]]"
disclosure_x_bias,46,init_knn1,DCP,log_loss,1.1549341315859706e-07,7.74046227726415,1.0,0.5151741293532338,3.999038041705874e-10,0.530880607792129,0.0,0.033202332554105735,"[[3105, 0], [0, 2853]]","[[190, 155], [166, 151]]"
disclosure_x_bias,47,init_knn1,DCP,log_loss,1.154431447140136e-07,7.74087561882232,1.0,0.5151741293532338,4.100398150319257e-10,0.5308690760343803,0.0,0.033202332554105735,"[[3105, 0], [0, 2853]]","[[190, 155], [166, 151]]"
disclosure_x_bias,48,init_knn1,DCP,log_loss,1.1539771201898291e-07,7.740830790511157,1.0,0.5151741293532338,4.13610909692791e-10,0.5309504100455895,0.0,0.033202332554105735,"[[3105, 0], [0, 2853]]","[[190, 155], [166, 151]]"
disclosure_x_bias,49,init_knn1,DCP,log_loss,1.1535192036114556e-07,7.740855211405297,1.0,0.5151741293532338,4.142804370888062e-10,0.5310712120297368,0.0,0.033202332554105735,"[[3105, 0], [0, 2853]]","[[190, 155], [166, 151]]"
disclosure_x_bias,50,init_knn1,DCP,log_loss,1.1530639667759483e-07,7.740883447432607,1.0,0.5151741293532338,4.147727114973279e-10,0.5313156822553831,0.0,0.033202332554105735,"[[3105, 0], [0, 2853]]","[[190, 155], [166, 151]]"
disclosure_x_bias,51,init_knn1,DCP,log_loss,1.1526723683312029e-07,7.740867860134371,1.0,0.5151741293532338,4.152975588238323e-10,0.5313884509113143,0.0,0.033202332554105735,"[[3105, 0], [0, 2853]]","[[190, 155], [166, 151]]"
disclosure_x_bias,52,init_knn1,DCP,log_loss,1.1522753525028516e-07,7.741042289657034,1.0,0.5151741293532338,4.189792754575993e-10,0.5313230457929982,0.0,0.033202332554105735,"[[3105, 0], [0, 2853]]","[[190, 155], [166, 151]]"
disclosure_x_bias,53,init_knn1,DCP,log_loss,1.151864690617003e-07,7.741283175483193,1.0,0.5151741293532338,4.23273328321321e-10,0.5310220579246491,0.0,0.033202332554105735,"[[3105, 0], [0, 2853]]","[[190, 155], [166, 151]]"
disclosure_x_bias,54,init_knn1,DCP,log_loss,1.1514393642670195e-07,7.741650905061702,1.0,0.5151741293532338,4.213426132528737e-10,0.5308453635427915,0.0,0.033202332554105735,"[[3105, 0], [0, 2853]]","[[190, 155], [166, 151]]"
disclosure_x_bias,55,init_knn1,DCP,log_loss,1.1510555486917093e-07,7.741669545626218,1.0,0.5151741293532338,4.194981815056973e-10,0.5311147521230689,0.0,0.033202332554105735,"[[3105, 0], [0, 2853]]","[[190, 155], [166, 151]]"
disclosure_x_bias,56,init_knn1,DCP,log_loss,1.1506345023698271e-07,7.741572898207062,1.0,0.5151741293532338,4.198217124324698e-10,0.5311196887660605,0.0,0.033202332554105735,"[[3105, 0], [0, 2853]]","[[190, 155], [166, 151]]"
disclosure_x_bias,57,init_knn1,DCP,log_loss,1.1502756466432218e-07,7.741828378871537,1.0,0.5151741293532338,4.209626910733305e-10,0.5310130845744131,0.0,0.033202332554105735,"[[3105, 0], [0, 2853]]","[[190, 155], [166, 151]]"
disclosure_x_bias,58,init_knn1,DCP,log_loss,1.1498642454427678e-07,7.741835979394321,1.0,0.5151741293532338,4.223821298826545e-10,0.531053106281499,0.0,0.033202332554105735,"[[3105, 0], [0, 2853]]","[[190, 155], [166, 151]]"
disclosure_x_bias,59,init_knn1,DCP,log_loss,1.1494588784857851e-07,7.741840093457301,1.0,0.5151741293532338,4.2267447702034763e-10,0.5312240969930087,0.0,0.033202332554105735,"[[3105, 0], [0, 2853]]","[[190, 155], [166, 151]]"
disclosure_x_bias,60,init_knn1,DCP,log_loss,1.1490447015829101e-07,7.742038398548925,1.0,0.5151741293532338,4.2338452978614745e-10,0.5310753914791234,0.0,0.033202332554105735,"[[3105, 0], [0, 2853]]","[[190, 155], [166, 151]]"
disclosure_x_bias,61,init_knn1,DCP,log_loss,1.1486930729373525e-07,7.742236579497899,1.0,0.5151741293532338,4.2481718079903645e-10,0.5312981877830826,0.0,0.033202332554105735,"[[3105, 0], [0, 2853]]","[[190, 155], [166, 151]]"
disclosure_x_bias,62,init_knn1,DCP,log_loss,1.1483554914883228e-07,7.742378337428209,1.0,0.5151741293532338,4.2647253620279294e-10,0.5314283463094605,0.0,0.033202332554105735,"[[3105, 0], [0, 2853]]","[[190, 155], [166, 151]]"
disclosure_x_bias,63,init_knn1,DCP,log_loss,1.1480222773973115e-07,7.742493366624673,1.0,0.5151741293532338,4.27037151375786e-10,0.5311708636486795,0.0,0.033202332554105735,"[[3105, 0], [0, 2853]]","[[190, 155], [166, 151]]"
disclosure_x_bias,64,init_knn1,DCP,log_loss,1.1476692467904408e-07,7.742588442096431,1.0,0.5151741293532338,4.306339848827688e-10,0.5313685734823111,0.0,0.033202332554105735,"[[3105, 0], [0, 2853]]","[[190, 155], [166, 151]]"
disclosure_x_bias,65,init_knn1,DCP,log_loss,1.1472841160959244e-07,7.74304127626183,1.0,0.5151741293532338,4.448032238583642e-10,0.5310943844628612,0.0,0.033202332554105735,"[[3105, 0], [0, 2853]]","[[190, 155], [166, 151]]"
disclosure_x_bias,66,init_knn1,DCP,log_loss,1.1469422065296683e-07,7.742960165052797,1.0,0.5151741293532338,4.45163782184468e-10,0.5313862789772151,0.0,0.033202332554105735,"[[3105, 0], [0, 2853]]","[[190, 155], [166, 151]]"
disclosure_x_bias,67,init_knn1,DCP,log_loss,1.1466137379073932e-07,7.743160943026103,1.0,0.5151741293532338,4.465808315569898e-10,0.5312655026870978,0.0,0.033202332554105735,"[[3105, 0], [0, 2853]]","[[190, 155], [166, 151]]"
disclosure_x_bias,68,init_knn1,DCP,log_loss,1.1462782458737438e-07,7.743212723582056,1.0,0.5151741293532338,4.4921644119436183e-10,0.5310521023566614,0.0,0.033202332554105735,"[[3105, 0], [0, 2853]]","[[190, 155], [166, 151]]"
disclosure_x_bias,69,init_knn1,DCP,log_loss,1.1459428148335333e-07,7.743368969686062,1.0,0.5151741293532338,4.484358209613681e-10,0.5309262030198494,0.0,0.033202332554105735,"[[3105, 0], [0, 2853]]","[[190, 155], [166, 151]]"
disclosure_x_bias,70,init_knn1,DCP,log_loss,1.145611221275464e-07,7.743093412106687,1.0,0.5151741293532338,4.457100788311645e-10,0.5310078176988559,0.0,0.033202332554105735,"[[3105, 0], [0, 2853]]","[[190, 155], [166, 151]]"
disclosure_x_bias,71,init_knn1,DCP,log_loss,1.1452571705175178e-07,7.743411008423361,1.0,0.5151741293532338,4.4405796869991555e-10,0.5310969674510866,0.0,0.033202332554105735,"[[3105, 0], [0, 2853]]","[[190, 155], [166, 151]]"
disclosure_x_bias,72,init_knn1,DCP,log_loss,1.1448973845418112e-07,7.743293058493698,1.0,0.5151741293532338,4.4468253453132534e-10,0.5310203221468814,0.0,0.033202332554105735,"[[3105, 0], [0, 2853]]","[[190, 155], [166, 151]]"
disclosure_x_bias,73,init_knn1,DCP,log_loss,1.1445926191531713e-07,7.743412660457727,1.0,0.5151741293532338,4.4908680267702303e-10,0.5310824547312611,0.0,0.033202332554105735,"[[3105, 0], [0, 2853]]","[[190, 155], [166, 151]]"
disclosure_x_bias,74,init_knn1,DCP,log_loss,1.1442947111430669e-07,7.743363812443597,1.0,0.5151741293532338,4.5056046999726867e-10,0.5310706878072674,0.0,0.033202332554105735,"[[3105, 0], [0, 2853]]","[[190, 155], [166, 151]]"
disclosure_x_bias,75,init_knn1,DCP,log_loss,1.1440097389465154e-07,7.743470944631122,1.0,0.5151741293532338,4.5199067264755383e-10,0.5310958529320267,0.0,0.033202332554105735,"[[3105, 0], [0, 2853]]","[[190, 155], [166, 151]]"
disclosure_x_bias,76,init_knn1,DCP,log_loss,1.1436903116956038e-07,7.743449892581529,1.0,0.5151741293532338,4.5075662771562047e-10,0.5309818840961769,0.0,0.033202332554105735,"[[3105, 0], [0, 2853]]","[[190, 155], [166, 151]]"
disclosure_x_bias,77,init_knn1,DCP,log_loss,1.1433913726324841e-07,7.743499407258257,1.0,0.5151741293532338,4.50525999522402e-10,0.5312557038825219,0.0,0.033202332554105735,"[[3105, 0], [0, 2853]]","[[190, 155], [166, 151]]"
disclosure_x_bias,78,init_knn1,DCP,log_loss,1.1431161996088796e-07,7.743907201907069,1.0,0.5151741293532338,4.5133990032808184e-10,0.5310571348500054,0.0,0.033202332554105735,"[[3105, 0], [0, 2853]]","[[190, 155], [166, 151]]"
disclosure_x_bias,79,init_knn1,DCP,log_loss,1.1426989806382717e-07,7.74418567603319,1.0,0.5151741293532338,4.593074813939451e-10,0.5306546988466676,0.0,0.033202332554105735,"[[3105, 0], [0, 2853]]","[[190, 155], [166, 151]]"
disclosure_x_bias,80,init_knn1,DCP,log_loss,1.1423588431056411e-07,7.7441951594544705,1.0,0.5151741293532338,4.6380048621464967e-10,0.5307101662503007,0.0,0.033202332554105735,"[[3105, 0], [0, 2853]]","[[190, 155], [166, 151]]"
disclosure_x_bias,81,init_knn1,DCP,log_loss,1.1420745144743707e-07,7.74411258177336,1.0,0.5151741293532338,4.64850224302805e-10,0.5307155259352104,0.0,0.033202332554105735,"[[3105, 0], [0, 2853]]","[[190, 155], [166, 151]]"
disclosure_x_bias,82,init_knn1,DCP,log_loss,1.1417994277164935e-07,7.744100230887734,1.0,0.5151741293532338,4.655596667774135e-10,0.530730910898178,0.0,0.033202332554105735,"[[3105, 0], [0, 2853]]","[[190, 155], [166, 151]]"
disclosure_x_bias,83,init_knn1,DCP,log_loss,1.1415134872179328e-07,7.744225201262364,1.0,0.5151741293532338,4.669212267249759e-10,0.5306591825648201,0.0,0.033202332554105735,"[[3105, 0], [0, 2853]]","[[190, 155], [166, 151]]"
disclosure_x_bias,84,init_knn1,DCP,log_loss,1.1412371079544367e-07,7.744367858491984,1.0,0.5151741293532338,4.684871043812228e-10,0.5309107362621912,0.0,0.033202332554105735,"[[3105, 0], [0, 2853]]","[[190, 155], [166, 151]]"
disclosure_x_bias,85,init_knn1,DCP,log_loss,1.1409440170948218e-07,7.74432101917063,1.0,0.5151741293532338,4.739137480801162e-10,0.5307378008202247,0.0,0.033202332554105735,"[[3105, 0], [0, 2853]]","[[190, 155], [166, 151]]"
disclosure_x_bias,86,init_knn1,DCP,log_loss,1.1406660841033031e-07,7.744308489600551,1.0,0.5151741293532338,4.759771026539693e-10,0.5305589143811686,0.0,0.033202332554105735,"[[3105, 0], [0, 2853]]","[[190, 155], [166, 151]]"
disclosure_x_bias,87,init_knn1,DCP,log_loss,1.1403773291273828e-07,7.744387445011964,1.0,0.5151741293532338,4.732373146962741e-10,0.5306997359309265,0.0,0.033202332554105735,"[[3105, 0], [0, 2853]]","[[190, 155], [166, 151]]"
disclosure_x_bias,88,init_knn1,DCP,log_loss,1.1401107733479331e-07,7.74446624124145,1.0,0.5151741293532338,4.736149309587483e-10,0.5309225127616155,0.0,0.033202332554105735,"[[3105, 0], [0, 2853]]","[[190, 155], [166, 151]]"
disclosure_x_bias,89,init_knn1,DCP,log_loss,1.1398266183701102e-07,7.744328353616963,1.0,0.5151741293532338,4.752381086113116e-10,0.530936891085691,0.0,0.033202332554105735,"[[3105, 0], [0, 2853]]","[[190, 155], [166, 151]]"
disclosure_x_bias,90,init_knn1,DCP,log_loss,1.1395283162431253e-07,7.744543785528352,1.0,0.5151741293532338,4.749102941389217e-10,0.530612649690962,0.0,0.033202332554105735,"[[3105, 0], [0, 2853]]","[[190, 155], [166, 151]]"
disclosure_x_bias,91,init_knn1,DCP,log_loss,1.1392686262854158e-07,7.744638495645903,1.0,0.5151741293532338,4.754208276929737e-10,0.530658176197921,0.0,0.033202332554105735,"[[3105, 0], [0, 2853]]","[[190, 155], [166, 151]]"
disclosure_x_bias,92,init_knn1,DCP,log_loss,1.1390000205238385e-07,7.744658391286656,1.0,0.5151741293532338,4.715913433020079e-10,0.5306790619200757,0.0,0.033202332554105735,"[[3105, 0], [0, 2853]]","[[190, 155], [166, 151]]"
disclosure_x_bias,93,init_knn1,DCP,log_loss,1.1387523420531026e-07,7.745077262591133,1.0,0.5151741293532338,4.733292570059005e-10,0.5305276762269135,0.0,0.033202332554105735,"[[3105, 0], [0, 2853]]","[[190, 155], [166, 151]]"
disclosure_x_bias,94,init_knn1,DCP,log_loss,1.1384740781840757e-07,7.744941317561486,1.0,0.5151741293532338,4.795346912012989e-10,0.5305982064496239,0.0,0.033202332554105735,"[[3105, 0], [0, 2853]]","[[190, 155], [166, 151]]"
disclosure_x_bias,95,init_knn1,DCP,log_loss,1.1382496822998897e-07,7.7450242188516825,1.0,0.5151741293532338,4.810205989576127e-10,0.5308168646444456,0.0,0.033202332554105735,"[[3105, 0], [0, 2853]]","[[190, 155], [166, 151]]"
disclosure_x_bias,96,init_knn1,DCP,log_loss,1.1379930216668741e-07,7.744876801077245,1.0,0.5151741293532338,4.806490337051976e-10,0.5307938383146569,0.0,0.033202332554105735,"[[3105, 0], [0, 2853]]","[[190, 155], [166, 151]]"
disclosure_x_bias,97,init_knn1,DCP,log_loss,1.1377281780317242e-07,7.745055236541444,1.0,0.5151741293532338,4.801233074104522e-10,0.530836132886054,0.0,0.033202332554105735,"[[3105, 0], [0, 2853]]","[[190, 155], [166, 151]]"
disclosure_x_bias,98,init_knn1,DCP,log_loss,1.1374560417404884e-07,7.745226238969698,1.0,0.5151741293532338,4.791734300918997e-10,0.5308607816279185,0.0,0.033202332554105735,"[[3105, 0], [0, 2853]]","[[190, 155], [166, 151]]"
disclosure_x_bias,99,init_knn1,DCP,log_loss,1.1372168268994693e-07,7.745252630671791,1.0,0.5151741293532338,4.798419967217379e-10,0.531047304744841,0.0,0.033202332554105735,"[[3105, 0], [0, 2853]]","[[190, 155], [166, 151]]"
disclosure_x_bias,100,init_knn1,DCP,log_loss,1.1369508787478443e-07,7.7452174369367786,1.0,0.5151741293532338,4.803528021973768e-10,0.5309000906498261,0.0,0.033202332554105735,"[[3105, 0], [0, 2853]]","[[190, 155], [166, 151]]"
disclosure_x_bias,101,init_knn1,DCP,log_loss,1.1366942739698082e-07,7.7451681742951966,1.0,0.5151741293532338,4.798775742984365e-10,0.5307768657339151,0.0,0.033202332554105735,"[[3105, 0], [0, 2853]]","[[190, 155], [166, 151]]"
disclosure_x_bias,102,init_knn1,DCP,log_loss,1.1363956998966769e-07,7.745537392380163,1.0,0.5151741293532338,4.85790189042251e-10,0.5305737488822715,0.0,0.033202332554105735,"[[3105, 0], [0, 2853]]","[[190, 155], [166, 151]]"
disclosure_x_bias,103,init_knn1,DCP,log_loss,1.1361476841440799e-07,7.745708590186213,1.0,0.5151741293532338,4.853689938534356e-10,0.5306971855317009,0.0,0.033202332554105735,"[[3105, 0], [0, 2853]]","[[190, 155], [166, 151]]"
disclosure_x_bias,104,init_knn1,DCP,log_loss,1.135867259638173e-07,7.74561402465554,1.0,0.5151741293532338,4.873271901151462e-10,0.5307271025848155,0.0,0.033202332554105735,"[[3105, 0], [0, 2853]]","[[190, 155], [166, 151]]"
disclosure_x_bias,105,init_knn1,DCP,log_loss,1.1356499664951362e-07,7.745641256003071,1.0,0.5151741293532338,4.873272357231878e-10,0.5307516393368907,0.0,0.033202332554105735,"[[3105, 0], [0, 2853]]","[[190, 155], [166, 151]]"
disclosure_x_bias,106,init_knn1,DCP,log_loss,1.1354430196441894e-07,7.745636403788569,1.0,0.5151741293532338,4.875456678540433e-10,0.5305740894197633,0.0,0.033202332554105735,"[[3105, 0], [0, 2853]]","[[190, 155], [166, 151]]"
disclosure_x_bias,107,init_knn1,DCP,log_loss,1.1352277630799938e-07,7.745900952673409,1.0,0.5151741293532338,4.878098128329747e-10,0.5304918332891879,0.0,0.033202332554105735,"[[3105, 0], [0, 2853]]","[[190, 155], [166, 151]]"
disclosure_x_bias,108,init_knn1,DCP,log_loss,1.1349982646006879e-07,7.746143610282258,1.0,0.5151741293532338,4.884205251885084e-10,0.5304200841307736,0.0,0.033202332554105735,"[[3105, 0], [0, 2853]]","[[190, 155], [166, 151]]"
disclosure_x_bias,109,init_knn1,DCP,log_loss,1.1347521937710953e-07,7.7463082978827655,1.0,0.5151741293532338,4.924917664528557e-10,0.53043241481295,0.0,0.033202332554105735,"[[3105, 0], [0, 2853]]","[[190, 155], [166, 151]]"
disclosure_x_bias,110,init_knn1,DCP,log_loss,1.134527095441149e-07,7.746430751684993,1.0,0.5151741293532338,4.928795893200501e-10,0.5305232513749492,0.0,0.033202332554105735,"[[3105, 0], [0, 2853]]","[[190, 155], [166, 151]]"
disclosure_x_bias,111,init_knn1,DCP,log_loss,1.1342950561246136e-07,7.746647134369749,1.0,0.5151741293532338,4.977407695282575e-10,0.5303176470639317,0.0,0.033202332554105735,"[[3105, 0], [0, 2853]]","[[190, 155], [166, 151]]"
disclosure_x_bias,112,init_knn1,DCP,log_loss,1.1340712395355339e-07,7.746728073831212,1.0,0.5151741293532338,4.962672213892151e-10,0.5303227884845325,0.0,0.033202332554105735,"[[3105, 0], [0, 2853]]","[[190, 155], [166, 151]]"
disclosure_x_bias,113,init_knn1,DCP,log_loss,1.1338565371937798e-07,7.746764887885824,1.0,0.5151741293532338,4.96034219295965e-10,0.530535644907824,0.0,0.033202332554105735,"[[3105, 0], [0, 2853]]","[[190, 155], [166, 151]]"
disclosure_x_bias,114,init_knn1,DCP,log_loss,1.1336640026969572e-07,7.746728351274035,1.0,0.5151741293532338,4.9708412179292e-10,0.5304341466961973,0.0,0.033202332554105735,"[[3105, 0], [0, 2853]]","[[190, 155], [166, 151]]"
disclosure_x_bias,115,init_knn1,DCP,log_loss,1.1334418737594787e-07,7.746683874849053,1.0,0.5151741293532338,5.006102564025311e-10,0.5305918171935673,0.0,0.033202332554105735,"[[3105, 0], [0, 2853]]","[[190, 155], [166, 151]]"
disclosure_x_bias,116,init_knn1,DCP,log_loss,1.133233658665988e-07,7.746788423750199,1.0,0.5151741293532338,5.007345483086175e-10,0.5308843849712287,0.0,0.033202332554105735,"[[3105, 0], [0, 2853]]","[[190, 155], [166, 151]]"
disclosure_x_bias,117,init_knn1,DCP,log_loss,1.1330398743017334e-07,7.746877184092251,1.0,0.5151741293532338,5.013604785861878e-10,0.5306627670651474,0.0,0.033202332554105735,"[[3105, 0], [0, 2853]]","[[190, 155], [166, 151]]"
disclosure_x_bias,118,init_knn1,DCP,log_loss,1.1328202066151149e-07,7.74689320275313,1.0,0.5151741293532338,5.013550678474533e-10,0.5307017964109007,0.0,0.033202332554105735,"[[3105, 0], [0, 2853]]","[[190, 155], [166, 151]]"
disclosure_x_bias,119,init_knn1,DCP,log_loss,1.1326020806352502e-07,7.746973972843111,1.0,0.5151741293532338,5.011608439571204e-10,0.5307354726308867,0.0,0.033202332554105735,"[[3105, 0], [0, 2853]]","[[190, 155], [166, 151]]"
disclosure_x_bias,120,init_knn1,DCP,log_loss,1.1323615605261773e-07,7.747067773433166,1.0,0.5151741293532338,4.989963457214793e-10,0.5309314648234026,0.0,0.033202332554105735,"[[3105, 0], [0, 2853]]","[[190, 155], [166, 151]]"
disclosure_x_bias,121,init_knn1,DCP,log_loss,1.1321077169507588e-07,7.747057230568591,1.0,0.5151741293532338,5.023674420334971e-10,0.5311207011501262,0.0,0.033202332554105735,"[[3105, 0], [0, 2853]]","[[190, 155], [166, 151]]"
disclosure_x_bias,122,init_knn1,DCP,log_loss,1.1318849606321581e-07,7.7470484348822195,1.0,0.5151741293532338,5.044523631006662e-10,0.5310764312466438,0.0,0.033202332554105735,"[[3105, 0], [0, 2853]]","[[190, 155], [166, 151]]"
disclosure_x_bias,123,init_knn1,DCP,log_loss,1.1316881501329438e-07,7.747073014738794,1.0,0.5151741293532338,5.037044529382294e-10,0.5312021127682114,0.0,0.033202332554105735,"[[3105, 0], [0, 2853]]","[[190, 155], [166, 151]]"
disclosure_x_bias,124,init_knn1,DCP,log_loss,1.1314785390772905e-07,7.747115860728132,1.0,0.5151741293532338,5.034944458749586e-10,0.531296622255588,0.0,0.033202332554105735,"[[3105, 0], [0, 2853]]","[[190, 155], [166, 151]]"
disclosure_x_bias,125,init_knn1,DCP,log_loss,1.1312913011022364e-07,7.7471926136011735,1.0,0.5151741293532338,5.039563846827386e-10,0.5313209916675237,0.0,0.033202332554105735,"[[3105, 0], [0, 2853]]","[[190, 155], [166, 151]]"
disclosure_x_bias,126,init_knn1,DCP,log_loss,1.1311103997320897e-07,7.74726432584824,1.0,0.5151741293532338,5.045501782510162e-10,0.5314320109591611,0.0,0.033202332554105735,"[[3105, 0], [0, 2853]]","[[190, 155], [166, 151]]"
disclosure_x_bias,127,init_knn1,DCP,log_loss,1.1309241872704591e-07,7.747122208575464,1.0,0.5151741293532338,5.045709768433762e-10,0.531385259248661,0.0,0.033202332554105735,"[[3105, 0], [0, 2853]]","[[190, 155], [166, 151]]"
disclosure_x_bias,128,init_knn1,DCP,log_loss,1.1307370242236133e-07,7.747169047323919,1.0,0.5151741293532338,5.048109737341633e-10,0.5313109263961748,0.0,0.033202332554105735,"[[3105, 0], [0, 2853]]","[[190, 155], [166, 151]]"
disclosure_x_bias,129,init_knn1,DCP,log_loss,1.1305475056067114e-07,7.746941091392772,1.0,0.5151741293532338,5.043782354270734e-10,0.531312411659159,0.0,0.033202332554105735,"[[3105, 0], [0, 2853]]","[[190, 155], [166, 151]]"
disclosure_x_bias,130,init_knn1,DCP,log_loss,1.1303293027971361e-07,7.746931081706267,1.0,0.5151741293532338,4.99086669814921e-10,0.5311760062448081,0.0,0.033202332554105735,"[[3105, 0], [0, 2853]]","[[190, 155], [166, 151]]"
disclosure_x_bias,131,init_knn1,DCP,log_loss,1.1301240152091794e-07,7.7470321874188866,1.0,0.5151741293532338,4.982802182813688e-10,0.5314353873237332,0.0,0.033202332554105735,"[[3105, 0], [0, 2853]]","[[190, 155], [166, 151]]"
disclosure_x_bias,132,init_knn1,DCP,log_loss,1.1299186529837675e-07,7.747013660639792,1.0,0.5151741293532338,4.972488960307433e-10,0.5313868890785299,0.0,0.033202332554105735,"[[3105, 0], [0, 2853]]","[[190, 155], [166, 151]]"
disclosure_x_bias,133,init_knn1,DCP,log_loss,1.1297085287699351e-07,7.74717008268162,1.0,0.5151741293532338,4.97295214958437e-10,0.5313901292216965,0.0,0.033202332554105735,"[[3105, 0], [0, 2853]]","[[190, 155], [166, 151]]"
disclosure_x_bias,134,init_knn1,DCP,log_loss,1.1295142218703643e-07,7.746969577248743,1.0,0.5151741293532338,4.98332497545768e-10,0.5313380264966967,0.0,0.033202332554105735,"[[3105, 0], [0, 2853]]","[[190, 155], [166, 151]]"
disclosure_x_bias,135,init_knn1,DCP,log_loss,1.1292597551899113e-07,7.746910041384503,1.0,0.5151741293532338,5.019720781185939e-10,0.5314311483459311,0.0,0.033202332554105735,"[[3105, 0], [0, 2853]]","[[190, 155], [166, 151]]"
disclosure_x_bias,136,init_knn1,DCP,log_loss,1.1290684192407188e-07,7.747119537063389,1.0,0.5151741293532338,5.01405650118775e-10,0.5315470093468679,0.0,0.033202332554105735,"[[3105, 0], [0, 2853]]","[[190, 155], [166, 151]]"
disclosure_x_bias,137,init_knn1,DCP,log_loss,1.128837838268134e-07,7.747301704764228,1.0,0.5151741293532338,5.101506163947361e-10,0.5312549343600509,0.0,0.033202332554105735,"[[3105, 0], [0, 2853]]","[[190, 155], [166, 151]]"
disclosure_x_bias,138,init_knn1,DCP,log_loss,1.1286615776392045e-07,7.7473536207993146,1.0,0.5151741293532338,5.104580231272127e-10,0.5313970571629648,0.0,0.033202332554105735,"[[3105, 0], [0, 2853]]","[[190, 155], [166, 151]]"
disclosure_x_bias,139,init_knn1,DCP,log_loss,1.1284600116211478e-07,7.747362637296521,1.0,0.5151741293532338,5.110021145191073e-10,0.530995767921327,0.0,0.033202332554105735,"[[3105, 0], [0, 2853]]","[[190, 155], [166, 151]]"
disclosure_x_bias,140,init_knn1,DCP,log_loss,1.1282701406922531e-07,7.747427138235146,1.0,0.5151741293532338,5.114747697615241e-10,0.5312922768945472,0.0,0.033202332554105735,"[[3105, 0], [0, 2853]]","[[190, 155], [166, 151]]"
disclosure_x_bias,141,init_knn1,DCP,log_loss,1.1280965915591465e-07,7.747276613970247,1.0,0.5151741293532338,5.114501815155084e-10,0.5312373047497353,0.0,0.033202332554105735,"[[3105, 0], [0, 2853]]","[[190, 155], [166, 151]]"
disclosure_x_bias,142,init_knn1,DCP,log_loss,1.1278985330922877e-07,7.747370428243282,1.0,0.5151741293532338,5.109730955661247e-10,0.5313404446986753,0.0,0.033202332554105735,"[[3105, 0], [0, 2853]]","[[190, 155], [166, 151]]"
disclosure_x_bias,143,init_knn1,DCP,log_loss,1.1277247987343562e-07,7.747382519620366,1.0,0.5151741293532338,5.111248156709243e-10,0.5312324702709097,0.0,0.033202332554105735,"[[3105, 0], [0, 2853]]","[[190, 155], [166, 151]]"
disclosure_x_bias,144,init_knn1,DCP,log_loss,1.1275426896841572e-07,7.74746145522266,1.0,0.5151741293532338,5.118785265935402e-10,0.5313814130886728,0.0,0.033202332554105735,"[[3105, 0], [0, 2853]]","[[190, 155], [166, 151]]"
disclosure_x_bias,145,init_knn1,DCP,log_loss,1.1273292353903677e-07,7.747395898144077,1.0,0.5151741293532338,5.084677329294498e-10,0.5312497298458806,0.0,0.033202332554105735,"[[3105, 0], [0, 2853]]","[[190, 155], [166, 151]]"
disclosure_x_bias,146,init_knn1,DCP,log_loss,1.1271161141125022e-07,7.747290606850631,1.0,0.5151741293532338,5.124386658578414e-10,0.5315985652037919,0.0,0.033202332554105735,"[[3105, 0], [0, 2853]]","[[190, 155], [166, 151]]"
disclosure_x_bias,147,init_knn1,DCP,log_loss,1.1269240612014543e-07,7.747268623288818,1.0,0.5151741293532338,5.164713626059988e-10,0.5315661822094475,0.0,0.033202332554105735,"[[3105, 0], [0, 2853]]","[[190, 155], [166, 151]]"
disclosure_x_bias,148,init_knn1,DCP,log_loss,1.1267555866337195e-07,7.747394243624152,1.0,0.5151741293532338,5.162905059517181e-10,0.5316651896436169,0.0,0.033202332554105735,"[[3105, 0], [0, 2853]]","[[190, 155], [166, 151]]"
disclosure_x_bias,149,init_knn1,DCP,log_loss,1.1265658892907528e-07,7.7474695165918375,1.0,0.5151741293532338,5.149161541985766e-10,0.5316164929956803,0.0,0.033202332554105735,"[[3105, 0], [0, 2853]]","[[190, 155], [166, 151]]"
disclosure_x_bias,150,init_knn1,DCP,log_loss,1.1263450917505134e-07,7.747395337088956,1.0,0.5151741293532338,5.133251658059871e-10,0.5315832203160775,0.0,0.033202332554105735,"[[3105, 0], [0, 2853]]","[[190, 155], [166, 151]]"
disclosure_x_bias,151,init_knn1,DCP,log_loss,1.1261605662011409e-07,7.747523379039757,1.0,0.5151741293532338,5.123224834221831e-10,0.5315660462150356,0.0,0.033202332554105735,"[[3105, 0], [0, 2853]]","[[190, 155], [166, 151]]"
disclosure_x_bias,152,init_knn1,DCP,log_loss,1.1259784070897662e-07,7.747556397960119,1.0,0.5151741293532338,5.113161532211795e-10,0.5316600955841452,0.0,0.033202332554105735,"[[3105, 0], [0, 2853]]","[[190, 155], [166, 151]]"
disclosure_x_bias,153,init_knn1,DCP,log_loss,1.1257874301905633e-07,7.747698139194496,1.0,0.5151741293532338,5.089725887543059e-10,0.5316791027572035,0.0,0.033202332554105735,"[[3105, 0], [0, 2853]]","[[190, 155], [166, 151]]"
disclosure_x_bias,154,init_knn1,DCP,log_loss,1.1256100351784313e-07,7.7479277601806285,1.0,0.5151741293532338,5.086696102902734e-10,0.5318378056137627,0.0,0.033202332554105735,"[[3105, 0], [0, 2853]]","[[190, 155], [166, 151]]"
disclosure_x_bias,155,init_knn1,DCP,log_loss,1.1254437819789805e-07,7.747785970368445,1.0,0.5151741293532338,5.093433169600007e-10,0.5317664330773405,0.0,0.033202332554105735,"[[3105, 0], [0, 2853]]","[[190, 155], [166, 151]]"
disclosure_x_bias,156,init_knn1,DCP,log_loss,1.1252621678531614e-07,7.7478275757711215,1.0,0.5151741293532338,5.094275815294697e-10,0.531811290599654,0.0,0.033202332554105735,"[[3105, 0], [0, 2853]]","[[190, 155], [166, 151]]"
disclosure_x_bias,157,init_knn1,DCP,log_loss,1.1250884716159548e-07,7.747850150347871,1.0,0.5151741293532338,5.105752652329893e-10,0.531943423483878,0.0,0.033202332554105735,"[[3105, 0], [0, 2853]]","[[190, 155], [166, 151]]"
disclosure_x_bias,158,init_knn1,DCP,log_loss,1.1248989328243299e-07,7.747769669044457,1.0,0.5151741293532338,5.115027725759181e-10,0.5318439790896744,0.0,0.033202332554105735,"[[3105, 0], [0, 2853]]","[[190, 155], [166, 151]]"
disclosure_x_bias,159,init_knn1,DCP,log_loss,1.1247148670381854e-07,7.747761094390327,1.0,0.5151741293532338,5.112317216526871e-10,0.5319233977512516,0.0,0.033202332554105735,"[[3105, 0], [0, 2853]]","[[190, 155], [166, 151]]"
disclosure_x_bias,160,init_knn1,DCP,log_loss,1.1245226051919175e-07,7.747830595734472,1.0,0.5151741293532338,5.110455297640964e-10,0.5319044800196123,0.0,0.033202332554105735,"[[3105, 0], [0, 2853]]","[[190, 155], [166, 151]]"
disclosure_x_bias,161,init_knn1,DCP,log_loss,1.1243575228241867e-07,7.747881305372793,1.0,0.5151741293532338,5.107675876567203e-10,0.5319442113408456,0.0,0.033202332554105735,"[[3105, 0], [0, 2853]]","[[190, 155], [166, 151]]"
disclosure_x_bias,162,init_knn1,DCP,log_loss,1.1241920147936036e-07,7.7479013954591025,1.0,0.5151741293532338,5.107301566560944e-10,0.5320437770865157,0.0,0.033202332554105735,"[[3105, 0], [0, 2853]]","[[190, 155], [166, 151]]"
disclosure_x_bias,163,init_knn1,DCP,log_loss,1.1240045116868162e-07,7.7479065972497505,1.0,0.5151741293532338,5.145398058933452e-10,0.5321415948218933,0.0,0.033202332554105735,"[[3105, 0], [0, 2853]]","[[190, 155], [166, 151]]"
disclosure_x_bias,164,init_knn1,DCP,log_loss,1.1238425749693411e-07,7.748022794844507,1.0,0.5151741293532338,5.144366954492369e-10,0.5321722561976588,0.0,0.033202332554105735,"[[3105, 0], [0, 2853]]","[[190, 155], [166, 151]]"
disclosure_x_bias,165,init_knn1,DCP,log_loss,1.1236813366469315e-07,7.74785787214868,1.0,0.5151741293532338,5.144386247787983e-10,0.5321650202123135,0.0,0.033202332554105735,"[[3105, 0], [0, 2853]]","[[190, 155], [166, 151]]"
disclosure_x_bias,166,init_knn1,DCP,log_loss,1.12347282617356e-07,7.747906866116189,1.0,0.5151741293532338,5.12234422685119e-10,0.5320512031698005,0.0,0.033202332554105735,"[[3105, 0], [0, 2853]]","[[190, 155], [166, 151]]"
disclosure_x_bias,167,init_knn1,DCP,log_loss,1.1233135106196062e-07,7.74790532146424,1.0,0.5151741293532338,5.123043232104133e-10,0.5319374559551938,0.0,0.033202332554105735,"[[3105, 0], [0, 2853]]","[[190, 155], [166, 151]]"
disclosure_x_bias,168,init_knn1,DCP,log_loss,1.123148640067154e-07,7.748058690361726,1.0,0.5151741293532338,5.124259333417702e-10,0.5316700810417109,0.0,0.033202332554105735,"[[3105, 0], [0, 2853]]","[[190, 155], [166, 151]]"
disclosure_x_bias,169,init_knn1,DCP,log_loss,1.1229905006975638e-07,7.7480924547996395,1.0,0.5151741293532338,5.12248913091632e-10,0.5318233347156769,0.0,0.033202332554105735,"[[3105, 0], [0, 2853]]","[[190, 155], [166, 151]]"
disclosure_x_bias,170,init_knn1,DCP,log_loss,1.1228108170904003e-07,7.74807478180153,1.0,0.5151741293532338,5.108450855805592e-10,0.5316362039230973,0.0,0.033202332554105735,"[[3105, 0], [0, 2853]]","[[190, 155], [166, 151]]"
disclosure_x_bias,171,init_knn1,DCP,log_loss,1.1226475668987422e-07,7.7482726274194444,1.0,0.5151741293532338,5.11347405101897e-10,0.5318944872506803,0.0,0.033202332554105735,"[[3105, 0], [0, 2853]]","[[190, 155], [166, 151]]"
disclosure_x_bias,172,init_knn1,DCP,log_loss,1.1224853323547122e-07,7.748058004408655,1.0,0.5151741293532338,5.11852099604939e-10,0.531784118210965,0.0,0.033202332554105735,"[[3105, 0], [0, 2853]]","[[190, 155], [166, 151]]"
disclosure_x_bias,173,init_knn1,DCP,log_loss,1.1222902261065054e-07,7.748210660408253,1.0,0.5151741293532338,5.113839031017665e-10,0.5318198686010882,0.0,0.033202332554105735,"[[3105, 0], [0, 2853]]","[[190, 155], [166, 151]]"
disclosure_x_bias,174,init_knn1,DCP,log_loss,1.1221253181675113e-07,7.748117922032367,1.0,0.5151741293532338,5.110856670411869e-10,0.5319376286859732,0.0,0.033202332554105735,"[[3105, 0], [0, 2853]]","[[190, 155], [166, 151]]"
disclosure_x_bias,175,init_knn1,DCP,log_loss,1.1219673840656807e-07,7.748145788068891,1.0,0.5151741293532338,5.108872630382709e-10,0.5318831258571632,0.0,0.033202332554105735,"[[3105, 0], [0, 2853]]","[[190, 155], [166, 151]]"
disclosure_x_bias,176,init_knn1,DCP,log_loss,1.1217934217120031e-07,7.7480894371799565,1.0,0.5151741293532338,5.095050438856463e-10,0.531850909107042,0.0,0.033202332554105735,"[[3105, 0], [0, 2853]]","[[190, 155], [166, 151]]"
disclosure_x_bias,177,init_knn1,DCP,log_loss,1.1216320469343385e-07,7.748219394038213,1.0,0.5151741293532338,5.092782124727448e-10,0.5319162096898361,0.0,0.033202332554105735,"[[3105, 0], [0, 2853]]","[[190, 155], [166, 151]]"
disclosure_x_bias,178,init_knn1,DCP,log_loss,1.1214508894868718e-07,7.748314048526579,1.0,0.5151741293532338,5.110052874856269e-10,0.531845910786144,0.0,0.033202332554105735,"[[3105, 0], [0, 2853]]","[[190, 155], [166, 151]]"
disclosure_x_bias,179,init_knn1,DCP,log_loss,1.1212657036526367e-07,7.748356632590308,1.0,0.5151741293532338,5.123016398824207e-10,0.5319613765972028,0.0,0.033202332554105735,"[[3105, 0], [0, 2853]]","[[190, 155], [166, 151]]"
disclosure_x_bias,180,init_knn1,DCP,log_loss,1.1210914275164597e-07,7.748422758791523,1.0,0.5151741293532338,5.129435344389018e-10,0.5319494882822006,0.0,0.033202332554105735,"[[3105, 0], [0, 2853]]","[[190, 155], [166, 151]]"
disclosure_x_bias,181,init_knn1,DCP,log_loss,1.1209374578981389e-07,7.748544162707974,1.0,0.5151741293532338,5.130935190522234e-10,0.5320980759425916,0.0,0.033202332554105735,"[[3105, 0], [0, 2853]]","[[190, 155], [166, 151]]"
disclosure_x_bias,182,init_knn1,DCP,log_loss,1.1207712041406118e-07,7.74845768378824,1.0,0.5151741293532338,5.110484319678508e-10,0.5319918809921923,0.0,0.033202332554105735,"[[3105, 0], [0, 2853]]","[[190, 155], [166, 151]]"
disclosure_x_bias,183,init_knn1,DCP,log_loss,1.1206203102679956e-07,7.7486725814478365,1.0,0.5151741293532338,5.11634222501743e-10,0.5321568187135924,0.0,0.033202332554105735,"[[3105, 0], [0, 2853]]","[[190, 155], [166, 151]]"
disclosure_x_bias,184,init_knn1,DCP,log_loss,1.1204533327007083e-07,7.748603654479888,1.0,0.5151741293532338,5.125880787062105e-10,0.5321046418627624,0.0,0.033202332554105735,"[[3105, 0], [0, 2853]]","[[190, 155], [166, 151]]"
disclosure_x_bias,185,init_knn1,DCP,log_loss,1.1203045626692122e-07,7.748608806800331,1.0,0.5151741293532338,5.129082638506666e-10,0.5321826299733661,0.0,0.033202332554105735,"[[3105, 0], [0, 2853]]","[[190, 155], [166, 151]]"
disclosure_x_bias,186,init_knn1,DCP,log_loss,1.1201540806156168e-07,7.748566179705648,1.0,0.5151741293532338,5.134530517683905e-10,0.5322762448167789,0.0,0.033202332554105735,"[[3105, 0], [0, 2853]]","[[190, 155], [166, 151]]"
disclosure_x_bias,187,init_knn1,DCP,log_loss,1.1199674634537345e-07,7.749028968005824,1.0,0.5151741293532338,5.227245618866993e-10,0.5321332445368631,0.0,0.033202332554105735,"[[3105, 0], [0, 2853]]","[[190, 155], [166, 151]]"
disclosure_x_bias,188,init_knn1,DCP,log_loss,1.119817080658275e-07,7.74885680588889,1.0,0.5151741293532338,5.22894936692407e-10,0.5321109165664574,0.0,0.033202332554105735,"[[3105, 0], [0, 2853]]","[[190, 155], [166, 151]]"
disclosure_x_bias,189,init_knn1,DCP,log_loss,1.1196244839707845e-07,7.748854040356544,1.0,0.5151741293532338,5.180876801503453e-10,0.532215160067635,0.0,0.033202332554105735,"[[3105, 0], [0, 2853]]","[[190, 155], [166, 151]]"
disclosure_x_bias,190,init_knn1,DCP,log_loss,1.1194535302589272e-07,7.748915590201564,1.0,0.5151741293532338,5.162489612849978e-10,0.5322106924468084,0.0,0.033202332554105735,"[[3105, 0], [0, 2853]]","[[190, 155], [166, 151]]"
disclosure_x_bias,191,init_knn1,DCP,log_loss,1.1192854982323622e-07,7.749013531592402,1.0,0.5151741293532338,5.175906890873266e-10,0.5323610201017175,0.0,0.033202332554105735,"[[3105, 0], [0, 2853]]","[[190, 155], [166, 151]]"
disclosure_x_bias,192,init_knn1,DCP,log_loss,1.1191347930753615e-07,7.748784996724474,1.0,0.5151741293532338,5.182238908371039e-10,0.5322611034148965,0.0,0.033202332554105735,"[[3105, 0], [0, 2853]]","[[190, 155], [166, 151]]"
disclosure_x_bias,193,init_knn1,DCP,log_loss,1.118989097957157e-07,7.748996182071904,1.0,0.5151741293532338,5.182852856921693e-10,0.5323082517044071,0.0,0.033202332554105735,"[[3105, 0], [0, 2853]]","[[190, 155], [166, 151]]"
disclosure_x_bias,194,init_knn1,DCP,log_loss,1.1188357761422536e-07,7.748925462218997,1.0,0.5151741293532338,5.176007522227101e-10,0.5323268163682812,0.0,0.033202332554105735,"[[3105, 0], [0, 2853]]","[[190, 155], [166, 151]]"
disclosure_x_bias,195,init_knn1,DCP,log_loss,1.1186772163451251e-07,7.7490767866814085,1.0,0.5151741293532338,5.175960199583681e-10,0.5322789841522038,0.0,0.033202332554105735,"[[3105, 0], [0, 2853]]","[[190, 155], [166, 151]]"
disclosure_x_bias,196,init_knn1,DCP,log_loss,1.1185144304355975e-07,7.748948676194422,1.0,0.5151741293532338,5.171586951392492e-10,0.5322851725571124,0.0,0.033202332554105735,"[[3105, 0], [0, 2853]]","[[190, 155], [166, 151]]"
disclosure_x_bias,197,init_knn1,DCP,log_loss,1.1183264746062457e-07,7.748822942125737,1.0,0.5151741293532338,5.18089836194468e-10,0.5322423683538552,0.0,0.033202332554105735,"[[3105, 0], [0, 2853]]","[[190, 155], [166, 151]]"
disclosure_x_bias,198,init_knn1,DCP,log_loss,1.1181670854444779e-07,7.748681196540798,1.0,0.5151741293532338,5.187408933047137e-10,0.5323479374912478,0.0,0.033202332554105735,"[[3105, 0], [0, 2853]]","[[190, 155], [166, 151]]"
disclosure_x_bias,199,init_knn1,DCP,log_loss,1.1180176960335423e-07,7.748836205862571,1.0,0.5151741293532338,5.1915297028083e-10,0.5322402420589616,0.0,0.033202332554105735,"[[3105, 0], [0, 2853]]","[[190, 155], [166, 151]]"
disclosure_x_bias,200,init_knn1,DCP,log_loss,1.117830938871562e-07,7.748796872923522,1.0,0.5151741293532338,5.187314958062254e-10,0.5323287325455207,0.0,0.033202332554105735,"[[3105, 0], [0, 2853]]","[[190, 155], [166, 151]]"
disclosure_x_bias,201,init_knn1,DCP,log_loss,1.1176912566828326e-07,7.74886773949873,1.0,0.5151741293532338,5.186257917597662e-10,0.5323971092461555,0.0,0.033202332554105735,"[[3105, 0], [0, 2853]]","[[190, 155], [166, 151]]"
disclosure_x_bias,202,init_knn1,DCP,log_loss,1.1175375029079441e-07,7.748950402142478,1.0,0.5151741293532338,5.175201069265261e-10,0.5323880622104323,0.0,0.033202332554105735,"[[3105, 0], [0, 2853]]","[[190, 155], [166, 151]]"
disclosure_x_bias,203,init_knn1,DCP,log_loss,1.1173818249621009e-07,7.748790470573839,1.0,0.5151741293532338,5.169925228945732e-10,0.5323632952725091,0.0,0.033202332554105735,"[[3105, 0], [0, 2853]]","[[190, 155], [166, 151]]"
disclosure_x_bias,204,init_knn1,DCP,log_loss,1.1172425137932502e-07,7.748704133298038,1.0,0.5151741293532338,5.171176581695353e-10,0.5325393436391777,0.0,0.033202332554105735,"[[3105, 0], [0, 2853]]","[[190, 155], [166, 151]]"
disclosure_x_bias,205,init_knn1,DCP,log_loss,1.1170775434726391e-07,7.748832551154145,1.0,0.5151741293532338,5.190688504219404e-10,0.5324279351529386,0.0,0.033202332554105735,"[[3105, 0], [0, 2853]]","[[190, 155], [166, 151]]"
disclosure_x_bias,206,init_knn1,DCP,log_loss,1.1169284478921833e-07,7.748857790897643,1.0,0.5151741293532338,5.196626905668876e-10,0.5324994632422315,0.0,0.033202332554105735,"[[3105, 0], [0, 2853]]","[[190, 155], [166, 151]]"
disclosure_x_bias,207,init_knn1,DCP,log_loss,1.1167896834690869e-07,7.749062992980917,1.0,0.5151741293532338,5.198477293868603e-10,0.5325358095249042,0.0,0.033202332554105735,"[[3105, 0], [0, 2853]]","[[190, 155], [166, 151]]"
disclosure_x_bias,208,init_knn1,DCP,log_loss,1.1166539555032356e-07,7.748891355975308,1.0,0.5151741293532338,5.201030029958238e-10,0.5323793251162388,0.0,0.033202332554105735,"[[3105, 0], [0, 2853]]","[[190, 155], [166, 151]]"
disclosure_x_bias,209,init_knn1,DCP,log_loss,1.1164981742872919e-07,7.749086033245755,1.0,0.5151741293532338,5.21676752330901e-10,0.5322629586042488,0.0,0.033202332554105735,"[[3105, 0], [0, 2853]]","[[190, 155], [166, 151]]"
disclosure_x_bias,210,init_knn1,DCP,log_loss,1.1163387992669268e-07,7.749103769350197,1.0,0.5151741293532338,5.207715469876445e-10,0.532149510382623,0.0,0.033202332554105735,"[[3105, 0], [0, 2853]]","[[190, 155], [166, 151]]"
disclosure_x_bias,211,init_knn1,DCP,log_loss,1.1161612555278559e-07,7.749194267542353,1.0,0.5151741293532338,5.238240782780048e-10,0.5323486718821581,0.0,0.033202332554105735,"[[3105, 0], [0, 2853]]","[[190, 155], [166, 151]]"
disclosure_x_bias,212,init_knn1,DCP,log_loss,1.1159968310077839e-07,7.749190998910629,1.0,0.5151741293532338,5.237074334648834e-10,0.5324694283081848,0.0,0.033202332554105735,"[[3105, 0], [0, 2853]]","[[190, 155], [166, 151]]"
disclosure_x_bias,213,init_knn1,DCP,log_loss,1.1158557218586578e-07,7.7492465574251,1.0,0.5151741293532338,5.240044445996838e-10,0.5324553480815665,0.0,0.033202332554105735,"[[3105, 0], [0, 2853]]","[[190, 155], [166, 151]]"
disclosure_x_bias,214,init_knn1,DCP,log_loss,1.1157155378852435e-07,7.749283097072949,1.0,0.5151741293532338,5.231586489327142e-10,0.5326203934038296,0.0,0.033202332554105735,"[[3105, 0], [0, 2853]]","[[190, 155], [166, 151]]"
disclosure_x_bias,215,init_knn1,DCP,log_loss,1.1155762148500534e-07,7.749359037026418,1.0,0.5151741293532338,5.228344332383586e-10,0.5324977184054528,0.0,0.033202332554105735,"[[3105, 0], [0, 2853]]","[[190, 155], [166, 151]]"
disclosure_x_bias,216,init_knn1,DCP,log_loss,1.1154137218435714e-07,7.749378923703429,1.0,0.5151741293532338,5.219045350029431e-10,0.5326185144601067,0.0,0.033202332554105735,"[[3105, 0], [0, 2853]]","[[190, 155], [166, 151]]"
disclosure_x_bias,217,init_knn1,DCP,log_loss,1.1152641334225051e-07,7.7493973187527985,1.0,0.5151741293532338,5.219087088820674e-10,0.5327339656648311,0.0,0.033202332554105735,"[[3105, 0], [0, 2853]]","[[190, 155], [166, 151]]"
disclosure_x_bias,218,init_knn1,DCP,log_loss,1.1151209047072116e-07,7.749444397365712,1.0,0.5151741293532338,5.228442657088906e-10,0.5326305183290188,0.0,0.033202332554105735,"[[3105, 0], [0, 2853]]","[[190, 155], [166, 151]]"
disclosure_x_bias,219,init_knn1,DCP,log_loss,1.1149790612816224e-07,7.749365329292021,1.0,0.5151741293532338,5.235319573995492e-10,0.5325882870459869,0.0,0.033202332554105735,"[[3105, 0], [0, 2853]]","[[190, 155], [166, 151]]"
disclosure_x_bias,220,init_knn1,DCP,log_loss,1.1148453407739004e-07,7.749521527057077,1.0,0.5151741293532338,5.235841966337556e-10,0.5327390360899996,0.0,0.033202332554105735,"[[3105, 0], [0, 2853]]","[[190, 155], [166, 151]]"
disclosure_x_bias,221,init_knn1,DCP,log_loss,1.1147071746961415e-07,7.749531598120329,1.0,0.5151741293532338,5.239890757387421e-10,0.5326996596886027,0.0,0.033202332554105735,"[[3105, 0], [0, 2853]]","[[190, 155], [166, 151]]"
disclosure_x_bias,222,init_knn1,DCP,log_loss,1.1145689062169994e-07,7.749440863159864,1.0,0.5151741293532338,5.24375817754254e-10,0.5328775906983718,0.0,0.033202332554105735,"[[3105, 0], [0, 2853]]","[[190, 155], [166, 151]]"
disclosure_x_bias,223,init_knn1,DCP,log_loss,1.1144217274702566e-07,7.7493391828808225,1.0,0.5151741293532338,5.239890238805555e-10,0.5327707303264982,0.0,0.033202332554105735,"[[3105, 0], [0, 2853]]","[[190, 155], [166, 151]]"
disclosure_x_bias,224,init_knn1,DCP,log_loss,1.1142652429383065e-07,7.749317227436602,1.0,0.5151741293532338,5.230519343004435e-10,0.5330002961678727,0.0,0.033202332554105735,"[[3105, 0], [0, 2853]]","[[190, 155], [166, 151]]"
disclosure_x_bias,225,init_knn1,DCP,log_loss,1.1141111344381609e-07,7.749251723006789,1.0,0.5151741293532338,5.264349088892552e-10,0.5331025296365239,0.0,0.033202332554105735,"[[3105, 0], [0, 2853]]","[[190, 155], [166, 151]]"
disclosure_x_bias,226,init_knn1,DCP,log_loss,1.1139760758930973e-07,7.749281239959392,1.0,0.5151741293532338,5.268345930025287e-10,0.53312620695179,0.0,0.033202332554105735,"[[3105, 0], [0, 2853]]","[[190, 155], [166, 151]]"
disclosure_x_bias,227,init_knn1,DCP,log_loss,1.1138444664612963e-07,7.749276638762962,1.0,0.5151741293532338,5.270696094482269e-10,0.5331741667206849,0.0,0.033202332554105735,"[[3105, 0], [0, 2853]]","[[190, 155], [166, 151]]"
disclosure_x_bias,228,init_knn1,DCP,log_loss,1.1137135984015897e-07,7.749511188159181,1.0,0.5151741293532338,5.275814986385582e-10,0.5333184200895067,0.0,0.033202332554105735,"[[3105, 0], [0, 2853]]","[[190, 155], [166, 151]]"
disclosure_x_bias,229,init_knn1,DCP,log_loss,1.1135248208623622e-07,7.749460180546558,1.0,0.5151741293532338,5.282065620674569e-10,0.5332402887533407,0.0,0.033202332554105735,"[[3105, 0], [0, 2853]]","[[190, 155], [166, 151]]"
disclosure_x_bias,230,init_knn1,DCP,log_loss,1.1133918332942185e-07,7.749566607473224,1.0,0.5151741293532338,5.284552839237339e-10,0.533345099071586,0.0,0.033202332554105735,"[[3105, 0], [0, 2853]]","[[190, 155], [166, 151]]"
disclosure_x_bias,231,init_knn1,DCP,log_loss,1.113261279006037e-07,7.749447400779007,1.0,0.5151741293532338,5.290732802571996e-10,0.5333426016818095,0.0,0.033202332554105735,"[[3105, 0], [0, 2853]]","[[190, 155], [166, 151]]"
disclosure_x_bias,232,init_knn1,DCP,log_loss,1.1131291863911822e-07,7.749487037771044,1.0,0.5151741293532338,5.291183354183506e-10,0.5333677069389582,0.0,0.033202332554105735,"[[3105, 0], [0, 2853]]","[[190, 155], [166, 151]]"
disclosure_x_bias,233,init_knn1,DCP,log_loss,1.1129861533566166e-07,7.749528746150718,1.0,0.5151741293532338,5.293208907408331e-10,0.5333471216442536,0.0,0.033202332554105735,"[[3105, 0], [0, 2853]]","[[190, 155], [166, 151]]"
disclosure_x_bias,234,init_knn1,DCP,log_loss,1.1128262566084145e-07,7.749418562821409,1.0,0.5151741293532338,5.288619617709775e-10,0.5333570536691167,0.0,0.033202332554105735,"[[3105, 0], [0, 2853]]","[[190, 155], [166, 151]]"
disclosure_x_bias,235,init_knn1,DCP,log_loss,1.1126904835033873e-07,7.749510673616157,1.0,0.5151741293532338,5.286225788707017e-10,0.5334008507126506,0.0,0.033202332554105735,"[[3105, 0], [0, 2853]]","[[190, 155], [166, 151]]"
disclosure_x_bias,236,init_knn1,DCP,log_loss,1.1125562616133578e-07,7.749403499131352,1.0,0.5151741293532338,5.290844384407059e-10,0.5333459937713468,0.0,0.033202332554105735,"[[3105, 0], [0, 2853]]","[[190, 155], [166, 151]]"
disclosure_x_bias,237,init_knn1,DCP,log_loss,1.1124280699242228e-07,7.749416389510467,1.0,0.5151741293532338,5.290780943658492e-10,0.5333833759922109,0.0,0.033202332554105735,"[[3105, 0], [0, 2853]]","[[190, 155], [166, 151]]"
disclosure_x_bias,238,init_knn1,DCP,log_loss,1.1122958169121454e-07,7.749483584481003,1.0,0.5151741293532338,5.291842839489862e-10,0.5333529975531576,0.0,0.033202332554105735,"[[3105, 0], [0, 2853]]","[[190, 155], [166, 151]]"
disclosure_x_bias,239,init_knn1,DCP,log_loss,1.112162493142219e-07,7.749455962668328,1.0,0.5151741293532338,5.293005874313393e-10,0.5332046198747037,0.0,0.033202332554105735,"[[3105, 0], [0, 2853]]","[[190, 155], [166, 151]]"
disclosure_x_bias,240,init_knn1,DCP,log_loss,1.1120092733481818e-07,7.749411300466106,1.0,0.5151741293532338,5.257266661580039e-10,0.5332045939768636,0.0,0.033202332554105735,"[[3105, 0], [0, 2853]]","[[190, 155], [166, 151]]"
disclosure_x_bias,241,init_knn1,DCP,log_loss,1.1118725257812052e-07,7.749358989977996,1.0,0.5151741293532338,5.250485065992449e-10,0.5332931078124912,0.0,0.033202332554105735,"[[3105, 0], [0, 2853]]","[[190, 155], [166, 151]]"
disclosure_x_bias,242,init_knn1,DCP,log_loss,1.1116583663871163e-07,7.749664889706239,1.0,0.5151741293532338,5.310917901711956e-10,0.5330100755595197,0.0,0.033202332554105735,"[[3105, 0], [0, 2853]]","[[190, 155], [166, 151]]"
disclosure_x_bias,243,init_knn1,DCP,log_loss,1.1115114797021972e-07,7.749599073487026,1.0,0.5151741293532338,5.344452031662933e-10,0.5330300848835052,0.0,0.033202332554105735,"[[3105, 0], [0, 2853]]","[[190, 155], [166, 151]]"
disclosure_x_bias,244,init_knn1,DCP,log_loss,1.1113652803295233e-07,7.749719822820604,1.0,0.5151741293532338,5.335195785120165e-10,0.532951148103901,0.0,0.033202332554105735,"[[3105, 0], [0, 2853]]","[[190, 155], [166, 151]]"
disclosure_x_bias,245,init_knn1,DCP,log_loss,1.1112368577628466e-07,7.749651810344744,1.0,0.5151741293532338,5.339630267619184e-10,0.5329997563307773,0.0,0.033202332554105735,"[[3105, 0], [0, 2853]]","[[190, 155], [166, 151]]"
disclosure_x_bias,246,init_knn1,DCP,log_loss,1.1111030172123413e-07,7.749870958715723,1.0,0.5151741293532338,5.337968347057245e-10,0.5330839335419404,0.0,0.033202332554105735,"[[3105, 0], [0, 2853]]","[[190, 155], [166, 151]]"
disclosure_x_bias,247,init_knn1,DCP,log_loss,1.1109647758561742e-07,7.749817729864823,1.0,0.5151741293532338,5.346202500960597e-10,0.5330775171547073,0.0,0.033202332554105735,"[[3105, 0], [0, 2853]]","[[190, 155], [166, 151]]"
disclosure_x_bias,248,init_knn1,DCP,log_loss,1.1108345211867346e-07,7.750054347564114,1.0,0.5151741293532338,5.345705702819864e-10,0.5331913541963961,0.0,0.033202332554105735,"[[3105, 0], [0, 2853]]","[[190, 155], [166, 151]]"
disclosure_x_bias,249,init_knn1,DCP,log_loss,1.1106897850219345e-07,7.749815010895463,1.0,0.5151741293532338,5.338116230181983e-10,0.533355884788435,0.0,0.033202332554105735,"[[3105, 0], [0, 2853]]","[[190, 155], [166, 151]]"
disclosure_x_bias,250,init_knn1,DCP,log_loss,1.1105672384916264e-07,7.749960713670592,1.0,0.5151741293532338,5.337622909273208e-10,0.5332676922401007,0.0,0.033202332554105735,"[[3105, 0], [0, 2853]]","[[190, 155], [166, 151]]"
disclosure_x_bias,251,init_knn1,DCP,log_loss,1.1104412760433861e-07,7.749879887856747,1.0,0.5151741293532338,5.335416763191805e-10,0.5334443991031671,0.0,0.033202332554105735,"[[3105, 0], [0, 2853]]","[[190, 155], [166, 151]]"
disclosure_x_bias,252,init_knn1,DCP,log_loss,1.110315152222936e-07,7.749968015924354,1.0,0.5151741293532338,5.328743580353601e-10,0.5334150167310897,0.0,0.033202332554105735,"[[3105, 0], [0, 2853]]","[[190, 155], [166, 151]]"
disclosure_x_bias,253,init_knn1,DCP,log_loss,1.1101752634792763e-07,7.750089071235737,1.0,0.5151741293532338,5.322775828067883e-10,0.5333446318057108,0.0,0.033202332554105735,"[[3105, 0], [0, 2853]]","[[190, 155], [166, 151]]"
disclosure_x_bias,254,init_knn1,DCP,log_loss,1.1100485323067537e-07,7.750219162700816,1.0,0.5151741293532338,5.317483361562287e-10,0.5332160060092741,0.0,0.033202332554105735,"[[3105, 0], [0, 2853]]","[[190, 155], [166, 151]]"
disclosure_x_bias,255,init_knn1,DCP,log_loss,1.1099225623702047e-07,7.75022393404538,1.0,0.5151741293532338,5.31743588408761e-10,0.5333201904068121,0.0,0.033202332554105735,"[[3105, 0], [0, 2853]]","[[190, 155], [166, 151]]"
disclosure_x_bias,256,init_knn1,DCP,log_loss,1.1097724962731973e-07,7.750286763749571,1.0,0.5151741293532338,5.310899492005655e-10,0.5332742757892406,0.0,0.033202332554105735,"[[3105, 0], [0, 2853]]","[[190, 155], [166, 151]]"
disclosure_x_bias,257,init_knn1,DCP,log_loss,1.1096501589390766e-07,7.750285367058669,1.0,0.5151741293532338,5.311659522011548e-10,0.5333274935793173,0.0,0.033202332554105735,"[[3105, 0], [0, 2853]]","[[190, 155], [166, 151]]"
disclosure_x_bias,258,init_knn1,DCP,log_loss,1.1094919294636542e-07,7.750336462473659,1.0,0.5151741293532338,5.300447963239154e-10,0.5332610107067411,0.0,0.033202332554105735,"[[3105, 0], [0, 2853]]","[[190, 155], [166, 151]]"
disclosure_x_bias,259,init_knn1,DCP,log_loss,1.1093589624965468e-07,7.7505020086536405,1.0,0.5151741293532338,5.311976138326862e-10,0.533390921694431,0.0,0.033202332554105735,"[[3105, 0], [0, 2853]]","[[190, 155], [166, 151]]"
disclosure_x_bias,260,init_knn1,DCP,log_loss,1.1092244241924798e-07,7.750549718066606,1.0,0.5151741293532338,5.32200672586333e-10,0.5333871613991436,0.0,0.033202332554105735,"[[3105, 0], [0, 2853]]","[[190, 155], [166, 151]]"
disclosure_x_bias,261,init_knn1,DCP,log_loss,1.1090741970421034e-07,7.750497031204394,1.0,0.5151741293532338,5.325085319078605e-10,0.533323130670969,0.0,0.033202332554105735,"[[3105, 0], [0, 2853]]","[[190, 155], [166, 151]]"
disclosure_x_bias,262,init_knn1,DCP,log_loss,1.1089491473614283e-07,7.75066686474653,1.0,0.5151741293532338,5.320561261553244e-10,0.533387288831575,0.0,0.033202332554105735,"[[3105, 0], [0, 2853]]","[[190, 155], [166, 151]]"
disclosure_x_bias,263,init_knn1,DCP,log_loss,1.1088235244483278e-07,7.750630227536368,1.0,0.5151741293532338,5.32267104800875e-10,0.5333580033477154,0.0,0.033202332554105735,"[[3105, 0], [0, 2853]]","[[190, 155], [166, 151]]"
disclosure_x_bias,264,init_knn1,DCP,log_loss,1.1086884246449047e-07,7.7509337551207595,1.0,0.5151741293532338,5.322933679648546e-10,0.5331935889706071,0.0,0.033202332554105735,"[[3105, 0], [0, 2853]]","[[190, 155], [166, 151]]"
disclosure_x_bias,265,init_knn1,DCP,log_loss,1.1085209647946538e-07,7.750898413004371,1.0,0.5151741293532338,5.267571937708318e-10,0.5332686556967815,0.0,0.033202332554105735,"[[3105, 0], [0, 2853]]","[[190, 155], [166, 151]]"
disclosure_x_bias,266,init_knn1,DCP,log_loss,1.1083943403512089e-07,7.750804811501126,1.0,0.5151741293532338,5.267409611769061e-10,0.5333187303569606,0.0,0.033202332554105735,"[[3105, 0], [0, 2853]]","[[190, 155], [166, 151]]"
disclosure_x_bias,267,init_knn1,DCP,log_loss,1.1082656397313467e-07,7.750809993863754,1.0,0.5151741293532338,5.272292323287683e-10,0.5332406271284768,0.0,0.033202332554105735,"[[3105, 0], [0, 2853]]","[[190, 155], [166, 151]]"
disclosure_x_bias,268,init_knn1,DCP,log_loss,1.108145437128081e-07,7.750886033813563,1.0,0.5151741293532338,5.272488247063215e-10,0.5333837877683428,0.0,0.033202332554105735,"[[3105, 0], [0, 2853]]","[[190, 155], [166, 151]]"
disclosure_x_bias,269,init_knn1,DCP,log_loss,1.1080200181477545e-07,7.750895173277054,1.0,0.5151741293532338,5.278791589100274e-10,0.5335322600928337,0.0,0.033202332554105735,"[[3105, 0], [0, 2853]]","[[190, 155], [166, 151]]"
disclosure_x_bias,270,init_knn1,DCP,log_loss,1.1078879090656909e-07,7.750891940376016,1.0,0.5151741293532338,5.272891251430121e-10,0.533479736250927,0.0,0.033202332554105735,"[[3105, 0], [0, 2853]]","[[190, 155], [166, 151]]"
disclosure_x_bias,271,init_knn1,DCP,log_loss,1.1077692030785655e-07,7.750890318891197,1.0,0.5151741293532338,5.273273358162223e-10,0.5335529412799818,0.0,0.033202332554105735,"[[3105, 0], [0, 2853]]","[[190, 155], [166, 151]]"
disclosure_x_bias,272,init_knn1,DCP,log_loss,1.1076507993371176e-07,7.750948115756424,1.0,0.5151741293532338,5.276154186434339e-10,0.5334836852706715,0.0,0.033202332554105735,"[[3105, 0], [0, 2853]]","[[190, 155], [166, 151]]"
disclosure_x_bias,273,init_knn1,DCP,log_loss,1.1075321593056311e-07,7.751073190390722,1.0,0.5151741293532338,5.282369330228917e-10,0.5335730224036899,0.0,0.033202332554105735,"[[3105, 0], [0, 2853]]","[[190, 155], [166, 151]]"
disclosure_x_bias,274,init_knn1,DCP,log_loss,1.1074120257869843e-07,7.751003111283571,1.0,0.5151741293532338,5.283338804125212e-10,0.5335977230951224,0.0,0.033202332554105735,"[[3105, 0], [0, 2853]]","[[190, 155], [166, 151]]"
disclosure_x_bias,275,init_knn1,DCP,log_loss,1.1072523288302939e-07,7.7510592085535235,1.0,0.5151741293532338,5.279820689818216e-10,0.5336129037922196,0.0,0.033202332554105735,"[[3105, 0], [0, 2853]]","[[190, 155], [166, 151]]"
disclosure_x_bias,276,init_knn1,DCP,log_loss,1.1071352956898952e-07,7.751115763009937,1.0,0.5151741293532338,5.281601743510435e-10,0.5336372935477803,0.0,0.033202332554105735,"[[3105, 0], [0, 2853]]","[[190, 155], [166, 151]]"
disclosure_x_bias,277,init_knn1,DCP,log_loss,1.1069905789670396e-07,7.7511610460995115,1.0,0.5151741293532338,5.28787704443954e-10,0.533719606375806,0.0,0.033202332554105735,"[[3105, 0], [0, 2853]]","[[190, 155], [166, 151]]"
disclosure_x_bias,278,init_knn1,DCP,log_loss,1.106856689531844e-07,7.7510638013918465,1.0,0.5151741293532338,5.264188764461319e-10,0.5336850728654523,0.0,0.033202332554105735,"[[3105, 0], [0, 2853]]","[[190, 155], [166, 151]]"
disclosure_x_bias,279,init_knn1,DCP,log_loss,1.106739167202225e-07,7.7512264624477165,1.0,0.5151741293532338,5.266633532843336e-10,0.5338384007978606,0.0,0.033202332554105735,"[[3105, 0], [0, 2853]]","[[190, 155], [166, 151]]"
disclosure_x_bias,280,init_knn1,DCP,log_loss,1.1066156281850191e-07,7.751160165221551,1.0,0.5151741293532338,5.269487551871497e-10,0.5337790968958644,0.0,0.033202332554105735,"[[3105, 0], [0, 2853]]","[[190, 155], [166, 151]]"
disclosure_x_bias,281,init_knn1,DCP,log_loss,1.1064878728660118e-07,7.751143516340674,1.0,0.5151741293532338,5.261388956377271e-10,0.5338962736419739,0.0,0.033202332554105735,"[[3105, 0], [0, 2853]]","[[190, 155], [166, 151]]"
disclosure_x_bias,282,init_knn1,DCP,log_loss,1.1063674880405346e-07,7.751178640778616,1.0,0.5151741293532338,5.25871984362274e-10,0.5338755098781703,0.0,0.033202332554105735,"[[3105, 0], [0, 2853]]","[[190, 155], [166, 151]]"
disclosure_x_bias,283,init_knn1,DCP,log_loss,1.1062524181311496e-07,7.751033079460418,1.0,0.5151741293532338,5.257393393235608e-10,0.5339259756907561,0.0,0.033202332554105735,"[[3105, 0], [0, 2853]]","[[190, 155], [166, 151]]"
disclosure_x_bias,284,init_knn1,DCP,log_loss,1.1061153262068755e-07,7.7510830355651565,1.0,0.5151741293532338,5.244356089349153e-10,0.5338431868088488,0.0,0.033202332554105735,"[[3105, 0], [0, 2853]]","[[190, 155], [166, 151]]"
disclosure_x_bias,285,init_knn1,DCP,log_loss,1.1059897370092149e-07,7.751030441555845,1.0,0.5151741293532338,5.244035172328402e-10,0.534002078396856,0.0,0.033202332554105735,"[[3105, 0], [0, 2853]]","[[190, 155], [166, 151]]"
disclosure_x_bias,286,init_knn1,DCP,log_loss,1.1058716849359376e-07,7.751072778804708,1.0,0.5151741293532338,5.240517444944408e-10,0.5339536158911512,0.0,0.033202332554105735,"[[3105, 0], [0, 2853]]","[[190, 155], [166, 151]]"
disclosure_x_bias,287,init_knn1,DCP,log_loss,1.105758172683744e-07,7.751100241167611,1.0,0.5151741293532338,5.240915592860921e-10,0.5340456364060759,0.0,0.033202332554105735,"[[3105, 0], [0, 2853]]","[[190, 155], [166, 151]]"
disclosure_x_bias,288,init_knn1,DCP,log_loss,1.1056378664097013e-07,7.751146253042977,1.0,0.5151741293532338,5.244726265818737e-10,0.5339858211619462,0.0,0.033202332554105735,"[[3105, 0], [0, 2853]]","[[190, 155], [166, 151]]"
disclosure_x_bias,289,init_knn1,DCP,log_loss,1.1055079948532307e-07,7.751185563758307,1.0,0.5151741293532338,5.286231904545703e-10,0.5340500898415961,0.0,0.033202332554105735,"[[3105, 0], [0, 2853]]","[[190, 155], [166, 151]]"
disclosure_x_bias,290,init_knn1,DCP,log_loss,1.1053892939609157e-07,7.751090462754592,1.0,0.5151741293532338,5.290536631706687e-10,0.5340786579895727,0.0,0.033202332554105735,"[[3105, 0], [0, 2853]]","[[190, 155], [166, 151]]"
disclosure_x_bias,291,init_knn1,DCP,log_loss,1.105264500041184e-07,7.751160555275564,1.0,0.5151741293532338,5.292077588876959e-10,0.5342119808560218,0.0,0.033202332554105735,"[[3105, 0], [0, 2853]]","[[190, 155], [166, 151]]"
disclosure_x_bias,292,init_knn1,DCP,log_loss,1.1051446218539684e-07,7.751221446294137,1.0,0.5151741293532338,5.297643819442756e-10,0.5341787010261512,0.0,0.033202332554105735,"[[3105, 0], [0, 2853]]","[[190, 155], [166, 151]]"
disclosure_x_bias,293,init_knn1,DCP,log_loss,1.1049819032470491e-07,7.751231627937597,1.0,0.5151741293532338,5.310716462011124e-10,0.5341290403030087,0.0,0.033202332554105735,"[[3105, 0], [0, 2853]]","[[190, 155], [166, 151]]"
disclosure_x_bias,294,init_knn1,DCP,log_loss,1.1048634096118311e-07,7.751142610788916,1.0,0.5151741293532338,5.317525167428649e-10,0.5341281246203511,0.0,0.033202332554105735,"[[3105, 0], [0, 2853]]","[[190, 155], [166, 151]]"
disclosure_x_bias,295,init_knn1,DCP,log_loss,1.1047397786259487e-07,7.751219261412674,1.0,0.5151741293532338,5.317409566186158e-10,0.5342052170263868,0.0,0.033202332554105735,"[[3105, 0], [0, 2853]]","[[190, 155], [166, 151]]"
disclosure_x_bias,296,init_knn1,DCP,log_loss,1.1046081243385851e-07,7.751208537592373,1.0,0.5151741293532338,5.325064158947488e-10,0.5342174869779079,0.0,0.033202332554105735,"[[3105, 0], [0, 2853]]","[[190, 155], [166, 151]]"
disclosure_x_bias,297,init_knn1,DCP,log_loss,1.1044928543068191e-07,7.751188333997445,1.0,0.5151741293532338,5.323233123800073e-10,0.5341029844420043,0.0,0.033202332554105735,"[[3105, 0], [0, 2853]]","[[190, 155], [166, 151]]"
disclosure_x_bias,298,init_knn1,DCP,log_loss,1.1043797588401483e-07,7.7512079480819605,1.0,0.5151741293532338,5.328074350374568e-10,0.534062684675693,0.0,0.033202332554105735,"[[3105, 0], [0, 2853]]","[[190, 155], [166, 151]]"
disclosure_x_bias,299,init_knn1,DCP,log_loss,1.1042586438706528e-07,7.751221514197331,1.0,0.5151741293532338,5.328792611934354e-10,0.5342443662300417,0.0,0.033202332554105735,"[[3105, 0], [0, 2853]]","[[190, 155], [166, 151]]"
disclosure_x_bias,300,init_knn1,DCP,log_loss,1.104102753233608e-07,7.751372276817155,1.0,0.5151741293532338,5.326992691776117e-10,0.5341669932334894,0.0,0.033202332554105735,"[[3105, 0], [0, 2853]]","[[190, 155], [166, 151]]"
disclosure_x_bias,1,init_knn1,DCP,exponential,727.5255609880654,750.0759503063601,1.0,0.5151741293532338,0.25294781071330313,105.13494751349423,0.0,0.033202332554105735,"[[3105, 0], [0, 2853]]","[[190, 155], [166, 151]]"
disclosure_x_bias,2,init_knn1,DCP,exponential,731.4465830213627,753.2056077050959,1.0,0.5151741293532338,0.4949917961360722,104.92773649467667,0.0,0.033202332554105735,"[[3105, 0], [0, 2853]]","[[190, 155], [166, 151]]"
disclosure_x_bias,3,init_knn1,DCP,exponential,735.0311545064471,756.4694181803918,1.0,0.5151741293532338,0.7488291374412673,105.83129778029536,0.0,0.033202332554105735,"[[3105, 0], [0, 2853]]","[[190, 155], [166, 151]]"
disclosure_x_bias,4,init_knn1,DCP,exponential,738.366267512428,760.5088197342645,1.0,0.5151741293532338,1.024002460988598,106.65611443669685,0.0,0.033202332554105735,"[[3105, 0], [0, 2853]]","[[190, 155], [166, 151]]"
disclosure_x_bias,5,init_knn1,DCP,exponential,741.4229112679684,763.2986986920039,1.0,0.5151741293532338,1.2223148696193786,107.34888205624159,0.0,0.033202332554105735,"[[3105, 0], [0, 2853]]","[[190, 155], [166, 151]]"
disclosure_x_bias,6,init_knn1,DCP,exponential,744.190181303933,765.78054567436,1.0,0.5151741293532338,1.2243465515051404,107.12124376501372,0.0,0.033202332554105735,"[[3105, 0], [0, 2853]]","[[190, 155], [166, 151]]"
disclosure_x_bias,7,init_knn1,DCP,exponential,746.7642518201085,768.8819831143671,1.0,0.5151741293532338,1.4024441813396542,108.1023192774501,0.0,0.033202332554105735,"[[3105, 0], [0, 2853]]","[[190, 155], [166, 151]]"
disclosure_x_bias,8,init_knn1,DCP,exponential,749.2796040516876,770.7787535771538,1.0,0.5151741293532338,1.625812864494868,109.48146014943295,0.0,0.033202332554105735,"[[3105, 0], [0, 2853]]","[[190, 155], [166, 151]]"
disclosure_x_bias,9,init_knn1,DCP,exponential,751.5545076157715,773.0245395437418,1.0,0.5151741293532338,1.776497249305289,109.94509078788485,0.0,0.033202332554105735,"[[3105, 0], [0, 2853]]","[[190, 155], [166, 151]]"
disclosure_x_bias,10,init_knn1,DCP,exponential,753.7326442913201,775.2605736555471,1.0,0.5151741293532338,1.867204830497884,110.01137329442948,0.0,0.033202332554105735,"[[3105, 0], [0, 2853]]","[[190, 155], [166, 151]]"
disclosure_x_bias,11,init_knn1,DCP,exponential,755.6599623588456,776.5690567873323,1.0,0.5151741293532338,1.9793399090226211,111.24582093128994,0.0,0.033202332554105735,"[[3105, 0], [0, 2853]]","[[190, 155], [166, 151]]"
disclosure_x_bias,12,init_knn1,DCP,exponential,757.6565519264177,780.1110632387606,1.0,0.5151741293532338,2.373089563223975,112.83964707323084,0.0,0.033202332554105735,"[[3105, 0], [0, 2853]]","[[190, 155], [166, 151]]"
disclosure_x_bias,13,init_knn1,DCP,exponential,759.4964124517354,782.0281349756481,1.0,0.5151741293532338,2.6215432746279115,112.56445826022987,0.0,0.033202332554105735,"[[3105, 0], [0, 2853]]","[[190, 155], [166, 151]]"
disclosure_x_bias,14,init_knn1,DCP,exponential,761.1185798981298,783.4040286765253,1.0,0.5151741293532338,2.656353404201433,113.2179938004398,0.0,0.033202332554105735,"[[3105, 0], [0, 2853]]","[[190, 155], [166, 151]]"
disclosure_x_bias,15,init_knn1,DCP,exponential,762.6513807723888,785.0161706845112,1.0,0.5151741293532338,2.7430312524297196,113.03036948082917,0.0,0.033202332554105735,"[[3105, 0], [0, 2853]]","[[190, 155], [166, 151]]"
disclosure_x_bias,16,init_knn1,DCP,exponential,764.200305967685,786.3621334481661,1.0,0.5151741293532338,2.8277343848949,112.47648851354674,0.0,0.033202332554105735,"[[3105, 0], [0, 2853]]","[[190, 155], [166, 151]]"
disclosure_x_bias,17,init_knn1,DCP,exponential,765.7104064107018,787.6476503339743,1.0,0.5151741293532338,2.8147720250539017,112.82785923891713,0.0,0.033202332554105735,"[[3105, 0], [0, 2853]]","[[190, 155], [166, 151]]"
disclosure_x_bias,18,init_knn1,DCP,exponential,766.9259707856211,787.6025398467743,1.0,0.5151741293532338,2.79639411508021,112.92996560481866,0.0,0.033202332554105735,"[[3105, 0], [0, 2853]]","[[190, 155], [166, 151]]"
disclosure_x_bias,19,init_knn1,DCP,exponential,768.4283332928762,789.3656718185326,1.0,0.5151741293532338,3.4808252077833437,115.26610500899216,0.0,0.033202332554105735,"[[3105, 0], [0, 2853]]","[[190, 155], [166, 151]]"
disclosure_x_bias,20,init_knn1,DCP,exponential,769.673667572966,790.5952671575317,1.0,0.5151741293532338,3.589843360964988,116.09273739921863,0.0,0.033202332554105735,"[[3105, 0], [0, 2853]]","[[190, 155], [166, 151]]"
disclosure_x_bias,21,init_knn1,DCP,exponential,770.9697462298192,791.7041268777799,1.0,0.5151741293532338,3.716711515258135,116.50765542452181,0.0,0.033202332554105735,"[[3105, 0], [0, 2853]]","[[190, 155], [166, 151]]"
disclosure_x_bias,22,init_knn1,DCP,exponential,772.0902461888028,792.9748111952856,1.0,0.5151741293532338,3.81505303407519,116.37522745973244,0.0,0.033202332554105735,"[[3105, 0], [0, 2853]]","[[190, 155], [166, 151]]"
disclosure_x_bias,23,init_knn1,DCP,exponential,773.026785289029,793.9012180115208,1.0,0.5151741293532338,3.765228191289702,115.90988737468389,0.0,0.033202332554105735,"[[3105, 0], [0, 2853]]","[[190, 155], [166, 151]]"
disclosure_x_bias,24,init_knn1,DCP,exponential,774.1964611150163,795.2334127840237,1.0,0.5151741293532338,3.859791179188146,116.25693796846575,0.0,0.033202332554105735,"[[3105, 0], [0, 2853]]","[[190, 155], [166, 151]]"
disclosure_x_bias,25,init_knn1,DCP,exponential,775.279275349311,796.5325230340047,1.0,0.5151741293532338,3.8651708551095045,115.60302819768924,0.0,0.033202332554105735,"[[3105, 0], [0, 2853]]","[[190, 155], [166, 151]]"
disclosure_x_bias,26,init_knn1,DCP,exponential,776.5891357173126,797.9048407414014,1.0,0.5151741293532338,4.69353198784153,117.90974963796667,0.0,0.033202332554105735,"[[3105, 0], [0, 2853]]","[[190, 155], [166, 151]]"
disclosure_x_bias,27,init_knn1,DCP,exponential,777.7183140453343,798.808728165886,1.0,0.5151741293532338,4.658915939089153,117.42263899587708,0.0,0.033202332554105735,"[[3105, 0], [0, 2853]]","[[190, 155], [166, 151]]"
disclosure_x_bias,28,init_knn1,DCP,exponential,778.6498783861728,799.3401333565084,1.0,0.5151741293532338,4.774943733729885,117.96395320812832,0.0,0.033202332554105735,"[[3105, 0], [0, 2853]]","[[190, 155], [166, 151]]"
disclosure_x_bias,29,init_knn1,DCP,exponential,779.5439797653754,800.0528831442147,1.0,0.5151741293532338,4.802607546832524,117.85640029483447,0.0,0.033202332554105735,"[[3105, 0], [0, 2853]]","[[190, 155], [166, 151]]"
disclosure_x_bias,30,init_knn1,DCP,exponential,780.4488405446295,800.1581171592912,1.0,0.5151741293532338,4.998839787765305,117.98129977850061,0.0,0.033202332554105735,"[[3105, 0], [0, 2853]]","[[190, 155], [166, 151]]"
disclosure_x_bias,31,init_knn1,DCP,exponential,781.2843257683016,801.178994119213,1.0,0.5151741293532338,4.985949339430141,118.61622733547551,0.0,0.033202332554105735,"[[3105, 0], [0, 2853]]","[[190, 155], [166, 151]]"
disclosure_x_bias,32,init_knn1,DCP,exponential,782.197387910526,801.5610606819008,1.0,0.5151741293532338,5.286611834956578,119.01744221483214,0.0,0.033202332554105735,"[[3105, 0], [0, 2853]]","[[190, 155], [166, 151]]"
disclosure_x_bias,33,init_knn1,DCP,exponential,783.189447112504,802.1623951768295,1.0,0.5151741293532338,5.174868897611257,119.09361015487487,0.0,0.033202332554105735,"[[3105, 0], [0, 2853]]","[[190, 155], [166, 151]]"
disclosure_x_bias,34,init_knn1,DCP,exponential,784.0915734176406,803.3403763396374,1.0,0.5151741293532338,5.254067102055511,119.41279474796762,0.0,0.033202332554105735,"[[3105, 0], [0, 2853]]","[[190, 155], [166, 151]]"
disclosure_x_bias,35,init_knn1,DCP,exponential,784.9146699080097,803.8890390127955,1.0,0.5151741293532338,5.213276756246395,119.10205457931758,0.0,0.033202332554105735,"[[3105, 0], [0, 2853]]","[[190, 155], [166, 151]]"
disclosure_x_bias,36,init_knn1,DCP,exponential,785.6455161762951,804.5008836488499,1.0,0.5151741293532338,5.377801812137998,118.92829993596496,0.0,0.033202332554105735,"[[3105, 0], [0, 2853]]","[[190, 155], [166, 151]]"
disclosure_x_bias,37,init_knn1,DCP,exponential,786.4767783493778,804.8564159301837,1.0,0.5151741293532338,5.497140544431763,119.05548054469287,0.0,0.033202332554105735,"[[3105, 0], [0, 2853]]","[[190, 155], [166, 151]]"
disclosure_x_bias,38,init_knn1,DCP,exponential,787.5394443473538,805.9458584569045,1.0,0.5151741293532338,5.26290665027339,118.5712509936908,0.0,0.033202332554105735,"[[3105, 0], [0, 2853]]","[[190, 155], [166, 151]]"
disclosure_x_bias,39,init_knn1,DCP,exponential,788.5962630754046,807.4584809655126,1.0,0.5151741293532338,6.359866506281704,121.46446953775941,0.0,0.033202332554105735,"[[3105, 0], [0, 2853]]","[[190, 155], [166, 151]]"
disclosure_x_bias,40,init_knn1,DCP,exponential,789.3752443871319,807.9405477820585,1.0,0.5151741293532338,6.497538234312786,121.33086314833031,0.0,0.033202332554105735,"[[3105, 0], [0, 2853]]","[[190, 155], [166, 151]]"
disclosure_x_bias,41,init_knn1,DCP,exponential,790.0171494561727,808.026169317298,1.0,0.5151741293532338,6.543019791565928,121.82160837192953,0.0,0.033202332554105735,"[[3105, 0], [0, 2853]]","[[190, 155], [166, 151]]"
disclosure_x_bias,42,init_knn1,DCP,exponential,790.7385902239946,808.6132008313577,1.0,0.5151741293532338,6.416089682446699,121.27045832581358,0.0,0.033202332554105735,"[[3105, 0], [0, 2853]]","[[190, 155], [166, 151]]"
disclosure_x_bias,43,init_knn1,DCP,exponential,791.5060639040837,809.0393014240038,1.0,0.5151741293532338,6.310114178871795,121.24962582415606,0.0,0.033202332554105735,"[[3105, 0], [0, 2853]]","[[190, 155], [166, 151]]"
disclosure_x_bias,44,init_knn1,DCP,exponential,792.4673969507465,809.7554994451696,1.0,0.5151741293532338,6.534174992985008,120.8882486781784,0.0,0.033202332554105735,"[[3105, 0], [0, 2853]]","[[190, 155], [166, 151]]"
disclosure_x_bias,45,init_knn1,DCP,exponential,793.2191052646384,811.0431666613115,1.0,0.5151741293532338,6.588945901388275,121.15580016994576,0.0,0.033202332554105735,"[[3105, 0], [0, 2853]]","[[190, 155], [166, 151]]"
disclosure_x_bias,46,init_knn1,DCP,exponential,794.1438543902393,811.7989602509826,1.0,0.5151741293532338,6.740289702457913,121.8562675683833,0.0,0.033202332554105735,"[[3105, 0], [0, 2853]]","[[190, 155], [166, 151]]"
disclosure_x_bias,47,init_knn1,DCP,exponential,795.3475227388496,813.8824197850242,1.0,0.5151741293532338,7.9336441335169425,124.41368025847727,0.0,0.033202332554105735,"[[3105, 0], [0, 2853]]","[[190, 155], [166, 151]]"
disclosure_x_bias,48,init_knn1,DCP,exponential,796.1367239012847,814.5362848145004,1.0,0.5151741293532338,7.800863517328292,124.59093465133955,0.0,0.033202332554105735,"[[3105, 0], [0, 2853]]","[[190, 155], [166, 151]]"
disclosure_x_bias,49,init_knn1,DCP,exponential,796.8776762091354,814.4231510626964,1.0,0.5151741293532338,7.853627712677048,124.49751349393517,0.0,0.033202332554105735,"[[3105, 0], [0, 2853]]","[[190, 155], [166, 151]]"
disclosure_x_bias,50,init_knn1,DCP,exponential,797.5993914878434,814.6777378931716,1.0,0.5151741293532338,7.78319404686268,124.8428779956547,0.0,0.033202332554105735,"[[3105, 0], [0, 2853]]","[[190, 155], [166, 151]]"
disclosure_x_bias,51,init_knn1,DCP,exponential,798.1043088452352,815.0225990432909,1.0,0.5151741293532338,7.616239380893741,124.62868991370098,0.0,0.033202332554105735,"[[3105, 0], [0, 2853]]","[[190, 155], [166, 151]]"
disclosure_x_bias,52,init_knn1,DCP,exponential,798.7722415754208,815.718903344286,1.0,0.5151741293532338,7.732020114989105,123.87148257647725,0.0,0.033202332554105735,"[[3105, 0], [0, 2853]]","[[190, 155], [166, 151]]"
disclosure_x_bias,53,init_knn1,DCP,exponential,799.5545156857863,816.0922104334595,1.0,0.5151741293532338,7.880151737416026,123.79471955105085,0.0,0.033202332554105735,"[[3105, 0], [0, 2853]]","[[190, 155], [166, 151]]"
disclosure_x_bias,54,init_knn1,DCP,exponential,800.3616155704012,817.1203173870766,1.0,0.5151741293532338,7.724903628410739,123.45727294401193,0.0,0.033202332554105735,"[[3105, 0], [0, 2853]]","[[190, 155], [166, 151]]"
disclosure_x_bias,55,init_knn1,DCP,exponential,800.8598644333891,817.8926124490904,1.0,0.5151741293532338,7.676299863619032,123.81782124004067,0.0,0.033202332554105735,"[[3105, 0], [0, 2853]]","[[190, 155], [166, 151]]"
disclosure_x_bias,56,init_knn1,DCP,exponential,801.545209212056,818.1221600979649,1.0,0.5151741293532338,7.631058304591297,123.45587192680635,0.0,0.033202332554105735,"[[3105, 0], [0, 2853]]","[[190, 155], [166, 151]]"
disclosure_x_bias,57,init_knn1,DCP,exponential,802.1116105880647,818.5956409047251,1.0,0.5151741293532338,7.6207849485454995,124.02799205430195,0.0,0.033202332554105735,"[[3105, 0], [0, 2853]]","[[190, 155], [166, 151]]"
disclosure_x_bias,58,init_knn1,DCP,exponential,802.975126713809,819.9109029338551,1.0,0.5151741293532338,7.6401928521919595,123.41828308343797,0.0,0.033202332554105735,"[[3105, 0], [0, 2853]]","[[190, 155], [166, 151]]"
disclosure_x_bias,59,init_knn1,DCP,exponential,803.9811396024995,820.9761276279766,1.0,0.5151741293532338,7.7301762587406335,124.52269443308903,0.0,0.033202332554105735,"[[3105, 0], [0, 2853]]","[[190, 155], [166, 151]]"
disclosure_x_bias,60,init_knn1,DCP,exponential,804.691640909599,820.9675896943265,1.0,0.5151741293532338,7.490087687774575,124.70951362579,0.0,0.033202332554105735,"[[3105, 0], [0, 2853]]","[[190, 155], [166, 151]]"
disclosure_x_bias,61,init_knn1,DCP,exponential,805.3237558860076,821.688221634915,1.0,0.5151741293532338,7.6402497252929455,124.92113628552318,0.0,0.033202332554105735,"[[3105, 0], [0, 2853]]","[[190, 155], [166, 151]]"
disclosure_x_bias,62,init_knn1,DCP,exponential,805.8380483260902,822.3266198217731,1.0,0.5151741293532338,7.556982010042531,125.18255928279622,0.0,0.033202332554105735,"[[3105, 0], [0, 2853]]","[[190, 155], [166, 151]]"
disclosure_x_bias,63,init_knn1,DCP,exponential,806.5225587669822,822.3991054144365,1.0,0.5151741293532338,7.661489751435764,125.64933572118288,0.0,0.033202332554105735,"[[3105, 0], [0, 2853]]","[[190, 155], [166, 151]]"
disclosure_x_bias,64,init_knn1,DCP,exponential,807.0552770472275,822.5837809198061,1.0,0.5151741293532338,7.667571146628558,125.76633767152536,0.0,0.033202332554105735,"[[3105, 0], [0, 2853]]","[[190, 155], [166, 151]]"
disclosure_x_bias,65,init_knn1,DCP,exponential,808.1941329834046,823.9925035938392,1.0,0.5151741293532338,9.551434088563921,129.15274461571764,0.0,0.033202332554105735,"[[3105, 0], [0, 2853]]","[[190, 155], [166, 151]]"
disclosure_x_bias,66,init_knn1,DCP,exponential,808.7890912073627,824.3653916470814,1.0,0.5151741293532338,9.592526493773285,128.6524008905648,0.0,0.033202332554105735,"[[3105, 0], [0, 2853]]","[[190, 155], [166, 151]]"
disclosure_x_bias,67,init_knn1,DCP,exponential,809.1611366609161,825.1517500849392,1.0,0.5151741293532338,9.610573948180715,128.5299384306947,0.0,0.033202332554105735,"[[3105, 0], [0, 2853]]","[[190, 155], [166, 151]]"
disclosure_x_bias,68,init_knn1,DCP,exponential,809.5769195990008,825.7775625848001,1.0,0.5151741293532338,9.483007984251465,128.29508289817556,0.0,0.033202332554105735,"[[3105, 0], [0, 2853]]","[[190, 155], [166, 151]]"
disclosure_x_bias,69,init_knn1,DCP,exponential,810.1957103125527,825.7554796002329,1.0,0.5151741293532338,9.33476299917204,128.05715445187275,0.0,0.033202332554105735,"[[3105, 0], [0, 2853]]","[[190, 155], [166, 151]]"
disclosure_x_bias,70,init_knn1,DCP,exponential,810.6664452169025,826.0280934561011,1.0,0.5151741293532338,9.374921338929164,127.96878710759636,0.0,0.033202332554105735,"[[3105, 0], [0, 2853]]","[[190, 155], [166, 151]]"
disclosure_x_bias,71,init_knn1,DCP,exponential,811.6596307106346,826.7110708564711,1.0,0.5151741293532338,9.265837871763814,127.69881238879198,0.0,0.033202332554105735,"[[3105, 0], [0, 2853]]","[[190, 155], [166, 151]]"
disclosure_x_bias,72,init_knn1,DCP,exponential,812.2176667710859,827.5874602423935,1.0,0.5151741293532338,9.182806719583688,128.3334437423864,0.0,0.033202332554105735,"[[3105, 0], [0, 2853]]","[[190, 155], [166, 151]]"
disclosure_x_bias,73,init_knn1,DCP,exponential,812.863697970016,828.2711106550236,1.0,0.5151741293532338,9.315456333276556,128.05956546313064,0.0,0.033202332554105735,"[[3105, 0], [0, 2853]]","[[190, 155], [166, 151]]"
disclosure_x_bias,74,init_knn1,DCP,exponential,813.3207469890737,828.7604805273729,1.0,0.5151741293532338,9.360263682757575,128.44500043264748,0.0,0.033202332554105735,"[[3105, 0], [0, 2853]]","[[190, 155], [166, 151]]"
disclosure_x_bias,75,init_knn1,DCP,exponential,813.6866042109284,829.2215499981432,1.0,0.5151741293532338,9.24291623377052,128.23301447209954,0.0,0.033202332554105735,"[[3105, 0], [0, 2853]]","[[190, 155], [166, 151]]"
disclosure_x_bias,76,init_knn1,DCP,exponential,814.404768516746,829.2042217649357,1.0,0.5151741293532338,9.279337767791201,128.36476687417576,0.0,0.033202332554105735,"[[3105, 0], [0, 2853]]","[[190, 155], [166, 151]]"
disclosure_x_bias,77,init_knn1,DCP,exponential,815.0603969916563,829.6234192844167,1.0,0.5151741293532338,9.419745786159794,128.23238736150546,0.0,0.033202332554105735,"[[3105, 0], [0, 2853]]","[[190, 155], [166, 151]]"
disclosure_x_bias,78,init_knn1,DCP,exponential,815.2703918229909,830.2095929223018,1.0,0.5151741293532338,9.348235712099369,129.0709681371307,0.0,0.033202332554105735,"[[3105, 0], [0, 2853]]","[[190, 155], [166, 151]]"
disclosure_x_bias,79,init_knn1,DCP,exponential,816.8232106675549,832.1230608575967,1.0,0.5151741293532338,11.077917870089548,133.03075404349153,0.0,0.033202332554105735,"[[3105, 0], [0, 2853]]","[[190, 155], [166, 151]]"
disclosure_x_bias,80,init_knn1,DCP,exponential,817.6353563001705,832.3131444976128,1.0,0.5151741293532338,11.040279652088621,132.76809090272522,0.0,0.033202332554105735,"[[3105, 0], [0, 2853]]","[[190, 155], [166, 151]]"
disclosure_x_bias,81,init_knn1,DCP,exponential,818.1230478834389,832.7318757942696,1.0,0.5151741293532338,11.187485315921554,132.78805801058311,0.0,0.033202332554105735,"[[3105, 0], [0, 2853]]","[[190, 155], [166, 151]]"
disclosure_x_bias,82,init_knn1,DCP,exponential,818.6751235040068,833.2923737179732,1.0,0.5151741293532338,11.167471119204652,132.72116643868108,0.0,0.033202332554105735,"[[3105, 0], [0, 2853]]","[[190, 155], [166, 151]]"
disclosure_x_bias,83,init_knn1,DCP,exponential,819.1886838690431,833.3697195695258,1.0,0.5151741293532338,11.177321166318352,132.68220120772418,0.0,0.033202332554105735,"[[3105, 0], [0, 2853]]","[[190, 155], [166, 151]]"
disclosure_x_bias,84,init_knn1,DCP,exponential,819.847011251061,834.1158839292272,1.0,0.5151741293532338,11.180189464472345,132.43986155970472,0.0,0.033202332554105735,"[[3105, 0], [0, 2853]]","[[190, 155], [166, 151]]"
disclosure_x_bias,85,init_knn1,DCP,exponential,820.6086499291077,834.0926122366254,1.0,0.5151741293532338,11.443560027578975,132.3104068135372,0.0,0.033202332554105735,"[[3105, 0], [0, 2853]]","[[190, 155], [166, 151]]"
disclosure_x_bias,86,init_knn1,DCP,exponential,821.0425750150882,834.0536340953471,1.0,0.5151741293532338,11.351289624443915,132.11000127840032,0.0,0.033202332554105735,"[[3105, 0], [0, 2853]]","[[190, 155], [166, 151]]"
disclosure_x_bias,87,init_knn1,DCP,exponential,821.7371280001238,834.8729760149633,1.0,0.5151741293532338,11.346585977960633,131.9362277510414,0.0,0.033202332554105735,"[[3105, 0], [0, 2853]]","[[190, 155], [166, 151]]"
disclosure_x_bias,88,init_knn1,DCP,exponential,822.2011004441935,835.274387275034,1.0,0.5151741293532338,11.35009445508455,132.10163298737746,0.0,0.033202332554105735,"[[3105, 0], [0, 2853]]","[[190, 155], [166, 151]]"
disclosure_x_bias,89,init_knn1,DCP,exponential,822.7622121421764,835.1528196975853,1.0,0.5151741293532338,11.406784321942933,132.0449778563559,0.0,0.033202332554105735,"[[3105, 0], [0, 2853]]","[[190, 155], [166, 151]]"
disclosure_x_bias,90,init_knn1,DCP,exponential,823.4408947884764,836.5948277357566,1.0,0.5151741293532338,11.301943695120137,132.1225001845011,0.0,0.033202332554105735,"[[3105, 0], [0, 2853]]","[[190, 155], [166, 151]]"
disclosure_x_bias,91,init_knn1,DCP,exponential,823.9072763271035,837.1603976700617,1.0,0.5151741293532338,11.42754566287809,132.03907760616906,0.0,0.033202332554105735,"[[3105, 0], [0, 2853]]","[[190, 155], [166, 151]]"
disclosure_x_bias,92,init_knn1,DCP,exponential,824.5458233752848,837.2630929413148,1.0,0.5151741293532338,11.331988826462918,131.84910111652937,0.0,0.033202332554105735,"[[3105, 0], [0, 2853]]","[[190, 155], [166, 151]]"
disclosure_x_bias,93,init_knn1,DCP,exponential,824.9787650034041,837.9171119951491,1.0,0.5151741293532338,11.282652441389873,132.76338869973992,0.0,0.033202332554105735,"[[3105, 0], [0, 2853]]","[[190, 155], [166, 151]]"
disclosure_x_bias,94,init_knn1,DCP,exponential,825.2561719608559,837.833813427627,1.0,0.5151741293532338,11.353002041100668,132.47608879697256,0.0,0.033202332554105735,"[[3105, 0], [0, 2853]]","[[190, 155], [166, 151]]"
disclosure_x_bias,95,init_knn1,DCP,exponential,825.6767411616763,838.2937264444327,1.0,0.5151741293532338,11.463535201293096,132.82559603626967,0.0,0.033202332554105735,"[[3105, 0], [0, 2853]]","[[190, 155], [166, 151]]"
disclosure_x_bias,96,init_knn1,DCP,exponential,826.1284701407901,838.4461963638275,1.0,0.5151741293532338,11.536773476381057,133.35202805406348,0.0,0.033202332554105735,"[[3105, 0], [0, 2853]]","[[190, 155], [166, 151]]"
disclosure_x_bias,97,init_knn1,DCP,exponential,826.6124133419959,838.2786873507221,1.0,0.5151741293532338,11.281812769832591,133.34635573263313,0.0,0.033202332554105735,"[[3105, 0], [0, 2853]]","[[190, 155], [166, 151]]"
disclosure_x_bias,98,init_knn1,DCP,exponential,827.4886877452133,839.3525094364865,1.0,0.5151741293532338,11.225420390803128,133.4733290143666,0.0,0.033202332554105735,"[[3105, 0], [0, 2853]]","[[190, 155], [166, 151]]"
disclosure_x_bias,99,init_knn1,DCP,exponential,827.7573715787033,839.2446167274065,1.0,0.5151741293532338,11.389664396977086,133.36862225603264,0.0,0.033202332554105735,"[[3105, 0], [0, 2853]]","[[190, 155], [166, 151]]"
disclosure_x_bias,100,init_knn1,DCP,exponential,828.5294795242064,839.42967866198,1.0,0.5151741293532338,11.291003948675899,133.44490657502914,0.0,0.033202332554105735,"[[3105, 0], [0, 2853]]","[[190, 155], [166, 151]]"
disclosure_x_bias,101,init_knn1,DCP,exponential,829.1032092376487,839.465863160934,1.0,0.5151741293532338,11.469787601087356,133.39557975265296,0.0,0.033202332554105735,"[[3105, 0], [0, 2853]]","[[190, 155], [166, 151]]"
disclosure_x_bias,102,init_knn1,DCP,exponential,830.4717602865678,841.3205468343891,1.0,0.5151741293532338,13.420493668887751,137.2880771244181,0.0,0.033202332554105735,"[[3105, 0], [0, 2853]]","[[190, 155], [166, 151]]"
disclosure_x_bias,103,init_knn1,DCP,exponential,831.0297877027499,842.065513959497,1.0,0.5151741293532338,13.499851015214094,136.561501956754,0.0,0.033202332554105735,"[[3105, 0], [0, 2853]]","[[190, 155], [166, 151]]"
disclosure_x_bias,104,init_knn1,DCP,exponential,831.8047052114487,842.24043151776,1.0,0.5151741293532338,13.539383072964299,137.17136704007564,0.0,0.033202332554105735,"[[3105, 0], [0, 2853]]","[[190, 155], [166, 151]]"
disclosure_x_bias,105,init_knn1,DCP,exponential,832.1787152172976,842.422849677481,1.0,0.5151741293532338,13.671015314186299,137.30351298748838,0.0,0.033202332554105735,"[[3105, 0], [0, 2853]]","[[190, 155], [166, 151]]"
disclosure_x_bias,106,init_knn1,DCP,exponential,832.5579787668499,842.9355180500552,1.0,0.5151741293532338,13.51010163799972,137.23919998699208,0.0,0.033202332554105735,"[[3105, 0], [0, 2853]]","[[190, 155], [166, 151]]"
disclosure_x_bias,107,init_knn1,DCP,exponential,832.7574364065471,843.0161129734921,1.0,0.5151741293532338,13.52436394100273,137.2874168755511,0.0,0.033202332554105735,"[[3105, 0], [0, 2853]]","[[190, 155], [166, 151]]"
disclosure_x_bias,108,init_knn1,DCP,exponential,833.1483682227581,843.7747477594187,1.0,0.5151741293532338,13.40921626661708,138.0662712793389,0.0,0.033202332554105735,"[[3105, 0], [0, 2853]]","[[190, 155], [166, 151]]"
disclosure_x_bias,109,init_knn1,DCP,exponential,833.440160706485,843.8029594259708,1.0,0.5151741293532338,13.602153036020606,137.92545511996187,0.0,0.033202332554105735,"[[3105, 0], [0, 2853]]","[[190, 155], [166, 151]]"
disclosure_x_bias,110,init_knn1,DCP,exponential,833.9322283539232,844.636379584681,1.0,0.5151741293532338,13.963858483788428,138.40987291631507,0.0,0.033202332554105735,"[[3105, 0], [0, 2853]]","[[190, 155], [166, 151]]"
disclosure_x_bias,111,init_knn1,DCP,exponential,834.5105963369045,845.5507113932683,1.0,0.5151741293532338,14.387038142275731,137.70704372441048,0.0,0.033202332554105735,"[[3105, 0], [0, 2853]]","[[190, 155], [166, 151]]"
disclosure_x_bias,112,init_knn1,DCP,exponential,835.0393265322851,846.39932833814,1.0,0.5151741293532338,14.384381709872251,138.24688463568017,0.0,0.033202332554105735,"[[3105, 0], [0, 2853]]","[[190, 155], [166, 151]]"
disclosure_x_bias,113,init_knn1,DCP,exponential,835.5642927555542,846.764546412743,1.0,0.5151741293532338,14.335093392878688,138.48758879499502,0.0,0.033202332554105735,"[[3105, 0], [0, 2853]]","[[190, 155], [166, 151]]"
disclosure_x_bias,114,init_knn1,DCP,exponential,835.6445843349113,846.7965503252799,1.0,0.5151741293532338,14.248985157774905,138.49147417017804,0.0,0.033202332554105735,"[[3105, 0], [0, 2853]]","[[190, 155], [166, 151]]"
disclosure_x_bias,115,init_knn1,DCP,exponential,836.0812920181336,846.6586108111536,1.0,0.5151741293532338,14.226276501097823,138.52341462632566,0.0,0.033202332554105735,"[[3105, 0], [0, 2853]]","[[190, 155], [166, 151]]"
disclosure_x_bias,116,init_knn1,DCP,exponential,836.3699075525863,846.6439504677348,1.0,0.5151741293532338,14.316613372491148,138.69860133313085,0.0,0.033202332554105735,"[[3105, 0], [0, 2853]]","[[190, 155], [166, 151]]"
disclosure_x_bias,117,init_knn1,DCP,exponential,836.5506347074337,846.8008643501462,1.0,0.5151741293532338,14.235743099379722,138.66811624340016,0.0,0.033202332554105735,"[[3105, 0], [0, 2853]]","[[190, 155], [166, 151]]"
disclosure_x_bias,118,init_knn1,DCP,exponential,837.1452229357453,847.3180848979357,1.0,0.5151741293532338,14.205782894671021,138.26561382647168,0.0,0.033202332554105735,"[[3105, 0], [0, 2853]]","[[190, 155], [166, 151]]"
disclosure_x_bias,119,init_knn1,DCP,exponential,837.26275931151,846.9815401394035,1.0,0.5151741293532338,14.105177930514289,138.30810080859524,0.0,0.033202332554105735,"[[3105, 0], [0, 2853]]","[[190, 155], [166, 151]]"
disclosure_x_bias,120,init_knn1,DCP,exponential,837.931442792843,847.7475474836128,1.0,0.5151741293532338,14.12204369334571,138.00061604271173,0.0,0.033202332554105735,"[[3105, 0], [0, 2853]]","[[190, 155], [166, 151]]"
disclosure_x_bias,121,init_knn1,DCP,exponential,838.55031809874,848.3246535081568,1.0,0.5151741293532338,14.010420088597876,137.89974035606306,0.0,0.033202332554105735,"[[3105, 0], [0, 2853]]","[[190, 155], [166, 151]]"
disclosure_x_bias,122,init_knn1,DCP,exponential,838.7153673488885,848.4096858532239,1.0,0.5151741293532338,14.064739243694635,138.5431553942236,0.0,0.033202332554105735,"[[3105, 0], [0, 2853]]","[[190, 155], [166, 151]]"
disclosure_x_bias,123,init_knn1,DCP,exponential,838.9357386878453,848.6697081102363,1.0,0.5151741293532338,14.239741516212538,138.9459784099883,0.0,0.033202332554105735,"[[3105, 0], [0, 2853]]","[[190, 155], [166, 151]]"
disclosure_x_bias,124,init_knn1,DCP,exponential,839.46009274634,849.2995670517082,1.0,0.5151741293532338,14.087713050633853,138.54077457898939,0.0,0.033202332554105735,"[[3105, 0], [0, 2853]]","[[190, 155], [166, 151]]"
disclosure_x_bias,125,init_knn1,DCP,exponential,839.5712652426315,849.280852257579,1.0,0.5151741293532338,14.188339238932409,138.92285686390937,0.0,0.033202332554105735,"[[3105, 0], [0, 2853]]","[[190, 155], [166, 151]]"
disclosure_x_bias,126,init_knn1,DCP,exponential,840.0816523453374,849.8002669193456,1.0,0.5151741293532338,14.343756712647057,138.78959906322433,0.0,0.033202332554105735,"[[3105, 0], [0, 2853]]","[[190, 155], [166, 151]]"
disclosure_x_bias,127,init_knn1,DCP,exponential,840.180978384964,849.6501762509181,1.0,0.5151741293532338,14.448953540997692,138.98606800857,0.0,0.033202332554105735,"[[3105, 0], [0, 2853]]","[[190, 155], [166, 151]]"
disclosure_x_bias,128,init_knn1,DCP,exponential,840.3063191827563,849.6448645583405,1.0,0.5151741293532338,14.400964966818918,139.05487018681208,0.0,0.033202332554105735,"[[3105, 0], [0, 2853]]","[[190, 155], [166, 151]]"
disclosure_x_bias,129,init_knn1,DCP,exponential,840.5629488193454,849.5530254816204,1.0,0.5151741293532338,14.50422526153769,139.38695879926414,0.0,0.033202332554105735,"[[3105, 0], [0, 2853]]","[[190, 155], [166, 151]]"
disclosure_x_bias,130,init_knn1,DCP,exponential,841.1649426290854,849.398829329211,1.0,0.5151741293532338,13.987528584679854,139.2129687999316,0.0,0.033202332554105735,"[[3105, 0], [0, 2853]]","[[190, 155], [166, 151]]"
disclosure_x_bias,131,init_knn1,DCP,exponential,841.6943955586978,849.7015023059105,1.0,0.5151741293532338,13.980292295384505,139.3805273742082,0.0,0.033202332554105735,"[[3105, 0], [0, 2853]]","[[190, 155], [166, 151]]"
disclosure_x_bias,132,init_knn1,DCP,exponential,841.9001074479596,849.8658133636056,1.0,0.5151741293532338,13.965431418917152,139.30835673770522,0.0,0.033202332554105735,"[[3105, 0], [0, 2853]]","[[190, 155], [166, 151]]"
disclosure_x_bias,133,init_knn1,DCP,exponential,842.4402276234174,849.9494040555697,1.0,0.5151741293532338,13.792004201742074,139.15837156340731,0.0,0.033202332554105735,"[[3105, 0], [0, 2853]]","[[190, 155], [166, 151]]"
disclosure_x_bias,134,init_knn1,DCP,exponential,842.5609366947319,849.5959006745231,1.0,0.5151741293532338,13.73623107693992,139.16998756639498,0.0,0.033202332554105735,"[[3105, 0], [0, 2853]]","[[190, 155], [166, 151]]"
disclosure_x_bias,135,init_knn1,DCP,exponential,843.8377367268537,849.728182032695,1.0,0.5151741293532338,14.00953722652824,139.5085791393835,0.0,0.033202332554105735,"[[3105, 0], [0, 2853]]","[[190, 155], [166, 151]]"
disclosure_x_bias,136,init_knn1,DCP,exponential,844.5272330578221,850.2565031498432,1.0,0.5151741293532338,14.065507029295864,139.52210721002206,0.0,0.033202332554105735,"[[3105, 0], [0, 2853]]","[[190, 155], [166, 151]]"
disclosure_x_bias,137,init_knn1,DCP,exponential,845.590928899726,852.1651712040579,1.0,0.5151741293532338,16.517092675681127,144.39464024794793,0.0,0.033202332554105735,"[[3105, 0], [0, 2853]]","[[190, 155], [166, 151]]"
disclosure_x_bias,138,init_knn1,DCP,exponential,845.7923482019899,852.4762640437508,1.0,0.5151741293532338,16.452071671998908,144.49269325220695,0.0,0.033202332554105735,"[[3105, 0], [0, 2853]]","[[190, 155], [166, 151]]"
disclosure_x_bias,139,init_knn1,DCP,exponential,845.8607753953268,852.4342083890609,1.0,0.5151741293532338,16.541478315657884,144.69620482637654,0.0,0.033202332554105735,"[[3105, 0], [0, 2853]]","[[190, 155], [166, 151]]"
disclosure_x_bias,140,init_knn1,DCP,exponential,846.2390985105334,852.6426141328923,1.0,0.5151741293532338,16.546786376371415,145.0539064735172,0.0,0.033202332554105735,"[[3105, 0], [0, 2853]]","[[190, 155], [166, 151]]"
disclosure_x_bias,141,init_knn1,DCP,exponential,846.3918262867626,852.4490368837453,1.0,0.5151741293532338,16.70298577269429,145.24126644865666,0.0,0.033202332554105735,"[[3105, 0], [0, 2853]]","[[190, 155], [166, 151]]"
disclosure_x_bias,142,init_knn1,DCP,exponential,846.7530035682094,853.1453543717162,1.0,0.5151741293532338,16.33754269142353,144.57445479958287,0.0,0.033202332554105735,"[[3105, 0], [0, 2853]]","[[190, 155], [166, 151]]"
disclosure_x_bias,143,init_knn1,DCP,exponential,846.8152380973136,852.7660211694347,1.0,0.5151741293532338,16.34663610244444,144.6387934091056,0.0,0.033202332554105735,"[[3105, 0], [0, 2853]]","[[190, 155], [166, 151]]"
disclosure_x_bias,144,init_knn1,DCP,exponential,847.0690450780021,853.3339406717536,1.0,0.5151741293532338,16.373574366580204,144.22129113767616,0.0,0.033202332554105735,"[[3105, 0], [0, 2853]]","[[190, 155], [166, 151]]"
disclosure_x_bias,145,init_knn1,DCP,exponential,847.5620256955465,853.0867742321825,1.0,0.5151741293532338,16.40490029058186,144.2388447637656,0.0,0.033202332554105735,"[[3105, 0], [0, 2853]]","[[190, 155], [166, 151]]"
disclosure_x_bias,146,init_knn1,DCP,exponential,847.6820359364195,853.1839066357494,1.0,0.5151741293532338,16.516635002744184,144.0538187260914,0.0,0.033202332554105735,"[[3105, 0], [0, 2853]]","[[190, 155], [166, 151]]"
disclosure_x_bias,147,init_knn1,DCP,exponential,847.9264060833782,853.0188336570676,1.0,0.5151741293532338,16.956804105388212,144.12734728174317,0.0,0.033202332554105735,"[[3105, 0], [0, 2853]]","[[190, 155], [166, 151]]"
disclosure_x_bias,148,init_knn1,DCP,exponential,848.1073387295116,853.3627827429422,1.0,0.5151741293532338,16.821092480654524,143.99120543546587,0.0,0.033202332554105735,"[[3105, 0], [0, 2853]]","[[190, 155], [166, 151]]"
disclosure_x_bias,149,init_knn1,DCP,exponential,848.5856192046494,853.3609113009716,1.0,0.5151741293532338,16.83445002416976,143.94567799058208,0.0,0.033202332554105735,"[[3105, 0], [0, 2853]]","[[190, 155], [166, 151]]"
disclosure_x_bias,150,init_knn1,DCP,exponential,849.2105422172057,854.2141092638676,1.0,0.5151741293532338,16.762452121851315,144.09973564785815,0.0,0.033202332554105735,"[[3105, 0], [0, 2853]]","[[190, 155], [166, 151]]"
disclosure_x_bias,151,init_knn1,DCP,exponential,849.4986903973997,854.370162176138,1.0,0.5151741293532338,16.576384841503923,144.11686654183768,0.0,0.033202332554105735,"[[3105, 0], [0, 2853]]","[[190, 155], [166, 151]]"
disclosure_x_bias,152,init_knn1,DCP,exponential,849.6433333443294,854.3479773416836,1.0,0.5151741293532338,16.534242657472337,144.09658191713606,0.0,0.033202332554105735,"[[3105, 0], [0, 2853]]","[[190, 155], [166, 151]]"
disclosure_x_bias,153,init_knn1,DCP,exponential,850.0821345232847,854.697819260813,1.0,0.5151741293532338,16.521886607467717,144.97110046134577,0.0,0.033202332554105735,"[[3105, 0], [0, 2853]]","[[190, 155], [166, 151]]"
disclosure_x_bias,154,init_knn1,DCP,exponential,850.3009229992655,854.7304853855442,1.0,0.5151741293532338,16.593167126161724,145.31324122341525,0.0,0.033202332554105735,"[[3105, 0], [0, 2853]]","[[190, 155], [166, 151]]"
disclosure_x_bias,155,init_knn1,DCP,exponential,850.384194209463,854.6428357980965,1.0,0.5151741293532338,16.507830332191144,145.23196930885877,0.0,0.033202332554105735,"[[3105, 0], [0, 2853]]","[[190, 155], [166, 151]]"
disclosure_x_bias,156,init_knn1,DCP,exponential,850.6670373491928,854.8016695356542,1.0,0.5151741293532338,16.603796713537186,145.54722442675697,0.0,0.033202332554105735,"[[3105, 0], [0, 2853]]","[[190, 155], [166, 151]]"
disclosure_x_bias,157,init_knn1,DCP,exponential,851.0296104166922,854.6105374864503,1.0,0.5151741293532338,16.375224605830436,144.7569197879886,0.0,0.033202332554105735,"[[3105, 0], [0, 2853]]","[[190, 155], [166, 151]]"
disclosure_x_bias,158,init_knn1,DCP,exponential,851.6131705766077,855.527388971352,1.0,0.5151741293532338,16.67448097573701,145.30034861730007,0.0,0.033202332554105735,"[[3105, 0], [0, 2853]]","[[190, 155], [166, 151]]"
disclosure_x_bias,159,init_knn1,DCP,exponential,852.0116992310889,855.2205508568538,1.0,0.5151741293532338,16.65858149023148,145.1685752872346,0.0,0.033202332554105735,"[[3105, 0], [0, 2853]]","[[190, 155], [166, 151]]"
disclosure_x_bias,160,init_knn1,DCP,exponential,852.1578465772687,855.4706166332659,1.0,0.5151741293532338,16.523855365511725,145.20548771841706,0.0,0.033202332554105735,"[[3105, 0], [0, 2853]]","[[190, 155], [166, 151]]"
disclosure_x_bias,161,init_knn1,DCP,exponential,852.4009564896851,855.3971763994159,1.0,0.5151741293532338,16.737652536411836,145.01715038068642,0.0,0.033202332554105735,"[[3105, 0], [0, 2853]]","[[190, 155], [166, 151]]"
disclosure_x_bias,162,init_knn1,DCP,exponential,852.5197581649863,855.4189032065326,1.0,0.5151741293532338,16.545226732140833,145.16330462056382,0.0,0.033202332554105735,"[[3105, 0], [0, 2853]]","[[190, 155], [166, 151]]"
disclosure_x_bias,163,init_knn1,DCP,exponential,852.9605156913606,855.3790939094433,1.0,0.5151741293532338,16.894861497232572,145.24013460247605,0.0,0.033202332554105735,"[[3105, 0], [0, 2853]]","[[190, 155], [166, 151]]"
disclosure_x_bias,164,init_knn1,DCP,exponential,853.0915217481031,855.6011947279782,1.0,0.5151741293532338,16.953193672153784,145.8818951245206,0.0,0.033202332554105735,"[[3105, 0], [0, 2853]]","[[190, 155], [166, 151]]"
disclosure_x_bias,165,init_knn1,DCP,exponential,853.3839342138095,855.6316144727878,1.0,0.5151741293532338,17.13147232697043,146.02341270306277,0.0,0.033202332554105735,"[[3105, 0], [0, 2853]]","[[190, 155], [166, 151]]"
disclosure_x_bias,166,init_knn1,DCP,exponential,853.8861100642118,856.2997033599461,1.0,0.5151741293532338,16.778099641019967,146.0755702502844,0.0,0.033202332554105735,"[[3105, 0], [0, 2853]]","[[190, 155], [166, 151]]"
disclosure_x_bias,167,init_knn1,DCP,exponential,854.080535163939,856.4044923469776,1.0,0.5151741293532338,16.976415553377286,146.3563561146931,0.0,0.033202332554105735,"[[3105, 0], [0, 2853]]","[[190, 155], [166, 151]]"
disclosure_x_bias,168,init_knn1,DCP,exponential,854.2117406248628,856.635674664255,1.0,0.5151741293532338,16.846521143764498,146.41432941940448,0.0,0.033202332554105735,"[[3105, 0], [0, 2853]]","[[190, 155], [166, 151]]"
disclosure_x_bias,169,init_knn1,DCP,exponential,854.4846298674844,856.7088348584706,1.0,0.5151741293532338,16.93833827029887,146.33289336863075,0.0,0.033202332554105735,"[[3105, 0], [0, 2853]]","[[190, 155], [166, 151]]"
disclosure_x_bias,170,init_knn1,DCP,exponential,854.9838154826696,857.321337512269,1.0,0.5151741293532338,16.798823088441836,145.97935678119464,0.0,0.033202332554105735,"[[3105, 0], [0, 2853]]","[[190, 155], [166, 151]]"
disclosure_x_bias,171,init_knn1,DCP,exponential,855.2426325099502,857.5141145671435,1.0,0.5151741293532338,16.852746722659067,146.2387048216357,0.0,0.033202332554105735,"[[3105, 0], [0, 2853]]","[[190, 155], [166, 151]]"
disclosure_x_bias,172,init_knn1,DCP,exponential,855.324275526515,857.5840861700214,1.0,0.5151741293532338,16.92245143728977,146.7922086496602,0.0,0.033202332554105735,"[[3105, 0], [0, 2853]]","[[190, 155], [166, 151]]"
disclosure_x_bias,173,init_knn1,DCP,exponential,855.956977665038,858.1506933366711,1.0,0.5151741293532338,16.542829293537654,146.47800353777725,0.0,0.033202332554105735,"[[3105, 0], [0, 2853]]","[[190, 155], [166, 151]]"
disclosure_x_bias,174,init_knn1,DCP,exponential,856.0917659142648,858.012549971649,1.0,0.5151741293532338,16.60894408886565,146.39274028832904,0.0,0.033202332554105735,"[[3105, 0], [0, 2853]]","[[190, 155], [166, 151]]"
disclosure_x_bias,175,init_knn1,DCP,exponential,856.3971518116807,858.5092342342459,1.0,0.5151741293532338,16.438497705285073,146.5011534477003,0.0,0.033202332554105735,"[[3105, 0], [0, 2853]]","[[190, 155], [166, 151]]"
disclosure_x_bias,176,init_knn1,DCP,exponential,856.5553005432063,858.2426594637175,1.0,0.5151741293532338,16.504250130520873,146.50249509659227,0.0,0.033202332554105735,"[[3105, 0], [0, 2853]]","[[190, 155], [166, 151]]"
disclosure_x_bias,177,init_knn1,DCP,exponential,856.784496726819,858.5564286862336,1.0,0.5151741293532338,16.464188659365604,146.48101433115764,0.0,0.033202332554105735,"[[3105, 0], [0, 2853]]","[[190, 155], [166, 151]]"
disclosure_x_bias,178,init_knn1,DCP,exponential,857.2190302320708,858.5319307045007,1.0,0.5151741293532338,16.544542673951153,147.44228494639987,0.0,0.033202332554105735,"[[3105, 0], [0, 2853]]","[[190, 155], [166, 151]]"
disclosure_x_bias,179,init_knn1,DCP,exponential,857.59621207813,859.0430360178518,1.0,0.5151741293532338,16.468692038451817,147.18080958254794,0.0,0.033202332554105735,"[[3105, 0], [0, 2853]]","[[190, 155], [166, 151]]"
disclosure_x_bias,180,init_knn1,DCP,exponential,857.9910373808112,859.5568970422994,1.0,0.5151741293532338,16.308294466556152,147.096767338309,0.0,0.033202332554105735,"[[3105, 0], [0, 2853]]","[[190, 155], [166, 151]]"
disclosure_x_bias,181,init_knn1,DCP,exponential,858.1314913573231,859.9228829443251,1.0,0.5151741293532338,16.267746187812534,147.45791675151162,0.0,0.033202332554105735,"[[3105, 0], [0, 2853]]","[[190, 155], [166, 151]]"
disclosure_x_bias,182,init_knn1,DCP,exponential,858.4063301771436,859.7224052118536,1.0,0.5151741293532338,16.168456301503685,147.32737572511718,0.0,0.033202332554105735,"[[3105, 0], [0, 2853]]","[[190, 155], [166, 151]]"
disclosure_x_bias,183,init_knn1,DCP,exponential,858.5746795220206,860.1045005180131,1.0,0.5151741293532338,16.176999280374073,147.42847125485918,0.0,0.033202332554105735,"[[3105, 0], [0, 2853]]","[[190, 155], [166, 151]]"
disclosure_x_bias,184,init_knn1,DCP,exponential,858.8524244468423,860.2696941495562,1.0,0.5151741293532338,16.171730865091313,146.87699817552416,0.0,0.033202332554105735,"[[3105, 0], [0, 2853]]","[[190, 155], [166, 151]]"
disclosure_x_bias,185,init_knn1,DCP,exponential,858.9828146663707,860.2829536713076,1.0,0.5151741293532338,15.901294209692944,146.69364723831407,0.0,0.033202332554105735,"[[3105, 0], [0, 2853]]","[[190, 155], [166, 151]]"
disclosure_x_bias,186,init_knn1,DCP,exponential,859.2518372663393,860.5352084745093,1.0,0.5151741293532338,16.280412260990826,147.15674045872058,0.0,0.033202332554105735,"[[3105, 0], [0, 2853]]","[[190, 155], [166, 151]]"
disclosure_x_bias,187,init_knn1,DCP,exponential,860.6245058136423,862.880383607371,1.0,0.5151741293532338,19.316071671089706,152.70175696284073,0.0,0.033202332554105735,"[[3105, 0], [0, 2853]]","[[190, 155], [166, 151]]"
disclosure_x_bias,188,init_knn1,DCP,exponential,860.6034135333773,862.6784616026977,1.0,0.5151741293532338,19.322076582322,152.85932187738996,0.0,0.033202332554105735,"[[3105, 0], [0, 2853]]","[[190, 155], [166, 151]]"
disclosure_x_bias,189,init_knn1,DCP,exponential,861.4910210695771,863.0941813126271,1.0,0.5151741293532338,19.188695195709112,152.48003907994385,0.0,0.033202332554105735,"[[3105, 0], [0, 2853]]","[[190, 155], [166, 151]]"
disclosure_x_bias,190,init_knn1,DCP,exponential,861.7062655754393,862.9694151303544,1.0,0.5151741293532338,18.89596510460963,152.61421981940794,0.0,0.033202332554105735,"[[3105, 0], [0, 2853]]","[[190, 155], [166, 151]]"
disclosure_x_bias,191,init_knn1,DCP,exponential,861.9059507118785,863.0660461067944,1.0,0.5151741293532338,19.029892536874097,152.34081199651828,0.0,0.033202332554105735,"[[3105, 0], [0, 2853]]","[[190, 155], [166, 151]]"
disclosure_x_bias,192,init_knn1,DCP,exponential,861.8635805861777,862.4324103328867,1.0,0.5151741293532338,18.803490568552373,152.09151530050937,0.0,0.033202332554105735,"[[3105, 0], [0, 2853]]","[[190, 155], [166, 151]]"
disclosure_x_bias,193,init_knn1,DCP,exponential,862.2087286477184,862.7335232231919,1.0,0.5151741293532338,18.9416455719849,152.34746392467352,0.0,0.033202332554105735,"[[3105, 0], [0, 2853]]","[[190, 155], [166, 151]]"
disclosure_x_bias,194,init_knn1,DCP,exponential,862.1754563087936,862.5789775059538,1.0,0.5151741293532338,18.915117386112538,152.40067295119547,0.0,0.033202332554105735,"[[3105, 0], [0, 2853]]","[[190, 155], [166, 151]]"
disclosure_x_bias,195,init_knn1,DCP,exponential,862.6797102388757,863.0671834042129,1.0,0.5151741293532338,18.89398078951554,152.37998199140668,0.0,0.033202332554105735,"[[3105, 0], [0, 2853]]","[[190, 155], [166, 151]]"
disclosure_x_bias,196,init_knn1,DCP,exponential,862.9955495836087,863.7009159584628,1.0,0.5151741293532338,18.979606251310788,152.43916258897573,0.0,0.033202332554105735,"[[3105, 0], [0, 2853]]","[[190, 155], [166, 151]]"
disclosure_x_bias,197,init_knn1,DCP,exponential,863.3967603318054,863.535344288782,1.0,0.5151741293532338,18.938398840029215,152.3190614330392,0.0,0.033202332554105735,"[[3105, 0], [0, 2853]]","[[190, 155], [166, 151]]"
disclosure_x_bias,198,init_knn1,DCP,exponential,863.5721952722646,863.8772707823589,1.0,0.5151741293532338,18.880552190921456,152.32638482772805,0.0,0.033202332554105735,"[[3105, 0], [0, 2853]]","[[190, 155], [166, 151]]"
disclosure_x_bias,199,init_knn1,DCP,exponential,863.934203786492,864.260954369974,1.0,0.5151741293532338,18.74191933462258,152.27803107849715,0.0,0.033202332554105735,"[[3105, 0], [0, 2853]]","[[190, 155], [166, 151]]"
disclosure_x_bias,200,init_knn1,DCP,exponential,864.5843723714122,864.016112638479,1.0,0.5151741293532338,18.764933818507068,152.43705089346898,0.0,0.033202332554105735,"[[3105, 0], [0, 2853]]","[[190, 155], [166, 151]]"
disclosure_x_bias,201,init_knn1,DCP,exponential,864.8125097349891,864.28406788889,1.0,0.5151741293532338,18.85394952517114,152.70611092378,0.0,0.033202332554105735,"[[3105, 0], [0, 2853]]","[[190, 155], [166, 151]]"
disclosure_x_bias,202,init_knn1,DCP,exponential,865.0862963493792,864.3319095762442,1.0,0.5151741293532338,18.82512808066846,152.31932348797298,0.0,0.033202332554105735,"[[3105, 0], [0, 2853]]","[[190, 155], [166, 151]]"
disclosure_x_bias,203,init_knn1,DCP,exponential,865.5074546257489,864.0828465376462,1.0,0.5151741293532338,18.775784810256656,152.78984707043995,0.0,0.033202332554105735,"[[3105, 0], [0, 2853]]","[[190, 155], [166, 151]]"
disclosure_x_bias,204,init_knn1,DCP,exponential,865.6260885320942,864.1002641217816,1.0,0.5151741293532338,18.512017394987865,152.46928297406944,0.0,0.033202332554105735,"[[3105, 0], [0, 2853]]","[[190, 155], [166, 151]]"
disclosure_x_bias,205,init_knn1,DCP,exponential,866.2506903720383,863.9622277644654,1.0,0.5151741293532338,18.580420997447092,152.314079260175,0.0,0.033202332554105735,"[[3105, 0], [0, 2853]]","[[190, 155], [166, 151]]"
disclosure_x_bias,206,init_knn1,DCP,exponential,866.4329550754135,864.6697824526989,1.0,0.5151741293532338,18.588977211069988,152.46739961736878,0.0,0.033202332554105735,"[[3105, 0], [0, 2853]]","[[190, 155], [166, 151]]"
disclosure_x_bias,207,init_knn1,DCP,exponential,866.7819642217904,865.3050935207182,1.0,0.5151741293532338,18.77117153265572,152.2252825574916,0.0,0.033202332554105735,"[[3105, 0], [0, 2853]]","[[190, 155], [166, 151]]"
disclosure_x_bias,208,init_knn1,DCP,exponential,866.8372009085699,865.0257635340437,1.0,0.5151741293532338,18.608039599680023,152.36961212830226,0.0,0.033202332554105735,"[[3105, 0], [0, 2853]]","[[190, 155], [166, 151]]"
disclosure_x_bias,209,init_knn1,DCP,exponential,866.9574654818425,865.0549967247522,1.0,0.5151741293532338,18.9247077049858,151.8940430797698,0.0,0.033202332554105735,"[[3105, 0], [0, 2853]]","[[190, 155], [166, 151]]"
disclosure_x_bias,210,init_knn1,DCP,exponential,867.3993471887355,864.8661637993007,1.0,0.5151741293532338,18.733885997774806,151.90270252879563,0.0,0.033202332554105735,"[[3105, 0], [0, 2853]]","[[190, 155], [166, 151]]"
disclosure_x_bias,211,init_knn1,DCP,exponential,867.9071497709768,865.0472169619276,1.0,0.5151741293532338,19.307023044025108,151.7314276704113,0.0,0.033202332554105735,"[[3105, 0], [0, 2853]]","[[190, 155], [166, 151]]"
disclosure_x_bias,212,init_knn1,DCP,exponential,868.2284124633616,864.9900132996993,1.0,0.5151741293532338,19.219022270365375,151.71444122207672,0.0,0.033202332554105735,"[[3105, 0], [0, 2853]]","[[190, 155], [166, 151]]"
disclosure_x_bias,213,init_knn1,DCP,exponential,868.4417557545481,864.8736408015733,1.0,0.5151741293532338,19.253472448686786,151.9536370820224,0.0,0.033202332554105735,"[[3105, 0], [0, 2853]]","[[190, 155], [166, 151]]"
disclosure_x_bias,214,init_knn1,DCP,exponential,868.5527928962443,865.0760701642266,1.0,0.5151741293532338,19.48003958128552,152.42917589168346,0.0,0.033202332554105735,"[[3105, 0], [0, 2853]]","[[190, 155], [166, 151]]"
disclosure_x_bias,215,init_knn1,DCP,exponential,868.6783967050205,865.2775204321149,1.0,0.5151741293532338,19.351663298564766,152.32511058972776,0.0,0.033202332554105735,"[[3105, 0], [0, 2853]]","[[190, 155], [166, 151]]"
disclosure_x_bias,216,init_knn1,DCP,exponential,869.3166063318822,866.261943737962,1.0,0.5151741293532338,19.159810642829807,152.5155462030118,0.0,0.033202332554105735,"[[3105, 0], [0, 2853]]","[[190, 155], [166, 151]]"
disclosure_x_bias,217,init_knn1,DCP,exponential,869.5145586439918,866.3424653050624,1.0,0.5151741293532338,19.20743253596978,152.21657031725982,0.0,0.033202332554105735,"[[3105, 0], [0, 2853]]","[[190, 155], [166, 151]]"
disclosure_x_bias,218,init_knn1,DCP,exponential,869.6199636505328,866.6282426299201,1.0,0.5151741293532338,19.2798880186454,153.3897393520596,0.0,0.033202332554105735,"[[3105, 0], [0, 2853]]","[[190, 155], [166, 151]]"
disclosure_x_bias,219,init_knn1,DCP,exponential,869.7517765124837,866.7882430436739,1.0,0.5151741293532338,19.284600175766503,153.48355434253804,0.0,0.033202332554105735,"[[3105, 0], [0, 2853]]","[[190, 155], [166, 151]]"
disclosure_x_bias,220,init_knn1,DCP,exponential,869.9505345087737,866.9488484307046,1.0,0.5151741293532338,19.22887299755227,153.45977959590562,0.0,0.033202332554105735,"[[3105, 0], [0, 2853]]","[[190, 155], [166, 151]]"
disclosure_x_bias,221,init_knn1,DCP,exponential,870.1211067776421,867.1453161819702,1.0,0.5151741293532338,19.264298078118188,153.6367268084761,0.0,0.033202332554105735,"[[3105, 0], [0, 2853]]","[[190, 155], [166, 151]]"
disclosure_x_bias,222,init_knn1,DCP,exponential,870.4200309780342,867.5005145754973,1.0,0.5151741293532338,19.637648585733572,154.39105939852809,0.0,0.033202332554105735,"[[3105, 0], [0, 2853]]","[[190, 155], [166, 151]]"
disclosure_x_bias,223,init_knn1,DCP,exponential,870.5092228571215,867.1529634202558,1.0,0.5151741293532338,19.421488571630913,153.85960169862622,0.0,0.033202332554105735,"[[3105, 0], [0, 2853]]","[[190, 155], [166, 151]]"
disclosure_x_bias,224,init_knn1,DCP,exponential,870.9861037960761,867.8423399578958,1.0,0.5151741293532338,19.443429370196196,153.66756012155633,0.0,0.033202332554105735,"[[3105, 0], [0, 2853]]","[[190, 155], [166, 151]]"
disclosure_x_bias,225,init_knn1,DCP,exponential,871.1512437014159,867.5933079089039,1.0,0.5151741293532338,19.512452566138975,153.6201829015264,0.0,0.033202332554105735,"[[3105, 0], [0, 2853]]","[[190, 155], [166, 151]]"
disclosure_x_bias,226,init_knn1,DCP,exponential,871.2822589481315,867.8973281356363,1.0,0.5151741293532338,19.407096782123325,153.51033538992763,0.0,0.033202332554105735,"[[3105, 0], [0, 2853]]","[[190, 155], [166, 151]]"
disclosure_x_bias,227,init_knn1,DCP,exponential,871.5984649059026,868.0237737301107,1.0,0.5151741293532338,19.579599913925552,153.65876799093985,0.0,0.033202332554105735,"[[3105, 0], [0, 2853]]","[[190, 155], [166, 151]]"
disclosure_x_bias,228,init_knn1,DCP,exponential,871.8180651773753,868.4929186364432,1.0,0.5151741293532338,19.871554222754582,153.15892356790607,0.0,0.033202332554105735,"[[3105, 0], [0, 2853]]","[[190, 155], [166, 151]]"
disclosure_x_bias,229,init_knn1,DCP,exponential,872.2131760988999,868.8093210033963,1.0,0.5151741293532338,19.666081288941204,153.0838177434243,0.0,0.033202332554105735,"[[3105, 0], [0, 2853]]","[[190, 155], [166, 151]]"
disclosure_x_bias,230,init_knn1,DCP,exponential,872.2662451260583,868.7364742903368,1.0,0.5151741293532338,19.681932952359578,153.1853825860692,0.0,0.033202332554105735,"[[3105, 0], [0, 2853]]","[[190, 155], [166, 151]]"
disclosure_x_bias,231,init_knn1,DCP,exponential,872.4481195569278,868.6997705389091,1.0,0.5151741293532338,19.881398854220944,153.07110956791215,0.0,0.033202332554105735,"[[3105, 0], [0, 2853]]","[[190, 155], [166, 151]]"
disclosure_x_bias,232,init_knn1,DCP,exponential,872.5500661073307,868.6769156742854,1.0,0.5151741293532338,19.706140583873495,153.00331500270374,0.0,0.033202332554105735,"[[3105, 0], [0, 2853]]","[[190, 155], [166, 151]]"
disclosure_x_bias,233,init_knn1,DCP,exponential,872.8529782078031,868.785946249703,1.0,0.5151741293532338,19.779958632546816,152.8992178160426,0.0,0.033202332554105735,"[[3105, 0], [0, 2853]]","[[190, 155], [166, 151]]"
disclosure_x_bias,234,init_knn1,DCP,exponential,873.3969435840188,869.522993123522,1.0,0.5151741293532338,19.636252420168717,153.84246882822532,0.0,0.033202332554105735,"[[3105, 0], [0, 2853]]","[[190, 155], [166, 151]]"
disclosure_x_bias,235,init_knn1,DCP,exponential,873.751122452713,869.6538608436398,1.0,0.5151741293532338,19.57365283028425,153.81568486062528,0.0,0.033202332554105735,"[[3105, 0], [0, 2853]]","[[190, 155], [166, 151]]"
disclosure_x_bias,236,init_knn1,DCP,exponential,873.8238332233392,869.7821445490779,1.0,0.5151741293532338,19.552823021627255,154.04718878749662,0.0,0.033202332554105735,"[[3105, 0], [0, 2853]]","[[190, 155], [166, 151]]"
disclosure_x_bias,237,init_knn1,DCP,exponential,874.0745696116707,869.7416009721521,1.0,0.5151741293532338,19.796844292633292,154.0181113320006,0.0,0.033202332554105735,"[[3105, 0], [0, 2853]]","[[190, 155], [166, 151]]"
disclosure_x_bias,238,init_knn1,DCP,exponential,874.2012988048873,869.5906587344456,1.0,0.5151741293532338,19.559816664128956,154.24336327520007,0.0,0.033202332554105735,"[[3105, 0], [0, 2853]]","[[190, 155], [166, 151]]"
disclosure_x_bias,239,init_knn1,DCP,exponential,874.2784090342999,869.3595500044117,1.0,0.5151741293532338,19.57502120152754,154.1795885042177,0.0,0.033202332554105735,"[[3105, 0], [0, 2853]]","[[190, 155], [166, 151]]"
disclosure_x_bias,240,init_knn1,DCP,exponential,874.5431084264774,869.565460183168,1.0,0.5151741293532338,19.41311385588171,154.14041327784597,0.0,0.033202332554105735,"[[3105, 0], [0, 2853]]","[[190, 155], [166, 151]]"
disclosure_x_bias,241,init_knn1,DCP,exponential,874.7204862829249,869.4939199415337,1.0,0.5151741293532338,19.568693741176464,154.22105729784482,0.0,0.033202332554105735,"[[3105, 0], [0, 2853]]","[[190, 155], [166, 151]]"
disclosure_x_bias,242,init_knn1,DCP,exponential,876.351570985869,872.0439709935297,1.0,0.5151741293532338,22.76618018574093,160.03325670652347,0.0,0.033202332554105735,"[[3105, 0], [0, 2853]]","[[190, 155], [166, 151]]"
disclosure_x_bias,243,init_knn1,DCP,exponential,876.6731885747813,872.0798206199764,1.0,0.5151741293532338,23.13066312846838,160.1606190422404,0.0,0.033202332554105735,"[[3105, 0], [0, 2853]]","[[190, 155], [166, 151]]"
disclosure_x_bias,244,init_knn1,DCP,exponential,876.858210054493,872.4826794379973,1.0,0.5151741293532338,22.703201989670138,159.67115800206142,0.0,0.033202332554105735,"[[3105, 0], [0, 2853]]","[[190, 155], [166, 151]]"
disclosure_x_bias,245,init_knn1,DCP,exponential,876.8926764995322,872.5627897907098,1.0,0.5151741293532338,23.003473646849482,159.83614302512248,0.0,0.033202332554105735,"[[3105, 0], [0, 2853]]","[[190, 155], [166, 151]]"
disclosure_x_bias,246,init_knn1,DCP,exponential,877.1022815506625,872.5569054451571,1.0,0.5151741293532338,22.812608945374475,159.87587621713448,0.0,0.033202332554105735,"[[3105, 0], [0, 2853]]","[[190, 155], [166, 151]]"
disclosure_x_bias,247,init_knn1,DCP,exponential,877.4274919249698,873.2404855425968,1.0,0.5151741293532338,22.94505898129866,159.54640204130217,0.0,0.033202332554105735,"[[3105, 0], [0, 2853]]","[[190, 155], [166, 151]]"
disclosure_x_bias,248,init_knn1,DCP,exponential,877.5430997763369,873.5954114804475,1.0,0.5151741293532338,22.865479887757388,159.47072135325445,0.0,0.033202332554105735,"[[3105, 0], [0, 2853]]","[[190, 155], [166, 151]]"
disclosure_x_bias,249,init_knn1,DCP,exponential,877.691526571869,873.4681803965652,1.0,0.5151741293532338,22.92226248721603,159.75090358576637,0.0,0.033202332554105735,"[[3105, 0], [0, 2853]]","[[190, 155], [166, 151]]"
disclosure_x_bias,250,init_knn1,DCP,exponential,877.8183309452177,873.5302170417605,1.0,0.5151741293532338,22.871937077164638,159.90243130957475,0.0,0.033202332554105735,"[[3105, 0], [0, 2853]]","[[190, 155], [166, 151]]"
disclosure_x_bias,251,init_knn1,DCP,exponential,877.9947175816202,873.4192041340006,1.0,0.5151741293532338,22.909152016433715,160.09695172555814,0.0,0.033202332554105735,"[[3105, 0], [0, 2853]]","[[190, 155], [166, 151]]"
disclosure_x_bias,252,init_knn1,DCP,exponential,878.1309364277838,873.4124156969572,1.0,0.5151741293532338,22.802624789434706,160.14419348178427,0.0,0.033202332554105735,"[[3105, 0], [0, 2853]]","[[190, 155], [166, 151]]"
disclosure_x_bias,253,init_knn1,DCP,exponential,878.3168640375804,873.9145891994807,1.0,0.5151741293532338,22.907026542003127,160.03606624702363,0.0,0.033202332554105735,"[[3105, 0], [0, 2853]]","[[190, 155], [166, 151]]"
disclosure_x_bias,254,init_knn1,DCP,exponential,878.69367688126,873.9363695915966,1.0,0.5151741293532338,22.88125398866647,159.75618714620842,0.0,0.033202332554105735,"[[3105, 0], [0, 2853]]","[[190, 155], [166, 151]]"
disclosure_x_bias,255,init_knn1,DCP,exponential,878.6022593829782,874.181801366583,1.0,0.5151741293532338,22.7819489957486,159.85616588652837,0.0,0.033202332554105735,"[[3105, 0], [0, 2853]]","[[190, 155], [166, 151]]"
disclosure_x_bias,256,init_knn1,DCP,exponential,879.2107027013686,873.9962299275574,1.0,0.5151741293532338,22.55981710648231,159.96346241379516,0.0,0.033202332554105735,"[[3105, 0], [0, 2853]]","[[190, 155], [166, 151]]"
disclosure_x_bias,257,init_knn1,DCP,exponential,879.2760647344782,874.2411237384551,1.0,0.5151741293532338,22.622733283200564,160.23830527677816,0.0,0.033202332554105735,"[[3105, 0], [0, 2853]]","[[190, 155], [166, 151]]"
disclosure_x_bias,258,init_knn1,DCP,exponential,879.9118963926155,874.0586714213608,1.0,0.5151741293532338,22.49333137183732,159.93023677398182,0.0,0.033202332554105735,"[[3105, 0], [0, 2853]]","[[190, 155], [166, 151]]"
disclosure_x_bias,259,init_knn1,DCP,exponential,880.2341621249836,874.5131991494809,1.0,0.5151741293532338,22.423921563118558,160.29225351456856,0.0,0.033202332554105735,"[[3105, 0], [0, 2853]]","[[190, 155], [166, 151]]"
disclosure_x_bias,260,init_knn1,DCP,exponential,880.4736147107567,875.1561583212927,1.0,0.5151741293532338,22.645981307915527,161.09815045513835,0.0,0.033202332554105735,"[[3105, 0], [0, 2853]]","[[190, 155], [166, 151]]"
disclosure_x_bias,261,init_knn1,DCP,exponential,880.9564372740233,875.6660245496208,1.0,0.5151741293532338,22.28114346025243,160.9689517191977,0.0,0.033202332554105735,"[[3105, 0], [0, 2853]]","[[190, 155], [166, 151]]"
disclosure_x_bias,262,init_knn1,DCP,exponential,881.1834514956379,876.1182691647961,1.0,0.5151741293532338,22.44049138513655,160.87939920752714,0.0,0.033202332554105735,"[[3105, 0], [0, 2853]]","[[190, 155], [166, 151]]"
disclosure_x_bias,263,init_knn1,DCP,exponential,881.1640744819891,876.1264810108316,1.0,0.5151741293532338,22.33707743062188,160.6614492204357,0.0,0.033202332554105735,"[[3105, 0], [0, 2853]]","[[190, 155], [166, 151]]"
disclosure_x_bias,264,init_knn1,DCP,exponential,881.318652935063,876.2770878682562,1.0,0.5151741293532338,22.30290661935986,160.60467329169498,0.0,0.033202332554105735,"[[3105, 0], [0, 2853]]","[[190, 155], [166, 151]]"
disclosure_x_bias,265,init_knn1,DCP,exponential,882.038374086974,876.2471826206854,1.0,0.5151741293532338,21.922439944329525,160.8537624145899,0.0,0.033202332554105735,"[[3105, 0], [0, 2853]]","[[190, 155], [166, 151]]"
disclosure_x_bias,266,init_knn1,DCP,exponential,882.2738548454278,876.1401683567734,1.0,0.5151741293532338,22.035745251699524,160.5865267455251,0.0,0.033202332554105735,"[[3105, 0], [0, 2853]]","[[190, 155], [166, 151]]"
disclosure_x_bias,267,init_knn1,DCP,exponential,882.3567807250813,876.1341765968442,1.0,0.5151741293532338,21.840021769334918,160.60977459576492,0.0,0.033202332554105735,"[[3105, 0], [0, 2853]]","[[190, 155], [166, 151]]"
disclosure_x_bias,268,init_knn1,DCP,exponential,882.4933909774066,876.1033860650456,1.0,0.5151741293532338,21.846138144826224,160.58130196550877,0.0,0.033202332554105735,"[[3105, 0], [0, 2853]]","[[190, 155], [166, 151]]"
disclosure_x_bias,269,init_knn1,DCP,exponential,882.5966100946746,876.3740039370352,1.0,0.5151741293532338,21.775459558746054,160.82694290280824,0.0,0.033202332554105735,"[[3105, 0], [0, 2853]]","[[190, 155], [166, 151]]"
disclosure_x_bias,270,init_knn1,DCP,exponential,882.8061138877396,876.2153609124537,1.0,0.5151741293532338,21.754365144013352,160.67752376527332,0.0,0.033202332554105735,"[[3105, 0], [0, 2853]]","[[190, 155], [166, 151]]"
disclosure_x_bias,271,init_knn1,DCP,exponential,882.8751575639335,876.4011683806506,1.0,0.5151741293532338,21.558073686672298,160.92683672508312,0.0,0.033202332554105735,"[[3105, 0], [0, 2853]]","[[190, 155], [166, 151]]"
disclosure_x_bias,272,init_knn1,DCP,exponential,883.0316327213513,876.2871221381589,1.0,0.5151741293532338,21.724790012906276,160.52382031530652,0.0,0.033202332554105735,"[[3105, 0], [0, 2853]]","[[190, 155], [166, 151]]"
disclosure_x_bias,273,init_knn1,DCP,exponential,883.2671471777792,876.9418008457953,1.0,0.5151741293532338,21.687232687021993,161.0266593125903,0.0,0.033202332554105735,"[[3105, 0], [0, 2853]]","[[190, 155], [166, 151]]"
disclosure_x_bias,274,init_knn1,DCP,exponential,883.3059604092311,876.9267794539994,1.0,0.5151741293532338,21.570528474573177,161.1059778697089,0.0,0.033202332554105735,"[[3105, 0], [0, 2853]]","[[190, 155], [166, 151]]"
disclosure_x_bias,275,init_knn1,DCP,exponential,884.1085823887021,877.7817095292432,1.0,0.5151741293532338,21.730125876142885,160.84863705345973,0.0,0.033202332554105735,"[[3105, 0], [0, 2853]]","[[190, 155], [166, 151]]"
disclosure_x_bias,276,init_knn1,DCP,exponential,884.1489745978164,877.7944977785677,1.0,0.5151741293532338,21.61288297877719,160.63140162960727,0.0,0.033202332554105735,"[[3105, 0], [0, 2853]]","[[190, 155], [166, 151]]"
disclosure_x_bias,277,init_knn1,DCP,exponential,884.4293012895523,878.198199500284,1.0,0.5151741293532338,21.952617098111944,161.51587218595978,0.0,0.033202332554105735,"[[3105, 0], [0, 2853]]","[[190, 155], [166, 151]]"
disclosure_x_bias,278,init_knn1,DCP,exponential,884.5378172029874,878.0421480834408,1.0,0.5151741293532338,21.64510896106445,160.79278293342495,0.0,0.033202332554105735,"[[3105, 0], [0, 2853]]","[[190, 155], [166, 151]]"
disclosure_x_bias,279,init_knn1,DCP,exponential,884.6925687239527,878.0735911595608,1.0,0.5151741293532338,21.76387434754812,161.15386397864634,0.0,0.033202332554105735,"[[3105, 0], [0, 2853]]","[[190, 155], [166, 151]]"
disclosure_x_bias,280,init_knn1,DCP,exponential,884.7973823010132,878.3138379125487,1.0,0.5151741293532338,21.738472620806476,161.0041310016988,0.0,0.033202332554105735,"[[3105, 0], [0, 2853]]","[[190, 155], [166, 151]]"
disclosure_x_bias,281,init_knn1,DCP,exponential,885.0502375011295,878.3939859255709,1.0,0.5151741293532338,21.7525449038146,161.1823240956772,0.0,0.033202332554105735,"[[3105, 0], [0, 2853]]","[[190, 155], [166, 151]]"
disclosure_x_bias,282,init_knn1,DCP,exponential,885.4138850925353,878.6638199691695,1.0,0.5151741293532338,21.54386651868627,161.08886686770958,0.0,0.033202332554105735,"[[3105, 0], [0, 2853]]","[[190, 155], [166, 151]]"
disclosure_x_bias,283,init_knn1,DCP,exponential,885.4591043964971,878.6032070743425,1.0,0.5151741293532338,21.653932313416963,161.3286478460332,0.0,0.033202332554105735,"[[3105, 0], [0, 2853]]","[[190, 155], [166, 151]]"
disclosure_x_bias,284,init_knn1,DCP,exponential,885.9530067900884,878.9037961254395,1.0,0.5151741293532338,21.853014711723137,161.26791709668197,0.0,0.033202332554105735,"[[3105, 0], [0, 2853]]","[[190, 155], [166, 151]]"
disclosure_x_bias,285,init_knn1,DCP,exponential,886.1334786850703,878.8999302252435,1.0,0.5151741293532338,21.96758609582805,161.5388018211358,0.0,0.033202332554105735,"[[3105, 0], [0, 2853]]","[[190, 155], [166, 151]]"
disclosure_x_bias,286,init_knn1,DCP,exponential,886.2867639656184,879.244106483737,1.0,0.5151741293532338,21.861010942474557,161.282870470329,0.0,0.033202332554105735,"[[3105, 0], [0, 2853]]","[[190, 155], [166, 151]]"
disclosure_x_bias,287,init_knn1,DCP,exponential,886.4079098389591,879.2688570686278,1.0,0.5151741293532338,21.89582255663636,161.18823919406157,0.0,0.033202332554105735,"[[3105, 0], [0, 2853]]","[[190, 155], [166, 151]]"
disclosure_x_bias,288,init_knn1,DCP,exponential,886.5225987831678,879.3073856888101,1.0,0.5151741293532338,21.982511487306194,161.57056858596025,0.0,0.033202332554105735,"[[3105, 0], [0, 2853]]","[[190, 155], [166, 151]]"
disclosure_x_bias,289,init_knn1,DCP,exponential,886.9504133090464,879.5106318762055,1.0,0.5151741293532338,22.658170950048977,161.29616099923774,0.0,0.033202332554105735,"[[3105, 0], [0, 2853]]","[[190, 155], [166, 151]]"
disclosure_x_bias,290,init_knn1,DCP,exponential,886.9387235421106,879.5087165437201,1.0,0.5151741293532338,22.488824894744273,161.44163316106813,0.0,0.033202332554105735,"[[3105, 0], [0, 2853]]","[[190, 155], [166, 151]]"
disclosure_x_bias,291,init_knn1,DCP,exponential,887.1898273779556,879.560722763024,1.0,0.5151741293532338,22.625827034325695,160.85827841805033,0.0,0.033202332554105735,"[[3105, 0], [0, 2853]]","[[190, 155], [166, 151]]"
disclosure_x_bias,292,init_knn1,DCP,exponential,887.1909851139906,879.4051089685352,1.0,0.5151741293532338,22.65269271142076,161.18301119905976,0.0,0.033202332554105735,"[[3105, 0], [0, 2853]]","[[190, 155], [166, 151]]"
disclosure_x_bias,293,init_knn1,DCP,exponential,888.021994063303,879.391328593043,1.0,0.5151741293532338,22.603211830113565,161.2891169149571,0.0,0.033202332554105735,"[[3105, 0], [0, 2853]]","[[190, 155], [166, 151]]"
disclosure_x_bias,294,init_knn1,DCP,exponential,888.0633215054329,879.5476208747565,1.0,0.5151741293532338,22.60795436455757,161.48184053548698,0.0,0.033202332554105735,"[[3105, 0], [0, 2853]]","[[190, 155], [166, 151]]"
disclosure_x_bias,295,init_knn1,DCP,exponential,888.3354290630359,879.8356181844662,1.0,0.5151741293532338,22.62290374211271,161.19255994976808,0.0,0.033202332554105735,"[[3105, 0], [0, 2853]]","[[190, 155], [166, 151]]"
disclosure_x_bias,296,init_knn1,DCP,exponential,888.7060346013456,880.8389448161249,1.0,0.5151741293532338,22.658233914870223,160.9170803365772,0.0,0.033202332554105735,"[[3105, 0], [0, 2853]]","[[190, 155], [166, 151]]"
disclosure_x_bias,297,init_knn1,DCP,exponential,888.7306817784229,880.4883755775242,1.0,0.5151741293532338,22.519750641171797,160.88272682160334,0.0,0.033202332554105735,"[[3105, 0], [0, 2853]]","[[190, 155], [166, 151]]"
disclosure_x_bias,298,init_knn1,DCP,exponential,888.9239816458264,880.5081073312198,1.0,0.5151741293532338,22.640593403772854,161.01179548357084,0.0,0.033202332554105735,"[[3105, 0], [0, 2853]]","[[190, 155], [166, 151]]"
disclosure_x_bias,299,init_knn1,DCP,exponential,889.2191400098405,880.8641631032272,1.0,0.5151741293532338,22.592751196700352,161.28690201793725,0.0,0.033202332554105735,"[[3105, 0], [0, 2853]]","[[190, 155], [166, 151]]"
disclosure_x_bias,300,init_knn1,DCP,exponential,890.1097549956228,881.0295951951687,1.0,0.5151741293532338,22.586669047679543,161.2594191234086,0.0,0.033202332554105735,"[[3105, 0], [0, 2853]]","[[190, 155], [166, 151]]"
disclosure_x_bias,1,init_knn1,TD_U,log_loss,1.1901107006047788e-07,7.730124990636815,1.0,0.5151741293532338,3.8803399514536554e-11,0.5288059921312618,0.0,0.033202332554105735,"[[3105, 0], [0, 2853]]","[[190, 155], [166, 151]]"
disclosure_x_bias,2,init_knn1,TD_U,log_loss,1.1883851837037129e-07,7.73093802364432,1.0,0.5151741293532338,6.816413067864612e-11,0.5288423670212298,0.0,0.033202332554105735,"[[3105, 0], [0, 2853]]","[[190, 155], [166, 151]]"
disclosure_x_bias,3,init_knn1,TD_U,log_loss,1.1868663923256258e-07,7.731669816274388,1.0,0.5151741293532338,9.292333875370826e-11,0.5293346059343557,0.0,0.033202332554105735,"[[3105, 0], [0, 2853]]","[[190, 155], [166, 151]]"
disclosure_x_bias,4,init_knn1,TD_U,log_loss,1.185442135057983e-07,7.7321798832705095,1.0,0.5151741293532338,1.1526923761992336e-10,0.5289511075667916,0.0,0.033202332554105735,"[[3105, 0], [0, 2853]]","[[190, 155], [166, 151]]"
disclosure_x_bias,5,init_knn1,TD_U,log_loss,1.1841653337860861e-07,7.732953772899774,1.0,0.5151741293532338,1.3129988579848846e-10,0.5292266835524371,0.0,0.033202332554105735,"[[3105, 0], [0, 2853]]","[[190, 155], [166, 151]]"
disclosure_x_bias,6,init_knn1,TD_U,log_loss,1.1829300654481654e-07,7.733151025181333,1.0,0.5151741293532338,1.4471419368949383e-10,0.5294759784858605,0.0,0.033202332554105735,"[[3105, 0], [0, 2853]]","[[190, 155], [166, 151]]"
disclosure_x_bias,7,init_knn1,TD_U,log_loss,1.1817607232795211e-07,7.733584258196602,1.0,0.5151741293532338,1.5991090409202532e-10,0.5295306850436394,0.0,0.033202332554105735,"[[3105, 0], [0, 2853]]","[[190, 155], [166, 151]]"
disclosure_x_bias,8,init_knn1,TD_U,log_loss,1.1806379625434363e-07,7.73385401543135,1.0,0.5151741293532338,1.7755820595830396e-10,0.529244728187833,0.0,0.033202332554105735,"[[3105, 0], [0, 2853]]","[[190, 155], [166, 151]]"
disclosure_x_bias,9,init_knn1,TD_U,log_loss,1.1795926421842518e-07,7.734002227881183,1.0,0.5151741293532338,1.8880546000964173e-10,0.5291918006990963,0.0,0.033202332554105735,"[[3105, 0], [0, 2853]]","[[190, 155], [166, 151]]"
disclosure_x_bias,10,init_knn1,TD_U,log_loss,1.1785835758973497e-07,7.734633572187403,1.0,0.5151741293532338,2.0116642684682476e-10,0.5294713443063065,0.0,0.033202332554105735,"[[3105, 0], [0, 2853]]","[[190, 155], [166, 151]]"
disclosure_x_bias,11,init_knn1,TD_U,log_loss,1.1776165189863505e-07,7.7348508335341055,1.0,0.5151741293532338,2.1367671735179318e-10,0.5294797785303951,0.0,0.033202332554105735,"[[3105, 0], [0, 2853]]","[[190, 155], [166, 151]]"
disclosure_x_bias,12,init_knn1,TD_U,log_loss,1.1766572031789588e-07,7.735628551817102,1.0,0.5151741293532338,2.3105251821835034e-10,0.5294564341969128,0.0,0.033202332554105735,"[[3105, 0], [0, 2853]]","[[190, 155], [166, 151]]"
disclosure_x_bias,13,init_knn1,TD_U,log_loss,1.1757424256753433e-07,7.735671366778902,1.0,0.5151741293532338,2.397916171804938e-10,0.529374429814951,0.0,0.033202332554105735,"[[3105, 0], [0, 2853]]","[[190, 155], [166, 151]]"
disclosure_x_bias,14,init_knn1,TD_U,log_loss,1.1748526691842556e-07,7.7359724965332575,1.0,0.5151741293532338,2.496703371614732e-10,0.5293379951172053,0.0,0.033202332554105735,"[[3105, 0], [0, 2853]]","[[190, 155], [166, 151]]"
disclosure_x_bias,15,init_knn1,TD_U,log_loss,1.1739828860823583e-07,7.73606617629422,1.0,0.5151741293532338,2.57371132310167e-10,0.5293024236143885,0.0,0.033202332554105735,"[[3105, 0], [0, 2853]]","[[190, 155], [166, 151]]"
disclosure_x_bias,16,init_knn1,TD_U,log_loss,1.1731641759105769e-07,7.7362504041981905,1.0,0.5151741293532338,2.6347743395772157e-10,0.5294921334466753,0.0,0.033202332554105735,"[[3105, 0], [0, 2853]]","[[190, 155], [166, 151]]"
disclosure_x_bias,17,init_knn1,TD_U,log_loss,1.1723491594754463e-07,7.7365979015400965,1.0,0.5151741293532338,2.682651592946476e-10,0.5295942345439053,0.0,0.033202332554105735,"[[3105, 0], [0, 2853]]","[[190, 155], [166, 151]]"
disclosure_x_bias,18,init_knn1,TD_U,log_loss,1.1715792942102547e-07,7.736358576681641,1.0,0.5151741293532338,2.750530826342825e-10,0.529631225472375,0.0,0.033202332554105735,"[[3105, 0], [0, 2853]]","[[190, 155], [166, 151]]"
disclosure_x_bias,19,init_knn1,TD_U,log_loss,1.1707634337170812e-07,7.73686611251978,1.0,0.5151741293532338,2.9104608482276133e-10,0.5296222637954301,0.0,0.033202332554105735,"[[3105, 0], [0, 2853]]","[[190, 155], [166, 151]]"
disclosure_x_bias,20,init_knn1,TD_U,log_loss,1.1700371804375855e-07,7.737397182006964,1.0,0.5151741293532338,2.9729729035663114e-10,0.5297960747990738,0.0,0.033202332554105735,"[[3105, 0], [0, 2853]]","[[190, 155], [166, 151]]"
disclosure_x_bias,21,init_knn1,TD_U,log_loss,1.1693413710533718e-07,7.7374466377204225,1.0,0.5151741293532338,3.035296935216249e-10,0.5296291884184343,0.0,0.033202332554105735,"[[3105, 0], [0, 2853]]","[[190, 155], [166, 151]]"
disclosure_x_bias,22,init_knn1,TD_U,log_loss,1.1686456039329914e-07,7.7374488413632445,1.0,0.5151741293532338,3.0951943348332335e-10,0.5296751974795679,0.0,0.033202332554105735,"[[3105, 0], [0, 2853]]","[[190, 155], [166, 151]]"
disclosure_x_bias,23,init_knn1,TD_U,log_loss,1.1679221133109156e-07,7.7375957516936635,1.0,0.5151741293532338,3.1618590380792203e-10,0.5298089561116381,0.0,0.033202332554105735,"[[3105, 0], [0, 2853]]","[[190, 155], [166, 151]]"
disclosure_x_bias,24,init_knn1,TD_U,log_loss,1.1671837162542494e-07,7.7378056809847,1.0,0.5151741293532338,3.207970537227836e-10,0.5295381297377113,0.0,0.033202332554105735,"[[3105, 0], [0, 2853]]","[[190, 155], [166, 151]]"
disclosure_x_bias,25,init_knn1,TD_U,log_loss,1.1664980248119482e-07,7.738092393669857,1.0,0.5151741293532338,3.2230627067038147e-10,0.5295548051986004,0.0,0.033202332554105735,"[[3105, 0], [0, 2853]]","[[190, 155], [166, 151]]"
disclosure_x_bias,26,init_knn1,TD_U,log_loss,1.165775043150077e-07,7.738476211370698,1.0,0.5151741293532338,3.346166054651429e-10,0.5292946203188846,0.0,0.033202332554105735,"[[3105, 0], [0, 2853]]","[[190, 155], [166, 151]]"
disclosure_x_bias,27,init_knn1,TD_U,log_loss,1.1651593873026035e-07,7.738594145160873,1.0,0.5151741293532338,3.4002208835768747e-10,0.529467765828562,0.0,0.033202332554105735,"[[3105, 0], [0, 2853]]","[[190, 155], [166, 151]]"
disclosure_x_bias,28,init_knn1,TD_U,log_loss,1.164548695826424e-07,7.738560785057727,1.0,0.5151741293532338,3.4193345180736595e-10,0.52965268937499,0.0,0.033202332554105735,"[[3105, 0], [0, 2853]]","[[190, 155], [166, 151]]"
disclosure_x_bias,29,init_knn1,TD_U,log_loss,1.1639641644924387e-07,7.738681720329855,1.0,0.5151741293532338,3.467918185761181e-10,0.5299835121280457,0.0,0.033202332554105735,"[[3105, 0], [0, 2853]]","[[190, 155], [166, 151]]"
disclosure_x_bias,30,init_knn1,TD_U,log_loss,1.1633399911106448e-07,7.738545888189241,1.0,0.5151741293532338,3.5141918477553767e-10,0.5301847624858576,0.0,0.033202332554105735,"[[3105, 0], [0, 2853]]","[[190, 155], [166, 151]]"
disclosure_x_bias,31,init_knn1,TD_U,log_loss,1.1627679197223618e-07,7.738709125975385,1.0,0.5151741293532338,3.532014058737961e-10,0.5301701928243061,0.0,0.033202332554105735,"[[3105, 0], [0, 2853]]","[[190, 155], [166, 151]]"
disclosure_x_bias,32,init_knn1,TD_U,log_loss,1.1621795335653166e-07,7.738672213956957,1.0,0.5151741293532338,3.5911089881850866e-10,0.5302010504041389,0.0,0.033202332554105735,"[[3105, 0], [0, 2853]]","[[190, 155], [166, 151]]"
disclosure_x_bias,33,init_knn1,TD_U,log_loss,1.1615630599197036e-07,7.738609717451152,1.0,0.5151741293532338,3.634790062918548e-10,0.5302177686678536,0.0,0.033202332554105735,"[[3105, 0], [0, 2853]]","[[190, 155], [166, 151]]"
disclosure_x_bias,34,init_knn1,TD_U,log_loss,1.1610278839284716e-07,7.739064936704535,1.0,0.5151741293532338,3.66232405641416e-10,0.530542149609326,0.0,0.033202332554105735,"[[3105, 0], [0, 2853]]","[[190, 155], [166, 151]]"
disclosure_x_bias,35,init_knn1,TD_U,log_loss,1.1604738671595373e-07,7.7391320602532305,1.0,0.5151741293532338,3.656936174389309e-10,0.530674819592825,0.0,0.033202332554105735,"[[3105, 0], [0, 2853]]","[[190, 155], [166, 151]]"
disclosure_x_bias,36,init_knn1,TD_U,log_loss,1.1599309777923217e-07,7.739402662522027,1.0,0.5151741293532338,3.689967044368319e-10,0.5308056120177247,0.0,0.033202332554105735,"[[3105, 0], [0, 2853]]","[[190, 155], [166, 151]]"
disclosure_x_bias,37,init_knn1,TD_U,log_loss,1.1594145549155352e-07,7.739463022909954,1.0,0.5151741293532338,3.720579861532098e-10,0.5308409512095722,0.0,0.033202332554105735,"[[3105, 0], [0, 2853]]","[[190, 155], [166, 151]]"
disclosure_x_bias,38,init_knn1,TD_U,log_loss,1.158878309553985e-07,7.73945460689188,1.0,0.5151741293532338,3.708481650324754e-10,0.5308956661337291,0.0,0.033202332554105735,"[[3105, 0], [0, 2853]]","[[190, 155], [166, 151]]"
disclosure_x_bias,39,init_knn1,TD_U,log_loss,1.1583360599101247e-07,7.739742143035332,1.0,0.5151741293532338,3.825416724833674e-10,0.5303166476803594,0.0,0.033202332554105735,"[[3105, 0], [0, 2853]]","[[190, 155], [166, 151]]"
disclosure_x_bias,40,init_knn1,TD_U,log_loss,1.1578011195074476e-07,7.739902841243991,1.0,0.5151741293532338,3.9056636885105005e-10,0.5303933005798306,0.0,0.033202332554105735,"[[3105, 0], [0, 2853]]","[[190, 155], [166, 151]]"
disclosure_x_bias,41,init_knn1,TD_U,log_loss,1.1573045955153513e-07,7.739865798352591,1.0,0.5151741293532338,3.896628658004785e-10,0.5307021755163663,0.0,0.033202332554105735,"[[3105, 0], [0, 2853]]","[[190, 155], [166, 151]]"
disclosure_x_bias,42,init_knn1,TD_U,log_loss,1.1567825327658411e-07,7.739996835836787,1.0,0.5151741293532338,3.927322767825754e-10,0.5306264922740972,0.0,0.033202332554105735,"[[3105, 0], [0, 2853]]","[[190, 155], [166, 151]]"
disclosure_x_bias,43,init_knn1,TD_U,log_loss,1.1563179612156659e-07,7.740001316672831,1.0,0.5151741293532338,3.929602685725245e-10,0.5307588341292616,0.0,0.033202332554105735,"[[3105, 0], [0, 2853]]","[[190, 155], [166, 151]]"
disclosure_x_bias,44,init_knn1,TD_U,log_loss,1.1558192643950826e-07,7.739894221207935,1.0,0.5151741293532338,3.9732143610834976e-10,0.5307941407397341,0.0,0.033202332554105735,"[[3105, 0], [0, 2853]]","[[190, 155], [166, 151]]"
disclosure_x_bias,45,init_knn1,TD_U,log_loss,1.1554001642111022e-07,7.7401984247785505,1.0,0.5151741293532338,3.98930524712332e-10,0.5307993958088394,0.0,0.033202332554105735,"[[3105, 0], [0, 2853]]","[[190, 155], [166, 151]]"
disclosure_x_bias,46,init_knn1,TD_U,log_loss,1.1549341315859706e-07,7.74046227726415,1.0,0.5151741293532338,3.999038041705874e-10,0.530880607792129,0.0,0.033202332554105735,"[[3105, 0], [0, 2853]]","[[190, 155], [166, 151]]"
disclosure_x_bias,47,init_knn1,TD_U,log_loss,1.154431447140136e-07,7.74087561882232,1.0,0.5151741293532338,4.100398150319257e-10,0.5308690760343803,0.0,0.033202332554105735,"[[3105, 0], [0, 2853]]","[[190, 155], [166, 151]]"
disclosure_x_bias,48,init_knn1,TD_U,log_loss,1.1539771201898291e-07,7.740830790511157,1.0,0.5151741293532338,4.13610909692791e-10,0.5309504100455895,0.0,0.033202332554105735,"[[3105, 0], [0, 2853]]","[[190, 155], [166, 151]]"
disclosure_x_bias,49,init_knn1,TD_U,log_loss,1.1535192036114556e-07,7.740855211405297,1.0,0.5151741293532338,4.142804370888062e-10,0.5310712120297368,0.0,0.033202332554105735,"[[3105, 0], [0, 2853]]","[[190, 155], [166, 151]]"
disclosure_x_bias,50,init_knn1,TD_U,log_loss,1.1530639667759483e-07,7.740883447432607,1.0,0.5151741293532338,4.147727114973279e-10,0.5313156822553831,0.0,0.033202332554105735,"[[3105, 0], [0, 2853]]","[[190, 155], [166, 151]]"
disclosure_x_bias,51,init_knn1,TD_U,log_loss,1.1526723683312029e-07,7.740867860134371,1.0,0.5151741293532338,4.152975588238323e-10,0.5313884509113143,0.0,0.033202332554105735,"[[3105, 0], [0, 2853]]","[[190, 155], [166, 151]]"
disclosure_x_bias,52,init_knn1,TD_U,log_loss,1.1522753525028516e-07,7.741042289657034,1.0,0.5151741293532338,4.189792754575993e-10,0.5313230457929982,0.0,0.033202332554105735,"[[3105, 0], [0, 2853]]","[[190, 155], [166, 151]]"
disclosure_x_bias,53,init_knn1,TD_U,log_loss,1.151864690617003e-07,7.741283175483193,1.0,0.5151741293532338,4.23273328321321e-10,0.5310220579246491,0.0,0.033202332554105735,"[[3105, 0], [0, 2853]]","[[190, 155], [166, 151]]"
disclosure_x_bias,54,init_knn1,TD_U,log_loss,1.1514393642670195e-07,7.741650905061702,1.0,0.5151741293532338,4.213426132528737e-10,0.5308453635427915,0.0,0.033202332554105735,"[[3105, 0], [0, 2853]]","[[190, 155], [166, 151]]"
disclosure_x_bias,55,init_knn1,TD_U,log_loss,1.1510555486917093e-07,7.741669545626218,1.0,0.5151741293532338,4.194981815056973e-10,0.5311147521230689,0.0,0.033202332554105735,"[[3105, 0], [0, 2853]]","[[190, 155], [166, 151]]"
disclosure_x_bias,56,init_knn1,TD_U,log_loss,1.1506345023698271e-07,7.741572898207062,1.0,0.5151741293532338,4.198217124324698e-10,0.5311196887660605,0.0,0.033202332554105735,"[[3105, 0], [0, 2853]]","[[190, 155], [166, 151]]"
disclosure_x_bias,57,init_knn1,TD_U,log_loss,1.1502756466432218e-07,7.741828378871537,1.0,0.5151741293532338,4.209626910733305e-10,0.5310130845744131,0.0,0.033202332554105735,"[[3105, 0], [0, 2853]]","[[190, 155], [166, 151]]"
disclosure_x_bias,58,init_knn1,TD_U,log_loss,1.1498642454427678e-07,7.741835979394321,1.0,0.5151741293532338,4.223821298826545e-10,0.531053106281499,0.0,0.033202332554105735,"[[3105, 0], [0, 2853]]","[[190, 155], [166, 151]]"
disclosure_x_bias,59,init_knn1,TD_U,log_loss,1.1494588784857851e-07,7.741840093457301,1.0,0.5151741293532338,4.2267447702034763e-10,0.5312240969930087,0.0,0.033202332554105735,"[[3105, 0], [0, 2853]]","[[190, 155], [166, 151]]"
disclosure_x_bias,60,init_knn1,TD_U,log_loss,1.1490447015829101e-07,7.742038398548925,1.0,0.5151741293532338,4.2338452978614745e-10,0.5310753914791234,0.0,0.033202332554105735,"[[3105, 0], [0, 2853]]","[[190, 155], [166, 151]]"
disclosure_x_bias,61,init_knn1,TD_U,log_loss,1.1486930729373525e-07,7.742236579497899,1.0,0.5151741293532338,4.2481718079903645e-10,0.5312981877830826,0.0,0.033202332554105735,"[[3105, 0], [0, 2853]]","[[190, 155], [166, 151]]"
disclosure_x_bias,62,init_knn1,TD_U,log_loss,1.1483554914883228e-07,7.742378337428209,1.0,0.5151741293532338,4.2647253620279294e-10,0.5314283463094605,0.0,0.033202332554105735,"[[3105, 0], [0, 2853]]","[[190, 155], [166, 151]]"
disclosure_x_bias,63,init_knn1,TD_U,log_loss,1.1480222773973115e-07,7.742493366624673,1.0,0.5151741293532338,4.27037151375786e-10,0.5311708636486795,0.0,0.033202332554105735,"[[3105, 0], [0, 2853]]","[[190, 155], [166, 151]]"
disclosure_x_bias,64,init_knn1,TD_U,log_loss,1.1476692467904408e-07,7.742588442096431,1.0,0.5151741293532338,4.306339848827688e-10,0.5313685734823111,0.0,0.033202332554105735,"[[3105, 0], [0, 2853]]","[[190, 155], [166, 151]]"
disclosure_x_bias,65,init_knn1,TD_U,log_loss,1.1472841160959244e-07,7.74304127626183,1.0,0.5151741293532338,4.448032238583642e-10,0.5310943844628612,0.0,0.033202332554105735,"[[3105, 0], [0, 2853]]","[[190, 155], [166, 151]]"
disclosure_x_bias,66,init_knn1,TD_U,log_loss,1.1469422065296683e-07,7.742960165052797,1.0,0.5151741293532338,4.45163782184468e-10,0.5313862789772151,0.0,0.033202332554105735,"[[3105, 0], [0, 2853]]","[[190, 155], [166, 151]]"
disclosure_x_bias,67,init_knn1,TD_U,log_loss,1.1466137379073932e-07,7.743160943026103,1.0,0.5151741293532338,4.465808315569898e-10,0.5312655026870978,0.0,0.033202332554105735,"[[3105, 0], [0, 2853]]","[[190, 155], [166, 151]]"
disclosure_x_bias,68,init_knn1,TD_U,log_loss,1.1462782458737438e-07,7.743212723582056,1.0,0.5151741293532338,4.4921644119436183e-10,0.5310521023566614,0.0,0.033202332554105735,"[[3105, 0], [0, 2853]]","[[190, 155], [166, 151]]"
disclosure_x_bias,69,init_knn1,TD_U,log_loss,1.1459428148335333e-07,7.743368969686062,1.0,0.5151741293532338,4.484358209613681e-10,0.5309262030198494,0.0,0.033202332554105735,"[[3105, 0], [0, 2853]]","[[190, 155], [166, 151]]"
disclosure_x_bias,70,init_knn1,TD_U,log_loss,1.145611221275464e-07,7.743093412106687,1.0,0.5151741293532338,4.457100788311645e-10,0.5310078176988559,0.0,0.033202332554105735,"[[3105, 0], [0, 2853]]","[[190, 155], [166, 151]]"
disclosure_x_bias,71,init_knn1,TD_U,log_loss,1.1452571705175178e-07,7.743411008423361,1.0,0.5151741293532338,4.4405796869991555e-10,0.5310969674510866,0.0,0.033202332554105735,"[[3105, 0], [0, 2853]]","[[190, 155], [166, 151]]"
disclosure_x_bias,72,init_knn1,TD_U,log_loss,1.1448973845418112e-07,7.743293058493698,1.0,0.5151741293532338,4.4468253453132534e-10,0.5310203221468814,0.0,0.033202332554105735,"[[3105, 0], [0, 2853]]","[[190, 155], [166, 151]]"
disclosure_x_bias,73,init_knn1,TD_U,log_loss,1.1445926191531713e-07,7.743412660457727,1.0,0.5151741293532338,4.4908680267702303e-10,0.5310824547312611,0.0,0.033202332554105735,"[[3105, 0], [0, 2853]]","[[190, 155], [166, 151]]"
disclosure_x_bias,74,init_knn1,TD_U,log_loss,1.1442947111430669e-07,7.743363812443597,1.0,0.5151741293532338,4.5056046999726867e-10,0.5310706878072674,0.0,0.033202332554105735,"[[3105, 0], [0, 2853]]","[[190, 155], [166, 151]]"
disclosure_x_bias,75,init_knn1,TD_U,log_loss,1.1440097389465154e-07,7.743470944631122,1.0,0.5151741293532338,4.5199067264755383e-10,0.5310958529320267,0.0,0.033202332554105735,"[[3105, 0], [0, 2853]]","[[190, 155], [166, 151]]"
disclosure_x_bias,76,init_knn1,TD_U,log_loss,1.1436903116956038e-07,7.743449892581529,1.0,0.5151741293532338,4.5075662771562047e-10,0.5309818840961769,0.0,0.033202332554105735,"[[3105, 0], [0, 2853]]","[[190, 155], [166, 151]]"
disclosure_x_bias,77,init_knn1,TD_U,log_loss,1.1433913726324841e-07,7.743499407258257,1.0,0.5151741293532338,4.50525999522402e-10,0.5312557038825219,0.0,0.033202332554105735,"[[3105, 0], [0, 2853]]","[[190, 155], [166, 151]]"
disclosure_x_bias,78,init_knn1,TD_U,log_loss,1.1431161996088796e-07,7.743907201907069,1.0,0.5151741293532338,4.5133990032808184e-10,0.5310571348500054,0.0,0.033202332554105735,"[[3105, 0], [0, 2853]]","[[190, 155], [166, 151]]"
disclosure_x_bias,79,init_knn1,TD_U,log_loss,1.1426989806382717e-07,7.74418567603319,1.0,0.5151741293532338,4.593074813939451e-10,0.5306546988466676,0.0,0.033202332554105735,"[[3105, 0], [0, 2853]]","[[190, 155], [166, 151]]"
disclosure_x_bias,80,init_knn1,TD_U,log_loss,1.1423588431056411e-07,7.7441951594544705,1.0,0.5151741293532338,4.6380048621464967e-10,0.5307101662503007,0.0,0.033202332554105735,"[[3105, 0], [0, 2853]]","[[190, 155], [166, 151]]"
disclosure_x_bias,81,init_knn1,TD_U,log_loss,1.1420745144743707e-07,7.74411258177336,1.0,0.5151741293532338,4.64850224302805e-10,0.5307155259352104,0.0,0.033202332554105735,"[[3105, 0], [0, 2853]]","[[190, 155], [166, 151]]"
disclosure_x_bias,82,init_knn1,TD_U,log_loss,1.1417994277164935e-07,7.744100230887734,1.0,0.5151741293532338,4.655596667774135e-10,0.530730910898178,0.0,0.033202332554105735,"[[3105, 0], [0, 2853]]","[[190, 155], [166, 151]]"
disclosure_x_bias,83,init_knn1,TD_U,log_loss,1.1415134872179328e-07,7.744225201262364,1.0,0.5151741293532338,4.669212267249759e-10,0.5306591825648201,0.0,0.033202332554105735,"[[3105, 0], [0, 2853]]","[[190, 155], [166, 151]]"
disclosure_x_bias,84,init_knn1,TD_U,log_loss,1.1412371079544367e-07,7.744367858491984,1.0,0.5151741293532338,4.684871043812228e-10,0.5309107362621912,0.0,0.033202332554105735,"[[3105, 0], [0, 2853]]","[[190, 155], [166, 151]]"
disclosure_x_bias,85,init_knn1,TD_U,log_loss,1.1409440170948218e-07,7.74432101917063,1.0,0.5151741293532338,4.739137480801162e-10,0.5307378008202247,0.0,0.033202332554105735,"[[3105, 0], [0, 2853]]","[[190, 155], [166, 151]]"
disclosure_x_bias,86,init_knn1,TD_U,log_loss,1.1406660841033031e-07,7.744308489600551,1.0,0.5151741293532338,4.759771026539693e-10,0.5305589143811686,0.0,0.033202332554105735,"[[3105, 0], [0, 2853]]","[[190, 155], [166, 151]]"
disclosure_x_bias,87,init_knn1,TD_U,log_loss,1.1403773291273828e-07,7.744387445011964,1.0,0.5151741293532338,4.732373146962741e-10,0.5306997359309265,0.0,0.033202332554105735,"[[3105, 0], [0, 2853]]","[[190, 155], [166, 151]]"
disclosure_x_bias,88,init_knn1,TD_U,log_loss,1.1401107733479331e-07,7.74446624124145,1.0,0.5151741293532338,4.736149309587483e-10,0.5309225127616155,0.0,0.033202332554105735,"[[3105, 0], [0, 2853]]","[[190, 155], [166, 151]]"
disclosure_x_bias,89,init_knn1,TD_U,log_loss,1.1398266183701102e-07,7.744328353616963,1.0,0.5151741293532338,4.752381086113116e-10,0.530936891085691,0.0,0.033202332554105735,"[[3105, 0], [0, 2853]]","[[190, 155], [166, 151]]"
disclosure_x_bias,90,init_knn1,TD_U,log_loss,1.1395283162431253e-07,7.744543785528352,1.0,0.5151741293532338,4.749102941389217e-10,0.530612649690962,0.0,0.033202332554105735,"[[3105, 0], [0, 2853]]","[[190, 155], [166, 151]]"
disclosure_x_bias,91,init_knn1,TD_U,log_loss,1.1392686262854158e-07,7.744638495645903,1.0,0.5151741293532338,4.754208276929737e-10,0.530658176197921,0.0,0.033202332554105735,"[[3105, 0], [0, 2853]]","[[190, 155], [166, 151]]"
disclosure_x_bias,92,init_knn1,TD_U,log_loss,1.1390000205238385e-07,7.744658391286656,1.0,0.5151741293532338,4.715913433020079e-10,0.5306790619200757,0.0,0.033202332554105735,"[[3105, 0], [0, 2853]]","[[190, 155], [166, 151]]"
disclosure_x_bias,93,init_knn1,TD_U,log_loss,1.1387523420531026e-07,7.745077262591133,1.0,0.5151741293532338,4.733292570059005e-10,0.5305276762269135,0.0,0.033202332554105735,"[[3105, 0], [0, 2853]]","[[190, 155], [166, 151]]"
disclosure_x_bias,94,init_knn1,TD_U,log_loss,1.1384740781840757e-07,7.744941317561486,1.0,0.5151741293532338,4.795346912012989e-10,0.5305982064496239,0.0,0.033202332554105735,"[[3105, 0], [0, 2853]]","[[190, 155], [166, 151]]"
disclosure_x_bias,95,init_knn1,TD_U,log_loss,1.1382496822998897e-07,7.7450242188516825,1.0,0.5151741293532338,4.810205989576127e-10,0.5308168646444456,0.0,0.033202332554105735,"[[3105, 0], [0, 2853]]","[[190, 155], [166, 151]]"
disclosure_x_bias,96,init_knn1,TD_U,log_loss,1.1379930216668741e-07,7.744876801077245,1.0,0.5151741293532338,4.806490337051976e-10,0.5307938383146569,0.0,0.033202332554105735,"[[3105, 0], [0, 2853]]","[[190, 155], [166, 151]]"
disclosure_x_bias,97,init_knn1,TD_U,log_loss,1.1377281780317242e-07,7.745055236541444,1.0,0.5151741293532338,4.801233074104522e-10,0.530836132886054,0.0,0.033202332554105735,"[[3105, 0], [0, 2853]]","[[190, 155], [166, 151]]"
disclosure_x_bias,98,init_knn1,TD_U,log_loss,1.1374560417404884e-07,7.745226238969698,1.0,0.5151741293532338,4.791734300918997e-10,0.5308607816279185,0.0,0.033202332554105735,"[[3105, 0], [0, 2853]]","[[190, 155], [166, 151]]"
disclosure_x_bias,99,init_knn1,TD_U,log_loss,1.1372168268994693e-07,7.745252630671791,1.0,0.5151741293532338,4.798419967217379e-10,0.531047304744841,0.0,0.033202332554105735,"[[3105, 0], [0, 2853]]","[[190, 155], [166, 151]]"
disclosure_x_bias,100,init_knn1,TD_U,log_loss,1.1369508787478443e-07,7.7452174369367786,1.0,0.5151741293532338,4.803528021973768e-10,0.5309000906498261,0.0,0.033202332554105735,"[[3105, 0], [0, 2853]]","[[190, 155], [166, 151]]"
disclosure_x_bias,101,init_knn1,TD_U,log_loss,1.1366942739698082e-07,7.7451681742951966,1.0,0.5151741293532338,4.798775742984365e-10,0.5307768657339151,0.0,0.033202332554105735,"[[3105, 0], [0, 2853]]","[[190, 155], [166, 151]]"
disclosure_x_bias,102,init_knn1,TD_U,log_loss,1.1363956998966769e-07,7.745537392380163,1.0,0.5151741293532338,4.85790189042251e-10,0.5305737488822715,0.0,0.033202332554105735,"[[3105, 0], [0, 2853]]","[[190, 155], [166, 151]]"
disclosure_x_bias,103,init_knn1,TD_U,log_loss,1.1361476841440799e-07,7.745708590186213,1.0,0.5151741293532338,4.853689938534356e-10,0.5306971855317009,0.0,0.033202332554105735,"[[3105, 0], [0, 2853]]","[[190, 155], [166, 151]]"
disclosure_x_bias,104,init_knn1,TD_U,log_loss,1.135867259638173e-07,7.74561402465554,1.0,0.5151741293532338,4.873271901151462e-10,0.5307271025848155,0.0,0.033202332554105735,"[[3105, 0], [0, 2853]]","[[190, 155], [166, 151]]"
disclosure_x_bias,105,init_knn1,TD_U,log_loss,1.1356499664951362e-07,7.745641256003071,1.0,0.5151741293532338,4.873272357231878e-10,0.5307516393368907,0.0,0.033202332554105735,"[[3105, 0], [0, 2853]]","[[190, 155], [166, 151]]"
disclosure_x_bias,106,init_knn1,TD_U,log_loss,1.1354430196441894e-07,7.745636403788569,1.0,0.5151741293532338,4.875456678540433e-10,0.5305740894197633,0.0,0.033202332554105735,"[[3105, 0], [0, 2853]]","[[190, 155], [166, 151]]"
disclosure_x_bias,107,init_knn1,TD_U,log_loss,1.1352277630799938e-07,7.745900952673409,1.0,0.5151741293532338,4.878098128329747e-10,0.5304918332891879,0.0,0.033202332554105735,"[[3105, 0], [0, 2853]]","[[190, 155], [166, 151]]"
disclosure_x_bias,108,init_knn1,TD_U,log_loss,1.1349982646006879e-07,7.746143610282258,1.0,0.5151741293532338,4.884205251885084e-10,0.5304200841307736,0.0,0.033202332554105735,"[[3105, 0], [0, 2853]]","[[190, 155], [166, 151]]"
disclosure_x_bias,109,init_knn1,TD_U,log_loss,1.1347521937710953e-07,7.7463082978827655,1.0,0.5151741293532338,4.924917664528557e-10,0.53043241481295,0.0,0.033202332554105735,"[[3105, 0], [0, 2853]]","[[190, 155], [166, 151]]"
disclosure_x_bias,110,init_knn1,TD_U,log_loss,1.134527095441149e-07,7.746430751684993,1.0,0.5151741293532338,4.928795893200501e-10,0.5305232513749492,0.0,0.033202332554105735,"[[3105, 0], [0, 2853]]","[[190, 155], [166, 151]]"
disclosure_x_bias,111,init_knn1,TD_U,log_loss,1.1342950561246136e-07,7.746647134369749,1.0,0.5151741293532338,4.977407695282575e-10,0.5303176470639317,0.0,0.033202332554105735,"[[3105, 0], [0, 2853]]","[[190, 155], [166, 151]]"
disclosure_x_bias,112,init_knn1,TD_U,log_loss,1.1340712395355339e-07,7.746728073831212,1.0,0.5151741293532338,4.962672213892151e-10,0.5303227884845325,0.0,0.033202332554105735,"[[3105, 0], [0, 2853]]","[[190, 155], [166, 151]]"
disclosure_x_bias,113,init_knn1,TD_U,log_loss,1.1338565371937798e-07,7.746764887885824,1.0,0.5151741293532338,4.96034219295965e-10,0.530535644907824,0.0,0.033202332554105735,"[[3105, 0], [0, 2853]]","[[190, 155], [166, 151]]"
disclosure_x_bias,114,init_knn1,TD_U,log_loss,1.1336640026969572e-07,7.746728351274035,1.0,0.5151741293532338,4.9708412179292e-10,0.5304341466961973,0.0,0.033202332554105735,"[[3105, 0], [0, 2853]]","[[190, 155], [166, 151]]"
disclosure_x_bias,115,init_knn1,TD_U,log_loss,1.1334418737594787e-07,7.746683874849053,1.0,0.5151741293532338,5.006102564025311e-10,0.5305918171935673,0.0,0.033202332554105735,"[[3105, 0], [0, 2853]]","[[190, 155], [166, 151]]"
disclosure_x_bias,116,init_knn1,TD_U,log_loss,1.133233658665988e-07,7.746788423750199,1.0,0.5151741293532338,5.007345483086175e-10,0.5308843849712287,0.0,0.033202332554105735,"[[3105, 0], [0, 2853]]","[[190, 155], [166, 151]]"
disclosure_x_bias,117,init_knn1,TD_U,log_loss,1.1330398743017334e-07,7.746877184092251,1.0,0.5151741293532338,5.013604785861878e-10,0.5306627670651474,0.0,0.033202332554105735,"[[3105, 0], [0, 2853]]","[[190, 155], [166, 151]]"
disclosure_x_bias,118,init_knn1,TD_U,log_loss,1.1328202066151149e-07,7.74689320275313,1.0,0.5151741293532338,5.013550678474533e-10,0.5307017964109007,0.0,0.033202332554105735,"[[3105, 0], [0, 2853]]","[[190, 155], [166, 151]]"
disclosure_x_bias,119,init_knn1,TD_U,log_loss,1.1326020806352502e-07,7.746973972843111,1.0,0.5151741293532338,5.011608439571204e-10,0.5307354726308867,0.0,0.033202332554105735,"[[3105, 0], [0, 2853]]","[[190, 155], [166, 151]]"
disclosure_x_bias,120,init_knn1,TD_U,log_loss,1.1323615605261773e-07,7.747067773433166,1.0,0.5151741293532338,4.989963457214793e-10,0.5309314648234026,0.0,0.033202332554105735,"[[3105, 0], [0, 2853]]","[[190, 155], [166, 151]]"
disclosure_x_bias,121,init_knn1,TD_U,log_loss,1.1321077169507588e-07,7.747057230568591,1.0,0.5151741293532338,5.023674420334971e-10,0.5311207011501262,0.0,0.033202332554105735,"[[3105, 0], [0, 2853]]","[[190, 155], [166, 151]]"
disclosure_x_bias,122,init_knn1,TD_U,log_loss,1.1318849606321581e-07,7.7470484348822195,1.0,0.5151741293532338,5.044523631006662e-10,0.5310764312466438,0.0,0.033202332554105735,"[[3105, 0], [0, 2853]]","[[190, 155], [166, 151]]"
disclosure_x_bias,123,init_knn1,TD_U,log_loss,1.1316881501329438e-07,7.747073014738794,1.0,0.5151741293532338,5.037044529382294e-10,0.5312021127682114,0.0,0.033202332554105735,"[[3105, 0], [0, 2853]]","[[190, 155], [166, 151]]"
disclosure_x_bias,124,init_knn1,TD_U,log_loss,1.1314785390772905e-07,7.747115860728132,1.0,0.5151741293532338,5.034944458749586e-10,0.531296622255588,0.0,0.033202332554105735,"[[3105, 0], [0, 2853]]","[[190, 155], [166, 151]]"
disclosure_x_bias,125,init_knn1,TD_U,log_loss,1.1312913011022364e-07,7.7471926136011735,1.0,0.5151741293532338,5.039563846827386e-10,0.5313209916675237,0.0,0.033202332554105735,"[[3105, 0], [0, 2853]]","[[190, 155], [166, 151]]"
disclosure_x_bias,126,init_knn1,TD_U,log_loss,1.1311103997320897e-07,7.74726432584824,1.0,0.5151741293532338,5.045501782510162e-10,0.5314320109591611,0.0,0.033202332554105735,"[[3105, 0], [0, 2853]]","[[190, 155], [166, 151]]"
disclosure_x_bias,127,init_knn1,TD_U,log_loss,1.1309241872704591e-07,7.747122208575464,1.0,0.5151741293532338,5.045709768433762e-10,0.531385259248661,0.0,0.033202332554105735,"[[3105, 0], [0, 2853]]","[[190, 155], [166, 151]]"
disclosure_x_bias,128,init_knn1,TD_U,log_loss,1.1307370242236133e-07,7.747169047323919,1.0,0.5151741293532338,5.048109737341633e-10,0.5313109263961748,0.0,0.033202332554105735,"[[3105, 0], [0, 2853]]","[[190, 155], [166, 151]]"
disclosure_x_bias,129,init_knn1,TD_U,log_loss,1.1305475056067114e-07,7.746941091392772,1.0,0.5151741293532338,5.043782354270734e-10,0.531312411659159,0.0,0.033202332554105735,"[[3105, 0], [0, 2853]]","[[190, 155], [166, 151]]"
disclosure_x_bias,130,init_knn1,TD_U,log_loss,1.1303293027971361e-07,7.746931081706267,1.0,0.5151741293532338,4.99086669814921e-10,0.5311760062448081,0.0,0.033202332554105735,"[[3105, 0], [0, 2853]]","[[190, 155], [166, 151]]"
disclosure_x_bias,131,init_knn1,TD_U,log_loss,1.1301240152091794e-07,7.7470321874188866,1.0,0.5151741293532338,4.982802182813688e-10,0.5314353873237332,0.0,0.033202332554105735,"[[3105, 0], [0, 2853]]","[[190, 155], [166, 151]]"
disclosure_x_bias,132,init_knn1,TD_U,log_loss,1.1299186529837675e-07,7.747013660639792,1.0,0.5151741293532338,4.972488960307433e-10,0.5313868890785299,0.0,0.033202332554105735,"[[3105, 0], [0, 2853]]","[[190, 155], [166, 151]]"
disclosure_x_bias,133,init_knn1,TD_U,log_loss,1.1297085287699351e-07,7.74717008268162,1.0,0.5151741293532338,4.97295214958437e-10,0.5313901292216965,0.0,0.033202332554105735,"[[3105, 0], [0, 2853]]","[[190, 155], [166, 151]]"
disclosure_x_bias,134,init_knn1,TD_U,log_loss,1.1295142218703643e-07,7.746969577248743,1.0,0.5151741293532338,4.98332497545768e-10,0.5313380264966967,0.0,0.033202332554105735,"[[3105, 0], [0, 2853]]","[[190, 155], [166, 151]]"
disclosure_x_bias,135,init_knn1,TD_U,log_loss,1.1292597551899113e-07,7.746910041384503,1.0,0.5151741293532338,5.019720781185939e-10,0.5314311483459311,0.0,0.033202332554105735,"[[3105, 0], [0, 2853]]","[[190, 155], [166, 151]]"
disclosure_x_bias,136,init_knn1,TD_U,log_loss,1.1290684192407188e-07,7.747119537063389,1.0,0.5151741293532338,5.01405650118775e-10,0.5315470093468679,0.0,0.033202332554105735,"[[3105, 0], [0, 2853]]","[[190, 155], [166, 151]]"
disclosure_x_bias,137,init_knn1,TD_U,log_loss,1.128837838268134e-07,7.747301704764228,1.0,0.5151741293532338,5.101506163947361e-10,0.5312549343600509,0.0,0.033202332554105735,"[[3105, 0], [0, 2853]]","[[190, 155], [166, 151]]"
disclosure_x_bias,138,init_knn1,TD_U,log_loss,1.1286615776392045e-07,7.7473536207993146,1.0,0.5151741293532338,5.104580231272127e-10,0.5313970571629648,0.0,0.033202332554105735,"[[3105, 0], [0, 2853]]","[[190, 155], [166, 151]]"
disclosure_x_bias,139,init_knn1,TD_U,log_loss,1.1284600116211478e-07,7.747362637296521,1.0,0.5151741293532338,5.110021145191073e-10,0.530995767921327,0.0,0.033202332554105735,"[[3105, 0], [0, 2853]]","[[190, 155], [166, 151]]"
disclosure_x_bias,140,init_knn1,TD_U,log_loss,1.1282701406922531e-07,7.747427138235146,1.0,0.5151741293532338,5.114747697615241e-10,0.5312922768945472,0.0,0.033202332554105735,"[[3105, 0], [0, 2853]]","[[190, 155], [166, 151]]"
disclosure_x_bias,141,init_knn1,TD_U,log_loss,1.1280965915591465e-07,7.747276613970247,1.0,0.5151741293532338,5.114501815155084e-10,0.5312373047497353,0.0,0.033202332554105735,"[[3105, 0], [0, 2853]]","[[190, 155], [166, 151]]"
disclosure_x_bias,142,init_knn1,TD_U,log_loss,1.1278985330922877e-07,7.747370428243282,1.0,0.5151741293532338,5.109730955661247e-10,0.5313404446986753,0.0,0.033202332554105735,"[[3105, 0], [0, 2853]]","[[190, 155], [166, 151]]"
disclosure_x_bias,143,init_knn1,TD_U,log_loss,1.1277247987343562e-07,7.747382519620366,1.0,0.5151741293532338,5.111248156709243e-10,0.5312324702709097,0.0,0.033202332554105735,"[[3105, 0], [0, 2853]]","[[190, 155], [166, 151]]"
disclosure_x_bias,144,init_knn1,TD_U,log_loss,1.1275426896841572e-07,7.74746145522266,1.0,0.5151741293532338,5.118785265935402e-10,0.5313814130886728,0.0,0.033202332554105735,"[[3105, 0], [0, 2853]]","[[190, 155], [166, 151]]"
disclosure_x_bias,145,init_knn1,TD_U,log_loss,1.1273292353903677e-07,7.747395898144077,1.0,0.5151741293532338,5.084677329294498e-10,0.5312497298458806,0.0,0.033202332554105735,"[[3105, 0], [0, 2853]]","[[190, 155], [166, 151]]"
disclosure_x_bias,146,init_knn1,TD_U,log_loss,1.1271161141125022e-07,7.747290606850631,1.0,0.5151741293532338,5.124386658578414e-10,0.5315985652037919,0.0,0.033202332554105735,"[[3105, 0], [0, 2853]]","[[190, 155], [166, 151]]"
disclosure_x_bias,147,init_knn1,TD_U,log_loss,1.1269240612014543e-07,7.747268623288818,1.0,0.5151741293532338,5.164713626059988e-10,0.5315661822094475,0.0,0.033202332554105735,"[[3105, 0], [0, 2853]]","[[190, 155], [166, 151]]"
disclosure_x_bias,148,init_knn1,TD_U,log_loss,1.1267555866337195e-07,7.747394243624152,1.0,0.5151741293532338,5.162905059517181e-10,0.5316651896436169,0.0,0.033202332554105735,"[[3105, 0], [0, 2853]]","[[190, 155], [166, 151]]"
disclosure_x_bias,149,init_knn1,TD_U,log_loss,1.1265658892907528e-07,7.7474695165918375,1.0,0.5151741293532338,5.149161541985766e-10,0.5316164929956803,0.0,0.033202332554105735,"[[3105, 0], [0, 2853]]","[[190, 155], [166, 151]]"
disclosure_x_bias,150,init_knn1,TD_U,log_loss,1.1263450917505134e-07,7.747395337088956,1.0,0.5151741293532338,5.133251658059871e-10,0.5315832203160775,0.0,0.033202332554105735,"[[3105, 0], [0, 2853]]","[[190, 155], [166, 151]]"
disclosure_x_bias,151,init_knn1,TD_U,log_loss,1.1261605662011409e-07,7.747523379039757,1.0,0.5151741293532338,5.123224834221831e-10,0.5315660462150356,0.0,0.033202332554105735,"[[3105, 0], [0, 2853]]","[[190, 155], [166, 151]]"
disclosure_x_bias,152,init_knn1,TD_U,log_loss,1.1259784070897662e-07,7.747556397960119,1.0,0.5151741293532338,5.113161532211795e-10,0.5316600955841452,0.0,0.033202332554105735,"[[3105, 0], [0, 2853]]","[[190, 155], [166, 151]]"
disclosure_x_bias,153,init_knn1,TD_U,log_loss,1.1257874301905633e-07,7.747698139194496,1.0,0.5151741293532338,5.089725887543059e-10,0.5316791027572035,0.0,0.033202332554105735,"[[3105, 0], [0, 2853]]","[[190, 155], [166, 151]]"
disclosure_x_bias,154,init_knn1,TD_U,log_loss,1.1256100351784313e-07,7.7479277601806285,1.0,0.5151741293532338,5.086696102902734e-10,0.5318378056137627,0.0,0.033202332554105735,"[[3105, 0], [0, 2853]]","[[190, 155], [166, 151]]"
disclosure_x_bias,155,init_knn1,TD_U,log_loss,1.1254437819789805e-07,7.747785970368445,1.0,0.5151741293532338,5.093433169600007e-10,0.5317664330773405,0.0,0.033202332554105735,"[[3105, 0], [0, 2853]]","[[190, 155], [166, 151]]"
disclosure_x_bias,156,init_knn1,TD_U,log_loss,1.1252621678531614e-07,7.7478275757711215,1.0,0.5151741293532338,5.094275815294697e-10,0.531811290599654,0.0,0.033202332554105735,"[[3105, 0], [0, 2853]]","[[190, 155], [166, 151]]"
disclosure_x_bias,157,init_knn1,TD_U,log_loss,1.1250884716159548e-07,7.747850150347871,1.0,0.5151741293532338,5.105752652329893e-10,0.531943423483878,0.0,0.033202332554105735,"[[3105, 0], [0, 2853]]","[[190, 155], [166, 151]]"
disclosure_x_bias,158,init_knn1,TD_U,log_loss,1.1248989328243299e-07,7.747769669044457,1.0,0.5151741293532338,5.115027725759181e-10,0.5318439790896744,0.0,0.033202332554105735,"[[3105, 0], [0, 2853]]","[[190, 155], [166, 151]]"
disclosure_x_bias,159,init_knn1,TD_U,log_loss,1.1247148670381854e-07,7.747761094390327,1.0,0.5151741293532338,5.112317216526871e-10,0.5319233977512516,0.0,0.033202332554105735,"[[3105, 0], [0, 2853]]","[[190, 155], [166, 151]]"
disclosure_x_bias,160,init_knn1,TD_U,log_loss,1.1245226051919175e-07,7.747830595734472,1.0,0.5151741293532338,5.110455297640964e-10,0.5319044800196123,0.0,0.033202332554105735,"[[3105, 0], [0, 2853]]","[[190, 155], [166, 151]]"
disclosure_x_bias,161,init_knn1,TD_U,log_loss,1.1243575228241867e-07,7.747881305372793,1.0,0.5151741293532338,5.107675876567203e-10,0.5319442113408456,0.0,0.033202332554105735,"[[3105, 0], [0, 2853]]","[[190, 155], [166, 151]]"
disclosure_x_bias,162,init_knn1,TD_U,log_loss,1.1241920147936036e-07,7.7479013954591025,1.0,0.5151741293532338,5.107301566560944e-10,0.5320437770865157,0.0,0.033202332554105735,"[[3105, 0], [0, 2853]]","[[190, 155], [166, 151]]"
disclosure_x_bias,163,init_knn1,TD_U,log_loss,1.1240045116868162e-07,7.7479065972497505,1.0,0.5151741293532338,5.145398058933452e-10,0.5321415948218933,0.0,0.033202332554105735,"[[3105, 0], [0, 2853]]","[[190, 155], [166, 151]]"
disclosure_x_bias,164,init_knn1,TD_U,log_loss,1.1238425749693411e-07,7.748022794844507,1.0,0.5151741293532338,5.144366954492369e-10,0.5321722561976588,0.0,0.033202332554105735,"[[3105, 0], [0, 2853]]","[[190, 155], [166, 151]]"
disclosure_x_bias,165,init_knn1,TD_U,log_loss,1.1236813366469315e-07,7.74785787214868,1.0,0.5151741293532338,5.144386247787983e-10,0.5321650202123135,0.0,0.033202332554105735,"[[3105, 0], [0, 2853]]","[[190, 155], [166, 151]]"
disclosure_x_bias,166,init_knn1,TD_U,log_loss,1.12347282617356e-07,7.747906866116189,1.0,0.5151741293532338,5.12234422685119e-10,0.5320512031698005,0.0,0.033202332554105735,"[[3105, 0], [0, 2853]]","[[190, 155], [166, 151]]"
disclosure_x_bias,167,init_knn1,TD_U,log_loss,1.1233135106196062e-07,7.74790532146424,1.0,0.5151741293532338,5.123043232104133e-10,0.5319374559551938,0.0,0.033202332554105735,"[[3105, 0], [0, 2853]]","[[190, 155], [166, 151]]"
disclosure_x_bias,168,init_knn1,TD_U,log_loss,1.123148640067154e-07,7.748058690361726,1.0,0.5151741293532338,5.124259333417702e-10,0.5316700810417109,0.0,0.033202332554105735,"[[3105, 0], [0, 2853]]","[[190, 155], [166, 151]]"
disclosure_x_bias,169,init_knn1,TD_U,log_loss,1.1229905006975638e-07,7.7480924547996395,1.0,0.5151741293532338,5.12248913091632e-10,0.5318233347156769,0.0,0.033202332554105735,"[[3105, 0], [0, 2853]]","[[190, 155], [166, 151]]"
disclosure_x_bias,170,init_knn1,TD_U,log_loss,1.1228108170904003e-07,7.74807478180153,1.0,0.5151741293532338,5.108450855805592e-10,0.5316362039230973,0.0,0.033202332554105735,"[[3105, 0], [0, 2853]]","[[190, 155], [166, 151]]"
disclosure_x_bias,171,init_knn1,TD_U,log_loss,1.1226475668987422e-07,7.7482726274194444,1.0,0.5151741293532338,5.11347405101897e-10,0.5318944872506803,0.0,0.033202332554105735,"[[3105, 0], [0, 2853]]","[[190, 155], [166, 151]]"
disclosure_x_bias,172,init_knn1,TD_U,log_loss,1.1224853323547122e-07,7.748058004408655,1.0,0.5151741293532338,5.11852099604939e-10,0.531784118210965,0.0,0.033202332554105735,"[[3105, 0], [0, 2853]]","[[190, 155], [166, 151]]"
disclosure_x_bias,173,init_knn1,TD_U,log_loss,1.1222902261065054e-07,7.748210660408253,1.0,0.5151741293532338,5.113839031017665e-10,0.5318198686010882,0.0,0.033202332554105735,"[[3105, 0], [0, 2853]]","[[190, 155], [166, 151]]"
disclosure_x_bias,174,init_knn1,TD_U,log_loss,1.1221253181675113e-07,7.748117922032367,1.0,0.5151741293532338,5.110856670411869e-10,0.5319376286859732,0.0,0.033202332554105735,"[[3105, 0], [0, 2853]]","[[190, 155], [166, 151]]"
disclosure_x_bias,175,init_knn1,TD_U,log_loss,1.1219673840656807e-07,7.748145788068891,1.0,0.5151741293532338,5.108872630382709e-10,0.5318831258571632,0.0,0.033202332554105735,"[[3105, 0], [0, 2853]]","[[190, 155], [166, 151]]"
disclosure_x_bias,176,init_knn1,TD_U,log_loss,1.1217934217120031e-07,7.7480894371799565,1.0,0.5151741293532338,5.095050438856463e-10,0.531850909107042,0.0,0.033202332554105735,"[[3105, 0], [0, 2853]]","[[190, 155], [166, 151]]"
disclosure_x_bias,177,init_knn1,TD_U,log_loss,1.1216320469343385e-07,7.748219394038213,1.0,0.5151741293532338,5.092782124727448e-10,0.5319162096898361,0.0,0.033202332554105735,"[[3105, 0], [0, 2853]]","[[190, 155], [166, 151]]"
disclosure_x_bias,178,init_knn1,TD_U,log_loss,1.1214508894868718e-07,7.748314048526579,1.0,0.5151741293532338,5.110052874856269e-10,0.531845910786144,0.0,0.033202332554105735,"[[3105, 0], [0, 2853]]","[[190, 155], [166, 151]]"
disclosure_x_bias,179,init_knn1,TD_U,log_loss,1.1212657036526367e-07,7.748356632590308,1.0,0.5151741293532338,5.123016398824207e-10,0.5319613765972028,0.0,0.033202332554105735,"[[3105, 0], [0, 2853]]","[[190, 155], [166, 151]]"
disclosure_x_bias,180,init_knn1,TD_U,log_loss,1.1210914275164597e-07,7.748422758791523,1.0,0.5151741293532338,5.129435344389018e-10,0.5319494882822006,0.0,0.033202332554105735,"[[3105, 0], [0, 2853]]","[[190, 155], [166, 151]]"
disclosure_x_bias,181,init_knn1,TD_U,log_loss,1.1209374578981389e-07,7.748544162707974,1.0,0.5151741293532338,5.130935190522234e-10,0.5320980759425916,0.0,0.033202332554105735,"[[3105, 0], [0, 2853]]","[[190, 155], [166, 151]]"
disclosure_x_bias,182,init_knn1,TD_U,log_loss,1.1207712041406118e-07,7.74845768378824,1.0,0.5151741293532338,5.110484319678508e-10,0.5319918809921923,0.0,0.033202332554105735,"[[3105, 0], [0, 2853]]","[[190, 155], [166, 151]]"
disclosure_x_bias,183,init_knn1,TD_U,log_loss,1.1206203102679956e-07,7.7486725814478365,1.0,0.5151741293532338,5.11634222501743e-10,0.5321568187135924,0.0,0.033202332554105735,"[[3105, 0], [0, 2853]]","[[190, 155], [166, 151]]"
disclosure_x_bias,184,init_knn1,TD_U,log_loss,1.1204533327007083e-07,7.748603654479888,1.0,0.5151741293532338,5.125880787062105e-10,0.5321046418627624,0.0,0.033202332554105735,"[[3105, 0], [0, 2853]]","[[190, 155], [166, 151]]"
disclosure_x_bias,185,init_knn1,TD_U,log_loss,1.1203045626692122e-07,7.748608806800331,1.0,0.5151741293532338,5.129082638506666e-10,0.5321826299733661,0.0,0.033202332554105735,"[[3105, 0], [0, 2853]]","[[190, 155], [166, 151]]"
disclosure_x_bias,186,init_knn1,TD_U,log_loss,1.1201540806156168e-07,7.748566179705648,1.0,0.5151741293532338,5.134530517683905e-10,0.5322762448167789,0.0,0.033202332554105735,"[[3105, 0], [0, 2853]]","[[190, 155], [166, 151]]"
disclosure_x_bias,187,init_knn1,TD_U,log_loss,1.1199674634537345e-07,7.749028968005824,1.0,0.5151741293532338,5.227245618866993e-10,0.5321332445368631,0.0,0.033202332554105735,"[[3105, 0], [0, 2853]]","[[190, 155], [166, 151]]"
disclosure_x_bias,188,init_knn1,TD_U,log_loss,1.119817080658275e-07,7.74885680588889,1.0,0.5151741293532338,5.22894936692407e-10,0.5321109165664574,0.0,0.033202332554105735,"[[3105, 0], [0, 2853]]","[[190, 155], [166, 151]]"
disclosure_x_bias,189,init_knn1,TD_U,log_loss,1.1196244839707845e-07,7.748854040356544,1.0,0.5151741293532338,5.180876801503453e-10,0.532215160067635,0.0,0.033202332554105735,"[[3105, 0], [0, 2853]]","[[190, 155], [166, 151]]"
disclosure_x_bias,190,init_knn1,TD_U,log_loss,1.1194535302589272e-07,7.748915590201564,1.0,0.5151741293532338,5.162489612849978e-10,0.5322106924468084,0.0,0.033202332554105735,"[[3105, 0], [0, 2853]]","[[190, 155], [166, 151]]"
disclosure_x_bias,191,init_knn1,TD_U,log_loss,1.1192854982323622e-07,7.749013531592402,1.0,0.5151741293532338,5.175906890873266e-10,0.5323610201017175,0.0,0.033202332554105735,"[[3105, 0], [0, 2853]]","[[190, 155], [166, 151]]"
disclosure_x_bias,192,init_knn1,TD_U,log_loss,1.1191347930753615e-07,7.748784996724474,1.0,0.5151741293532338,5.182238908371039e-10,0.5322611034148965,0.0,0.033202332554105735,"[[3105, 0], [0, 2853]]","[[190, 155], [166, 151]]"
disclosure_x_bias,193,init_knn1,TD_U,log_loss,1.118989097957157e-07,7.748996182071904,1.0,0.5151741293532338,5.182852856921693e-10,0.5323082517044071,0.0,0.033202332554105735,"[[3105, 0], [0, 2853]]","[[190, 155], [166, 151]]"
disclosure_x_bias,194,init_knn1,TD_U,log_loss,1.1188357761422536e-07,7.748925462218997,1.0,0.5151741293532338,5.176007522227101e-10,0.5323268163682812,0.0,0.033202332554105735,"[[3105, 0], [0, 2853]]","[[190, 155], [166, 151]]"
disclosure_x_bias,195,init_knn1,TD_U,log_loss,1.1186772163451251e-07,7.7490767866814085,1.0,0.5151741293532338,5.175960199583681e-10,0.5322789841522038,0.0,0.033202332554105735,"[[3105, 0], [0, 2853]]","[[190, 155], [166, 151]]"
disclosure_x_bias,196,init_knn1,TD_U,log_loss,1.1185144304355975e-07,7.748948676194422,1.0,0.5151741293532338,5.171586951392492e-10,0.5322851725571124,0.0,0.033202332554105735,"[[3105, 0], [0, 2853]]","[[190, 155], [166, 151]]"
disclosure_x_bias,197,init_knn1,TD_U,log_loss,1.1183264746062457e-07,7.748822942125737,1.0,0.5151741293532338,5.18089836194468e-10,0.5322423683538552,0.0,0.033202332554105735,"[[3105, 0], [0, 2853]]","[[190, 155], [166, 151]]"
disclosure_x_bias,198,init_knn1,TD_U,log_loss,1.1181670854444779e-07,7.748681196540798,1.0,0.5151741293532338,5.187408933047137e-10,0.5323479374912478,0.0,0.033202332554105735,"[[3105, 0], [0, 2853]]","[[190, 155], [166, 151]]"
disclosure_x_bias,199,init_knn1,TD_U,log_loss,1.1180176960335423e-07,7.748836205862571,1.0,0.5151741293532338,5.1915297028083e-10,0.5322402420589616,0.0,0.033202332554105735,"[[3105, 0], [0, 2853]]","[[190, 155], [166, 151]]"
disclosure_x_bias,200,init_knn1,TD_U,log_loss,1.117830938871562e-07,7.748796872923522,1.0,0.5151741293532338,5.187314958062254e-10,0.5323287325455207,0.0,0.033202332554105735,"[[3105, 0], [0, 2853]]","[[190, 155], [166, 151]]"
disclosure_x_bias,201,init_knn1,TD_U,log_loss,1.1176912566828326e-07,7.74886773949873,1.0,0.5151741293532338,5.186257917597662e-10,0.5323971092461555,0.0,0.033202332554105735,"[[3105, 0], [0, 2853]]","[[190, 155], [166, 151]]"
disclosure_x_bias,202,init_knn1,TD_U,log_loss,1.1175375029079441e-07,7.748950402142478,1.0,0.5151741293532338,5.175201069265261e-10,0.5323880622104323,0.0,0.033202332554105735,"[[3105, 0], [0, 2853]]","[[190, 155], [166, 151]]"
disclosure_x_bias,203,init_knn1,TD_U,log_loss,1.1173818249621009e-07,7.748790470573839,1.0,0.5151741293532338,5.169925228945732e-10,0.5323632952725091,0.0,0.033202332554105735,"[[3105, 0], [0, 2853]]","[[190, 155], [166, 151]]"
disclosure_x_bias,204,init_knn1,TD_U,log_loss,1.1172425137932502e-07,7.748704133298038,1.0,0.5151741293532338,5.171176581695353e-10,0.5325393436391777,0.0,0.033202332554105735,"[[3105, 0], [0, 2853]]","[[190, 155], [166, 151]]"
disclosure_x_bias,205,init_knn1,TD_U,log_loss,1.1170775434726391e-07,7.748832551154145,1.0,0.5151741293532338,5.190688504219404e-10,0.5324279351529386,0.0,0.033202332554105735,"[[3105, 0], [0, 2853]]","[[190, 155], [166, 151]]"
disclosure_x_bias,206,init_knn1,TD_U,log_loss,1.1169284478921833e-07,7.748857790897643,1.0,0.5151741293532338,5.196626905668876e-10,0.5324994632422315,0.0,0.033202332554105735,"[[3105, 0], [0, 2853]]","[[190, 155], [166, 151]]"
disclosure_x_bias,207,init_knn1,TD_U,log_loss,1.1167896834690869e-07,7.749062992980917,1.0,0.5151741293532338,5.198477293868603e-10,0.5325358095249042,0.0,0.033202332554105735,"[[3105, 0], [0, 2853]]","[[190, 155], [166, 151]]"
disclosure_x_bias,208,init_knn1,TD_U,log_loss,1.1166539555032356e-07,7.748891355975308,1.0,0.5151741293532338,5.201030029958238e-10,0.5323793251162388,0.0,0.033202332554105735,"[[3105, 0], [0, 2853]]","[[190, 155], [166, 151]]"
disclosure_x_bias,209,init_knn1,TD_U,log_loss,1.1164981742872919e-07,7.749086033245755,1.0,0.5151741293532338,5.21676752330901e-10,0.5322629586042488,0.0,0.033202332554105735,"[[3105, 0], [0, 2853]]","[[190, 155], [166, 151]]"
disclosure_x_bias,210,init_knn1,TD_U,log_loss,1.1163387992669268e-07,7.749103769350197,1.0,0.5151741293532338,5.207715469876445e-10,0.532149510382623,0.0,0.033202332554105735,"[[3105, 0], [0, 2853]]","[[190, 155], [166, 151]]"
disclosure_x_bias,211,init_knn1,TD_U,log_loss,1.1161612555278559e-07,7.749194267542353,1.0,0.5151741293532338,5.238240782780048e-10,0.5323486718821581,0.0,0.033202332554105735,"[[3105, 0], [0, 2853]]","[[190, 155], [166, 151]]"
disclosure_x_bias,212,init_knn1,TD_U,log_loss,1.1159968310077839e-07,7.749190998910629,1.0,0.5151741293532338,5.237074334648834e-10,0.5324694283081848,0.0,0.033202332554105735,"[[3105, 0], [0, 2853]]","[[190, 155], [166, 151]]"
disclosure_x_bias,213,init_knn1,TD_U,log_loss,1.1158557218586578e-07,7.7492465574251,1.0,0.5151741293532338,5.240044445996838e-10,0.5324553480815665,0.0,0.033202332554105735,"[[3105, 0], [0, 2853]]","[[190, 155], [166, 151]]"
disclosure_x_bias,214,init_knn1,TD_U,log_loss,1.1157155378852435e-07,7.749283097072949,1.0,0.5151741293532338,5.231586489327142e-10,0.5326203934038296,0.0,0.033202332554105735,"[[3105, 0], [0, 2853]]","[[190, 155], [166, 151]]"
disclosure_x_bias,215,init_knn1,TD_U,log_loss,1.1155762148500534e-07,7.749359037026418,1.0,0.5151741293532338,5.228344332383586e-10,0.5324977184054528,0.0,0.033202332554105735,"[[3105, 0], [0, 2853]]","[[190, 155], [166, 151]]"
disclosure_x_bias,216,init_knn1,TD_U,log_loss,1.1154137218435714e-07,7.749378923703429,1.0,0.5151741293532338,5.219045350029431e-10,0.5326185144601067,0.0,0.033202332554105735,"[[3105, 0], [0, 2853]]","[[190, 155], [166, 151]]"
disclosure_x_bias,217,init_knn1,TD_U,log_loss,1.1152641334225051e-07,7.7493973187527985,1.0,0.5151741293532338,5.219087088820674e-10,0.5327339656648311,0.0,0.033202332554105735,"[[3105, 0], [0, 2853]]","[[190, 155], [166, 151]]"
disclosure_x_bias,218,init_knn1,TD_U,log_loss,1.1151209047072116e-07,7.749444397365712,1.0,0.5151741293532338,5.228442657088906e-10,0.5326305183290188,0.0,0.033202332554105735,"[[3105, 0], [0, 2853]]","[[190, 155], [166, 151]]"
disclosure_x_bias,219,init_knn1,TD_U,log_loss,1.1149790612816224e-07,7.749365329292021,1.0,0.5151741293532338,5.235319573995492e-10,0.5325882870459869,0.0,0.033202332554105735,"[[3105, 0], [0, 2853]]","[[190, 155], [166, 151]]"
disclosure_x_bias,220,init_knn1,TD_U,log_loss,1.1148453407739004e-07,7.749521527057077,1.0,0.5151741293532338,5.235841966337556e-10,0.5327390360899996,0.0,0.033202332554105735,"[[3105, 0], [0, 2853]]","[[190, 155], [166, 151]]"
disclosure_x_bias,221,init_knn1,TD_U,log_loss,1.1147071746961415e-07,7.749531598120329,1.0,0.5151741293532338,5.239890757387421e-10,0.5326996596886027,0.0,0.033202332554105735,"[[3105, 0], [0, 2853]]","[[190, 155], [166, 151]]"
disclosure_x_bias,222,init_knn1,TD_U,log_loss,1.1145689062169994e-07,7.749440863159864,1.0,0.5151741293532338,5.24375817754254e-10,0.5328775906983718,0.0,0.033202332554105735,"[[3105, 0], [0, 2853]]","[[190, 155], [166, 151]]"
disclosure_x_bias,223,init_knn1,TD_U,log_loss,1.1144217274702566e-07,7.7493391828808225,1.0,0.5151741293532338,5.239890238805555e-10,0.5327707303264982,0.0,0.033202332554105735,"[[3105, 0], [0, 2853]]","[[190, 155], [166, 151]]"
disclosure_x_bias,224,init_knn1,TD_U,log_loss,1.1142652429383065e-07,7.749317227436602,1.0,0.5151741293532338,5.230519343004435e-10,0.5330002961678727,0.0,0.033202332554105735,"[[3105, 0], [0, 2853]]","[[190, 155], [166, 151]]"
disclosure_x_bias,225,init_knn1,TD_U,log_loss,1.1141111344381609e-07,7.749251723006789,1.0,0.5151741293532338,5.264349088892552e-10,0.5331025296365239,0.0,0.033202332554105735,"[[3105, 0], [0, 2853]]","[[190, 155], [166, 151]]"
disclosure_x_bias,226,init_knn1,TD_U,log_loss,1.1139760758930973e-07,7.749281239959392,1.0,0.5151741293532338,5.268345930025287e-10,0.53312620695179,0.0,0.033202332554105735,"[[3105, 0], [0, 2853]]","[[190, 155], [166, 151]]"
disclosure_x_bias,227,init_knn1,TD_U,log_loss,1.1138444664612963e-07,7.749276638762962,1.0,0.5151741293532338,5.270696094482269e-10,0.5331741667206849,0.0,0.033202332554105735,"[[3105, 0], [0, 2853]]","[[190, 155], [166, 151]]"
disclosure_x_bias,228,init_knn1,TD_U,log_loss,1.1137135984015897e-07,7.749511188159181,1.0,0.5151741293532338,5.275814986385582e-10,0.5333184200895067,0.0,0.033202332554105735,"[[3105, 0], [0, 2853]]","[[190, 155], [166, 151]]"
disclosure_x_bias,229,init_knn1,TD_U,log_loss,1.1135248208623622e-07,7.749460180546558,1.0,0.5151741293532338,5.282065620674569e-10,0.5332402887533407,0.0,0.033202332554105735,"[[3105, 0], [0, 2853]]","[[190, 155], [166, 151]]"
disclosure_x_bias,230,init_knn1,TD_U,log_loss,1.1133918332942185e-07,7.749566607473224,1.0,0.5151741293532338,5.284552839237339e-10,0.533345099071586,0.0,0.033202332554105735,"[[3105, 0], [0, 2853]]","[[190, 155], [166, 151]]"
disclosure_x_bias,231,init_knn1,TD_U,log_loss,1.113261279006037e-07,7.749447400779007,1.0,0.5151741293532338,5.290732802571996e-10,0.5333426016818095,0.0,0.033202332554105735,"[[3105, 0], [0, 2853]]","[[190, 155], [166, 151]]"
disclosure_x_bias,232,init_knn1,TD_U,log_loss,1.1131291863911822e-07,7.749487037771044,1.0,0.5151741293532338,5.291183354183506e-10,0.5333677069389582,0.0,0.033202332554105735,"[[3105, 0], [0, 2853]]","[[190, 155], [166, 151]]"
disclosure_x_bias,233,init_knn1,TD_U,log_loss,1.1129861533566166e-07,7.749528746150718,1.0,0.5151741293532338,5.293208907408331e-10,0.5333471216442536,0.0,0.033202332554105735,"[[3105, 0], [0, 2853]]","[[190, 155], [166, 151]]"
disclosure_x_bias,234,init_knn1,TD_U,log_loss,1.1128262566084145e-07,7.749418562821409,1.0,0.5151741293532338,5.288619617709775e-10,0.5333570536691167,0.0,0.033202332554105735,"[[3105, 0], [0, 2853]]","[[190, 155], [166, 151]]"
disclosure_x_bias,235,init_knn1,TD_U,log_loss,1.1126904835033873e-07,7.749510673616157,1.0,0.5151741293532338,5.286225788707017e-10,0.5334008507126506,0.0,0.033202332554105735,"[[3105, 0], [0, 2853]]","[[190, 155], [166, 151]]"
disclosure_x_bias,236,init_knn1,TD_U,log_loss,1.1125562616133578e-07,7.749403499131352,1.0,0.5151741293532338,5.290844384407059e-10,0.5333459937713468,0.0,0.033202332554105735,"[[3105, 0], [0, 2853]]","[[190, 155], [166, 151]]"
disclosure_x_bias,237,init_knn1,TD_U,log_loss,1.1124280699242228e-07,7.749416389510467,1.0,0.5151741293532338,5.290780943658492e-10,0.5333833759922109,0.0,0.033202332554105735,"[[3105, 0], [0, 2853]]","[[190, 155], [166, 151]]"
disclosure_x_bias,238,init_knn1,TD_U,log_loss,1.1122958169121454e-07,7.749483584481003,1.0,0.5151741293532338,5.291842839489862e-10,0.5333529975531576,0.0,0.033202332554105735,"[[3105, 0], [0, 2853]]","[[190, 155], [166, 151]]"
disclosure_x_bias,239,init_knn1,TD_U,log_loss,1.112162493142219e-07,7.749455962668328,1.0,0.5151741293532338,5.293005874313393e-10,0.5332046198747037,0.0,0.033202332554105735,"[[3105, 0], [0, 2853]]","[[190, 155], [166, 151]]"
disclosure_x_bias,240,init_knn1,TD_U,log_loss,1.1120092733481818e-07,7.749411300466106,1.0,0.5151741293532338,5.257266661580039e-10,0.5332045939768636,0.0,0.033202332554105735,"[[3105, 0], [0, 2853]]","[[190, 155], [166, 151]]"
disclosure_x_bias,241,init_knn1,TD_U,log_loss,1.1118725257812052e-07,7.749358989977996,1.0,0.5151741293532338,5.250485065992449e-10,0.5332931078124912,0.0,0.033202332554105735,"[[3105, 0], [0, 2853]]","[[190, 155], [166, 151]]"
disclosure_x_bias,242,init_knn1,TD_U,log_loss,1.1116583663871163e-07,7.749664889706239,1.0,0.5151741293532338,5.310917901711956e-10,0.5330100755595197,0.0,0.033202332554105735,"[[3105, 0], [0, 2853]]","[[190, 155], [166, 151]]"
disclosure_x_bias,243,init_knn1,TD_U,log_loss,1.1115114797021972e-07,7.749599073487026,1.0,0.5151741293532338,5.344452031662933e-10,0.5330300848835052,0.0,0.033202332554105735,"[[3105, 0], [0, 2853]]","[[190, 155], [166, 151]]"
disclosure_x_bias,244,init_knn1,TD_U,log_loss,1.1113652803295233e-07,7.749719822820604,1.0,0.5151741293532338,5.335195785120165e-10,0.532951148103901,0.0,0.033202332554105735,"[[3105, 0], [0, 2853]]","[[190, 155], [166, 151]]"
disclosure_x_bias,245,init_knn1,TD_U,log_loss,1.1112368577628466e-07,7.749651810344744,1.0,0.5151741293532338,5.339630267619184e-10,0.5329997563307773,0.0,0.033202332554105735,"[[3105, 0], [0, 2853]]","[[190, 155], [166, 151]]"
disclosure_x_bias,246,init_knn1,TD_U,log_loss,1.1111030172123413e-07,7.749870958715723,1.0,0.5151741293532338,5.337968347057245e-10,0.5330839335419404,0.0,0.033202332554105735,"[[3105, 0], [0, 2853]]","[[190, 155], [166, 151]]"
disclosure_x_bias,247,init_knn1,TD_U,log_loss,1.1109647758561742e-07,7.749817729864823,1.0,0.5151741293532338,5.346202500960597e-10,0.5330775171547073,0.0,0.033202332554105735,"[[3105, 0], [0, 2853]]","[[190, 155], [166, 151]]"
disclosure_x_bias,248,init_knn1,TD_U,log_loss,1.1108345211867346e-07,7.750054347564114,1.0,0.5151741293532338,5.345705702819864e-10,0.5331913541963961,0.0,0.033202332554105735,"[[3105, 0], [0, 2853]]","[[190, 155], [166, 151]]"
disclosure_x_bias,249,init_knn1,TD_U,log_loss,1.1106897850219345e-07,7.749815010895463,1.0,0.5151741293532338,5.338116230181983e-10,0.533355884788435,0.0,0.033202332554105735,"[[3105, 0], [0, 2853]]","[[190, 155], [166, 151]]"
disclosure_x_bias,250,init_knn1,TD_U,log_loss,1.1105672384916264e-07,7.749960713670592,1.0,0.5151741293532338,5.337622909273208e-10,0.5332676922401007,0.0,0.033202332554105735,"[[3105, 0], [0, 2853]]","[[190, 155], [166, 151]]"
disclosure_x_bias,251,init_knn1,TD_U,log_loss,1.1104412760433861e-07,7.749879887856747,1.0,0.5151741293532338,5.335416763191805e-10,0.5334443991031671,0.0,0.033202332554105735,"[[3105, 0], [0, 2853]]","[[190, 155], [166, 151]]"
disclosure_x_bias,252,init_knn1,TD_U,log_loss,1.110315152222936e-07,7.749968015924354,1.0,0.5151741293532338,5.328743580353601e-10,0.5334150167310897,0.0,0.033202332554105735,"[[3105, 0], [0, 2853]]","[[190, 155], [166, 151]]"
disclosure_x_bias,253,init_knn1,TD_U,log_loss,1.1101752634792763e-07,7.750089071235737,1.0,0.5151741293532338,5.322775828067883e-10,0.5333446318057108,0.0,0.033202332554105735,"[[3105, 0], [0, 2853]]","[[190, 155], [166, 151]]"
disclosure_x_bias,254,init_knn1,TD_U,log_loss,1.1100485323067537e-07,7.750219162700816,1.0,0.5151741293532338,5.317483361562287e-10,0.5332160060092741,0.0,0.033202332554105735,"[[3105, 0], [0, 2853]]","[[190, 155], [166, 151]]"
disclosure_x_bias,255,init_knn1,TD_U,log_loss,1.1099225623702047e-07,7.75022393404538,1.0,0.5151741293532338,5.31743588408761e-10,0.5333201904068121,0.0,0.033202332554105735,"[[3105, 0], [0, 2853]]","[[190, 155], [166, 151]]"
disclosure_x_bias,256,init_knn1,TD_U,log_loss,1.1097724962731973e-07,7.750286763749571,1.0,0.5151741293532338,5.310899492005655e-10,0.5332742757892406,0.0,0.033202332554105735,"[[3105, 0], [0, 2853]]","[[190, 155], [166, 151]]"
disclosure_x_bias,257,init_knn1,TD_U,log_loss,1.1096501589390766e-07,7.750285367058669,1.0,0.5151741293532338,5.311659522011548e-10,0.5333274935793173,0.0,0.033202332554105735,"[[3105, 0], [0, 2853]]","[[190, 155], [166, 151]]"
disclosure_x_bias,258,init_knn1,TD_U,log_loss,1.1094919294636542e-07,7.750336462473659,1.0,0.5151741293532338,5.300447963239154e-10,0.5332610107067411,0.0,0.033202332554105735,"[[3105, 0], [0, 2853]]","[[190, 155], [166, 151]]"
disclosure_x_bias,259,init_knn1,TD_U,log_loss,1.1093589624965468e-07,7.7505020086536405,1.0,0.5151741293532338,5.311976138326862e-10,0.533390921694431,0.0,0.033202332554105735,"[[3105, 0], [0, 2853]]","[[190, 155], [166, 151]]"
disclosure_x_bias,260,init_knn1,TD_U,log_loss,1.1092244241924798e-07,7.750549718066606,1.0,0.5151741293532338,5.32200672586333e-10,0.5333871613991436,0.0,0.033202332554105735,"[[3105, 0], [0, 2853]]","[[190, 155], [166, 151]]"
disclosure_x_bias,261,init_knn1,TD_U,log_loss,1.1090741970421034e-07,7.750497031204394,1.0,0.5151741293532338,5.325085319078605e-10,0.533323130670969,0.0,0.033202332554105735,"[[3105, 0], [0, 2853]]","[[190, 155], [166, 151]]"
disclosure_x_bias,262,init_knn1,TD_U,log_loss,1.1089491473614283e-07,7.75066686474653,1.0,0.5151741293532338,5.320561261553244e-10,0.533387288831575,0.0,0.033202332554105735,"[[3105, 0], [0, 2853]]","[[190, 155], [166, 151]]"
disclosure_x_bias,263,init_knn1,TD_U,log_loss,1.1088235244483278e-07,7.750630227536368,1.0,0.5151741293532338,5.32267104800875e-10,0.5333580033477154,0.0,0.033202332554105735,"[[3105, 0], [0, 2853]]","[[190, 155], [166, 151]]"
disclosure_x_bias,264,init_knn1,TD_U,log_loss,1.1086884246449047e-07,7.7509337551207595,1.0,0.5151741293532338,5.322933679648546e-10,0.5331935889706071,0.0,0.033202332554105735,"[[3105, 0], [0, 2853]]","[[190, 155], [166, 151]]"
disclosure_x_bias,265,init_knn1,TD_U,log_loss,1.1085209647946538e-07,7.750898413004371,1.0,0.5151741293532338,5.267571937708318e-10,0.5332686556967815,0.0,0.033202332554105735,"[[3105, 0], [0, 2853]]","[[190, 155], [166, 151]]"
disclosure_x_bias,266,init_knn1,TD_U,log_loss,1.1083943403512089e-07,7.750804811501126,1.0,0.5151741293532338,5.267409611769061e-10,0.5333187303569606,0.0,0.033202332554105735,"[[3105, 0], [0, 2853]]","[[190, 155], [166, 151]]"
disclosure_x_bias,267,init_knn1,TD_U,log_loss,1.1082656397313467e-07,7.750809993863754,1.0,0.5151741293532338,5.272292323287683e-10,0.5332406271284768,0.0,0.033202332554105735,"[[3105, 0], [0, 2853]]","[[190, 155], [166, 151]]"
disclosure_x_bias,268,init_knn1,TD_U,log_loss,1.108145437128081e-07,7.750886033813563,1.0,0.5151741293532338,5.272488247063215e-10,0.5333837877683428,0.0,0.033202332554105735,"[[3105, 0], [0, 2853]]","[[190, 155], [166, 151]]"
disclosure_x_bias,269,init_knn1,TD_U,log_loss,1.1080200181477545e-07,7.750895173277054,1.0,0.5151741293532338,5.278791589100274e-10,0.5335322600928337,0.0,0.033202332554105735,"[[3105, 0], [0, 2853]]","[[190, 155], [166, 151]]"
disclosure_x_bias,270,init_knn1,TD_U,log_loss,1.1078879090656909e-07,7.750891940376016,1.0,0.5151741293532338,5.272891251430121e-10,0.533479736250927,0.0,0.033202332554105735,"[[3105, 0], [0, 2853]]","[[190, 155], [166, 151]]"
disclosure_x_bias,271,init_knn1,TD_U,log_loss,1.1077692030785655e-07,7.750890318891197,1.0,0.5151741293532338,5.273273358162223e-10,0.5335529412799818,0.0,0.033202332554105735,"[[3105, 0], [0, 2853]]","[[190, 155], [166, 151]]"
disclosure_x_bias,272,init_knn1,TD_U,log_loss,1.1076507993371176e-07,7.750948115756424,1.0,0.5151741293532338,5.276154186434339e-10,0.5334836852706715,0.0,0.033202332554105735,"[[3105, 0], [0, 2853]]","[[190, 155], [166, 151]]"
disclosure_x_bias,273,init_knn1,TD_U,log_loss,1.1075321593056311e-07,7.751073190390722,1.0,0.5151741293532338,5.282369330228917e-10,0.5335730224036899,0.0,0.033202332554105735,"[[3105, 0], [0, 2853]]","[[190, 155], [166, 151]]"
disclosure_x_bias,274,init_knn1,TD_U,log_loss,1.1074120257869843e-07,7.751003111283571,1.0,0.5151741293532338,5.283338804125212e-10,0.5335977230951224,0.0,0.033202332554105735,"[[3105, 0], [0, 2853]]","[[190, 155], [166, 151]]"
disclosure_x_bias,275,init_knn1,TD_U,log_loss,1.1072523288302939e-07,7.7510592085535235,1.0,0.5151741293532338,5.279820689818216e-10,0.5336129037922196,0.0,0.033202332554105735,"[[3105, 0], [0, 2853]]","[[190, 155], [166, 151]]"
disclosure_x_bias,276,init_knn1,TD_U,log_loss,1.1071352956898952e-07,7.751115763009937,1.0,0.5151741293532338,5.281601743510435e-10,0.5336372935477803,0.0,0.033202332554105735,"[[3105, 0], [0, 2853]]","[[190, 155], [166, 151]]"
disclosure_x_bias,277,init_knn1,TD_U,log_loss,1.1069905789670396e-07,7.7511610460995115,1.0,0.5151741293532338,5.28787704443954e-10,0.533719606375806,0.0,0.033202332554105735,"[[3105, 0], [0, 2853]]","[[190, 155], [166, 151]]"
disclosure_x_bias,278,init_knn1,TD_U,log_loss,1.106856689531844e-07,7.7510638013918465,1.0,0.5151741293532338,5.264188764461319e-10,0.5336850728654523,0.0,0.033202332554105735,"[[3105, 0], [0, 2853]]","[[190, 155], [166, 151]]"
disclosure_x_bias,279,init_knn1,TD_U,log_loss,1.106739167202225e-07,7.7512264624477165,1.0,0.5151741293532338,5.266633532843336e-10,0.5338384007978606,0.0,0.033202332554105735,"[[3105, 0], [0, 2853]]","[[190, 155], [166, 151]]"
disclosure_x_bias,280,init_knn1,TD_U,log_loss,1.1066156281850191e-07,7.751160165221551,1.0,0.5151741293532338,5.269487551871497e-10,0.5337790968958644,0.0,0.033202332554105735,"[[3105, 0], [0, 2853]]","[[190, 155], [166, 151]]"
disclosure_x_bias,281,init_knn1,TD_U,log_loss,1.1064878728660118e-07,7.751143516340674,1.0,0.5151741293532338,5.261388956377271e-10,0.5338962736419739,0.0,0.033202332554105735,"[[3105, 0], [0, 2853]]","[[190, 155], [166, 151]]"
disclosure_x_bias,282,init_knn1,TD_U,log_loss,1.1063674880405346e-07,7.751178640778616,1.0,0.5151741293532338,5.25871984362274e-10,0.5338755098781703,0.0,0.033202332554105735,"[[3105, 0], [0, 2853]]","[[190, 155], [166, 151]]"
disclosure_x_bias,283,init_knn1,TD_U,log_loss,1.1062524181311496e-07,7.751033079460418,1.0,0.5151741293532338,5.257393393235608e-10,0.5339259756907561,0.0,0.033202332554105735,"[[3105, 0], [0, 2853]]","[[190, 155], [166, 151]]"
disclosure_x_bias,284,init_knn1,TD_U,log_loss,1.1061153262068755e-07,7.7510830355651565,1.0,0.5151741293532338,5.244356089349153e-10,0.5338431868088488,0.0,0.033202332554105735,"[[3105, 0], [0, 2853]]","[[190, 155], [166, 151]]"
disclosure_x_bias,285,init_knn1,TD_U,log_loss,1.1059897370092149e-07,7.751030441555845,1.0,0.5151741293532338,5.244035172328402e-10,0.534002078396856,0.0,0.033202332554105735,"[[3105, 0], [0, 2853]]","[[190, 155], [166, 151]]"
disclosure_x_bias,286,init_knn1,TD_U,log_loss,1.1058716849359376e-07,7.751072778804708,1.0,0.5151741293532338,5.240517444944408e-10,0.5339536158911512,0.0,0.033202332554105735,"[[3105, 0], [0, 2853]]","[[190, 155], [166, 151]]"
disclosure_x_bias,287,init_knn1,TD_U,log_loss,1.105758172683744e-07,7.751100241167611,1.0,0.5151741293532338,5.240915592860921e-10,0.5340456364060759,0.0,0.033202332554105735,"[[3105, 0], [0, 2853]]","[[190, 155], [166, 151]]"
disclosure_x_bias,288,init_knn1,TD_U,log_loss,1.1056378664097013e-07,7.751146253042977,1.0,0.5151741293532338,5.244726265818737e-10,0.5339858211619462,0.0,0.033202332554105735,"[[3105, 0], [0, 2853]]","[[190, 155], [166, 151]]"
disclosure_x_bias,289,init_knn1,TD_U,log_loss,1.1055079948532307e-07,7.751185563758307,1.0,0.5151741293532338,5.286231904545703e-10,0.5340500898415961,0.0,0.033202332554105735,"[[3105, 0], [0, 2853]]","[[190, 155], [166, 151]]"
disclosure_x_bias,290,init_knn1,TD_U,log_loss,1.1053892939609157e-07,7.751090462754592,1.0,0.5151741293532338,5.290536631706687e-10,0.5340786579895727,0.0,0.033202332554105735,"[[3105, 0], [0, 2853]]","[[190, 155], [166, 151]]"
disclosure_x_bias,291,init_knn1,TD_U,log_loss,1.105264500041184e-07,7.751160555275564,1.0,0.5151741293532338,5.292077588876959e-10,0.5342119808560218,0.0,0.033202332554105735,"[[3105, 0], [0, 2853]]","[[190, 155], [166, 151]]"
disclosure_x_bias,292,init_knn1,TD_U,log_loss,1.1051446218539684e-07,7.751221446294137,1.0,0.5151741293532338,5.297643819442756e-10,0.5341787010261512,0.0,0.033202332554105735,"[[3105, 0], [0, 2853]]","[[190, 155], [166, 151]]"
disclosure_x_bias,293,init_knn1,TD_U,log_loss,1.1049819032470491e-07,7.751231627937597,1.0,0.5151741293532338,5.310716462011124e-10,0.5341290403030087,0.0,0.033202332554105735,"[[3105, 0], [0, 2853]]","[[190, 155], [166, 151]]"
disclosure_x_bias,294,init_knn1,TD_U,log_loss,1.1048634096118311e-07,7.751142610788916,1.0,0.5151741293532338,5.317525167428649e-10,0.5341281246203511,0.0,0.033202332554105735,"[[3105, 0], [0, 2853]]","[[190, 155], [166, 151]]"
disclosure_x_bias,295,init_knn1,TD_U,log_loss,1.1047397786259487e-07,7.751219261412674,1.0,0.5151741293532338,5.317409566186158e-10,0.5342052170263868,0.0,0.033202332554105735,"[[3105, 0], [0, 2853]]","[[190, 155], [166, 151]]"
disclosure_x_bias,296,init_knn1,TD_U,log_loss,1.1046081243385851e-07,7.751208537592373,1.0,0.5151741293532338,5.325064158947488e-10,0.5342174869779079,0.0,0.033202332554105735,"[[3105, 0], [0, 2853]]","[[190, 155], [166, 151]]"
disclosure_x_bias,297,init_knn1,TD_U,log_loss,1.1044928543068191e-07,7.751188333997445,1.0,0.5151741293532338,5.323233123800073e-10,0.5341029844420043,0.0,0.033202332554105735,"[[3105, 0], [0, 2853]]","[[190, 155], [166, 151]]"
disclosure_x_bias,298,init_knn1,TD_U,log_loss,1.1043797588401483e-07,7.7512079480819605,1.0,0.5151741293532338,5.328074350374568e-10,0.534062684675693,0.0,0.033202332554105735,"[[3105, 0], [0, 2853]]","[[190, 155], [166, 151]]"
disclosure_x_bias,299,init_knn1,TD_U,log_loss,1.1042586438706528e-07,7.751221514197331,1.0,0.5151741293532338,5.328792611934354e-10,0.5342443662300417,0.0,0.033202332554105735,"[[3105, 0], [0, 2853]]","[[190, 155], [166, 151]]"
disclosure_x_bias,300,init_knn1,TD_U,log_loss,1.104102753233608e-07,7.751372276817155,1.0,0.5151741293532338,5.326992691776117e-10,0.5341669932334894,0.0,0.033202332554105735,"[[3105, 0], [0, 2853]]","[[190, 155], [166, 151]]"
disclosure_x_bias,1,init_knn1,TD_U,exponential,727.5255609880654,750.0759503063601,1.0,0.5151741293532338,0.25294781071330313,105.13494751349423,0.0,0.033202332554105735,"[[3105, 0], [0, 2853]]","[[190, 155], [166, 151]]"
disclosure_x_bias,2,init_knn1,TD_U,exponential,731.4465830213627,753.2056077050959,1.0,0.5151741293532338,0.4949917961360722,104.92773649467667,0.0,0.033202332554105735,"[[3105, 0], [0, 2853]]","[[190, 155], [166, 151]]"
disclosure_x_bias,3,init_knn1,TD_U,exponential,735.0311545064471,756.4694181803918,1.0,0.5151741293532338,0.7488291374412673,105.83129778029536,0.0,0.033202332554105735,"[[3105, 0], [0, 2853]]","[[190, 155], [166, 151]]"
disclosure_x_bias,4,init_knn1,TD_U,exponential,738.366267512428,760.5088197342645,1.0,0.5151741293532338,1.024002460988598,106.65611443669685,0.0,0.033202332554105735,"[[3105, 0], [0, 2853]]","[[190, 155], [166, 151]]"
disclosure_x_bias,5,init_knn1,TD_U,exponential,741.4229112679684,763.2986986920039,1.0,0.5151741293532338,1.2223148696193786,107.34888205624159,0.0,0.033202332554105735,"[[3105, 0], [0, 2853]]","[[190, 155], [166, 151]]"
disclosure_x_bias,6,init_knn1,TD_U,exponential,744.190181303933,765.78054567436,1.0,0.5151741293532338,1.2243465515051404,107.12124376501372,0.0,0.033202332554105735,"[[3105, 0], [0, 2853]]","[[190, 155], [166, 151]]"
disclosure_x_bias,7,init_knn1,TD_U,exponential,746.7642518201085,768.8819831143671,1.0,0.5151741293532338,1.4024441813396542,108.1023192774501,0.0,0.033202332554105735,"[[3105, 0], [0, 2853]]","[[190, 155], [166, 151]]"
disclosure_x_bias,8,init_knn1,TD_U,exponential,749.2796040516876,770.7787535771538,1.0,0.5151741293532338,1.625812864494868,109.48146014943295,0.0,0.033202332554105735,"[[3105, 0], [0, 2853]]","[[190, 155], [166, 151]]"
disclosure_x_bias,9,init_knn1,TD_U,exponential,751.5545076157715,773.0245395437418,1.0,0.5151741293532338,1.776497249305289,109.94509078788485,0.0,0.033202332554105735,"[[3105, 0], [0, 2853]]","[[190, 155], [166, 151]]"
disclosure_x_bias,10,init_knn1,TD_U,exponential,753.7326442913201,775.2605736555471,1.0,0.5151741293532338,1.867204830497884,110.01137329442948,0.0,0.033202332554105735,"[[3105, 0], [0, 2853]]","[[190, 155], [166, 151]]"
disclosure_x_bias,11,init_knn1,TD_U,exponential,755.6599623588456,776.5690567873323,1.0,0.5151741293532338,1.9793399090226211,111.24582093128994,0.0,0.033202332554105735,"[[3105, 0], [0, 2853]]","[[190, 155], [166, 151]]"
disclosure_x_bias,12,init_knn1,TD_U,exponential,757.6565519264177,780.1110632387606,1.0,0.5151741293532338,2.373089563223975,112.83964707323084,0.0,0.033202332554105735,"[[3105, 0], [0, 2853]]","[[190, 155], [166, 151]]"
disclosure_x_bias,13,init_knn1,TD_U,exponential,759.4964124517354,782.0281349756481,1.0,0.5151741293532338,2.6215432746279115,112.56445826022987,0.0,0.033202332554105735,"[[3105, 0], [0, 2853]]","[[190, 155], [166, 151]]"
disclosure_x_bias,14,init_knn1,TD_U,exponential,761.1185798981298,783.4040286765253,1.0,0.5151741293532338,2.656353404201433,113.2179938004398,0.0,0.033202332554105735,"[[3105, 0], [0, 2853]]","[[190, 155], [166, 151]]"
disclosure_x_bias,15,init_knn1,TD_U,exponential,762.6513807723888,785.0161706845112,1.0,0.5151741293532338,2.7430312524297196,113.03036948082917,0.0,0.033202332554105735,"[[3105, 0], [0, 2853]]","[[190, 155], [166, 151]]"
disclosure_x_bias,16,init_knn1,TD_U,exponential,764.200305967685,786.3621334481661,1.0,0.5151741293532338,2.8277343848949,112.47648851354674,0.0,0.033202332554105735,"[[3105, 0], [0, 2853]]","[[190, 155], [166, 151]]"
disclosure_x_bias,17,init_knn1,TD_U,exponential,765.7104064107018,787.6476503339743,1.0,0.5151741293532338,2.8147720250539017,112.82785923891713,0.0,0.033202332554105735,"[[3105, 0], [0, 2853]]","[[190, 155], [166, 151]]"
disclosure_x_bias,18,init_knn1,TD_U,exponential,766.9259707856211,787.6025398467743,1.0,0.5151741293532338,2.79639411508021,112.92996560481866,0.0,0.033202332554105735,"[[3105, 0], [0, 2853]]","[[190, 155], [166, 151]]"
disclosure_x_bias,19,init_knn1,TD_U,exponential,768.4283332928762,789.3656718185326,1.0,0.5151741293532338,3.4808252077833437,115.26610500899216,0.0,0.033202332554105735,"[[3105, 0], [0, 2853]]","[[190, 155], [166, 151]]"
disclosure_x_bias,20,init_knn1,TD_U,exponential,769.673667572966,790.5952671575317,1.0,0.5151741293532338,3.589843360964988,116.09273739921863,0.0,0.033202332554105735,"[[3105, 0], [0, 2853]]","[[190, 155], [166, 151]]"
disclosure_x_bias,21,init_knn1,TD_U,exponential,770.9697462298192,791.7041268777799,1.0,0.5151741293532338,3.716711515258135,116.50765542452181,0.0,0.033202332554105735,"[[3105, 0], [0, 2853]]","[[190, 155], [166, 151]]"
disclosure_x_bias,22,init_knn1,TD_U,exponential,772.0902461888028,792.9748111952856,1.0,0.5151741293532338,3.81505303407519,116.37522745973244,0.0,0.033202332554105735,"[[3105, 0], [0, 2853]]","[[190, 155], [166, 151]]"
disclosure_x_bias,23,init_knn1,TD_U,exponential,773.026785289029,793.9012180115208,1.0,0.5151741293532338,3.765228191289702,115.90988737468389,0.0,0.033202332554105735,"[[3105, 0], [0, 2853]]","[[190, 155], [166, 151]]"
disclosure_x_bias,24,init_knn1,TD_U,exponential,774.1964611150163,795.2334127840237,1.0,0.5151741293532338,3.859791179188146,116.25693796846575,0.0,0.033202332554105735,"[[3105, 0], [0, 2853]]","[[190, 155], [166, 151]]"
disclosure_x_bias,25,init_knn1,TD_U,exponential,775.279275349311,796.5325230340047,1.0,0.5151741293532338,3.8651708551095045,115.60302819768924,0.0,0.033202332554105735,"[[3105, 0], [0, 2853]]","[[190, 155], [166, 151]]"
disclosure_x_bias,26,init_knn1,TD_U,exponential,776.5891357173126,797.9048407414014,1.0,0.5151741293532338,4.69353198784153,117.90974963796667,0.0,0.033202332554105735,"[[3105, 0], [0, 2853]]","[[190, 155], [166, 151]]"
disclosure_x_bias,27,init_knn1,TD_U,exponential,777.7183140453343,798.808728165886,1.0,0.5151741293532338,4.658915939089153,117.42263899587708,0.0,0.033202332554105735,"[[3105, 0], [0, 2853]]","[[190, 155], [166, 151]]"
disclosure_x_bias,28,init_knn1,TD_U,exponential,778.6498783861728,799.3401333565084,1.0,0.5151741293532338,4.774943733729885,117.96395320812832,0.0,0.033202332554105735,"[[3105, 0], [0, 2853]]","[[190, 155], [166, 151]]"
disclosure_x_bias,29,init_knn1,TD_U,exponential,779.5439797653754,800.0528831442147,1.0,0.5151741293532338,4.802607546832524,117.85640029483447,0.0,0.033202332554105735,"[[3105, 0], [0, 2853]]","[[190, 155], [166, 151]]"
disclosure_x_bias,30,init_knn1,TD_U,exponential,780.4488405446295,800.1581171592912,1.0,0.5151741293532338,4.998839787765305,117.98129977850061,0.0,0.033202332554105735,"[[3105, 0], [0, 2853]]","[[190, 155], [166, 151]]"
disclosure_x_bias,31,init_knn1,TD_U,exponential,781.2843257683016,801.178994119213,1.0,0.5151741293532338,4.985949339430141,118.61622733547551,0.0,0.033202332554105735,"[[3105, 0], [0, 2853]]","[[190, 155], [166, 151]]"
disclosure_x_bias,32,init_knn1,TD_U,exponential,782.197387910526,801.5610606819008,1.0,0.5151741293532338,5.286611834956578,119.01744221483214,0.0,0.033202332554105735,"[[3105, 0], [0, 2853]]","[[190, 155], [166, 151]]"
disclosure_x_bias,33,init_knn1,TD_U,exponential,783.189447112504,802.1623951768295,1.0,0.5151741293532338,5.174868897611257,119.09361015487487,0.0,0.033202332554105735,"[[3105, 0], [0, 2853]]","[[190, 155], [166, 151]]"
disclosure_x_bias,34,init_knn1,TD_U,exponential,784.0915734176406,803.3403763396374,1.0,0.5151741293532338,5.254067102055511,119.41279474796762,0.0,0.033202332554105735,"[[3105, 0], [0, 2853]]","[[190, 155], [166, 151]]"
disclosure_x_bias,35,init_knn1,TD_U,exponential,784.9146699080097,803.8890390127955,1.0,0.5151741293532338,5.213276756246395,119.10205457931758,0.0,0.033202332554105735,"[[3105, 0], [0, 2853]]","[[190, 155], [166, 151]]"
disclosure_x_bias,36,init_knn1,TD_U,exponential,785.6455161762951,804.5008836488499,1.0,0.5151741293532338,5.377801812137998,118.92829993596496,0.0,0.033202332554105735,"[[3105, 0], [0, 2853]]","[[190, 155], [166, 151]]"
disclosure_x_bias,37,init_knn1,TD_U,exponential,786.4767783493778,804.8564159301837,1.0,0.5151741293532338,5.497140544431763,119.05548054469287,0.0,0.033202332554105735,"[[3105, 0], [0, 2853]]","[[190, 155], [166, 151]]"
disclosure_x_bias,38,init_knn1,TD_U,exponential,787.5394443473538,805.9458584569045,1.0,0.5151741293532338,5.26290665027339,118.5712509936908,0.0,0.033202332554105735,"[[3105, 0], [0, 2853]]","[[190, 155], [166, 151]]"
disclosure_x_bias,39,init_knn1,TD_U,exponential,788.5962630754046,807.4584809655126,1.0,0.5151741293532338,6.359866506281704,121.46446953775941,0.0,0.033202332554105735,"[[3105, 0], [0, 2853]]","[[190, 155], [166, 151]]"
disclosure_x_bias,40,init_knn1,TD_U,exponential,789.3752443871319,807.9405477820585,1.0,0.5151741293532338,6.497538234312786,121.33086314833031,0.0,0.033202332554105735,"[[3105, 0], [0, 2853]]","[[190, 155], [166, 151]]"
disclosure_x_bias,41,init_knn1,TD_U,exponential,790.0171494561727,808.026169317298,1.0,0.5151741293532338,6.543019791565928,121.82160837192953,0.0,0.033202332554105735,"[[3105, 0], [0, 2853]]","[[190, 155], [166, 151]]"
disclosure_x_bias,42,init_knn1,TD_U,exponential,790.7385902239946,808.6132008313577,1.0,0.5151741293532338,6.416089682446699,121.27045832581358,0.0,0.033202332554105735,"[[3105, 0], [0, 2853]]","[[190, 155], [166, 151]]"
disclosure_x_bias,43,init_knn1,TD_U,exponential,791.5060639040837,809.0393014240038,1.0,0.5151741293532338,6.310114178871795,121.24962582415606,0.0,0.033202332554105735,"[[3105, 0], [0, 2853]]","[[190, 155], [166, 151]]"
disclosure_x_bias,44,init_knn1,TD_U,exponential,792.4673969507465,809.7554994451696,1.0,0.5151741293532338,6.534174992985008,120.8882486781784,0.0,0.033202332554105735,"[[3105, 0], [0, 2853]]","[[190, 155], [166, 151]]"
disclosure_x_bias,45,init_knn1,TD_U,exponential,793.2191052646384,811.0431666613115,1.0,0.5151741293532338,6.588945901388275,121.15580016994576,0.0,0.033202332554105735,"[[3105, 0], [0, 2853]]","[[190, 155], [166, 151]]"
disclosure_x_bias,46,init_knn1,TD_U,exponential,794.1438543902393,811.7989602509826,1.0,0.5151741293532338,6.740289702457913,121.8562675683833,0.0,0.033202332554105735,"[[3105, 0], [0, 2853]]","[[190, 155], [166, 151]]"
disclosure_x_bias,47,init_knn1,TD_U,exponential,795.3475227388496,813.8824197850242,1.0,0.5151741293532338,7.9336441335169425,124.41368025847727,0.0,0.033202332554105735,"[[3105, 0], [0, 2853]]","[[190, 155], [166, 151]]"
disclosure_x_bias,48,init_knn1,TD_U,exponential,796.1367239012847,814.5362848145004,1.0,0.5151741293532338,7.800863517328292,124.59093465133955,0.0,0.033202332554105735,"[[3105, 0], [0, 2853]]","[[190, 155], [166, 151]]"
disclosure_x_bias,49,init_knn1,TD_U,exponential,796.8776762091354,814.4231510626964,1.0,0.5151741293532338,7.853627712677048,124.49751349393517,0.0,0.033202332554105735,"[[3105, 0], [0, 2853]]","[[190, 155], [166, 151]]"
disclosure_x_bias,50,init_knn1,TD_U,exponential,797.5993914878434,814.6777378931716,1.0,0.5151741293532338,7.78319404686268,124.8428779956547,0.0,0.033202332554105735,"[[3105, 0], [0, 2853]]","[[190, 155], [166, 151]]"
disclosure_x_bias,51,init_knn1,TD_U,exponential,798.1043088452352,815.0225990432909,1.0,0.5151741293532338,7.616239380893741,124.62868991370098,0.0,0.033202332554105735,"[[3105, 0], [0, 2853]]","[[190, 155], [166, 151]]"
disclosure_x_bias,52,init_knn1,TD_U,exponential,798.7722415754208,815.718903344286,1.0,0.5151741293532338,7.732020114989105,123.87148257647725,0.0,0.033202332554105735,"[[3105, 0], [0, 2853]]","[[190, 155], [166, 151]]"
disclosure_x_bias,53,init_knn1,TD_U,exponential,799.5545156857863,816.0922104334595,1.0,0.5151741293532338,7.880151737416026,123.79471955105085,0.0,0.033202332554105735,"[[3105, 0], [0, 2853]]","[[190, 155], [166, 151]]"
disclosure_x_bias,54,init_knn1,TD_U,exponential,800.3616155704012,817.1203173870766,1.0,0.5151741293532338,7.724903628410739,123.45727294401193,0.0,0.033202332554105735,"[[3105, 0], [0, 2853]]","[[190, 155], [166, 151]]"
disclosure_x_bias,55,init_knn1,TD_U,exponential,800.8598644333891,817.8926124490904,1.0,0.5151741293532338,7.676299863619032,123.81782124004067,0.0,0.033202332554105735,"[[3105, 0], [0, 2853]]","[[190, 155], [166, 151]]"
disclosure_x_bias,56,init_knn1,TD_U,exponential,801.545209212056,818.1221600979649,1.0,0.5151741293532338,7.631058304591297,123.45587192680635,0.0,0.033202332554105735,"[[3105, 0], [0, 2853]]","[[190, 155], [166, 151]]"
disclosure_x_bias,57,init_knn1,TD_U,exponential,802.1116105880647,818.5956409047251,1.0,0.5151741293532338,7.6207849485454995,124.02799205430195,0.0,0.033202332554105735,"[[3105, 0], [0, 2853]]","[[190, 155], [166, 151]]"
disclosure_x_bias,58,init_knn1,TD_U,exponential,802.975126713809,819.9109029338551,1.0,0.5151741293532338,7.6401928521919595,123.41828308343797,0.0,0.033202332554105735,"[[3105, 0], [0, 2853]]","[[190, 155], [166, 151]]"
disclosure_x_bias,59,init_knn1,TD_U,exponential,803.9811396024995,820.9761276279766,1.0,0.5151741293532338,7.7301762587406335,124.52269443308903,0.0,0.033202332554105735,"[[3105, 0], [0, 2853]]","[[190, 155], [166, 151]]"
disclosure_x_bias,60,init_knn1,TD_U,exponential,804.691640909599,820.9675896943265,1.0,0.5151741293532338,7.490087687774575,124.70951362579,0.0,0.033202332554105735,"[[3105, 0], [0, 2853]]","[[190, 155], [166, 151]]"
disclosure_x_bias,61,init_knn1,TD_U,exponential,805.3237558860076,821.688221634915,1.0,0.5151741293532338,7.6402497252929455,124.92113628552318,0.0,0.033202332554105735,"[[3105, 0], [0, 2853]]","[[190, 155], [166, 151]]"
disclosure_x_bias,62,init_knn1,TD_U,exponential,805.8380483260902,822.3266198217731,1.0,0.5151741293532338,7.556982010042531,125.18255928279622,0.0,0.033202332554105735,"[[3105, 0], [0, 2853]]","[[190, 155], [166, 151]]"
disclosure_x_bias,63,init_knn1,TD_U,exponential,806.5225587669822,822.3991054144365,1.0,0.5151741293532338,7.661489751435764,125.64933572118288,0.0,0.033202332554105735,"[[3105, 0], [0, 2853]]","[[190, 155], [166, 151]]"
disclosure_x_bias,64,init_knn1,TD_U,exponential,807.0552770472275,822.5837809198061,1.0,0.5151741293532338,7.667571146628558,125.76633767152536,0.0,0.033202332554105735,"[[3105, 0], [0, 2853]]","[[190, 155], [166, 151]]"
disclosure_x_bias,65,init_knn1,TD_U,exponential,808.1941329834046,823.9925035938392,1.0,0.5151741293532338,9.551434088563921,129.15274461571764,0.0,0.033202332554105735,"[[3105, 0], [0, 2853]]","[[190, 155], [166, 151]]"
disclosure_x_bias,66,init_knn1,TD_U,exponential,808.7890912073627,824.3653916470814,1.0,0.5151741293532338,9.592526493773285,128.6524008905648,0.0,0.033202332554105735,"[[3105, 0], [0, 2853]]","[[190, 155], [166, 151]]"
disclosure_x_bias,67,init_knn1,TD_U,exponential,809.1611366609161,825.1517500849392,1.0,0.5151741293532338,9.610573948180715,128.5299384306947,0.0,0.033202332554105735,"[[3105, 0], [0, 2853]]","[[190, 155], [166, 151]]"
disclosure_x_bias,68,init_knn1,TD_U,exponential,809.5769195990008,825.7775625848001,1.0,0.5151741293532338,9.483007984251465,128.29508289817556,0.0,0.033202332554105735,"[[3105, 0], [0, 2853]]","[[190, 155], [166, 151]]"
disclosure_x_bias,69,init_knn1,TD_U,exponential,810.1957103125527,825.7554796002329,1.0,0.5151741293532338,9.33476299917204,128.05715445187275,0.0,0.033202332554105735,"[[3105, 0], [0, 2853]]","[[190, 155], [166, 151]]"
disclosure_x_bias,70,init_knn1,TD_U,exponential,810.6664452169025,826.0280934561011,1.0,0.5151741293532338,9.374921338929164,127.96878710759636,0.0,0.033202332554105735,"[[3105, 0], [0, 2853]]","[[190, 155], [166, 151]]"
disclosure_x_bias,71,init_knn1,TD_U,exponential,811.6596307106346,826.7110708564711,1.0,0.5151741293532338,9.265837871763814,127.69881238879198,0.0,0.033202332554105735,"[[3105, 0], [0, 2853]]","[[190, 155], [166, 151]]"
disclosure_x_bias,72,init_knn1,TD_U,exponential,812.2176667710859,827.5874602423935,1.0,0.5151741293532338,9.182806719583688,128.3334437423864,0.0,0.033202332554105735,"[[3105, 0], [0, 2853]]","[[190, 155], [166, 151]]"
disclosure_x_bias,73,init_knn1,TD_U,exponential,812.863697970016,828.2711106550236,1.0,0.5151741293532338,9.315456333276556,128.05956546313064,0.0,0.033202332554105735,"[[3105, 0], [0, 2853]]","[[190, 155], [166, 151]]"
disclosure_x_bias,74,init_knn1,TD_U,exponential,813.3207469890737,828.7604805273729,1.0,0.5151741293532338,9.360263682757575,128.44500043264748,0.0,0.033202332554105735,"[[3105, 0], [0, 2853]]","[[190, 155], [166, 151]]"
disclosure_x_bias,75,init_knn1,TD_U,exponential,813.6866042109284,829.2215499981432,1.0,0.5151741293532338,9.24291623377052,128.23301447209954,0.0,0.033202332554105735,"[[3105, 0], [0, 2853]]","[[190, 155], [166, 151]]"
disclosure_x_bias,76,init_knn1,TD_U,exponential,814.404768516746,829.2042217649357,1.0,0.5151741293532338,9.279337767791201,128.36476687417576,0.0,0.033202332554105735,"[[3105, 0], [0, 2853]]","[[190, 155], [166, 151]]"
disclosure_x_bias,77,init_knn1,TD_U,exponential,815.0603969916563,829.6234192844167,1.0,0.5151741293532338,9.419745786159794,128.23238736150546,0.0,0.033202332554105735,"[[3105, 0], [0, 2853]]","[[190, 155], [166, 151]]"
disclosure_x_bias,78,init_knn1,TD_U,exponential,815.2703918229909,830.2095929223018,1.0,0.5151741293532338,9.348235712099369,129.0709681371307,0.0,0.033202332554105735,"[[3105, 0], [0, 2853]]","[[190, 155], [166, 151]]"
disclosure_x_bias,79,init_knn1,TD_U,exponential,816.8232106675549,832.1230608575967,1.0,0.5151741293532338,11.077917870089548,133.03075404349153,0.0,0.033202332554105735,"[[3105, 0], [0, 2853]]","[[190, 155], [166, 151]]"
disclosure_x_bias,80,init_knn1,TD_U,exponential,817.6353563001705,832.3131444976128,1.0,0.5151741293532338,11.040279652088621,132.76809090272522,0.0,0.033202332554105735,"[[3105, 0], [0, 2853]]","[[190, 155], [166, 151]]"
disclosure_x_bias,81,init_knn1,TD_U,exponential,818.1230478834389,832.7318757942696,1.0,0.5151741293532338,11.187485315921554,132.78805801058311,0.0,0.033202332554105735,"[[3105, 0], [0, 2853]]","[[190, 155], [166, 151]]"
disclosure_x_bias,82,init_knn1,TD_U,exponential,818.6751235040068,833.2923737179732,1.0,0.5151741293532338,11.167471119204652,132.72116643868108,0.0,0.033202332554105735,"[[3105, 0], [0, 2853]]","[[190, 155], [166, 151]]"
disclosure_x_bias,83,init_knn1,TD_U,exponential,819.1886838690431,833.3697195695258,1.0,0.5151741293532338,11.177321166318352,132.68220120772418,0.0,0.033202332554105735,"[[3105, 0], [0, 2853]]","[[190, 155], [166, 151]]"
disclosure_x_bias,84,init_knn1,TD_U,exponential,819.847011251061,834.1158839292272,1.0,0.5151741293532338,11.180189464472345,132.43986155970472,0.0,0.033202332554105735,"[[3105, 0], [0, 2853]]","[[190, 155], [166, 151]]"
disclosure_x_bias,85,init_knn1,TD_U,exponential,820.6086499291077,834.0926122366254,1.0,0.5151741293532338,11.443560027578975,132.3104068135372,0.0,0.033202332554105735,"[[3105, 0], [0, 2853]]","[[190, 155], [166, 151]]"
disclosure_x_bias,86,init_knn1,TD_U,exponential,821.0425750150882,834.0536340953471,1.0,0.5151741293532338,11.351289624443915,132.11000127840032,0.0,0.033202332554105735,"[[3105, 0], [0, 2853]]","[[190, 155], [166, 151]]"
disclosure_x_bias,87,init_knn1,TD_U,exponential,821.7371280001238,834.8729760149633,1.0,0.5151741293532338,11.346585977960633,131.9362277510414,0.0,0.033202332554105735,"[[3105, 0], [0, 2853]]","[[190, 155], [166, 151]]"
disclosure_x_bias,88,init_knn1,TD_U,exponential,822.2011004441935,835.274387275034,1.0,0.5151741293532338,11.35009445508455,132.10163298737746,0.0,0.033202332554105735,"[[3105, 0], [0, 2853]]","[[190, 155], [166, 151]]"
disclosure_x_bias,89,init_knn1,TD_U,exponential,822.7622121421764,835.1528196975853,1.0,0.5151741293532338,11.406784321942933,132.0449778563559,0.0,0.033202332554105735,"[[3105, 0], [0, 2853]]","[[190, 155], [166, 151]]"
disclosure_x_bias,90,init_knn1,TD_U,exponential,823.4408947884764,836.5948277357566,1.0,0.5151741293532338,11.301943695120137,132.1225001845011,0.0,0.033202332554105735,"[[3105, 0], [0, 2853]]","[[190, 155], [166, 151]]"
disclosure_x_bias,91,init_knn1,TD_U,exponential,823.9072763271035,837.1603976700617,1.0,0.5151741293532338,11.42754566287809,132.03907760616906,0.0,0.033202332554105735,"[[3105, 0], [0, 2853]]","[[190, 155], [166, 151]]"
disclosure_x_bias,92,init_knn1,TD_U,exponential,824.5458233752848,837.2630929413148,1.0,0.5151741293532338,11.331988826462918,131.84910111652937,0.0,0.033202332554105735,"[[3105, 0], [0, 2853]]","[[190, 155], [166, 151]]"
disclosure_x_bias,93,init_knn1,TD_U,exponential,824.9787650034041,837.9171119951491,1.0,0.5151741293532338,11.282652441389873,132.76338869973992,0.0,0.033202332554105735,"[[3105, 0], [0, 2853]]","[[190, 155], [166, 151]]"
disclosure_x_bias,94,init_knn1,TD_U,exponential,825.2561719608559,837.833813427627,1.0,0.5151741293532338,11.353002041100668,132.47608879697256,0.0,0.033202332554105735,"[[3105, 0], [0, 2853]]","[[190, 155], [166, 151]]"
disclosure_x_bias,95,init_knn1,TD_U,exponential,825.6767411616763,838.2937264444327,1.0,0.5151741293532338,11.463535201293096,132.82559603626967,0.0,0.033202332554105735,"[[3105, 0], [0, 2853]]","[[190, 155], [166, 151]]"
disclosure_x_bias,96,init_knn1,TD_U,exponential,826.1284701407901,838.4461963638275,1.0,0.5151741293532338,11.536773476381057,133.35202805406348,0.0,0.033202332554105735,"[[3105, 0], [0, 2853]]","[[190, 155], [166, 151]]"
disclosure_x_bias,97,init_knn1,TD_U,exponential,826.6124133419959,838.2786873507221,1.0,0.5151741293532338,11.281812769832591,133.34635573263313,0.0,0.033202332554105735,"[[3105, 0], [0, 2853]]","[[190, 155], [166, 151]]"
disclosure_x_bias,98,init_knn1,TD_U,exponential,827.4886877452133,839.3525094364865,1.0,0.5151741293532338,11.225420390803128,133.4733290143666,0.0,0.033202332554105735,"[[3105, 0], [0, 2853]]","[[190, 155], [166, 151]]"
disclosure_x_bias,99,init_knn1,TD_U,exponential,827.7573715787033,839.2446167274065,1.0,0.5151741293532338,11.389664396977086,133.36862225603264,0.0,0.033202332554105735,"[[3105, 0], [0, 2853]]","[[190, 155], [166, 151]]"
disclosure_x_bias,100,init_knn1,TD_U,exponential,828.5294795242064,839.42967866198,1.0,0.5151741293532338,11.291003948675899,133.44490657502914,0.0,0.033202332554105735,"[[3105, 0], [0, 2853]]","[[190, 155], [166, 151]]"
disclosure_x_bias,101,init_knn1,TD_U,exponential,829.1032092376487,839.465863160934,1.0,0.5151741293532338,11.469787601087356,133.39557975265296,0.0,0.033202332554105735,"[[3105, 0], [0, 2853]]","[[190, 155], [166, 151]]"
disclosure_x_bias,102,init_knn1,TD_U,exponential,830.4717602865678,841.3205468343891,1.0,0.5151741293532338,13.420493668887751,137.2880771244181,0.0,0.033202332554105735,"[[3105, 0], [0, 2853]]","[[190, 155], [166, 151]]"
disclosure_x_bias,103,init_knn1,TD_U,exponential,831.0297877027499,842.065513959497,1.0,0.5151741293532338,13.499851015214094,136.561501956754,0.0,0.033202332554105735,"[[3105, 0], [0, 2853]]","[[190, 155], [166, 151]]"
disclosure_x_bias,104,init_knn1,TD_U,exponential,831.8047052114487,842.24043151776,1.0,0.5151741293532338,13.539383072964299,137.17136704007564,0.0,0.033202332554105735,"[[3105, 0], [0, 2853]]","[[190, 155], [166, 151]]"
disclosure_x_bias,105,init_knn1,TD_U,exponential,832.1787152172976,842.422849677481,1.0,0.5151741293532338,13.671015314186299,137.30351298748838,0.0,0.033202332554105735,"[[3105, 0], [0, 2853]]","[[190, 155], [166, 151]]"
disclosure_x_bias,106,init_knn1,TD_U,exponential,832.5579787668499,842.9355180500552,1.0,0.5151741293532338,13.51010163799972,137.23919998699208,0.0,0.033202332554105735,"[[3105, 0], [0, 2853]]","[[190, 155], [166, 151]]"
disclosure_x_bias,107,init_knn1,TD_U,exponential,832.7574364065471,843.0161129734921,1.0,0.5151741293532338,13.52436394100273,137.2874168755511,0.0,0.033202332554105735,"[[3105, 0], [0, 2853]]","[[190, 155], [166, 151]]"
disclosure_x_bias,108,init_knn1,TD_U,exponential,833.1483682227581,843.7747477594187,1.0,0.5151741293532338,13.40921626661708,138.0662712793389,0.0,0.033202332554105735,"[[3105, 0], [0, 2853]]","[[190, 155], [166, 151]]"
disclosure_x_bias,109,init_knn1,TD_U,exponential,833.440160706485,843.8029594259708,1.0,0.5151741293532338,13.602153036020606,137.92545511996187,0.0,0.033202332554105735,"[[3105, 0], [0, 2853]]","[[190, 155], [166, 151]]"
disclosure_x_bias,110,init_knn1,TD_U,exponential,833.9322283539232,844.636379584681,1.0,0.5151741293532338,13.963858483788428,138.40987291631507,0.0,0.033202332554105735,"[[3105, 0], [0, 2853]]","[[190, 155], [166, 151]]"
disclosure_x_bias,111,init_knn1,TD_U,exponential,834.5105963369045,845.5507113932683,1.0,0.5151741293532338,14.387038142275731,137.70704372441048,0.0,0.033202332554105735,"[[3105, 0], [0, 2853]]","[[190, 155], [166, 151]]"
disclosure_x_bias,112,init_knn1,TD_U,exponential,835.0393265322851,846.39932833814,1.0,0.5151741293532338,14.384381709872251,138.24688463568017,0.0,0.033202332554105735,"[[3105, 0], [0, 2853]]","[[190, 155], [166, 151]]"
disclosure_x_bias,113,init_knn1,TD_U,exponential,835.5642927555542,846.764546412743,1.0,0.5151741293532338,14.335093392878688,138.48758879499502,0.0,0.033202332554105735,"[[3105, 0], [0, 2853]]","[[190, 155], [166, 151]]"
disclosure_x_bias,114,init_knn1,TD_U,exponential,835.6445843349113,846.7965503252799,1.0,0.5151741293532338,14.248985157774905,138.49147417017804,0.0,0.033202332554105735,"[[3105, 0], [0, 2853]]","[[190, 155], [166, 151]]"
disclosure_x_bias,115,init_knn1,TD_U,exponential,836.0812920181336,846.6586108111536,1.0,0.5151741293532338,14.226276501097823,138.52341462632566,0.0,0.033202332554105735,"[[3105, 0], [0, 2853]]","[[190, 155], [166, 151]]"
disclosure_x_bias,116,init_knn1,TD_U,exponential,836.3699075525863,846.6439504677348,1.0,0.5151741293532338,14.316613372491148,138.69860133313085,0.0,0.033202332554105735,"[[3105, 0], [0, 2853]]","[[190, 155], [166, 151]]"
disclosure_x_bias,117,init_knn1,TD_U,exponential,836.5506347074337,846.8008643501462,1.0,0.5151741293532338,14.235743099379722,138.66811624340016,0.0,0.033202332554105735,"[[3105, 0], [0, 2853]]","[[190, 155], [166, 151]]"
disclosure_x_bias,118,init_knn1,TD_U,exponential,837.1452229357453,847.3180848979357,1.0,0.5151741293532338,14.205782894671021,138.26561382647168,0.0,0.033202332554105735,"[[3105, 0], [0, 2853]]","[[190, 155], [166, 151]]"
disclosure_x_bias,119,init_knn1,TD_U,exponential,837.26275931151,846.9815401394035,1.0,0.5151741293532338,14.105177930514289,138.30810080859524,0.0,0.033202332554105735,"[[3105, 0], [0, 2853]]","[[190, 155], [166, 151]]"
disclosure_x_bias,120,init_knn1,TD_U,exponential,837.931442792843,847.7475474836128,1.0,0.5151741293532338,14.12204369334571,138.00061604271173,0.0,0.033202332554105735,"[[3105, 0], [0, 2853]]","[[190, 155], [166, 151]]"
disclosure_x_bias,121,init_knn1,TD_U,exponential,838.55031809874,848.3246535081568,1.0,0.5151741293532338,14.010420088597876,137.89974035606306,0.0,0.033202332554105735,"[[3105, 0], [0, 2853]]","[[190, 155], [166, 151]]"
disclosure_x_bias,122,init_knn1,TD_U,exponential,838.7153673488885,848.4096858532239,1.0,0.5151741293532338,14.064739243694635,138.5431553942236,0.0,0.033202332554105735,"[[3105, 0], [0, 2853]]","[[190, 155], [166, 151]]"
disclosure_x_bias,123,init_knn1,TD_U,exponential,838.9357386878453,848.6697081102363,1.0,0.5151741293532338,14.239741516212538,138.9459784099883,0.0,0.033202332554105735,"[[3105, 0], [0, 2853]]","[[190, 155], [166, 151]]"
disclosure_x_bias,124,init_knn1,TD_U,exponential,839.46009274634,849.2995670517082,1.0,0.5151741293532338,14.087713050633853,138.54077457898939,0.0,0.033202332554105735,"[[3105, 0], [0, 2853]]","[[190, 155], [166, 151]]"
disclosure_x_bias,125,init_knn1,TD_U,exponential,839.5712652426315,849.280852257579,1.0,0.5151741293532338,14.188339238932409,138.92285686390937,0.0,0.033202332554105735,"[[3105, 0], [0, 2853]]","[[190, 155], [166, 151]]"
disclosure_x_bias,126,init_knn1,TD_U,exponential,840.0816523453374,849.8002669193456,1.0,0.5151741293532338,14.343756712647057,138.78959906322433,0.0,0.033202332554105735,"[[3105, 0], [0, 2853]]","[[190, 155], [166, 151]]"
disclosure_x_bias,127,init_knn1,TD_U,exponential,840.180978384964,849.6501762509181,1.0,0.5151741293532338,14.448953540997692,138.98606800857,0.0,0.033202332554105735,"[[3105, 0], [0, 2853]]","[[190, 155], [166, 151]]"
disclosure_x_bias,128,init_knn1,TD_U,exponential,840.3063191827563,849.6448645583405,1.0,0.5151741293532338,14.400964966818918,139.05487018681208,0.0,0.033202332554105735,"[[3105, 0], [0, 2853]]","[[190, 155], [166, 151]]"
disclosure_x_bias,129,init_knn1,TD_U,exponential,840.5629488193454,849.5530254816204,1.0,0.5151741293532338,14.50422526153769,139.38695879926414,0.0,0.033202332554105735,"[[3105, 0], [0, 2853]]","[[190, 155], [166, 151]]"
disclosure_x_bias,130,init_knn1,TD_U,exponential,841.1649426290854,849.398829329211,1.0,0.5151741293532338,13.987528584679854,139.2129687999316,0.0,0.033202332554105735,"[[3105, 0], [0, 2853]]","[[190, 155], [166, 151]]"
disclosure_x_bias,131,init_knn1,TD_U,exponential,841.6943955586978,849.7015023059105,1.0,0.5151741293532338,13.980292295384505,139.3805273742082,0.0,0.033202332554105735,"[[3105, 0], [0, 2853]]","[[190, 155], [166, 151]]"
disclosure_x_bias,132,init_knn1,TD_U,exponential,841.9001074479596,849.8658133636056,1.0,0.5151741293532338,13.965431418917152,139.30835673770522,0.0,0.033202332554105735,"[[3105, 0], [0, 2853]]","[[190, 155], [166, 151]]"
disclosure_x_bias,133,init_knn1,TD_U,exponential,842.4402276234174,849.9494040555697,1.0,0.5151741293532338,13.792004201742074,139.15837156340731,0.0,0.033202332554105735,"[[3105, 0], [0, 2853]]","[[190, 155], [166, 151]]"
disclosure_x_bias,134,init_knn1,TD_U,exponential,842.5609366947319,849.5959006745231,1.0,0.5151741293532338,13.73623107693992,139.16998756639498,0.0,0.033202332554105735,"[[3105, 0], [0, 2853]]","[[190, 155], [166, 151]]"
disclosure_x_bias,135,init_knn1,TD_U,exponential,843.8377367268537,849.728182032695,1.0,0.5151741293532338,14.00953722652824,139.5085791393835,0.0,0.033202332554105735,"[[3105, 0], [0, 2853]]","[[190, 155], [166, 151]]"
disclosure_x_bias,136,init_knn1,TD_U,exponential,844.5272330578221,850.2565031498432,1.0,0.5151741293532338,14.065507029295864,139.52210721002206,0.0,0.033202332554105735,"[[3105, 0], [0, 2853]]","[[190, 155], [166, 151]]"
disclosure_x_bias,137,init_knn1,TD_U,exponential,845.590928899726,852.1651712040579,1.0,0.5151741293532338,16.517092675681127,144.39464024794793,0.0,0.033202332554105735,"[[3105, 0], [0, 2853]]","[[190, 155], [166, 151]]"
disclosure_x_bias,138,init_knn1,TD_U,exponential,845.7923482019899,852.4762640437508,1.0,0.5151741293532338,16.452071671998908,144.49269325220695,0.0,0.033202332554105735,"[[3105, 0], [0, 2853]]","[[190, 155], [166, 151]]"
disclosure_x_bias,139,init_knn1,TD_U,exponential,845.8607753953268,852.4342083890609,1.0,0.5151741293532338,16.541478315657884,144.69620482637654,0.0,0.033202332554105735,"[[3105, 0], [0, 2853]]","[[190, 155], [166, 151]]"
disclosure_x_bias,140,init_knn1,TD_U,exponential,846.2390985105334,852.6426141328923,1.0,0.5151741293532338,16.546786376371415,145.0539064735172,0.0,0.033202332554105735,"[[3105, 0], [0, 2853]]","[[190, 155], [166, 151]]"
disclosure_x_bias,141,init_knn1,TD_U,exponential,846.3918262867626,852.4490368837453,1.0,0.5151741293532338,16.70298577269429,145.24126644865666,0.0,0.033202332554105735,"[[3105, 0], [0, 2853]]","[[190, 155], [166, 151]]"
disclosure_x_bias,142,init_knn1,TD_U,exponential,846.7530035682094,853.1453543717162,1.0,0.5151741293532338,16.33754269142353,144.57445479958287,0.0,0.033202332554105735,"[[3105, 0], [0, 2853]]","[[190, 155], [166, 151]]"
disclosure_x_bias,143,init_knn1,TD_U,exponential,846.8152380973136,852.7660211694347,1.0,0.5151741293532338,16.34663610244444,144.6387934091056,0.0,0.033202332554105735,"[[3105, 0], [0, 2853]]","[[190, 155], [166, 151]]"
disclosure_x_bias,144,init_knn1,TD_U,exponential,847.0690450780021,853.3339406717536,1.0,0.5151741293532338,16.373574366580204,144.22129113767616,0.0,0.033202332554105735,"[[3105, 0], [0, 2853]]","[[190, 155], [166, 151]]"
disclosure_x_bias,145,init_knn1,TD_U,exponential,847.5620256955465,853.0867742321825,1.0,0.5151741293532338,16.40490029058186,144.2388447637656,0.0,0.033202332554105735,"[[3105, 0], [0, 2853]]","[[190, 155], [166, 151]]"
disclosure_x_bias,146,init_knn1,TD_U,exponential,847.6820359364195,853.1839066357494,1.0,0.5151741293532338,16.516635002744184,144.0538187260914,0.0,0.033202332554105735,"[[3105, 0], [0, 2853]]","[[190, 155], [166, 151]]"
disclosure_x_bias,147,init_knn1,TD_U,exponential,847.9264060833782,853.0188336570676,1.0,0.5151741293532338,16.956804105388212,144.12734728174317,0.0,0.033202332554105735,"[[3105, 0], [0, 2853]]","[[190, 155], [166, 151]]"
disclosure_x_bias,148,init_knn1,TD_U,exponential,848.1073387295116,853.3627827429422,1.0,0.5151741293532338,16.821092480654524,143.99120543546587,0.0,0.033202332554105735,"[[3105, 0], [0, 2853]]","[[190, 155], [166, 151]]"
disclosure_x_bias,149,init_knn1,TD_U,exponential,848.5856192046494,853.3609113009716,1.0,0.5151741293532338,16.83445002416976,143.94567799058208,0.0,0.033202332554105735,"[[3105, 0], [0, 2853]]","[[190, 155], [166, 151]]"
disclosure_x_bias,150,init_knn1,TD_U,exponential,849.2105422172057,854.2141092638676,1.0,0.5151741293532338,16.762452121851315,144.09973564785815,0.0,0.033202332554105735,"[[3105, 0], [0, 2853]]","[[190, 155], [166, 151]]"
disclosure_x_bias,151,init_knn1,TD_U,exponential,849.4986903973997,854.370162176138,1.0,0.5151741293532338,16.576384841503923,144.11686654183768,0.0,0.033202332554105735,"[[3105, 0], [0, 2853]]","[[190, 155], [166, 151]]"
disclosure_x_bias,152,init_knn1,TD_U,exponential,849.6433333443294,854.3479773416836,1.0,0.5151741293532338,16.534242657472337,144.09658191713606,0.0,0.033202332554105735,"[[3105, 0], [0, 2853]]","[[190, 155], [166, 151]]"
disclosure_x_bias,153,init_knn1,TD_U,exponential,850.0821345232847,854.697819260813,1.0,0.5151741293532338,16.521886607467717,144.97110046134577,0.0,0.033202332554105735,"[[3105, 0], [0, 2853]]","[[190, 155], [166, 151]]"
disclosure_x_bias,154,init_knn1,TD_U,exponential,850.3009229992655,854.7304853855442,1.0,0.5151741293532338,16.593167126161724,145.31324122341525,0.0,0.033202332554105735,"[[3105, 0], [0, 2853]]","[[190, 155], [166, 151]]"
disclosure_x_bias,155,init_knn1,TD_U,exponential,850.384194209463,854.6428357980965,1.0,0.5151741293532338,16.507830332191144,145.23196930885877,0.0,0.033202332554105735,"[[3105, 0], [0, 2853]]","[[190, 155], [166, 151]]"
disclosure_x_bias,156,init_knn1,TD_U,exponential,850.6670373491928,854.8016695356542,1.0,0.5151741293532338,16.603796713537186,145.54722442675697,0.0,0.033202332554105735,"[[3105, 0], [0, 2853]]","[[190, 155], [166, 151]]"
disclosure_x_bias,157,init_knn1,TD_U,exponential,851.0296104166922,854.6105374864503,1.0,0.5151741293532338,16.375224605830436,144.7569197879886,0.0,0.033202332554105735,"[[3105, 0], [0, 2853]]","[[190, 155], [166, 151]]"
disclosure_x_bias,158,init_knn1,TD_U,exponential,851.6131705766077,855.527388971352,1.0,0.5151741293532338,16.67448097573701,145.30034861730007,0.0,0.033202332554105735,"[[3105, 0], [0, 2853]]","[[190, 155], [166, 151]]"
disclosure_x_bias,159,init_knn1,TD_U,exponential,852.0116992310889,855.2205508568538,1.0,0.5151741293532338,16.65858149023148,145.1685752872346,0.0,0.033202332554105735,"[[3105, 0], [0, 2853]]","[[190, 155], [166, 151]]"
disclosure_x_bias,160,init_knn1,TD_U,exponential,852.1578465772687,855.4706166332659,1.0,0.5151741293532338,16.523855365511725,145.20548771841706,0.0,0.033202332554105735,"[[3105, 0], [0, 2853]]","[[190, 155], [166, 151]]"
disclosure_x_bias,161,init_knn1,TD_U,exponential,852.4009564896851,855.3971763994159,1.0,0.5151741293532338,16.737652536411836,145.01715038068642,0.0,0.033202332554105735,"[[3105, 0], [0, 2853]]","[[190, 155], [166, 151]]"
disclosure_x_bias,162,init_knn1,TD_U,exponential,852.5197581649863,855.4189032065326,1.0,0.5151741293532338,16.545226732140833,145.16330462056382,0.0,0.033202332554105735,"[[3105, 0], [0, 2853]]","[[190, 155], [166, 151]]"
disclosure_x_bias,163,init_knn1,TD_U,exponential,852.9605156913606,855.3790939094433,1.0,0.5151741293532338,16.894861497232572,145.24013460247605,0.0,0.033202332554105735,"[[3105, 0], [0, 2853]]","[[190, 155], [166, 151]]"
disclosure_x_bias,164,init_knn1,TD_U,exponential,853.0915217481031,855.6011947279782,1.0,0.5151741293532338,16.953193672153784,145.8818951245206,0.0,0.033202332554105735,"[[3105, 0], [0, 2853]]","[[190, 155], [166, 151]]"
disclosure_x_bias,165,init_knn1,TD_U,exponential,853.3839342138095,855.6316144727878,1.0,0.5151741293532338,17.13147232697043,146.02341270306277,0.0,0.033202332554105735,"[[3105, 0], [0, 2853]]","[[190, 155], [166, 151]]"
disclosure_x_bias,166,init_knn1,TD_U,exponential,853.8861100642118,856.2997033599461,1.0,0.5151741293532338,16.778099641019967,146.0755702502844,0.0,0.033202332554105735,"[[3105, 0], [0, 2853]]","[[190, 155], [166, 151]]"
disclosure_x_bias,167,init_knn1,TD_U,exponential,854.080535163939,856.4044923469776,1.0,0.5151741293532338,16.976415553377286,146.3563561146931,0.0,0.033202332554105735,"[[3105, 0], [0, 2853]]","[[190, 155], [166, 151]]"
disclosure_x_bias,168,init_knn1,TD_U,exponential,854.2117406248628,856.635674664255,1.0,0.5151741293532338,16.846521143764498,146.41432941940448,0.0,0.033202332554105735,"[[3105, 0], [0, 2853]]","[[190, 155], [166, 151]]"
disclosure_x_bias,169,init_knn1,TD_U,exponential,854.4846298674844,856.7088348584706,1.0,0.5151741293532338,16.93833827029887,146.33289336863075,0.0,0.033202332554105735,"[[3105, 0], [0, 2853]]","[[190, 155], [166, 151]]"
disclosure_x_bias,170,init_knn1,TD_U,exponential,854.9838154826696,857.321337512269,1.0,0.5151741293532338,16.798823088441836,145.97935678119464,0.0,0.033202332554105735,"[[3105, 0], [0, 2853]]","[[190, 155], [166, 151]]"
disclosure_x_bias,171,init_knn1,TD_U,exponential,855.2426325099502,857.5141145671435,1.0,0.5151741293532338,16.852746722659067,146.2387048216357,0.0,0.033202332554105735,"[[3105, 0], [0, 2853]]","[[190, 155], [166, 151]]"
disclosure_x_bias,172,init_knn1,TD_U,exponential,855.324275526515,857.5840861700214,1.0,0.5151741293532338,16.92245143728977,146.7922086496602,0.0,0.033202332554105735,"[[3105, 0], [0, 2853]]","[[190, 155], [166, 151]]"
disclosure_x_bias,173,init_knn1,TD_U,exponential,855.956977665038,858.1506933366711,1.0,0.5151741293532338,16.542829293537654,146.47800353777725,0.0,0.033202332554105735,"[[3105, 0], [0, 2853]]","[[190, 155], [166, 151]]"
disclosure_x_bias,174,init_knn1,TD_U,exponential,856.0917659142648,858.012549971649,1.0,0.5151741293532338,16.60894408886565,146.39274028832904,0.0,0.033202332554105735,"[[3105, 0], [0, 2853]]","[[190, 155], [166, 151]]"
disclosure_x_bias,175,init_knn1,TD_U,exponential,856.3971518116807,858.5092342342459,1.0,0.5151741293532338,16.438497705285073,146.5011534477003,0.0,0.033202332554105735,"[[3105, 0], [0, 2853]]","[[190, 155], [166, 151]]"
disclosure_x_bias,176,init_knn1,TD_U,exponential,856.5553005432063,858.2426594637175,1.0,0.5151741293532338,16.504250130520873,146.50249509659227,0.0,0.033202332554105735,"[[3105, 0], [0, 2853]]","[[190, 155], [166, 151]]"
disclosure_x_bias,177,init_knn1,TD_U,exponential,856.784496726819,858.5564286862336,1.0,0.5151741293532338,16.464188659365604,146.48101433115764,0.0,0.033202332554105735,"[[3105, 0], [0, 2853]]","[[190, 155], [166, 151]]"
disclosure_x_bias,178,init_knn1,TD_U,exponential,857.2190302320708,858.5319307045007,1.0,0.5151741293532338,16.544542673951153,147.44228494639987,0.0,0.033202332554105735,"[[3105, 0], [0, 2853]]","[[190, 155], [166, 151]]"
disclosure_x_bias,179,init_knn1,TD_U,exponential,857.59621207813,859.0430360178518,1.0,0.5151741293532338,16.468692038451817,147.18080958254794,0.0,0.033202332554105735,"[[3105, 0], [0, 2853]]","[[190, 155], [166, 151]]"
disclosure_x_bias,180,init_knn1,TD_U,exponential,857.9910373808112,859.5568970422994,1.0,0.5151741293532338,16.308294466556152,147.096767338309,0.0,0.033202332554105735,"[[3105, 0], [0, 2853]]","[[190, 155], [166, 151]]"
disclosure_x_bias,181,init_knn1,TD_U,exponential,858.1314913573231,859.9228829443251,1.0,0.5151741293532338,16.267746187812534,147.45791675151162,0.0,0.033202332554105735,"[[3105, 0], [0, 2853]]","[[190, 155], [166, 151]]"
disclosure_x_bias,182,init_knn1,TD_U,exponential,858.4063301771436,859.7224052118536,1.0,0.5151741293532338,16.168456301503685,147.32737572511718,0.0,0.033202332554105735,"[[3105, 0], [0, 2853]]","[[190, 155], [166, 151]]"
disclosure_x_bias,183,init_knn1,TD_U,exponential,858.5746795220206,860.1045005180131,1.0,0.5151741293532338,16.176999280374073,147.42847125485918,0.0,0.033202332554105735,"[[3105, 0], [0, 2853]]","[[190, 155], [166, 151]]"
disclosure_x_bias,184,init_knn1,TD_U,exponential,858.8524244468423,860.2696941495562,1.0,0.5151741293532338,16.171730865091313,146.87699817552416,0.0,0.033202332554105735,"[[3105, 0], [0, 2853]]","[[190, 155], [166, 151]]"
disclosure_x_bias,185,init_knn1,TD_U,exponential,858.9828146663707,860.2829536713076,1.0,0.5151741293532338,15.901294209692944,146.69364723831407,0.0,0.033202332554105735,"[[3105, 0], [0, 2853]]","[[190, 155], [166, 151]]"
disclosure_x_bias,186,init_knn1,TD_U,exponential,859.2518372663393,860.5352084745093,1.0,0.5151741293532338,16.280412260990826,147.15674045872058,0.0,0.033202332554105735,"[[3105, 0], [0, 2853]]","[[190, 155], [166, 151]]"
disclosure_x_bias,187,init_knn1,TD_U,exponential,860.6245058136423,862.880383607371,1.0,0.5151741293532338,19.316071671089706,152.70175696284073,0.0,0.033202332554105735,"[[3105, 0], [0, 2853]]","[[190, 155], [166, 151]]"
disclosure_x_bias,188,init_knn1,TD_U,exponential,860.6034135333773,862.6784616026977,1.0,0.5151741293532338,19.322076582322,152.85932187738996,0.0,0.033202332554105735,"[[3105, 0], [0, 2853]]","[[190, 155], [166, 151]]"
disclosure_x_bias,189,init_knn1,TD_U,exponential,861.4910210695771,863.0941813126271,1.0,0.5151741293532338,19.188695195709112,152.48003907994385,0.0,0.033202332554105735,"[[3105, 0], [0, 2853]]","[[190, 155], [166, 151]]"
disclosure_x_bias,190,init_knn1,TD_U,exponential,861.7062655754393,862.9694151303544,1.0,0.5151741293532338,18.89596510460963,152.61421981940794,0.0,0.033202332554105735,"[[3105, 0], [0, 2853]]","[[190, 155], [166, 151]]"
disclosure_x_bias,191,init_knn1,TD_U,exponential,861.9059507118785,863.0660461067944,1.0,0.5151741293532338,19.029892536874097,152.34081199651828,0.0,0.033202332554105735,"[[3105, 0], [0, 2853]]","[[190, 155], [166, 151]]"
disclosure_x_bias,192,init_knn1,TD_U,exponential,861.8635805861777,862.4324103328867,1.0,0.5151741293532338,18.803490568552373,152.09151530050937,0.0,0.033202332554105735,"[[3105, 0], [0, 2853]]","[[190, 155], [166, 151]]"
disclosure_x_bias,193,init_knn1,TD_U,exponential,862.2087286477184,862.7335232231919,1.0,0.5151741293532338,18.9416455719849,152.34746392467352,0.0,0.033202332554105735,"[[3105, 0], [0, 2853]]","[[190, 155], [166, 151]]"
disclosure_x_bias,194,init_knn1,TD_U,exponential,862.1754563087936,862.5789775059538,1.0,0.5151741293532338,18.915117386112538,152.40067295119547,0.0,0.033202332554105735,"[[3105, 0], [0, 2853]]","[[190, 155], [166, 151]]"
disclosure_x_bias,195,init_knn1,TD_U,exponential,862.6797102388757,863.0671834042129,1.0,0.5151741293532338,18.89398078951554,152.37998199140668,0.0,0.033202332554105735,"[[3105, 0], [0, 2853]]","[[190, 155], [166, 151]]"
disclosure_x_bias,196,init_knn1,TD_U,exponential,862.9955495836087,863.7009159584628,1.0,0.5151741293532338,18.979606251310788,152.43916258897573,0.0,0.033202332554105735,"[[3105, 0], [0, 2853]]","[[190, 155], [166, 151]]"
disclosure_x_bias,197,init_knn1,TD_U,exponential,863.3967603318054,863.535344288782,1.0,0.5151741293532338,18.938398840029215,152.3190614330392,0.0,0.033202332554105735,"[[3105, 0], [0, 2853]]","[[190, 155], [166, 151]]"
disclosure_x_bias,198,init_knn1,TD_U,exponential,863.5721952722646,863.8772707823589,1.0,0.5151741293532338,18.880552190921456,152.32638482772805,0.0,0.033202332554105735,"[[3105, 0], [0, 2853]]","[[190, 155], [166, 151]]"
disclosure_x_bias,199,init_knn1,TD_U,exponential,863.934203786492,864.260954369974,1.0,0.5151741293532338,18.74191933462258,152.27803107849715,0.0,0.033202332554105735,"[[3105, 0], [0, 2853]]","[[190, 155], [166, 151]]"
disclosure_x_bias,200,init_knn1,TD_U,exponential,864.5843723714122,864.016112638479,1.0,0.5151741293532338,18.764933818507068,152.43705089346898,0.0,0.033202332554105735,"[[3105, 0], [0, 2853]]","[[190, 155], [166, 151]]"
disclosure_x_bias,201,init_knn1,TD_U,exponential,864.8125097349891,864.28406788889,1.0,0.5151741293532338,18.85394952517114,152.70611092378,0.0,0.033202332554105735,"[[3105, 0], [0, 2853]]","[[190, 155], [166, 151]]"
disclosure_x_bias,202,init_knn1,TD_U,exponential,865.0862963493792,864.3319095762442,1.0,0.5151741293532338,18.82512808066846,152.31932348797298,0.0,0.033202332554105735,"[[3105, 0], [0, 2853]]","[[190, 155], [166, 151]]"
disclosure_x_bias,203,init_knn1,TD_U,exponential,865.5074546257489,864.0828465376462,1.0,0.5151741293532338,18.775784810256656,152.78984707043995,0.0,0.033202332554105735,"[[3105, 0], [0, 2853]]","[[190, 155], [166, 151]]"
disclosure_x_bias,204,init_knn1,TD_U,exponential,865.6260885320942,864.1002641217816,1.0,0.5151741293532338,18.512017394987865,152.46928297406944,0.0,0.033202332554105735,"[[3105, 0], [0, 2853]]","[[190, 155], [166, 151]]"
disclosure_x_bias,205,init_knn1,TD_U,exponential,866.2506903720383,863.9622277644654,1.0,0.5151741293532338,18.580420997447092,152.314079260175,0.0,0.033202332554105735,"[[3105, 0], [0, 2853]]","[[190, 155], [166, 151]]"
disclosure_x_bias,206,init_knn1,TD_U,exponential,866.4329550754135,864.6697824526989,1.0,0.5151741293532338,18.588977211069988,152.46739961736878,0.0,0.033202332554105735,"[[3105, 0], [0, 2853]]","[[190, 155], [166, 151]]"
disclosure_x_bias,207,init_knn1,TD_U,exponential,866.7819642217904,865.3050935207182,1.0,0.5151741293532338,18.77117153265572,152.2252825574916,0.0,0.033202332554105735,"[[3105, 0], [0, 2853]]","[[190, 155], [166, 151]]"
disclosure_x_bias,208,init_knn1,TD_U,exponential,866.8372009085699,865.0257635340437,1.0,0.5151741293532338,18.608039599680023,152.36961212830226,0.0,0.033202332554105735,"[[3105, 0], [0, 2853]]","[[190, 155], [166, 151]]"
disclosure_x_bias,209,init_knn1,TD_U,exponential,866.9574654818425,865.0549967247522,1.0,0.5151741293532338,18.9247077049858,151.8940430797698,0.0,0.033202332554105735,"[[3105, 0], [0, 2853]]","[[190, 155], [166, 151]]"
disclosure_x_bias,210,init_knn1,TD_U,exponential,867.3993471887355,864.8661637993007,1.0,0.5151741293532338,18.733885997774806,151.90270252879563,0.0,0.033202332554105735,"[[3105, 0], [0, 2853]]","[[190, 155], [166, 151]]"
disclosure_x_bias,211,init_knn1,TD_U,exponential,867.9071497709768,865.0472169619276,1.0,0.5151741293532338,19.307023044025108,151.7314276704113,0.0,0.033202332554105735,"[[3105, 0], [0, 2853]]","[[190, 155], [166, 151]]"
disclosure_x_bias,212,init_knn1,TD_U,exponential,868.2284124633616,864.9900132996993,1.0,0.5151741293532338,19.219022270365375,151.71444122207672,0.0,0.033202332554105735,"[[3105, 0], [0, 2853]]","[[190, 155], [166, 151]]"
disclosure_x_bias,213,init_knn1,TD_U,exponential,868.4417557545481,864.8736408015733,1.0,0.5151741293532338,19.253472448686786,151.9536370820224,0.0,0.033202332554105735,"[[3105, 0], [0, 2853]]","[[190, 155], [166, 151]]"
disclosure_x_bias,214,init_knn1,TD_U,exponential,868.5527928962443,865.0760701642266,1.0,0.5151741293532338,19.48003958128552,152.42917589168346,0.0,0.033202332554105735,"[[3105, 0], [0, 2853]]","[[190, 155], [166, 151]]"
disclosure_x_bias,215,init_knn1,TD_U,exponential,868.6783967050205,865.2775204321149,1.0,0.5151741293532338,19.351663298564766,152.32511058972776,0.0,0.033202332554105735,"[[3105, 0], [0, 2853]]","[[190, 155], [166, 151]]"
disclosure_x_bias,216,init_knn1,TD_U,exponential,869.3166063318822,866.261943737962,1.0,0.5151741293532338,19.159810642829807,152.5155462030118,0.0,0.033202332554105735,"[[3105, 0], [0, 2853]]","[[190, 155], [166, 151]]"
disclosure_x_bias,217,init_knn1,TD_U,exponential,869.5145586439918,866.3424653050624,1.0,0.5151741293532338,19.20743253596978,152.21657031725982,0.0,0.033202332554105735,"[[3105, 0], [0, 2853]]","[[190, 155], [166, 151]]"
disclosure_x_bias,218,init_knn1,TD_U,exponential,869.6199636505328,866.6282426299201,1.0,0.5151741293532338,19.2798880186454,153.3897393520596,0.0,0.033202332554105735,"[[3105, 0], [0, 2853]]","[[190, 155], [166, 151]]"
disclosure_x_bias,219,init_knn1,TD_U,exponential,869.7517765124837,866.7882430436739,1.0,0.5151741293532338,19.284600175766503,153.48355434253804,0.0,0.033202332554105735,"[[3105, 0], [0, 2853]]","[[190, 155], [166, 151]]"
disclosure_x_bias,220,init_knn1,TD_U,exponential,869.9505345087737,866.9488484307046,1.0,0.5151741293532338,19.22887299755227,153.45977959590562,0.0,0.033202332554105735,"[[3105, 0], [0, 2853]]","[[190, 155], [166, 151]]"
disclosure_x_bias,221,init_knn1,TD_U,exponential,870.1211067776421,867.1453161819702,1.0,0.5151741293532338,19.264298078118188,153.6367268084761,0.0,0.033202332554105735,"[[3105, 0], [0, 2853]]","[[190, 155], [166, 151]]"
disclosure_x_bias,222,init_knn1,TD_U,exponential,870.4200309780342,867.5005145754973,1.0,0.5151741293532338,19.637648585733572,154.39105939852809,0.0,0.033202332554105735,"[[3105, 0], [0, 2853]]","[[190, 155], [166, 151]]"
disclosure_x_bias,223,init_knn1,TD_U,exponential,870.5092228571215,867.1529634202558,1.0,0.5151741293532338,19.421488571630913,153.85960169862622,0.0,0.033202332554105735,"[[3105, 0], [0, 2853]]","[[190, 155], [166, 151]]"
disclosure_x_bias,224,init_knn1,TD_U,exponential,870.9861037960761,867.8423399578958,1.0,0.5151741293532338,19.443429370196196,153.66756012155633,0.0,0.033202332554105735,"[[3105, 0], [0, 2853]]","[[190, 155], [166, 151]]"
disclosure_x_bias,225,init_knn1,TD_U,exponential,871.1512437014159,867.5933079089039,1.0,0.5151741293532338,19.512452566138975,153.6201829015264,0.0,0.033202332554105735,"[[3105, 0], [0, 2853]]","[[190, 155], [166, 151]]"
disclosure_x_bias,226,init_knn1,TD_U,exponential,871.2822589481315,867.8973281356363,1.0,0.5151741293532338,19.407096782123325,153.51033538992763,0.0,0.033202332554105735,"[[3105, 0], [0, 2853]]","[[190, 155], [166, 151]]"
disclosure_x_bias,227,init_knn1,TD_U,exponential,871.5984649059026,868.0237737301107,1.0,0.5151741293532338,19.579599913925552,153.65876799093985,0.0,0.033202332554105735,"[[3105, 0], [0, 2853]]","[[190, 155], [166, 151]]"
disclosure_x_bias,228,init_knn1,TD_U,exponential,871.8180651773753,868.4929186364432,1.0,0.5151741293532338,19.871554222754582,153.15892356790607,0.0,0.033202332554105735,"[[3105, 0], [0, 2853]]","[[190, 155], [166, 151]]"
disclosure_x_bias,229,init_knn1,TD_U,exponential,872.2131760988999,868.8093210033963,1.0,0.5151741293532338,19.666081288941204,153.0838177434243,0.0,0.033202332554105735,"[[3105, 0], [0, 2853]]","[[190, 155], [166, 151]]"
disclosure_x_bias,230,init_knn1,TD_U,exponential,872.2662451260583,868.7364742903368,1.0,0.5151741293532338,19.681932952359578,153.1853825860692,0.0,0.033202332554105735,"[[3105, 0], [0, 2853]]","[[190, 155], [166, 151]]"
disclosure_x_bias,231,init_knn1,TD_U,exponential,872.4481195569278,868.6997705389091,1.0,0.5151741293532338,19.881398854220944,153.07110956791215,0.0,0.033202332554105735,"[[3105, 0], [0, 2853]]","[[190, 155], [166, 151]]"
disclosure_x_bias,232,init_knn1,TD_U,exponential,872.5500661073307,868.6769156742854,1.0,0.5151741293532338,19.706140583873495,153.00331500270374,0.0,0.033202332554105735,"[[3105, 0], [0, 2853]]","[[190, 155], [166, 151]]"
disclosure_x_bias,233,init_knn1,TD_U,exponential,872.8529782078031,868.785946249703,1.0,0.5151741293532338,19.779958632546816,152.8992178160426,0.0,0.033202332554105735,"[[3105, 0], [0, 2853]]","[[190, 155], [166, 151]]"
disclosure_x_bias,234,init_knn1,TD_U,exponential,873.3969435840188,869.522993123522,1.0,0.5151741293532338,19.636252420168717,153.84246882822532,0.0,0.033202332554105735,"[[3105, 0], [0, 2853]]","[[190, 155], [166, 151]]"
disclosure_x_bias,235,init_knn1,TD_U,exponential,873.751122452713,869.6538608436398,1.0,0.5151741293532338,19.57365283028425,153.81568486062528,0.0,0.033202332554105735,"[[3105, 0], [0, 2853]]","[[190, 155], [166, 151]]"
disclosure_x_bias,236,init_knn1,TD_U,exponential,873.8238332233392,869.7821445490779,1.0,0.5151741293532338,19.552823021627255,154.04718878749662,0.0,0.033202332554105735,"[[3105, 0], [0, 2853]]","[[190, 155], [166, 151]]"
disclosure_x_bias,237,init_knn1,TD_U,exponential,874.0745696116707,869.7416009721521,1.0,0.5151741293532338,19.796844292633292,154.0181113320006,0.0,0.033202332554105735,"[[3105, 0], [0, 2853]]","[[190, 155], [166, 151]]"
disclosure_x_bias,238,init_knn1,TD_U,exponential,874.2012988048873,869.5906587344456,1.0,0.5151741293532338,19.559816664128956,154.24336327520007,0.0,0.033202332554105735,"[[3105, 0], [0, 2853]]","[[190, 155], [166, 151]]"
disclosure_x_bias,239,init_knn1,TD_U,exponential,874.2784090342999,869.3595500044117,1.0,0.5151741293532338,19.57502120152754,154.1795885042177,0.0,0.033202332554105735,"[[3105, 0], [0, 2853]]","[[190, 155], [166, 151]]"
disclosure_x_bias,240,init_knn1,TD_U,exponential,874.5431084264774,869.565460183168,1.0,0.5151741293532338,19.41311385588171,154.14041327784597,0.0,0.033202332554105735,"[[3105, 0], [0, 2853]]","[[190, 155], [166, 151]]"
disclosure_x_bias,241,init_knn1,TD_U,exponential,874.7204862829249,869.4939199415337,1.0,0.5151741293532338,19.568693741176464,154.22105729784482,0.0,0.033202332554105735,"[[3105, 0], [0, 2853]]","[[190, 155], [166, 151]]"
disclosure_x_bias,242,init_knn1,TD_U,exponential,876.351570985869,872.0439709935297,1.0,0.5151741293532338,22.76618018574093,160.03325670652347,0.0,0.033202332554105735,"[[3105, 0], [0, 2853]]","[[190, 155], [166, 151]]"
disclosure_x_bias,243,init_knn1,TD_U,exponential,876.6731885747813,872.0798206199764,1.0,0.5151741293532338,23.13066312846838,160.1606190422404,0.0,0.033202332554105735,"[[3105, 0], [0, 2853]]","[[190, 155], [166, 151]]"
disclosure_x_bias,244,init_knn1,TD_U,exponential,876.858210054493,872.4826794379973,1.0,0.5151741293532338,22.703201989670138,159.67115800206142,0.0,0.033202332554105735,"[[3105, 0], [0, 2853]]","[[190, 155], [166, 151]]"
disclosure_x_bias,245,init_knn1,TD_U,exponential,876.8926764995322,872.5627897907098,1.0,0.5151741293532338,23.003473646849482,159.83614302512248,0.0,0.033202332554105735,"[[3105, 0], [0, 2853]]","[[190, 155], [166, 151]]"
disclosure_x_bias,246,init_knn1,TD_U,exponential,877.1022815506625,872.5569054451571,1.0,0.5151741293532338,22.812608945374475,159.87587621713448,0.0,0.033202332554105735,"[[3105, 0], [0, 2853]]","[[190, 155], [166, 151]]"
disclosure_x_bias,247,init_knn1,TD_U,exponential,877.4274919249698,873.2404855425968,1.0,0.5151741293532338,22.94505898129866,159.54640204130217,0.0,0.033202332554105735,"[[3105, 0], [0, 2853]]","[[190, 155], [166, 151]]"
disclosure_x_bias,248,init_knn1,TD_U,exponential,877.5430997763369,873.5954114804475,1.0,0.5151741293532338,22.865479887757388,159.47072135325445,0.0,0.033202332554105735,"[[3105, 0], [0, 2853]]","[[190, 155], [166, 151]]"
disclosure_x_bias,249,init_knn1,TD_U,exponential,877.691526571869,873.4681803965652,1.0,0.5151741293532338,22.92226248721603,159.75090358576637,0.0,0.033202332554105735,"[[3105, 0], [0, 2853]]","[[190, 155], [166, 151]]"
disclosure_x_bias,250,init_knn1,TD_U,exponential,877.8183309452177,873.5302170417605,1.0,0.5151741293532338,22.871937077164638,159.90243130957475,0.0,0.033202332554105735,"[[3105, 0], [0, 2853]]","[[190, 155], [166, 151]]"
disclosure_x_bias,251,init_knn1,TD_U,exponential,877.9947175816202,873.4192041340006,1.0,0.5151741293532338,22.909152016433715,160.09695172555814,0.0,0.033202332554105735,"[[3105, 0], [0, 2853]]","[[190, 155], [166, 151]]"
disclosure_x_bias,252,init_knn1,TD_U,exponential,878.1309364277838,873.4124156969572,1.0,0.5151741293532338,22.802624789434706,160.14419348178427,0.0,0.033202332554105735,"[[3105, 0], [0, 2853]]","[[190, 155], [166, 151]]"
disclosure_x_bias,253,init_knn1,TD_U,exponential,878.3168640375804,873.9145891994807,1.0,0.5151741293532338,22.907026542003127,160.03606624702363,0.0,0.033202332554105735,"[[3105, 0], [0, 2853]]","[[190, 155], [166, 151]]"
disclosure_x_bias,254,init_knn1,TD_U,exponential,878.69367688126,873.9363695915966,1.0,0.5151741293532338,22.88125398866647,159.75618714620842,0.0,0.033202332554105735,"[[3105, 0], [0, 2853]]","[[190, 155], [166, 151]]"
disclosure_x_bias,255,init_knn1,TD_U,exponential,878.6022593829782,874.181801366583,1.0,0.5151741293532338,22.7819489957486,159.85616588652837,0.0,0.033202332554105735,"[[3105, 0], [0, 2853]]","[[190, 155], [166, 151]]"
disclosure_x_bias,256,init_knn1,TD_U,exponential,879.2107027013686,873.9962299275574,1.0,0.5151741293532338,22.55981710648231,159.96346241379516,0.0,0.033202332554105735,"[[3105, 0], [0, 2853]]","[[190, 155], [166, 151]]"
disclosure_x_bias,257,init_knn1,TD_U,exponential,879.2760647344782,874.2411237384551,1.0,0.5151741293532338,22.622733283200564,160.23830527677816,0.0,0.033202332554105735,"[[3105, 0], [0, 2853]]","[[190, 155], [166, 151]]"
disclosure_x_bias,258,init_knn1,TD_U,exponential,879.9118963926155,874.0586714213608,1.0,0.5151741293532338,22.49333137183732,159.93023677398182,0.0,0.033202332554105735,"[[3105, 0], [0, 2853]]","[[190, 155], [166, 151]]"
disclosure_x_bias,259,init_knn1,TD_U,exponential,880.2341621249836,874.5131991494809,1.0,0.5151741293532338,22.423921563118558,160.29225351456856,0.0,0.033202332554105735,"[[3105, 0], [0, 2853]]","[[190, 155], [166, 151]]"
disclosure_x_bias,260,init_knn1,TD_U,exponential,880.4736147107567,875.1561583212927,1.0,0.5151741293532338,22.645981307915527,161.09815045513835,0.0,0.033202332554105735,"[[3105, 0], [0, 2853]]","[[190, 155], [166, 151]]"
disclosure_x_bias,261,init_knn1,TD_U,exponential,880.9564372740233,875.6660245496208,1.0,0.5151741293532338,22.28114346025243,160.9689517191977,0.0,0.033202332554105735,"[[3105, 0], [0, 2853]]","[[190, 155], [166, 151]]"
disclosure_x_bias,262,init_knn1,TD_U,exponential,881.1834514956379,876.1182691647961,1.0,0.5151741293532338,22.44049138513655,160.87939920752714,0.0,0.033202332554105735,"[[3105, 0], [0, 2853]]","[[190, 155], [166, 151]]"
disclosure_x_bias,263,init_knn1,TD_U,exponential,881.1640744819891,876.1264810108316,1.0,0.5151741293532338,22.33707743062188,160.6614492204357,0.0,0.033202332554105735,"[[3105, 0], [0, 2853]]","[[190, 155], [166, 151]]"
disclosure_x_bias,264,init_knn1,TD_U,exponential,881.318652935063,876.2770878682562,1.0,0.5151741293532338,22.30290661935986,160.60467329169498,0.0,0.033202332554105735,"[[3105, 0], [0, 2853]]","[[190, 155], [166, 151]]"
disclosure_x_bias,265,init_knn1,TD_U,exponential,882.038374086974,876.2471826206854,1.0,0.5151741293532338,21.922439944329525,160.8537624145899,0.0,0.033202332554105735,"[[3105, 0], [0, 2853]]","[[190, 155], [166, 151]]"
disclosure_x_bias,266,init_knn1,TD_U,exponential,882.2738548454278,876.1401683567734,1.0,0.5151741293532338,22.035745251699524,160.5865267455251,0.0,0.033202332554105735,"[[3105, 0], [0, 2853]]","[[190, 155], [166, 151]]"
disclosure_x_bias,267,init_knn1,TD_U,exponential,882.3567807250813,876.1341765968442,1.0,0.5151741293532338,21.840021769334918,160.60977459576492,0.0,0.033202332554105735,"[[3105, 0], [0, 2853]]","[[190, 155], [166, 151]]"
disclosure_x_bias,268,init_knn1,TD_U,exponential,882.4933909774066,876.1033860650456,1.0,0.5151741293532338,21.846138144826224,160.58130196550877,0.0,0.033202332554105735,"[[3105, 0], [0, 2853]]","[[190, 155], [166, 151]]"
disclosure_x_bias,269,init_knn1,TD_U,exponential,882.5966100946746,876.3740039370352,1.0,0.5151741293532338,21.775459558746054,160.82694290280824,0.0,0.033202332554105735,"[[3105, 0], [0, 2853]]","[[190, 155], [166, 151]]"
disclosure_x_bias,270,init_knn1,TD_U,exponential,882.8061138877396,876.2153609124537,1.0,0.5151741293532338,21.754365144013352,160.67752376527332,0.0,0.033202332554105735,"[[3105, 0], [0, 2853]]","[[190, 155], [166, 151]]"
disclosure_x_bias,271,init_knn1,TD_U,exponential,882.8751575639335,876.4011683806506,1.0,0.5151741293532338,21.558073686672298,160.92683672508312,0.0,0.033202332554105735,"[[3105, 0], [0, 2853]]","[[190, 155], [166, 151]]"
disclosure_x_bias,272,init_knn1,TD_U,exponential,883.0316327213513,876.2871221381589,1.0,0.5151741293532338,21.724790012906276,160.52382031530652,0.0,0.033202332554105735,"[[3105, 0], [0, 2853]]","[[190, 155], [166, 151]]"
disclosure_x_bias,273,init_knn1,TD_U,exponential,883.2671471777792,876.9418008457953,1.0,0.5151741293532338,21.687232687021993,161.0266593125903,0.0,0.033202332554105735,"[[3105, 0], [0, 2853]]","[[190, 155], [166, 151]]"
disclosure_x_bias,274,init_knn1,TD_U,exponential,883.3059604092311,876.9267794539994,1.0,0.5151741293532338,21.570528474573177,161.1059778697089,0.0,0.033202332554105735,"[[3105, 0], [0, 2853]]","[[190, 155], [166, 151]]"
disclosure_x_bias,275,init_knn1,TD_U,exponential,884.1085823887021,877.7817095292432,1.0,0.5151741293532338,21.730125876142885,160.84863705345973,0.0,0.033202332554105735,"[[3105, 0], [0, 2853]]","[[190, 155], [166, 151]]"
disclosure_x_bias,276,init_knn1,TD_U,exponential,884.1489745978164,877.7944977785677,1.0,0.5151741293532338,21.61288297877719,160.63140162960727,0.0,0.033202332554105735,"[[3105, 0], [0, 2853]]","[[190, 155], [166, 151]]"
disclosure_x_bias,277,init_knn1,TD_U,exponential,884.4293012895523,878.198199500284,1.0,0.5151741293532338,21.952617098111944,161.51587218595978,0.0,0.033202332554105735,"[[3105, 0], [0, 2853]]","[[190, 155], [166, 151]]"
disclosure_x_bias,278,init_knn1,TD_U,exponential,884.5378172029874,878.0421480834408,1.0,0.5151741293532338,21.64510896106445,160.79278293342495,0.0,0.033202332554105735,"[[3105, 0], [0, 2853]]","[[190, 155], [166, 151]]"
disclosure_x_bias,279,init_knn1,TD_U,exponential,884.6925687239527,878.0735911595608,1.0,0.5151741293532338,21.76387434754812,161.15386397864634,0.0,0.033202332554105735,"[[3105, 0], [0, 2853]]","[[190, 155], [166, 151]]"
disclosure_x_bias,280,init_knn1,TD_U,exponential,884.7973823010132,878.3138379125487,1.0,0.5151741293532338,21.738472620806476,161.0041310016988,0.0,0.033202332554105735,"[[3105, 0], [0, 2853]]","[[190, 155], [166, 151]]"
disclosure_x_bias,281,init_knn1,TD_U,exponential,885.0502375011295,878.3939859255709,1.0,0.5151741293532338,21.7525449038146,161.1823240956772,0.0,0.033202332554105735,"[[3105, 0], [0, 2853]]","[[190, 155], [166, 151]]"
disclosure_x_bias,282,init_knn1,TD_U,exponential,885.4138850925353,878.6638199691695,1.0,0.5151741293532338,21.54386651868627,161.08886686770958,0.0,0.033202332554105735,"[[3105, 0], [0, 2853]]","[[190, 155], [166, 151]]"
disclosure_x_bias,283,init_knn1,TD_U,exponential,885.4591043964971,878.6032070743425,1.0,0.5151741293532338,21.653932313416963,161.3286478460332,0.0,0.033202332554105735,"[[3105, 0], [0, 2853]]","[[190, 155], [166, 151]]"
disclosure_x_bias,284,init_knn1,TD_U,exponential,885.9530067900884,878.9037961254395,1.0,0.5151741293532338,21.853014711723137,161.26791709668197,0.0,0.033202332554105735,"[[3105, 0], [0, 2853]]","[[190, 155], [166, 151]]"
disclosure_x_bias,285,init_knn1,TD_U,exponential,886.1334786850703,878.8999302252435,1.0,0.5151741293532338,21.96758609582805,161.5388018211358,0.0,0.033202332554105735,"[[3105, 0], [0, 2853]]","[[190, 155], [166, 151]]"
disclosure_x_bias,286,init_knn1,TD_U,exponential,886.2867639656184,879.244106483737,1.0,0.5151741293532338,21.861010942474557,161.282870470329,0.0,0.033202332554105735,"[[3105, 0], [0, 2853]]","[[190, 155], [166, 151]]"
disclosure_x_bias,287,init_knn1,TD_U,exponential,886.4079098389591,879.2688570686278,1.0,0.5151741293532338,21.89582255663636,161.18823919406157,0.0,0.033202332554105735,"[[3105, 0], [0, 2853]]","[[190, 155], [166, 151]]"
disclosure_x_bias,288,init_knn1,TD_U,exponential,886.5225987831678,879.3073856888101,1.0,0.5151741293532338,21.982511487306194,161.57056858596025,0.0,0.033202332554105735,"[[3105, 0], [0, 2853]]","[[190, 155], [166, 151]]"
disclosure_x_bias,289,init_knn1,TD_U,exponential,886.9504133090464,879.5106318762055,1.0,0.5151741293532338,22.658170950048977,161.29616099923774,0.0,0.033202332554105735,"[[3105, 0], [0, 2853]]","[[190, 155], [166, 151]]"
disclosure_x_bias,290,init_knn1,TD_U,exponential,886.9387235421106,879.5087165437201,1.0,0.5151741293532338,22.488824894744273,161.44163316106813,0.0,0.033202332554105735,"[[3105, 0], [0, 2853]]","[[190, 155], [166, 151]]"
disclosure_x_bias,291,init_knn1,TD_U,exponential,887.1898273779556,879.560722763024,1.0,0.5151741293532338,22.625827034325695,160.85827841805033,0.0,0.033202332554105735,"[[3105, 0], [0, 2853]]","[[190, 155], [166, 151]]"
disclosure_x_bias,292,init_knn1,TD_U,exponential,887.1909851139906,879.4051089685352,1.0,0.5151741293532338,22.65269271142076,161.18301119905976,0.0,0.033202332554105735,"[[3105, 0], [0, 2853]]","[[190, 155], [166, 151]]"
disclosure_x_bias,293,init_knn1,TD_U,exponential,888.021994063303,879.391328593043,1.0,0.5151741293532338,22.603211830113565,161.2891169149571,0.0,0.033202332554105735,"[[3105, 0], [0, 2853]]","[[190, 155], [166, 151]]"
disclosure_x_bias,294,init_knn1,TD_U,exponential,888.0633215054329,879.5476208747565,1.0,0.5151741293532338,22.60795436455757,161.48184053548698,0.0,0.033202332554105735,"[[3105, 0], [0, 2853]]","[[190, 155], [166, 151]]"
disclosure_x_bias,295,init_knn1,TD_U,exponential,888.3354290630359,879.8356181844662,1.0,0.5151741293532338,22.62290374211271,161.19255994976808,0.0,0.033202332554105735,"[[3105, 0], [0, 2853]]","[[190, 155], [166, 151]]"
disclosure_x_bias,296,init_knn1,TD_U,exponential,888.7060346013456,880.8389448161249,1.0,0.5151741293532338,22.658233914870223,160.9170803365772,0.0,0.033202332554105735,"[[3105, 0], [0, 2853]]","[[190, 155], [166, 151]]"
disclosure_x_bias,297,init_knn1,TD_U,exponential,888.7306817784229,880.4883755775242,1.0,0.5151741293532338,22.519750641171797,160.88272682160334,0.0,0.033202332554105735,"[[3105, 0], [0, 2853]]","[[190, 155], [166, 151]]"
disclosure_x_bias,298,init_knn1,TD_U,exponential,888.9239816458264,880.5081073312198,1.0,0.5151741293532338,22.640593403772854,161.01179548357084,0.0,0.033202332554105735,"[[3105, 0], [0, 2853]]","[[190, 155], [166, 151]]"
disclosure_x_bias,299,init_knn1,TD_U,exponential,889.2191400098405,880.8641631032272,1.0,0.5151741293532338,22.592751196700352,161.28690201793725,0.0,0.033202332554105735,"[[3105, 0], [0, 2853]]","[[190, 155], [166, 151]]"
disclosure_x_bias,300,init_knn1,TD_U,exponential,890.1097549956228,881.0295951951687,1.0,0.5151741293532338,22.586669047679543,161.2594191234086,0.0,0.033202332554105735,"[[3105, 0], [0, 2853]]","[[190, 155], [166, 151]]"
disclosure_x_bias,1,init_knn1,CLD,log_loss,1.1901107006047788e-07,7.730124990636815,1.0,0.5151741293532338,3.8803399514536554e-11,0.5288059921312618,0.0,0.033202332554105735,"[[3105, 0], [0, 2853]]","[[190, 155], [166, 151]]"
disclosure_x_bias,2,init_knn1,CLD,log_loss,1.1883851837037129e-07,7.73093802364432,1.0,0.5151741293532338,6.816413067864612e-11,0.5288423670212298,0.0,0.033202332554105735,"[[3105, 0], [0, 2853]]","[[190, 155], [166, 151]]"
disclosure_x_bias,3,init_knn1,CLD,log_loss,1.1868663923256258e-07,7.731669816274388,1.0,0.5151741293532338,9.292333875370826e-11,0.5293346059343557,0.0,0.033202332554105735,"[[3105, 0], [0, 2853]]","[[190, 155], [166, 151]]"
disclosure_x_bias,4,init_knn1,CLD,log_loss,1.185442135057983e-07,7.7321798832705095,1.0,0.5151741293532338,1.1526923761992336e-10,0.5289511075667916,0.0,0.033202332554105735,"[[3105, 0], [0, 2853]]","[[190, 155], [166, 151]]"
disclosure_x_bias,5,init_knn1,CLD,log_loss,1.1841653337860861e-07,7.732953772899774,1.0,0.5151741293532338,1.3129988579848846e-10,0.5292266835524371,0.0,0.033202332554105735,"[[3105, 0], [0, 2853]]","[[190, 155], [166, 151]]"
disclosure_x_bias,6,init_knn1,CLD,log_loss,1.1829300654481654e-07,7.733151025181333,1.0,0.5151741293532338,1.4471419368949383e-10,0.5294759784858605,0.0,0.033202332554105735,"[[3105, 0], [0, 2853]]","[[190, 155], [166, 151]]"
disclosure_x_bias,7,init_knn1,CLD,log_loss,1.1817607232795211e-07,7.733584258196602,1.0,0.5151741293532338,1.5991090409202532e-10,0.5295306850436394,0.0,0.033202332554105735,"[[3105, 0], [0, 2853]]","[[190, 155], [166, 151]]"
disclosure_x_bias,8,init_knn1,CLD,log_loss,1.1806379625434363e-07,7.73385401543135,1.0,0.5151741293532338,1.7755820595830396e-10,0.529244728187833,0.0,0.033202332554105735,"[[3105, 0], [0, 2853]]","[[190, 155], [166, 151]]"
disclosure_x_bias,9,init_knn1,CLD,log_loss,1.1795926421842518e-07,7.734002227881183,1.0,0.5151741293532338,1.8880546000964173e-10,0.5291918006990963,0.0,0.033202332554105735,"[[3105, 0], [0, 2853]]","[[190, 155], [166, 151]]"
disclosure_x_bias,10,init_knn1,CLD,log_loss,1.1785835758973497e-07,7.734633572187403,1.0,0.5151741293532338,2.0116642684682476e-10,0.5294713443063065,0.0,0.033202332554105735,"[[3105, 0], [0, 2853]]","[[190, 155], [166, 151]]"
disclosure_x_bias,11,init_knn1,CLD,log_loss,1.1776165189863505e-07,7.7348508335341055,1.0,0.5151741293532338,2.1367671735179318e-10,0.5294797785303951,0.0,0.033202332554105735,"[[3105, 0], [0, 2853]]","[[190, 155], [166, 151]]"
disclosure_x_bias,12,init_knn1,CLD,log_loss,1.1766572031789588e-07,7.735628551817102,1.0,0.5151741293532338,2.3105251821835034e-10,0.5294564341969128,0.0,0.033202332554105735,"[[3105, 0], [0, 2853]]","[[190, 155], [166, 151]]"
disclosure_x_bias,13,init_knn1,CLD,log_loss,1.1757424256753433e-07,7.735671366778902,1.0,0.5151741293532338,2.397916171804938e-10,0.529374429814951,0.0,0.033202332554105735,"[[3105, 0], [0, 2853]]","[[190, 155], [166, 151]]"
disclosure_x_bias,14,init_knn1,CLD,log_loss,1.1748526691842556e-07,7.7359724965332575,1.0,0.5151741293532338,2.496703371614732e-10,0.5293379951172053,0.0,0.033202332554105735,"[[3105, 0], [0, 2853]]","[[190, 155], [166, 151]]"
disclosure_x_bias,15,init_knn1,CLD,log_loss,1.1739828860823583e-07,7.73606617629422,1.0,0.5151741293532338,2.57371132310167e-10,0.5293024236143885,0.0,0.033202332554105735,"[[3105, 0], [0, 2853]]","[[190, 155], [166, 151]]"
disclosure_x_bias,16,init_knn1,CLD,log_loss,1.1731641759105769e-07,7.7362504041981905,1.0,0.5151741293532338,2.6347743395772157e-10,0.5294921334466753,0.0,0.033202332554105735,"[[3105, 0], [0, 2853]]","[[190, 155], [166, 151]]"
disclosure_x_bias,17,init_knn1,CLD,log_loss,1.1723491594754463e-07,7.7365979015400965,1.0,0.5151741293532338,2.682651592946476e-10,0.5295942345439053,0.0,0.033202332554105735,"[[3105, 0], [0, 2853]]","[[190, 155], [166, 151]]"
disclosure_x_bias,18,init_knn1,CLD,log_loss,1.1715792942102547e-07,7.736358576681641,1.0,0.5151741293532338,2.750530826342825e-10,0.529631225472375,0.0,0.033202332554105735,"[[3105, 0], [0, 2853]]","[[190, 155], [166, 151]]"
disclosure_x_bias,19,init_knn1,CLD,log_loss,1.1707634337170812e-07,7.73686611251978,1.0,0.5151741293532338,2.9104608482276133e-10,0.5296222637954301,0.0,0.033202332554105735,"[[3105, 0], [0, 2853]]","[[190, 155], [166, 151]]"
disclosure_x_bias,20,init_knn1,CLD,log_loss,1.1700371804375855e-07,7.737397182006964,1.0,0.5151741293532338,2.9729729035663114e-10,0.5297960747990738,0.0,0.033202332554105735,"[[3105, 0], [0, 2853]]","[[190, 155], [166, 151]]"
disclosure_x_bias,21,init_knn1,CLD,log_loss,1.1693413710533718e-07,7.7374466377204225,1.0,0.5151741293532338,3.035296935216249e-10,0.5296291884184343,0.0,0.033202332554105735,"[[3105, 0], [0, 2853]]","[[190, 155], [166, 151]]"
disclosure_x_bias,22,init_knn1,CLD,log_loss,1.1686456039329914e-07,7.7374488413632445,1.0,0.5151741293532338,3.0951943348332335e-10,0.5296751974795679,0.0,0.033202332554105735,"[[3105, 0], [0, 2853]]","[[190, 155], [166, 151]]"
disclosure_x_bias,23,init_knn1,CLD,log_loss,1.1679221133109156e-07,7.7375957516936635,1.0,0.5151741293532338,3.1618590380792203e-10,0.5298089561116381,0.0,0.033202332554105735,"[[3105, 0], [0, 2853]]","[[190, 155], [166, 151]]"
disclosure_x_bias,24,init_knn1,CLD,log_loss,1.1671837162542494e-07,7.7378056809847,1.0,0.5151741293532338,3.207970537227836e-10,0.5295381297377113,0.0,0.033202332554105735,"[[3105, 0], [0, 2853]]","[[190, 155], [166, 151]]"
disclosure_x_bias,25,init_knn1,CLD,log_loss,1.1664980248119482e-07,7.738092393669857,1.0,0.5151741293532338,3.2230627067038147e-10,0.5295548051986004,0.0,0.033202332554105735,"[[3105, 0], [0, 2853]]","[[190, 155], [166, 151]]"
disclosure_x_bias,26,init_knn1,CLD,log_loss,1.165775043150077e-07,7.738476211370698,1.0,0.5151741293532338,3.346166054651429e-10,0.5292946203188846,0.0,0.033202332554105735,"[[3105, 0], [0, 2853]]","[[190, 155], [166, 151]]"
disclosure_x_bias,27,init_knn1,CLD,log_loss,1.1651593873026035e-07,7.738594145160873,1.0,0.5151741293532338,3.4002208835768747e-10,0.529467765828562,0.0,0.033202332554105735,"[[3105, 0], [0, 2853]]","[[190, 155], [166, 151]]"
disclosure_x_bias,28,init_knn1,CLD,log_loss,1.164548695826424e-07,7.738560785057727,1.0,0.5151741293532338,3.4193345180736595e-10,0.52965268937499,0.0,0.033202332554105735,"[[3105, 0], [0, 2853]]","[[190, 155], [166, 151]]"
disclosure_x_bias,29,init_knn1,CLD,log_loss,1.1639641644924387e-07,7.738681720329855,1.0,0.5151741293532338,3.467918185761181e-10,0.5299835121280457,0.0,0.033202332554105735,"[[3105, 0], [0, 2853]]","[[190, 155], [166, 151]]"
disclosure_x_bias,30,init_knn1,CLD,log_loss,1.1633399911106448e-07,7.738545888189241,1.0,0.5151741293532338,3.5141918477553767e-10,0.5301847624858576,0.0,0.033202332554105735,"[[3105, 0], [0, 2853]]","[[190, 155], [166, 151]]"
disclosure_x_bias,31,init_knn1,CLD,log_loss,1.1627679197223618e-07,7.738709125975385,1.0,0.5151741293532338,3.532014058737961e-10,0.5301701928243061,0.0,0.033202332554105735,"[[3105, 0], [0, 2853]]","[[190, 155], [166, 151]]"
disclosure_x_bias,32,init_knn1,CLD,log_loss,1.1621795335653166e-07,7.738672213956957,1.0,0.5151741293532338,3.5911089881850866e-10,0.5302010504041389,0.0,0.033202332554105735,"[[3105, 0], [0, 2853]]","[[190, 155], [166, 151]]"
disclosure_x_bias,33,init_knn1,CLD,log_loss,1.1615630599197036e-07,7.738609717451152,1.0,0.5151741293532338,3.634790062918548e-10,0.5302177686678536,0.0,0.033202332554105735,"[[3105, 0], [0, 2853]]","[[190, 155], [166, 151]]"
disclosure_x_bias,34,init_knn1,CLD,log_loss,1.1610278839284716e-07,7.739064936704535,1.0,0.5151741293532338,3.66232405641416e-10,0.530542149609326,0.0,0.033202332554105735,"[[3105, 0], [0, 2853]]","[[190, 155], [166, 151]]"
disclosure_x_bias,35,init_knn1,CLD,log_loss,1.1604738671595373e-07,7.7391320602532305,1.0,0.5151741293532338,3.656936174389309e-10,0.530674819592825,0.0,0.033202332554105735,"[[3105, 0], [0, 2853]]","[[190, 155], [166, 151]]"
disclosure_x_bias,36,init_knn1,CLD,log_loss,1.1599309777923217e-07,7.739402662522027,1.0,0.5151741293532338,3.689967044368319e-10,0.5308056120177247,0.0,0.033202332554105735,"[[3105, 0], [0, 2853]]","[[190, 155], [166, 151]]"
disclosure_x_bias,37,init_knn1,CLD,log_loss,1.1594145549155352e-07,7.739463022909954,1.0,0.5151741293532338,3.720579861532098e-10,0.5308409512095722,0.0,0.033202332554105735,"[[3105, 0], [0, 2853]]","[[190, 155], [166, 151]]"
disclosure_x_bias,38,init_knn1,CLD,log_loss,1.158878309553985e-07,7.73945460689188,1.0,0.5151741293532338,3.708481650324754e-10,0.5308956661337291,0.0,0.033202332554105735,"[[3105, 0], [0, 2853]]","[[190, 155], [166, 151]]"
disclosure_x_bias,39,init_knn1,CLD,log_loss,1.1583360599101247e-07,7.739742143035332,1.0,0.5151741293532338,3.825416724833674e-10,0.5303166476803594,0.0,0.033202332554105735,"[[3105, 0], [0, 2853]]","[[190, 155], [166, 151]]"
disclosure_x_bias,40,init_knn1,CLD,log_loss,1.1578011195074476e-07,7.739902841243991,1.0,0.5151741293532338,3.9056636885105005e-10,0.5303933005798306,0.0,0.033202332554105735,"[[3105, 0], [0, 2853]]","[[190, 155], [166, 151]]"
disclosure_x_bias,41,init_knn1,CLD,log_loss,1.1573045955153513e-07,7.739865798352591,1.0,0.5151741293532338,3.896628658004785e-10,0.5307021755163663,0.0,0.033202332554105735,"[[3105, 0], [0, 2853]]","[[190, 155], [166, 151]]"
disclosure_x_bias,42,init_knn1,CLD,log_loss,1.1567825327658411e-07,7.739996835836787,1.0,0.5151741293532338,3.927322767825754e-10,0.5306264922740972,0.0,0.033202332554105735,"[[3105, 0], [0, 2853]]","[[190, 155], [166, 151]]"
disclosure_x_bias,43,init_knn1,CLD,log_loss,1.1563179612156659e-07,7.740001316672831,1.0,0.5151741293532338,3.929602685725245e-10,0.5307588341292616,0.0,0.033202332554105735,"[[3105, 0], [0, 2853]]","[[190, 155], [166, 151]]"
disclosure_x_bias,44,init_knn1,CLD,log_loss,1.1558192643950826e-07,7.739894221207935,1.0,0.5151741293532338,3.9732143610834976e-10,0.5307941407397341,0.0,0.033202332554105735,"[[3105, 0], [0, 2853]]","[[190, 155], [166, 151]]"
disclosure_x_bias,45,init_knn1,CLD,log_loss,1.1554001642111022e-07,7.7401984247785505,1.0,0.5151741293532338,3.98930524712332e-10,0.5307993958088394,0.0,0.033202332554105735,"[[3105, 0], [0, 2853]]","[[190, 155], [166, 151]]"
disclosure_x_bias,46,init_knn1,CLD,log_loss,1.1549341315859706e-07,7.74046227726415,1.0,0.5151741293532338,3.999038041705874e-10,0.530880607792129,0.0,0.033202332554105735,"[[3105, 0], [0, 2853]]","[[190, 155], [166, 151]]"
disclosure_x_bias,47,init_knn1,CLD,log_loss,1.154431447140136e-07,7.74087561882232,1.0,0.5151741293532338,4.100398150319257e-10,0.5308690760343803,0.0,0.033202332554105735,"[[3105, 0], [0, 2853]]","[[190, 155], [166, 151]]"
disclosure_x_bias,48,init_knn1,CLD,log_loss,1.1539771201898291e-07,7.740830790511157,1.0,0.5151741293532338,4.13610909692791e-10,0.5309504100455895,0.0,0.033202332554105735,"[[3105, 0], [0, 2853]]","[[190, 155], [166, 151]]"
disclosure_x_bias,49,init_knn1,CLD,log_loss,1.1535192036114556e-07,7.740855211405297,1.0,0.5151741293532338,4.142804370888062e-10,0.5310712120297368,0.0,0.033202332554105735,"[[3105, 0], [0, 2853]]","[[190, 155], [166, 151]]"
disclosure_x_bias,50,init_knn1,CLD,log_loss,1.1530639667759483e-07,7.740883447432607,1.0,0.5151741293532338,4.147727114973279e-10,0.5313156822553831,0.0,0.033202332554105735,"[[3105, 0], [0, 2853]]","[[190, 155], [166, 151]]"
disclosure_x_bias,51,init_knn1,CLD,log_loss,1.1526723683312029e-07,7.740867860134371,1.0,0.5151741293532338,4.152975588238323e-10,0.5313884509113143,0.0,0.033202332554105735,"[[3105, 0], [0, 2853]]","[[190, 155], [166, 151]]"
disclosure_x_bias,52,init_knn1,CLD,log_loss,1.1522753525028516e-07,7.741042289657034,1.0,0.5151741293532338,4.189792754575993e-10,0.5313230457929982,0.0,0.033202332554105735,"[[3105, 0], [0, 2853]]","[[190, 155], [166, 151]]"
disclosure_x_bias,53,init_knn1,CLD,log_loss,1.151864690617003e-07,7.741283175483193,1.0,0.5151741293532338,4.23273328321321e-10,0.5310220579246491,0.0,0.033202332554105735,"[[3105, 0], [0, 2853]]","[[190, 155], [166, 151]]"
disclosure_x_bias,54,init_knn1,CLD,log_loss,1.1514393642670195e-07,7.741650905061702,1.0,0.5151741293532338,4.213426132528737e-10,0.5308453635427915,0.0,0.033202332554105735,"[[3105, 0], [0, 2853]]","[[190, 155], [166, 151]]"
disclosure_x_bias,55,init_knn1,CLD,log_loss,1.1510555486917093e-07,7.741669545626218,1.0,0.5151741293532338,4.194981815056973e-10,0.5311147521230689,0.0,0.033202332554105735,"[[3105, 0], [0, 2853]]","[[190, 155], [166, 151]]"
disclosure_x_bias,56,init_knn1,CLD,log_loss,1.1506345023698271e-07,7.741572898207062,1.0,0.5151741293532338,4.198217124324698e-10,0.5311196887660605,0.0,0.033202332554105735,"[[3105, 0], [0, 2853]]","[[190, 155], [166, 151]]"
disclosure_x_bias,57,init_knn1,CLD,log_loss,1.1502756466432218e-07,7.741828378871537,1.0,0.5151741293532338,4.209626910733305e-10,0.5310130845744131,0.0,0.033202332554105735,"[[3105, 0], [0, 2853]]","[[190, 155], [166, 151]]"
disclosure_x_bias,58,init_knn1,CLD,log_loss,1.1498642454427678e-07,7.741835979394321,1.0,0.5151741293532338,4.223821298826545e-10,0.531053106281499,0.0,0.033202332554105735,"[[3105, 0], [0, 2853]]","[[190, 155], [166, 151]]"
disclosure_x_bias,59,init_knn1,CLD,log_loss,1.1494588784857851e-07,7.741840093457301,1.0,0.5151741293532338,4.2267447702034763e-10,0.5312240969930087,0.0,0.033202332554105735,"[[3105, 0], [0, 2853]]","[[190, 155], [166, 151]]"
disclosure_x_bias,60,init_knn1,CLD,log_loss,1.1490447015829101e-07,7.742038398548925,1.0,0.5151741293532338,4.2338452978614745e-10,0.5310753914791234,0.0,0.033202332554105735,"[[3105, 0], [0, 2853]]","[[190, 155], [166, 151]]"
disclosure_x_bias,61,init_knn1,CLD,log_loss,1.1486930729373525e-07,7.742236579497899,1.0,0.5151741293532338,4.2481718079903645e-10,0.5312981877830826,0.0,0.033202332554105735,"[[3105, 0], [0, 2853]]","[[190, 155], [166, 151]]"
disclosure_x_bias,62,init_knn1,CLD,log_loss,1.1483554914883228e-07,7.742378337428209,1.0,0.5151741293532338,4.2647253620279294e-10,0.5314283463094605,0.0,0.033202332554105735,"[[3105, 0], [0, 2853]]","[[190, 155], [166, 151]]"
disclosure_x_bias,63,init_knn1,CLD,log_loss,1.1480222773973115e-07,7.742493366624673,1.0,0.5151741293532338,4.27037151375786e-10,0.5311708636486795,0.0,0.033202332554105735,"[[3105, 0], [0, 2853]]","[[190, 155], [166, 151]]"
disclosure_x_bias,64,init_knn1,CLD,log_loss,1.1476692467904408e-07,7.742588442096431,1.0,0.5151741293532338,4.306339848827688e-10,0.5313685734823111,0.0,0.033202332554105735,"[[3105, 0], [0, 2853]]","[[190, 155], [166, 151]]"
disclosure_x_bias,65,init_knn1,CLD,log_loss,1.1472841160959244e-07,7.74304127626183,1.0,0.5151741293532338,4.448032238583642e-10,0.5310943844628612,0.0,0.033202332554105735,"[[3105, 0], [0, 2853]]","[[190, 155], [166, 151]]"
disclosure_x_bias,66,init_knn1,CLD,log_loss,1.1469422065296683e-07,7.742960165052797,1.0,0.5151741293532338,4.45163782184468e-10,0.5313862789772151,0.0,0.033202332554105735,"[[3105, 0], [0, 2853]]","[[190, 155], [166, 151]]"
disclosure_x_bias,67,init_knn1,CLD,log_loss,1.1466137379073932e-07,7.743160943026103,1.0,0.5151741293532338,4.465808315569898e-10,0.5312655026870978,0.0,0.033202332554105735,"[[3105, 0], [0, 2853]]","[[190, 155], [166, 151]]"
disclosure_x_bias,68,init_knn1,CLD,log_loss,1.1462782458737438e-07,7.743212723582056,1.0,0.5151741293532338,4.4921644119436183e-10,0.5310521023566614,0.0,0.033202332554105735,"[[3105, 0], [0, 2853]]","[[190, 155], [166, 151]]"
disclosure_x_bias,69,init_knn1,CLD,log_loss,1.1459428148335333e-07,7.743368969686062,1.0,0.5151741293532338,4.484358209613681e-10,0.5309262030198494,0.0,0.033202332554105735,"[[3105, 0], [0, 2853]]","[[190, 155], [166, 151]]"
disclosure_x_bias,70,init_knn1,CLD,log_loss,1.145611221275464e-07,7.743093412106687,1.0,0.5151741293532338,4.457100788311645e-10,0.5310078176988559,0.0,0.033202332554105735,"[[3105, 0], [0, 2853]]","[[190, 155], [166, 151]]"
disclosure_x_bias,71,init_knn1,CLD,log_loss,1.1452571705175178e-07,7.743411008423361,1.0,0.5151741293532338,4.4405796869991555e-10,0.5310969674510866,0.0,0.033202332554105735,"[[3105, 0], [0, 2853]]","[[190, 155], [166, 151]]"
disclosure_x_bias,72,init_knn1,CLD,log_loss,1.1448973845418112e-07,7.743293058493698,1.0,0.5151741293532338,4.4468253453132534e-10,0.5310203221468814,0.0,0.033202332554105735,"[[3105, 0], [0, 2853]]","[[190, 155], [166, 151]]"
disclosure_x_bias,73,init_knn1,CLD,log_loss,1.1445926191531713e-07,7.743412660457727,1.0,0.5151741293532338,4.4908680267702303e-10,0.5310824547312611,0.0,0.033202332554105735,"[[3105, 0], [0, 2853]]","[[190, 155], [166, 151]]"
disclosure_x_bias,74,init_knn1,CLD,log_loss,1.1442947111430669e-07,7.743363812443597,1.0,0.5151741293532338,4.5056046999726867e-10,0.5310706878072674,0.0,0.033202332554105735,"[[3105, 0], [0, 2853]]","[[190, 155], [166, 151]]"
disclosure_x_bias,75,init_knn1,CLD,log_loss,1.1440097389465154e-07,7.743470944631122,1.0,0.5151741293532338,4.5199067264755383e-10,0.5310958529320267,0.0,0.033202332554105735,"[[3105, 0], [0, 2853]]","[[190, 155], [166, 151]]"
disclosure_x_bias,76,init_knn1,CLD,log_loss,1.1436903116956038e-07,7.743449892581529,1.0,0.5151741293532338,4.5075662771562047e-10,0.5309818840961769,0.0,0.033202332554105735,"[[3105, 0], [0, 2853]]","[[190, 155], [166, 151]]"
disclosure_x_bias,77,init_knn1,CLD,log_loss,1.1433913726324841e-07,7.743499407258257,1.0,0.5151741293532338,4.50525999522402e-10,0.5312557038825219,0.0,0.033202332554105735,"[[3105, 0], [0, 2853]]","[[190, 155], [166, 151]]"
disclosure_x_bias,78,init_knn1,CLD,log_loss,1.1431161996088796e-07,7.743907201907069,1.0,0.5151741293532338,4.5133990032808184e-10,0.5310571348500054,0.0,0.033202332554105735,"[[3105, 0], [0, 2853]]","[[190, 155], [166, 151]]"
disclosure_x_bias,79,init_knn1,CLD,log_loss,1.1426989806382717e-07,7.74418567603319,1.0,0.5151741293532338,4.593074813939451e-10,0.5306546988466676,0.0,0.033202332554105735,"[[3105, 0], [0, 2853]]","[[190, 155], [166, 151]]"
disclosure_x_bias,80,init_knn1,CLD,log_loss,1.1423588431056411e-07,7.7441951594544705,1.0,0.5151741293532338,4.6380048621464967e-10,0.5307101662503007,0.0,0.033202332554105735,"[[3105, 0], [0, 2853]]","[[190, 155], [166, 151]]"
disclosure_x_bias,81,init_knn1,CLD,log_loss,1.1420745144743707e-07,7.74411258177336,1.0,0.5151741293532338,4.64850224302805e-10,0.5307155259352104,0.0,0.033202332554105735,"[[3105, 0], [0, 2853]]","[[190, 155], [166, 151]]"
disclosure_x_bias,82,init_knn1,CLD,log_loss,1.1417994277164935e-07,7.744100230887734,1.0,0.5151741293532338,4.655596667774135e-10,0.530730910898178,0.0,0.033202332554105735,"[[3105, 0], [0, 2853]]","[[190, 155], [166, 151]]"
disclosure_x_bias,83,init_knn1,CLD,log_loss,1.1415134872179328e-07,7.744225201262364,1.0,0.5151741293532338,4.669212267249759e-10,0.5306591825648201,0.0,0.033202332554105735,"[[3105, 0], [0, 2853]]","[[190, 155], [166, 151]]"
disclosure_x_bias,84,init_knn1,CLD,log_loss,1.1412371079544367e-07,7.744367858491984,1.0,0.5151741293532338,4.684871043812228e-10,0.5309107362621912,0.0,0.033202332554105735,"[[3105, 0], [0, 2853]]","[[190, 155], [166, 151]]"
disclosure_x_bias,85,init_knn1,CLD,log_loss,1.1409440170948218e-07,7.74432101917063,1.0,0.5151741293532338,4.739137480801162e-10,0.5307378008202247,0.0,0.033202332554105735,"[[3105, 0], [0, 2853]]","[[190, 155], [166, 151]]"
disclosure_x_bias,86,init_knn1,CLD,log_loss,1.1406660841033031e-07,7.744308489600551,1.0,0.5151741293532338,4.759771026539693e-10,0.5305589143811686,0.0,0.033202332554105735,"[[3105, 0], [0, 2853]]","[[190, 155], [166, 151]]"
disclosure_x_bias,87,init_knn1,CLD,log_loss,1.1403773291273828e-07,7.744387445011964,1.0,0.5151741293532338,4.732373146962741e-10,0.5306997359309265,0.0,0.033202332554105735,"[[3105, 0], [0, 2853]]","[[190, 155], [166, 151]]"
disclosure_x_bias,88,init_knn1,CLD,log_loss,1.1401107733479331e-07,7.74446624124145,1.0,0.5151741293532338,4.736149309587483e-10,0.5309225127616155,0.0,0.033202332554105735,"[[3105, 0], [0, 2853]]","[[190, 155], [166, 151]]"
disclosure_x_bias,89,init_knn1,CLD,log_loss,1.1398266183701102e-07,7.744328353616963,1.0,0.5151741293532338,4.752381086113116e-10,0.530936891085691,0.0,0.033202332554105735,"[[3105, 0], [0, 2853]]","[[190, 155], [166, 151]]"
disclosure_x_bias,90,init_knn1,CLD,log_loss,1.1395283162431253e-07,7.744543785528352,1.0,0.5151741293532338,4.749102941389217e-10,0.530612649690962,0.0,0.033202332554105735,"[[3105, 0], [0, 2853]]","[[190, 155], [166, 151]]"
disclosure_x_bias,91,init_knn1,CLD,log_loss,1.1392686262854158e-07,7.744638495645903,1.0,0.5151741293532338,4.754208276929737e-10,0.530658176197921,0.0,0.033202332554105735,"[[3105, 0], [0, 2853]]","[[190, 155], [166, 151]]"
disclosure_x_bias,92,init_knn1,CLD,log_loss,1.1390000205238385e-07,7.744658391286656,1.0,0.5151741293532338,4.715913433020079e-10,0.5306790619200757,0.0,0.033202332554105735,"[[3105, 0], [0, 2853]]","[[190, 155], [166, 151]]"
disclosure_x_bias,93,init_knn1,CLD,log_loss,1.1387523420531026e-07,7.745077262591133,1.0,0.5151741293532338,4.733292570059005e-10,0.5305276762269135,0.0,0.033202332554105735,"[[3105, 0], [0, 2853]]","[[190, 155], [166, 151]]"
disclosure_x_bias,94,init_knn1,CLD,log_loss,1.1384740781840757e-07,7.744941317561486,1.0,0.5151741293532338,4.795346912012989e-10,0.5305982064496239,0.0,0.033202332554105735,"[[3105, 0], [0, 2853]]","[[190, 155], [166, 151]]"
disclosure_x_bias,95,init_knn1,CLD,log_loss,1.1382496822998897e-07,7.7450242188516825,1.0,0.5151741293532338,4.810205989576127e-10,0.5308168646444456,0.0,0.033202332554105735,"[[3105, 0], [0, 2853]]","[[190, 155], [166, 151]]"
disclosure_x_bias,96,init_knn1,CLD,log_loss,1.1379930216668741e-07,7.744876801077245,1.0,0.5151741293532338,4.806490337051976e-10,0.5307938383146569,0.0,0.033202332554105735,"[[3105, 0], [0, 2853]]","[[190, 155], [166, 151]]"
disclosure_x_bias,97,init_knn1,CLD,log_loss,1.1377281780317242e-07,7.745055236541444,1.0,0.5151741293532338,4.801233074104522e-10,0.530836132886054,0.0,0.033202332554105735,"[[3105, 0], [0, 2853]]","[[190, 155], [166, 151]]"
disclosure_x_bias,98,init_knn1,CLD,log_loss,1.1374560417404884e-07,7.745226238969698,1.0,0.5151741293532338,4.791734300918997e-10,0.5308607816279185,0.0,0.033202332554105735,"[[3105, 0], [0, 2853]]","[[190, 155], [166, 151]]"
disclosure_x_bias,99,init_knn1,CLD,log_loss,1.1372168268994693e-07,7.745252630671791,1.0,0.5151741293532338,4.798419967217379e-10,0.531047304744841,0.0,0.033202332554105735,"[[3105, 0], [0, 2853]]","[[190, 155], [166, 151]]"
disclosure_x_bias,100,init_knn1,CLD,log_loss,1.1369508787478443e-07,7.7452174369367786,1.0,0.5151741293532338,4.803528021973768e-10,0.5309000906498261,0.0,0.033202332554105735,"[[3105, 0], [0, 2853]]","[[190, 155], [166, 151]]"
disclosure_x_bias,101,init_knn1,CLD,log_loss,1.1366942739698082e-07,7.7451681742951966,1.0,0.5151741293532338,4.798775742984365e-10,0.5307768657339151,0.0,0.033202332554105735,"[[3105, 0], [0, 2853]]","[[190, 155], [166, 151]]"
disclosure_x_bias,102,init_knn1,CLD,log_loss,1.1363956998966769e-07,7.745537392380163,1.0,0.5151741293532338,4.85790189042251e-10,0.5305737488822715,0.0,0.033202332554105735,"[[3105, 0], [0, 2853]]","[[190, 155], [166, 151]]"
disclosure_x_bias,103,init_knn1,CLD,log_loss,1.1361476841440799e-07,7.745708590186213,1.0,0.5151741293532338,4.853689938534356e-10,0.5306971855317009,0.0,0.033202332554105735,"[[3105, 0], [0, 2853]]","[[190, 155], [166, 151]]"
disclosure_x_bias,104,init_knn1,CLD,log_loss,1.135867259638173e-07,7.74561402465554,1.0,0.5151741293532338,4.873271901151462e-10,0.5307271025848155,0.0,0.033202332554105735,"[[3105, 0], [0, 2853]]","[[190, 155], [166, 151]]"
disclosure_x_bias,105,init_knn1,CLD,log_loss,1.1356499664951362e-07,7.745641256003071,1.0,0.5151741293532338,4.873272357231878e-10,0.5307516393368907,0.0,0.033202332554105735,"[[3105, 0], [0, 2853]]","[[190, 155], [166, 151]]"
disclosure_x_bias,106,init_knn1,CLD,log_loss,1.1354430196441894e-07,7.745636403788569,1.0,0.5151741293532338,4.875456678540433e-10,0.5305740894197633,0.0,0.033202332554105735,"[[3105, 0], [0, 2853]]","[[190, 155], [166, 151]]"
disclosure_x_bias,107,init_knn1,CLD,log_loss,1.1352277630799938e-07,7.745900952673409,1.0,0.5151741293532338,4.878098128329747e-10,0.5304918332891879,0.0,0.033202332554105735,"[[3105, 0], [0, 2853]]","[[190, 155], [166, 151]]"
disclosure_x_bias,108,init_knn1,CLD,log_loss,1.1349982646006879e-07,7.746143610282258,1.0,0.5151741293532338,4.884205251885084e-10,0.5304200841307736,0.0,0.033202332554105735,"[[3105, 0], [0, 2853]]","[[190, 155], [166, 151]]"
disclosure_x_bias,109,init_knn1,CLD,log_loss,1.1347521937710953e-07,7.7463082978827655,1.0,0.5151741293532338,4.924917664528557e-10,0.53043241481295,0.0,0.033202332554105735,"[[3105, 0], [0, 2853]]","[[190, 155], [166, 151]]"
disclosure_x_bias,110,init_knn1,CLD,log_loss,1.134527095441149e-07,7.746430751684993,1.0,0.5151741293532338,4.928795893200501e-10,0.5305232513749492,0.0,0.033202332554105735,"[[3105, 0], [0, 2853]]","[[190, 155], [166, 151]]"
disclosure_x_bias,111,init_knn1,CLD,log_loss,1.1342950561246136e-07,7.746647134369749,1.0,0.5151741293532338,4.977407695282575e-10,0.5303176470639317,0.0,0.033202332554105735,"[[3105, 0], [0, 2853]]","[[190, 155], [166, 151]]"
disclosure_x_bias,112,init_knn1,CLD,log_loss,1.1340712395355339e-07,7.746728073831212,1.0,0.5151741293532338,4.962672213892151e-10,0.5303227884845325,0.0,0.033202332554105735,"[[3105, 0], [0, 2853]]","[[190, 155], [166, 151]]"
disclosure_x_bias,113,init_knn1,CLD,log_loss,1.1338565371937798e-07,7.746764887885824,1.0,0.5151741293532338,4.96034219295965e-10,0.530535644907824,0.0,0.033202332554105735,"[[3105, 0], [0, 2853]]","[[190, 155], [166, 151]]"
disclosure_x_bias,114,init_knn1,CLD,log_loss,1.1336640026969572e-07,7.746728351274035,1.0,0.5151741293532338,4.9708412179292e-10,0.5304341466961973,0.0,0.033202332554105735,"[[3105, 0], [0, 2853]]","[[190, 155], [166, 151]]"
disclosure_x_bias,115,init_knn1,CLD,log_loss,1.1334418737594787e-07,7.746683874849053,1.0,0.5151741293532338,5.006102564025311e-10,0.5305918171935673,0.0,0.033202332554105735,"[[3105, 0], [0, 2853]]","[[190, 155], [166, 151]]"
disclosure_x_bias,116,init_knn1,CLD,log_loss,1.133233658665988e-07,7.746788423750199,1.0,0.5151741293532338,5.007345483086175e-10,0.5308843849712287,0.0,0.033202332554105735,"[[3105, 0], [0, 2853]]","[[190, 155], [166, 151]]"
disclosure_x_bias,117,init_knn1,CLD,log_loss,1.1330398743017334e-07,7.746877184092251,1.0,0.5151741293532338,5.013604785861878e-10,0.5306627670651474,0.0,0.033202332554105735,"[[3105, 0], [0, 2853]]","[[190, 155], [166, 151]]"
disclosure_x_bias,118,init_knn1,CLD,log_loss,1.1328202066151149e-07,7.74689320275313,1.0,0.5151741293532338,5.013550678474533e-10,0.5307017964109007,0.0,0.033202332554105735,"[[3105, 0], [0, 2853]]","[[190, 155], [166, 151]]"
disclosure_x_bias,119,init_knn1,CLD,log_loss,1.1326020806352502e-07,7.746973972843111,1.0,0.5151741293532338,5.011608439571204e-10,0.5307354726308867,0.0,0.033202332554105735,"[[3105, 0], [0, 2853]]","[[190, 155], [166, 151]]"
disclosure_x_bias,120,init_knn1,CLD,log_loss,1.1323615605261773e-07,7.747067773433166,1.0,0.5151741293532338,4.989963457214793e-10,0.5309314648234026,0.0,0.033202332554105735,"[[3105, 0], [0, 2853]]","[[190, 155], [166, 151]]"
disclosure_x_bias,121,init_knn1,CLD,log_loss,1.1321077169507588e-07,7.747057230568591,1.0,0.5151741293532338,5.023674420334971e-10,0.5311207011501262,0.0,0.033202332554105735,"[[3105, 0], [0, 2853]]","[[190, 155], [166, 151]]"
disclosure_x_bias,122,init_knn1,CLD,log_loss,1.1318849606321581e-07,7.7470484348822195,1.0,0.5151741293532338,5.044523631006662e-10,0.5310764312466438,0.0,0.033202332554105735,"[[3105, 0], [0, 2853]]","[[190, 155], [166, 151]]"
disclosure_x_bias,123,init_knn1,CLD,log_loss,1.1316881501329438e-07,7.747073014738794,1.0,0.5151741293532338,5.037044529382294e-10,0.5312021127682114,0.0,0.033202332554105735,"[[3105, 0], [0, 2853]]","[[190, 155], [166, 151]]"
disclosure_x_bias,124,init_knn1,CLD,log_loss,1.1314785390772905e-07,7.747115860728132,1.0,0.5151741293532338,5.034944458749586e-10,0.531296622255588,0.0,0.033202332554105735,"[[3105, 0], [0, 2853]]","[[190, 155], [166, 151]]"
disclosure_x_bias,125,init_knn1,CLD,log_loss,1.1312913011022364e-07,7.7471926136011735,1.0,0.5151741293532338,5.039563846827386e-10,0.5313209916675237,0.0,0.033202332554105735,"[[3105, 0], [0, 2853]]","[[190, 155], [166, 151]]"
disclosure_x_bias,126,init_knn1,CLD,log_loss,1.1311103997320897e-07,7.74726432584824,1.0,0.5151741293532338,5.045501782510162e-10,0.5314320109591611,0.0,0.033202332554105735,"[[3105, 0], [0, 2853]]","[[190, 155], [166, 151]]"
disclosure_x_bias,127,init_knn1,CLD,log_loss,1.1309241872704591e-07,7.747122208575464,1.0,0.5151741293532338,5.045709768433762e-10,0.531385259248661,0.0,0.033202332554105735,"[[3105, 0], [0, 2853]]","[[190, 155], [166, 151]]"
disclosure_x_bias,128,init_knn1,CLD,log_loss,1.1307370242236133e-07,7.747169047323919,1.0,0.5151741293532338,5.048109737341633e-10,0.5313109263961748,0.0,0.033202332554105735,"[[3105, 0], [0, 2853]]","[[190, 155], [166, 151]]"
disclosure_x_bias,129,init_knn1,CLD,log_loss,1.1305475056067114e-07,7.746941091392772,1.0,0.5151741293532338,5.043782354270734e-10,0.531312411659159,0.0,0.033202332554105735,"[[3105, 0], [0, 2853]]","[[190, 155], [166, 151]]"
disclosure_x_bias,130,init_knn1,CLD,log_loss,1.1303293027971361e-07,7.746931081706267,1.0,0.5151741293532338,4.99086669814921e-10,0.5311760062448081,0.0,0.033202332554105735,"[[3105, 0], [0, 2853]]","[[190, 155], [166, 151]]"
disclosure_x_bias,131,init_knn1,CLD,log_loss,1.1301240152091794e-07,7.7470321874188866,1.0,0.5151741293532338,4.982802182813688e-10,0.5314353873237332,0.0,0.033202332554105735,"[[3105, 0], [0, 2853]]","[[190, 155], [166, 151]]"
disclosure_x_bias,132,init_knn1,CLD,log_loss,1.1299186529837675e-07,7.747013660639792,1.0,0.5151741293532338,4.972488960307433e-10,0.5313868890785299,0.0,0.033202332554105735,"[[3105, 0], [0, 2853]]","[[190, 155], [166, 151]]"
disclosure_x_bias,133,init_knn1,CLD,log_loss,1.1297085287699351e-07,7.74717008268162,1.0,0.5151741293532338,4.97295214958437e-10,0.5313901292216965,0.0,0.033202332554105735,"[[3105, 0], [0, 2853]]","[[190, 155], [166, 151]]"
disclosure_x_bias,134,init_knn1,CLD,log_loss,1.1295142218703643e-07,7.746969577248743,1.0,0.5151741293532338,4.98332497545768e-10,0.5313380264966967,0.0,0.033202332554105735,"[[3105, 0], [0, 2853]]","[[190, 155], [166, 151]]"
disclosure_x_bias,135,init_knn1,CLD,log_loss,1.1292597551899113e-07,7.746910041384503,1.0,0.5151741293532338,5.019720781185939e-10,0.5314311483459311,0.0,0.033202332554105735,"[[3105, 0], [0, 2853]]","[[190, 155], [166, 151]]"
disclosure_x_bias,136,init_knn1,CLD,log_loss,1.1290684192407188e-07,7.747119537063389,1.0,0.5151741293532338,5.01405650118775e-10,0.5315470093468679,0.0,0.033202332554105735,"[[3105, 0], [0, 2853]]","[[190, 155], [166, 151]]"
disclosure_x_bias,137,init_knn1,CLD,log_loss,1.128837838268134e-07,7.747301704764228,1.0,0.5151741293532338,5.101506163947361e-10,0.5312549343600509,0.0,0.033202332554105735,"[[3105, 0], [0, 2853]]","[[190, 155], [166, 151]]"
disclosure_x_bias,138,init_knn1,CLD,log_loss,1.1286615776392045e-07,7.7473536207993146,1.0,0.5151741293532338,5.104580231272127e-10,0.5313970571629648,0.0,0.033202332554105735,"[[3105, 0], [0, 2853]]","[[190, 155], [166, 151]]"
disclosure_x_bias,139,init_knn1,CLD,log_loss,1.1284600116211478e-07,7.747362637296521,1.0,0.5151741293532338,5.110021145191073e-10,0.530995767921327,0.0,0.033202332554105735,"[[3105, 0], [0, 2853]]","[[190, 155], [166, 151]]"
disclosure_x_bias,140,init_knn1,CLD,log_loss,1.1282701406922531e-07,7.747427138235146,1.0,0.5151741293532338,5.114747697615241e-10,0.5312922768945472,0.0,0.033202332554105735,"[[3105, 0], [0, 2853]]","[[190, 155], [166, 151]]"
disclosure_x_bias,141,init_knn1,CLD,log_loss,1.1280965915591465e-07,7.747276613970247,1.0,0.5151741293532338,5.114501815155084e-10,0.5312373047497353,0.0,0.033202332554105735,"[[3105, 0], [0, 2853]]","[[190, 155], [166, 151]]"
disclosure_x_bias,142,init_knn1,CLD,log_loss,1.1278985330922877e-07,7.747370428243282,1.0,0.5151741293532338,5.109730955661247e-10,0.5313404446986753,0.0,0.033202332554105735,"[[3105, 0], [0, 2853]]","[[190, 155], [166, 151]]"
disclosure_x_bias,143,init_knn1,CLD,log_loss,1.1277247987343562e-07,7.747382519620366,1.0,0.5151741293532338,5.111248156709243e-10,0.5312324702709097,0.0,0.033202332554105735,"[[3105, 0], [0, 2853]]","[[190, 155], [166, 151]]"
disclosure_x_bias,144,init_knn1,CLD,log_loss,1.1275426896841572e-07,7.74746145522266,1.0,0.5151741293532338,5.118785265935402e-10,0.5313814130886728,0.0,0.033202332554105735,"[[3105, 0], [0, 2853]]","[[190, 155], [166, 151]]"
disclosure_x_bias,145,init_knn1,CLD,log_loss,1.1273292353903677e-07,7.747395898144077,1.0,0.5151741293532338,5.084677329294498e-10,0.5312497298458806,0.0,0.033202332554105735,"[[3105, 0], [0, 2853]]","[[190, 155], [166, 151]]"
disclosure_x_bias,146,init_knn1,CLD,log_loss,1.1271161141125022e-07,7.747290606850631,1.0,0.5151741293532338,5.124386658578414e-10,0.5315985652037919,0.0,0.033202332554105735,"[[3105, 0], [0, 2853]]","[[190, 155], [166, 151]]"
disclosure_x_bias,147,init_knn1,CLD,log_loss,1.1269240612014543e-07,7.747268623288818,1.0,0.5151741293532338,5.164713626059988e-10,0.5315661822094475,0.0,0.033202332554105735,"[[3105, 0], [0, 2853]]","[[190, 155], [166, 151]]"
disclosure_x_bias,148,init_knn1,CLD,log_loss,1.1267555866337195e-07,7.747394243624152,1.0,0.5151741293532338,5.162905059517181e-10,0.5316651896436169,0.0,0.033202332554105735,"[[3105, 0], [0, 2853]]","[[190, 155], [166, 151]]"
disclosure_x_bias,149,init_knn1,CLD,log_loss,1.1265658892907528e-07,7.7474695165918375,1.0,0.5151741293532338,5.149161541985766e-10,0.5316164929956803,0.0,0.033202332554105735,"[[3105, 0], [0, 2853]]","[[190, 155], [166, 151]]"
disclosure_x_bias,150,init_knn1,CLD,log_loss,1.1263450917505134e-07,7.747395337088956,1.0,0.5151741293532338,5.133251658059871e-10,0.5315832203160775,0.0,0.033202332554105735,"[[3105, 0], [0, 2853]]","[[190, 155], [166, 151]]"
disclosure_x_bias,151,init_knn1,CLD,log_loss,1.1261605662011409e-07,7.747523379039757,1.0,0.5151741293532338,5.123224834221831e-10,0.5315660462150356,0.0,0.033202332554105735,"[[3105, 0], [0, 2853]]","[[190, 155], [166, 151]]"
disclosure_x_bias,152,init_knn1,CLD,log_loss,1.1259784070897662e-07,7.747556397960119,1.0,0.5151741293532338,5.113161532211795e-10,0.5316600955841452,0.0,0.033202332554105735,"[[3105, 0], [0, 2853]]","[[190, 155], [166, 151]]"
disclosure_x_bias,153,init_knn1,CLD,log_loss,1.1257874301905633e-07,7.747698139194496,1.0,0.5151741293532338,5.089725887543059e-10,0.5316791027572035,0.0,0.033202332554105735,"[[3105, 0], [0, 2853]]","[[190, 155], [166, 151]]"
disclosure_x_bias,154,init_knn1,CLD,log_loss,1.1256100351784313e-07,7.7479277601806285,1.0,0.5151741293532338,5.086696102902734e-10,0.5318378056137627,0.0,0.033202332554105735,"[[3105, 0], [0, 2853]]","[[190, 155], [166, 151]]"
disclosure_x_bias,155,init_knn1,CLD,log_loss,1.1254437819789805e-07,7.747785970368445,1.0,0.5151741293532338,5.093433169600007e-10,0.5317664330773405,0.0,0.033202332554105735,"[[3105, 0], [0, 2853]]","[[190, 155], [166, 151]]"
disclosure_x_bias,156,init_knn1,CLD,log_loss,1.1252621678531614e-07,7.7478275757711215,1.0,0.5151741293532338,5.094275815294697e-10,0.531811290599654,0.0,0.033202332554105735,"[[3105, 0], [0, 2853]]","[[190, 155], [166, 151]]"
disclosure_x_bias,157,init_knn1,CLD,log_loss,1.1250884716159548e-07,7.747850150347871,1.0,0.5151741293532338,5.105752652329893e-10,0.531943423483878,0.0,0.033202332554105735,"[[3105, 0], [0, 2853]]","[[190, 155], [166, 151]]"
disclosure_x_bias,158,init_knn1,CLD,log_loss,1.1248989328243299e-07,7.747769669044457,1.0,0.5151741293532338,5.115027725759181e-10,0.5318439790896744,0.0,0.033202332554105735,"[[3105, 0], [0, 2853]]","[[190, 155], [166, 151]]"
disclosure_x_bias,159,init_knn1,CLD,log_loss,1.1247148670381854e-07,7.747761094390327,1.0,0.5151741293532338,5.112317216526871e-10,0.5319233977512516,0.0,0.033202332554105735,"[[3105, 0], [0, 2853]]","[[190, 155], [166, 151]]"
disclosure_x_bias,160,init_knn1,CLD,log_loss,1.1245226051919175e-07,7.747830595734472,1.0,0.5151741293532338,5.110455297640964e-10,0.5319044800196123,0.0,0.033202332554105735,"[[3105, 0], [0, 2853]]","[[190, 155], [166, 151]]"
disclosure_x_bias,161,init_knn1,CLD,log_loss,1.1243575228241867e-07,7.747881305372793,1.0,0.5151741293532338,5.107675876567203e-10,0.5319442113408456,0.0,0.033202332554105735,"[[3105, 0], [0, 2853]]","[[190, 155], [166, 151]]"
disclosure_x_bias,162,init_knn1,CLD,log_loss,1.1241920147936036e-07,7.7479013954591025,1.0,0.5151741293532338,5.107301566560944e-10,0.5320437770865157,0.0,0.033202332554105735,"[[3105, 0], [0, 2853]]","[[190, 155], [166, 151]]"
disclosure_x_bias,163,init_knn1,CLD,log_loss,1.1240045116868162e-07,7.7479065972497505,1.0,0.5151741293532338,5.145398058933452e-10,0.5321415948218933,0.0,0.033202332554105735,"[[3105, 0], [0, 2853]]","[[190, 155], [166, 151]]"
disclosure_x_bias,164,init_knn1,CLD,log_loss,1.1238425749693411e-07,7.748022794844507,1.0,0.5151741293532338,5.144366954492369e-10,0.5321722561976588,0.0,0.033202332554105735,"[[3105, 0], [0, 2853]]","[[190, 155], [166, 151]]"
disclosure_x_bias,165,init_knn1,CLD,log_loss,1.1236813366469315e-07,7.74785787214868,1.0,0.5151741293532338,5.144386247787983e-10,0.5321650202123135,0.0,0.033202332554105735,"[[3105, 0], [0, 2853]]","[[190, 155], [166, 151]]"
disclosure_x_bias,166,init_knn1,CLD,log_loss,1.12347282617356e-07,7.747906866116189,1.0,0.5151741293532338,5.12234422685119e-10,0.5320512031698005,0.0,0.033202332554105735,"[[3105, 0], [0, 2853]]","[[190, 155], [166, 151]]"
disclosure_x_bias,167,init_knn1,CLD,log_loss,1.1233135106196062e-07,7.74790532146424,1.0,0.5151741293532338,5.123043232104133e-10,0.5319374559551938,0.0,0.033202332554105735,"[[3105, 0], [0, 2853]]","[[190, 155], [166, 151]]"
disclosure_x_bias,168,init_knn1,CLD,log_loss,1.123148640067154e-07,7.748058690361726,1.0,0.5151741293532338,5.124259333417702e-10,0.5316700810417109,0.0,0.033202332554105735,"[[3105, 0], [0, 2853]]","[[190, 155], [166, 151]]"
disclosure_x_bias,169,init_knn1,CLD,log_loss,1.1229905006975638e-07,7.7480924547996395,1.0,0.5151741293532338,5.12248913091632e-10,0.5318233347156769,0.0,0.033202332554105735,"[[3105, 0], [0, 2853]]","[[190, 155], [166, 151]]"
disclosure_x_bias,170,init_knn1,CLD,log_loss,1.1228108170904003e-07,7.74807478180153,1.0,0.5151741293532338,5.108450855805592e-10,0.5316362039230973,0.0,0.033202332554105735,"[[3105, 0], [0, 2853]]","[[190, 155], [166, 151]]"
disclosure_x_bias,171,init_knn1,CLD,log_loss,1.1226475668987422e-07,7.7482726274194444,1.0,0.5151741293532338,5.11347405101897e-10,0.5318944872506803,0.0,0.033202332554105735,"[[3105, 0], [0, 2853]]","[[190, 155], [166, 151]]"
disclosure_x_bias,172,init_knn1,CLD,log_loss,1.1224853323547122e-07,7.748058004408655,1.0,0.5151741293532338,5.11852099604939e-10,0.531784118210965,0.0,0.033202332554105735,"[[3105, 0], [0, 2853]]","[[190, 155], [166, 151]]"
disclosure_x_bias,173,init_knn1,CLD,log_loss,1.1222902261065054e-07,7.748210660408253,1.0,0.5151741293532338,5.113839031017665e-10,0.5318198686010882,0.0,0.033202332554105735,"[[3105, 0], [0, 2853]]","[[190, 155], [166, 151]]"
disclosure_x_bias,174,init_knn1,CLD,log_loss,1.1221253181675113e-07,7.748117922032367,1.0,0.5151741293532338,5.110856670411869e-10,0.5319376286859732,0.0,0.033202332554105735,"[[3105, 0], [0, 2853]]","[[190, 155], [166, 151]]"
disclosure_x_bias,175,init_knn1,CLD,log_loss,1.1219673840656807e-07,7.748145788068891,1.0,0.5151741293532338,5.108872630382709e-10,0.5318831258571632,0.0,0.033202332554105735,"[[3105, 0], [0, 2853]]","[[190, 155], [166, 151]]"
disclosure_x_bias,176,init_knn1,CLD,log_loss,1.1217934217120031e-07,7.7480894371799565,1.0,0.5151741293532338,5.095050438856463e-10,0.531850909107042,0.0,0.033202332554105735,"[[3105, 0], [0, 2853]]","[[190, 155], [166, 151]]"
disclosure_x_bias,177,init_knn1,CLD,log_loss,1.1216320469343385e-07,7.748219394038213,1.0,0.5151741293532338,5.092782124727448e-10,0.5319162096898361,0.0,0.033202332554105735,"[[3105, 0], [0, 2853]]","[[190, 155], [166, 151]]"
disclosure_x_bias,178,init_knn1,CLD,log_loss,1.1214508894868718e-07,7.748314048526579,1.0,0.5151741293532338,5.110052874856269e-10,0.531845910786144,0.0,0.033202332554105735,"[[3105, 0], [0, 2853]]","[[190, 155], [166, 151]]"
disclosure_x_bias,179,init_knn1,CLD,log_loss,1.1212657036526367e-07,7.748356632590308,1.0,0.5151741293532338,5.123016398824207e-10,0.5319613765972028,0.0,0.033202332554105735,"[[3105, 0], [0, 2853]]","[[190, 155], [166, 151]]"
disclosure_x_bias,180,init_knn1,CLD,log_loss,1.1210914275164597e-07,7.748422758791523,1.0,0.5151741293532338,5.129435344389018e-10,0.5319494882822006,0.0,0.033202332554105735,"[[3105, 0], [0, 2853]]","[[190, 155], [166, 151]]"
disclosure_x_bias,181,init_knn1,CLD,log_loss,1.1209374578981389e-07,7.748544162707974,1.0,0.5151741293532338,5.130935190522234e-10,0.5320980759425916,0.0,0.033202332554105735,"[[3105, 0], [0, 2853]]","[[190, 155], [166, 151]]"
disclosure_x_bias,182,init_knn1,CLD,log_loss,1.1207712041406118e-07,7.74845768378824,1.0,0.5151741293532338,5.110484319678508e-10,0.5319918809921923,0.0,0.033202332554105735,"[[3105, 0], [0, 2853]]","[[190, 155], [166, 151]]"
disclosure_x_bias,183,init_knn1,CLD,log_loss,1.1206203102679956e-07,7.7486725814478365,1.0,0.5151741293532338,5.11634222501743e-10,0.5321568187135924,0.0,0.033202332554105735,"[[3105, 0], [0, 2853]]","[[190, 155], [166, 151]]"
disclosure_x_bias,184,init_knn1,CLD,log_loss,1.1204533327007083e-07,7.748603654479888,1.0,0.5151741293532338,5.125880787062105e-10,0.5321046418627624,0.0,0.033202332554105735,"[[3105, 0], [0, 2853]]","[[190, 155], [166, 151]]"
disclosure_x_bias,185,init_knn1,CLD,log_loss,1.1203045626692122e-07,7.748608806800331,1.0,0.5151741293532338,5.129082638506666e-10,0.5321826299733661,0.0,0.033202332554105735,"[[3105, 0], [0, 2853]]","[[190, 155], [166, 151]]"
disclosure_x_bias,186,init_knn1,CLD,log_loss,1.1201540806156168e-07,7.748566179705648,1.0,0.5151741293532338,5.134530517683905e-10,0.5322762448167789,0.0,0.033202332554105735,"[[3105, 0], [0, 2853]]","[[190, 155], [166, 151]]"
disclosure_x_bias,187,init_knn1,CLD,log_loss,1.1199674634537345e-07,7.749028968005824,1.0,0.5151741293532338,5.227245618866993e-10,0.5321332445368631,0.0,0.033202332554105735,"[[3105, 0], [0, 2853]]","[[190, 155], [166, 151]]"
disclosure_x_bias,188,init_knn1,CLD,log_loss,1.119817080658275e-07,7.74885680588889,1.0,0.5151741293532338,5.22894936692407e-10,0.5321109165664574,0.0,0.033202332554105735,"[[3105, 0], [0, 2853]]","[[190, 155], [166, 151]]"
disclosure_x_bias,189,init_knn1,CLD,log_loss,1.1196244839707845e-07,7.748854040356544,1.0,0.5151741293532338,5.180876801503453e-10,0.532215160067635,0.0,0.033202332554105735,"[[3105, 0], [0, 2853]]","[[190, 155], [166, 151]]"
disclosure_x_bias,190,init_knn1,CLD,log_loss,1.1194535302589272e-07,7.748915590201564,1.0,0.5151741293532338,5.162489612849978e-10,0.5322106924468084,0.0,0.033202332554105735,"[[3105, 0], [0, 2853]]","[[190, 155], [166, 151]]"
disclosure_x_bias,191,init_knn1,CLD,log_loss,1.1192854982323622e-07,7.749013531592402,1.0,0.5151741293532338,5.175906890873266e-10,0.5323610201017175,0.0,0.033202332554105735,"[[3105, 0], [0, 2853]]","[[190, 155], [166, 151]]"
disclosure_x_bias,192,init_knn1,CLD,log_loss,1.1191347930753615e-07,7.748784996724474,1.0,0.5151741293532338,5.182238908371039e-10,0.5322611034148965,0.0,0.033202332554105735,"[[3105, 0], [0, 2853]]","[[190, 155], [166, 151]]"
disclosure_x_bias,193,init_knn1,CLD,log_loss,1.118989097957157e-07,7.748996182071904,1.0,0.5151741293532338,5.182852856921693e-10,0.5323082517044071,0.0,0.033202332554105735,"[[3105, 0], [0, 2853]]","[[190, 155], [166, 151]]"
disclosure_x_bias,194,init_knn1,CLD,log_loss,1.1188357761422536e-07,7.748925462218997,1.0,0.5151741293532338,5.176007522227101e-10,0.5323268163682812,0.0,0.033202332554105735,"[[3105, 0], [0, 2853]]","[[190, 155], [166, 151]]"
disclosure_x_bias,195,init_knn1,CLD,log_loss,1.1186772163451251e-07,7.7490767866814085,1.0,0.5151741293532338,5.175960199583681e-10,0.5322789841522038,0.0,0.033202332554105735,"[[3105, 0], [0, 2853]]","[[190, 155], [166, 151]]"
disclosure_x_bias,196,init_knn1,CLD,log_loss,1.1185144304355975e-07,7.748948676194422,1.0,0.5151741293532338,5.171586951392492e-10,0.5322851725571124,0.0,0.033202332554105735,"[[3105, 0], [0, 2853]]","[[190, 155], [166, 151]]"
disclosure_x_bias,197,init_knn1,CLD,log_loss,1.1183264746062457e-07,7.748822942125737,1.0,0.5151741293532338,5.18089836194468e-10,0.5322423683538552,0.0,0.033202332554105735,"[[3105, 0], [0, 2853]]","[[190, 155], [166, 151]]"
disclosure_x_bias,198,init_knn1,CLD,log_loss,1.1181670854444779e-07,7.748681196540798,1.0,0.5151741293532338,5.187408933047137e-10,0.5323479374912478,0.0,0.033202332554105735,"[[3105, 0], [0, 2853]]","[[190, 155], [166, 151]]"
disclosure_x_bias,199,init_knn1,CLD,log_loss,1.1180176960335423e-07,7.748836205862571,1.0,0.5151741293532338,5.1915297028083e-10,0.5322402420589616,0.0,0.033202332554105735,"[[3105, 0], [0, 2853]]","[[190, 155], [166, 151]]"
disclosure_x_bias,200,init_knn1,CLD,log_loss,1.117830938871562e-07,7.748796872923522,1.0,0.5151741293532338,5.187314958062254e-10,0.5323287325455207,0.0,0.033202332554105735,"[[3105, 0], [0, 2853]]","[[190, 155], [166, 151]]"
disclosure_x_bias,201,init_knn1,CLD,log_loss,1.1176912566828326e-07,7.74886773949873,1.0,0.5151741293532338,5.186257917597662e-10,0.5323971092461555,0.0,0.033202332554105735,"[[3105, 0], [0, 2853]]","[[190, 155], [166, 151]]"
disclosure_x_bias,202,init_knn1,CLD,log_loss,1.1175375029079441e-07,7.748950402142478,1.0,0.5151741293532338,5.175201069265261e-10,0.5323880622104323,0.0,0.033202332554105735,"[[3105, 0], [0, 2853]]","[[190, 155], [166, 151]]"
disclosure_x_bias,203,init_knn1,CLD,log_loss,1.1173818249621009e-07,7.748790470573839,1.0,0.5151741293532338,5.169925228945732e-10,0.5323632952725091,0.0,0.033202332554105735,"[[3105, 0], [0, 2853]]","[[190, 155], [166, 151]]"
disclosure_x_bias,204,init_knn1,CLD,log_loss,1.1172425137932502e-07,7.748704133298038,1.0,0.5151741293532338,5.171176581695353e-10,0.5325393436391777,0.0,0.033202332554105735,"[[3105, 0], [0, 2853]]","[[190, 155], [166, 151]]"
disclosure_x_bias,205,init_knn1,CLD,log_loss,1.1170775434726391e-07,7.748832551154145,1.0,0.5151741293532338,5.190688504219404e-10,0.5324279351529386,0.0,0.033202332554105735,"[[3105, 0], [0, 2853]]","[[190, 155], [166, 151]]"
disclosure_x_bias,206,init_knn1,CLD,log_loss,1.1169284478921833e-07,7.748857790897643,1.0,0.5151741293532338,5.196626905668876e-10,0.5324994632422315,0.0,0.033202332554105735,"[[3105, 0], [0, 2853]]","[[190, 155], [166, 151]]"
disclosure_x_bias,207,init_knn1,CLD,log_loss,1.1167896834690869e-07,7.749062992980917,1.0,0.5151741293532338,5.198477293868603e-10,0.5325358095249042,0.0,0.033202332554105735,"[[3105, 0], [0, 2853]]","[[190, 155], [166, 151]]"
disclosure_x_bias,208,init_knn1,CLD,log_loss,1.1166539555032356e-07,7.748891355975308,1.0,0.5151741293532338,5.201030029958238e-10,0.5323793251162388,0.0,0.033202332554105735,"[[3105, 0], [0, 2853]]","[[190, 155], [166, 151]]"
disclosure_x_bias,209,init_knn1,CLD,log_loss,1.1164981742872919e-07,7.749086033245755,1.0,0.5151741293532338,5.21676752330901e-10,0.5322629586042488,0.0,0.033202332554105735,"[[3105, 0], [0, 2853]]","[[190, 155], [166, 151]]"
disclosure_x_bias,210,init_knn1,CLD,log_loss,1.1163387992669268e-07,7.749103769350197,1.0,0.5151741293532338,5.207715469876445e-10,0.532149510382623,0.0,0.033202332554105735,"[[3105, 0], [0, 2853]]","[[190, 155], [166, 151]]"
disclosure_x_bias,211,init_knn1,CLD,log_loss,1.1161612555278559e-07,7.749194267542353,1.0,0.5151741293532338,5.238240782780048e-10,0.5323486718821581,0.0,0.033202332554105735,"[[3105, 0], [0, 2853]]","[[190, 155], [166, 151]]"
disclosure_x_bias,212,init_knn1,CLD,log_loss,1.1159968310077839e-07,7.749190998910629,1.0,0.5151741293532338,5.237074334648834e-10,0.5324694283081848,0.0,0.033202332554105735,"[[3105, 0], [0, 2853]]","[[190, 155], [166, 151]]"
disclosure_x_bias,213,init_knn1,CLD,log_loss,1.1158557218586578e-07,7.7492465574251,1.0,0.5151741293532338,5.240044445996838e-10,0.5324553480815665,0.0,0.033202332554105735,"[[3105, 0], [0, 2853]]","[[190, 155], [166, 151]]"
disclosure_x_bias,214,init_knn1,CLD,log_loss,1.1157155378852435e-07,7.749283097072949,1.0,0.5151741293532338,5.231586489327142e-10,0.5326203934038296,0.0,0.033202332554105735,"[[3105, 0], [0, 2853]]","[[190, 155], [166, 151]]"
disclosure_x_bias,215,init_knn1,CLD,log_loss,1.1155762148500534e-07,7.749359037026418,1.0,0.5151741293532338,5.228344332383586e-10,0.5324977184054528,0.0,0.033202332554105735,"[[3105, 0], [0, 2853]]","[[190, 155], [166, 151]]"
disclosure_x_bias,216,init_knn1,CLD,log_loss,1.1154137218435714e-07,7.749378923703429,1.0,0.5151741293532338,5.219045350029431e-10,0.5326185144601067,0.0,0.033202332554105735,"[[3105, 0], [0, 2853]]","[[190, 155], [166, 151]]"
disclosure_x_bias,217,init_knn1,CLD,log_loss,1.1152641334225051e-07,7.7493973187527985,1.0,0.5151741293532338,5.219087088820674e-10,0.5327339656648311,0.0,0.033202332554105735,"[[3105, 0], [0, 2853]]","[[190, 155], [166, 151]]"
disclosure_x_bias,218,init_knn1,CLD,log_loss,1.1151209047072116e-07,7.749444397365712,1.0,0.5151741293532338,5.228442657088906e-10,0.5326305183290188,0.0,0.033202332554105735,"[[3105, 0], [0, 2853]]","[[190, 155], [166, 151]]"
disclosure_x_bias,219,init_knn1,CLD,log_loss,1.1149790612816224e-07,7.749365329292021,1.0,0.5151741293532338,5.235319573995492e-10,0.5325882870459869,0.0,0.033202332554105735,"[[3105, 0], [0, 2853]]","[[190, 155], [166, 151]]"
disclosure_x_bias,220,init_knn1,CLD,log_loss,1.1148453407739004e-07,7.749521527057077,1.0,0.5151741293532338,5.235841966337556e-10,0.5327390360899996,0.0,0.033202332554105735,"[[3105, 0], [0, 2853]]","[[190, 155], [166, 151]]"
disclosure_x_bias,221,init_knn1,CLD,log_loss,1.1147071746961415e-07,7.749531598120329,1.0,0.5151741293532338,5.239890757387421e-10,0.5326996596886027,0.0,0.033202332554105735,"[[3105, 0], [0, 2853]]","[[190, 155], [166, 151]]"
disclosure_x_bias,222,init_knn1,CLD,log_loss,1.1145689062169994e-07,7.749440863159864,1.0,0.5151741293532338,5.24375817754254e-10,0.5328775906983718,0.0,0.033202332554105735,"[[3105, 0], [0, 2853]]","[[190, 155], [166, 151]]"
disclosure_x_bias,223,init_knn1,CLD,log_loss,1.1144217274702566e-07,7.7493391828808225,1.0,0.5151741293532338,5.239890238805555e-10,0.5327707303264982,0.0,0.033202332554105735,"[[3105, 0], [0, 2853]]","[[190, 155], [166, 151]]"
disclosure_x_bias,224,init_knn1,CLD,log_loss,1.1142652429383065e-07,7.749317227436602,1.0,0.5151741293532338,5.230519343004435e-10,0.5330002961678727,0.0,0.033202332554105735,"[[3105, 0], [0, 2853]]","[[190, 155], [166, 151]]"
disclosure_x_bias,225,init_knn1,CLD,log_loss,1.1141111344381609e-07,7.749251723006789,1.0,0.5151741293532338,5.264349088892552e-10,0.5331025296365239,0.0,0.033202332554105735,"[[3105, 0], [0, 2853]]","[[190, 155], [166, 151]]"
disclosure_x_bias,226,init_knn1,CLD,log_loss,1.1139760758930973e-07,7.749281239959392,1.0,0.5151741293532338,5.268345930025287e-10,0.53312620695179,0.0,0.033202332554105735,"[[3105, 0], [0, 2853]]","[[190, 155], [166, 151]]"
disclosure_x_bias,227,init_knn1,CLD,log_loss,1.1138444664612963e-07,7.749276638762962,1.0,0.5151741293532338,5.270696094482269e-10,0.5331741667206849,0.0,0.033202332554105735,"[[3105, 0], [0, 2853]]","[[190, 155], [166, 151]]"
disclosure_x_bias,228,init_knn1,CLD,log_loss,1.1137135984015897e-07,7.749511188159181,1.0,0.5151741293532338,5.275814986385582e-10,0.5333184200895067,0.0,0.033202332554105735,"[[3105, 0], [0, 2853]]","[[190, 155], [166, 151]]"
disclosure_x_bias,229,init_knn1,CLD,log_loss,1.1135248208623622e-07,7.749460180546558,1.0,0.5151741293532338,5.282065620674569e-10,0.5332402887533407,0.0,0.033202332554105735,"[[3105, 0], [0, 2853]]","[[190, 155], [166, 151]]"
disclosure_x_bias,230,init_knn1,CLD,log_loss,1.1133918332942185e-07,7.749566607473224,1.0,0.5151741293532338,5.284552839237339e-10,0.533345099071586,0.0,0.033202332554105735,"[[3105, 0], [0, 2853]]","[[190, 155], [166, 151]]"
disclosure_x_bias,231,init_knn1,CLD,log_loss,1.113261279006037e-07,7.749447400779007,1.0,0.5151741293532338,5.290732802571996e-10,0.5333426016818095,0.0,0.033202332554105735,"[[3105, 0], [0, 2853]]","[[190, 155], [166, 151]]"
disclosure_x_bias,232,init_knn1,CLD,log_loss,1.1131291863911822e-07,7.749487037771044,1.0,0.5151741293532338,5.291183354183506e-10,0.5333677069389582,0.0,0.033202332554105735,"[[3105, 0], [0, 2853]]","[[190, 155], [166, 151]]"
disclosure_x_bias,233,init_knn1,CLD,log_loss,1.1129861533566166e-07,7.749528746150718,1.0,0.5151741293532338,5.293208907408331e-10,0.5333471216442536,0.0,0.033202332554105735,"[[3105, 0], [0, 2853]]","[[190, 155], [166, 151]]"
disclosure_x_bias,234,init_knn1,CLD,log_loss,1.1128262566084145e-07,7.749418562821409,1.0,0.5151741293532338,5.288619617709775e-10,0.5333570536691167,0.0,0.033202332554105735,"[[3105, 0], [0, 2853]]","[[190, 155], [166, 151]]"
disclosure_x_bias,235,init_knn1,CLD,log_loss,1.1126904835033873e-07,7.749510673616157,1.0,0.5151741293532338,5.286225788707017e-10,0.5334008507126506,0.0,0.033202332554105735,"[[3105, 0], [0, 2853]]","[[190, 155], [166, 151]]"
disclosure_x_bias,236,init_knn1,CLD,log_loss,1.1125562616133578e-07,7.749403499131352,1.0,0.5151741293532338,5.290844384407059e-10,0.5333459937713468,0.0,0.033202332554105735,"[[3105, 0], [0, 2853]]","[[190, 155], [166, 151]]"
disclosure_x_bias,237,init_knn1,CLD,log_loss,1.1124280699242228e-07,7.749416389510467,1.0,0.5151741293532338,5.290780943658492e-10,0.5333833759922109,0.0,0.033202332554105735,"[[3105, 0], [0, 2853]]","[[190, 155], [166, 151]]"
disclosure_x_bias,238,init_knn1,CLD,log_loss,1.1122958169121454e-07,7.749483584481003,1.0,0.5151741293532338,5.291842839489862e-10,0.5333529975531576,0.0,0.033202332554105735,"[[3105, 0], [0, 2853]]","[[190, 155], [166, 151]]"
disclosure_x_bias,239,init_knn1,CLD,log_loss,1.112162493142219e-07,7.749455962668328,1.0,0.5151741293532338,5.293005874313393e-10,0.5332046198747037,0.0,0.033202332554105735,"[[3105, 0], [0, 2853]]","[[190, 155], [166, 151]]"
disclosure_x_bias,240,init_knn1,CLD,log_loss,1.1120092733481818e-07,7.749411300466106,1.0,0.5151741293532338,5.257266661580039e-10,0.5332045939768636,0.0,0.033202332554105735,"[[3105, 0], [0, 2853]]","[[190, 155], [166, 151]]"
disclosure_x_bias,241,init_knn1,CLD,log_loss,1.1118725257812052e-07,7.749358989977996,1.0,0.5151741293532338,5.250485065992449e-10,0.5332931078124912,0.0,0.033202332554105735,"[[3105, 0], [0, 2853]]","[[190, 155], [166, 151]]"
disclosure_x_bias,242,init_knn1,CLD,log_loss,1.1116583663871163e-07,7.749664889706239,1.0,0.5151741293532338,5.310917901711956e-10,0.5330100755595197,0.0,0.033202332554105735,"[[3105, 0], [0, 2853]]","[[190, 155], [166, 151]]"
disclosure_x_bias,243,init_knn1,CLD,log_loss,1.1115114797021972e-07,7.749599073487026,1.0,0.5151741293532338,5.344452031662933e-10,0.5330300848835052,0.0,0.033202332554105735,"[[3105, 0], [0, 2853]]","[[190, 155], [166, 151]]"
disclosure_x_bias,244,init_knn1,CLD,log_loss,1.1113652803295233e-07,7.749719822820604,1.0,0.5151741293532338,5.335195785120165e-10,0.532951148103901,0.0,0.033202332554105735,"[[3105, 0], [0, 2853]]","[[190, 155], [166, 151]]"
disclosure_x_bias,245,init_knn1,CLD,log_loss,1.1112368577628466e-07,7.749651810344744,1.0,0.5151741293532338,5.339630267619184e-10,0.5329997563307773,0.0,0.033202332554105735,"[[3105, 0], [0, 2853]]","[[190, 155], [166, 151]]"
disclosure_x_bias,246,init_knn1,CLD,log_loss,1.1111030172123413e-07,7.749870958715723,1.0,0.5151741293532338,5.337968347057245e-10,0.5330839335419404,0.0,0.033202332554105735,"[[3105, 0], [0, 2853]]","[[190, 155], [166, 151]]"
disclosure_x_bias,247,init_knn1,CLD,log_loss,1.1109647758561742e-07,7.749817729864823,1.0,0.5151741293532338,5.346202500960597e-10,0.5330775171547073,0.0,0.033202332554105735,"[[3105, 0], [0, 2853]]","[[190, 155], [166, 151]]"
disclosure_x_bias,248,init_knn1,CLD,log_loss,1.1108345211867346e-07,7.750054347564114,1.0,0.5151741293532338,5.345705702819864e-10,0.5331913541963961,0.0,0.033202332554105735,"[[3105, 0], [0, 2853]]","[[190, 155], [166, 151]]"
disclosure_x_bias,249,init_knn1,CLD,log_loss,1.1106897850219345e-07,7.749815010895463,1.0,0.5151741293532338,5.338116230181983e-10,0.533355884788435,0.0,0.033202332554105735,"[[3105, 0], [0, 2853]]","[[190, 155], [166, 151]]"
disclosure_x_bias,250,init_knn1,CLD,log_loss,1.1105672384916264e-07,7.749960713670592,1.0,0.5151741293532338,5.337622909273208e-10,0.5332676922401007,0.0,0.033202332554105735,"[[3105, 0], [0, 2853]]","[[190, 155], [166, 151]]"
disclosure_x_bias,251,init_knn1,CLD,log_loss,1.1104412760433861e-07,7.749879887856747,1.0,0.5151741293532338,5.335416763191805e-10,0.5334443991031671,0.0,0.033202332554105735,"[[3105, 0], [0, 2853]]","[[190, 155], [166, 151]]"
disclosure_x_bias,252,init_knn1,CLD,log_loss,1.110315152222936e-07,7.749968015924354,1.0,0.5151741293532338,5.328743580353601e-10,0.5334150167310897,0.0,0.033202332554105735,"[[3105, 0], [0, 2853]]","[[190, 155], [166, 151]]"
disclosure_x_bias,253,init_knn1,CLD,log_loss,1.1101752634792763e-07,7.750089071235737,1.0,0.5151741293532338,5.322775828067883e-10,0.5333446318057108,0.0,0.033202332554105735,"[[3105, 0], [0, 2853]]","[[190, 155], [166, 151]]"
disclosure_x_bias,254,init_knn1,CLD,log_loss,1.1100485323067537e-07,7.750219162700816,1.0,0.5151741293532338,5.317483361562287e-10,0.5332160060092741,0.0,0.033202332554105735,"[[3105, 0], [0, 2853]]","[[190, 155], [166, 151]]"
disclosure_x_bias,255,init_knn1,CLD,log_loss,1.1099225623702047e-07,7.75022393404538,1.0,0.5151741293532338,5.31743588408761e-10,0.5333201904068121,0.0,0.033202332554105735,"[[3105, 0], [0, 2853]]","[[190, 155], [166, 151]]"
disclosure_x_bias,256,init_knn1,CLD,log_loss,1.1097724962731973e-07,7.750286763749571,1.0,0.5151741293532338,5.310899492005655e-10,0.5332742757892406,0.0,0.033202332554105735,"[[3105, 0], [0, 2853]]","[[190, 155], [166, 151]]"
disclosure_x_bias,257,init_knn1,CLD,log_loss,1.1096501589390766e-07,7.750285367058669,1.0,0.5151741293532338,5.311659522011548e-10,0.5333274935793173,0.0,0.033202332554105735,"[[3105, 0], [0, 2853]]","[[190, 155], [166, 151]]"
disclosure_x_bias,258,init_knn1,CLD,log_loss,1.1094919294636542e-07,7.750336462473659,1.0,0.5151741293532338,5.300447963239154e-10,0.5332610107067411,0.0,0.033202332554105735,"[[3105, 0], [0, 2853]]","[[190, 155], [166, 151]]"
disclosure_x_bias,259,init_knn1,CLD,log_loss,1.1093589624965468e-07,7.7505020086536405,1.0,0.5151741293532338,5.311976138326862e-10,0.533390921694431,0.0,0.033202332554105735,"[[3105, 0], [0, 2853]]","[[190, 155], [166, 151]]"
disclosure_x_bias,260,init_knn1,CLD,log_loss,1.1092244241924798e-07,7.750549718066606,1.0,0.5151741293532338,5.32200672586333e-10,0.5333871613991436,0.0,0.033202332554105735,"[[3105, 0], [0, 2853]]","[[190, 155], [166, 151]]"
disclosure_x_bias,261,init_knn1,CLD,log_loss,1.1090741970421034e-07,7.750497031204394,1.0,0.5151741293532338,5.325085319078605e-10,0.533323130670969,0.0,0.033202332554105735,"[[3105, 0], [0, 2853]]","[[190, 155], [166, 151]]"
disclosure_x_bias,262,init_knn1,CLD,log_loss,1.1089491473614283e-07,7.75066686474653,1.0,0.5151741293532338,5.320561261553244e-10,0.533387288831575,0.0,0.033202332554105735,"[[3105, 0], [0, 2853]]","[[190, 155], [166, 151]]"
disclosure_x_bias,263,init_knn1,CLD,log_loss,1.1088235244483278e-07,7.750630227536368,1.0,0.5151741293532338,5.32267104800875e-10,0.5333580033477154,0.0,0.033202332554105735,"[[3105, 0], [0, 2853]]","[[190, 155], [166, 151]]"
disclosure_x_bias,264,init_knn1,CLD,log_loss,1.1086884246449047e-07,7.7509337551207595,1.0,0.5151741293532338,5.322933679648546e-10,0.5331935889706071,0.0,0.033202332554105735,"[[3105, 0], [0, 2853]]","[[190, 155], [166, 151]]"
disclosure_x_bias,265,init_knn1,CLD,log_loss,1.1085209647946538e-07,7.750898413004371,1.0,0.5151741293532338,5.267571937708318e-10,0.5332686556967815,0.0,0.033202332554105735,"[[3105, 0], [0, 2853]]","[[190, 155], [166, 151]]"
disclosure_x_bias,266,init_knn1,CLD,log_loss,1.1083943403512089e-07,7.750804811501126,1.0,0.5151741293532338,5.267409611769061e-10,0.5333187303569606,0.0,0.033202332554105735,"[[3105, 0], [0, 2853]]","[[190, 155], [166, 151]]"
disclosure_x_bias,267,init_knn1,CLD,log_loss,1.1082656397313467e-07,7.750809993863754,1.0,0.5151741293532338,5.272292323287683e-10,0.5332406271284768,0.0,0.033202332554105735,"[[3105, 0], [0, 2853]]","[[190, 155], [166, 151]]"
disclosure_x_bias,268,init_knn1,CLD,log_loss,1.108145437128081e-07,7.750886033813563,1.0,0.5151741293532338,5.272488247063215e-10,0.5333837877683428,0.0,0.033202332554105735,"[[3105, 0], [0, 2853]]","[[190, 155], [166, 151]]"
disclosure_x_bias,269,init_knn1,CLD,log_loss,1.1080200181477545e-07,7.750895173277054,1.0,0.5151741293532338,5.278791589100274e-10,0.5335322600928337,0.0,0.033202332554105735,"[[3105, 0], [0, 2853]]","[[190, 155], [166, 151]]"
disclosure_x_bias,270,init_knn1,CLD,log_loss,1.1078879090656909e-07,7.750891940376016,1.0,0.5151741293532338,5.272891251430121e-10,0.533479736250927,0.0,0.033202332554105735,"[[3105, 0], [0, 2853]]","[[190, 155], [166, 151]]"
disclosure_x_bias,271,init_knn1,CLD,log_loss,1.1077692030785655e-07,7.750890318891197,1.0,0.5151741293532338,5.273273358162223e-10,0.5335529412799818,0.0,0.033202332554105735,"[[3105, 0], [0, 2853]]","[[190, 155], [166, 151]]"
disclosure_x_bias,272,init_knn1,CLD,log_loss,1.1076507993371176e-07,7.750948115756424,1.0,0.5151741293532338,5.276154186434339e-10,0.5334836852706715,0.0,0.033202332554105735,"[[3105, 0], [0, 2853]]","[[190, 155], [166, 151]]"
disclosure_x_bias,273,init_knn1,CLD,log_loss,1.1075321593056311e-07,7.751073190390722,1.0,0.5151741293532338,5.282369330228917e-10,0.5335730224036899,0.0,0.033202332554105735,"[[3105, 0], [0, 2853]]","[[190, 155], [166, 151]]"
disclosure_x_bias,274,init_knn1,CLD,log_loss,1.1074120257869843e-07,7.751003111283571,1.0,0.5151741293532338,5.283338804125212e-10,0.5335977230951224,0.0,0.033202332554105735,"[[3105, 0], [0, 2853]]","[[190, 155], [166, 151]]"
disclosure_x_bias,275,init_knn1,CLD,log_loss,1.1072523288302939e-07,7.7510592085535235,1.0,0.5151741293532338,5.279820689818216e-10,0.5336129037922196,0.0,0.033202332554105735,"[[3105, 0], [0, 2853]]","[[190, 155], [166, 151]]"
disclosure_x_bias,276,init_knn1,CLD,log_loss,1.1071352956898952e-07,7.751115763009937,1.0,0.5151741293532338,5.281601743510435e-10,0.5336372935477803,0.0,0.033202332554105735,"[[3105, 0], [0, 2853]]","[[190, 155], [166, 151]]"
disclosure_x_bias,277,init_knn1,CLD,log_loss,1.1069905789670396e-07,7.7511610460995115,1.0,0.5151741293532338,5.28787704443954e-10,0.533719606375806,0.0,0.033202332554105735,"[[3105, 0], [0, 2853]]","[[190, 155], [166, 151]]"
disclosure_x_bias,278,init_knn1,CLD,log_loss,1.106856689531844e-07,7.7510638013918465,1.0,0.5151741293532338,5.264188764461319e-10,0.5336850728654523,0.0,0.033202332554105735,"[[3105, 0], [0, 2853]]","[[190, 155], [166, 151]]"
disclosure_x_bias,279,init_knn1,CLD,log_loss,1.106739167202225e-07,7.7512264624477165,1.0,0.5151741293532338,5.266633532843336e-10,0.5338384007978606,0.0,0.033202332554105735,"[[3105, 0], [0, 2853]]","[[190, 155], [166, 151]]"
disclosure_x_bias,280,init_knn1,CLD,log_loss,1.1066156281850191e-07,7.751160165221551,1.0,0.5151741293532338,5.269487551871497e-10,0.5337790968958644,0.0,0.033202332554105735,"[[3105, 0], [0, 2853]]","[[190, 155], [166, 151]]"
disclosure_x_bias,281,init_knn1,CLD,log_loss,1.1064878728660118e-07,7.751143516340674,1.0,0.5151741293532338,5.261388956377271e-10,0.5338962736419739,0.0,0.033202332554105735,"[[3105, 0], [0, 2853]]","[[190, 155], [166, 151]]"
disclosure_x_bias,282,init_knn1,CLD,log_loss,1.1063674880405346e-07,7.751178640778616,1.0,0.5151741293532338,5.25871984362274e-10,0.5338755098781703,0.0,0.033202332554105735,"[[3105, 0], [0, 2853]]","[[190, 155], [166, 151]]"
disclosure_x_bias,283,init_knn1,CLD,log_loss,1.1062524181311496e-07,7.751033079460418,1.0,0.5151741293532338,5.257393393235608e-10,0.5339259756907561,0.0,0.033202332554105735,"[[3105, 0], [0, 2853]]","[[190, 155], [166, 151]]"
disclosure_x_bias,284,init_knn1,CLD,log_loss,1.1061153262068755e-07,7.7510830355651565,1.0,0.5151741293532338,5.244356089349153e-10,0.5338431868088488,0.0,0.033202332554105735,"[[3105, 0], [0, 2853]]","[[190, 155], [166, 151]]"
disclosure_x_bias,285,init_knn1,CLD,log_loss,1.1059897370092149e-07,7.751030441555845,1.0,0.5151741293532338,5.244035172328402e-10,0.534002078396856,0.0,0.033202332554105735,"[[3105, 0], [0, 2853]]","[[190, 155], [166, 151]]"
disclosure_x_bias,286,init_knn1,CLD,log_loss,1.1058716849359376e-07,7.751072778804708,1.0,0.5151741293532338,5.240517444944408e-10,0.5339536158911512,0.0,0.033202332554105735,"[[3105, 0], [0, 2853]]","[[190, 155], [166, 151]]"
disclosure_x_bias,287,init_knn1,CLD,log_loss,1.105758172683744e-07,7.751100241167611,1.0,0.5151741293532338,5.240915592860921e-10,0.5340456364060759,0.0,0.033202332554105735,"[[3105, 0], [0, 2853]]","[[190, 155], [166, 151]]"
disclosure_x_bias,288,init_knn1,CLD,log_loss,1.1056378664097013e-07,7.751146253042977,1.0,0.5151741293532338,5.244726265818737e-10,0.5339858211619462,0.0,0.033202332554105735,"[[3105, 0], [0, 2853]]","[[190, 155], [166, 151]]"
disclosure_x_bias,289,init_knn1,CLD,log_loss,1.1055079948532307e-07,7.751185563758307,1.0,0.5151741293532338,5.286231904545703e-10,0.5340500898415961,0.0,0.033202332554105735,"[[3105, 0], [0, 2853]]","[[190, 155], [166, 151]]"
disclosure_x_bias,290,init_knn1,CLD,log_loss,1.1053892939609157e-07,7.751090462754592,1.0,0.5151741293532338,5.290536631706687e-10,0.5340786579895727,0.0,0.033202332554105735,"[[3105, 0], [0, 2853]]","[[190, 155], [166, 151]]"
disclosure_x_bias,291,init_knn1,CLD,log_loss,1.105264500041184e-07,7.751160555275564,1.0,0.5151741293532338,5.292077588876959e-10,0.5342119808560218,0.0,0.033202332554105735,"[[3105, 0], [0, 2853]]","[[190, 155], [166, 151]]"
disclosure_x_bias,292,init_knn1,CLD,log_loss,1.1051446218539684e-07,7.751221446294137,1.0,0.5151741293532338,5.297643819442756e-10,0.5341787010261512,0.0,0.033202332554105735,"[[3105, 0], [0, 2853]]","[[190, 155], [166, 151]]"
disclosure_x_bias,293,init_knn1,CLD,log_loss,1.1049819032470491e-07,7.751231627937597,1.0,0.5151741293532338,5.310716462011124e-10,0.5341290403030087,0.0,0.033202332554105735,"[[3105, 0], [0, 2853]]","[[190, 155], [166, 151]]"
disclosure_x_bias,294,init_knn1,CLD,log_loss,1.1048634096118311e-07,7.751142610788916,1.0,0.5151741293532338,5.317525167428649e-10,0.5341281246203511,0.0,0.033202332554105735,"[[3105, 0], [0, 2853]]","[[190, 155], [166, 151]]"
disclosure_x_bias,295,init_knn1,CLD,log_loss,1.1047397786259487e-07,7.751219261412674,1.0,0.5151741293532338,5.317409566186158e-10,0.5342052170263868,0.0,0.033202332554105735,"[[3105, 0], [0, 2853]]","[[190, 155], [166, 151]]"
disclosure_x_bias,296,init_knn1,CLD,log_loss,1.1046081243385851e-07,7.751208537592373,1.0,0.5151741293532338,5.325064158947488e-10,0.5342174869779079,0.0,0.033202332554105735,"[[3105, 0], [0, 2853]]","[[190, 155], [166, 151]]"
disclosure_x_bias,297,init_knn1,CLD,log_loss,1.1044928543068191e-07,7.751188333997445,1.0,0.5151741293532338,5.323233123800073e-10,0.5341029844420043,0.0,0.033202332554105735,"[[3105, 0], [0, 2853]]","[[190, 155], [166, 151]]"
disclosure_x_bias,298,init_knn1,CLD,log_loss,1.1043797588401483e-07,7.7512079480819605,1.0,0.5151741293532338,5.328074350374568e-10,0.534062684675693,0.0,0.033202332554105735,"[[3105, 0], [0, 2853]]","[[190, 155], [166, 151]]"
disclosure_x_bias,299,init_knn1,CLD,log_loss,1.1042586438706528e-07,7.751221514197331,1.0,0.5151741293532338,5.328792611934354e-10,0.5342443662300417,0.0,0.033202332554105735,"[[3105, 0], [0, 2853]]","[[190, 155], [166, 151]]"
disclosure_x_bias,300,init_knn1,CLD,log_loss,1.104102753233608e-07,7.751372276817155,1.0,0.5151741293532338,5.326992691776117e-10,0.5341669932334894,0.0,0.033202332554105735,"[[3105, 0], [0, 2853]]","[[190, 155], [166, 151]]"
disclosure_x_bias,1,init_knn1,CLD,exponential,727.5255609880654,750.0759503063601,1.0,0.5151741293532338,0.25294781071330313,105.13494751349423,0.0,0.033202332554105735,"[[3105, 0], [0, 2853]]","[[190, 155], [166, 151]]"
disclosure_x_bias,2,init_knn1,CLD,exponential,731.4465830213627,753.2056077050959,1.0,0.5151741293532338,0.4949917961360722,104.92773649467667,0.0,0.033202332554105735,"[[3105, 0], [0, 2853]]","[[190, 155], [166, 151]]"
disclosure_x_bias,3,init_knn1,CLD,exponential,735.0311545064471,756.4694181803918,1.0,0.5151741293532338,0.7488291374412673,105.83129778029536,0.0,0.033202332554105735,"[[3105, 0], [0, 2853]]","[[190, 155], [166, 151]]"
disclosure_x_bias,4,init_knn1,CLD,exponential,738.366267512428,760.5088197342645,1.0,0.5151741293532338,1.024002460988598,106.65611443669685,0.0,0.033202332554105735,"[[3105, 0], [0, 2853]]","[[190, 155], [166, 151]]"
disclosure_x_bias,5,init_knn1,CLD,exponential,741.4229112679684,763.2986986920039,1.0,0.5151741293532338,1.2223148696193786,107.34888205624159,0.0,0.033202332554105735,"[[3105, 0], [0, 2853]]","[[190, 155], [166, 151]]"
disclosure_x_bias,6,init_knn1,CLD,exponential,744.190181303933,765.78054567436,1.0,0.5151741293532338,1.2243465515051404,107.12124376501372,0.0,0.033202332554105735,"[[3105, 0], [0, 2853]]","[[190, 155], [166, 151]]"
disclosure_x_bias,7,init_knn1,CLD,exponential,746.7642518201085,768.8819831143671,1.0,0.5151741293532338,1.4024441813396542,108.1023192774501,0.0,0.033202332554105735,"[[3105, 0], [0, 2853]]","[[190, 155], [166, 151]]"
disclosure_x_bias,8,init_knn1,CLD,exponential,749.2796040516876,770.7787535771538,1.0,0.5151741293532338,1.625812864494868,109.48146014943295,0.0,0.033202332554105735,"[[3105, 0], [0, 2853]]","[[190, 155], [166, 151]]"
disclosure_x_bias,9,init_knn1,CLD,exponential,751.5545076157715,773.0245395437418,1.0,0.5151741293532338,1.776497249305289,109.94509078788485,0.0,0.033202332554105735,"[[3105, 0], [0, 2853]]","[[190, 155], [166, 151]]"
disclosure_x_bias,10,init_knn1,CLD,exponential,753.7326442913201,775.2605736555471,1.0,0.5151741293532338,1.867204830497884,110.01137329442948,0.0,0.033202332554105735,"[[3105, 0], [0, 2853]]","[[190, 155], [166, 151]]"
disclosure_x_bias,11,init_knn1,CLD,exponential,755.6599623588456,776.5690567873323,1.0,0.5151741293532338,1.9793399090226211,111.24582093128994,0.0,0.033202332554105735,"[[3105, 0], [0, 2853]]","[[190, 155], [166, 151]]"
disclosure_x_bias,12,init_knn1,CLD,exponential,757.6565519264177,780.1110632387606,1.0,0.5151741293532338,2.373089563223975,112.83964707323084,0.0,0.033202332554105735,"[[3105, 0], [0, 2853]]","[[190, 155], [166, 151]]"
disclosure_x_bias,13,init_knn1,CLD,exponential,759.4964124517354,782.0281349756481,1.0,0.5151741293532338,2.6215432746279115,112.56445826022987,0.0,0.033202332554105735,"[[3105, 0], [0, 2853]]","[[190, 155], [166, 151]]"
disclosure_x_bias,14,init_knn1,CLD,exponential,761.1185798981298,783.4040286765253,1.0,0.5151741293532338,2.656353404201433,113.2179938004398,0.0,0.033202332554105735,"[[3105, 0], [0, 2853]]","[[190, 155], [166, 151]]"
disclosure_x_bias,15,init_knn1,CLD,exponential,762.6513807723888,785.0161706845112,1.0,0.5151741293532338,2.7430312524297196,113.03036948082917,0.0,0.033202332554105735,"[[3105, 0], [0, 2853]]","[[190, 155], [166, 151]]"
disclosure_x_bias,16,init_knn1,CLD,exponential,764.200305967685,786.3621334481661,1.0,0.5151741293532338,2.8277343848949,112.47648851354674,0.0,0.033202332554105735,"[[3105, 0], [0, 2853]]","[[190, 155], [166, 151]]"
disclosure_x_bias,17,init_knn1,CLD,exponential,765.7104064107018,787.6476503339743,1.0,0.5151741293532338,2.8147720250539017,112.82785923891713,0.0,0.033202332554105735,"[[3105, 0], [0, 2853]]","[[190, 155], [166, 151]]"
disclosure_x_bias,18,init_knn1,CLD,exponential,766.9259707856211,787.6025398467743,1.0,0.5151741293532338,2.79639411508021,112.92996560481866,0.0,0.033202332554105735,"[[3105, 0], [0, 2853]]","[[190, 155], [166, 151]]"
disclosure_x_bias,19,init_knn1,CLD,exponential,768.4283332928762,789.3656718185326,1.0,0.5151741293532338,3.4808252077833437,115.26610500899216,0.0,0.033202332554105735,"[[3105, 0], [0, 2853]]","[[190, 155], [166, 151]]"
disclosure_x_bias,20,init_knn1,CLD,exponential,769.673667572966,790.5952671575317,1.0,0.5151741293532338,3.589843360964988,116.09273739921863,0.0,0.033202332554105735,"[[3105, 0], [0, 2853]]","[[190, 155], [166, 151]]"
disclosure_x_bias,21,init_knn1,CLD,exponential,770.9697462298192,791.7041268777799,1.0,0.5151741293532338,3.716711515258135,116.50765542452181,0.0,0.033202332554105735,"[[3105, 0], [0, 2853]]","[[190, 155], [166, 151]]"
disclosure_x_bias,22,init_knn1,CLD,exponential,772.0902461888028,792.9748111952856,1.0,0.5151741293532338,3.81505303407519,116.37522745973244,0.0,0.033202332554105735,"[[3105, 0], [0, 2853]]","[[190, 155], [166, 151]]"
disclosure_x_bias,23,init_knn1,CLD,exponential,773.026785289029,793.9012180115208,1.0,0.5151741293532338,3.765228191289702,115.90988737468389,0.0,0.033202332554105735,"[[3105, 0], [0, 2853]]","[[190, 155], [166, 151]]"
disclosure_x_bias,24,init_knn1,CLD,exponential,774.1964611150163,795.2334127840237,1.0,0.5151741293532338,3.859791179188146,116.25693796846575,0.0,0.033202332554105735,"[[3105, 0], [0, 2853]]","[[190, 155], [166, 151]]"
disclosure_x_bias,25,init_knn1,CLD,exponential,775.279275349311,796.5325230340047,1.0,0.5151741293532338,3.8651708551095045,115.60302819768924,0.0,0.033202332554105735,"[[3105, 0], [0, 2853]]","[[190, 155], [166, 151]]"
disclosure_x_bias,26,init_knn1,CLD,exponential,776.5891357173126,797.9048407414014,1.0,0.5151741293532338,4.69353198784153,117.90974963796667,0.0,0.033202332554105735,"[[3105, 0], [0, 2853]]","[[190, 155], [166, 151]]"
disclosure_x_bias,27,init_knn1,CLD,exponential,777.7183140453343,798.808728165886,1.0,0.5151741293532338,4.658915939089153,117.42263899587708,0.0,0.033202332554105735,"[[3105, 0], [0, 2853]]","[[190, 155], [166, 151]]"
disclosure_x_bias,28,init_knn1,CLD,exponential,778.6498783861728,799.3401333565084,1.0,0.5151741293532338,4.774943733729885,117.96395320812832,0.0,0.033202332554105735,"[[3105, 0], [0, 2853]]","[[190, 155], [166, 151]]"
disclosure_x_bias,29,init_knn1,CLD,exponential,779.5439797653754,800.0528831442147,1.0,0.5151741293532338,4.802607546832524,117.85640029483447,0.0,0.033202332554105735,"[[3105, 0], [0, 2853]]","[[190, 155], [166, 151]]"
disclosure_x_bias,30,init_knn1,CLD,exponential,780.4488405446295,800.1581171592912,1.0,0.5151741293532338,4.998839787765305,117.98129977850061,0.0,0.033202332554105735,"[[3105, 0], [0, 2853]]","[[190, 155], [166, 151]]"
disclosure_x_bias,31,init_knn1,CLD,exponential,781.2843257683016,801.178994119213,1.0,0.5151741293532338,4.985949339430141,118.61622733547551,0.0,0.033202332554105735,"[[3105, 0], [0, 2853]]","[[190, 155], [166, 151]]"
disclosure_x_bias,32,init_knn1,CLD,exponential,782.197387910526,801.5610606819008,1.0,0.5151741293532338,5.286611834956578,119.01744221483214,0.0,0.033202332554105735,"[[3105, 0], [0, 2853]]","[[190, 155], [166, 151]]"
disclosure_x_bias,33,init_knn1,CLD,exponential,783.189447112504,802.1623951768295,1.0,0.5151741293532338,5.174868897611257,119.09361015487487,0.0,0.033202332554105735,"[[3105, 0], [0, 2853]]","[[190, 155], [166, 151]]"
disclosure_x_bias,34,init_knn1,CLD,exponential,784.0915734176406,803.3403763396374,1.0,0.5151741293532338,5.254067102055511,119.41279474796762,0.0,0.033202332554105735,"[[3105, 0], [0, 2853]]","[[190, 155], [166, 151]]"
disclosure_x_bias,35,init_knn1,CLD,exponential,784.9146699080097,803.8890390127955,1.0,0.5151741293532338,5.213276756246395,119.10205457931758,0.0,0.033202332554105735,"[[3105, 0], [0, 2853]]","[[190, 155], [166, 151]]"
disclosure_x_bias,36,init_knn1,CLD,exponential,785.6455161762951,804.5008836488499,1.0,0.5151741293532338,5.377801812137998,118.92829993596496,0.0,0.033202332554105735,"[[3105, 0], [0, 2853]]","[[190, 155], [166, 151]]"
disclosure_x_bias,37,init_knn1,CLD,exponential,786.4767783493778,804.8564159301837,1.0,0.5151741293532338,5.497140544431763,119.05548054469287,0.0,0.033202332554105735,"[[3105, 0], [0, 2853]]","[[190, 155], [166, 151]]"
disclosure_x_bias,38,init_knn1,CLD,exponential,787.5394443473538,805.9458584569045,1.0,0.5151741293532338,5.26290665027339,118.5712509936908,0.0,0.033202332554105735,"[[3105, 0], [0, 2853]]","[[190, 155], [166, 151]]"
disclosure_x_bias,39,init_knn1,CLD,exponential,788.5962630754046,807.4584809655126,1.0,0.5151741293532338,6.359866506281704,121.46446953775941,0.0,0.033202332554105735,"[[3105, 0], [0, 2853]]","[[190, 155], [166, 151]]"
disclosure_x_bias,40,init_knn1,CLD,exponential,789.3752443871319,807.9405477820585,1.0,0.5151741293532338,6.497538234312786,121.33086314833031,0.0,0.033202332554105735,"[[3105, 0], [0, 2853]]","[[190, 155], [166, 151]]"
disclosure_x_bias,41,init_knn1,CLD,exponential,790.0171494561727,808.026169317298,1.0,0.5151741293532338,6.543019791565928,121.82160837192953,0.0,0.033202332554105735,"[[3105, 0], [0, 2853]]","[[190, 155], [166, 151]]"
disclosure_x_bias,42,init_knn1,CLD,exponential,790.7385902239946,808.6132008313577,1.0,0.5151741293532338,6.416089682446699,121.27045832581358,0.0,0.033202332554105735,"[[3105, 0], [0, 2853]]","[[190, 155], [166, 151]]"
disclosure_x_bias,43,init_knn1,CLD,exponential,791.5060639040837,809.0393014240038,1.0,0.5151741293532338,6.310114178871795,121.24962582415606,0.0,0.033202332554105735,"[[3105, 0], [0, 2853]]","[[190, 155], [166, 151]]"
disclosure_x_bias,44,init_knn1,CLD,exponential,792.4673969507465,809.7554994451696,1.0,0.5151741293532338,6.534174992985008,120.8882486781784,0.0,0.033202332554105735,"[[3105, 0], [0, 2853]]","[[190, 155], [166, 151]]"
disclosure_x_bias,45,init_knn1,CLD,exponential,793.2191052646384,811.0431666613115,1.0,0.5151741293532338,6.588945901388275,121.15580016994576,0.0,0.033202332554105735,"[[3105, 0], [0, 2853]]","[[190, 155], [166, 151]]"
disclosure_x_bias,46,init_knn1,CLD,exponential,794.1438543902393,811.7989602509826,1.0,0.5151741293532338,6.740289702457913,121.8562675683833,0.0,0.033202332554105735,"[[3105, 0], [0, 2853]]","[[190, 155], [166, 151]]"
disclosure_x_bias,47,init_knn1,CLD,exponential,795.3475227388496,813.8824197850242,1.0,0.5151741293532338,7.9336441335169425,124.41368025847727,0.0,0.033202332554105735,"[[3105, 0], [0, 2853]]","[[190, 155], [166, 151]]"
disclosure_x_bias,48,init_knn1,CLD,exponential,796.1367239012847,814.5362848145004,1.0,0.5151741293532338,7.800863517328292,124.59093465133955,0.0,0.033202332554105735,"[[3105, 0], [0, 2853]]","[[190, 155], [166, 151]]"
disclosure_x_bias,49,init_knn1,CLD,exponential,796.8776762091354,814.4231510626964,1.0,0.5151741293532338,7.853627712677048,124.49751349393517,0.0,0.033202332554105735,"[[3105, 0], [0, 2853]]","[[190, 155], [166, 151]]"
disclosure_x_bias,50,init_knn1,CLD,exponential,797.5993914878434,814.6777378931716,1.0,0.5151741293532338,7.78319404686268,124.8428779956547,0.0,0.033202332554105735,"[[3105, 0], [0, 2853]]","[[190, 155], [166, 151]]"
disclosure_x_bias,51,init_knn1,CLD,exponential,798.1043088452352,815.0225990432909,1.0,0.5151741293532338,7.616239380893741,124.62868991370098,0.0,0.033202332554105735,"[[3105, 0], [0, 2853]]","[[190, 155], [166, 151]]"
disclosure_x_bias,52,init_knn1,CLD,exponential,798.7722415754208,815.718903344286,1.0,0.5151741293532338,7.732020114989105,123.87148257647725,0.0,0.033202332554105735,"[[3105, 0], [0, 2853]]","[[190, 155], [166, 151]]"
disclosure_x_bias,53,init_knn1,CLD,exponential,799.5545156857863,816.0922104334595,1.0,0.5151741293532338,7.880151737416026,123.79471955105085,0.0,0.033202332554105735,"[[3105, 0], [0, 2853]]","[[190, 155], [166, 151]]"
disclosure_x_bias,54,init_knn1,CLD,exponential,800.3616155704012,817.1203173870766,1.0,0.5151741293532338,7.724903628410739,123.45727294401193,0.0,0.033202332554105735,"[[3105, 0], [0, 2853]]","[[190, 155], [166, 151]]"
disclosure_x_bias,55,init_knn1,CLD,exponential,800.8598644333891,817.8926124490904,1.0,0.5151741293532338,7.676299863619032,123.81782124004067,0.0,0.033202332554105735,"[[3105, 0], [0, 2853]]","[[190, 155], [166, 151]]"
disclosure_x_bias,56,init_knn1,CLD,exponential,801.545209212056,818.1221600979649,1.0,0.5151741293532338,7.631058304591297,123.45587192680635,0.0,0.033202332554105735,"[[3105, 0], [0, 2853]]","[[190, 155], [166, 151]]"
disclosure_x_bias,57,init_knn1,CLD,exponential,802.1116105880647,818.5956409047251,1.0,0.5151741293532338,7.6207849485454995,124.02799205430195,0.0,0.033202332554105735,"[[3105, 0], [0, 2853]]","[[190, 155], [166, 151]]"
disclosure_x_bias,58,init_knn1,CLD,exponential,802.975126713809,819.9109029338551,1.0,0.5151741293532338,7.6401928521919595,123.41828308343797,0.0,0.033202332554105735,"[[3105, 0], [0, 2853]]","[[190, 155], [166, 151]]"
disclosure_x_bias,59,init_knn1,CLD,exponential,803.9811396024995,820.9761276279766,1.0,0.5151741293532338,7.7301762587406335,124.52269443308903,0.0,0.033202332554105735,"[[3105, 0], [0, 2853]]","[[190, 155], [166, 151]]"
disclosure_x_bias,60,init_knn1,CLD,exponential,804.691640909599,820.9675896943265,1.0,0.5151741293532338,7.490087687774575,124.70951362579,0.0,0.033202332554105735,"[[3105, 0], [0, 2853]]","[[190, 155], [166, 151]]"
disclosure_x_bias,61,init_knn1,CLD,exponential,805.3237558860076,821.688221634915,1.0,0.5151741293532338,7.6402497252929455,124.92113628552318,0.0,0.033202332554105735,"[[3105, 0], [0, 2853]]","[[190, 155], [166, 151]]"
disclosure_x_bias,62,init_knn1,CLD,exponential,805.8380483260902,822.3266198217731,1.0,0.5151741293532338,7.556982010042531,125.18255928279622,0.0,0.033202332554105735,"[[3105, 0], [0, 2853]]","[[190, 155], [166, 151]]"
disclosure_x_bias,63,init_knn1,CLD,exponential,806.5225587669822,822.3991054144365,1.0,0.5151741293532338,7.661489751435764,125.64933572118288,0.0,0.033202332554105735,"[[3105, 0], [0, 2853]]","[[190, 155], [166, 151]]"
disclosure_x_bias,64,init_knn1,CLD,exponential,807.0552770472275,822.5837809198061,1.0,0.5151741293532338,7.667571146628558,125.76633767152536,0.0,0.033202332554105735,"[[3105, 0], [0, 2853]]","[[190, 155], [166, 151]]"
disclosure_x_bias,65,init_knn1,CLD,exponential,808.1941329834046,823.9925035938392,1.0,0.5151741293532338,9.551434088563921,129.15274461571764,0.0,0.033202332554105735,"[[3105, 0], [0, 2853]]","[[190, 155], [166, 151]]"
disclosure_x_bias,66,init_knn1,CLD,exponential,808.7890912073627,824.3653916470814,1.0,0.5151741293532338,9.592526493773285,128.6524008905648,0.0,0.033202332554105735,"[[3105, 0], [0, 2853]]","[[190, 155], [166, 151]]"
disclosure_x_bias,67,init_knn1,CLD,exponential,809.1611366609161,825.1517500849392,1.0,0.5151741293532338,9.610573948180715,128.5299384306947,0.0,0.033202332554105735,"[[3105, 0], [0, 2853]]","[[190, 155], [166, 151]]"
disclosure_x_bias,68,init_knn1,CLD,exponential,809.5769195990008,825.7775625848001,1.0,0.5151741293532338,9.483007984251465,128.29508289817556,0.0,0.033202332554105735,"[[3105, 0], [0, 2853]]","[[190, 155], [166, 151]]"
disclosure_x_bias,69,init_knn1,CLD,exponential,810.1957103125527,825.7554796002329,1.0,0.5151741293532338,9.33476299917204,128.05715445187275,0.0,0.033202332554105735,"[[3105, 0], [0, 2853]]","[[190, 155], [166, 151]]"
disclosure_x_bias,70,init_knn1,CLD,exponential,810.6664452169025,826.0280934561011,1.0,0.5151741293532338,9.374921338929164,127.96878710759636,0.0,0.033202332554105735,"[[3105, 0], [0, 2853]]","[[190, 155], [166, 151]]"
disclosure_x_bias,71,init_knn1,CLD,exponential,811.6596307106346,826.7110708564711,1.0,0.5151741293532338,9.265837871763814,127.69881238879198,0.0,0.033202332554105735,"[[3105, 0], [0, 2853]]","[[190, 155], [166, 151]]"
disclosure_x_bias,72,init_knn1,CLD,exponential,812.2176667710859,827.5874602423935,1.0,0.5151741293532338,9.182806719583688,128.3334437423864,0.0,0.033202332554105735,"[[3105, 0], [0, 2853]]","[[190, 155], [166, 151]]"
disclosure_x_bias,73,init_knn1,CLD,exponential,812.863697970016,828.2711106550236,1.0,0.5151741293532338,9.315456333276556,128.05956546313064,0.0,0.033202332554105735,"[[3105, 0], [0, 2853]]","[[190, 155], [166, 151]]"
disclosure_x_bias,74,init_knn1,CLD,exponential,813.3207469890737,828.7604805273729,1.0,0.5151741293532338,9.360263682757575,128.44500043264748,0.0,0.033202332554105735,"[[3105, 0], [0, 2853]]","[[190, 155], [166, 151]]"
disclosure_x_bias,75,init_knn1,CLD,exponential,813.6866042109284,829.2215499981432,1.0,0.5151741293532338,9.24291623377052,128.23301447209954,0.0,0.033202332554105735,"[[3105, 0], [0, 2853]]","[[190, 155], [166, 151]]"
disclosure_x_bias,76,init_knn1,CLD,exponential,814.404768516746,829.2042217649357,1.0,0.5151741293532338,9.279337767791201,128.36476687417576,0.0,0.033202332554105735,"[[3105, 0], [0, 2853]]","[[190, 155], [166, 151]]"
disclosure_x_bias,77,init_knn1,CLD,exponential,815.0603969916563,829.6234192844167,1.0,0.5151741293532338,9.419745786159794,128.23238736150546,0.0,0.033202332554105735,"[[3105, 0], [0, 2853]]","[[190, 155], [166, 151]]"
disclosure_x_bias,78,init_knn1,CLD,exponential,815.2703918229909,830.2095929223018,1.0,0.5151741293532338,9.348235712099369,129.0709681371307,0.0,0.033202332554105735,"[[3105, 0], [0, 2853]]","[[190, 155], [166, 151]]"
disclosure_x_bias,79,init_knn1,CLD,exponential,816.8232106675549,832.1230608575967,1.0,0.5151741293532338,11.077917870089548,133.03075404349153,0.0,0.033202332554105735,"[[3105, 0], [0, 2853]]","[[190, 155], [166, 151]]"
disclosure_x_bias,80,init_knn1,CLD,exponential,817.6353563001705,832.3131444976128,1.0,0.5151741293532338,11.040279652088621,132.76809090272522,0.0,0.033202332554105735,"[[3105, 0], [0, 2853]]","[[190, 155], [166, 151]]"
disclosure_x_bias,81,init_knn1,CLD,exponential,818.1230478834389,832.7318757942696,1.0,0.5151741293532338,11.187485315921554,132.78805801058311,0.0,0.033202332554105735,"[[3105, 0], [0, 2853]]","[[190, 155], [166, 151]]"
disclosure_x_bias,82,init_knn1,CLD,exponential,818.6751235040068,833.2923737179732,1.0,0.5151741293532338,11.167471119204652,132.72116643868108,0.0,0.033202332554105735,"[[3105, 0], [0, 2853]]","[[190, 155], [166, 151]]"
disclosure_x_bias,83,init_knn1,CLD,exponential,819.1886838690431,833.3697195695258,1.0,0.5151741293532338,11.177321166318352,132.68220120772418,0.0,0.033202332554105735,"[[3105, 0], [0, 2853]]","[[190, 155], [166, 151]]"
disclosure_x_bias,84,init_knn1,CLD,exponential,819.847011251061,834.1158839292272,1.0,0.5151741293532338,11.180189464472345,132.43986155970472,0.0,0.033202332554105735,"[[3105, 0], [0, 2853]]","[[190, 155], [166, 151]]"
disclosure_x_bias,85,init_knn1,CLD,exponential,820.6086499291077,834.0926122366254,1.0,0.5151741293532338,11.443560027578975,132.3104068135372,0.0,0.033202332554105735,"[[3105, 0], [0, 2853]]","[[190, 155], [166, 151]]"
disclosure_x_bias,86,init_knn1,CLD,exponential,821.0425750150882,834.0536340953471,1.0,0.5151741293532338,11.351289624443915,132.11000127840032,0.0,0.033202332554105735,"[[3105, 0], [0, 2853]]","[[190, 155], [166, 151]]"
disclosure_x_bias,87,init_knn1,CLD,exponential,821.7371280001238,834.8729760149633,1.0,0.5151741293532338,11.346585977960633,131.9362277510414,0.0,0.033202332554105735,"[[3105, 0], [0, 2853]]","[[190, 155], [166, 151]]"
disclosure_x_bias,88,init_knn1,CLD,exponential,822.2011004441935,835.274387275034,1.0,0.5151741293532338,11.35009445508455,132.10163298737746,0.0,0.033202332554105735,"[[3105, 0], [0, 2853]]","[[190, 155], [166, 151]]"
disclosure_x_bias,89,init_knn1,CLD,exponential,822.7622121421764,835.1528196975853,1.0,0.5151741293532338,11.406784321942933,132.0449778563559,0.0,0.033202332554105735,"[[3105, 0], [0, 2853]]","[[190, 155], [166, 151]]"
disclosure_x_bias,90,init_knn1,CLD,exponential,823.4408947884764,836.5948277357566,1.0,0.5151741293532338,11.301943695120137,132.1225001845011,0.0,0.033202332554105735,"[[3105, 0], [0, 2853]]","[[190, 155], [166, 151]]"
disclosure_x_bias,91,init_knn1,CLD,exponential,823.9072763271035,837.1603976700617,1.0,0.5151741293532338,11.42754566287809,132.03907760616906,0.0,0.033202332554105735,"[[3105, 0], [0, 2853]]","[[190, 155], [166, 151]]"
disclosure_x_bias,92,init_knn1,CLD,exponential,824.5458233752848,837.2630929413148,1.0,0.5151741293532338,11.331988826462918,131.84910111652937,0.0,0.033202332554105735,"[[3105, 0], [0, 2853]]","[[190, 155], [166, 151]]"
disclosure_x_bias,93,init_knn1,CLD,exponential,824.9787650034041,837.9171119951491,1.0,0.5151741293532338,11.282652441389873,132.76338869973992,0.0,0.033202332554105735,"[[3105, 0], [0, 2853]]","[[190, 155], [166, 151]]"
disclosure_x_bias,94,init_knn1,CLD,exponential,825.2561719608559,837.833813427627,1.0,0.5151741293532338,11.353002041100668,132.47608879697256,0.0,0.033202332554105735,"[[3105, 0], [0, 2853]]","[[190, 155], [166, 151]]"
disclosure_x_bias,95,init_knn1,CLD,exponential,825.6767411616763,838.2937264444327,1.0,0.5151741293532338,11.463535201293096,132.82559603626967,0.0,0.033202332554105735,"[[3105, 0], [0, 2853]]","[[190, 155], [166, 151]]"
disclosure_x_bias,96,init_knn1,CLD,exponential,826.1284701407901,838.4461963638275,1.0,0.5151741293532338,11.536773476381057,133.35202805406348,0.0,0.033202332554105735,"[[3105, 0], [0, 2853]]","[[190, 155], [166, 151]]"
disclosure_x_bias,97,init_knn1,CLD,exponential,826.6124133419959,838.2786873507221,1.0,0.5151741293532338,11.281812769832591,133.34635573263313,0.0,0.033202332554105735,"[[3105, 0], [0, 2853]]","[[190, 155], [166, 151]]"
disclosure_x_bias,98,init_knn1,CLD,exponential,827.4886877452133,839.3525094364865,1.0,0.5151741293532338,11.225420390803128,133.4733290143666,0.0,0.033202332554105735,"[[3105, 0], [0, 2853]]","[[190, 155], [166, 151]]"
disclosure_x_bias,99,init_knn1,CLD,exponential,827.7573715787033,839.2446167274065,1.0,0.5151741293532338,11.389664396977086,133.36862225603264,0.0,0.033202332554105735,"[[3105, 0], [0, 2853]]","[[190, 155], [166, 151]]"
disclosure_x_bias,100,init_knn1,CLD,exponential,828.5294795242064,839.42967866198,1.0,0.5151741293532338,11.291003948675899,133.44490657502914,0.0,0.033202332554105735,"[[3105, 0], [0, 2853]]","[[190, 155], [166, 151]]"
disclosure_x_bias,101,init_knn1,CLD,exponential,829.1032092376487,839.465863160934,1.0,0.5151741293532338,11.469787601087356,133.39557975265296,0.0,0.033202332554105735,"[[3105, 0], [0, 2853]]","[[190, 155], [166, 151]]"
disclosure_x_bias,102,init_knn1,CLD,exponential,830.4717602865678,841.3205468343891,1.0,0.5151741293532338,13.420493668887751,137.2880771244181,0.0,0.033202332554105735,"[[3105, 0], [0, 2853]]","[[190, 155], [166, 151]]"
disclosure_x_bias,103,init_knn1,CLD,exponential,831.0297877027499,842.065513959497,1.0,0.5151741293532338,13.499851015214094,136.561501956754,0.0,0.033202332554105735,"[[3105, 0], [0, 2853]]","[[190, 155], [166, 151]]"
disclosure_x_bias,104,init_knn1,CLD,exponential,831.8047052114487,842.24043151776,1.0,0.5151741293532338,13.539383072964299,137.17136704007564,0.0,0.033202332554105735,"[[3105, 0], [0, 2853]]","[[190, 155], [166, 151]]"
disclosure_x_bias,105,init_knn1,CLD,exponential,832.1787152172976,842.422849677481,1.0,0.5151741293532338,13.671015314186299,137.30351298748838,0.0,0.033202332554105735,"[[3105, 0], [0, 2853]]","[[190, 155], [166, 151]]"
disclosure_x_bias,106,init_knn1,CLD,exponential,832.5579787668499,842.9355180500552,1.0,0.5151741293532338,13.51010163799972,137.23919998699208,0.0,0.033202332554105735,"[[3105, 0], [0, 2853]]","[[190, 155], [166, 151]]"
disclosure_x_bias,107,init_knn1,CLD,exponential,832.7574364065471,843.0161129734921,1.0,0.5151741293532338,13.52436394100273,137.2874168755511,0.0,0.033202332554105735,"[[3105, 0], [0, 2853]]","[[190, 155], [166, 151]]"
disclosure_x_bias,108,init_knn1,CLD,exponential,833.1483682227581,843.7747477594187,1.0,0.5151741293532338,13.40921626661708,138.0662712793389,0.0,0.033202332554105735,"[[3105, 0], [0, 2853]]","[[190, 155], [166, 151]]"
disclosure_x_bias,109,init_knn1,CLD,exponential,833.440160706485,843.8029594259708,1.0,0.5151741293532338,13.602153036020606,137.92545511996187,0.0,0.033202332554105735,"[[3105, 0], [0, 2853]]","[[190, 155], [166, 151]]"
disclosure_x_bias,110,init_knn1,CLD,exponential,833.9322283539232,844.636379584681,1.0,0.5151741293532338,13.963858483788428,138.40987291631507,0.0,0.033202332554105735,"[[3105, 0], [0, 2853]]","[[190, 155], [166, 151]]"
disclosure_x_bias,111,init_knn1,CLD,exponential,834.5105963369045,845.5507113932683,1.0,0.5151741293532338,14.387038142275731,137.70704372441048,0.0,0.033202332554105735,"[[3105, 0], [0, 2853]]","[[190, 155], [166, 151]]"
disclosure_x_bias,112,init_knn1,CLD,exponential,835.0393265322851,846.39932833814,1.0,0.5151741293532338,14.384381709872251,138.24688463568017,0.0,0.033202332554105735,"[[3105, 0], [0, 2853]]","[[190, 155], [166, 151]]"
disclosure_x_bias,113,init_knn1,CLD,exponential,835.5642927555542,846.764546412743,1.0,0.5151741293532338,14.335093392878688,138.48758879499502,0.0,0.033202332554105735,"[[3105, 0], [0, 2853]]","[[190, 155], [166, 151]]"
disclosure_x_bias,114,init_knn1,CLD,exponential,835.6445843349113,846.7965503252799,1.0,0.5151741293532338,14.248985157774905,138.49147417017804,0.0,0.033202332554105735,"[[3105, 0], [0, 2853]]","[[190, 155], [166, 151]]"
disclosure_x_bias,115,init_knn1,CLD,exponential,836.0812920181336,846.6586108111536,1.0,0.5151741293532338,14.226276501097823,138.52341462632566,0.0,0.033202332554105735,"[[3105, 0], [0, 2853]]","[[190, 155], [166, 151]]"
disclosure_x_bias,116,init_knn1,CLD,exponential,836.3699075525863,846.6439504677348,1.0,0.5151741293532338,14.316613372491148,138.69860133313085,0.0,0.033202332554105735,"[[3105, 0], [0, 2853]]","[[190, 155], [166, 151]]"
disclosure_x_bias,117,init_knn1,CLD,exponential,836.5506347074337,846.8008643501462,1.0,0.5151741293532338,14.235743099379722,138.66811624340016,0.0,0.033202332554105735,"[[3105, 0], [0, 2853]]","[[190, 155], [166, 151]]"
disclosure_x_bias,118,init_knn1,CLD,exponential,837.1452229357453,847.3180848979357,1.0,0.5151741293532338,14.205782894671021,138.26561382647168,0.0,0.033202332554105735,"[[3105, 0], [0, 2853]]","[[190, 155], [166, 151]]"
disclosure_x_bias,119,init_knn1,CLD,exponential,837.26275931151,846.9815401394035,1.0,0.5151741293532338,14.105177930514289,138.30810080859524,0.0,0.033202332554105735,"[[3105, 0], [0, 2853]]","[[190, 155], [166, 151]]"
disclosure_x_bias,120,init_knn1,CLD,exponential,837.931442792843,847.7475474836128,1.0,0.5151741293532338,14.12204369334571,138.00061604271173,0.0,0.033202332554105735,"[[3105, 0], [0, 2853]]","[[190, 155], [166, 151]]"
disclosure_x_bias,121,init_knn1,CLD,exponential,838.55031809874,848.3246535081568,1.0,0.5151741293532338,14.010420088597876,137.89974035606306,0.0,0.033202332554105735,"[[3105, 0], [0, 2853]]","[[190, 155], [166, 151]]"
disclosure_x_bias,122,init_knn1,CLD,exponential,838.7153673488885,848.4096858532239,1.0,0.5151741293532338,14.064739243694635,138.5431553942236,0.0,0.033202332554105735,"[[3105, 0], [0, 2853]]","[[190, 155], [166, 151]]"
disclosure_x_bias,123,init_knn1,CLD,exponential,838.9357386878453,848.6697081102363,1.0,0.5151741293532338,14.239741516212538,138.9459784099883,0.0,0.033202332554105735,"[[3105, 0], [0, 2853]]","[[190, 155], [166, 151]]"
disclosure_x_bias,124,init_knn1,CLD,exponential,839.46009274634,849.2995670517082,1.0,0.5151741293532338,14.087713050633853,138.54077457898939,0.0,0.033202332554105735,"[[3105, 0], [0, 2853]]","[[190, 155], [166, 151]]"
disclosure_x_bias,125,init_knn1,CLD,exponential,839.5712652426315,849.280852257579,1.0,0.5151741293532338,14.188339238932409,138.92285686390937,0.0,0.033202332554105735,"[[3105, 0], [0, 2853]]","[[190, 155], [166, 151]]"
disclosure_x_bias,126,init_knn1,CLD,exponential,840.0816523453374,849.8002669193456,1.0,0.5151741293532338,14.343756712647057,138.78959906322433,0.0,0.033202332554105735,"[[3105, 0], [0, 2853]]","[[190, 155], [166, 151]]"
disclosure_x_bias,127,init_knn1,CLD,exponential,840.180978384964,849.6501762509181,1.0,0.5151741293532338,14.448953540997692,138.98606800857,0.0,0.033202332554105735,"[[3105, 0], [0, 2853]]","[[190, 155], [166, 151]]"
disclosure_x_bias,128,init_knn1,CLD,exponential,840.3063191827563,849.6448645583405,1.0,0.5151741293532338,14.400964966818918,139.05487018681208,0.0,0.033202332554105735,"[[3105, 0], [0, 2853]]","[[190, 155], [166, 151]]"
disclosure_x_bias,129,init_knn1,CLD,exponential,840.5629488193454,849.5530254816204,1.0,0.5151741293532338,14.50422526153769,139.38695879926414,0.0,0.033202332554105735,"[[3105, 0], [0, 2853]]","[[190, 155], [166, 151]]"
disclosure_x_bias,130,init_knn1,CLD,exponential,841.1649426290854,849.398829329211,1.0,0.5151741293532338,13.987528584679854,139.2129687999316,0.0,0.033202332554105735,"[[3105, 0], [0, 2853]]","[[190, 155], [166, 151]]"
disclosure_x_bias,131,init_knn1,CLD,exponential,841.6943955586978,849.7015023059105,1.0,0.5151741293532338,13.980292295384505,139.3805273742082,0.0,0.033202332554105735,"[[3105, 0], [0, 2853]]","[[190, 155], [166, 151]]"
disclosure_x_bias,132,init_knn1,CLD,exponential,841.9001074479596,849.8658133636056,1.0,0.5151741293532338,13.965431418917152,139.30835673770522,0.0,0.033202332554105735,"[[3105, 0], [0, 2853]]","[[190, 155], [166, 151]]"
disclosure_x_bias,133,init_knn1,CLD,exponential,842.4402276234174,849.9494040555697,1.0,0.5151741293532338,13.792004201742074,139.15837156340731,0.0,0.033202332554105735,"[[3105, 0], [0, 2853]]","[[190, 155], [166, 151]]"
disclosure_x_bias,134,init_knn1,CLD,exponential,842.5609366947319,849.5959006745231,1.0,0.5151741293532338,13.73623107693992,139.16998756639498,0.0,0.033202332554105735,"[[3105, 0], [0, 2853]]","[[190, 155], [166, 151]]"
disclosure_x_bias,135,init_knn1,CLD,exponential,843.8377367268537,849.728182032695,1.0,0.5151741293532338,14.00953722652824,139.5085791393835,0.0,0.033202332554105735,"[[3105, 0], [0, 2853]]","[[190, 155], [166, 151]]"
disclosure_x_bias,136,init_knn1,CLD,exponential,844.5272330578221,850.2565031498432,1.0,0.5151741293532338,14.065507029295864,139.52210721002206,0.0,0.033202332554105735,"[[3105, 0], [0, 2853]]","[[190, 155], [166, 151]]"
disclosure_x_bias,137,init_knn1,CLD,exponential,845.590928899726,852.1651712040579,1.0,0.5151741293532338,16.517092675681127,144.39464024794793,0.0,0.033202332554105735,"[[3105, 0], [0, 2853]]","[[190, 155], [166, 151]]"
disclosure_x_bias,138,init_knn1,CLD,exponential,845.7923482019899,852.4762640437508,1.0,0.5151741293532338,16.452071671998908,144.49269325220695,0.0,0.033202332554105735,"[[3105, 0], [0, 2853]]","[[190, 155], [166, 151]]"
disclosure_x_bias,139,init_knn1,CLD,exponential,845.8607753953268,852.4342083890609,1.0,0.5151741293532338,16.541478315657884,144.69620482637654,0.0,0.033202332554105735,"[[3105, 0], [0, 2853]]","[[190, 155], [166, 151]]"
disclosure_x_bias,140,init_knn1,CLD,exponential,846.2390985105334,852.6426141328923,1.0,0.5151741293532338,16.546786376371415,145.0539064735172,0.0,0.033202332554105735,"[[3105, 0], [0, 2853]]","[[190, 155], [166, 151]]"
disclosure_x_bias,141,init_knn1,CLD,exponential,846.3918262867626,852.4490368837453,1.0,0.5151741293532338,16.70298577269429,145.24126644865666,0.0,0.033202332554105735,"[[3105, 0], [0, 2853]]","[[190, 155], [166, 151]]"
disclosure_x_bias,142,init_knn1,CLD,exponential,846.7530035682094,853.1453543717162,1.0,0.5151741293532338,16.33754269142353,144.57445479958287,0.0,0.033202332554105735,"[[3105, 0], [0, 2853]]","[[190, 155], [166, 151]]"
disclosure_x_bias,143,init_knn1,CLD,exponential,846.8152380973136,852.7660211694347,1.0,0.5151741293532338,16.34663610244444,144.6387934091056,0.0,0.033202332554105735,"[[3105, 0], [0, 2853]]","[[190, 155], [166, 151]]"
disclosure_x_bias,144,init_knn1,CLD,exponential,847.0690450780021,853.3339406717536,1.0,0.5151741293532338,16.373574366580204,144.22129113767616,0.0,0.033202332554105735,"[[3105, 0], [0, 2853]]","[[190, 155], [166, 151]]"
disclosure_x_bias,145,init_knn1,CLD,exponential,847.5620256955465,853.0867742321825,1.0,0.5151741293532338,16.40490029058186,144.2388447637656,0.0,0.033202332554105735,"[[3105, 0], [0, 2853]]","[[190, 155], [166, 151]]"
disclosure_x_bias,146,init_knn1,CLD,exponential,847.6820359364195,853.1839066357494,1.0,0.5151741293532338,16.516635002744184,144.0538187260914,0.0,0.033202332554105735,"[[3105, 0], [0, 2853]]","[[190, 155], [166, 151]]"
disclosure_x_bias,147,init_knn1,CLD,exponential,847.9264060833782,853.0188336570676,1.0,0.5151741293532338,16.956804105388212,144.12734728174317,0.0,0.033202332554105735,"[[3105, 0], [0, 2853]]","[[190, 155], [166, 151]]"
disclosure_x_bias,148,init_knn1,CLD,exponential,848.1073387295116,853.3627827429422,1.0,0.5151741293532338,16.821092480654524,143.99120543546587,0.0,0.033202332554105735,"[[3105, 0], [0, 2853]]","[[190, 155], [166, 151]]"
disclosure_x_bias,149,init_knn1,CLD,exponential,848.5856192046494,853.3609113009716,1.0,0.5151741293532338,16.83445002416976,143.94567799058208,0.0,0.033202332554105735,"[[3105, 0], [0, 2853]]","[[190, 155], [166, 151]]"
disclosure_x_bias,150,init_knn1,CLD,exponential,849.2105422172057,854.2141092638676,1.0,0.5151741293532338,16.762452121851315,144.09973564785815,0.0,0.033202332554105735,"[[3105, 0], [0, 2853]]","[[190, 155], [166, 151]]"
disclosure_x_bias,151,init_knn1,CLD,exponential,849.4986903973997,854.370162176138,1.0,0.5151741293532338,16.576384841503923,144.11686654183768,0.0,0.033202332554105735,"[[3105, 0], [0, 2853]]","[[190, 155], [166, 151]]"
disclosure_x_bias,152,init_knn1,CLD,exponential,849.6433333443294,854.3479773416836,1.0,0.5151741293532338,16.534242657472337,144.09658191713606,0.0,0.033202332554105735,"[[3105, 0], [0, 2853]]","[[190, 155], [166, 151]]"
disclosure_x_bias,153,init_knn1,CLD,exponential,850.0821345232847,854.697819260813,1.0,0.5151741293532338,16.521886607467717,144.97110046134577,0.0,0.033202332554105735,"[[3105, 0], [0, 2853]]","[[190, 155], [166, 151]]"
disclosure_x_bias,154,init_knn1,CLD,exponential,850.3009229992655,854.7304853855442,1.0,0.5151741293532338,16.593167126161724,145.31324122341525,0.0,0.033202332554105735,"[[3105, 0], [0, 2853]]","[[190, 155], [166, 151]]"
disclosure_x_bias,155,init_knn1,CLD,exponential,850.384194209463,854.6428357980965,1.0,0.5151741293532338,16.507830332191144,145.23196930885877,0.0,0.033202332554105735,"[[3105, 0], [0, 2853]]","[[190, 155], [166, 151]]"
disclosure_x_bias,156,init_knn1,CLD,exponential,850.6670373491928,854.8016695356542,1.0,0.5151741293532338,16.603796713537186,145.54722442675697,0.0,0.033202332554105735,"[[3105, 0], [0, 2853]]","[[190, 155], [166, 151]]"
disclosure_x_bias,157,init_knn1,CLD,exponential,851.0296104166922,854.6105374864503,1.0,0.5151741293532338,16.375224605830436,144.7569197879886,0.0,0.033202332554105735,"[[3105, 0], [0, 2853]]","[[190, 155], [166, 151]]"
disclosure_x_bias,158,init_knn1,CLD,exponential,851.6131705766077,855.527388971352,1.0,0.5151741293532338,16.67448097573701,145.30034861730007,0.0,0.033202332554105735,"[[3105, 0], [0, 2853]]","[[190, 155], [166, 151]]"
disclosure_x_bias,159,init_knn1,CLD,exponential,852.0116992310889,855.2205508568538,1.0,0.5151741293532338,16.65858149023148,145.1685752872346,0.0,0.033202332554105735,"[[3105, 0], [0, 2853]]","[[190, 155], [166, 151]]"
disclosure_x_bias,160,init_knn1,CLD,exponential,852.1578465772687,855.4706166332659,1.0,0.5151741293532338,16.523855365511725,145.20548771841706,0.0,0.033202332554105735,"[[3105, 0], [0, 2853]]","[[190, 155], [166, 151]]"
disclosure_x_bias,161,init_knn1,CLD,exponential,852.4009564896851,855.3971763994159,1.0,0.5151741293532338,16.737652536411836,145.01715038068642,0.0,0.033202332554105735,"[[3105, 0], [0, 2853]]","[[190, 155], [166, 151]]"
disclosure_x_bias,162,init_knn1,CLD,exponential,852.5197581649863,855.4189032065326,1.0,0.5151741293532338,16.545226732140833,145.16330462056382,0.0,0.033202332554105735,"[[3105, 0], [0, 2853]]","[[190, 155], [166, 151]]"
disclosure_x_bias,163,init_knn1,CLD,exponential,852.9605156913606,855.3790939094433,1.0,0.5151741293532338,16.894861497232572,145.24013460247605,0.0,0.033202332554105735,"[[3105, 0], [0, 2853]]","[[190, 155], [166, 151]]"
disclosure_x_bias,164,init_knn1,CLD,exponential,853.0915217481031,855.6011947279782,1.0,0.5151741293532338,16.953193672153784,145.8818951245206,0.0,0.033202332554105735,"[[3105, 0], [0, 2853]]","[[190, 155], [166, 151]]"
disclosure_x_bias,165,init_knn1,CLD,exponential,853.3839342138095,855.6316144727878,1.0,0.5151741293532338,17.13147232697043,146.02341270306277,0.0,0.033202332554105735,"[[3105, 0], [0, 2853]]","[[190, 155], [166, 151]]"
disclosure_x_bias,166,init_knn1,CLD,exponential,853.8861100642118,856.2997033599461,1.0,0.5151741293532338,16.778099641019967,146.0755702502844,0.0,0.033202332554105735,"[[3105, 0], [0, 2853]]","[[190, 155], [166, 151]]"
disclosure_x_bias,167,init_knn1,CLD,exponential,854.080535163939,856.4044923469776,1.0,0.5151741293532338,16.976415553377286,146.3563561146931,0.0,0.033202332554105735,"[[3105, 0], [0, 2853]]","[[190, 155], [166, 151]]"
disclosure_x_bias,168,init_knn1,CLD,exponential,854.2117406248628,856.635674664255,1.0,0.5151741293532338,16.846521143764498,146.41432941940448,0.0,0.033202332554105735,"[[3105, 0], [0, 2853]]","[[190, 155], [166, 151]]"
disclosure_x_bias,169,init_knn1,CLD,exponential,854.4846298674844,856.7088348584706,1.0,0.5151741293532338,16.93833827029887,146.33289336863075,0.0,0.033202332554105735,"[[3105, 0], [0, 2853]]","[[190, 155], [166, 151]]"
disclosure_x_bias,170,init_knn1,CLD,exponential,854.9838154826696,857.321337512269,1.0,0.5151741293532338,16.798823088441836,145.97935678119464,0.0,0.033202332554105735,"[[3105, 0], [0, 2853]]","[[190, 155], [166, 151]]"
disclosure_x_bias,171,init_knn1,CLD,exponential,855.2426325099502,857.5141145671435,1.0,0.5151741293532338,16.852746722659067,146.2387048216357,0.0,0.033202332554105735,"[[3105, 0], [0, 2853]]","[[190, 155], [166, 151]]"
disclosure_x_bias,172,init_knn1,CLD,exponential,855.324275526515,857.5840861700214,1.0,0.5151741293532338,16.92245143728977,146.7922086496602,0.0,0.033202332554105735,"[[3105, 0], [0, 2853]]","[[190, 155], [166, 151]]"
disclosure_x_bias,173,init_knn1,CLD,exponential,855.956977665038,858.1506933366711,1.0,0.5151741293532338,16.542829293537654,146.47800353777725,0.0,0.033202332554105735,"[[3105, 0], [0, 2853]]","[[190, 155], [166, 151]]"
disclosure_x_bias,174,init_knn1,CLD,exponential,856.0917659142648,858.012549971649,1.0,0.5151741293532338,16.60894408886565,146.39274028832904,0.0,0.033202332554105735,"[[3105, 0], [0, 2853]]","[[190, 155], [166, 151]]"
disclosure_x_bias,175,init_knn1,CLD,exponential,856.3971518116807,858.5092342342459,1.0,0.5151741293532338,16.438497705285073,146.5011534477003,0.0,0.033202332554105735,"[[3105, 0], [0, 2853]]","[[190, 155], [166, 151]]"
disclosure_x_bias,176,init_knn1,CLD,exponential,856.5553005432063,858.2426594637175,1.0,0.5151741293532338,16.504250130520873,146.50249509659227,0.0,0.033202332554105735,"[[3105, 0], [0, 2853]]","[[190, 155], [166, 151]]"
disclosure_x_bias,177,init_knn1,CLD,exponential,856.784496726819,858.5564286862336,1.0,0.5151741293532338,16.464188659365604,146.48101433115764,0.0,0.033202332554105735,"[[3105, 0], [0, 2853]]","[[190, 155], [166, 151]]"
disclosure_x_bias,178,init_knn1,CLD,exponential,857.2190302320708,858.5319307045007,1.0,0.5151741293532338,16.544542673951153,147.44228494639987,0.0,0.033202332554105735,"[[3105, 0], [0, 2853]]","[[190, 155], [166, 151]]"
disclosure_x_bias,179,init_knn1,CLD,exponential,857.59621207813,859.0430360178518,1.0,0.5151741293532338,16.468692038451817,147.18080958254794,0.0,0.033202332554105735,"[[3105, 0], [0, 2853]]","[[190, 155], [166, 151]]"
disclosure_x_bias,180,init_knn1,CLD,exponential,857.9910373808112,859.5568970422994,1.0,0.5151741293532338,16.308294466556152,147.096767338309,0.0,0.033202332554105735,"[[3105, 0], [0, 2853]]","[[190, 155], [166, 151]]"
disclosure_x_bias,181,init_knn1,CLD,exponential,858.1314913573231,859.9228829443251,1.0,0.5151741293532338,16.267746187812534,147.45791675151162,0.0,0.033202332554105735,"[[3105, 0], [0, 2853]]","[[190, 155], [166, 151]]"
disclosure_x_bias,182,init_knn1,CLD,exponential,858.4063301771436,859.7224052118536,1.0,0.5151741293532338,16.168456301503685,147.32737572511718,0.0,0.033202332554105735,"[[3105, 0], [0, 2853]]","[[190, 155], [166, 151]]"
disclosure_x_bias,183,init_knn1,CLD,exponential,858.5746795220206,860.1045005180131,1.0,0.5151741293532338,16.176999280374073,147.42847125485918,0.0,0.033202332554105735,"[[3105, 0], [0, 2853]]","[[190, 155], [166, 151]]"
disclosure_x_bias,184,init_knn1,CLD,exponential,858.8524244468423,860.2696941495562,1.0,0.5151741293532338,16.171730865091313,146.87699817552416,0.0,0.033202332554105735,"[[3105, 0], [0, 2853]]","[[190, 155], [166, 151]]"
disclosure_x_bias,185,init_knn1,CLD,exponential,858.9828146663707,860.2829536713076,1.0,0.5151741293532338,15.901294209692944,146.69364723831407,0.0,0.033202332554105735,"[[3105, 0], [0, 2853]]","[[190, 155], [166, 151]]"
disclosure_x_bias,186,init_knn1,CLD,exponential,859.2518372663393,860.5352084745093,1.0,0.5151741293532338,16.280412260990826,147.15674045872058,0.0,0.033202332554105735,"[[3105, 0], [0, 2853]]","[[190, 155], [166, 151]]"
disclosure_x_bias,187,init_knn1,CLD,exponential,860.6245058136423,862.880383607371,1.0,0.5151741293532338,19.316071671089706,152.70175696284073,0.0,0.033202332554105735,"[[3105, 0], [0, 2853]]","[[190, 155], [166, 151]]"
disclosure_x_bias,188,init_knn1,CLD,exponential,860.6034135333773,862.6784616026977,1.0,0.5151741293532338,19.322076582322,152.85932187738996,0.0,0.033202332554105735,"[[3105, 0], [0, 2853]]","[[190, 155], [166, 151]]"
disclosure_x_bias,189,init_knn1,CLD,exponential,861.4910210695771,863.0941813126271,1.0,0.5151741293532338,19.188695195709112,152.48003907994385,0.0,0.033202332554105735,"[[3105, 0], [0, 2853]]","[[190, 155], [166, 151]]"
disclosure_x_bias,190,init_knn1,CLD,exponential,861.7062655754393,862.9694151303544,1.0,0.5151741293532338,18.89596510460963,152.61421981940794,0.0,0.033202332554105735,"[[3105, 0], [0, 2853]]","[[190, 155], [166, 151]]"
disclosure_x_bias,191,init_knn1,CLD,exponential,861.9059507118785,863.0660461067944,1.0,0.5151741293532338,19.029892536874097,152.34081199651828,0.0,0.033202332554105735,"[[3105, 0], [0, 2853]]","[[190, 155], [166, 151]]"
disclosure_x_bias,192,init_knn1,CLD,exponential,861.8635805861777,862.4324103328867,1.0,0.5151741293532338,18.803490568552373,152.09151530050937,0.0,0.033202332554105735,"[[3105, 0], [0, 2853]]","[[190, 155], [166, 151]]"
disclosure_x_bias,193,init_knn1,CLD,exponential,862.2087286477184,862.7335232231919,1.0,0.5151741293532338,18.9416455719849,152.34746392467352,0.0,0.033202332554105735,"[[3105, 0], [0, 2853]]","[[190, 155], [166, 151]]"
disclosure_x_bias,194,init_knn1,CLD,exponential,862.1754563087936,862.5789775059538,1.0,0.5151741293532338,18.915117386112538,152.40067295119547,0.0,0.033202332554105735,"[[3105, 0], [0, 2853]]","[[190, 155], [166, 151]]"
disclosure_x_bias,195,init_knn1,CLD,exponential,862.6797102388757,863.0671834042129,1.0,0.5151741293532338,18.89398078951554,152.37998199140668,0.0,0.033202332554105735,"[[3105, 0], [0, 2853]]","[[190, 155], [166, 151]]"
disclosure_x_bias,196,init_knn1,CLD,exponential,862.9955495836087,863.7009159584628,1.0,0.5151741293532338,18.979606251310788,152.43916258897573,0.0,0.033202332554105735,"[[3105, 0], [0, 2853]]","[[190, 155], [166, 151]]"
disclosure_x_bias,197,init_knn1,CLD,exponential,863.3967603318054,863.535344288782,1.0,0.5151741293532338,18.938398840029215,152.3190614330392,0.0,0.033202332554105735,"[[3105, 0], [0, 2853]]","[[190, 155], [166, 151]]"
disclosure_x_bias,198,init_knn1,CLD,exponential,863.5721952722646,863.8772707823589,1.0,0.5151741293532338,18.880552190921456,152.32638482772805,0.0,0.033202332554105735,"[[3105, 0], [0, 2853]]","[[190, 155], [166, 151]]"
disclosure_x_bias,199,init_knn1,CLD,exponential,863.934203786492,864.260954369974,1.0,0.5151741293532338,18.74191933462258,152.27803107849715,0.0,0.033202332554105735,"[[3105, 0], [0, 2853]]","[[190, 155], [166, 151]]"
disclosure_x_bias,200,init_knn1,CLD,exponential,864.5843723714122,864.016112638479,1.0,0.5151741293532338,18.764933818507068,152.43705089346898,0.0,0.033202332554105735,"[[3105, 0], [0, 2853]]","[[190, 155], [166, 151]]"
disclosure_x_bias,201,init_knn1,CLD,exponential,864.8125097349891,864.28406788889,1.0,0.5151741293532338,18.85394952517114,152.70611092378,0.0,0.033202332554105735,"[[3105, 0], [0, 2853]]","[[190, 155], [166, 151]]"
disclosure_x_bias,202,init_knn1,CLD,exponential,865.0862963493792,864.3319095762442,1.0,0.5151741293532338,18.82512808066846,152.31932348797298,0.0,0.033202332554105735,"[[3105, 0], [0, 2853]]","[[190, 155], [166, 151]]"
disclosure_x_bias,203,init_knn1,CLD,exponential,865.5074546257489,864.0828465376462,1.0,0.5151741293532338,18.775784810256656,152.78984707043995,0.0,0.033202332554105735,"[[3105, 0], [0, 2853]]","[[190, 155], [166, 151]]"
disclosure_x_bias,204,init_knn1,CLD,exponential,865.6260885320942,864.1002641217816,1.0,0.5151741293532338,18.512017394987865,152.46928297406944,0.0,0.033202332554105735,"[[3105, 0], [0, 2853]]","[[190, 155], [166, 151]]"
disclosure_x_bias,205,init_knn1,CLD,exponential,866.2506903720383,863.9622277644654,1.0,0.5151741293532338,18.580420997447092,152.314079260175,0.0,0.033202332554105735,"[[3105, 0], [0, 2853]]","[[190, 155], [166, 151]]"
disclosure_x_bias,206,init_knn1,CLD,exponential,866.4329550754135,864.6697824526989,1.0,0.5151741293532338,18.588977211069988,152.46739961736878,0.0,0.033202332554105735,"[[3105, 0], [0, 2853]]","[[190, 155], [166, 151]]"
disclosure_x_bias,207,init_knn1,CLD,exponential,866.7819642217904,865.3050935207182,1.0,0.5151741293532338,18.77117153265572,152.2252825574916,0.0,0.033202332554105735,"[[3105, 0], [0, 2853]]","[[190, 155], [166, 151]]"
disclosure_x_bias,208,init_knn1,CLD,exponential,866.8372009085699,865.0257635340437,1.0,0.5151741293532338,18.608039599680023,152.36961212830226,0.0,0.033202332554105735,"[[3105, 0], [0, 2853]]","[[190, 155], [166, 151]]"
disclosure_x_bias,209,init_knn1,CLD,exponential,866.9574654818425,865.0549967247522,1.0,0.5151741293532338,18.9247077049858,151.8940430797698,0.0,0.033202332554105735,"[[3105, 0], [0, 2853]]","[[190, 155], [166, 151]]"
disclosure_x_bias,210,init_knn1,CLD,exponential,867.3993471887355,864.8661637993007,1.0,0.5151741293532338,18.733885997774806,151.90270252879563,0.0,0.033202332554105735,"[[3105, 0], [0, 2853]]","[[190, 155], [166, 151]]"
disclosure_x_bias,211,init_knn1,CLD,exponential,867.9071497709768,865.0472169619276,1.0,0.5151741293532338,19.307023044025108,151.7314276704113,0.0,0.033202332554105735,"[[3105, 0], [0, 2853]]","[[190, 155], [166, 151]]"
disclosure_x_bias,212,init_knn1,CLD,exponential,868.2284124633616,864.9900132996993,1.0,0.5151741293532338,19.219022270365375,151.71444122207672,0.0,0.033202332554105735,"[[3105, 0], [0, 2853]]","[[190, 155], [166, 151]]"
disclosure_x_bias,213,init_knn1,CLD,exponential,868.4417557545481,864.8736408015733,1.0,0.5151741293532338,19.253472448686786,151.9536370820224,0.0,0.033202332554105735,"[[3105, 0], [0, 2853]]","[[190, 155], [166, 151]]"
disclosure_x_bias,214,init_knn1,CLD,exponential,868.5527928962443,865.0760701642266,1.0,0.5151741293532338,19.48003958128552,152.42917589168346,0.0,0.033202332554105735,"[[3105, 0], [0, 2853]]","[[190, 155], [166, 151]]"
disclosure_x_bias,215,init_knn1,CLD,exponential,868.6783967050205,865.2775204321149,1.0,0.5151741293532338,19.351663298564766,152.32511058972776,0.0,0.033202332554105735,"[[3105, 0], [0, 2853]]","[[190, 155], [166, 151]]"
disclosure_x_bias,216,init_knn1,CLD,exponential,869.3166063318822,866.261943737962,1.0,0.5151741293532338,19.159810642829807,152.5155462030118,0.0,0.033202332554105735,"[[3105, 0], [0, 2853]]","[[190, 155], [166, 151]]"
disclosure_x_bias,217,init_knn1,CLD,exponential,869.5145586439918,866.3424653050624,1.0,0.5151741293532338,19.20743253596978,152.21657031725982,0.0,0.033202332554105735,"[[3105, 0], [0, 2853]]","[[190, 155], [166, 151]]"
disclosure_x_bias,218,init_knn1,CLD,exponential,869.6199636505328,866.6282426299201,1.0,0.5151741293532338,19.2798880186454,153.3897393520596,0.0,0.033202332554105735,"[[3105, 0], [0, 2853]]","[[190, 155], [166, 151]]"
disclosure_x_bias,219,init_knn1,CLD,exponential,869.7517765124837,866.7882430436739,1.0,0.5151741293532338,19.284600175766503,153.48355434253804,0.0,0.033202332554105735,"[[3105, 0], [0, 2853]]","[[190, 155], [166, 151]]"
disclosure_x_bias,220,init_knn1,CLD,exponential,869.9505345087737,866.9488484307046,1.0,0.5151741293532338,19.22887299755227,153.45977959590562,0.0,0.033202332554105735,"[[3105, 0], [0, 2853]]","[[190, 155], [166, 151]]"
disclosure_x_bias,221,init_knn1,CLD,exponential,870.1211067776421,867.1453161819702,1.0,0.5151741293532338,19.264298078118188,153.6367268084761,0.0,0.033202332554105735,"[[3105, 0], [0, 2853]]","[[190, 155], [166, 151]]"
disclosure_x_bias,222,init_knn1,CLD,exponential,870.4200309780342,867.5005145754973,1.0,0.5151741293532338,19.637648585733572,154.39105939852809,0.0,0.033202332554105735,"[[3105, 0], [0, 2853]]","[[190, 155], [166, 151]]"
disclosure_x_bias,223,init_knn1,CLD,exponential,870.5092228571215,867.1529634202558,1.0,0.5151741293532338,19.421488571630913,153.85960169862622,0.0,0.033202332554105735,"[[3105, 0], [0, 2853]]","[[190, 155], [166, 151]]"
disclosure_x_bias,224,init_knn1,CLD,exponential,870.9861037960761,867.8423399578958,1.0,0.5151741293532338,19.443429370196196,153.66756012155633,0.0,0.033202332554105735,"[[3105, 0], [0, 2853]]","[[190, 155], [166, 151]]"
disclosure_x_bias,225,init_knn1,CLD,exponential,871.1512437014159,867.5933079089039,1.0,0.5151741293532338,19.512452566138975,153.6201829015264,0.0,0.033202332554105735,"[[3105, 0], [0, 2853]]","[[190, 155], [166, 151]]"
disclosure_x_bias,226,init_knn1,CLD,exponential,871.2822589481315,867.8973281356363,1.0,0.5151741293532338,19.407096782123325,153.51033538992763,0.0,0.033202332554105735,"[[3105, 0], [0, 2853]]","[[190, 155], [166, 151]]"
disclosure_x_bias,227,init_knn1,CLD,exponential,871.5984649059026,868.0237737301107,1.0,0.5151741293532338,19.579599913925552,153.65876799093985,0.0,0.033202332554105735,"[[3105, 0], [0, 2853]]","[[190, 155], [166, 151]]"
disclosure_x_bias,228,init_knn1,CLD,exponential,871.8180651773753,868.4929186364432,1.0,0.5151741293532338,19.871554222754582,153.15892356790607,0.0,0.033202332554105735,"[[3105, 0], [0, 2853]]","[[190, 155], [166, 151]]"
disclosure_x_bias,229,init_knn1,CLD,exponential,872.2131760988999,868.8093210033963,1.0,0.5151741293532338,19.666081288941204,153.0838177434243,0.0,0.033202332554105735,"[[3105, 0], [0, 2853]]","[[190, 155], [166, 151]]"
disclosure_x_bias,230,init_knn1,CLD,exponential,872.2662451260583,868.7364742903368,1.0,0.5151741293532338,19.681932952359578,153.1853825860692,0.0,0.033202332554105735,"[[3105, 0], [0, 2853]]","[[190, 155], [166, 151]]"
disclosure_x_bias,231,init_knn1,CLD,exponential,872.4481195569278,868.6997705389091,1.0,0.5151741293532338,19.881398854220944,153.07110956791215,0.0,0.033202332554105735,"[[3105, 0], [0, 2853]]","[[190, 155], [166, 151]]"
disclosure_x_bias,232,init_knn1,CLD,exponential,872.5500661073307,868.6769156742854,1.0,0.5151741293532338,19.706140583873495,153.00331500270374,0.0,0.033202332554105735,"[[3105, 0], [0, 2853]]","[[190, 155], [166, 151]]"
disclosure_x_bias,233,init_knn1,CLD,exponential,872.8529782078031,868.785946249703,1.0,0.5151741293532338,19.779958632546816,152.8992178160426,0.0,0.033202332554105735,"[[3105, 0], [0, 2853]]","[[190, 155], [166, 151]]"
disclosure_x_bias,234,init_knn1,CLD,exponential,873.3969435840188,869.522993123522,1.0,0.5151741293532338,19.636252420168717,153.84246882822532,0.0,0.033202332554105735,"[[3105, 0], [0, 2853]]","[[190, 155], [166, 151]]"
disclosure_x_bias,235,init_knn1,CLD,exponential,873.751122452713,869.6538608436398,1.0,0.5151741293532338,19.57365283028425,153.81568486062528,0.0,0.033202332554105735,"[[3105, 0], [0, 2853]]","[[190, 155], [166, 151]]"
disclosure_x_bias,236,init_knn1,CLD,exponential,873.8238332233392,869.7821445490779,1.0,0.5151741293532338,19.552823021627255,154.04718878749662,0.0,0.033202332554105735,"[[3105, 0], [0, 2853]]","[[190, 155], [166, 151]]"
disclosure_x_bias,237,init_knn1,CLD,exponential,874.0745696116707,869.7416009721521,1.0,0.5151741293532338,19.796844292633292,154.0181113320006,0.0,0.033202332554105735,"[[3105, 0], [0, 2853]]","[[190, 155], [166, 151]]"
disclosure_x_bias,238,init_knn1,CLD,exponential,874.2012988048873,869.5906587344456,1.0,0.5151741293532338,19.559816664128956,154.24336327520007,0.0,0.033202332554105735,"[[3105, 0], [0, 2853]]","[[190, 155], [166, 151]]"
disclosure_x_bias,239,init_knn1,CLD,exponential,874.2784090342999,869.3595500044117,1.0,0.5151741293532338,19.57502120152754,154.1795885042177,0.0,0.033202332554105735,"[[3105, 0], [0, 2853]]","[[190, 155], [166, 151]]"
disclosure_x_bias,240,init_knn1,CLD,exponential,874.5431084264774,869.565460183168,1.0,0.5151741293532338,19.41311385588171,154.14041327784597,0.0,0.033202332554105735,"[[3105, 0], [0, 2853]]","[[190, 155], [166, 151]]"
disclosure_x_bias,241,init_knn1,CLD,exponential,874.7204862829249,869.4939199415337,1.0,0.5151741293532338,19.568693741176464,154.22105729784482,0.0,0.033202332554105735,"[[3105, 0], [0, 2853]]","[[190, 155], [166, 151]]"
disclosure_x_bias,242,init_knn1,CLD,exponential,876.351570985869,872.0439709935297,1.0,0.5151741293532338,22.76618018574093,160.03325670652347,0.0,0.033202332554105735,"[[3105, 0], [0, 2853]]","[[190, 155], [166, 151]]"
disclosure_x_bias,243,init_knn1,CLD,exponential,876.6731885747813,872.0798206199764,1.0,0.5151741293532338,23.13066312846838,160.1606190422404,0.0,0.033202332554105735,"[[3105, 0], [0, 2853]]","[[190, 155], [166, 151]]"
disclosure_x_bias,244,init_knn1,CLD,exponential,876.858210054493,872.4826794379973,1.0,0.5151741293532338,22.703201989670138,159.67115800206142,0.0,0.033202332554105735,"[[3105, 0], [0, 2853]]","[[190, 155], [166, 151]]"
disclosure_x_bias,245,init_knn1,CLD,exponential,876.8926764995322,872.5627897907098,1.0,0.5151741293532338,23.003473646849482,159.83614302512248,0.0,0.033202332554105735,"[[3105, 0], [0, 2853]]","[[190, 155], [166, 151]]"
disclosure_x_bias,246,init_knn1,CLD,exponential,877.1022815506625,872.5569054451571,1.0,0.5151741293532338,22.812608945374475,159.87587621713448,0.0,0.033202332554105735,"[[3105, 0], [0, 2853]]","[[190, 155], [166, 151]]"
disclosure_x_bias,247,init_knn1,CLD,exponential,877.4274919249698,873.2404855425968,1.0,0.5151741293532338,22.94505898129866,159.54640204130217,0.0,0.033202332554105735,"[[3105, 0], [0, 2853]]","[[190, 155], [166, 151]]"
disclosure_x_bias,248,init_knn1,CLD,exponential,877.5430997763369,873.5954114804475,1.0,0.5151741293532338,22.865479887757388,159.47072135325445,0.0,0.033202332554105735,"[[3105, 0], [0, 2853]]","[[190, 155], [166, 151]]"
disclosure_x_bias,249,init_knn1,CLD,exponential,877.691526571869,873.4681803965652,1.0,0.5151741293532338,22.92226248721603,159.75090358576637,0.0,0.033202332554105735,"[[3105, 0], [0, 2853]]","[[190, 155], [166, 151]]"
disclosure_x_bias,250,init_knn1,CLD,exponential,877.8183309452177,873.5302170417605,1.0,0.5151741293532338,22.871937077164638,159.90243130957475,0.0,0.033202332554105735,"[[3105, 0], [0, 2853]]","[[190, 155], [166, 151]]"
disclosure_x_bias,251,init_knn1,CLD,exponential,877.9947175816202,873.4192041340006,1.0,0.5151741293532338,22.909152016433715,160.09695172555814,0.0,0.033202332554105735,"[[3105, 0], [0, 2853]]","[[190, 155], [166, 151]]"
disclosure_x_bias,252,init_knn1,CLD,exponential,878.1309364277838,873.4124156969572,1.0,0.5151741293532338,22.802624789434706,160.14419348178427,0.0,0.033202332554105735,"[[3105, 0], [0, 2853]]","[[190, 155], [166, 151]]"
disclosure_x_bias,253,init_knn1,CLD,exponential,878.3168640375804,873.9145891994807,1.0,0.5151741293532338,22.907026542003127,160.03606624702363,0.0,0.033202332554105735,"[[3105, 0], [0, 2853]]","[[190, 155], [166, 151]]"
disclosure_x_bias,254,init_knn1,CLD,exponential,878.69367688126,873.9363695915966,1.0,0.5151741293532338,22.88125398866647,159.75618714620842,0.0,0.033202332554105735,"[[3105, 0], [0, 2853]]","[[190, 155], [166, 151]]"
disclosure_x_bias,255,init_knn1,CLD,exponential,878.6022593829782,874.181801366583,1.0,0.5151741293532338,22.7819489957486,159.85616588652837,0.0,0.033202332554105735,"[[3105, 0], [0, 2853]]","[[190, 155], [166, 151]]"
disclosure_x_bias,256,init_knn1,CLD,exponential,879.2107027013686,873.9962299275574,1.0,0.5151741293532338,22.55981710648231,159.96346241379516,0.0,0.033202332554105735,"[[3105, 0], [0, 2853]]","[[190, 155], [166, 151]]"
disclosure_x_bias,257,init_knn1,CLD,exponential,879.2760647344782,874.2411237384551,1.0,0.5151741293532338,22.622733283200564,160.23830527677816,0.0,0.033202332554105735,"[[3105, 0], [0, 2853]]","[[190, 155], [166, 151]]"
disclosure_x_bias,258,init_knn1,CLD,exponential,879.9118963926155,874.0586714213608,1.0,0.5151741293532338,22.49333137183732,159.93023677398182,0.0,0.033202332554105735,"[[3105, 0], [0, 2853]]","[[190, 155], [166, 151]]"
disclosure_x_bias,259,init_knn1,CLD,exponential,880.2341621249836,874.5131991494809,1.0,0.5151741293532338,22.423921563118558,160.29225351456856,0.0,0.033202332554105735,"[[3105, 0], [0, 2853]]","[[190, 155], [166, 151]]"
disclosure_x_bias,260,init_knn1,CLD,exponential,880.4736147107567,875.1561583212927,1.0,0.5151741293532338,22.645981307915527,161.09815045513835,0.0,0.033202332554105735,"[[3105, 0], [0, 2853]]","[[190, 155], [166, 151]]"
disclosure_x_bias,261,init_knn1,CLD,exponential,880.9564372740233,875.6660245496208,1.0,0.5151741293532338,22.28114346025243,160.9689517191977,0.0,0.033202332554105735,"[[3105, 0], [0, 2853]]","[[190, 155], [166, 151]]"
disclosure_x_bias,262,init_knn1,CLD,exponential,881.1834514956379,876.1182691647961,1.0,0.5151741293532338,22.44049138513655,160.87939920752714,0.0,0.033202332554105735,"[[3105, 0], [0, 2853]]","[[190, 155], [166, 151]]"
disclosure_x_bias,263,init_knn1,CLD,exponential,881.1640744819891,876.1264810108316,1.0,0.5151741293532338,22.33707743062188,160.6614492204357,0.0,0.033202332554105735,"[[3105, 0], [0, 2853]]","[[190, 155], [166, 151]]"
disclosure_x_bias,264,init_knn1,CLD,exponential,881.318652935063,876.2770878682562,1.0,0.5151741293532338,22.30290661935986,160.60467329169498,0.0,0.033202332554105735,"[[3105, 0], [0, 2853]]","[[190, 155], [166, 151]]"
disclosure_x_bias,265,init_knn1,CLD,exponential,882.038374086974,876.2471826206854,1.0,0.5151741293532338,21.922439944329525,160.8537624145899,0.0,0.033202332554105735,"[[3105, 0], [0, 2853]]","[[190, 155], [166, 151]]"
disclosure_x_bias,266,init_knn1,CLD,exponential,882.2738548454278,876.1401683567734,1.0,0.5151741293532338,22.035745251699524,160.5865267455251,0.0,0.033202332554105735,"[[3105, 0], [0, 2853]]","[[190, 155], [166, 151]]"
disclosure_x_bias,267,init_knn1,CLD,exponential,882.3567807250813,876.1341765968442,1.0,0.5151741293532338,21.840021769334918,160.60977459576492,0.0,0.033202332554105735,"[[3105, 0], [0, 2853]]","[[190, 155], [166, 151]]"
disclosure_x_bias,268,init_knn1,CLD,exponential,882.4933909774066,876.1033860650456,1.0,0.5151741293532338,21.846138144826224,160.58130196550877,0.0,0.033202332554105735,"[[3105, 0], [0, 2853]]","[[190, 155], [166, 151]]"
disclosure_x_bias,269,init_knn1,CLD,exponential,882.5966100946746,876.3740039370352,1.0,0.5151741293532338,21.775459558746054,160.82694290280824,0.0,0.033202332554105735,"[[3105, 0], [0, 2853]]","[[190, 155], [166, 151]]"
disclosure_x_bias,270,init_knn1,CLD,exponential,882.8061138877396,876.2153609124537,1.0,0.5151741293532338,21.754365144013352,160.67752376527332,0.0,0.033202332554105735,"[[3105, 0], [0, 2853]]","[[190, 155], [166, 151]]"
disclosure_x_bias,271,init_knn1,CLD,exponential,882.8751575639335,876.4011683806506,1.0,0.5151741293532338,21.558073686672298,160.92683672508312,0.0,0.033202332554105735,"[[3105, 0], [0, 2853]]","[[190, 155], [166, 151]]"
disclosure_x_bias,272,init_knn1,CLD,exponential,883.0316327213513,876.2871221381589,1.0,0.5151741293532338,21.724790012906276,160.52382031530652,0.0,0.033202332554105735,"[[3105, 0], [0, 2853]]","[[190, 155], [166, 151]]"
disclosure_x_bias,273,init_knn1,CLD,exponential,883.2671471777792,876.9418008457953,1.0,0.5151741293532338,21.687232687021993,161.0266593125903,0.0,0.033202332554105735,"[[3105, 0], [0, 2853]]","[[190, 155], [166, 151]]"
disclosure_x_bias,274,init_knn1,CLD,exponential,883.3059604092311,876.9267794539994,1.0,0.5151741293532338,21.570528474573177,161.1059778697089,0.0,0.033202332554105735,"[[3105, 0], [0, 2853]]","[[190, 155], [166, 151]]"
disclosure_x_bias,275,init_knn1,CLD,exponential,884.1085823887021,877.7817095292432,1.0,0.5151741293532338,21.730125876142885,160.84863705345973,0.0,0.033202332554105735,"[[3105, 0], [0, 2853]]","[[190, 155], [166, 151]]"
disclosure_x_bias,276,init_knn1,CLD,exponential,884.1489745978164,877.7944977785677,1.0,0.5151741293532338,21.61288297877719,160.63140162960727,0.0,0.033202332554105735,"[[3105, 0], [0, 2853]]","[[190, 155], [166, 151]]"
disclosure_x_bias,277,init_knn1,CLD,exponential,884.4293012895523,878.198199500284,1.0,0.5151741293532338,21.952617098111944,161.51587218595978,0.0,0.033202332554105735,"[[3105, 0], [0, 2853]]","[[190, 155], [166, 151]]"
disclosure_x_bias,278,init_knn1,CLD,exponential,884.5378172029874,878.0421480834408,1.0,0.5151741293532338,21.64510896106445,160.79278293342495,0.0,0.033202332554105735,"[[3105, 0], [0, 2853]]","[[190, 155], [166, 151]]"
disclosure_x_bias,279,init_knn1,CLD,exponential,884.6925687239527,878.0735911595608,1.0,0.5151741293532338,21.76387434754812,161.15386397864634,0.0,0.033202332554105735,"[[3105, 0], [0, 2853]]","[[190, 155], [166, 151]]"
disclosure_x_bias,280,init_knn1,CLD,exponential,884.7973823010132,878.3138379125487,1.0,0.5151741293532338,21.738472620806476,161.0041310016988,0.0,0.033202332554105735,"[[3105, 0], [0, 2853]]","[[190, 155], [166, 151]]"
disclosure_x_bias,281,init_knn1,CLD,exponential,885.0502375011295,878.3939859255709,1.0,0.5151741293532338,21.7525449038146,161.1823240956772,0.0,0.033202332554105735,"[[3105, 0], [0, 2853]]","[[190, 155], [166, 151]]"
disclosure_x_bias,282,init_knn1,CLD,exponential,885.4138850925353,878.6638199691695,1.0,0.5151741293532338,21.54386651868627,161.08886686770958,0.0,0.033202332554105735,"[[3105, 0], [0, 2853]]","[[190, 155], [166, 151]]"
disclosure_x_bias,283,init_knn1,CLD,exponential,885.4591043964971,878.6032070743425,1.0,0.5151741293532338,21.653932313416963,161.3286478460332,0.0,0.033202332554105735,"[[3105, 0], [0, 2853]]","[[190, 155], [166, 151]]"
disclosure_x_bias,284,init_knn1,CLD,exponential,885.9530067900884,878.9037961254395,1.0,0.5151741293532338,21.853014711723137,161.26791709668197,0.0,0.033202332554105735,"[[3105, 0], [0, 2853]]","[[190, 155], [166, 151]]"
disclosure_x_bias,285,init_knn1,CLD,exponential,886.1334786850703,878.8999302252435,1.0,0.5151741293532338,21.96758609582805,161.5388018211358,0.0,0.033202332554105735,"[[3105, 0], [0, 2853]]","[[190, 155], [166, 151]]"
disclosure_x_bias,286,init_knn1,CLD,exponential,886.2867639656184,879.244106483737,1.0,0.5151741293532338,21.861010942474557,161.282870470329,0.0,0.033202332554105735,"[[3105, 0], [0, 2853]]","[[190, 155], [166, 151]]"
disclosure_x_bias,287,init_knn1,CLD,exponential,886.4079098389591,879.2688570686278,1.0,0.5151741293532338,21.89582255663636,161.18823919406157,0.0,0.033202332554105735,"[[3105, 0], [0, 2853]]","[[190, 155], [166, 151]]"
disclosure_x_bias,288,init_knn1,CLD,exponential,886.5225987831678,879.3073856888101,1.0,0.5151741293532338,21.982511487306194,161.57056858596025,0.0,0.033202332554105735,"[[3105, 0], [0, 2853]]","[[190, 155], [166, 151]]"
disclosure_x_bias,289,init_knn1,CLD,exponential,886.9504133090464,879.5106318762055,1.0,0.5151741293532338,22.658170950048977,161.29616099923774,0.0,0.033202332554105735,"[[3105, 0], [0, 2853]]","[[190, 155], [166, 151]]"
disclosure_x_bias,290,init_knn1,CLD,exponential,886.9387235421106,879.5087165437201,1.0,0.5151741293532338,22.488824894744273,161.44163316106813,0.0,0.033202332554105735,"[[3105, 0], [0, 2853]]","[[190, 155], [166, 151]]"
disclosure_x_bias,291,init_knn1,CLD,exponential,887.1898273779556,879.560722763024,1.0,0.5151741293532338,22.625827034325695,160.85827841805033,0.0,0.033202332554105735,"[[3105, 0], [0, 2853]]","[[190, 155], [166, 151]]"
disclosure_x_bias,292,init_knn1,CLD,exponential,887.1909851139906,879.4051089685352,1.0,0.5151741293532338,22.65269271142076,161.18301119905976,0.0,0.033202332554105735,"[[3105, 0], [0, 2853]]","[[190, 155], [166, 151]]"
disclosure_x_bias,293,init_knn1,CLD,exponential,888.021994063303,879.391328593043,1.0,0.5151741293532338,22.603211830113565,161.2891169149571,0.0,0.033202332554105735,"[[3105, 0], [0, 2853]]","[[190, 155], [166, 151]]"
disclosure_x_bias,294,init_knn1,CLD,exponential,888.0633215054329,879.5476208747565,1.0,0.5151741293532338,22.60795436455757,161.48184053548698,0.0,0.033202332554105735,"[[3105, 0], [0, 2853]]","[[190, 155], [166, 151]]"
disclosure_x_bias,295,init_knn1,CLD,exponential,888.3354290630359,879.8356181844662,1.0,0.5151741293532338,22.62290374211271,161.19255994976808,0.0,0.033202332554105735,"[[3105, 0], [0, 2853]]","[[190, 155], [166, 151]]"
disclosure_x_bias,296,init_knn1,CLD,exponential,888.7060346013456,880.8389448161249,1.0,0.5151741293532338,22.658233914870223,160.9170803365772,0.0,0.033202332554105735,"[[3105, 0], [0, 2853]]","[[190, 155], [166, 151]]"
disclosure_x_bias,297,init_knn1,CLD,exponential,888.7306817784229,880.4883755775242,1.0,0.5151741293532338,22.519750641171797,160.88272682160334,0.0,0.033202332554105735,"[[3105, 0], [0, 2853]]","[[190, 155], [166, 151]]"
disclosure_x_bias,298,init_knn1,CLD,exponential,888.9239816458264,880.5081073312198,1.0,0.5151741293532338,22.640593403772854,161.01179548357084,0.0,0.033202332554105735,"[[3105, 0], [0, 2853]]","[[190, 155], [166, 151]]"
disclosure_x_bias,299,init_knn1,CLD,exponential,889.2191400098405,880.8641631032272,1.0,0.5151741293532338,22.592751196700352,161.28690201793725,0.0,0.033202332554105735,"[[3105, 0], [0, 2853]]","[[190, 155], [166, 151]]"
disclosure_x_bias,300,init_knn1,CLD,exponential,890.1097549956228,881.0295951951687,1.0,0.5151741293532338,22.586669047679543,161.2594191234086,0.0,0.033202332554105735,"[[3105, 0], [0, 2853]]","[[190, 155], [166, 151]]"
disclosure_x_bias,1,init_knn1,N1,log_loss,1.1901107006047788e-07,7.730124990636815,1.0,0.5151741293532338,3.8803399514536554e-11,0.5288059921312618,0.0,0.033202332554105735,"[[3105, 0], [0, 2853]]","[[190, 155], [166, 151]]"
disclosure_x_bias,2,init_knn1,N1,log_loss,1.1883851837037129e-07,7.73093802364432,1.0,0.5151741293532338,6.816413067864612e-11,0.5288423670212298,0.0,0.033202332554105735,"[[3105, 0], [0, 2853]]","[[190, 155], [166, 151]]"
disclosure_x_bias,3,init_knn1,N1,log_loss,1.1868663923256258e-07,7.731669816274388,1.0,0.5151741293532338,9.292333875370826e-11,0.5293346059343557,0.0,0.033202332554105735,"[[3105, 0], [0, 2853]]","[[190, 155], [166, 151]]"
disclosure_x_bias,4,init_knn1,N1,log_loss,1.185442135057983e-07,7.7321798832705095,1.0,0.5151741293532338,1.1526923761992336e-10,0.5289511075667916,0.0,0.033202332554105735,"[[3105, 0], [0, 2853]]","[[190, 155], [166, 151]]"
disclosure_x_bias,5,init_knn1,N1,log_loss,1.1841653337860861e-07,7.732953772899774,1.0,0.5151741293532338,1.3129988579848846e-10,0.5292266835524371,0.0,0.033202332554105735,"[[3105, 0], [0, 2853]]","[[190, 155], [166, 151]]"
disclosure_x_bias,6,init_knn1,N1,log_loss,1.1829300654481654e-07,7.733151025181333,1.0,0.5151741293532338,1.4471419368949383e-10,0.5294759784858605,0.0,0.033202332554105735,"[[3105, 0], [0, 2853]]","[[190, 155], [166, 151]]"
disclosure_x_bias,7,init_knn1,N1,log_loss,1.1817607232795211e-07,7.733584258196602,1.0,0.5151741293532338,1.5991090409202532e-10,0.5295306850436394,0.0,0.033202332554105735,"[[3105, 0], [0, 2853]]","[[190, 155], [166, 151]]"
disclosure_x_bias,8,init_knn1,N1,log_loss,1.1806379625434363e-07,7.73385401543135,1.0,0.5151741293532338,1.7755820595830396e-10,0.529244728187833,0.0,0.033202332554105735,"[[3105, 0], [0, 2853]]","[[190, 155], [166, 151]]"
disclosure_x_bias,9,init_knn1,N1,log_loss,1.1795926421842518e-07,7.734002227881183,1.0,0.5151741293532338,1.8880546000964173e-10,0.5291918006990963,0.0,0.033202332554105735,"[[3105, 0], [0, 2853]]","[[190, 155], [166, 151]]"
disclosure_x_bias,10,init_knn1,N1,log_loss,1.1785835758973497e-07,7.734633572187403,1.0,0.5151741293532338,2.0116642684682476e-10,0.5294713443063065,0.0,0.033202332554105735,"[[3105, 0], [0, 2853]]","[[190, 155], [166, 151]]"
disclosure_x_bias,11,init_knn1,N1,log_loss,1.1776165189863505e-07,7.7348508335341055,1.0,0.5151741293532338,2.1367671735179318e-10,0.5294797785303951,0.0,0.033202332554105735,"[[3105, 0], [0, 2853]]","[[190, 155], [166, 151]]"
disclosure_x_bias,12,init_knn1,N1,log_loss,1.1766572031789588e-07,7.735628551817102,1.0,0.5151741293532338,2.3105251821835034e-10,0.5294564341969128,0.0,0.033202332554105735,"[[3105, 0], [0, 2853]]","[[190, 155], [166, 151]]"
disclosure_x_bias,13,init_knn1,N1,log_loss,1.1757424256753433e-07,7.735671366778902,1.0,0.5151741293532338,2.397916171804938e-10,0.529374429814951,0.0,0.033202332554105735,"[[3105, 0], [0, 2853]]","[[190, 155], [166, 151]]"
disclosure_x_bias,14,init_knn1,N1,log_loss,1.1748526691842556e-07,7.7359724965332575,1.0,0.5151741293532338,2.496703371614732e-10,0.5293379951172053,0.0,0.033202332554105735,"[[3105, 0], [0, 2853]]","[[190, 155], [166, 151]]"
disclosure_x_bias,15,init_knn1,N1,log_loss,1.1739828860823583e-07,7.73606617629422,1.0,0.5151741293532338,2.57371132310167e-10,0.5293024236143885,0.0,0.033202332554105735,"[[3105, 0], [0, 2853]]","[[190, 155], [166, 151]]"
disclosure_x_bias,16,init_knn1,N1,log_loss,1.1731641759105769e-07,7.7362504041981905,1.0,0.5151741293532338,2.6347743395772157e-10,0.5294921334466753,0.0,0.033202332554105735,"[[3105, 0], [0, 2853]]","[[190, 155], [166, 151]]"
disclosure_x_bias,17,init_knn1,N1,log_loss,1.1723491594754463e-07,7.7365979015400965,1.0,0.5151741293532338,2.682651592946476e-10,0.5295942345439053,0.0,0.033202332554105735,"[[3105, 0], [0, 2853]]","[[190, 155], [166, 151]]"
disclosure_x_bias,18,init_knn1,N1,log_loss,1.1715792942102547e-07,7.736358576681641,1.0,0.5151741293532338,2.750530826342825e-10,0.529631225472375,0.0,0.033202332554105735,"[[3105, 0], [0, 2853]]","[[190, 155], [166, 151]]"
disclosure_x_bias,19,init_knn1,N1,log_loss,1.1707634337170812e-07,7.73686611251978,1.0,0.5151741293532338,2.9104608482276133e-10,0.5296222637954301,0.0,0.033202332554105735,"[[3105, 0], [0, 2853]]","[[190, 155], [166, 151]]"
disclosure_x_bias,20,init_knn1,N1,log_loss,1.1700371804375855e-07,7.737397182006964,1.0,0.5151741293532338,2.9729729035663114e-10,0.5297960747990738,0.0,0.033202332554105735,"[[3105, 0], [0, 2853]]","[[190, 155], [166, 151]]"
disclosure_x_bias,21,init_knn1,N1,log_loss,1.1693413710533718e-07,7.7374466377204225,1.0,0.5151741293532338,3.035296935216249e-10,0.5296291884184343,0.0,0.033202332554105735,"[[3105, 0], [0, 2853]]","[[190, 155], [166, 151]]"
disclosure_x_bias,22,init_knn1,N1,log_loss,1.1686456039329914e-07,7.7374488413632445,1.0,0.5151741293532338,3.0951943348332335e-10,0.5296751974795679,0.0,0.033202332554105735,"[[3105, 0], [0, 2853]]","[[190, 155], [166, 151]]"
disclosure_x_bias,23,init_knn1,N1,log_loss,1.1679221133109156e-07,7.7375957516936635,1.0,0.5151741293532338,3.1618590380792203e-10,0.5298089561116381,0.0,0.033202332554105735,"[[3105, 0], [0, 2853]]","[[190, 155], [166, 151]]"
disclosure_x_bias,24,init_knn1,N1,log_loss,1.1671837162542494e-07,7.7378056809847,1.0,0.5151741293532338,3.207970537227836e-10,0.5295381297377113,0.0,0.033202332554105735,"[[3105, 0], [0, 2853]]","[[190, 155], [166, 151]]"
disclosure_x_bias,25,init_knn1,N1,log_loss,1.1664980248119482e-07,7.738092393669857,1.0,0.5151741293532338,3.2230627067038147e-10,0.5295548051986004,0.0,0.033202332554105735,"[[3105, 0], [0, 2853]]","[[190, 155], [166, 151]]"
disclosure_x_bias,26,init_knn1,N1,log_loss,1.165775043150077e-07,7.738476211370698,1.0,0.5151741293532338,3.346166054651429e-10,0.5292946203188846,0.0,0.033202332554105735,"[[3105, 0], [0, 2853]]","[[190, 155], [166, 151]]"
disclosure_x_bias,27,init_knn1,N1,log_loss,1.1651593873026035e-07,7.738594145160873,1.0,0.5151741293532338,3.4002208835768747e-10,0.529467765828562,0.0,0.033202332554105735,"[[3105, 0], [0, 2853]]","[[190, 155], [166, 151]]"
disclosure_x_bias,28,init_knn1,N1,log_loss,1.164548695826424e-07,7.738560785057727,1.0,0.5151741293532338,3.4193345180736595e-10,0.52965268937499,0.0,0.033202332554105735,"[[3105, 0], [0, 2853]]","[[190, 155], [166, 151]]"
disclosure_x_bias,29,init_knn1,N1,log_loss,1.1639641644924387e-07,7.738681720329855,1.0,0.5151741293532338,3.467918185761181e-10,0.5299835121280457,0.0,0.033202332554105735,"[[3105, 0], [0, 2853]]","[[190, 155], [166, 151]]"
disclosure_x_bias,30,init_knn1,N1,log_loss,1.1633399911106448e-07,7.738545888189241,1.0,0.5151741293532338,3.5141918477553767e-10,0.5301847624858576,0.0,0.033202332554105735,"[[3105, 0], [0, 2853]]","[[190, 155], [166, 151]]"
disclosure_x_bias,31,init_knn1,N1,log_loss,1.1627679197223618e-07,7.738709125975385,1.0,0.5151741293532338,3.532014058737961e-10,0.5301701928243061,0.0,0.033202332554105735,"[[3105, 0], [0, 2853]]","[[190, 155], [166, 151]]"
disclosure_x_bias,32,init_knn1,N1,log_loss,1.1621795335653166e-07,7.738672213956957,1.0,0.5151741293532338,3.5911089881850866e-10,0.5302010504041389,0.0,0.033202332554105735,"[[3105, 0], [0, 2853]]","[[190, 155], [166, 151]]"
disclosure_x_bias,33,init_knn1,N1,log_loss,1.1615630599197036e-07,7.738609717451152,1.0,0.5151741293532338,3.634790062918548e-10,0.5302177686678536,0.0,0.033202332554105735,"[[3105, 0], [0, 2853]]","[[190, 155], [166, 151]]"
disclosure_x_bias,34,init_knn1,N1,log_loss,1.1610278839284716e-07,7.739064936704535,1.0,0.5151741293532338,3.66232405641416e-10,0.530542149609326,0.0,0.033202332554105735,"[[3105, 0], [0, 2853]]","[[190, 155], [166, 151]]"
disclosure_x_bias,35,init_knn1,N1,log_loss,1.1604738671595373e-07,7.7391320602532305,1.0,0.5151741293532338,3.656936174389309e-10,0.530674819592825,0.0,0.033202332554105735,"[[3105, 0], [0, 2853]]","[[190, 155], [166, 151]]"
disclosure_x_bias,36,init_knn1,N1,log_loss,1.1599309777923217e-07,7.739402662522027,1.0,0.5151741293532338,3.689967044368319e-10,0.5308056120177247,0.0,0.033202332554105735,"[[3105, 0], [0, 2853]]","[[190, 155], [166, 151]]"
disclosure_x_bias,37,init_knn1,N1,log_loss,1.1594145549155352e-07,7.739463022909954,1.0,0.5151741293532338,3.720579861532098e-10,0.5308409512095722,0.0,0.033202332554105735,"[[3105, 0], [0, 2853]]","[[190, 155], [166, 151]]"
disclosure_x_bias,38,init_knn1,N1,log_loss,1.158878309553985e-07,7.73945460689188,1.0,0.5151741293532338,3.708481650324754e-10,0.5308956661337291,0.0,0.033202332554105735,"[[3105, 0], [0, 2853]]","[[190, 155], [166, 151]]"
disclosure_x_bias,39,init_knn1,N1,log_loss,1.1583360599101247e-07,7.739742143035332,1.0,0.5151741293532338,3.825416724833674e-10,0.5303166476803594,0.0,0.033202332554105735,"[[3105, 0], [0, 2853]]","[[190, 155], [166, 151]]"
disclosure_x_bias,40,init_knn1,N1,log_loss,1.1578011195074476e-07,7.739902841243991,1.0,0.5151741293532338,3.9056636885105005e-10,0.5303933005798306,0.0,0.033202332554105735,"[[3105, 0], [0, 2853]]","[[190, 155], [166, 151]]"
disclosure_x_bias,41,init_knn1,N1,log_loss,1.1573045955153513e-07,7.739865798352591,1.0,0.5151741293532338,3.896628658004785e-10,0.5307021755163663,0.0,0.033202332554105735,"[[3105, 0], [0, 2853]]","[[190, 155], [166, 151]]"
disclosure_x_bias,42,init_knn1,N1,log_loss,1.1567825327658411e-07,7.739996835836787,1.0,0.5151741293532338,3.927322767825754e-10,0.5306264922740972,0.0,0.033202332554105735,"[[3105, 0], [0, 2853]]","[[190, 155], [166, 151]]"
disclosure_x_bias,43,init_knn1,N1,log_loss,1.1563179612156659e-07,7.740001316672831,1.0,0.5151741293532338,3.929602685725245e-10,0.5307588341292616,0.0,0.033202332554105735,"[[3105, 0], [0, 2853]]","[[190, 155], [166, 151]]"
disclosure_x_bias,44,init_knn1,N1,log_loss,1.1558192643950826e-07,7.739894221207935,1.0,0.5151741293532338,3.9732143610834976e-10,0.5307941407397341,0.0,0.033202332554105735,"[[3105, 0], [0, 2853]]","[[190, 155], [166, 151]]"
disclosure_x_bias,45,init_knn1,N1,log_loss,1.1554001642111022e-07,7.7401984247785505,1.0,0.5151741293532338,3.98930524712332e-10,0.5307993958088394,0.0,0.033202332554105735,"[[3105, 0], [0, 2853]]","[[190, 155], [166, 151]]"
disclosure_x_bias,46,init_knn1,N1,log_loss,1.1549341315859706e-07,7.74046227726415,1.0,0.5151741293532338,3.999038041705874e-10,0.530880607792129,0.0,0.033202332554105735,"[[3105, 0], [0, 2853]]","[[190, 155], [166, 151]]"
disclosure_x_bias,47,init_knn1,N1,log_loss,1.154431447140136e-07,7.74087561882232,1.0,0.5151741293532338,4.100398150319257e-10,0.5308690760343803,0.0,0.033202332554105735,"[[3105, 0], [0, 2853]]","[[190, 155], [166, 151]]"
disclosure_x_bias,48,init_knn1,N1,log_loss,1.1539771201898291e-07,7.740830790511157,1.0,0.5151741293532338,4.13610909692791e-10,0.5309504100455895,0.0,0.033202332554105735,"[[3105, 0], [0, 2853]]","[[190, 155], [166, 151]]"
disclosure_x_bias,49,init_knn1,N1,log_loss,1.1535192036114556e-07,7.740855211405297,1.0,0.5151741293532338,4.142804370888062e-10,0.5310712120297368,0.0,0.033202332554105735,"[[3105, 0], [0, 2853]]","[[190, 155], [166, 151]]"
disclosure_x_bias,50,init_knn1,N1,log_loss,1.1530639667759483e-07,7.740883447432607,1.0,0.5151741293532338,4.147727114973279e-10,0.5313156822553831,0.0,0.033202332554105735,"[[3105, 0], [0, 2853]]","[[190, 155], [166, 151]]"
disclosure_x_bias,51,init_knn1,N1,log_loss,1.1526723683312029e-07,7.740867860134371,1.0,0.5151741293532338,4.152975588238323e-10,0.5313884509113143,0.0,0.033202332554105735,"[[3105, 0], [0, 2853]]","[[190, 155], [166, 151]]"
disclosure_x_bias,52,init_knn1,N1,log_loss,1.1522753525028516e-07,7.741042289657034,1.0,0.5151741293532338,4.189792754575993e-10,0.5313230457929982,0.0,0.033202332554105735,"[[3105, 0], [0, 2853]]","[[190, 155], [166, 151]]"
disclosure_x_bias,53,init_knn1,N1,log_loss,1.151864690617003e-07,7.741283175483193,1.0,0.5151741293532338,4.23273328321321e-10,0.5310220579246491,0.0,0.033202332554105735,"[[3105, 0], [0, 2853]]","[[190, 155], [166, 151]]"
disclosure_x_bias,54,init_knn1,N1,log_loss,1.1514393642670195e-07,7.741650905061702,1.0,0.5151741293532338,4.213426132528737e-10,0.5308453635427915,0.0,0.033202332554105735,"[[3105, 0], [0, 2853]]","[[190, 155], [166, 151]]"
disclosure_x_bias,55,init_knn1,N1,log_loss,1.1510555486917093e-07,7.741669545626218,1.0,0.5151741293532338,4.194981815056973e-10,0.5311147521230689,0.0,0.033202332554105735,"[[3105, 0], [0, 2853]]","[[190, 155], [166, 151]]"
disclosure_x_bias,56,init_knn1,N1,log_loss,1.1506345023698271e-07,7.741572898207062,1.0,0.5151741293532338,4.198217124324698e-10,0.5311196887660605,0.0,0.033202332554105735,"[[3105, 0], [0, 2853]]","[[190, 155], [166, 151]]"
disclosure_x_bias,57,init_knn1,N1,log_loss,1.1502756466432218e-07,7.741828378871537,1.0,0.5151741293532338,4.209626910733305e-10,0.5310130845744131,0.0,0.033202332554105735,"[[3105, 0], [0, 2853]]","[[190, 155], [166, 151]]"
disclosure_x_bias,58,init_knn1,N1,log_loss,1.1498642454427678e-07,7.741835979394321,1.0,0.5151741293532338,4.223821298826545e-10,0.531053106281499,0.0,0.033202332554105735,"[[3105, 0], [0, 2853]]","[[190, 155], [166, 151]]"
disclosure_x_bias,59,init_knn1,N1,log_loss,1.1494588784857851e-07,7.741840093457301,1.0,0.5151741293532338,4.2267447702034763e-10,0.5312240969930087,0.0,0.033202332554105735,"[[3105, 0], [0, 2853]]","[[190, 155], [166, 151]]"
disclosure_x_bias,60,init_knn1,N1,log_loss,1.1490447015829101e-07,7.742038398548925,1.0,0.5151741293532338,4.2338452978614745e-10,0.5310753914791234,0.0,0.033202332554105735,"[[3105, 0], [0, 2853]]","[[190, 155], [166, 151]]"
disclosure_x_bias,61,init_knn1,N1,log_loss,1.1486930729373525e-07,7.742236579497899,1.0,0.5151741293532338,4.2481718079903645e-10,0.5312981877830826,0.0,0.033202332554105735,"[[3105, 0], [0, 2853]]","[[190, 155], [166, 151]]"
disclosure_x_bias,62,init_knn1,N1,log_loss,1.1483554914883228e-07,7.742378337428209,1.0,0.5151741293532338,4.2647253620279294e-10,0.5314283463094605,0.0,0.033202332554105735,"[[3105, 0], [0, 2853]]","[[190, 155], [166, 151]]"
disclosure_x_bias,63,init_knn1,N1,log_loss,1.1480222773973115e-07,7.742493366624673,1.0,0.5151741293532338,4.27037151375786e-10,0.5311708636486795,0.0,0.033202332554105735,"[[3105, 0], [0, 2853]]","[[190, 155], [166, 151]]"
disclosure_x_bias,64,init_knn1,N1,log_loss,1.1476692467904408e-07,7.742588442096431,1.0,0.5151741293532338,4.306339848827688e-10,0.5313685734823111,0.0,0.033202332554105735,"[[3105, 0], [0, 2853]]","[[190, 155], [166, 151]]"
disclosure_x_bias,65,init_knn1,N1,log_loss,1.1472841160959244e-07,7.74304127626183,1.0,0.5151741293532338,4.448032238583642e-10,0.5310943844628612,0.0,0.033202332554105735,"[[3105, 0], [0, 2853]]","[[190, 155], [166, 151]]"
disclosure_x_bias,66,init_knn1,N1,log_loss,1.1469422065296683e-07,7.742960165052797,1.0,0.5151741293532338,4.45163782184468e-10,0.5313862789772151,0.0,0.033202332554105735,"[[3105, 0], [0, 2853]]","[[190, 155], [166, 151]]"
disclosure_x_bias,67,init_knn1,N1,log_loss,1.1466137379073932e-07,7.743160943026103,1.0,0.5151741293532338,4.465808315569898e-10,0.5312655026870978,0.0,0.033202332554105735,"[[3105, 0], [0, 2853]]","[[190, 155], [166, 151]]"
disclosure_x_bias,68,init_knn1,N1,log_loss,1.1462782458737438e-07,7.743212723582056,1.0,0.5151741293532338,4.4921644119436183e-10,0.5310521023566614,0.0,0.033202332554105735,"[[3105, 0], [0, 2853]]","[[190, 155], [166, 151]]"
disclosure_x_bias,69,init_knn1,N1,log_loss,1.1459428148335333e-07,7.743368969686062,1.0,0.5151741293532338,4.484358209613681e-10,0.5309262030198494,0.0,0.033202332554105735,"[[3105, 0], [0, 2853]]","[[190, 155], [166, 151]]"
disclosure_x_bias,70,init_knn1,N1,log_loss,1.145611221275464e-07,7.743093412106687,1.0,0.5151741293532338,4.457100788311645e-10,0.5310078176988559,0.0,0.033202332554105735,"[[3105, 0], [0, 2853]]","[[190, 155], [166, 151]]"
disclosure_x_bias,71,init_knn1,N1,log_loss,1.1452571705175178e-07,7.743411008423361,1.0,0.5151741293532338,4.4405796869991555e-10,0.5310969674510866,0.0,0.033202332554105735,"[[3105, 0], [0, 2853]]","[[190, 155], [166, 151]]"
disclosure_x_bias,72,init_knn1,N1,log_loss,1.1448973845418112e-07,7.743293058493698,1.0,0.5151741293532338,4.4468253453132534e-10,0.5310203221468814,0.0,0.033202332554105735,"[[3105, 0], [0, 2853]]","[[190, 155], [166, 151]]"
disclosure_x_bias,73,init_knn1,N1,log_loss,1.1445926191531713e-07,7.743412660457727,1.0,0.5151741293532338,4.4908680267702303e-10,0.5310824547312611,0.0,0.033202332554105735,"[[3105, 0], [0, 2853]]","[[190, 155], [166, 151]]"
disclosure_x_bias,74,init_knn1,N1,log_loss,1.1442947111430669e-07,7.743363812443597,1.0,0.5151741293532338,4.5056046999726867e-10,0.5310706878072674,0.0,0.033202332554105735,"[[3105, 0], [0, 2853]]","[[190, 155], [166, 151]]"
disclosure_x_bias,75,init_knn1,N1,log_loss,1.1440097389465154e-07,7.743470944631122,1.0,0.5151741293532338,4.5199067264755383e-10,0.5310958529320267,0.0,0.033202332554105735,"[[3105, 0], [0, 2853]]","[[190, 155], [166, 151]]"
disclosure_x_bias,76,init_knn1,N1,log_loss,1.1436903116956038e-07,7.743449892581529,1.0,0.5151741293532338,4.5075662771562047e-10,0.5309818840961769,0.0,0.033202332554105735,"[[3105, 0], [0, 2853]]","[[190, 155], [166, 151]]"
disclosure_x_bias,77,init_knn1,N1,log_loss,1.1433913726324841e-07,7.743499407258257,1.0,0.5151741293532338,4.50525999522402e-10,0.5312557038825219,0.0,0.033202332554105735,"[[3105, 0], [0, 2853]]","[[190, 155], [166, 151]]"
disclosure_x_bias,78,init_knn1,N1,log_loss,1.1431161996088796e-07,7.743907201907069,1.0,0.5151741293532338,4.5133990032808184e-10,0.5310571348500054,0.0,0.033202332554105735,"[[3105, 0], [0, 2853]]","[[190, 155], [166, 151]]"
disclosure_x_bias,79,init_knn1,N1,log_loss,1.1426989806382717e-07,7.74418567603319,1.0,0.5151741293532338,4.593074813939451e-10,0.5306546988466676,0.0,0.033202332554105735,"[[3105, 0], [0, 2853]]","[[190, 155], [166, 151]]"
disclosure_x_bias,80,init_knn1,N1,log_loss,1.1423588431056411e-07,7.7441951594544705,1.0,0.5151741293532338,4.6380048621464967e-10,0.5307101662503007,0.0,0.033202332554105735,"[[3105, 0], [0, 2853]]","[[190, 155], [166, 151]]"
disclosure_x_bias,81,init_knn1,N1,log_loss,1.1420745144743707e-07,7.74411258177336,1.0,0.5151741293532338,4.64850224302805e-10,0.5307155259352104,0.0,0.033202332554105735,"[[3105, 0], [0, 2853]]","[[190, 155], [166, 151]]"
disclosure_x_bias,82,init_knn1,N1,log_loss,1.1417994277164935e-07,7.744100230887734,1.0,0.5151741293532338,4.655596667774135e-10,0.530730910898178,0.0,0.033202332554105735,"[[3105, 0], [0, 2853]]","[[190, 155], [166, 151]]"
disclosure_x_bias,83,init_knn1,N1,log_loss,1.1415134872179328e-07,7.744225201262364,1.0,0.5151741293532338,4.669212267249759e-10,0.5306591825648201,0.0,0.033202332554105735,"[[3105, 0], [0, 2853]]","[[190, 155], [166, 151]]"
disclosure_x_bias,84,init_knn1,N1,log_loss,1.1412371079544367e-07,7.744367858491984,1.0,0.5151741293532338,4.684871043812228e-10,0.5309107362621912,0.0,0.033202332554105735,"[[3105, 0], [0, 2853]]","[[190, 155], [166, 151]]"
disclosure_x_bias,85,init_knn1,N1,log_loss,1.1409440170948218e-07,7.74432101917063,1.0,0.5151741293532338,4.739137480801162e-10,0.5307378008202247,0.0,0.033202332554105735,"[[3105, 0], [0, 2853]]","[[190, 155], [166, 151]]"
disclosure_x_bias,86,init_knn1,N1,log_loss,1.1406660841033031e-07,7.744308489600551,1.0,0.5151741293532338,4.759771026539693e-10,0.5305589143811686,0.0,0.033202332554105735,"[[3105, 0], [0, 2853]]","[[190, 155], [166, 151]]"
disclosure_x_bias,87,init_knn1,N1,log_loss,1.1403773291273828e-07,7.744387445011964,1.0,0.5151741293532338,4.732373146962741e-10,0.5306997359309265,0.0,0.033202332554105735,"[[3105, 0], [0, 2853]]","[[190, 155], [166, 151]]"
disclosure_x_bias,88,init_knn1,N1,log_loss,1.1401107733479331e-07,7.74446624124145,1.0,0.5151741293532338,4.736149309587483e-10,0.5309225127616155,0.0,0.033202332554105735,"[[3105, 0], [0, 2853]]","[[190, 155], [166, 151]]"
disclosure_x_bias,89,init_knn1,N1,log_loss,1.1398266183701102e-07,7.744328353616963,1.0,0.5151741293532338,4.752381086113116e-10,0.530936891085691,0.0,0.033202332554105735,"[[3105, 0], [0, 2853]]","[[190, 155], [166, 151]]"
disclosure_x_bias,90,init_knn1,N1,log_loss,1.1395283162431253e-07,7.744543785528352,1.0,0.5151741293532338,4.749102941389217e-10,0.530612649690962,0.0,0.033202332554105735,"[[3105, 0], [0, 2853]]","[[190, 155], [166, 151]]"
disclosure_x_bias,91,init_knn1,N1,log_loss,1.1392686262854158e-07,7.744638495645903,1.0,0.5151741293532338,4.754208276929737e-10,0.530658176197921,0.0,0.033202332554105735,"[[3105, 0], [0, 2853]]","[[190, 155], [166, 151]]"
disclosure_x_bias,92,init_knn1,N1,log_loss,1.1390000205238385e-07,7.744658391286656,1.0,0.5151741293532338,4.715913433020079e-10,0.5306790619200757,0.0,0.033202332554105735,"[[3105, 0], [0, 2853]]","[[190, 155], [166, 151]]"
disclosure_x_bias,93,init_knn1,N1,log_loss,1.1387523420531026e-07,7.745077262591133,1.0,0.5151741293532338,4.733292570059005e-10,0.5305276762269135,0.0,0.033202332554105735,"[[3105, 0], [0, 2853]]","[[190, 155], [166, 151]]"
disclosure_x_bias,94,init_knn1,N1,log_loss,1.1384740781840757e-07,7.744941317561486,1.0,0.5151741293532338,4.795346912012989e-10,0.5305982064496239,0.0,0.033202332554105735,"[[3105, 0], [0, 2853]]","[[190, 155], [166, 151]]"
disclosure_x_bias,95,init_knn1,N1,log_loss,1.1382496822998897e-07,7.7450242188516825,1.0,0.5151741293532338,4.810205989576127e-10,0.5308168646444456,0.0,0.033202332554105735,"[[3105, 0], [0, 2853]]","[[190, 155], [166, 151]]"
disclosure_x_bias,96,init_knn1,N1,log_loss,1.1379930216668741e-07,7.744876801077245,1.0,0.5151741293532338,4.806490337051976e-10,0.5307938383146569,0.0,0.033202332554105735,"[[3105, 0], [0, 2853]]","[[190, 155], [166, 151]]"
disclosure_x_bias,97,init_knn1,N1,log_loss,1.1377281780317242e-07,7.745055236541444,1.0,0.5151741293532338,4.801233074104522e-10,0.530836132886054,0.0,0.033202332554105735,"[[3105, 0], [0, 2853]]","[[190, 155], [166, 151]]"
disclosure_x_bias,98,init_knn1,N1,log_loss,1.1374560417404884e-07,7.745226238969698,1.0,0.5151741293532338,4.791734300918997e-10,0.5308607816279185,0.0,0.033202332554105735,"[[3105, 0], [0, 2853]]","[[190, 155], [166, 151]]"
disclosure_x_bias,99,init_knn1,N1,log_loss,1.1372168268994693e-07,7.745252630671791,1.0,0.5151741293532338,4.798419967217379e-10,0.531047304744841,0.0,0.033202332554105735,"[[3105, 0], [0, 2853]]","[[190, 155], [166, 151]]"
disclosure_x_bias,100,init_knn1,N1,log_loss,1.1369508787478443e-07,7.7452174369367786,1.0,0.5151741293532338,4.803528021973768e-10,0.5309000906498261,0.0,0.033202332554105735,"[[3105, 0], [0, 2853]]","[[190, 155], [166, 151]]"
disclosure_x_bias,101,init_knn1,N1,log_loss,1.1366942739698082e-07,7.7451681742951966,1.0,0.5151741293532338,4.798775742984365e-10,0.5307768657339151,0.0,0.033202332554105735,"[[3105, 0], [0, 2853]]","[[190, 155], [166, 151]]"
disclosure_x_bias,102,init_knn1,N1,log_loss,1.1363956998966769e-07,7.745537392380163,1.0,0.5151741293532338,4.85790189042251e-10,0.5305737488822715,0.0,0.033202332554105735,"[[3105, 0], [0, 2853]]","[[190, 155], [166, 151]]"
disclosure_x_bias,103,init_knn1,N1,log_loss,1.1361476841440799e-07,7.745708590186213,1.0,0.5151741293532338,4.853689938534356e-10,0.5306971855317009,0.0,0.033202332554105735,"[[3105, 0], [0, 2853]]","[[190, 155], [166, 151]]"
disclosure_x_bias,104,init_knn1,N1,log_loss,1.135867259638173e-07,7.74561402465554,1.0,0.5151741293532338,4.873271901151462e-10,0.5307271025848155,0.0,0.033202332554105735,"[[3105, 0], [0, 2853]]","[[190, 155], [166, 151]]"
disclosure_x_bias,105,init_knn1,N1,log_loss,1.1356499664951362e-07,7.745641256003071,1.0,0.5151741293532338,4.873272357231878e-10,0.5307516393368907,0.0,0.033202332554105735,"[[3105, 0], [0, 2853]]","[[190, 155], [166, 151]]"
disclosure_x_bias,106,init_knn1,N1,log_loss,1.1354430196441894e-07,7.745636403788569,1.0,0.5151741293532338,4.875456678540433e-10,0.5305740894197633,0.0,0.033202332554105735,"[[3105, 0], [0, 2853]]","[[190, 155], [166, 151]]"
disclosure_x_bias,107,init_knn1,N1,log_loss,1.1352277630799938e-07,7.745900952673409,1.0,0.5151741293532338,4.878098128329747e-10,0.5304918332891879,0.0,0.033202332554105735,"[[3105, 0], [0, 2853]]","[[190, 155], [166, 151]]"
disclosure_x_bias,108,init_knn1,N1,log_loss,1.1349982646006879e-07,7.746143610282258,1.0,0.5151741293532338,4.884205251885084e-10,0.5304200841307736,0.0,0.033202332554105735,"[[3105, 0], [0, 2853]]","[[190, 155], [166, 151]]"
disclosure_x_bias,109,init_knn1,N1,log_loss,1.1347521937710953e-07,7.7463082978827655,1.0,0.5151741293532338,4.924917664528557e-10,0.53043241481295,0.0,0.033202332554105735,"[[3105, 0], [0, 2853]]","[[190, 155], [166, 151]]"
disclosure_x_bias,110,init_knn1,N1,log_loss,1.134527095441149e-07,7.746430751684993,1.0,0.5151741293532338,4.928795893200501e-10,0.5305232513749492,0.0,0.033202332554105735,"[[3105, 0], [0, 2853]]","[[190, 155], [166, 151]]"
disclosure_x_bias,111,init_knn1,N1,log_loss,1.1342950561246136e-07,7.746647134369749,1.0,0.5151741293532338,4.977407695282575e-10,0.5303176470639317,0.0,0.033202332554105735,"[[3105, 0], [0, 2853]]","[[190, 155], [166, 151]]"
disclosure_x_bias,112,init_knn1,N1,log_loss,1.1340712395355339e-07,7.746728073831212,1.0,0.5151741293532338,4.962672213892151e-10,0.5303227884845325,0.0,0.033202332554105735,"[[3105, 0], [0, 2853]]","[[190, 155], [166, 151]]"
disclosure_x_bias,113,init_knn1,N1,log_loss,1.1338565371937798e-07,7.746764887885824,1.0,0.5151741293532338,4.96034219295965e-10,0.530535644907824,0.0,0.033202332554105735,"[[3105, 0], [0, 2853]]","[[190, 155], [166, 151]]"
disclosure_x_bias,114,init_knn1,N1,log_loss,1.1336640026969572e-07,7.746728351274035,1.0,0.5151741293532338,4.9708412179292e-10,0.5304341466961973,0.0,0.033202332554105735,"[[3105, 0], [0, 2853]]","[[190, 155], [166, 151]]"
disclosure_x_bias,115,init_knn1,N1,log_loss,1.1334418737594787e-07,7.746683874849053,1.0,0.5151741293532338,5.006102564025311e-10,0.5305918171935673,0.0,0.033202332554105735,"[[3105, 0], [0, 2853]]","[[190, 155], [166, 151]]"
disclosure_x_bias,116,init_knn1,N1,log_loss,1.133233658665988e-07,7.746788423750199,1.0,0.5151741293532338,5.007345483086175e-10,0.5308843849712287,0.0,0.033202332554105735,"[[3105, 0], [0, 2853]]","[[190, 155], [166, 151]]"
disclosure_x_bias,117,init_knn1,N1,log_loss,1.1330398743017334e-07,7.746877184092251,1.0,0.5151741293532338,5.013604785861878e-10,0.5306627670651474,0.0,0.033202332554105735,"[[3105, 0], [0, 2853]]","[[190, 155], [166, 151]]"
disclosure_x_bias,118,init_knn1,N1,log_loss,1.1328202066151149e-07,7.74689320275313,1.0,0.5151741293532338,5.013550678474533e-10,0.5307017964109007,0.0,0.033202332554105735,"[[3105, 0], [0, 2853]]","[[190, 155], [166, 151]]"
disclosure_x_bias,119,init_knn1,N1,log_loss,1.1326020806352502e-07,7.746973972843111,1.0,0.5151741293532338,5.011608439571204e-10,0.5307354726308867,0.0,0.033202332554105735,"[[3105, 0], [0, 2853]]","[[190, 155], [166, 151]]"
disclosure_x_bias,120,init_knn1,N1,log_loss,1.1323615605261773e-07,7.747067773433166,1.0,0.5151741293532338,4.989963457214793e-10,0.5309314648234026,0.0,0.033202332554105735,"[[3105, 0], [0, 2853]]","[[190, 155], [166, 151]]"
disclosure_x_bias,121,init_knn1,N1,log_loss,1.1321077169507588e-07,7.747057230568591,1.0,0.5151741293532338,5.023674420334971e-10,0.5311207011501262,0.0,0.033202332554105735,"[[3105, 0], [0, 2853]]","[[190, 155], [166, 151]]"
disclosure_x_bias,122,init_knn1,N1,log_loss,1.1318849606321581e-07,7.7470484348822195,1.0,0.5151741293532338,5.044523631006662e-10,0.5310764312466438,0.0,0.033202332554105735,"[[3105, 0], [0, 2853]]","[[190, 155], [166, 151]]"
disclosure_x_bias,123,init_knn1,N1,log_loss,1.1316881501329438e-07,7.747073014738794,1.0,0.5151741293532338,5.037044529382294e-10,0.5312021127682114,0.0,0.033202332554105735,"[[3105, 0], [0, 2853]]","[[190, 155], [166, 151]]"
disclosure_x_bias,124,init_knn1,N1,log_loss,1.1314785390772905e-07,7.747115860728132,1.0,0.5151741293532338,5.034944458749586e-10,0.531296622255588,0.0,0.033202332554105735,"[[3105, 0], [0, 2853]]","[[190, 155], [166, 151]]"
disclosure_x_bias,125,init_knn1,N1,log_loss,1.1312913011022364e-07,7.7471926136011735,1.0,0.5151741293532338,5.039563846827386e-10,0.5313209916675237,0.0,0.033202332554105735,"[[3105, 0], [0, 2853]]","[[190, 155], [166, 151]]"
disclosure_x_bias,126,init_knn1,N1,log_loss,1.1311103997320897e-07,7.74726432584824,1.0,0.5151741293532338,5.045501782510162e-10,0.5314320109591611,0.0,0.033202332554105735,"[[3105, 0], [0, 2853]]","[[190, 155], [166, 151]]"
disclosure_x_bias,127,init_knn1,N1,log_loss,1.1309241872704591e-07,7.747122208575464,1.0,0.5151741293532338,5.045709768433762e-10,0.531385259248661,0.0,0.033202332554105735,"[[3105, 0], [0, 2853]]","[[190, 155], [166, 151]]"
disclosure_x_bias,128,init_knn1,N1,log_loss,1.1307370242236133e-07,7.747169047323919,1.0,0.5151741293532338,5.048109737341633e-10,0.5313109263961748,0.0,0.033202332554105735,"[[3105, 0], [0, 2853]]","[[190, 155], [166, 151]]"
disclosure_x_bias,129,init_knn1,N1,log_loss,1.1305475056067114e-07,7.746941091392772,1.0,0.5151741293532338,5.043782354270734e-10,0.531312411659159,0.0,0.033202332554105735,"[[3105, 0], [0, 2853]]","[[190, 155], [166, 151]]"
disclosure_x_bias,130,init_knn1,N1,log_loss,1.1303293027971361e-07,7.746931081706267,1.0,0.5151741293532338,4.99086669814921e-10,0.5311760062448081,0.0,0.033202332554105735,"[[3105, 0], [0, 2853]]","[[190, 155], [166, 151]]"
disclosure_x_bias,131,init_knn1,N1,log_loss,1.1301240152091794e-07,7.7470321874188866,1.0,0.5151741293532338,4.982802182813688e-10,0.5314353873237332,0.0,0.033202332554105735,"[[3105, 0], [0, 2853]]","[[190, 155], [166, 151]]"
disclosure_x_bias,132,init_knn1,N1,log_loss,1.1299186529837675e-07,7.747013660639792,1.0,0.5151741293532338,4.972488960307433e-10,0.5313868890785299,0.0,0.033202332554105735,"[[3105, 0], [0, 2853]]","[[190, 155], [166, 151]]"
disclosure_x_bias,133,init_knn1,N1,log_loss,1.1297085287699351e-07,7.74717008268162,1.0,0.5151741293532338,4.97295214958437e-10,0.5313901292216965,0.0,0.033202332554105735,"[[3105, 0], [0, 2853]]","[[190, 155], [166, 151]]"
disclosure_x_bias,134,init_knn1,N1,log_loss,1.1295142218703643e-07,7.746969577248743,1.0,0.5151741293532338,4.98332497545768e-10,0.5313380264966967,0.0,0.033202332554105735,"[[3105, 0], [0, 2853]]","[[190, 155], [166, 151]]"
disclosure_x_bias,135,init_knn1,N1,log_loss,1.1292597551899113e-07,7.746910041384503,1.0,0.5151741293532338,5.019720781185939e-10,0.5314311483459311,0.0,0.033202332554105735,"[[3105, 0], [0, 2853]]","[[190, 155], [166, 151]]"
disclosure_x_bias,136,init_knn1,N1,log_loss,1.1290684192407188e-07,7.747119537063389,1.0,0.5151741293532338,5.01405650118775e-10,0.5315470093468679,0.0,0.033202332554105735,"[[3105, 0], [0, 2853]]","[[190, 155], [166, 151]]"
disclosure_x_bias,137,init_knn1,N1,log_loss,1.128837838268134e-07,7.747301704764228,1.0,0.5151741293532338,5.101506163947361e-10,0.5312549343600509,0.0,0.033202332554105735,"[[3105, 0], [0, 2853]]","[[190, 155], [166, 151]]"
disclosure_x_bias,138,init_knn1,N1,log_loss,1.1286615776392045e-07,7.7473536207993146,1.0,0.5151741293532338,5.104580231272127e-10,0.5313970571629648,0.0,0.033202332554105735,"[[3105, 0], [0, 2853]]","[[190, 155], [166, 151]]"
disclosure_x_bias,139,init_knn1,N1,log_loss,1.1284600116211478e-07,7.747362637296521,1.0,0.5151741293532338,5.110021145191073e-10,0.530995767921327,0.0,0.033202332554105735,"[[3105, 0], [0, 2853]]","[[190, 155], [166, 151]]"
disclosure_x_bias,140,init_knn1,N1,log_loss,1.1282701406922531e-07,7.747427138235146,1.0,0.5151741293532338,5.114747697615241e-10,0.5312922768945472,0.0,0.033202332554105735,"[[3105, 0], [0, 2853]]","[[190, 155], [166, 151]]"
disclosure_x_bias,141,init_knn1,N1,log_loss,1.1280965915591465e-07,7.747276613970247,1.0,0.5151741293532338,5.114501815155084e-10,0.5312373047497353,0.0,0.033202332554105735,"[[3105, 0], [0, 2853]]","[[190, 155], [166, 151]]"
disclosure_x_bias,142,init_knn1,N1,log_loss,1.1278985330922877e-07,7.747370428243282,1.0,0.5151741293532338,5.109730955661247e-10,0.5313404446986753,0.0,0.033202332554105735,"[[3105, 0], [0, 2853]]","[[190, 155], [166, 151]]"
disclosure_x_bias,143,init_knn1,N1,log_loss,1.1277247987343562e-07,7.747382519620366,1.0,0.5151741293532338,5.111248156709243e-10,0.5312324702709097,0.0,0.033202332554105735,"[[3105, 0], [0, 2853]]","[[190, 155], [166, 151]]"
disclosure_x_bias,144,init_knn1,N1,log_loss,1.1275426896841572e-07,7.74746145522266,1.0,0.5151741293532338,5.118785265935402e-10,0.5313814130886728,0.0,0.033202332554105735,"[[3105, 0], [0, 2853]]","[[190, 155], [166, 151]]"
disclosure_x_bias,145,init_knn1,N1,log_loss,1.1273292353903677e-07,7.747395898144077,1.0,0.5151741293532338,5.084677329294498e-10,0.5312497298458806,0.0,0.033202332554105735,"[[3105, 0], [0, 2853]]","[[190, 155], [166, 151]]"
disclosure_x_bias,146,init_knn1,N1,log_loss,1.1271161141125022e-07,7.747290606850631,1.0,0.5151741293532338,5.124386658578414e-10,0.5315985652037919,0.0,0.033202332554105735,"[[3105, 0], [0, 2853]]","[[190, 155], [166, 151]]"
disclosure_x_bias,147,init_knn1,N1,log_loss,1.1269240612014543e-07,7.747268623288818,1.0,0.5151741293532338,5.164713626059988e-10,0.5315661822094475,0.0,0.033202332554105735,"[[3105, 0], [0, 2853]]","[[190, 155], [166, 151]]"
disclosure_x_bias,148,init_knn1,N1,log_loss,1.1267555866337195e-07,7.747394243624152,1.0,0.5151741293532338,5.162905059517181e-10,0.5316651896436169,0.0,0.033202332554105735,"[[3105, 0], [0, 2853]]","[[190, 155], [166, 151]]"
disclosure_x_bias,149,init_knn1,N1,log_loss,1.1265658892907528e-07,7.7474695165918375,1.0,0.5151741293532338,5.149161541985766e-10,0.5316164929956803,0.0,0.033202332554105735,"[[3105, 0], [0, 2853]]","[[190, 155], [166, 151]]"
disclosure_x_bias,150,init_knn1,N1,log_loss,1.1263450917505134e-07,7.747395337088956,1.0,0.5151741293532338,5.133251658059871e-10,0.5315832203160775,0.0,0.033202332554105735,"[[3105, 0], [0, 2853]]","[[190, 155], [166, 151]]"
disclosure_x_bias,151,init_knn1,N1,log_loss,1.1261605662011409e-07,7.747523379039757,1.0,0.5151741293532338,5.123224834221831e-10,0.5315660462150356,0.0,0.033202332554105735,"[[3105, 0], [0, 2853]]","[[190, 155], [166, 151]]"
disclosure_x_bias,152,init_knn1,N1,log_loss,1.1259784070897662e-07,7.747556397960119,1.0,0.5151741293532338,5.113161532211795e-10,0.5316600955841452,0.0,0.033202332554105735,"[[3105, 0], [0, 2853]]","[[190, 155], [166, 151]]"
disclosure_x_bias,153,init_knn1,N1,log_loss,1.1257874301905633e-07,7.747698139194496,1.0,0.5151741293532338,5.089725887543059e-10,0.5316791027572035,0.0,0.033202332554105735,"[[3105, 0], [0, 2853]]","[[190, 155], [166, 151]]"
disclosure_x_bias,154,init_knn1,N1,log_loss,1.1256100351784313e-07,7.7479277601806285,1.0,0.5151741293532338,5.086696102902734e-10,0.5318378056137627,0.0,0.033202332554105735,"[[3105, 0], [0, 2853]]","[[190, 155], [166, 151]]"
disclosure_x_bias,155,init_knn1,N1,log_loss,1.1254437819789805e-07,7.747785970368445,1.0,0.5151741293532338,5.093433169600007e-10,0.5317664330773405,0.0,0.033202332554105735,"[[3105, 0], [0, 2853]]","[[190, 155], [166, 151]]"
disclosure_x_bias,156,init_knn1,N1,log_loss,1.1252621678531614e-07,7.7478275757711215,1.0,0.5151741293532338,5.094275815294697e-10,0.531811290599654,0.0,0.033202332554105735,"[[3105, 0], [0, 2853]]","[[190, 155], [166, 151]]"
disclosure_x_bias,157,init_knn1,N1,log_loss,1.1250884716159548e-07,7.747850150347871,1.0,0.5151741293532338,5.105752652329893e-10,0.531943423483878,0.0,0.033202332554105735,"[[3105, 0], [0, 2853]]","[[190, 155], [166, 151]]"
disclosure_x_bias,158,init_knn1,N1,log_loss,1.1248989328243299e-07,7.747769669044457,1.0,0.5151741293532338,5.115027725759181e-10,0.5318439790896744,0.0,0.033202332554105735,"[[3105, 0], [0, 2853]]","[[190, 155], [166, 151]]"
disclosure_x_bias,159,init_knn1,N1,log_loss,1.1247148670381854e-07,7.747761094390327,1.0,0.5151741293532338,5.112317216526871e-10,0.5319233977512516,0.0,0.033202332554105735,"[[3105, 0], [0, 2853]]","[[190, 155], [166, 151]]"
disclosure_x_bias,160,init_knn1,N1,log_loss,1.1245226051919175e-07,7.747830595734472,1.0,0.5151741293532338,5.110455297640964e-10,0.5319044800196123,0.0,0.033202332554105735,"[[3105, 0], [0, 2853]]","[[190, 155], [166, 151]]"
disclosure_x_bias,161,init_knn1,N1,log_loss,1.1243575228241867e-07,7.747881305372793,1.0,0.5151741293532338,5.107675876567203e-10,0.5319442113408456,0.0,0.033202332554105735,"[[3105, 0], [0, 2853]]","[[190, 155], [166, 151]]"
disclosure_x_bias,162,init_knn1,N1,log_loss,1.1241920147936036e-07,7.7479013954591025,1.0,0.5151741293532338,5.107301566560944e-10,0.5320437770865157,0.0,0.033202332554105735,"[[3105, 0], [0, 2853]]","[[190, 155], [166, 151]]"
disclosure_x_bias,163,init_knn1,N1,log_loss,1.1240045116868162e-07,7.7479065972497505,1.0,0.5151741293532338,5.145398058933452e-10,0.5321415948218933,0.0,0.033202332554105735,"[[3105, 0], [0, 2853]]","[[190, 155], [166, 151]]"
disclosure_x_bias,164,init_knn1,N1,log_loss,1.1238425749693411e-07,7.748022794844507,1.0,0.5151741293532338,5.144366954492369e-10,0.5321722561976588,0.0,0.033202332554105735,"[[3105, 0], [0, 2853]]","[[190, 155], [166, 151]]"
disclosure_x_bias,165,init_knn1,N1,log_loss,1.1236813366469315e-07,7.74785787214868,1.0,0.5151741293532338,5.144386247787983e-10,0.5321650202123135,0.0,0.033202332554105735,"[[3105, 0], [0, 2853]]","[[190, 155], [166, 151]]"
disclosure_x_bias,166,init_knn1,N1,log_loss,1.12347282617356e-07,7.747906866116189,1.0,0.5151741293532338,5.12234422685119e-10,0.5320512031698005,0.0,0.033202332554105735,"[[3105, 0], [0, 2853]]","[[190, 155], [166, 151]]"
disclosure_x_bias,167,init_knn1,N1,log_loss,1.1233135106196062e-07,7.74790532146424,1.0,0.5151741293532338,5.123043232104133e-10,0.5319374559551938,0.0,0.033202332554105735,"[[3105, 0], [0, 2853]]","[[190, 155], [166, 151]]"
disclosure_x_bias,168,init_knn1,N1,log_loss,1.123148640067154e-07,7.748058690361726,1.0,0.5151741293532338,5.124259333417702e-10,0.5316700810417109,0.0,0.033202332554105735,"[[3105, 0], [0, 2853]]","[[190, 155], [166, 151]]"
disclosure_x_bias,169,init_knn1,N1,log_loss,1.1229905006975638e-07,7.7480924547996395,1.0,0.5151741293532338,5.12248913091632e-10,0.5318233347156769,0.0,0.033202332554105735,"[[3105, 0], [0, 2853]]","[[190, 155], [166, 151]]"
disclosure_x_bias,170,init_knn1,N1,log_loss,1.1228108170904003e-07,7.74807478180153,1.0,0.5151741293532338,5.108450855805592e-10,0.5316362039230973,0.0,0.033202332554105735,"[[3105, 0], [0, 2853]]","[[190, 155], [166, 151]]"
disclosure_x_bias,171,init_knn1,N1,log_loss,1.1226475668987422e-07,7.7482726274194444,1.0,0.5151741293532338,5.11347405101897e-10,0.5318944872506803,0.0,0.033202332554105735,"[[3105, 0], [0, 2853]]","[[190, 155], [166, 151]]"
disclosure_x_bias,172,init_knn1,N1,log_loss,1.1224853323547122e-07,7.748058004408655,1.0,0.5151741293532338,5.11852099604939e-10,0.531784118210965,0.0,0.033202332554105735,"[[3105, 0], [0, 2853]]","[[190, 155], [166, 151]]"
disclosure_x_bias,173,init_knn1,N1,log_loss,1.1222902261065054e-07,7.748210660408253,1.0,0.5151741293532338,5.113839031017665e-10,0.5318198686010882,0.0,0.033202332554105735,"[[3105, 0], [0, 2853]]","[[190, 155], [166, 151]]"
disclosure_x_bias,174,init_knn1,N1,log_loss,1.1221253181675113e-07,7.748117922032367,1.0,0.5151741293532338,5.110856670411869e-10,0.5319376286859732,0.0,0.033202332554105735,"[[3105, 0], [0, 2853]]","[[190, 155], [166, 151]]"
disclosure_x_bias,175,init_knn1,N1,log_loss,1.1219673840656807e-07,7.748145788068891,1.0,0.5151741293532338,5.108872630382709e-10,0.5318831258571632,0.0,0.033202332554105735,"[[3105, 0], [0, 2853]]","[[190, 155], [166, 151]]"
disclosure_x_bias,176,init_knn1,N1,log_loss,1.1217934217120031e-07,7.7480894371799565,1.0,0.5151741293532338,5.095050438856463e-10,0.531850909107042,0.0,0.033202332554105735,"[[3105, 0], [0, 2853]]","[[190, 155], [166, 151]]"
disclosure_x_bias,177,init_knn1,N1,log_loss,1.1216320469343385e-07,7.748219394038213,1.0,0.5151741293532338,5.092782124727448e-10,0.5319162096898361,0.0,0.033202332554105735,"[[3105, 0], [0, 2853]]","[[190, 155], [166, 151]]"
disclosure_x_bias,178,init_knn1,N1,log_loss,1.1214508894868718e-07,7.748314048526579,1.0,0.5151741293532338,5.110052874856269e-10,0.531845910786144,0.0,0.033202332554105735,"[[3105, 0], [0, 2853]]","[[190, 155], [166, 151]]"
disclosure_x_bias,179,init_knn1,N1,log_loss,1.1212657036526367e-07,7.748356632590308,1.0,0.5151741293532338,5.123016398824207e-10,0.5319613765972028,0.0,0.033202332554105735,"[[3105, 0], [0, 2853]]","[[190, 155], [166, 151]]"
disclosure_x_bias,180,init_knn1,N1,log_loss,1.1210914275164597e-07,7.748422758791523,1.0,0.5151741293532338,5.129435344389018e-10,0.5319494882822006,0.0,0.033202332554105735,"[[3105, 0], [0, 2853]]","[[190, 155], [166, 151]]"
disclosure_x_bias,181,init_knn1,N1,log_loss,1.1209374578981389e-07,7.748544162707974,1.0,0.5151741293532338,5.130935190522234e-10,0.5320980759425916,0.0,0.033202332554105735,"[[3105, 0], [0, 2853]]","[[190, 155], [166, 151]]"
disclosure_x_bias,182,init_knn1,N1,log_loss,1.1207712041406118e-07,7.74845768378824,1.0,0.5151741293532338,5.110484319678508e-10,0.5319918809921923,0.0,0.033202332554105735,"[[3105, 0], [0, 2853]]","[[190, 155], [166, 151]]"
disclosure_x_bias,183,init_knn1,N1,log_loss,1.1206203102679956e-07,7.7486725814478365,1.0,0.5151741293532338,5.11634222501743e-10,0.5321568187135924,0.0,0.033202332554105735,"[[3105, 0], [0, 2853]]","[[190, 155], [166, 151]]"
disclosure_x_bias,184,init_knn1,N1,log_loss,1.1204533327007083e-07,7.748603654479888,1.0,0.5151741293532338,5.125880787062105e-10,0.5321046418627624,0.0,0.033202332554105735,"[[3105, 0], [0, 2853]]","[[190, 155], [166, 151]]"
disclosure_x_bias,185,init_knn1,N1,log_loss,1.1203045626692122e-07,7.748608806800331,1.0,0.5151741293532338,5.129082638506666e-10,0.5321826299733661,0.0,0.033202332554105735,"[[3105, 0], [0, 2853]]","[[190, 155], [166, 151]]"
disclosure_x_bias,186,init_knn1,N1,log_loss,1.1201540806156168e-07,7.748566179705648,1.0,0.5151741293532338,5.134530517683905e-10,0.5322762448167789,0.0,0.033202332554105735,"[[3105, 0], [0, 2853]]","[[190, 155], [166, 151]]"
disclosure_x_bias,187,init_knn1,N1,log_loss,1.1199674634537345e-07,7.749028968005824,1.0,0.5151741293532338,5.227245618866993e-10,0.5321332445368631,0.0,0.033202332554105735,"[[3105, 0], [0, 2853]]","[[190, 155], [166, 151]]"
disclosure_x_bias,188,init_knn1,N1,log_loss,1.119817080658275e-07,7.74885680588889,1.0,0.5151741293532338,5.22894936692407e-10,0.5321109165664574,0.0,0.033202332554105735,"[[3105, 0], [0, 2853]]","[[190, 155], [166, 151]]"
disclosure_x_bias,189,init_knn1,N1,log_loss,1.1196244839707845e-07,7.748854040356544,1.0,0.5151741293532338,5.180876801503453e-10,0.532215160067635,0.0,0.033202332554105735,"[[3105, 0], [0, 2853]]","[[190, 155], [166, 151]]"
disclosure_x_bias,190,init_knn1,N1,log_loss,1.1194535302589272e-07,7.748915590201564,1.0,0.5151741293532338,5.162489612849978e-10,0.5322106924468084,0.0,0.033202332554105735,"[[3105, 0], [0, 2853]]","[[190, 155], [166, 151]]"
disclosure_x_bias,191,init_knn1,N1,log_loss,1.1192854982323622e-07,7.749013531592402,1.0,0.5151741293532338,5.175906890873266e-10,0.5323610201017175,0.0,0.033202332554105735,"[[3105, 0], [0, 2853]]","[[190, 155], [166, 151]]"
disclosure_x_bias,192,init_knn1,N1,log_loss,1.1191347930753615e-07,7.748784996724474,1.0,0.5151741293532338,5.182238908371039e-10,0.5322611034148965,0.0,0.033202332554105735,"[[3105, 0], [0, 2853]]","[[190, 155], [166, 151]]"
disclosure_x_bias,193,init_knn1,N1,log_loss,1.118989097957157e-07,7.748996182071904,1.0,0.5151741293532338,5.182852856921693e-10,0.5323082517044071,0.0,0.033202332554105735,"[[3105, 0], [0, 2853]]","[[190, 155], [166, 151]]"
disclosure_x_bias,194,init_knn1,N1,log_loss,1.1188357761422536e-07,7.748925462218997,1.0,0.5151741293532338,5.176007522227101e-10,0.5323268163682812,0.0,0.033202332554105735,"[[3105, 0], [0, 2853]]","[[190, 155], [166, 151]]"
disclosure_x_bias,195,init_knn1,N1,log_loss,1.1186772163451251e-07,7.7490767866814085,1.0,0.5151741293532338,5.175960199583681e-10,0.5322789841522038,0.0,0.033202332554105735,"[[3105, 0], [0, 2853]]","[[190, 155], [166, 151]]"
disclosure_x_bias,196,init_knn1,N1,log_loss,1.1185144304355975e-07,7.748948676194422,1.0,0.5151741293532338,5.171586951392492e-10,0.5322851725571124,0.0,0.033202332554105735,"[[3105, 0], [0, 2853]]","[[190, 155], [166, 151]]"
disclosure_x_bias,197,init_knn1,N1,log_loss,1.1183264746062457e-07,7.748822942125737,1.0,0.5151741293532338,5.18089836194468e-10,0.5322423683538552,0.0,0.033202332554105735,"[[3105, 0], [0, 2853]]","[[190, 155], [166, 151]]"
disclosure_x_bias,198,init_knn1,N1,log_loss,1.1181670854444779e-07,7.748681196540798,1.0,0.5151741293532338,5.187408933047137e-10,0.5323479374912478,0.0,0.033202332554105735,"[[3105, 0], [0, 2853]]","[[190, 155], [166, 151]]"
disclosure_x_bias,199,init_knn1,N1,log_loss,1.1180176960335423e-07,7.748836205862571,1.0,0.5151741293532338,5.1915297028083e-10,0.5322402420589616,0.0,0.033202332554105735,"[[3105, 0], [0, 2853]]","[[190, 155], [166, 151]]"
disclosure_x_bias,200,init_knn1,N1,log_loss,1.117830938871562e-07,7.748796872923522,1.0,0.5151741293532338,5.187314958062254e-10,0.5323287325455207,0.0,0.033202332554105735,"[[3105, 0], [0, 2853]]","[[190, 155], [166, 151]]"
disclosure_x_bias,201,init_knn1,N1,log_loss,1.1176912566828326e-07,7.74886773949873,1.0,0.5151741293532338,5.186257917597662e-10,0.5323971092461555,0.0,0.033202332554105735,"[[3105, 0], [0, 2853]]","[[190, 155], [166, 151]]"
disclosure_x_bias,202,init_knn1,N1,log_loss,1.1175375029079441e-07,7.748950402142478,1.0,0.5151741293532338,5.175201069265261e-10,0.5323880622104323,0.0,0.033202332554105735,"[[3105, 0], [0, 2853]]","[[190, 155], [166, 151]]"
disclosure_x_bias,203,init_knn1,N1,log_loss,1.1173818249621009e-07,7.748790470573839,1.0,0.5151741293532338,5.169925228945732e-10,0.5323632952725091,0.0,0.033202332554105735,"[[3105, 0], [0, 2853]]","[[190, 155], [166, 151]]"
disclosure_x_bias,204,init_knn1,N1,log_loss,1.1172425137932502e-07,7.748704133298038,1.0,0.5151741293532338,5.171176581695353e-10,0.5325393436391777,0.0,0.033202332554105735,"[[3105, 0], [0, 2853]]","[[190, 155], [166, 151]]"
disclosure_x_bias,205,init_knn1,N1,log_loss,1.1170775434726391e-07,7.748832551154145,1.0,0.5151741293532338,5.190688504219404e-10,0.5324279351529386,0.0,0.033202332554105735,"[[3105, 0], [0, 2853]]","[[190, 155], [166, 151]]"
disclosure_x_bias,206,init_knn1,N1,log_loss,1.1169284478921833e-07,7.748857790897643,1.0,0.5151741293532338,5.196626905668876e-10,0.5324994632422315,0.0,0.033202332554105735,"[[3105, 0], [0, 2853]]","[[190, 155], [166, 151]]"
disclosure_x_bias,207,init_knn1,N1,log_loss,1.1167896834690869e-07,7.749062992980917,1.0,0.5151741293532338,5.198477293868603e-10,0.5325358095249042,0.0,0.033202332554105735,"[[3105, 0], [0, 2853]]","[[190, 155], [166, 151]]"
disclosure_x_bias,208,init_knn1,N1,log_loss,1.1166539555032356e-07,7.748891355975308,1.0,0.5151741293532338,5.201030029958238e-10,0.5323793251162388,0.0,0.033202332554105735,"[[3105, 0], [0, 2853]]","[[190, 155], [166, 151]]"
disclosure_x_bias,209,init_knn1,N1,log_loss,1.1164981742872919e-07,7.749086033245755,1.0,0.5151741293532338,5.21676752330901e-10,0.5322629586042488,0.0,0.033202332554105735,"[[3105, 0], [0, 2853]]","[[190, 155], [166, 151]]"
disclosure_x_bias,210,init_knn1,N1,log_loss,1.1163387992669268e-07,7.749103769350197,1.0,0.5151741293532338,5.207715469876445e-10,0.532149510382623,0.0,0.033202332554105735,"[[3105, 0], [0, 2853]]","[[190, 155], [166, 151]]"
disclosure_x_bias,211,init_knn1,N1,log_loss,1.1161612555278559e-07,7.749194267542353,1.0,0.5151741293532338,5.238240782780048e-10,0.5323486718821581,0.0,0.033202332554105735,"[[3105, 0], [0, 2853]]","[[190, 155], [166, 151]]"
disclosure_x_bias,212,init_knn1,N1,log_loss,1.1159968310077839e-07,7.749190998910629,1.0,0.5151741293532338,5.237074334648834e-10,0.5324694283081848,0.0,0.033202332554105735,"[[3105, 0], [0, 2853]]","[[190, 155], [166, 151]]"
disclosure_x_bias,213,init_knn1,N1,log_loss,1.1158557218586578e-07,7.7492465574251,1.0,0.5151741293532338,5.240044445996838e-10,0.5324553480815665,0.0,0.033202332554105735,"[[3105, 0], [0, 2853]]","[[190, 155], [166, 151]]"
disclosure_x_bias,214,init_knn1,N1,log_loss,1.1157155378852435e-07,7.749283097072949,1.0,0.5151741293532338,5.231586489327142e-10,0.5326203934038296,0.0,0.033202332554105735,"[[3105, 0], [0, 2853]]","[[190, 155], [166, 151]]"
disclosure_x_bias,215,init_knn1,N1,log_loss,1.1155762148500534e-07,7.749359037026418,1.0,0.5151741293532338,5.228344332383586e-10,0.5324977184054528,0.0,0.033202332554105735,"[[3105, 0], [0, 2853]]","[[190, 155], [166, 151]]"
disclosure_x_bias,216,init_knn1,N1,log_loss,1.1154137218435714e-07,7.749378923703429,1.0,0.5151741293532338,5.219045350029431e-10,0.5326185144601067,0.0,0.033202332554105735,"[[3105, 0], [0, 2853]]","[[190, 155], [166, 151]]"
disclosure_x_bias,217,init_knn1,N1,log_loss,1.1152641334225051e-07,7.7493973187527985,1.0,0.5151741293532338,5.219087088820674e-10,0.5327339656648311,0.0,0.033202332554105735,"[[3105, 0], [0, 2853]]","[[190, 155], [166, 151]]"
disclosure_x_bias,218,init_knn1,N1,log_loss,1.1151209047072116e-07,7.749444397365712,1.0,0.5151741293532338,5.228442657088906e-10,0.5326305183290188,0.0,0.033202332554105735,"[[3105, 0], [0, 2853]]","[[190, 155], [166, 151]]"
disclosure_x_bias,219,init_knn1,N1,log_loss,1.1149790612816224e-07,7.749365329292021,1.0,0.5151741293532338,5.235319573995492e-10,0.5325882870459869,0.0,0.033202332554105735,"[[3105, 0], [0, 2853]]","[[190, 155], [166, 151]]"
disclosure_x_bias,220,init_knn1,N1,log_loss,1.1148453407739004e-07,7.749521527057077,1.0,0.5151741293532338,5.235841966337556e-10,0.5327390360899996,0.0,0.033202332554105735,"[[3105, 0], [0, 2853]]","[[190, 155], [166, 151]]"
disclosure_x_bias,221,init_knn1,N1,log_loss,1.1147071746961415e-07,7.749531598120329,1.0,0.5151741293532338,5.239890757387421e-10,0.5326996596886027,0.0,0.033202332554105735,"[[3105, 0], [0, 2853]]","[[190, 155], [166, 151]]"
disclosure_x_bias,222,init_knn1,N1,log_loss,1.1145689062169994e-07,7.749440863159864,1.0,0.5151741293532338,5.24375817754254e-10,0.5328775906983718,0.0,0.033202332554105735,"[[3105, 0], [0, 2853]]","[[190, 155], [166, 151]]"
disclosure_x_bias,223,init_knn1,N1,log_loss,1.1144217274702566e-07,7.7493391828808225,1.0,0.5151741293532338,5.239890238805555e-10,0.5327707303264982,0.0,0.033202332554105735,"[[3105, 0], [0, 2853]]","[[190, 155], [166, 151]]"
disclosure_x_bias,224,init_knn1,N1,log_loss,1.1142652429383065e-07,7.749317227436602,1.0,0.5151741293532338,5.230519343004435e-10,0.5330002961678727,0.0,0.033202332554105735,"[[3105, 0], [0, 2853]]","[[190, 155], [166, 151]]"
disclosure_x_bias,225,init_knn1,N1,log_loss,1.1141111344381609e-07,7.749251723006789,1.0,0.5151741293532338,5.264349088892552e-10,0.5331025296365239,0.0,0.033202332554105735,"[[3105, 0], [0, 2853]]","[[190, 155], [166, 151]]"
disclosure_x_bias,226,init_knn1,N1,log_loss,1.1139760758930973e-07,7.749281239959392,1.0,0.5151741293532338,5.268345930025287e-10,0.53312620695179,0.0,0.033202332554105735,"[[3105, 0], [0, 2853]]","[[190, 155], [166, 151]]"
disclosure_x_bias,227,init_knn1,N1,log_loss,1.1138444664612963e-07,7.749276638762962,1.0,0.5151741293532338,5.270696094482269e-10,0.5331741667206849,0.0,0.033202332554105735,"[[3105, 0], [0, 2853]]","[[190, 155], [166, 151]]"
disclosure_x_bias,228,init_knn1,N1,log_loss,1.1137135984015897e-07,7.749511188159181,1.0,0.5151741293532338,5.275814986385582e-10,0.5333184200895067,0.0,0.033202332554105735,"[[3105, 0], [0, 2853]]","[[190, 155], [166, 151]]"
disclosure_x_bias,229,init_knn1,N1,log_loss,1.1135248208623622e-07,7.749460180546558,1.0,0.5151741293532338,5.282065620674569e-10,0.5332402887533407,0.0,0.033202332554105735,"[[3105, 0], [0, 2853]]","[[190, 155], [166, 151]]"
disclosure_x_bias,230,init_knn1,N1,log_loss,1.1133918332942185e-07,7.749566607473224,1.0,0.5151741293532338,5.284552839237339e-10,0.533345099071586,0.0,0.033202332554105735,"[[3105, 0], [0, 2853]]","[[190, 155], [166, 151]]"
disclosure_x_bias,231,init_knn1,N1,log_loss,1.113261279006037e-07,7.749447400779007,1.0,0.5151741293532338,5.290732802571996e-10,0.5333426016818095,0.0,0.033202332554105735,"[[3105, 0], [0, 2853]]","[[190, 155], [166, 151]]"
disclosure_x_bias,232,init_knn1,N1,log_loss,1.1131291863911822e-07,7.749487037771044,1.0,0.5151741293532338,5.291183354183506e-10,0.5333677069389582,0.0,0.033202332554105735,"[[3105, 0], [0, 2853]]","[[190, 155], [166, 151]]"
disclosure_x_bias,233,init_knn1,N1,log_loss,1.1129861533566166e-07,7.749528746150718,1.0,0.5151741293532338,5.293208907408331e-10,0.5333471216442536,0.0,0.033202332554105735,"[[3105, 0], [0, 2853]]","[[190, 155], [166, 151]]"
disclosure_x_bias,234,init_knn1,N1,log_loss,1.1128262566084145e-07,7.749418562821409,1.0,0.5151741293532338,5.288619617709775e-10,0.5333570536691167,0.0,0.033202332554105735,"[[3105, 0], [0, 2853]]","[[190, 155], [166, 151]]"
disclosure_x_bias,235,init_knn1,N1,log_loss,1.1126904835033873e-07,7.749510673616157,1.0,0.5151741293532338,5.286225788707017e-10,0.5334008507126506,0.0,0.033202332554105735,"[[3105, 0], [0, 2853]]","[[190, 155], [166, 151]]"
disclosure_x_bias,236,init_knn1,N1,log_loss,1.1125562616133578e-07,7.749403499131352,1.0,0.5151741293532338,5.290844384407059e-10,0.5333459937713468,0.0,0.033202332554105735,"[[3105, 0], [0, 2853]]","[[190, 155], [166, 151]]"
disclosure_x_bias,237,init_knn1,N1,log_loss,1.1124280699242228e-07,7.749416389510467,1.0,0.5151741293532338,5.290780943658492e-10,0.5333833759922109,0.0,0.033202332554105735,"[[3105, 0], [0, 2853]]","[[190, 155], [166, 151]]"
disclosure_x_bias,238,init_knn1,N1,log_loss,1.1122958169121454e-07,7.749483584481003,1.0,0.5151741293532338,5.291842839489862e-10,0.5333529975531576,0.0,0.033202332554105735,"[[3105, 0], [0, 2853]]","[[190, 155], [166, 151]]"
disclosure_x_bias,239,init_knn1,N1,log_loss,1.112162493142219e-07,7.749455962668328,1.0,0.5151741293532338,5.293005874313393e-10,0.5332046198747037,0.0,0.033202332554105735,"[[3105, 0], [0, 2853]]","[[190, 155], [166, 151]]"
disclosure_x_bias,240,init_knn1,N1,log_loss,1.1120092733481818e-07,7.749411300466106,1.0,0.5151741293532338,5.257266661580039e-10,0.5332045939768636,0.0,0.033202332554105735,"[[3105, 0], [0, 2853]]","[[190, 155], [166, 151]]"
disclosure_x_bias,241,init_knn1,N1,log_loss,1.1118725257812052e-07,7.749358989977996,1.0,0.5151741293532338,5.250485065992449e-10,0.5332931078124912,0.0,0.033202332554105735,"[[3105, 0], [0, 2853]]","[[190, 155], [166, 151]]"
disclosure_x_bias,242,init_knn1,N1,log_loss,1.1116583663871163e-07,7.749664889706239,1.0,0.5151741293532338,5.310917901711956e-10,0.5330100755595197,0.0,0.033202332554105735,"[[3105, 0], [0, 2853]]","[[190, 155], [166, 151]]"
disclosure_x_bias,243,init_knn1,N1,log_loss,1.1115114797021972e-07,7.749599073487026,1.0,0.5151741293532338,5.344452031662933e-10,0.5330300848835052,0.0,0.033202332554105735,"[[3105, 0], [0, 2853]]","[[190, 155], [166, 151]]"
disclosure_x_bias,244,init_knn1,N1,log_loss,1.1113652803295233e-07,7.749719822820604,1.0,0.5151741293532338,5.335195785120165e-10,0.532951148103901,0.0,0.033202332554105735,"[[3105, 0], [0, 2853]]","[[190, 155], [166, 151]]"
disclosure_x_bias,245,init_knn1,N1,log_loss,1.1112368577628466e-07,7.749651810344744,1.0,0.5151741293532338,5.339630267619184e-10,0.5329997563307773,0.0,0.033202332554105735,"[[3105, 0], [0, 2853]]","[[190, 155], [166, 151]]"
disclosure_x_bias,246,init_knn1,N1,log_loss,1.1111030172123413e-07,7.749870958715723,1.0,0.5151741293532338,5.337968347057245e-10,0.5330839335419404,0.0,0.033202332554105735,"[[3105, 0], [0, 2853]]","[[190, 155], [166, 151]]"
disclosure_x_bias,247,init_knn1,N1,log_loss,1.1109647758561742e-07,7.749817729864823,1.0,0.5151741293532338,5.346202500960597e-10,0.5330775171547073,0.0,0.033202332554105735,"[[3105, 0], [0, 2853]]","[[190, 155], [166, 151]]"
disclosure_x_bias,248,init_knn1,N1,log_loss,1.1108345211867346e-07,7.750054347564114,1.0,0.5151741293532338,5.345705702819864e-10,0.5331913541963961,0.0,0.033202332554105735,"[[3105, 0], [0, 2853]]","[[190, 155], [166, 151]]"
disclosure_x_bias,249,init_knn1,N1,log_loss,1.1106897850219345e-07,7.749815010895463,1.0,0.5151741293532338,5.338116230181983e-10,0.533355884788435,0.0,0.033202332554105735,"[[3105, 0], [0, 2853]]","[[190, 155], [166, 151]]"
disclosure_x_bias,250,init_knn1,N1,log_loss,1.1105672384916264e-07,7.749960713670592,1.0,0.5151741293532338,5.337622909273208e-10,0.5332676922401007,0.0,0.033202332554105735,"[[3105, 0], [0, 2853]]","[[190, 155], [166, 151]]"
disclosure_x_bias,251,init_knn1,N1,log_loss,1.1104412760433861e-07,7.749879887856747,1.0,0.5151741293532338,5.335416763191805e-10,0.5334443991031671,0.0,0.033202332554105735,"[[3105, 0], [0, 2853]]","[[190, 155], [166, 151]]"
disclosure_x_bias,252,init_knn1,N1,log_loss,1.110315152222936e-07,7.749968015924354,1.0,0.5151741293532338,5.328743580353601e-10,0.5334150167310897,0.0,0.033202332554105735,"[[3105, 0], [0, 2853]]","[[190, 155], [166, 151]]"
disclosure_x_bias,253,init_knn1,N1,log_loss,1.1101752634792763e-07,7.750089071235737,1.0,0.5151741293532338,5.322775828067883e-10,0.5333446318057108,0.0,0.033202332554105735,"[[3105, 0], [0, 2853]]","[[190, 155], [166, 151]]"
disclosure_x_bias,254,init_knn1,N1,log_loss,1.1100485323067537e-07,7.750219162700816,1.0,0.5151741293532338,5.317483361562287e-10,0.5332160060092741,0.0,0.033202332554105735,"[[3105, 0], [0, 2853]]","[[190, 155], [166, 151]]"
disclosure_x_bias,255,init_knn1,N1,log_loss,1.1099225623702047e-07,7.75022393404538,1.0,0.5151741293532338,5.31743588408761e-10,0.5333201904068121,0.0,0.033202332554105735,"[[3105, 0], [0, 2853]]","[[190, 155], [166, 151]]"
disclosure_x_bias,256,init_knn1,N1,log_loss,1.1097724962731973e-07,7.750286763749571,1.0,0.5151741293532338,5.310899492005655e-10,0.5332742757892406,0.0,0.033202332554105735,"[[3105, 0], [0, 2853]]","[[190, 155], [166, 151]]"
disclosure_x_bias,257,init_knn1,N1,log_loss,1.1096501589390766e-07,7.750285367058669,1.0,0.5151741293532338,5.311659522011548e-10,0.5333274935793173,0.0,0.033202332554105735,"[[3105, 0], [0, 2853]]","[[190, 155], [166, 151]]"
disclosure_x_bias,258,init_knn1,N1,log_loss,1.1094919294636542e-07,7.750336462473659,1.0,0.5151741293532338,5.300447963239154e-10,0.5332610107067411,0.0,0.033202332554105735,"[[3105, 0], [0, 2853]]","[[190, 155], [166, 151]]"
disclosure_x_bias,259,init_knn1,N1,log_loss,1.1093589624965468e-07,7.7505020086536405,1.0,0.5151741293532338,5.311976138326862e-10,0.533390921694431,0.0,0.033202332554105735,"[[3105, 0], [0, 2853]]","[[190, 155], [166, 151]]"
disclosure_x_bias,260,init_knn1,N1,log_loss,1.1092244241924798e-07,7.750549718066606,1.0,0.5151741293532338,5.32200672586333e-10,0.5333871613991436,0.0,0.033202332554105735,"[[3105, 0], [0, 2853]]","[[190, 155], [166, 151]]"
disclosure_x_bias,261,init_knn1,N1,log_loss,1.1090741970421034e-07,7.750497031204394,1.0,0.5151741293532338,5.325085319078605e-10,0.533323130670969,0.0,0.033202332554105735,"[[3105, 0], [0, 2853]]","[[190, 155], [166, 151]]"
disclosure_x_bias,262,init_knn1,N1,log_loss,1.1089491473614283e-07,7.75066686474653,1.0,0.5151741293532338,5.320561261553244e-10,0.533387288831575,0.0,0.033202332554105735,"[[3105, 0], [0, 2853]]","[[190, 155], [166, 151]]"
disclosure_x_bias,263,init_knn1,N1,log_loss,1.1088235244483278e-07,7.750630227536368,1.0,0.5151741293532338,5.32267104800875e-10,0.5333580033477154,0.0,0.033202332554105735,"[[3105, 0], [0, 2853]]","[[190, 155], [166, 151]]"
disclosure_x_bias,264,init_knn1,N1,log_loss,1.1086884246449047e-07,7.7509337551207595,1.0,0.5151741293532338,5.322933679648546e-10,0.5331935889706071,0.0,0.033202332554105735,"[[3105, 0], [0, 2853]]","[[190, 155], [166, 151]]"
disclosure_x_bias,265,init_knn1,N1,log_loss,1.1085209647946538e-07,7.750898413004371,1.0,0.5151741293532338,5.267571937708318e-10,0.5332686556967815,0.0,0.033202332554105735,"[[3105, 0], [0, 2853]]","[[190, 155], [166, 151]]"
disclosure_x_bias,266,init_knn1,N1,log_loss,1.1083943403512089e-07,7.750804811501126,1.0,0.5151741293532338,5.267409611769061e-10,0.5333187303569606,0.0,0.033202332554105735,"[[3105, 0], [0, 2853]]","[[190, 155], [166, 151]]"
disclosure_x_bias,267,init_knn1,N1,log_loss,1.1082656397313467e-07,7.750809993863754,1.0,0.5151741293532338,5.272292323287683e-10,0.5332406271284768,0.0,0.033202332554105735,"[[3105, 0], [0, 2853]]","[[190, 155], [166, 151]]"
disclosure_x_bias,268,init_knn1,N1,log_loss,1.108145437128081e-07,7.750886033813563,1.0,0.5151741293532338,5.272488247063215e-10,0.5333837877683428,0.0,0.033202332554105735,"[[3105, 0], [0, 2853]]","[[190, 155], [166, 151]]"
disclosure_x_bias,269,init_knn1,N1,log_loss,1.1080200181477545e-07,7.750895173277054,1.0,0.5151741293532338,5.278791589100274e-10,0.5335322600928337,0.0,0.033202332554105735,"[[3105, 0], [0, 2853]]","[[190, 155], [166, 151]]"
disclosure_x_bias,270,init_knn1,N1,log_loss,1.1078879090656909e-07,7.750891940376016,1.0,0.5151741293532338,5.272891251430121e-10,0.533479736250927,0.0,0.033202332554105735,"[[3105, 0], [0, 2853]]","[[190, 155], [166, 151]]"
disclosure_x_bias,271,init_knn1,N1,log_loss,1.1077692030785655e-07,7.750890318891197,1.0,0.5151741293532338,5.273273358162223e-10,0.5335529412799818,0.0,0.033202332554105735,"[[3105, 0], [0, 2853]]","[[190, 155], [166, 151]]"
disclosure_x_bias,272,init_knn1,N1,log_loss,1.1076507993371176e-07,7.750948115756424,1.0,0.5151741293532338,5.276154186434339e-10,0.5334836852706715,0.0,0.033202332554105735,"[[3105, 0], [0, 2853]]","[[190, 155], [166, 151]]"
disclosure_x_bias,273,init_knn1,N1,log_loss,1.1075321593056311e-07,7.751073190390722,1.0,0.5151741293532338,5.282369330228917e-10,0.5335730224036899,0.0,0.033202332554105735,"[[3105, 0], [0, 2853]]","[[190, 155], [166, 151]]"
disclosure_x_bias,274,init_knn1,N1,log_loss,1.1074120257869843e-07,7.751003111283571,1.0,0.5151741293532338,5.283338804125212e-10,0.5335977230951224,0.0,0.033202332554105735,"[[3105, 0], [0, 2853]]","[[190, 155], [166, 151]]"
disclosure_x_bias,275,init_knn1,N1,log_loss,1.1072523288302939e-07,7.7510592085535235,1.0,0.5151741293532338,5.279820689818216e-10,0.5336129037922196,0.0,0.033202332554105735,"[[3105, 0], [0, 2853]]","[[190, 155], [166, 151]]"
disclosure_x_bias,276,init_knn1,N1,log_loss,1.1071352956898952e-07,7.751115763009937,1.0,0.5151741293532338,5.281601743510435e-10,0.5336372935477803,0.0,0.033202332554105735,"[[3105, 0], [0, 2853]]","[[190, 155], [166, 151]]"
disclosure_x_bias,277,init_knn1,N1,log_loss,1.1069905789670396e-07,7.7511610460995115,1.0,0.5151741293532338,5.28787704443954e-10,0.533719606375806,0.0,0.033202332554105735,"[[3105, 0], [0, 2853]]","[[190, 155], [166, 151]]"
disclosure_x_bias,278,init_knn1,N1,log_loss,1.106856689531844e-07,7.7510638013918465,1.0,0.5151741293532338,5.264188764461319e-10,0.5336850728654523,0.0,0.033202332554105735,"[[3105, 0], [0, 2853]]","[[190, 155], [166, 151]]"
disclosure_x_bias,279,init_knn1,N1,log_loss,1.106739167202225e-07,7.7512264624477165,1.0,0.5151741293532338,5.266633532843336e-10,0.5338384007978606,0.0,0.033202332554105735,"[[3105, 0], [0, 2853]]","[[190, 155], [166, 151]]"
disclosure_x_bias,280,init_knn1,N1,log_loss,1.1066156281850191e-07,7.751160165221551,1.0,0.5151741293532338,5.269487551871497e-10,0.5337790968958644,0.0,0.033202332554105735,"[[3105, 0], [0, 2853]]","[[190, 155], [166, 151]]"
disclosure_x_bias,281,init_knn1,N1,log_loss,1.1064878728660118e-07,7.751143516340674,1.0,0.5151741293532338,5.261388956377271e-10,0.5338962736419739,0.0,0.033202332554105735,"[[3105, 0], [0, 2853]]","[[190, 155], [166, 151]]"
disclosure_x_bias,282,init_knn1,N1,log_loss,1.1063674880405346e-07,7.751178640778616,1.0,0.5151741293532338,5.25871984362274e-10,0.5338755098781703,0.0,0.033202332554105735,"[[3105, 0], [0, 2853]]","[[190, 155], [166, 151]]"
disclosure_x_bias,283,init_knn1,N1,log_loss,1.1062524181311496e-07,7.751033079460418,1.0,0.5151741293532338,5.257393393235608e-10,0.5339259756907561,0.0,0.033202332554105735,"[[3105, 0], [0, 2853]]","[[190, 155], [166, 151]]"
disclosure_x_bias,284,init_knn1,N1,log_loss,1.1061153262068755e-07,7.7510830355651565,1.0,0.5151741293532338,5.244356089349153e-10,0.5338431868088488,0.0,0.033202332554105735,"[[3105, 0], [0, 2853]]","[[190, 155], [166, 151]]"
disclosure_x_bias,285,init_knn1,N1,log_loss,1.1059897370092149e-07,7.751030441555845,1.0,0.5151741293532338,5.244035172328402e-10,0.534002078396856,0.0,0.033202332554105735,"[[3105, 0], [0, 2853]]","[[190, 155], [166, 151]]"
disclosure_x_bias,286,init_knn1,N1,log_loss,1.1058716849359376e-07,7.751072778804708,1.0,0.5151741293532338,5.240517444944408e-10,0.5339536158911512,0.0,0.033202332554105735,"[[3105, 0], [0, 2853]]","[[190, 155], [166, 151]]"
disclosure_x_bias,287,init_knn1,N1,log_loss,1.105758172683744e-07,7.751100241167611,1.0,0.5151741293532338,5.240915592860921e-10,0.5340456364060759,0.0,0.033202332554105735,"[[3105, 0], [0, 2853]]","[[190, 155], [166, 151]]"
disclosure_x_bias,288,init_knn1,N1,log_loss,1.1056378664097013e-07,7.751146253042977,1.0,0.5151741293532338,5.244726265818737e-10,0.5339858211619462,0.0,0.033202332554105735,"[[3105, 0], [0, 2853]]","[[190, 155], [166, 151]]"
disclosure_x_bias,289,init_knn1,N1,log_loss,1.1055079948532307e-07,7.751185563758307,1.0,0.5151741293532338,5.286231904545703e-10,0.5340500898415961,0.0,0.033202332554105735,"[[3105, 0], [0, 2853]]","[[190, 155], [166, 151]]"
disclosure_x_bias,290,init_knn1,N1,log_loss,1.1053892939609157e-07,7.751090462754592,1.0,0.5151741293532338,5.290536631706687e-10,0.5340786579895727,0.0,0.033202332554105735,"[[3105, 0], [0, 2853]]","[[190, 155], [166, 151]]"
disclosure_x_bias,291,init_knn1,N1,log_loss,1.105264500041184e-07,7.751160555275564,1.0,0.5151741293532338,5.292077588876959e-10,0.5342119808560218,0.0,0.033202332554105735,"[[3105, 0], [0, 2853]]","[[190, 155], [166, 151]]"
disclosure_x_bias,292,init_knn1,N1,log_loss,1.1051446218539684e-07,7.751221446294137,1.0,0.5151741293532338,5.297643819442756e-10,0.5341787010261512,0.0,0.033202332554105735,"[[3105, 0], [0, 2853]]","[[190, 155], [166, 151]]"
disclosure_x_bias,293,init_knn1,N1,log_loss,1.1049819032470491e-07,7.751231627937597,1.0,0.5151741293532338,5.310716462011124e-10,0.5341290403030087,0.0,0.033202332554105735,"[[3105, 0], [0, 2853]]","[[190, 155], [166, 151]]"
disclosure_x_bias,294,init_knn1,N1,log_loss,1.1048634096118311e-07,7.751142610788916,1.0,0.5151741293532338,5.317525167428649e-10,0.5341281246203511,0.0,0.033202332554105735,"[[3105, 0], [0, 2853]]","[[190, 155], [166, 151]]"
disclosure_x_bias,295,init_knn1,N1,log_loss,1.1047397786259487e-07,7.751219261412674,1.0,0.5151741293532338,5.317409566186158e-10,0.5342052170263868,0.0,0.033202332554105735,"[[3105, 0], [0, 2853]]","[[190, 155], [166, 151]]"
disclosure_x_bias,296,init_knn1,N1,log_loss,1.1046081243385851e-07,7.751208537592373,1.0,0.5151741293532338,5.325064158947488e-10,0.5342174869779079,0.0,0.033202332554105735,"[[3105, 0], [0, 2853]]","[[190, 155], [166, 151]]"
disclosure_x_bias,297,init_knn1,N1,log_loss,1.1044928543068191e-07,7.751188333997445,1.0,0.5151741293532338,5.323233123800073e-10,0.5341029844420043,0.0,0.033202332554105735,"[[3105, 0], [0, 2853]]","[[190, 155], [166, 151]]"
disclosure_x_bias,298,init_knn1,N1,log_loss,1.1043797588401483e-07,7.7512079480819605,1.0,0.5151741293532338,5.328074350374568e-10,0.534062684675693,0.0,0.033202332554105735,"[[3105, 0], [0, 2853]]","[[190, 155], [166, 151]]"
disclosure_x_bias,299,init_knn1,N1,log_loss,1.1042586438706528e-07,7.751221514197331,1.0,0.5151741293532338,5.328792611934354e-10,0.5342443662300417,0.0,0.033202332554105735,"[[3105, 0], [0, 2853]]","[[190, 155], [166, 151]]"
disclosure_x_bias,300,init_knn1,N1,log_loss,1.104102753233608e-07,7.751372276817155,1.0,0.5151741293532338,5.326992691776117e-10,0.5341669932334894,0.0,0.033202332554105735,"[[3105, 0], [0, 2853]]","[[190, 155], [166, 151]]"
disclosure_x_bias,1,init_knn1,N1,exponential,727.5255609880654,750.0759503063601,1.0,0.5151741293532338,0.25294781071330313,105.13494751349423,0.0,0.033202332554105735,"[[3105, 0], [0, 2853]]","[[190, 155], [166, 151]]"
disclosure_x_bias,2,init_knn1,N1,exponential,731.4465830213627,753.2056077050959,1.0,0.5151741293532338,0.4949917961360722,104.92773649467667,0.0,0.033202332554105735,"[[3105, 0], [0, 2853]]","[[190, 155], [166, 151]]"
disclosure_x_bias,3,init_knn1,N1,exponential,735.0311545064471,756.4694181803918,1.0,0.5151741293532338,0.7488291374412673,105.83129778029536,0.0,0.033202332554105735,"[[3105, 0], [0, 2853]]","[[190, 155], [166, 151]]"
disclosure_x_bias,4,init_knn1,N1,exponential,738.366267512428,760.5088197342645,1.0,0.5151741293532338,1.024002460988598,106.65611443669685,0.0,0.033202332554105735,"[[3105, 0], [0, 2853]]","[[190, 155], [166, 151]]"
disclosure_x_bias,5,init_knn1,N1,exponential,741.4229112679684,763.2986986920039,1.0,0.5151741293532338,1.2223148696193786,107.34888205624159,0.0,0.033202332554105735,"[[3105, 0], [0, 2853]]","[[190, 155], [166, 151]]"
disclosure_x_bias,6,init_knn1,N1,exponential,744.190181303933,765.78054567436,1.0,0.5151741293532338,1.2243465515051404,107.12124376501372,0.0,0.033202332554105735,"[[3105, 0], [0, 2853]]","[[190, 155], [166, 151]]"
disclosure_x_bias,7,init_knn1,N1,exponential,746.7642518201085,768.8819831143671,1.0,0.5151741293532338,1.4024441813396542,108.1023192774501,0.0,0.033202332554105735,"[[3105, 0], [0, 2853]]","[[190, 155], [166, 151]]"
disclosure_x_bias,8,init_knn1,N1,exponential,749.2796040516876,770.7787535771538,1.0,0.5151741293532338,1.625812864494868,109.48146014943295,0.0,0.033202332554105735,"[[3105, 0], [0, 2853]]","[[190, 155], [166, 151]]"
disclosure_x_bias,9,init_knn1,N1,exponential,751.5545076157715,773.0245395437418,1.0,0.5151741293532338,1.776497249305289,109.94509078788485,0.0,0.033202332554105735,"[[3105, 0], [0, 2853]]","[[190, 155], [166, 151]]"
disclosure_x_bias,10,init_knn1,N1,exponential,753.7326442913201,775.2605736555471,1.0,0.5151741293532338,1.867204830497884,110.01137329442948,0.0,0.033202332554105735,"[[3105, 0], [0, 2853]]","[[190, 155], [166, 151]]"
disclosure_x_bias,11,init_knn1,N1,exponential,755.6599623588456,776.5690567873323,1.0,0.5151741293532338,1.9793399090226211,111.24582093128994,0.0,0.033202332554105735,"[[3105, 0], [0, 2853]]","[[190, 155], [166, 151]]"
disclosure_x_bias,12,init_knn1,N1,exponential,757.6565519264177,780.1110632387606,1.0,0.5151741293532338,2.373089563223975,112.83964707323084,0.0,0.033202332554105735,"[[3105, 0], [0, 2853]]","[[190, 155], [166, 151]]"
disclosure_x_bias,13,init_knn1,N1,exponential,759.4964124517354,782.0281349756481,1.0,0.5151741293532338,2.6215432746279115,112.56445826022987,0.0,0.033202332554105735,"[[3105, 0], [0, 2853]]","[[190, 155], [166, 151]]"
disclosure_x_bias,14,init_knn1,N1,exponential,761.1185798981298,783.4040286765253,1.0,0.5151741293532338,2.656353404201433,113.2179938004398,0.0,0.033202332554105735,"[[3105, 0], [0, 2853]]","[[190, 155], [166, 151]]"
disclosure_x_bias,15,init_knn1,N1,exponential,762.6513807723888,785.0161706845112,1.0,0.5151741293532338,2.7430312524297196,113.03036948082917,0.0,0.033202332554105735,"[[3105, 0], [0, 2853]]","[[190, 155], [166, 151]]"
disclosure_x_bias,16,init_knn1,N1,exponential,764.200305967685,786.3621334481661,1.0,0.5151741293532338,2.8277343848949,112.47648851354674,0.0,0.033202332554105735,"[[3105, 0], [0, 2853]]","[[190, 155], [166, 151]]"
disclosure_x_bias,17,init_knn1,N1,exponential,765.7104064107018,787.6476503339743,1.0,0.5151741293532338,2.8147720250539017,112.82785923891713,0.0,0.033202332554105735,"[[3105, 0], [0, 2853]]","[[190, 155], [166, 151]]"
disclosure_x_bias,18,init_knn1,N1,exponential,766.9259707856211,787.6025398467743,1.0,0.5151741293532338,2.79639411508021,112.92996560481866,0.0,0.033202332554105735,"[[3105, 0], [0, 2853]]","[[190, 155], [166, 151]]"
disclosure_x_bias,19,init_knn1,N1,exponential,768.4283332928762,789.3656718185326,1.0,0.5151741293532338,3.4808252077833437,115.26610500899216,0.0,0.033202332554105735,"[[3105, 0], [0, 2853]]","[[190, 155], [166, 151]]"
disclosure_x_bias,20,init_knn1,N1,exponential,769.673667572966,790.5952671575317,1.0,0.5151741293532338,3.589843360964988,116.09273739921863,0.0,0.033202332554105735,"[[3105, 0], [0, 2853]]","[[190, 155], [166, 151]]"
disclosure_x_bias,21,init_knn1,N1,exponential,770.9697462298192,791.7041268777799,1.0,0.5151741293532338,3.716711515258135,116.50765542452181,0.0,0.033202332554105735,"[[3105, 0], [0, 2853]]","[[190, 155], [166, 151]]"
disclosure_x_bias,22,init_knn1,N1,exponential,772.0902461888028,792.9748111952856,1.0,0.5151741293532338,3.81505303407519,116.37522745973244,0.0,0.033202332554105735,"[[3105, 0], [0, 2853]]","[[190, 155], [166, 151]]"
disclosure_x_bias,23,init_knn1,N1,exponential,773.026785289029,793.9012180115208,1.0,0.5151741293532338,3.765228191289702,115.90988737468389,0.0,0.033202332554105735,"[[3105, 0], [0, 2853]]","[[190, 155], [166, 151]]"
disclosure_x_bias,24,init_knn1,N1,exponential,774.1964611150163,795.2334127840237,1.0,0.5151741293532338,3.859791179188146,116.25693796846575,0.0,0.033202332554105735,"[[3105, 0], [0, 2853]]","[[190, 155], [166, 151]]"
disclosure_x_bias,25,init_knn1,N1,exponential,775.279275349311,796.5325230340047,1.0,0.5151741293532338,3.8651708551095045,115.60302819768924,0.0,0.033202332554105735,"[[3105, 0], [0, 2853]]","[[190, 155], [166, 151]]"
disclosure_x_bias,26,init_knn1,N1,exponential,776.5891357173126,797.9048407414014,1.0,0.5151741293532338,4.69353198784153,117.90974963796667,0.0,0.033202332554105735,"[[3105, 0], [0, 2853]]","[[190, 155], [166, 151]]"
disclosure_x_bias,27,init_knn1,N1,exponential,777.7183140453343,798.808728165886,1.0,0.5151741293532338,4.658915939089153,117.42263899587708,0.0,0.033202332554105735,"[[3105, 0], [0, 2853]]","[[190, 155], [166, 151]]"
disclosure_x_bias,28,init_knn1,N1,exponential,778.6498783861728,799.3401333565084,1.0,0.5151741293532338,4.774943733729885,117.96395320812832,0.0,0.033202332554105735,"[[3105, 0], [0, 2853]]","[[190, 155], [166, 151]]"
disclosure_x_bias,29,init_knn1,N1,exponential,779.5439797653754,800.0528831442147,1.0,0.5151741293532338,4.802607546832524,117.85640029483447,0.0,0.033202332554105735,"[[3105, 0], [0, 2853]]","[[190, 155], [166, 151]]"
disclosure_x_bias,30,init_knn1,N1,exponential,780.4488405446295,800.1581171592912,1.0,0.5151741293532338,4.998839787765305,117.98129977850061,0.0,0.033202332554105735,"[[3105, 0], [0, 2853]]","[[190, 155], [166, 151]]"
disclosure_x_bias,31,init_knn1,N1,exponential,781.2843257683016,801.178994119213,1.0,0.5151741293532338,4.985949339430141,118.61622733547551,0.0,0.033202332554105735,"[[3105, 0], [0, 2853]]","[[190, 155], [166, 151]]"
disclosure_x_bias,32,init_knn1,N1,exponential,782.197387910526,801.5610606819008,1.0,0.5151741293532338,5.286611834956578,119.01744221483214,0.0,0.033202332554105735,"[[3105, 0], [0, 2853]]","[[190, 155], [166, 151]]"
disclosure_x_bias,33,init_knn1,N1,exponential,783.189447112504,802.1623951768295,1.0,0.5151741293532338,5.174868897611257,119.09361015487487,0.0,0.033202332554105735,"[[3105, 0], [0, 2853]]","[[190, 155], [166, 151]]"
disclosure_x_bias,34,init_knn1,N1,exponential,784.0915734176406,803.3403763396374,1.0,0.5151741293532338,5.254067102055511,119.41279474796762,0.0,0.033202332554105735,"[[3105, 0], [0, 2853]]","[[190, 155], [166, 151]]"
disclosure_x_bias,35,init_knn1,N1,exponential,784.9146699080097,803.8890390127955,1.0,0.5151741293532338,5.213276756246395,119.10205457931758,0.0,0.033202332554105735,"[[3105, 0], [0, 2853]]","[[190, 155], [166, 151]]"
disclosure_x_bias,36,init_knn1,N1,exponential,785.6455161762951,804.5008836488499,1.0,0.5151741293532338,5.377801812137998,118.92829993596496,0.0,0.033202332554105735,"[[3105, 0], [0, 2853]]","[[190, 155], [166, 151]]"
disclosure_x_bias,37,init_knn1,N1,exponential,786.4767783493778,804.8564159301837,1.0,0.5151741293532338,5.497140544431763,119.05548054469287,0.0,0.033202332554105735,"[[3105, 0], [0, 2853]]","[[190, 155], [166, 151]]"
disclosure_x_bias,38,init_knn1,N1,exponential,787.5394443473538,805.9458584569045,1.0,0.5151741293532338,5.26290665027339,118.5712509936908,0.0,0.033202332554105735,"[[3105, 0], [0, 2853]]","[[190, 155], [166, 151]]"
disclosure_x_bias,39,init_knn1,N1,exponential,788.5962630754046,807.4584809655126,1.0,0.5151741293532338,6.359866506281704,121.46446953775941,0.0,0.033202332554105735,"[[3105, 0], [0, 2853]]","[[190, 155], [166, 151]]"
disclosure_x_bias,40,init_knn1,N1,exponential,789.3752443871319,807.9405477820585,1.0,0.5151741293532338,6.497538234312786,121.33086314833031,0.0,0.033202332554105735,"[[3105, 0], [0, 2853]]","[[190, 155], [166, 151]]"
disclosure_x_bias,41,init_knn1,N1,exponential,790.0171494561727,808.026169317298,1.0,0.5151741293532338,6.543019791565928,121.82160837192953,0.0,0.033202332554105735,"[[3105, 0], [0, 2853]]","[[190, 155], [166, 151]]"
disclosure_x_bias,42,init_knn1,N1,exponential,790.7385902239946,808.6132008313577,1.0,0.5151741293532338,6.416089682446699,121.27045832581358,0.0,0.033202332554105735,"[[3105, 0], [0, 2853]]","[[190, 155], [166, 151]]"
disclosure_x_bias,43,init_knn1,N1,exponential,791.5060639040837,809.0393014240038,1.0,0.5151741293532338,6.310114178871795,121.24962582415606,0.0,0.033202332554105735,"[[3105, 0], [0, 2853]]","[[190, 155], [166, 151]]"
disclosure_x_bias,44,init_knn1,N1,exponential,792.4673969507465,809.7554994451696,1.0,0.5151741293532338,6.534174992985008,120.8882486781784,0.0,0.033202332554105735,"[[3105, 0], [0, 2853]]","[[190, 155], [166, 151]]"
disclosure_x_bias,45,init_knn1,N1,exponential,793.2191052646384,811.0431666613115,1.0,0.5151741293532338,6.588945901388275,121.15580016994576,0.0,0.033202332554105735,"[[3105, 0], [0, 2853]]","[[190, 155], [166, 151]]"
disclosure_x_bias,46,init_knn1,N1,exponential,794.1438543902393,811.7989602509826,1.0,0.5151741293532338,6.740289702457913,121.8562675683833,0.0,0.033202332554105735,"[[3105, 0], [0, 2853]]","[[190, 155], [166, 151]]"
disclosure_x_bias,47,init_knn1,N1,exponential,795.3475227388496,813.8824197850242,1.0,0.5151741293532338,7.9336441335169425,124.41368025847727,0.0,0.033202332554105735,"[[3105, 0], [0, 2853]]","[[190, 155], [166, 151]]"
disclosure_x_bias,48,init_knn1,N1,exponential,796.1367239012847,814.5362848145004,1.0,0.5151741293532338,7.800863517328292,124.59093465133955,0.0,0.033202332554105735,"[[3105, 0], [0, 2853]]","[[190, 155], [166, 151]]"
disclosure_x_bias,49,init_knn1,N1,exponential,796.8776762091354,814.4231510626964,1.0,0.5151741293532338,7.853627712677048,124.49751349393517,0.0,0.033202332554105735,"[[3105, 0], [0, 2853]]","[[190, 155], [166, 151]]"
disclosure_x_bias,50,init_knn1,N1,exponential,797.5993914878434,814.6777378931716,1.0,0.5151741293532338,7.78319404686268,124.8428779956547,0.0,0.033202332554105735,"[[3105, 0], [0, 2853]]","[[190, 155], [166, 151]]"
disclosure_x_bias,51,init_knn1,N1,exponential,798.1043088452352,815.0225990432909,1.0,0.5151741293532338,7.616239380893741,124.62868991370098,0.0,0.033202332554105735,"[[3105, 0], [0, 2853]]","[[190, 155], [166, 151]]"
disclosure_x_bias,52,init_knn1,N1,exponential,798.7722415754208,815.718903344286,1.0,0.5151741293532338,7.732020114989105,123.87148257647725,0.0,0.033202332554105735,"[[3105, 0], [0, 2853]]","[[190, 155], [166, 151]]"
disclosure_x_bias,53,init_knn1,N1,exponential,799.5545156857863,816.0922104334595,1.0,0.5151741293532338,7.880151737416026,123.79471955105085,0.0,0.033202332554105735,"[[3105, 0], [0, 2853]]","[[190, 155], [166, 151]]"
disclosure_x_bias,54,init_knn1,N1,exponential,800.3616155704012,817.1203173870766,1.0,0.5151741293532338,7.724903628410739,123.45727294401193,0.0,0.033202332554105735,"[[3105, 0], [0, 2853]]","[[190, 155], [166, 151]]"
disclosure_x_bias,55,init_knn1,N1,exponential,800.8598644333891,817.8926124490904,1.0,0.5151741293532338,7.676299863619032,123.81782124004067,0.0,0.033202332554105735,"[[3105, 0], [0, 2853]]","[[190, 155], [166, 151]]"
disclosure_x_bias,56,init_knn1,N1,exponential,801.545209212056,818.1221600979649,1.0,0.5151741293532338,7.631058304591297,123.45587192680635,0.0,0.033202332554105735,"[[3105, 0], [0, 2853]]","[[190, 155], [166, 151]]"
disclosure_x_bias,57,init_knn1,N1,exponential,802.1116105880647,818.5956409047251,1.0,0.5151741293532338,7.6207849485454995,124.02799205430195,0.0,0.033202332554105735,"[[3105, 0], [0, 2853]]","[[190, 155], [166, 151]]"
disclosure_x_bias,58,init_knn1,N1,exponential,802.975126713809,819.9109029338551,1.0,0.5151741293532338,7.6401928521919595,123.41828308343797,0.0,0.033202332554105735,"[[3105, 0], [0, 2853]]","[[190, 155], [166, 151]]"
disclosure_x_bias,59,init_knn1,N1,exponential,803.9811396024995,820.9761276279766,1.0,0.5151741293532338,7.7301762587406335,124.52269443308903,0.0,0.033202332554105735,"[[3105, 0], [0, 2853]]","[[190, 155], [166, 151]]"
disclosure_x_bias,60,init_knn1,N1,exponential,804.691640909599,820.9675896943265,1.0,0.5151741293532338,7.490087687774575,124.70951362579,0.0,0.033202332554105735,"[[3105, 0], [0, 2853]]","[[190, 155], [166, 151]]"
disclosure_x_bias,61,init_knn1,N1,exponential,805.3237558860076,821.688221634915,1.0,0.5151741293532338,7.6402497252929455,124.92113628552318,0.0,0.033202332554105735,"[[3105, 0], [0, 2853]]","[[190, 155], [166, 151]]"
disclosure_x_bias,62,init_knn1,N1,exponential,805.8380483260902,822.3266198217731,1.0,0.5151741293532338,7.556982010042531,125.18255928279622,0.0,0.033202332554105735,"[[3105, 0], [0, 2853]]","[[190, 155], [166, 151]]"
disclosure_x_bias,63,init_knn1,N1,exponential,806.5225587669822,822.3991054144365,1.0,0.5151741293532338,7.661489751435764,125.64933572118288,0.0,0.033202332554105735,"[[3105, 0], [0, 2853]]","[[190, 155], [166, 151]]"
disclosure_x_bias,64,init_knn1,N1,exponential,807.0552770472275,822.5837809198061,1.0,0.5151741293532338,7.667571146628558,125.76633767152536,0.0,0.033202332554105735,"[[3105, 0], [0, 2853]]","[[190, 155], [166, 151]]"
disclosure_x_bias,65,init_knn1,N1,exponential,808.1941329834046,823.9925035938392,1.0,0.5151741293532338,9.551434088563921,129.15274461571764,0.0,0.033202332554105735,"[[3105, 0], [0, 2853]]","[[190, 155], [166, 151]]"
disclosure_x_bias,66,init_knn1,N1,exponential,808.7890912073627,824.3653916470814,1.0,0.5151741293532338,9.592526493773285,128.6524008905648,0.0,0.033202332554105735,"[[3105, 0], [0, 2853]]","[[190, 155], [166, 151]]"
disclosure_x_bias,67,init_knn1,N1,exponential,809.1611366609161,825.1517500849392,1.0,0.5151741293532338,9.610573948180715,128.5299384306947,0.0,0.033202332554105735,"[[3105, 0], [0, 2853]]","[[190, 155], [166, 151]]"
disclosure_x_bias,68,init_knn1,N1,exponential,809.5769195990008,825.7775625848001,1.0,0.5151741293532338,9.483007984251465,128.29508289817556,0.0,0.033202332554105735,"[[3105, 0], [0, 2853]]","[[190, 155], [166, 151]]"
disclosure_x_bias,69,init_knn1,N1,exponential,810.1957103125527,825.7554796002329,1.0,0.5151741293532338,9.33476299917204,128.05715445187275,0.0,0.033202332554105735,"[[3105, 0], [0, 2853]]","[[190, 155], [166, 151]]"
disclosure_x_bias,70,init_knn1,N1,exponential,810.6664452169025,826.0280934561011,1.0,0.5151741293532338,9.374921338929164,127.96878710759636,0.0,0.033202332554105735,"[[3105, 0], [0, 2853]]","[[190, 155], [166, 151]]"
disclosure_x_bias,71,init_knn1,N1,exponential,811.6596307106346,826.7110708564711,1.0,0.5151741293532338,9.265837871763814,127.69881238879198,0.0,0.033202332554105735,"[[3105, 0], [0, 2853]]","[[190, 155], [166, 151]]"
disclosure_x_bias,72,init_knn1,N1,exponential,812.2176667710859,827.5874602423935,1.0,0.5151741293532338,9.182806719583688,128.3334437423864,0.0,0.033202332554105735,"[[3105, 0], [0, 2853]]","[[190, 155], [166, 151]]"
disclosure_x_bias,73,init_knn1,N1,exponential,812.863697970016,828.2711106550236,1.0,0.5151741293532338,9.315456333276556,128.05956546313064,0.0,0.033202332554105735,"[[3105, 0], [0, 2853]]","[[190, 155], [166, 151]]"
disclosure_x_bias,74,init_knn1,N1,exponential,813.3207469890737,828.7604805273729,1.0,0.5151741293532338,9.360263682757575,128.44500043264748,0.0,0.033202332554105735,"[[3105, 0], [0, 2853]]","[[190, 155], [166, 151]]"
disclosure_x_bias,75,init_knn1,N1,exponential,813.6866042109284,829.2215499981432,1.0,0.5151741293532338,9.24291623377052,128.23301447209954,0.0,0.033202332554105735,"[[3105, 0], [0, 2853]]","[[190, 155], [166, 151]]"
disclosure_x_bias,76,init_knn1,N1,exponential,814.404768516746,829.2042217649357,1.0,0.5151741293532338,9.279337767791201,128.36476687417576,0.0,0.033202332554105735,"[[3105, 0], [0, 2853]]","[[190, 155], [166, 151]]"
disclosure_x_bias,77,init_knn1,N1,exponential,815.0603969916563,829.6234192844167,1.0,0.5151741293532338,9.419745786159794,128.23238736150546,0.0,0.033202332554105735,"[[3105, 0], [0, 2853]]","[[190, 155], [166, 151]]"
disclosure_x_bias,78,init_knn1,N1,exponential,815.2703918229909,830.2095929223018,1.0,0.5151741293532338,9.348235712099369,129.0709681371307,0.0,0.033202332554105735,"[[3105, 0], [0, 2853]]","[[190, 155], [166, 151]]"
disclosure_x_bias,79,init_knn1,N1,exponential,816.8232106675549,832.1230608575967,1.0,0.5151741293532338,11.077917870089548,133.03075404349153,0.0,0.033202332554105735,"[[3105, 0], [0, 2853]]","[[190, 155], [166, 151]]"
disclosure_x_bias,80,init_knn1,N1,exponential,817.6353563001705,832.3131444976128,1.0,0.5151741293532338,11.040279652088621,132.76809090272522,0.0,0.033202332554105735,"[[3105, 0], [0, 2853]]","[[190, 155], [166, 151]]"
disclosure_x_bias,81,init_knn1,N1,exponential,818.1230478834389,832.7318757942696,1.0,0.5151741293532338,11.187485315921554,132.78805801058311,0.0,0.033202332554105735,"[[3105, 0], [0, 2853]]","[[190, 155], [166, 151]]"
disclosure_x_bias,82,init_knn1,N1,exponential,818.6751235040068,833.2923737179732,1.0,0.5151741293532338,11.167471119204652,132.72116643868108,0.0,0.033202332554105735,"[[3105, 0], [0, 2853]]","[[190, 155], [166, 151]]"
disclosure_x_bias,83,init_knn1,N1,exponential,819.1886838690431,833.3697195695258,1.0,0.5151741293532338,11.177321166318352,132.68220120772418,0.0,0.033202332554105735,"[[3105, 0], [0, 2853]]","[[190, 155], [166, 151]]"
disclosure_x_bias,84,init_knn1,N1,exponential,819.847011251061,834.1158839292272,1.0,0.5151741293532338,11.180189464472345,132.43986155970472,0.0,0.033202332554105735,"[[3105, 0], [0, 2853]]","[[190, 155], [166, 151]]"
disclosure_x_bias,85,init_knn1,N1,exponential,820.6086499291077,834.0926122366254,1.0,0.5151741293532338,11.443560027578975,132.3104068135372,0.0,0.033202332554105735,"[[3105, 0], [0, 2853]]","[[190, 155], [166, 151]]"
disclosure_x_bias,86,init_knn1,N1,exponential,821.0425750150882,834.0536340953471,1.0,0.5151741293532338,11.351289624443915,132.11000127840032,0.0,0.033202332554105735,"[[3105, 0], [0, 2853]]","[[190, 155], [166, 151]]"
disclosure_x_bias,87,init_knn1,N1,exponential,821.7371280001238,834.8729760149633,1.0,0.5151741293532338,11.346585977960633,131.9362277510414,0.0,0.033202332554105735,"[[3105, 0], [0, 2853]]","[[190, 155], [166, 151]]"
disclosure_x_bias,88,init_knn1,N1,exponential,822.2011004441935,835.274387275034,1.0,0.5151741293532338,11.35009445508455,132.10163298737746,0.0,0.033202332554105735,"[[3105, 0], [0, 2853]]","[[190, 155], [166, 151]]"
disclosure_x_bias,89,init_knn1,N1,exponential,822.7622121421764,835.1528196975853,1.0,0.5151741293532338,11.406784321942933,132.0449778563559,0.0,0.033202332554105735,"[[3105, 0], [0, 2853]]","[[190, 155], [166, 151]]"
disclosure_x_bias,90,init_knn1,N1,exponential,823.4408947884764,836.5948277357566,1.0,0.5151741293532338,11.301943695120137,132.1225001845011,0.0,0.033202332554105735,"[[3105, 0], [0, 2853]]","[[190, 155], [166, 151]]"
disclosure_x_bias,91,init_knn1,N1,exponential,823.9072763271035,837.1603976700617,1.0,0.5151741293532338,11.42754566287809,132.03907760616906,0.0,0.033202332554105735,"[[3105, 0], [0, 2853]]","[[190, 155], [166, 151]]"
disclosure_x_bias,92,init_knn1,N1,exponential,824.5458233752848,837.2630929413148,1.0,0.5151741293532338,11.331988826462918,131.84910111652937,0.0,0.033202332554105735,"[[3105, 0], [0, 2853]]","[[190, 155], [166, 151]]"
disclosure_x_bias,93,init_knn1,N1,exponential,824.9787650034041,837.9171119951491,1.0,0.5151741293532338,11.282652441389873,132.76338869973992,0.0,0.033202332554105735,"[[3105, 0], [0, 2853]]","[[190, 155], [166, 151]]"
disclosure_x_bias,94,init_knn1,N1,exponential,825.2561719608559,837.833813427627,1.0,0.5151741293532338,11.353002041100668,132.47608879697256,0.0,0.033202332554105735,"[[3105, 0], [0, 2853]]","[[190, 155], [166, 151]]"
disclosure_x_bias,95,init_knn1,N1,exponential,825.6767411616763,838.2937264444327,1.0,0.5151741293532338,11.463535201293096,132.82559603626967,0.0,0.033202332554105735,"[[3105, 0], [0, 2853]]","[[190, 155], [166, 151]]"
disclosure_x_bias,96,init_knn1,N1,exponential,826.1284701407901,838.4461963638275,1.0,0.5151741293532338,11.536773476381057,133.35202805406348,0.0,0.033202332554105735,"[[3105, 0], [0, 2853]]","[[190, 155], [166, 151]]"
disclosure_x_bias,97,init_knn1,N1,exponential,826.6124133419959,838.2786873507221,1.0,0.5151741293532338,11.281812769832591,133.34635573263313,0.0,0.033202332554105735,"[[3105, 0], [0, 2853]]","[[190, 155], [166, 151]]"
disclosure_x_bias,98,init_knn1,N1,exponential,827.4886877452133,839.3525094364865,1.0,0.5151741293532338,11.225420390803128,133.4733290143666,0.0,0.033202332554105735,"[[3105, 0], [0, 2853]]","[[190, 155], [166, 151]]"
disclosure_x_bias,99,init_knn1,N1,exponential,827.7573715787033,839.2446167274065,1.0,0.5151741293532338,11.389664396977086,133.36862225603264,0.0,0.033202332554105735,"[[3105, 0], [0, 2853]]","[[190, 155], [166, 151]]"
disclosure_x_bias,100,init_knn1,N1,exponential,828.5294795242064,839.42967866198,1.0,0.5151741293532338,11.291003948675899,133.44490657502914,0.0,0.033202332554105735,"[[3105, 0], [0, 2853]]","[[190, 155], [166, 151]]"
disclosure_x_bias,101,init_knn1,N1,exponential,829.1032092376487,839.465863160934,1.0,0.5151741293532338,11.469787601087356,133.39557975265296,0.0,0.033202332554105735,"[[3105, 0], [0, 2853]]","[[190, 155], [166, 151]]"
disclosure_x_bias,102,init_knn1,N1,exponential,830.4717602865678,841.3205468343891,1.0,0.5151741293532338,13.420493668887751,137.2880771244181,0.0,0.033202332554105735,"[[3105, 0], [0, 2853]]","[[190, 155], [166, 151]]"
disclosure_x_bias,103,init_knn1,N1,exponential,831.0297877027499,842.065513959497,1.0,0.5151741293532338,13.499851015214094,136.561501956754,0.0,0.033202332554105735,"[[3105, 0], [0, 2853]]","[[190, 155], [166, 151]]"
disclosure_x_bias,104,init_knn1,N1,exponential,831.8047052114487,842.24043151776,1.0,0.5151741293532338,13.539383072964299,137.17136704007564,0.0,0.033202332554105735,"[[3105, 0], [0, 2853]]","[[190, 155], [166, 151]]"
disclosure_x_bias,105,init_knn1,N1,exponential,832.1787152172976,842.422849677481,1.0,0.5151741293532338,13.671015314186299,137.30351298748838,0.0,0.033202332554105735,"[[3105, 0], [0, 2853]]","[[190, 155], [166, 151]]"
disclosure_x_bias,106,init_knn1,N1,exponential,832.5579787668499,842.9355180500552,1.0,0.5151741293532338,13.51010163799972,137.23919998699208,0.0,0.033202332554105735,"[[3105, 0], [0, 2853]]","[[190, 155], [166, 151]]"
disclosure_x_bias,107,init_knn1,N1,exponential,832.7574364065471,843.0161129734921,1.0,0.5151741293532338,13.52436394100273,137.2874168755511,0.0,0.033202332554105735,"[[3105, 0], [0, 2853]]","[[190, 155], [166, 151]]"
disclosure_x_bias,108,init_knn1,N1,exponential,833.1483682227581,843.7747477594187,1.0,0.5151741293532338,13.40921626661708,138.0662712793389,0.0,0.033202332554105735,"[[3105, 0], [0, 2853]]","[[190, 155], [166, 151]]"
disclosure_x_bias,109,init_knn1,N1,exponential,833.440160706485,843.8029594259708,1.0,0.5151741293532338,13.602153036020606,137.92545511996187,0.0,0.033202332554105735,"[[3105, 0], [0, 2853]]","[[190, 155], [166, 151]]"
disclosure_x_bias,110,init_knn1,N1,exponential,833.9322283539232,844.636379584681,1.0,0.5151741293532338,13.963858483788428,138.40987291631507,0.0,0.033202332554105735,"[[3105, 0], [0, 2853]]","[[190, 155], [166, 151]]"
disclosure_x_bias,111,init_knn1,N1,exponential,834.5105963369045,845.5507113932683,1.0,0.5151741293532338,14.387038142275731,137.70704372441048,0.0,0.033202332554105735,"[[3105, 0], [0, 2853]]","[[190, 155], [166, 151]]"
disclosure_x_bias,112,init_knn1,N1,exponential,835.0393265322851,846.39932833814,1.0,0.5151741293532338,14.384381709872251,138.24688463568017,0.0,0.033202332554105735,"[[3105, 0], [0, 2853]]","[[190, 155], [166, 151]]"
disclosure_x_bias,113,init_knn1,N1,exponential,835.5642927555542,846.764546412743,1.0,0.5151741293532338,14.335093392878688,138.48758879499502,0.0,0.033202332554105735,"[[3105, 0], [0, 2853]]","[[190, 155], [166, 151]]"
disclosure_x_bias,114,init_knn1,N1,exponential,835.6445843349113,846.7965503252799,1.0,0.5151741293532338,14.248985157774905,138.49147417017804,0.0,0.033202332554105735,"[[3105, 0], [0, 2853]]","[[190, 155], [166, 151]]"
disclosure_x_bias,115,init_knn1,N1,exponential,836.0812920181336,846.6586108111536,1.0,0.5151741293532338,14.226276501097823,138.52341462632566,0.0,0.033202332554105735,"[[3105, 0], [0, 2853]]","[[190, 155], [166, 151]]"
disclosure_x_bias,116,init_knn1,N1,exponential,836.3699075525863,846.6439504677348,1.0,0.5151741293532338,14.316613372491148,138.69860133313085,0.0,0.033202332554105735,"[[3105, 0], [0, 2853]]","[[190, 155], [166, 151]]"
disclosure_x_bias,117,init_knn1,N1,exponential,836.5506347074337,846.8008643501462,1.0,0.5151741293532338,14.235743099379722,138.66811624340016,0.0,0.033202332554105735,"[[3105, 0], [0, 2853]]","[[190, 155], [166, 151]]"
disclosure_x_bias,118,init_knn1,N1,exponential,837.1452229357453,847.3180848979357,1.0,0.5151741293532338,14.205782894671021,138.26561382647168,0.0,0.033202332554105735,"[[3105, 0], [0, 2853]]","[[190, 155], [166, 151]]"
disclosure_x_bias,119,init_knn1,N1,exponential,837.26275931151,846.9815401394035,1.0,0.5151741293532338,14.105177930514289,138.30810080859524,0.0,0.033202332554105735,"[[3105, 0], [0, 2853]]","[[190, 155], [166, 151]]"
disclosure_x_bias,120,init_knn1,N1,exponential,837.931442792843,847.7475474836128,1.0,0.5151741293532338,14.12204369334571,138.00061604271173,0.0,0.033202332554105735,"[[3105, 0], [0, 2853]]","[[190, 155], [166, 151]]"
disclosure_x_bias,121,init_knn1,N1,exponential,838.55031809874,848.3246535081568,1.0,0.5151741293532338,14.010420088597876,137.89974035606306,0.0,0.033202332554105735,"[[3105, 0], [0, 2853]]","[[190, 155], [166, 151]]"
disclosure_x_bias,122,init_knn1,N1,exponential,838.7153673488885,848.4096858532239,1.0,0.5151741293532338,14.064739243694635,138.5431553942236,0.0,0.033202332554105735,"[[3105, 0], [0, 2853]]","[[190, 155], [166, 151]]"
disclosure_x_bias,123,init_knn1,N1,exponential,838.9357386878453,848.6697081102363,1.0,0.5151741293532338,14.239741516212538,138.9459784099883,0.0,0.033202332554105735,"[[3105, 0], [0, 2853]]","[[190, 155], [166, 151]]"
disclosure_x_bias,124,init_knn1,N1,exponential,839.46009274634,849.2995670517082,1.0,0.5151741293532338,14.087713050633853,138.54077457898939,0.0,0.033202332554105735,"[[3105, 0], [0, 2853]]","[[190, 155], [166, 151]]"
disclosure_x_bias,125,init_knn1,N1,exponential,839.5712652426315,849.280852257579,1.0,0.5151741293532338,14.188339238932409,138.92285686390937,0.0,0.033202332554105735,"[[3105, 0], [0, 2853]]","[[190, 155], [166, 151]]"
disclosure_x_bias,126,init_knn1,N1,exponential,840.0816523453374,849.8002669193456,1.0,0.5151741293532338,14.343756712647057,138.78959906322433,0.0,0.033202332554105735,"[[3105, 0], [0, 2853]]","[[190, 155], [166, 151]]"
disclosure_x_bias,127,init_knn1,N1,exponential,840.180978384964,849.6501762509181,1.0,0.5151741293532338,14.448953540997692,138.98606800857,0.0,0.033202332554105735,"[[3105, 0], [0, 2853]]","[[190, 155], [166, 151]]"
disclosure_x_bias,128,init_knn1,N1,exponential,840.3063191827563,849.6448645583405,1.0,0.5151741293532338,14.400964966818918,139.05487018681208,0.0,0.033202332554105735,"[[3105, 0], [0, 2853]]","[[190, 155], [166, 151]]"
disclosure_x_bias,129,init_knn1,N1,exponential,840.5629488193454,849.5530254816204,1.0,0.5151741293532338,14.50422526153769,139.38695879926414,0.0,0.033202332554105735,"[[3105, 0], [0, 2853]]","[[190, 155], [166, 151]]"
disclosure_x_bias,130,init_knn1,N1,exponential,841.1649426290854,849.398829329211,1.0,0.5151741293532338,13.987528584679854,139.2129687999316,0.0,0.033202332554105735,"[[3105, 0], [0, 2853]]","[[190, 155], [166, 151]]"
disclosure_x_bias,131,init_knn1,N1,exponential,841.6943955586978,849.7015023059105,1.0,0.5151741293532338,13.980292295384505,139.3805273742082,0.0,0.033202332554105735,"[[3105, 0], [0, 2853]]","[[190, 155], [166, 151]]"
disclosure_x_bias,132,init_knn1,N1,exponential,841.9001074479596,849.8658133636056,1.0,0.5151741293532338,13.965431418917152,139.30835673770522,0.0,0.033202332554105735,"[[3105, 0], [0, 2853]]","[[190, 155], [166, 151]]"
disclosure_x_bias,133,init_knn1,N1,exponential,842.4402276234174,849.9494040555697,1.0,0.5151741293532338,13.792004201742074,139.15837156340731,0.0,0.033202332554105735,"[[3105, 0], [0, 2853]]","[[190, 155], [166, 151]]"
disclosure_x_bias,134,init_knn1,N1,exponential,842.5609366947319,849.5959006745231,1.0,0.5151741293532338,13.73623107693992,139.16998756639498,0.0,0.033202332554105735,"[[3105, 0], [0, 2853]]","[[190, 155], [166, 151]]"
disclosure_x_bias,135,init_knn1,N1,exponential,843.8377367268537,849.728182032695,1.0,0.5151741293532338,14.00953722652824,139.5085791393835,0.0,0.033202332554105735,"[[3105, 0], [0, 2853]]","[[190, 155], [166, 151]]"
disclosure_x_bias,136,init_knn1,N1,exponential,844.5272330578221,850.2565031498432,1.0,0.5151741293532338,14.065507029295864,139.52210721002206,0.0,0.033202332554105735,"[[3105, 0], [0, 2853]]","[[190, 155], [166, 151]]"
disclosure_x_bias,137,init_knn1,N1,exponential,845.590928899726,852.1651712040579,1.0,0.5151741293532338,16.517092675681127,144.39464024794793,0.0,0.033202332554105735,"[[3105, 0], [0, 2853]]","[[190, 155], [166, 151]]"
disclosure_x_bias,138,init_knn1,N1,exponential,845.7923482019899,852.4762640437508,1.0,0.5151741293532338,16.452071671998908,144.49269325220695,0.0,0.033202332554105735,"[[3105, 0], [0, 2853]]","[[190, 155], [166, 151]]"
disclosure_x_bias,139,init_knn1,N1,exponential,845.8607753953268,852.4342083890609,1.0,0.5151741293532338,16.541478315657884,144.69620482637654,0.0,0.033202332554105735,"[[3105, 0], [0, 2853]]","[[190, 155], [166, 151]]"
disclosure_x_bias,140,init_knn1,N1,exponential,846.2390985105334,852.6426141328923,1.0,0.5151741293532338,16.546786376371415,145.0539064735172,0.0,0.033202332554105735,"[[3105, 0], [0, 2853]]","[[190, 155], [166, 151]]"
disclosure_x_bias,141,init_knn1,N1,exponential,846.3918262867626,852.4490368837453,1.0,0.5151741293532338,16.70298577269429,145.24126644865666,0.0,0.033202332554105735,"[[3105, 0], [0, 2853]]","[[190, 155], [166, 151]]"
disclosure_x_bias,142,init_knn1,N1,exponential,846.7530035682094,853.1453543717162,1.0,0.5151741293532338,16.33754269142353,144.57445479958287,0.0,0.033202332554105735,"[[3105, 0], [0, 2853]]","[[190, 155], [166, 151]]"
disclosure_x_bias,143,init_knn1,N1,exponential,846.8152380973136,852.7660211694347,1.0,0.5151741293532338,16.34663610244444,144.6387934091056,0.0,0.033202332554105735,"[[3105, 0], [0, 2853]]","[[190, 155], [166, 151]]"
disclosure_x_bias,144,init_knn1,N1,exponential,847.0690450780021,853.3339406717536,1.0,0.5151741293532338,16.373574366580204,144.22129113767616,0.0,0.033202332554105735,"[[3105, 0], [0, 2853]]","[[190, 155], [166, 151]]"
disclosure_x_bias,145,init_knn1,N1,exponential,847.5620256955465,853.0867742321825,1.0,0.5151741293532338,16.40490029058186,144.2388447637656,0.0,0.033202332554105735,"[[3105, 0], [0, 2853]]","[[190, 155], [166, 151]]"
disclosure_x_bias,146,init_knn1,N1,exponential,847.6820359364195,853.1839066357494,1.0,0.5151741293532338,16.516635002744184,144.0538187260914,0.0,0.033202332554105735,"[[3105, 0], [0, 2853]]","[[190, 155], [166, 151]]"
disclosure_x_bias,147,init_knn1,N1,exponential,847.9264060833782,853.0188336570676,1.0,0.5151741293532338,16.956804105388212,144.12734728174317,0.0,0.033202332554105735,"[[3105, 0], [0, 2853]]","[[190, 155], [166, 151]]"
disclosure_x_bias,148,init_knn1,N1,exponential,848.1073387295116,853.3627827429422,1.0,0.5151741293532338,16.821092480654524,143.99120543546587,0.0,0.033202332554105735,"[[3105, 0], [0, 2853]]","[[190, 155], [166, 151]]"
disclosure_x_bias,149,init_knn1,N1,exponential,848.5856192046494,853.3609113009716,1.0,0.5151741293532338,16.83445002416976,143.94567799058208,0.0,0.033202332554105735,"[[3105, 0], [0, 2853]]","[[190, 155], [166, 151]]"
disclosure_x_bias,150,init_knn1,N1,exponential,849.2105422172057,854.2141092638676,1.0,0.5151741293532338,16.762452121851315,144.09973564785815,0.0,0.033202332554105735,"[[3105, 0], [0, 2853]]","[[190, 155], [166, 151]]"
disclosure_x_bias,151,init_knn1,N1,exponential,849.4986903973997,854.370162176138,1.0,0.5151741293532338,16.576384841503923,144.11686654183768,0.0,0.033202332554105735,"[[3105, 0], [0, 2853]]","[[190, 155], [166, 151]]"
disclosure_x_bias,152,init_knn1,N1,exponential,849.6433333443294,854.3479773416836,1.0,0.5151741293532338,16.534242657472337,144.09658191713606,0.0,0.033202332554105735,"[[3105, 0], [0, 2853]]","[[190, 155], [166, 151]]"
disclosure_x_bias,153,init_knn1,N1,exponential,850.0821345232847,854.697819260813,1.0,0.5151741293532338,16.521886607467717,144.97110046134577,0.0,0.033202332554105735,"[[3105, 0], [0, 2853]]","[[190, 155], [166, 151]]"
disclosure_x_bias,154,init_knn1,N1,exponential,850.3009229992655,854.7304853855442,1.0,0.5151741293532338,16.593167126161724,145.31324122341525,0.0,0.033202332554105735,"[[3105, 0], [0, 2853]]","[[190, 155], [166, 151]]"
disclosure_x_bias,155,init_knn1,N1,exponential,850.384194209463,854.6428357980965,1.0,0.5151741293532338,16.507830332191144,145.23196930885877,0.0,0.033202332554105735,"[[3105, 0], [0, 2853]]","[[190, 155], [166, 151]]"
disclosure_x_bias,156,init_knn1,N1,exponential,850.6670373491928,854.8016695356542,1.0,0.5151741293532338,16.603796713537186,145.54722442675697,0.0,0.033202332554105735,"[[3105, 0], [0, 2853]]","[[190, 155], [166, 151]]"
disclosure_x_bias,157,init_knn1,N1,exponential,851.0296104166922,854.6105374864503,1.0,0.5151741293532338,16.375224605830436,144.7569197879886,0.0,0.033202332554105735,"[[3105, 0], [0, 2853]]","[[190, 155], [166, 151]]"
disclosure_x_bias,158,init_knn1,N1,exponential,851.6131705766077,855.527388971352,1.0,0.5151741293532338,16.67448097573701,145.30034861730007,0.0,0.033202332554105735,"[[3105, 0], [0, 2853]]","[[190, 155], [166, 151]]"
disclosure_x_bias,159,init_knn1,N1,exponential,852.0116992310889,855.2205508568538,1.0,0.5151741293532338,16.65858149023148,145.1685752872346,0.0,0.033202332554105735,"[[3105, 0], [0, 2853]]","[[190, 155], [166, 151]]"
disclosure_x_bias,160,init_knn1,N1,exponential,852.1578465772687,855.4706166332659,1.0,0.5151741293532338,16.523855365511725,145.20548771841706,0.0,0.033202332554105735,"[[3105, 0], [0, 2853]]","[[190, 155], [166, 151]]"
disclosure_x_bias,161,init_knn1,N1,exponential,852.4009564896851,855.3971763994159,1.0,0.5151741293532338,16.737652536411836,145.01715038068642,0.0,0.033202332554105735,"[[3105, 0], [0, 2853]]","[[190, 155], [166, 151]]"
disclosure_x_bias,162,init_knn1,N1,exponential,852.5197581649863,855.4189032065326,1.0,0.5151741293532338,16.545226732140833,145.16330462056382,0.0,0.033202332554105735,"[[3105, 0], [0, 2853]]","[[190, 155], [166, 151]]"
disclosure_x_bias,163,init_knn1,N1,exponential,852.9605156913606,855.3790939094433,1.0,0.5151741293532338,16.894861497232572,145.24013460247605,0.0,0.033202332554105735,"[[3105, 0], [0, 2853]]","[[190, 155], [166, 151]]"
disclosure_x_bias,164,init_knn1,N1,exponential,853.0915217481031,855.6011947279782,1.0,0.5151741293532338,16.953193672153784,145.8818951245206,0.0,0.033202332554105735,"[[3105, 0], [0, 2853]]","[[190, 155], [166, 151]]"
disclosure_x_bias,165,init_knn1,N1,exponential,853.3839342138095,855.6316144727878,1.0,0.5151741293532338,17.13147232697043,146.02341270306277,0.0,0.033202332554105735,"[[3105, 0], [0, 2853]]","[[190, 155], [166, 151]]"
disclosure_x_bias,166,init_knn1,N1,exponential,853.8861100642118,856.2997033599461,1.0,0.5151741293532338,16.778099641019967,146.0755702502844,0.0,0.033202332554105735,"[[3105, 0], [0, 2853]]","[[190, 155], [166, 151]]"
disclosure_x_bias,167,init_knn1,N1,exponential,854.080535163939,856.4044923469776,1.0,0.5151741293532338,16.976415553377286,146.3563561146931,0.0,0.033202332554105735,"[[3105, 0], [0, 2853]]","[[190, 155], [166, 151]]"
disclosure_x_bias,168,init_knn1,N1,exponential,854.2117406248628,856.635674664255,1.0,0.5151741293532338,16.846521143764498,146.41432941940448,0.0,0.033202332554105735,"[[3105, 0], [0, 2853]]","[[190, 155], [166, 151]]"
disclosure_x_bias,169,init_knn1,N1,exponential,854.4846298674844,856.7088348584706,1.0,0.5151741293532338,16.93833827029887,146.33289336863075,0.0,0.033202332554105735,"[[3105, 0], [0, 2853]]","[[190, 155], [166, 151]]"
disclosure_x_bias,170,init_knn1,N1,exponential,854.9838154826696,857.321337512269,1.0,0.5151741293532338,16.798823088441836,145.97935678119464,0.0,0.033202332554105735,"[[3105, 0], [0, 2853]]","[[190, 155], [166, 151]]"
disclosure_x_bias,171,init_knn1,N1,exponential,855.2426325099502,857.5141145671435,1.0,0.5151741293532338,16.852746722659067,146.2387048216357,0.0,0.033202332554105735,"[[3105, 0], [0, 2853]]","[[190, 155], [166, 151]]"
disclosure_x_bias,172,init_knn1,N1,exponential,855.324275526515,857.5840861700214,1.0,0.5151741293532338,16.92245143728977,146.7922086496602,0.0,0.033202332554105735,"[[3105, 0], [0, 2853]]","[[190, 155], [166, 151]]"
disclosure_x_bias,173,init_knn1,N1,exponential,855.956977665038,858.1506933366711,1.0,0.5151741293532338,16.542829293537654,146.47800353777725,0.0,0.033202332554105735,"[[3105, 0], [0, 2853]]","[[190, 155], [166, 151]]"
disclosure_x_bias,174,init_knn1,N1,exponential,856.0917659142648,858.012549971649,1.0,0.5151741293532338,16.60894408886565,146.39274028832904,0.0,0.033202332554105735,"[[3105, 0], [0, 2853]]","[[190, 155], [166, 151]]"
disclosure_x_bias,175,init_knn1,N1,exponential,856.3971518116807,858.5092342342459,1.0,0.5151741293532338,16.438497705285073,146.5011534477003,0.0,0.033202332554105735,"[[3105, 0], [0, 2853]]","[[190, 155], [166, 151]]"
disclosure_x_bias,176,init_knn1,N1,exponential,856.5553005432063,858.2426594637175,1.0,0.5151741293532338,16.504250130520873,146.50249509659227,0.0,0.033202332554105735,"[[3105, 0], [0, 2853]]","[[190, 155], [166, 151]]"
disclosure_x_bias,177,init_knn1,N1,exponential,856.784496726819,858.5564286862336,1.0,0.5151741293532338,16.464188659365604,146.48101433115764,0.0,0.033202332554105735,"[[3105, 0], [0, 2853]]","[[190, 155], [166, 151]]"
disclosure_x_bias,178,init_knn1,N1,exponential,857.2190302320708,858.5319307045007,1.0,0.5151741293532338,16.544542673951153,147.44228494639987,0.0,0.033202332554105735,"[[3105, 0], [0, 2853]]","[[190, 155], [166, 151]]"
disclosure_x_bias,179,init_knn1,N1,exponential,857.59621207813,859.0430360178518,1.0,0.5151741293532338,16.468692038451817,147.18080958254794,0.0,0.033202332554105735,"[[3105, 0], [0, 2853]]","[[190, 155], [166, 151]]"
disclosure_x_bias,180,init_knn1,N1,exponential,857.9910373808112,859.5568970422994,1.0,0.5151741293532338,16.308294466556152,147.096767338309,0.0,0.033202332554105735,"[[3105, 0], [0, 2853]]","[[190, 155], [166, 151]]"
disclosure_x_bias,181,init_knn1,N1,exponential,858.1314913573231,859.9228829443251,1.0,0.5151741293532338,16.267746187812534,147.45791675151162,0.0,0.033202332554105735,"[[3105, 0], [0, 2853]]","[[190, 155], [166, 151]]"
disclosure_x_bias,182,init_knn1,N1,exponential,858.4063301771436,859.7224052118536,1.0,0.5151741293532338,16.168456301503685,147.32737572511718,0.0,0.033202332554105735,"[[3105, 0], [0, 2853]]","[[190, 155], [166, 151]]"
disclosure_x_bias,183,init_knn1,N1,exponential,858.5746795220206,860.1045005180131,1.0,0.5151741293532338,16.176999280374073,147.42847125485918,0.0,0.033202332554105735,"[[3105, 0], [0, 2853]]","[[190, 155], [166, 151]]"
disclosure_x_bias,184,init_knn1,N1,exponential,858.8524244468423,860.2696941495562,1.0,0.5151741293532338,16.171730865091313,146.87699817552416,0.0,0.033202332554105735,"[[3105, 0], [0, 2853]]","[[190, 155], [166, 151]]"
disclosure_x_bias,185,init_knn1,N1,exponential,858.9828146663707,860.2829536713076,1.0,0.5151741293532338,15.901294209692944,146.69364723831407,0.0,0.033202332554105735,"[[3105, 0], [0, 2853]]","[[190, 155], [166, 151]]"
disclosure_x_bias,186,init_knn1,N1,exponential,859.2518372663393,860.5352084745093,1.0,0.5151741293532338,16.280412260990826,147.15674045872058,0.0,0.033202332554105735,"[[3105, 0], [0, 2853]]","[[190, 155], [166, 151]]"
disclosure_x_bias,187,init_knn1,N1,exponential,860.6245058136423,862.880383607371,1.0,0.5151741293532338,19.316071671089706,152.70175696284073,0.0,0.033202332554105735,"[[3105, 0], [0, 2853]]","[[190, 155], [166, 151]]"
disclosure_x_bias,188,init_knn1,N1,exponential,860.6034135333773,862.6784616026977,1.0,0.5151741293532338,19.322076582322,152.85932187738996,0.0,0.033202332554105735,"[[3105, 0], [0, 2853]]","[[190, 155], [166, 151]]"
disclosure_x_bias,189,init_knn1,N1,exponential,861.4910210695771,863.0941813126271,1.0,0.5151741293532338,19.188695195709112,152.48003907994385,0.0,0.033202332554105735,"[[3105, 0], [0, 2853]]","[[190, 155], [166, 151]]"
disclosure_x_bias,190,init_knn1,N1,exponential,861.7062655754393,862.9694151303544,1.0,0.5151741293532338,18.89596510460963,152.61421981940794,0.0,0.033202332554105735,"[[3105, 0], [0, 2853]]","[[190, 155], [166, 151]]"
disclosure_x_bias,191,init_knn1,N1,exponential,861.9059507118785,863.0660461067944,1.0,0.5151741293532338,19.029892536874097,152.34081199651828,0.0,0.033202332554105735,"[[3105, 0], [0, 2853]]","[[190, 155], [166, 151]]"
disclosure_x_bias,192,init_knn1,N1,exponential,861.8635805861777,862.4324103328867,1.0,0.5151741293532338,18.803490568552373,152.09151530050937,0.0,0.033202332554105735,"[[3105, 0], [0, 2853]]","[[190, 155], [166, 151]]"
disclosure_x_bias,193,init_knn1,N1,exponential,862.2087286477184,862.7335232231919,1.0,0.5151741293532338,18.9416455719849,152.34746392467352,0.0,0.033202332554105735,"[[3105, 0], [0, 2853]]","[[190, 155], [166, 151]]"
disclosure_x_bias,194,init_knn1,N1,exponential,862.1754563087936,862.5789775059538,1.0,0.5151741293532338,18.915117386112538,152.40067295119547,0.0,0.033202332554105735,"[[3105, 0], [0, 2853]]","[[190, 155], [166, 151]]"
disclosure_x_bias,195,init_knn1,N1,exponential,862.6797102388757,863.0671834042129,1.0,0.5151741293532338,18.89398078951554,152.37998199140668,0.0,0.033202332554105735,"[[3105, 0], [0, 2853]]","[[190, 155], [166, 151]]"
disclosure_x_bias,196,init_knn1,N1,exponential,862.9955495836087,863.7009159584628,1.0,0.5151741293532338,18.979606251310788,152.43916258897573,0.0,0.033202332554105735,"[[3105, 0], [0, 2853]]","[[190, 155], [166, 151]]"
disclosure_x_bias,197,init_knn1,N1,exponential,863.3967603318054,863.535344288782,1.0,0.5151741293532338,18.938398840029215,152.3190614330392,0.0,0.033202332554105735,"[[3105, 0], [0, 2853]]","[[190, 155], [166, 151]]"
disclosure_x_bias,198,init_knn1,N1,exponential,863.5721952722646,863.8772707823589,1.0,0.5151741293532338,18.880552190921456,152.32638482772805,0.0,0.033202332554105735,"[[3105, 0], [0, 2853]]","[[190, 155], [166, 151]]"
disclosure_x_bias,199,init_knn1,N1,exponential,863.934203786492,864.260954369974,1.0,0.5151741293532338,18.74191933462258,152.27803107849715,0.0,0.033202332554105735,"[[3105, 0], [0, 2853]]","[[190, 155], [166, 151]]"
disclosure_x_bias,200,init_knn1,N1,exponential,864.5843723714122,864.016112638479,1.0,0.5151741293532338,18.764933818507068,152.43705089346898,0.0,0.033202332554105735,"[[3105, 0], [0, 2853]]","[[190, 155], [166, 151]]"
disclosure_x_bias,201,init_knn1,N1,exponential,864.8125097349891,864.28406788889,1.0,0.5151741293532338,18.85394952517114,152.70611092378,0.0,0.033202332554105735,"[[3105, 0], [0, 2853]]","[[190, 155], [166, 151]]"
disclosure_x_bias,202,init_knn1,N1,exponential,865.0862963493792,864.3319095762442,1.0,0.5151741293532338,18.82512808066846,152.31932348797298,0.0,0.033202332554105735,"[[3105, 0], [0, 2853]]","[[190, 155], [166, 151]]"
disclosure_x_bias,203,init_knn1,N1,exponential,865.5074546257489,864.0828465376462,1.0,0.5151741293532338,18.775784810256656,152.78984707043995,0.0,0.033202332554105735,"[[3105, 0], [0, 2853]]","[[190, 155], [166, 151]]"
disclosure_x_bias,204,init_knn1,N1,exponential,865.6260885320942,864.1002641217816,1.0,0.5151741293532338,18.512017394987865,152.46928297406944,0.0,0.033202332554105735,"[[3105, 0], [0, 2853]]","[[190, 155], [166, 151]]"
disclosure_x_bias,205,init_knn1,N1,exponential,866.2506903720383,863.9622277644654,1.0,0.5151741293532338,18.580420997447092,152.314079260175,0.0,0.033202332554105735,"[[3105, 0], [0, 2853]]","[[190, 155], [166, 151]]"
disclosure_x_bias,206,init_knn1,N1,exponential,866.4329550754135,864.6697824526989,1.0,0.5151741293532338,18.588977211069988,152.46739961736878,0.0,0.033202332554105735,"[[3105, 0], [0, 2853]]","[[190, 155], [166, 151]]"
disclosure_x_bias,207,init_knn1,N1,exponential,866.7819642217904,865.3050935207182,1.0,0.5151741293532338,18.77117153265572,152.2252825574916,0.0,0.033202332554105735,"[[3105, 0], [0, 2853]]","[[190, 155], [166, 151]]"
disclosure_x_bias,208,init_knn1,N1,exponential,866.8372009085699,865.0257635340437,1.0,0.5151741293532338,18.608039599680023,152.36961212830226,0.0,0.033202332554105735,"[[3105, 0], [0, 2853]]","[[190, 155], [166, 151]]"
disclosure_x_bias,209,init_knn1,N1,exponential,866.9574654818425,865.0549967247522,1.0,0.5151741293532338,18.9247077049858,151.8940430797698,0.0,0.033202332554105735,"[[3105, 0], [0, 2853]]","[[190, 155], [166, 151]]"
disclosure_x_bias,210,init_knn1,N1,exponential,867.3993471887355,864.8661637993007,1.0,0.5151741293532338,18.733885997774806,151.90270252879563,0.0,0.033202332554105735,"[[3105, 0], [0, 2853]]","[[190, 155], [166, 151]]"
disclosure_x_bias,211,init_knn1,N1,exponential,867.9071497709768,865.0472169619276,1.0,0.5151741293532338,19.307023044025108,151.7314276704113,0.0,0.033202332554105735,"[[3105, 0], [0, 2853]]","[[190, 155], [166, 151]]"
disclosure_x_bias,212,init_knn1,N1,exponential,868.2284124633616,864.9900132996993,1.0,0.5151741293532338,19.219022270365375,151.71444122207672,0.0,0.033202332554105735,"[[3105, 0], [0, 2853]]","[[190, 155], [166, 151]]"
disclosure_x_bias,213,init_knn1,N1,exponential,868.4417557545481,864.8736408015733,1.0,0.5151741293532338,19.253472448686786,151.9536370820224,0.0,0.033202332554105735,"[[3105, 0], [0, 2853]]","[[190, 155], [166, 151]]"
disclosure_x_bias,214,init_knn1,N1,exponential,868.5527928962443,865.0760701642266,1.0,0.5151741293532338,19.48003958128552,152.42917589168346,0.0,0.033202332554105735,"[[3105, 0], [0, 2853]]","[[190, 155], [166, 151]]"
disclosure_x_bias,215,init_knn1,N1,exponential,868.6783967050205,865.2775204321149,1.0,0.5151741293532338,19.351663298564766,152.32511058972776,0.0,0.033202332554105735,"[[3105, 0], [0, 2853]]","[[190, 155], [166, 151]]"
disclosure_x_bias,216,init_knn1,N1,exponential,869.3166063318822,866.261943737962,1.0,0.5151741293532338,19.159810642829807,152.5155462030118,0.0,0.033202332554105735,"[[3105, 0], [0, 2853]]","[[190, 155], [166, 151]]"
disclosure_x_bias,217,init_knn1,N1,exponential,869.5145586439918,866.3424653050624,1.0,0.5151741293532338,19.20743253596978,152.21657031725982,0.0,0.033202332554105735,"[[3105, 0], [0, 2853]]","[[190, 155], [166, 151]]"
disclosure_x_bias,218,init_knn1,N1,exponential,869.6199636505328,866.6282426299201,1.0,0.5151741293532338,19.2798880186454,153.3897393520596,0.0,0.033202332554105735,"[[3105, 0], [0, 2853]]","[[190, 155], [166, 151]]"
disclosure_x_bias,219,init_knn1,N1,exponential,869.7517765124837,866.7882430436739,1.0,0.5151741293532338,19.284600175766503,153.48355434253804,0.0,0.033202332554105735,"[[3105, 0], [0, 2853]]","[[190, 155], [166, 151]]"
disclosure_x_bias,220,init_knn1,N1,exponential,869.9505345087737,866.9488484307046,1.0,0.5151741293532338,19.22887299755227,153.45977959590562,0.0,0.033202332554105735,"[[3105, 0], [0, 2853]]","[[190, 155], [166, 151]]"
disclosure_x_bias,221,init_knn1,N1,exponential,870.1211067776421,867.1453161819702,1.0,0.5151741293532338,19.264298078118188,153.6367268084761,0.0,0.033202332554105735,"[[3105, 0], [0, 2853]]","[[190, 155], [166, 151]]"
disclosure_x_bias,222,init_knn1,N1,exponential,870.4200309780342,867.5005145754973,1.0,0.5151741293532338,19.637648585733572,154.39105939852809,0.0,0.033202332554105735,"[[3105, 0], [0, 2853]]","[[190, 155], [166, 151]]"
disclosure_x_bias,223,init_knn1,N1,exponential,870.5092228571215,867.1529634202558,1.0,0.5151741293532338,19.421488571630913,153.85960169862622,0.0,0.033202332554105735,"[[3105, 0], [0, 2853]]","[[190, 155], [166, 151]]"
disclosure_x_bias,224,init_knn1,N1,exponential,870.9861037960761,867.8423399578958,1.0,0.5151741293532338,19.443429370196196,153.66756012155633,0.0,0.033202332554105735,"[[3105, 0], [0, 2853]]","[[190, 155], [166, 151]]"
disclosure_x_bias,225,init_knn1,N1,exponential,871.1512437014159,867.5933079089039,1.0,0.5151741293532338,19.512452566138975,153.6201829015264,0.0,0.033202332554105735,"[[3105, 0], [0, 2853]]","[[190, 155], [166, 151]]"
disclosure_x_bias,226,init_knn1,N1,exponential,871.2822589481315,867.8973281356363,1.0,0.5151741293532338,19.407096782123325,153.51033538992763,0.0,0.033202332554105735,"[[3105, 0], [0, 2853]]","[[190, 155], [166, 151]]"
disclosure_x_bias,227,init_knn1,N1,exponential,871.5984649059026,868.0237737301107,1.0,0.5151741293532338,19.579599913925552,153.65876799093985,0.0,0.033202332554105735,"[[3105, 0], [0, 2853]]","[[190, 155], [166, 151]]"
disclosure_x_bias,228,init_knn1,N1,exponential,871.8180651773753,868.4929186364432,1.0,0.5151741293532338,19.871554222754582,153.15892356790607,0.0,0.033202332554105735,"[[3105, 0], [0, 2853]]","[[190, 155], [166, 151]]"
disclosure_x_bias,229,init_knn1,N1,exponential,872.2131760988999,868.8093210033963,1.0,0.5151741293532338,19.666081288941204,153.0838177434243,0.0,0.033202332554105735,"[[3105, 0], [0, 2853]]","[[190, 155], [166, 151]]"
disclosure_x_bias,230,init_knn1,N1,exponential,872.2662451260583,868.7364742903368,1.0,0.5151741293532338,19.681932952359578,153.1853825860692,0.0,0.033202332554105735,"[[3105, 0], [0, 2853]]","[[190, 155], [166, 151]]"
disclosure_x_bias,231,init_knn1,N1,exponential,872.4481195569278,868.6997705389091,1.0,0.5151741293532338,19.881398854220944,153.07110956791215,0.0,0.033202332554105735,"[[3105, 0], [0, 2853]]","[[190, 155], [166, 151]]"
disclosure_x_bias,232,init_knn1,N1,exponential,872.5500661073307,868.6769156742854,1.0,0.5151741293532338,19.706140583873495,153.00331500270374,0.0,0.033202332554105735,"[[3105, 0], [0, 2853]]","[[190, 155], [166, 151]]"
disclosure_x_bias,233,init_knn1,N1,exponential,872.8529782078031,868.785946249703,1.0,0.5151741293532338,19.779958632546816,152.8992178160426,0.0,0.033202332554105735,"[[3105, 0], [0, 2853]]","[[190, 155], [166, 151]]"
disclosure_x_bias,234,init_knn1,N1,exponential,873.3969435840188,869.522993123522,1.0,0.5151741293532338,19.636252420168717,153.84246882822532,0.0,0.033202332554105735,"[[3105, 0], [0, 2853]]","[[190, 155], [166, 151]]"
disclosure_x_bias,235,init_knn1,N1,exponential,873.751122452713,869.6538608436398,1.0,0.5151741293532338,19.57365283028425,153.81568486062528,0.0,0.033202332554105735,"[[3105, 0], [0, 2853]]","[[190, 155], [166, 151]]"
disclosure_x_bias,236,init_knn1,N1,exponential,873.8238332233392,869.7821445490779,1.0,0.5151741293532338,19.552823021627255,154.04718878749662,0.0,0.033202332554105735,"[[3105, 0], [0, 2853]]","[[190, 155], [166, 151]]"
disclosure_x_bias,237,init_knn1,N1,exponential,874.0745696116707,869.7416009721521,1.0,0.5151741293532338,19.796844292633292,154.0181113320006,0.0,0.033202332554105735,"[[3105, 0], [0, 2853]]","[[190, 155], [166, 151]]"
disclosure_x_bias,238,init_knn1,N1,exponential,874.2012988048873,869.5906587344456,1.0,0.5151741293532338,19.559816664128956,154.24336327520007,0.0,0.033202332554105735,"[[3105, 0], [0, 2853]]","[[190, 155], [166, 151]]"
disclosure_x_bias,239,init_knn1,N1,exponential,874.2784090342999,869.3595500044117,1.0,0.5151741293532338,19.57502120152754,154.1795885042177,0.0,0.033202332554105735,"[[3105, 0], [0, 2853]]","[[190, 155], [166, 151]]"
disclosure_x_bias,240,init_knn1,N1,exponential,874.5431084264774,869.565460183168,1.0,0.5151741293532338,19.41311385588171,154.14041327784597,0.0,0.033202332554105735,"[[3105, 0], [0, 2853]]","[[190, 155], [166, 151]]"
disclosure_x_bias,241,init_knn1,N1,exponential,874.7204862829249,869.4939199415337,1.0,0.5151741293532338,19.568693741176464,154.22105729784482,0.0,0.033202332554105735,"[[3105, 0], [0, 2853]]","[[190, 155], [166, 151]]"
disclosure_x_bias,242,init_knn1,N1,exponential,876.351570985869,872.0439709935297,1.0,0.5151741293532338,22.76618018574093,160.03325670652347,0.0,0.033202332554105735,"[[3105, 0], [0, 2853]]","[[190, 155], [166, 151]]"
disclosure_x_bias,243,init_knn1,N1,exponential,876.6731885747813,872.0798206199764,1.0,0.5151741293532338,23.13066312846838,160.1606190422404,0.0,0.033202332554105735,"[[3105, 0], [0, 2853]]","[[190, 155], [166, 151]]"
disclosure_x_bias,244,init_knn1,N1,exponential,876.858210054493,872.4826794379973,1.0,0.5151741293532338,22.703201989670138,159.67115800206142,0.0,0.033202332554105735,"[[3105, 0], [0, 2853]]","[[190, 155], [166, 151]]"
disclosure_x_bias,245,init_knn1,N1,exponential,876.8926764995322,872.5627897907098,1.0,0.5151741293532338,23.003473646849482,159.83614302512248,0.0,0.033202332554105735,"[[3105, 0], [0, 2853]]","[[190, 155], [166, 151]]"
disclosure_x_bias,246,init_knn1,N1,exponential,877.1022815506625,872.5569054451571,1.0,0.5151741293532338,22.812608945374475,159.87587621713448,0.0,0.033202332554105735,"[[3105, 0], [0, 2853]]","[[190, 155], [166, 151]]"
disclosure_x_bias,247,init_knn1,N1,exponential,877.4274919249698,873.2404855425968,1.0,0.5151741293532338,22.94505898129866,159.54640204130217,0.0,0.033202332554105735,"[[3105, 0], [0, 2853]]","[[190, 155], [166, 151]]"
disclosure_x_bias,248,init_knn1,N1,exponential,877.5430997763369,873.5954114804475,1.0,0.5151741293532338,22.865479887757388,159.47072135325445,0.0,0.033202332554105735,"[[3105, 0], [0, 2853]]","[[190, 155], [166, 151]]"
disclosure_x_bias,249,init_knn1,N1,exponential,877.691526571869,873.4681803965652,1.0,0.5151741293532338,22.92226248721603,159.75090358576637,0.0,0.033202332554105735,"[[3105, 0], [0, 2853]]","[[190, 155], [166, 151]]"
disclosure_x_bias,250,init_knn1,N1,exponential,877.8183309452177,873.5302170417605,1.0,0.5151741293532338,22.871937077164638,159.90243130957475,0.0,0.033202332554105735,"[[3105, 0], [0, 2853]]","[[190, 155], [166, 151]]"
disclosure_x_bias,251,init_knn1,N1,exponential,877.9947175816202,873.4192041340006,1.0,0.5151741293532338,22.909152016433715,160.09695172555814,0.0,0.033202332554105735,"[[3105, 0], [0, 2853]]","[[190, 155], [166, 151]]"
disclosure_x_bias,252,init_knn1,N1,exponential,878.1309364277838,873.4124156969572,1.0,0.5151741293532338,22.802624789434706,160.14419348178427,0.0,0.033202332554105735,"[[3105, 0], [0, 2853]]","[[190, 155], [166, 151]]"
disclosure_x_bias,253,init_knn1,N1,exponential,878.3168640375804,873.9145891994807,1.0,0.5151741293532338,22.907026542003127,160.03606624702363,0.0,0.033202332554105735,"[[3105, 0], [0, 2853]]","[[190, 155], [166, 151]]"
disclosure_x_bias,254,init_knn1,N1,exponential,878.69367688126,873.9363695915966,1.0,0.5151741293532338,22.88125398866647,159.75618714620842,0.0,0.033202332554105735,"[[3105, 0], [0, 2853]]","[[190, 155], [166, 151]]"
disclosure_x_bias,255,init_knn1,N1,exponential,878.6022593829782,874.181801366583,1.0,0.5151741293532338,22.7819489957486,159.85616588652837,0.0,0.033202332554105735,"[[3105, 0], [0, 2853]]","[[190, 155], [166, 151]]"
disclosure_x_bias,256,init_knn1,N1,exponential,879.2107027013686,873.9962299275574,1.0,0.5151741293532338,22.55981710648231,159.96346241379516,0.0,0.033202332554105735,"[[3105, 0], [0, 2853]]","[[190, 155], [166, 151]]"
disclosure_x_bias,257,init_knn1,N1,exponential,879.2760647344782,874.2411237384551,1.0,0.5151741293532338,22.622733283200564,160.23830527677816,0.0,0.033202332554105735,"[[3105, 0], [0, 2853]]","[[190, 155], [166, 151]]"
disclosure_x_bias,258,init_knn1,N1,exponential,879.9118963926155,874.0586714213608,1.0,0.5151741293532338,22.49333137183732,159.93023677398182,0.0,0.033202332554105735,"[[3105, 0], [0, 2853]]","[[190, 155], [166, 151]]"
disclosure_x_bias,259,init_knn1,N1,exponential,880.2341621249836,874.5131991494809,1.0,0.5151741293532338,22.423921563118558,160.29225351456856,0.0,0.033202332554105735,"[[3105, 0], [0, 2853]]","[[190, 155], [166, 151]]"
disclosure_x_bias,260,init_knn1,N1,exponential,880.4736147107567,875.1561583212927,1.0,0.5151741293532338,22.645981307915527,161.09815045513835,0.0,0.033202332554105735,"[[3105, 0], [0, 2853]]","[[190, 155], [166, 151]]"
disclosure_x_bias,261,init_knn1,N1,exponential,880.9564372740233,875.6660245496208,1.0,0.5151741293532338,22.28114346025243,160.9689517191977,0.0,0.033202332554105735,"[[3105, 0], [0, 2853]]","[[190, 155], [166, 151]]"
disclosure_x_bias,262,init_knn1,N1,exponential,881.1834514956379,876.1182691647961,1.0,0.5151741293532338,22.44049138513655,160.87939920752714,0.0,0.033202332554105735,"[[3105, 0], [0, 2853]]","[[190, 155], [166, 151]]"
disclosure_x_bias,263,init_knn1,N1,exponential,881.1640744819891,876.1264810108316,1.0,0.5151741293532338,22.33707743062188,160.6614492204357,0.0,0.033202332554105735,"[[3105, 0], [0, 2853]]","[[190, 155], [166, 151]]"
disclosure_x_bias,264,init_knn1,N1,exponential,881.318652935063,876.2770878682562,1.0,0.5151741293532338,22.30290661935986,160.60467329169498,0.0,0.033202332554105735,"[[3105, 0], [0, 2853]]","[[190, 155], [166, 151]]"
disclosure_x_bias,265,init_knn1,N1,exponential,882.038374086974,876.2471826206854,1.0,0.5151741293532338,21.922439944329525,160.8537624145899,0.0,0.033202332554105735,"[[3105, 0], [0, 2853]]","[[190, 155], [166, 151]]"
disclosure_x_bias,266,init_knn1,N1,exponential,882.2738548454278,876.1401683567734,1.0,0.5151741293532338,22.035745251699524,160.5865267455251,0.0,0.033202332554105735,"[[3105, 0], [0, 2853]]","[[190, 155], [166, 151]]"
disclosure_x_bias,267,init_knn1,N1,exponential,882.3567807250813,876.1341765968442,1.0,0.5151741293532338,21.840021769334918,160.60977459576492,0.0,0.033202332554105735,"[[3105, 0], [0, 2853]]","[[190, 155], [166, 151]]"
disclosure_x_bias,268,init_knn1,N1,exponential,882.4933909774066,876.1033860650456,1.0,0.5151741293532338,21.846138144826224,160.58130196550877,0.0,0.033202332554105735,"[[3105, 0], [0, 2853]]","[[190, 155], [166, 151]]"
disclosure_x_bias,269,init_knn1,N1,exponential,882.5966100946746,876.3740039370352,1.0,0.5151741293532338,21.775459558746054,160.82694290280824,0.0,0.033202332554105735,"[[3105, 0], [0, 2853]]","[[190, 155], [166, 151]]"
disclosure_x_bias,270,init_knn1,N1,exponential,882.8061138877396,876.2153609124537,1.0,0.5151741293532338,21.754365144013352,160.67752376527332,0.0,0.033202332554105735,"[[3105, 0], [0, 2853]]","[[190, 155], [166, 151]]"
disclosure_x_bias,271,init_knn1,N1,exponential,882.8751575639335,876.4011683806506,1.0,0.5151741293532338,21.558073686672298,160.92683672508312,0.0,0.033202332554105735,"[[3105, 0], [0, 2853]]","[[190, 155], [166, 151]]"
disclosure_x_bias,272,init_knn1,N1,exponential,883.0316327213513,876.2871221381589,1.0,0.5151741293532338,21.724790012906276,160.52382031530652,0.0,0.033202332554105735,"[[3105, 0], [0, 2853]]","[[190, 155], [166, 151]]"
disclosure_x_bias,273,init_knn1,N1,exponential,883.2671471777792,876.9418008457953,1.0,0.5151741293532338,21.687232687021993,161.0266593125903,0.0,0.033202332554105735,"[[3105, 0], [0, 2853]]","[[190, 155], [166, 151]]"
disclosure_x_bias,274,init_knn1,N1,exponential,883.3059604092311,876.9267794539994,1.0,0.5151741293532338,21.570528474573177,161.1059778697089,0.0,0.033202332554105735,"[[3105, 0], [0, 2853]]","[[190, 155], [166, 151]]"
disclosure_x_bias,275,init_knn1,N1,exponential,884.1085823887021,877.7817095292432,1.0,0.5151741293532338,21.730125876142885,160.84863705345973,0.0,0.033202332554105735,"[[3105, 0], [0, 2853]]","[[190, 155], [166, 151]]"
disclosure_x_bias,276,init_knn1,N1,exponential,884.1489745978164,877.7944977785677,1.0,0.5151741293532338,21.61288297877719,160.63140162960727,0.0,0.033202332554105735,"[[3105, 0], [0, 2853]]","[[190, 155], [166, 151]]"
disclosure_x_bias,277,init_knn1,N1,exponential,884.4293012895523,878.198199500284,1.0,0.5151741293532338,21.952617098111944,161.51587218595978,0.0,0.033202332554105735,"[[3105, 0], [0, 2853]]","[[190, 155], [166, 151]]"
disclosure_x_bias,278,init_knn1,N1,exponential,884.5378172029874,878.0421480834408,1.0,0.5151741293532338,21.64510896106445,160.79278293342495,0.0,0.033202332554105735,"[[3105, 0], [0, 2853]]","[[190, 155], [166, 151]]"
disclosure_x_bias,279,init_knn1,N1,exponential,884.6925687239527,878.0735911595608,1.0,0.5151741293532338,21.76387434754812,161.15386397864634,0.0,0.033202332554105735,"[[3105, 0], [0, 2853]]","[[190, 155], [166, 151]]"
disclosure_x_bias,280,init_knn1,N1,exponential,884.7973823010132,878.3138379125487,1.0,0.5151741293532338,21.738472620806476,161.0041310016988,0.0,0.033202332554105735,"[[3105, 0], [0, 2853]]","[[190, 155], [166, 151]]"
disclosure_x_bias,281,init_knn1,N1,exponential,885.0502375011295,878.3939859255709,1.0,0.5151741293532338,21.7525449038146,161.1823240956772,0.0,0.033202332554105735,"[[3105, 0], [0, 2853]]","[[190, 155], [166, 151]]"
disclosure_x_bias,282,init_knn1,N1,exponential,885.4138850925353,878.6638199691695,1.0,0.5151741293532338,21.54386651868627,161.08886686770958,0.0,0.033202332554105735,"[[3105, 0], [0, 2853]]","[[190, 155], [166, 151]]"
disclosure_x_bias,283,init_knn1,N1,exponential,885.4591043964971,878.6032070743425,1.0,0.5151741293532338,21.653932313416963,161.3286478460332,0.0,0.033202332554105735,"[[3105, 0], [0, 2853]]","[[190, 155], [166, 151]]"
disclosure_x_bias,284,init_knn1,N1,exponential,885.9530067900884,878.9037961254395,1.0,0.5151741293532338,21.853014711723137,161.26791709668197,0.0,0.033202332554105735,"[[3105, 0], [0, 2853]]","[[190, 155], [166, 151]]"
disclosure_x_bias,285,init_knn1,N1,exponential,886.1334786850703,878.8999302252435,1.0,0.5151741293532338,21.96758609582805,161.5388018211358,0.0,0.033202332554105735,"[[3105, 0], [0, 2853]]","[[190, 155], [166, 151]]"
disclosure_x_bias,286,init_knn1,N1,exponential,886.2867639656184,879.244106483737,1.0,0.5151741293532338,21.861010942474557,161.282870470329,0.0,0.033202332554105735,"[[3105, 0], [0, 2853]]","[[190, 155], [166, 151]]"
disclosure_x_bias,287,init_knn1,N1,exponential,886.4079098389591,879.2688570686278,1.0,0.5151741293532338,21.89582255663636,161.18823919406157,0.0,0.033202332554105735,"[[3105, 0], [0, 2853]]","[[190, 155], [166, 151]]"
disclosure_x_bias,288,init_knn1,N1,exponential,886.5225987831678,879.3073856888101,1.0,0.5151741293532338,21.982511487306194,161.57056858596025,0.0,0.033202332554105735,"[[3105, 0], [0, 2853]]","[[190, 155], [166, 151]]"
disclosure_x_bias,289,init_knn1,N1,exponential,886.9504133090464,879.5106318762055,1.0,0.5151741293532338,22.658170950048977,161.29616099923774,0.0,0.033202332554105735,"[[3105, 0], [0, 2853]]","[[190, 155], [166, 151]]"
disclosure_x_bias,290,init_knn1,N1,exponential,886.9387235421106,879.5087165437201,1.0,0.5151741293532338,22.488824894744273,161.44163316106813,0.0,0.033202332554105735,"[[3105, 0], [0, 2853]]","[[190, 155], [166, 151]]"
disclosure_x_bias,291,init_knn1,N1,exponential,887.1898273779556,879.560722763024,1.0,0.5151741293532338,22.625827034325695,160.85827841805033,0.0,0.033202332554105735,"[[3105, 0], [0, 2853]]","[[190, 155], [166, 151]]"
disclosure_x_bias,292,init_knn1,N1,exponential,887.1909851139906,879.4051089685352,1.0,0.5151741293532338,22.65269271142076,161.18301119905976,0.0,0.033202332554105735,"[[3105, 0], [0, 2853]]","[[190, 155], [166, 151]]"
disclosure_x_bias,293,init_knn1,N1,exponential,888.021994063303,879.391328593043,1.0,0.5151741293532338,22.603211830113565,161.2891169149571,0.0,0.033202332554105735,"[[3105, 0], [0, 2853]]","[[190, 155], [166, 151]]"
disclosure_x_bias,294,init_knn1,N1,exponential,888.0633215054329,879.5476208747565,1.0,0.5151741293532338,22.60795436455757,161.48184053548698,0.0,0.033202332554105735,"[[3105, 0], [0, 2853]]","[[190, 155], [166, 151]]"
disclosure_x_bias,295,init_knn1,N1,exponential,888.3354290630359,879.8356181844662,1.0,0.5151741293532338,22.62290374211271,161.19255994976808,0.0,0.033202332554105735,"[[3105, 0], [0, 2853]]","[[190, 155], [166, 151]]"
disclosure_x_bias,296,init_knn1,N1,exponential,888.7060346013456,880.8389448161249,1.0,0.5151741293532338,22.658233914870223,160.9170803365772,0.0,0.033202332554105735,"[[3105, 0], [0, 2853]]","[[190, 155], [166, 151]]"
disclosure_x_bias,297,init_knn1,N1,exponential,888.7306817784229,880.4883755775242,1.0,0.5151741293532338,22.519750641171797,160.88272682160334,0.0,0.033202332554105735,"[[3105, 0], [0, 2853]]","[[190, 155], [166, 151]]"
disclosure_x_bias,298,init_knn1,N1,exponential,888.9239816458264,880.5081073312198,1.0,0.5151741293532338,22.640593403772854,161.01179548357084,0.0,0.033202332554105735,"[[3105, 0], [0, 2853]]","[[190, 155], [166, 151]]"
disclosure_x_bias,299,init_knn1,N1,exponential,889.2191400098405,880.8641631032272,1.0,0.5151741293532338,22.592751196700352,161.28690201793725,0.0,0.033202332554105735,"[[3105, 0], [0, 2853]]","[[190, 155], [166, 151]]"
disclosure_x_bias,300,init_knn1,N1,exponential,890.1097549956228,881.0295951951687,1.0,0.5151741293532338,22.586669047679543,161.2594191234086,0.0,0.033202332554105735,"[[3105, 0], [0, 2853]]","[[190, 155], [166, 151]]"
disclosure_x_bias,1,init_knn1,N2,log_loss,1.1901107006047788e-07,7.730124990636815,1.0,0.5151741293532338,3.8803399514536554e-11,0.5288059921312618,0.0,0.033202332554105735,"[[3105, 0], [0, 2853]]","[[190, 155], [166, 151]]"
disclosure_x_bias,2,init_knn1,N2,log_loss,1.1883851837037129e-07,7.73093802364432,1.0,0.5151741293532338,6.816413067864612e-11,0.5288423670212298,0.0,0.033202332554105735,"[[3105, 0], [0, 2853]]","[[190, 155], [166, 151]]"
disclosure_x_bias,3,init_knn1,N2,log_loss,1.1868663923256258e-07,7.731669816274388,1.0,0.5151741293532338,9.292333875370826e-11,0.5293346059343557,0.0,0.033202332554105735,"[[3105, 0], [0, 2853]]","[[190, 155], [166, 151]]"
disclosure_x_bias,4,init_knn1,N2,log_loss,1.185442135057983e-07,7.7321798832705095,1.0,0.5151741293532338,1.1526923761992336e-10,0.5289511075667916,0.0,0.033202332554105735,"[[3105, 0], [0, 2853]]","[[190, 155], [166, 151]]"
disclosure_x_bias,5,init_knn1,N2,log_loss,1.1841653337860861e-07,7.732953772899774,1.0,0.5151741293532338,1.3129988579848846e-10,0.5292266835524371,0.0,0.033202332554105735,"[[3105, 0], [0, 2853]]","[[190, 155], [166, 151]]"
disclosure_x_bias,6,init_knn1,N2,log_loss,1.1829300654481654e-07,7.733151025181333,1.0,0.5151741293532338,1.4471419368949383e-10,0.5294759784858605,0.0,0.033202332554105735,"[[3105, 0], [0, 2853]]","[[190, 155], [166, 151]]"
disclosure_x_bias,7,init_knn1,N2,log_loss,1.1817607232795211e-07,7.733584258196602,1.0,0.5151741293532338,1.5991090409202532e-10,0.5295306850436394,0.0,0.033202332554105735,"[[3105, 0], [0, 2853]]","[[190, 155], [166, 151]]"
disclosure_x_bias,8,init_knn1,N2,log_loss,1.1806379625434363e-07,7.73385401543135,1.0,0.5151741293532338,1.7755820595830396e-10,0.529244728187833,0.0,0.033202332554105735,"[[3105, 0], [0, 2853]]","[[190, 155], [166, 151]]"
disclosure_x_bias,9,init_knn1,N2,log_loss,1.1795926421842518e-07,7.734002227881183,1.0,0.5151741293532338,1.8880546000964173e-10,0.5291918006990963,0.0,0.033202332554105735,"[[3105, 0], [0, 2853]]","[[190, 155], [166, 151]]"
disclosure_x_bias,10,init_knn1,N2,log_loss,1.1785835758973497e-07,7.734633572187403,1.0,0.5151741293532338,2.0116642684682476e-10,0.5294713443063065,0.0,0.033202332554105735,"[[3105, 0], [0, 2853]]","[[190, 155], [166, 151]]"
disclosure_x_bias,11,init_knn1,N2,log_loss,1.1776165189863505e-07,7.7348508335341055,1.0,0.5151741293532338,2.1367671735179318e-10,0.5294797785303951,0.0,0.033202332554105735,"[[3105, 0], [0, 2853]]","[[190, 155], [166, 151]]"
disclosure_x_bias,12,init_knn1,N2,log_loss,1.1766572031789588e-07,7.735628551817102,1.0,0.5151741293532338,2.3105251821835034e-10,0.5294564341969128,0.0,0.033202332554105735,"[[3105, 0], [0, 2853]]","[[190, 155], [166, 151]]"
disclosure_x_bias,13,init_knn1,N2,log_loss,1.1757424256753433e-07,7.735671366778902,1.0,0.5151741293532338,2.397916171804938e-10,0.529374429814951,0.0,0.033202332554105735,"[[3105, 0], [0, 2853]]","[[190, 155], [166, 151]]"
disclosure_x_bias,14,init_knn1,N2,log_loss,1.1748526691842556e-07,7.7359724965332575,1.0,0.5151741293532338,2.496703371614732e-10,0.5293379951172053,0.0,0.033202332554105735,"[[3105, 0], [0, 2853]]","[[190, 155], [166, 151]]"
disclosure_x_bias,15,init_knn1,N2,log_loss,1.1739828860823583e-07,7.73606617629422,1.0,0.5151741293532338,2.57371132310167e-10,0.5293024236143885,0.0,0.033202332554105735,"[[3105, 0], [0, 2853]]","[[190, 155], [166, 151]]"
disclosure_x_bias,16,init_knn1,N2,log_loss,1.1731641759105769e-07,7.7362504041981905,1.0,0.5151741293532338,2.6347743395772157e-10,0.5294921334466753,0.0,0.033202332554105735,"[[3105, 0], [0, 2853]]","[[190, 155], [166, 151]]"
disclosure_x_bias,17,init_knn1,N2,log_loss,1.1723491594754463e-07,7.7365979015400965,1.0,0.5151741293532338,2.682651592946476e-10,0.5295942345439053,0.0,0.033202332554105735,"[[3105, 0], [0, 2853]]","[[190, 155], [166, 151]]"
disclosure_x_bias,18,init_knn1,N2,log_loss,1.1715792942102547e-07,7.736358576681641,1.0,0.5151741293532338,2.750530826342825e-10,0.529631225472375,0.0,0.033202332554105735,"[[3105, 0], [0, 2853]]","[[190, 155], [166, 151]]"
disclosure_x_bias,19,init_knn1,N2,log_loss,1.1707634337170812e-07,7.73686611251978,1.0,0.5151741293532338,2.9104608482276133e-10,0.5296222637954301,0.0,0.033202332554105735,"[[3105, 0], [0, 2853]]","[[190, 155], [166, 151]]"
disclosure_x_bias,20,init_knn1,N2,log_loss,1.1700371804375855e-07,7.737397182006964,1.0,0.5151741293532338,2.9729729035663114e-10,0.5297960747990738,0.0,0.033202332554105735,"[[3105, 0], [0, 2853]]","[[190, 155], [166, 151]]"
disclosure_x_bias,21,init_knn1,N2,log_loss,1.1693413710533718e-07,7.7374466377204225,1.0,0.5151741293532338,3.035296935216249e-10,0.5296291884184343,0.0,0.033202332554105735,"[[3105, 0], [0, 2853]]","[[190, 155], [166, 151]]"
disclosure_x_bias,22,init_knn1,N2,log_loss,1.1686456039329914e-07,7.7374488413632445,1.0,0.5151741293532338,3.0951943348332335e-10,0.5296751974795679,0.0,0.033202332554105735,"[[3105, 0], [0, 2853]]","[[190, 155], [166, 151]]"
disclosure_x_bias,23,init_knn1,N2,log_loss,1.1679221133109156e-07,7.7375957516936635,1.0,0.5151741293532338,3.1618590380792203e-10,0.5298089561116381,0.0,0.033202332554105735,"[[3105, 0], [0, 2853]]","[[190, 155], [166, 151]]"
disclosure_x_bias,24,init_knn1,N2,log_loss,1.1671837162542494e-07,7.7378056809847,1.0,0.5151741293532338,3.207970537227836e-10,0.5295381297377113,0.0,0.033202332554105735,"[[3105, 0], [0, 2853]]","[[190, 155], [166, 151]]"
disclosure_x_bias,25,init_knn1,N2,log_loss,1.1664980248119482e-07,7.738092393669857,1.0,0.5151741293532338,3.2230627067038147e-10,0.5295548051986004,0.0,0.033202332554105735,"[[3105, 0], [0, 2853]]","[[190, 155], [166, 151]]"
disclosure_x_bias,26,init_knn1,N2,log_loss,1.165775043150077e-07,7.738476211370698,1.0,0.5151741293532338,3.346166054651429e-10,0.5292946203188846,0.0,0.033202332554105735,"[[3105, 0], [0, 2853]]","[[190, 155], [166, 151]]"
disclosure_x_bias,27,init_knn1,N2,log_loss,1.1651593873026035e-07,7.738594145160873,1.0,0.5151741293532338,3.4002208835768747e-10,0.529467765828562,0.0,0.033202332554105735,"[[3105, 0], [0, 2853]]","[[190, 155], [166, 151]]"
disclosure_x_bias,28,init_knn1,N2,log_loss,1.164548695826424e-07,7.738560785057727,1.0,0.5151741293532338,3.4193345180736595e-10,0.52965268937499,0.0,0.033202332554105735,"[[3105, 0], [0, 2853]]","[[190, 155], [166, 151]]"
disclosure_x_bias,29,init_knn1,N2,log_loss,1.1639641644924387e-07,7.738681720329855,1.0,0.5151741293532338,3.467918185761181e-10,0.5299835121280457,0.0,0.033202332554105735,"[[3105, 0], [0, 2853]]","[[190, 155], [166, 151]]"
disclosure_x_bias,30,init_knn1,N2,log_loss,1.1633399911106448e-07,7.738545888189241,1.0,0.5151741293532338,3.5141918477553767e-10,0.5301847624858576,0.0,0.033202332554105735,"[[3105, 0], [0, 2853]]","[[190, 155], [166, 151]]"
disclosure_x_bias,31,init_knn1,N2,log_loss,1.1627679197223618e-07,7.738709125975385,1.0,0.5151741293532338,3.532014058737961e-10,0.5301701928243061,0.0,0.033202332554105735,"[[3105, 0], [0, 2853]]","[[190, 155], [166, 151]]"
disclosure_x_bias,32,init_knn1,N2,log_loss,1.1621795335653166e-07,7.738672213956957,1.0,0.5151741293532338,3.5911089881850866e-10,0.5302010504041389,0.0,0.033202332554105735,"[[3105, 0], [0, 2853]]","[[190, 155], [166, 151]]"
disclosure_x_bias,33,init_knn1,N2,log_loss,1.1615630599197036e-07,7.738609717451152,1.0,0.5151741293532338,3.634790062918548e-10,0.5302177686678536,0.0,0.033202332554105735,"[[3105, 0], [0, 2853]]","[[190, 155], [166, 151]]"
disclosure_x_bias,34,init_knn1,N2,log_loss,1.1610278839284716e-07,7.739064936704535,1.0,0.5151741293532338,3.66232405641416e-10,0.530542149609326,0.0,0.033202332554105735,"[[3105, 0], [0, 2853]]","[[190, 155], [166, 151]]"
disclosure_x_bias,35,init_knn1,N2,log_loss,1.1604738671595373e-07,7.7391320602532305,1.0,0.5151741293532338,3.656936174389309e-10,0.530674819592825,0.0,0.033202332554105735,"[[3105, 0], [0, 2853]]","[[190, 155], [166, 151]]"
disclosure_x_bias,36,init_knn1,N2,log_loss,1.1599309777923217e-07,7.739402662522027,1.0,0.5151741293532338,3.689967044368319e-10,0.5308056120177247,0.0,0.033202332554105735,"[[3105, 0], [0, 2853]]","[[190, 155], [166, 151]]"
disclosure_x_bias,37,init_knn1,N2,log_loss,1.1594145549155352e-07,7.739463022909954,1.0,0.5151741293532338,3.720579861532098e-10,0.5308409512095722,0.0,0.033202332554105735,"[[3105, 0], [0, 2853]]","[[190, 155], [166, 151]]"
disclosure_x_bias,38,init_knn1,N2,log_loss,1.158878309553985e-07,7.73945460689188,1.0,0.5151741293532338,3.708481650324754e-10,0.5308956661337291,0.0,0.033202332554105735,"[[3105, 0], [0, 2853]]","[[190, 155], [166, 151]]"
disclosure_x_bias,39,init_knn1,N2,log_loss,1.1583360599101247e-07,7.739742143035332,1.0,0.5151741293532338,3.825416724833674e-10,0.5303166476803594,0.0,0.033202332554105735,"[[3105, 0], [0, 2853]]","[[190, 155], [166, 151]]"
disclosure_x_bias,40,init_knn1,N2,log_loss,1.1578011195074476e-07,7.739902841243991,1.0,0.5151741293532338,3.9056636885105005e-10,0.5303933005798306,0.0,0.033202332554105735,"[[3105, 0], [0, 2853]]","[[190, 155], [166, 151]]"
disclosure_x_bias,41,init_knn1,N2,log_loss,1.1573045955153513e-07,7.739865798352591,1.0,0.5151741293532338,3.896628658004785e-10,0.5307021755163663,0.0,0.033202332554105735,"[[3105, 0], [0, 2853]]","[[190, 155], [166, 151]]"
disclosure_x_bias,42,init_knn1,N2,log_loss,1.1567825327658411e-07,7.739996835836787,1.0,0.5151741293532338,3.927322767825754e-10,0.5306264922740972,0.0,0.033202332554105735,"[[3105, 0], [0, 2853]]","[[190, 155], [166, 151]]"
disclosure_x_bias,43,init_knn1,N2,log_loss,1.1563179612156659e-07,7.740001316672831,1.0,0.5151741293532338,3.929602685725245e-10,0.5307588341292616,0.0,0.033202332554105735,"[[3105, 0], [0, 2853]]","[[190, 155], [166, 151]]"
disclosure_x_bias,44,init_knn1,N2,log_loss,1.1558192643950826e-07,7.739894221207935,1.0,0.5151741293532338,3.9732143610834976e-10,0.5307941407397341,0.0,0.033202332554105735,"[[3105, 0], [0, 2853]]","[[190, 155], [166, 151]]"
disclosure_x_bias,45,init_knn1,N2,log_loss,1.1554001642111022e-07,7.7401984247785505,1.0,0.5151741293532338,3.98930524712332e-10,0.5307993958088394,0.0,0.033202332554105735,"[[3105, 0], [0, 2853]]","[[190, 155], [166, 151]]"
disclosure_x_bias,46,init_knn1,N2,log_loss,1.1549341315859706e-07,7.74046227726415,1.0,0.5151741293532338,3.999038041705874e-10,0.530880607792129,0.0,0.033202332554105735,"[[3105, 0], [0, 2853]]","[[190, 155], [166, 151]]"
disclosure_x_bias,47,init_knn1,N2,log_loss,1.154431447140136e-07,7.74087561882232,1.0,0.5151741293532338,4.100398150319257e-10,0.5308690760343803,0.0,0.033202332554105735,"[[3105, 0], [0, 2853]]","[[190, 155], [166, 151]]"
disclosure_x_bias,48,init_knn1,N2,log_loss,1.1539771201898291e-07,7.740830790511157,1.0,0.5151741293532338,4.13610909692791e-10,0.5309504100455895,0.0,0.033202332554105735,"[[3105, 0], [0, 2853]]","[[190, 155], [166, 151]]"
disclosure_x_bias,49,init_knn1,N2,log_loss,1.1535192036114556e-07,7.740855211405297,1.0,0.5151741293532338,4.142804370888062e-10,0.5310712120297368,0.0,0.033202332554105735,"[[3105, 0], [0, 2853]]","[[190, 155], [166, 151]]"
disclosure_x_bias,50,init_knn1,N2,log_loss,1.1530639667759483e-07,7.740883447432607,1.0,0.5151741293532338,4.147727114973279e-10,0.5313156822553831,0.0,0.033202332554105735,"[[3105, 0], [0, 2853]]","[[190, 155], [166, 151]]"
disclosure_x_bias,51,init_knn1,N2,log_loss,1.1526723683312029e-07,7.740867860134371,1.0,0.5151741293532338,4.152975588238323e-10,0.5313884509113143,0.0,0.033202332554105735,"[[3105, 0], [0, 2853]]","[[190, 155], [166, 151]]"
disclosure_x_bias,52,init_knn1,N2,log_loss,1.1522753525028516e-07,7.741042289657034,1.0,0.5151741293532338,4.189792754575993e-10,0.5313230457929982,0.0,0.033202332554105735,"[[3105, 0], [0, 2853]]","[[190, 155], [166, 151]]"
disclosure_x_bias,53,init_knn1,N2,log_loss,1.151864690617003e-07,7.741283175483193,1.0,0.5151741293532338,4.23273328321321e-10,0.5310220579246491,0.0,0.033202332554105735,"[[3105, 0], [0, 2853]]","[[190, 155], [166, 151]]"
disclosure_x_bias,54,init_knn1,N2,log_loss,1.1514393642670195e-07,7.741650905061702,1.0,0.5151741293532338,4.213426132528737e-10,0.5308453635427915,0.0,0.033202332554105735,"[[3105, 0], [0, 2853]]","[[190, 155], [166, 151]]"
disclosure_x_bias,55,init_knn1,N2,log_loss,1.1510555486917093e-07,7.741669545626218,1.0,0.5151741293532338,4.194981815056973e-10,0.5311147521230689,0.0,0.033202332554105735,"[[3105, 0], [0, 2853]]","[[190, 155], [166, 151]]"
disclosure_x_bias,56,init_knn1,N2,log_loss,1.1506345023698271e-07,7.741572898207062,1.0,0.5151741293532338,4.198217124324698e-10,0.5311196887660605,0.0,0.033202332554105735,"[[3105, 0], [0, 2853]]","[[190, 155], [166, 151]]"
disclosure_x_bias,57,init_knn1,N2,log_loss,1.1502756466432218e-07,7.741828378871537,1.0,0.5151741293532338,4.209626910733305e-10,0.5310130845744131,0.0,0.033202332554105735,"[[3105, 0], [0, 2853]]","[[190, 155], [166, 151]]"
disclosure_x_bias,58,init_knn1,N2,log_loss,1.1498642454427678e-07,7.741835979394321,1.0,0.5151741293532338,4.223821298826545e-10,0.531053106281499,0.0,0.033202332554105735,"[[3105, 0], [0, 2853]]","[[190, 155], [166, 151]]"
disclosure_x_bias,59,init_knn1,N2,log_loss,1.1494588784857851e-07,7.741840093457301,1.0,0.5151741293532338,4.2267447702034763e-10,0.5312240969930087,0.0,0.033202332554105735,"[[3105, 0], [0, 2853]]","[[190, 155], [166, 151]]"
disclosure_x_bias,60,init_knn1,N2,log_loss,1.1490447015829101e-07,7.742038398548925,1.0,0.5151741293532338,4.2338452978614745e-10,0.5310753914791234,0.0,0.033202332554105735,"[[3105, 0], [0, 2853]]","[[190, 155], [166, 151]]"
disclosure_x_bias,61,init_knn1,N2,log_loss,1.1486930729373525e-07,7.742236579497899,1.0,0.5151741293532338,4.2481718079903645e-10,0.5312981877830826,0.0,0.033202332554105735,"[[3105, 0], [0, 2853]]","[[190, 155], [166, 151]]"
disclosure_x_bias,62,init_knn1,N2,log_loss,1.1483554914883228e-07,7.742378337428209,1.0,0.5151741293532338,4.2647253620279294e-10,0.5314283463094605,0.0,0.033202332554105735,"[[3105, 0], [0, 2853]]","[[190, 155], [166, 151]]"
disclosure_x_bias,63,init_knn1,N2,log_loss,1.1480222773973115e-07,7.742493366624673,1.0,0.5151741293532338,4.27037151375786e-10,0.5311708636486795,0.0,0.033202332554105735,"[[3105, 0], [0, 2853]]","[[190, 155], [166, 151]]"
disclosure_x_bias,64,init_knn1,N2,log_loss,1.1476692467904408e-07,7.742588442096431,1.0,0.5151741293532338,4.306339848827688e-10,0.5313685734823111,0.0,0.033202332554105735,"[[3105, 0], [0, 2853]]","[[190, 155], [166, 151]]"
disclosure_x_bias,65,init_knn1,N2,log_loss,1.1472841160959244e-07,7.74304127626183,1.0,0.5151741293532338,4.448032238583642e-10,0.5310943844628612,0.0,0.033202332554105735,"[[3105, 0], [0, 2853]]","[[190, 155], [166, 151]]"
disclosure_x_bias,66,init_knn1,N2,log_loss,1.1469422065296683e-07,7.742960165052797,1.0,0.5151741293532338,4.45163782184468e-10,0.5313862789772151,0.0,0.033202332554105735,"[[3105, 0], [0, 2853]]","[[190, 155], [166, 151]]"
disclosure_x_bias,67,init_knn1,N2,log_loss,1.1466137379073932e-07,7.743160943026103,1.0,0.5151741293532338,4.465808315569898e-10,0.5312655026870978,0.0,0.033202332554105735,"[[3105, 0], [0, 2853]]","[[190, 155], [166, 151]]"
disclosure_x_bias,68,init_knn1,N2,log_loss,1.1462782458737438e-07,7.743212723582056,1.0,0.5151741293532338,4.4921644119436183e-10,0.5310521023566614,0.0,0.033202332554105735,"[[3105, 0], [0, 2853]]","[[190, 155], [166, 151]]"
disclosure_x_bias,69,init_knn1,N2,log_loss,1.1459428148335333e-07,7.743368969686062,1.0,0.5151741293532338,4.484358209613681e-10,0.5309262030198494,0.0,0.033202332554105735,"[[3105, 0], [0, 2853]]","[[190, 155], [166, 151]]"
disclosure_x_bias,70,init_knn1,N2,log_loss,1.145611221275464e-07,7.743093412106687,1.0,0.5151741293532338,4.457100788311645e-10,0.5310078176988559,0.0,0.033202332554105735,"[[3105, 0], [0, 2853]]","[[190, 155], [166, 151]]"
disclosure_x_bias,71,init_knn1,N2,log_loss,1.1452571705175178e-07,7.743411008423361,1.0,0.5151741293532338,4.4405796869991555e-10,0.5310969674510866,0.0,0.033202332554105735,"[[3105, 0], [0, 2853]]","[[190, 155], [166, 151]]"
disclosure_x_bias,72,init_knn1,N2,log_loss,1.1448973845418112e-07,7.743293058493698,1.0,0.5151741293532338,4.4468253453132534e-10,0.5310203221468814,0.0,0.033202332554105735,"[[3105, 0], [0, 2853]]","[[190, 155], [166, 151]]"
disclosure_x_bias,73,init_knn1,N2,log_loss,1.1445926191531713e-07,7.743412660457727,1.0,0.5151741293532338,4.4908680267702303e-10,0.5310824547312611,0.0,0.033202332554105735,"[[3105, 0], [0, 2853]]","[[190, 155], [166, 151]]"
disclosure_x_bias,74,init_knn1,N2,log_loss,1.1442947111430669e-07,7.743363812443597,1.0,0.5151741293532338,4.5056046999726867e-10,0.5310706878072674,0.0,0.033202332554105735,"[[3105, 0], [0, 2853]]","[[190, 155], [166, 151]]"
disclosure_x_bias,75,init_knn1,N2,log_loss,1.1440097389465154e-07,7.743470944631122,1.0,0.5151741293532338,4.5199067264755383e-10,0.5310958529320267,0.0,0.033202332554105735,"[[3105, 0], [0, 2853]]","[[190, 155], [166, 151]]"
disclosure_x_bias,76,init_knn1,N2,log_loss,1.1436903116956038e-07,7.743449892581529,1.0,0.5151741293532338,4.5075662771562047e-10,0.5309818840961769,0.0,0.033202332554105735,"[[3105, 0], [0, 2853]]","[[190, 155], [166, 151]]"
disclosure_x_bias,77,init_knn1,N2,log_loss,1.1433913726324841e-07,7.743499407258257,1.0,0.5151741293532338,4.50525999522402e-10,0.5312557038825219,0.0,0.033202332554105735,"[[3105, 0], [0, 2853]]","[[190, 155], [166, 151]]"
disclosure_x_bias,78,init_knn1,N2,log_loss,1.1431161996088796e-07,7.743907201907069,1.0,0.5151741293532338,4.5133990032808184e-10,0.5310571348500054,0.0,0.033202332554105735,"[[3105, 0], [0, 2853]]","[[190, 155], [166, 151]]"
disclosure_x_bias,79,init_knn1,N2,log_loss,1.1426989806382717e-07,7.74418567603319,1.0,0.5151741293532338,4.593074813939451e-10,0.5306546988466676,0.0,0.033202332554105735,"[[3105, 0], [0, 2853]]","[[190, 155], [166, 151]]"
disclosure_x_bias,80,init_knn1,N2,log_loss,1.1423588431056411e-07,7.7441951594544705,1.0,0.5151741293532338,4.6380048621464967e-10,0.5307101662503007,0.0,0.033202332554105735,"[[3105, 0], [0, 2853]]","[[190, 155], [166, 151]]"
disclosure_x_bias,81,init_knn1,N2,log_loss,1.1420745144743707e-07,7.74411258177336,1.0,0.5151741293532338,4.64850224302805e-10,0.5307155259352104,0.0,0.033202332554105735,"[[3105, 0], [0, 2853]]","[[190, 155], [166, 151]]"
disclosure_x_bias,82,init_knn1,N2,log_loss,1.1417994277164935e-07,7.744100230887734,1.0,0.5151741293532338,4.655596667774135e-10,0.530730910898178,0.0,0.033202332554105735,"[[3105, 0], [0, 2853]]","[[190, 155], [166, 151]]"
disclosure_x_bias,83,init_knn1,N2,log_loss,1.1415134872179328e-07,7.744225201262364,1.0,0.5151741293532338,4.669212267249759e-10,0.5306591825648201,0.0,0.033202332554105735,"[[3105, 0], [0, 2853]]","[[190, 155], [166, 151]]"
disclosure_x_bias,84,init_knn1,N2,log_loss,1.1412371079544367e-07,7.744367858491984,1.0,0.5151741293532338,4.684871043812228e-10,0.5309107362621912,0.0,0.033202332554105735,"[[3105, 0], [0, 2853]]","[[190, 155], [166, 151]]"
disclosure_x_bias,85,init_knn1,N2,log_loss,1.1409440170948218e-07,7.74432101917063,1.0,0.5151741293532338,4.739137480801162e-10,0.5307378008202247,0.0,0.033202332554105735,"[[3105, 0], [0, 2853]]","[[190, 155], [166, 151]]"
disclosure_x_bias,86,init_knn1,N2,log_loss,1.1406660841033031e-07,7.744308489600551,1.0,0.5151741293532338,4.759771026539693e-10,0.5305589143811686,0.0,0.033202332554105735,"[[3105, 0], [0, 2853]]","[[190, 155], [166, 151]]"
disclosure_x_bias,87,init_knn1,N2,log_loss,1.1403773291273828e-07,7.744387445011964,1.0,0.5151741293532338,4.732373146962741e-10,0.5306997359309265,0.0,0.033202332554105735,"[[3105, 0], [0, 2853]]","[[190, 155], [166, 151]]"
disclosure_x_bias,88,init_knn1,N2,log_loss,1.1401107733479331e-07,7.74446624124145,1.0,0.5151741293532338,4.736149309587483e-10,0.5309225127616155,0.0,0.033202332554105735,"[[3105, 0], [0, 2853]]","[[190, 155], [166, 151]]"
disclosure_x_bias,89,init_knn1,N2,log_loss,1.1398266183701102e-07,7.744328353616963,1.0,0.5151741293532338,4.752381086113116e-10,0.530936891085691,0.0,0.033202332554105735,"[[3105, 0], [0, 2853]]","[[190, 155], [166, 151]]"
disclosure_x_bias,90,init_knn1,N2,log_loss,1.1395283162431253e-07,7.744543785528352,1.0,0.5151741293532338,4.749102941389217e-10,0.530612649690962,0.0,0.033202332554105735,"[[3105, 0], [0, 2853]]","[[190, 155], [166, 151]]"
disclosure_x_bias,91,init_knn1,N2,log_loss,1.1392686262854158e-07,7.744638495645903,1.0,0.5151741293532338,4.754208276929737e-10,0.530658176197921,0.0,0.033202332554105735,"[[3105, 0], [0, 2853]]","[[190, 155], [166, 151]]"
disclosure_x_bias,92,init_knn1,N2,log_loss,1.1390000205238385e-07,7.744658391286656,1.0,0.5151741293532338,4.715913433020079e-10,0.5306790619200757,0.0,0.033202332554105735,"[[3105, 0], [0, 2853]]","[[190, 155], [166, 151]]"
disclosure_x_bias,93,init_knn1,N2,log_loss,1.1387523420531026e-07,7.745077262591133,1.0,0.5151741293532338,4.733292570059005e-10,0.5305276762269135,0.0,0.033202332554105735,"[[3105, 0], [0, 2853]]","[[190, 155], [166, 151]]"
disclosure_x_bias,94,init_knn1,N2,log_loss,1.1384740781840757e-07,7.744941317561486,1.0,0.5151741293532338,4.795346912012989e-10,0.5305982064496239,0.0,0.033202332554105735,"[[3105, 0], [0, 2853]]","[[190, 155], [166, 151]]"
disclosure_x_bias,95,init_knn1,N2,log_loss,1.1382496822998897e-07,7.7450242188516825,1.0,0.5151741293532338,4.810205989576127e-10,0.5308168646444456,0.0,0.033202332554105735,"[[3105, 0], [0, 2853]]","[[190, 155], [166, 151]]"
disclosure_x_bias,96,init_knn1,N2,log_loss,1.1379930216668741e-07,7.744876801077245,1.0,0.5151741293532338,4.806490337051976e-10,0.5307938383146569,0.0,0.033202332554105735,"[[3105, 0], [0, 2853]]","[[190, 155], [166, 151]]"
disclosure_x_bias,97,init_knn1,N2,log_loss,1.1377281780317242e-07,7.745055236541444,1.0,0.5151741293532338,4.801233074104522e-10,0.530836132886054,0.0,0.033202332554105735,"[[3105, 0], [0, 2853]]","[[190, 155], [166, 151]]"
disclosure_x_bias,98,init_knn1,N2,log_loss,1.1374560417404884e-07,7.745226238969698,1.0,0.5151741293532338,4.791734300918997e-10,0.5308607816279185,0.0,0.033202332554105735,"[[3105, 0], [0, 2853]]","[[190, 155], [166, 151]]"
disclosure_x_bias,99,init_knn1,N2,log_loss,1.1372168268994693e-07,7.745252630671791,1.0,0.5151741293532338,4.798419967217379e-10,0.531047304744841,0.0,0.033202332554105735,"[[3105, 0], [0, 2853]]","[[190, 155], [166, 151]]"
disclosure_x_bias,100,init_knn1,N2,log_loss,1.1369508787478443e-07,7.7452174369367786,1.0,0.5151741293532338,4.803528021973768e-10,0.5309000906498261,0.0,0.033202332554105735,"[[3105, 0], [0, 2853]]","[[190, 155], [166, 151]]"
disclosure_x_bias,101,init_knn1,N2,log_loss,1.1366942739698082e-07,7.7451681742951966,1.0,0.5151741293532338,4.798775742984365e-10,0.5307768657339151,0.0,0.033202332554105735,"[[3105, 0], [0, 2853]]","[[190, 155], [166, 151]]"
disclosure_x_bias,102,init_knn1,N2,log_loss,1.1363956998966769e-07,7.745537392380163,1.0,0.5151741293532338,4.85790189042251e-10,0.5305737488822715,0.0,0.033202332554105735,"[[3105, 0], [0, 2853]]","[[190, 155], [166, 151]]"
disclosure_x_bias,103,init_knn1,N2,log_loss,1.1361476841440799e-07,7.745708590186213,1.0,0.5151741293532338,4.853689938534356e-10,0.5306971855317009,0.0,0.033202332554105735,"[[3105, 0], [0, 2853]]","[[190, 155], [166, 151]]"
disclosure_x_bias,104,init_knn1,N2,log_loss,1.135867259638173e-07,7.74561402465554,1.0,0.5151741293532338,4.873271901151462e-10,0.5307271025848155,0.0,0.033202332554105735,"[[3105, 0], [0, 2853]]","[[190, 155], [166, 151]]"
disclosure_x_bias,105,init_knn1,N2,log_loss,1.1356499664951362e-07,7.745641256003071,1.0,0.5151741293532338,4.873272357231878e-10,0.5307516393368907,0.0,0.033202332554105735,"[[3105, 0], [0, 2853]]","[[190, 155], [166, 151]]"
disclosure_x_bias,106,init_knn1,N2,log_loss,1.1354430196441894e-07,7.745636403788569,1.0,0.5151741293532338,4.875456678540433e-10,0.5305740894197633,0.0,0.033202332554105735,"[[3105, 0], [0, 2853]]","[[190, 155], [166, 151]]"
disclosure_x_bias,107,init_knn1,N2,log_loss,1.1352277630799938e-07,7.745900952673409,1.0,0.5151741293532338,4.878098128329747e-10,0.5304918332891879,0.0,0.033202332554105735,"[[3105, 0], [0, 2853]]","[[190, 155], [166, 151]]"
disclosure_x_bias,108,init_knn1,N2,log_loss,1.1349982646006879e-07,7.746143610282258,1.0,0.5151741293532338,4.884205251885084e-10,0.5304200841307736,0.0,0.033202332554105735,"[[3105, 0], [0, 2853]]","[[190, 155], [166, 151]]"
disclosure_x_bias,109,init_knn1,N2,log_loss,1.1347521937710953e-07,7.7463082978827655,1.0,0.5151741293532338,4.924917664528557e-10,0.53043241481295,0.0,0.033202332554105735,"[[3105, 0], [0, 2853]]","[[190, 155], [166, 151]]"
disclosure_x_bias,110,init_knn1,N2,log_loss,1.134527095441149e-07,7.746430751684993,1.0,0.5151741293532338,4.928795893200501e-10,0.5305232513749492,0.0,0.033202332554105735,"[[3105, 0], [0, 2853]]","[[190, 155], [166, 151]]"
disclosure_x_bias,111,init_knn1,N2,log_loss,1.1342950561246136e-07,7.746647134369749,1.0,0.5151741293532338,4.977407695282575e-10,0.5303176470639317,0.0,0.033202332554105735,"[[3105, 0], [0, 2853]]","[[190, 155], [166, 151]]"
disclosure_x_bias,112,init_knn1,N2,log_loss,1.1340712395355339e-07,7.746728073831212,1.0,0.5151741293532338,4.962672213892151e-10,0.5303227884845325,0.0,0.033202332554105735,"[[3105, 0], [0, 2853]]","[[190, 155], [166, 151]]"
disclosure_x_bias,113,init_knn1,N2,log_loss,1.1338565371937798e-07,7.746764887885824,1.0,0.5151741293532338,4.96034219295965e-10,0.530535644907824,0.0,0.033202332554105735,"[[3105, 0], [0, 2853]]","[[190, 155], [166, 151]]"
disclosure_x_bias,114,init_knn1,N2,log_loss,1.1336640026969572e-07,7.746728351274035,1.0,0.5151741293532338,4.9708412179292e-10,0.5304341466961973,0.0,0.033202332554105735,"[[3105, 0], [0, 2853]]","[[190, 155], [166, 151]]"
disclosure_x_bias,115,init_knn1,N2,log_loss,1.1334418737594787e-07,7.746683874849053,1.0,0.5151741293532338,5.006102564025311e-10,0.5305918171935673,0.0,0.033202332554105735,"[[3105, 0], [0, 2853]]","[[190, 155], [166, 151]]"
disclosure_x_bias,116,init_knn1,N2,log_loss,1.133233658665988e-07,7.746788423750199,1.0,0.5151741293532338,5.007345483086175e-10,0.5308843849712287,0.0,0.033202332554105735,"[[3105, 0], [0, 2853]]","[[190, 155], [166, 151]]"
disclosure_x_bias,117,init_knn1,N2,log_loss,1.1330398743017334e-07,7.746877184092251,1.0,0.5151741293532338,5.013604785861878e-10,0.5306627670651474,0.0,0.033202332554105735,"[[3105, 0], [0, 2853]]","[[190, 155], [166, 151]]"
disclosure_x_bias,118,init_knn1,N2,log_loss,1.1328202066151149e-07,7.74689320275313,1.0,0.5151741293532338,5.013550678474533e-10,0.5307017964109007,0.0,0.033202332554105735,"[[3105, 0], [0, 2853]]","[[190, 155], [166, 151]]"
disclosure_x_bias,119,init_knn1,N2,log_loss,1.1326020806352502e-07,7.746973972843111,1.0,0.5151741293532338,5.011608439571204e-10,0.5307354726308867,0.0,0.033202332554105735,"[[3105, 0], [0, 2853]]","[[190, 155], [166, 151]]"
disclosure_x_bias,120,init_knn1,N2,log_loss,1.1323615605261773e-07,7.747067773433166,1.0,0.5151741293532338,4.989963457214793e-10,0.5309314648234026,0.0,0.033202332554105735,"[[3105, 0], [0, 2853]]","[[190, 155], [166, 151]]"
disclosure_x_bias,121,init_knn1,N2,log_loss,1.1321077169507588e-07,7.747057230568591,1.0,0.5151741293532338,5.023674420334971e-10,0.5311207011501262,0.0,0.033202332554105735,"[[3105, 0], [0, 2853]]","[[190, 155], [166, 151]]"
disclosure_x_bias,122,init_knn1,N2,log_loss,1.1318849606321581e-07,7.7470484348822195,1.0,0.5151741293532338,5.044523631006662e-10,0.5310764312466438,0.0,0.033202332554105735,"[[3105, 0], [0, 2853]]","[[190, 155], [166, 151]]"
disclosure_x_bias,123,init_knn1,N2,log_loss,1.1316881501329438e-07,7.747073014738794,1.0,0.5151741293532338,5.037044529382294e-10,0.5312021127682114,0.0,0.033202332554105735,"[[3105, 0], [0, 2853]]","[[190, 155], [166, 151]]"
disclosure_x_bias,124,init_knn1,N2,log_loss,1.1314785390772905e-07,7.747115860728132,1.0,0.5151741293532338,5.034944458749586e-10,0.531296622255588,0.0,0.033202332554105735,"[[3105, 0], [0, 2853]]","[[190, 155], [166, 151]]"
disclosure_x_bias,125,init_knn1,N2,log_loss,1.1312913011022364e-07,7.7471926136011735,1.0,0.5151741293532338,5.039563846827386e-10,0.5313209916675237,0.0,0.033202332554105735,"[[3105, 0], [0, 2853]]","[[190, 155], [166, 151]]"
disclosure_x_bias,126,init_knn1,N2,log_loss,1.1311103997320897e-07,7.74726432584824,1.0,0.5151741293532338,5.045501782510162e-10,0.5314320109591611,0.0,0.033202332554105735,"[[3105, 0], [0, 2853]]","[[190, 155], [166, 151]]"
disclosure_x_bias,127,init_knn1,N2,log_loss,1.1309241872704591e-07,7.747122208575464,1.0,0.5151741293532338,5.045709768433762e-10,0.531385259248661,0.0,0.033202332554105735,"[[3105, 0], [0, 2853]]","[[190, 155], [166, 151]]"
disclosure_x_bias,128,init_knn1,N2,log_loss,1.1307370242236133e-07,7.747169047323919,1.0,0.5151741293532338,5.048109737341633e-10,0.5313109263961748,0.0,0.033202332554105735,"[[3105, 0], [0, 2853]]","[[190, 155], [166, 151]]"
disclosure_x_bias,129,init_knn1,N2,log_loss,1.1305475056067114e-07,7.746941091392772,1.0,0.5151741293532338,5.043782354270734e-10,0.531312411659159,0.0,0.033202332554105735,"[[3105, 0], [0, 2853]]","[[190, 155], [166, 151]]"
disclosure_x_bias,130,init_knn1,N2,log_loss,1.1303293027971361e-07,7.746931081706267,1.0,0.5151741293532338,4.99086669814921e-10,0.5311760062448081,0.0,0.033202332554105735,"[[3105, 0], [0, 2853]]","[[190, 155], [166, 151]]"
disclosure_x_bias,131,init_knn1,N2,log_loss,1.1301240152091794e-07,7.7470321874188866,1.0,0.5151741293532338,4.982802182813688e-10,0.5314353873237332,0.0,0.033202332554105735,"[[3105, 0], [0, 2853]]","[[190, 155], [166, 151]]"
disclosure_x_bias,132,init_knn1,N2,log_loss,1.1299186529837675e-07,7.747013660639792,1.0,0.5151741293532338,4.972488960307433e-10,0.5313868890785299,0.0,0.033202332554105735,"[[3105, 0], [0, 2853]]","[[190, 155], [166, 151]]"
disclosure_x_bias,133,init_knn1,N2,log_loss,1.1297085287699351e-07,7.74717008268162,1.0,0.5151741293532338,4.97295214958437e-10,0.5313901292216965,0.0,0.033202332554105735,"[[3105, 0], [0, 2853]]","[[190, 155], [166, 151]]"
disclosure_x_bias,134,init_knn1,N2,log_loss,1.1295142218703643e-07,7.746969577248743,1.0,0.5151741293532338,4.98332497545768e-10,0.5313380264966967,0.0,0.033202332554105735,"[[3105, 0], [0, 2853]]","[[190, 155], [166, 151]]"
disclosure_x_bias,135,init_knn1,N2,log_loss,1.1292597551899113e-07,7.746910041384503,1.0,0.5151741293532338,5.019720781185939e-10,0.5314311483459311,0.0,0.033202332554105735,"[[3105, 0], [0, 2853]]","[[190, 155], [166, 151]]"
disclosure_x_bias,136,init_knn1,N2,log_loss,1.1290684192407188e-07,7.747119537063389,1.0,0.5151741293532338,5.01405650118775e-10,0.5315470093468679,0.0,0.033202332554105735,"[[3105, 0], [0, 2853]]","[[190, 155], [166, 151]]"
disclosure_x_bias,137,init_knn1,N2,log_loss,1.128837838268134e-07,7.747301704764228,1.0,0.5151741293532338,5.101506163947361e-10,0.5312549343600509,0.0,0.033202332554105735,"[[3105, 0], [0, 2853]]","[[190, 155], [166, 151]]"
disclosure_x_bias,138,init_knn1,N2,log_loss,1.1286615776392045e-07,7.7473536207993146,1.0,0.5151741293532338,5.104580231272127e-10,0.5313970571629648,0.0,0.033202332554105735,"[[3105, 0], [0, 2853]]","[[190, 155], [166, 151]]"
disclosure_x_bias,139,init_knn1,N2,log_loss,1.1284600116211478e-07,7.747362637296521,1.0,0.5151741293532338,5.110021145191073e-10,0.530995767921327,0.0,0.033202332554105735,"[[3105, 0], [0, 2853]]","[[190, 155], [166, 151]]"
disclosure_x_bias,140,init_knn1,N2,log_loss,1.1282701406922531e-07,7.747427138235146,1.0,0.5151741293532338,5.114747697615241e-10,0.5312922768945472,0.0,0.033202332554105735,"[[3105, 0], [0, 2853]]","[[190, 155], [166, 151]]"
disclosure_x_bias,141,init_knn1,N2,log_loss,1.1280965915591465e-07,7.747276613970247,1.0,0.5151741293532338,5.114501815155084e-10,0.5312373047497353,0.0,0.033202332554105735,"[[3105, 0], [0, 2853]]","[[190, 155], [166, 151]]"
disclosure_x_bias,142,init_knn1,N2,log_loss,1.1278985330922877e-07,7.747370428243282,1.0,0.5151741293532338,5.109730955661247e-10,0.5313404446986753,0.0,0.033202332554105735,"[[3105, 0], [0, 2853]]","[[190, 155], [166, 151]]"
disclosure_x_bias,143,init_knn1,N2,log_loss,1.1277247987343562e-07,7.747382519620366,1.0,0.5151741293532338,5.111248156709243e-10,0.5312324702709097,0.0,0.033202332554105735,"[[3105, 0], [0, 2853]]","[[190, 155], [166, 151]]"
disclosure_x_bias,144,init_knn1,N2,log_loss,1.1275426896841572e-07,7.74746145522266,1.0,0.5151741293532338,5.118785265935402e-10,0.5313814130886728,0.0,0.033202332554105735,"[[3105, 0], [0, 2853]]","[[190, 155], [166, 151]]"
disclosure_x_bias,145,init_knn1,N2,log_loss,1.1273292353903677e-07,7.747395898144077,1.0,0.5151741293532338,5.084677329294498e-10,0.5312497298458806,0.0,0.033202332554105735,"[[3105, 0], [0, 2853]]","[[190, 155], [166, 151]]"
disclosure_x_bias,146,init_knn1,N2,log_loss,1.1271161141125022e-07,7.747290606850631,1.0,0.5151741293532338,5.124386658578414e-10,0.5315985652037919,0.0,0.033202332554105735,"[[3105, 0], [0, 2853]]","[[190, 155], [166, 151]]"
disclosure_x_bias,147,init_knn1,N2,log_loss,1.1269240612014543e-07,7.747268623288818,1.0,0.5151741293532338,5.164713626059988e-10,0.5315661822094475,0.0,0.033202332554105735,"[[3105, 0], [0, 2853]]","[[190, 155], [166, 151]]"
disclosure_x_bias,148,init_knn1,N2,log_loss,1.1267555866337195e-07,7.747394243624152,1.0,0.5151741293532338,5.162905059517181e-10,0.5316651896436169,0.0,0.033202332554105735,"[[3105, 0], [0, 2853]]","[[190, 155], [166, 151]]"
disclosure_x_bias,149,init_knn1,N2,log_loss,1.1265658892907528e-07,7.7474695165918375,1.0,0.5151741293532338,5.149161541985766e-10,0.5316164929956803,0.0,0.033202332554105735,"[[3105, 0], [0, 2853]]","[[190, 155], [166, 151]]"
disclosure_x_bias,150,init_knn1,N2,log_loss,1.1263450917505134e-07,7.747395337088956,1.0,0.5151741293532338,5.133251658059871e-10,0.5315832203160775,0.0,0.033202332554105735,"[[3105, 0], [0, 2853]]","[[190, 155], [166, 151]]"
disclosure_x_bias,151,init_knn1,N2,log_loss,1.1261605662011409e-07,7.747523379039757,1.0,0.5151741293532338,5.123224834221831e-10,0.5315660462150356,0.0,0.033202332554105735,"[[3105, 0], [0, 2853]]","[[190, 155], [166, 151]]"
disclosure_x_bias,152,init_knn1,N2,log_loss,1.1259784070897662e-07,7.747556397960119,1.0,0.5151741293532338,5.113161532211795e-10,0.5316600955841452,0.0,0.033202332554105735,"[[3105, 0], [0, 2853]]","[[190, 155], [166, 151]]"
disclosure_x_bias,153,init_knn1,N2,log_loss,1.1257874301905633e-07,7.747698139194496,1.0,0.5151741293532338,5.089725887543059e-10,0.5316791027572035,0.0,0.033202332554105735,"[[3105, 0], [0, 2853]]","[[190, 155], [166, 151]]"
disclosure_x_bias,154,init_knn1,N2,log_loss,1.1256100351784313e-07,7.7479277601806285,1.0,0.5151741293532338,5.086696102902734e-10,0.5318378056137627,0.0,0.033202332554105735,"[[3105, 0], [0, 2853]]","[[190, 155], [166, 151]]"
disclosure_x_bias,155,init_knn1,N2,log_loss,1.1254437819789805e-07,7.747785970368445,1.0,0.5151741293532338,5.093433169600007e-10,0.5317664330773405,0.0,0.033202332554105735,"[[3105, 0], [0, 2853]]","[[190, 155], [166, 151]]"
disclosure_x_bias,156,init_knn1,N2,log_loss,1.1252621678531614e-07,7.7478275757711215,1.0,0.5151741293532338,5.094275815294697e-10,0.531811290599654,0.0,0.033202332554105735,"[[3105, 0], [0, 2853]]","[[190, 155], [166, 151]]"
disclosure_x_bias,157,init_knn1,N2,log_loss,1.1250884716159548e-07,7.747850150347871,1.0,0.5151741293532338,5.105752652329893e-10,0.531943423483878,0.0,0.033202332554105735,"[[3105, 0], [0, 2853]]","[[190, 155], [166, 151]]"
disclosure_x_bias,158,init_knn1,N2,log_loss,1.1248989328243299e-07,7.747769669044457,1.0,0.5151741293532338,5.115027725759181e-10,0.5318439790896744,0.0,0.033202332554105735,"[[3105, 0], [0, 2853]]","[[190, 155], [166, 151]]"
disclosure_x_bias,159,init_knn1,N2,log_loss,1.1247148670381854e-07,7.747761094390327,1.0,0.5151741293532338,5.112317216526871e-10,0.5319233977512516,0.0,0.033202332554105735,"[[3105, 0], [0, 2853]]","[[190, 155], [166, 151]]"
disclosure_x_bias,160,init_knn1,N2,log_loss,1.1245226051919175e-07,7.747830595734472,1.0,0.5151741293532338,5.110455297640964e-10,0.5319044800196123,0.0,0.033202332554105735,"[[3105, 0], [0, 2853]]","[[190, 155], [166, 151]]"
disclosure_x_bias,161,init_knn1,N2,log_loss,1.1243575228241867e-07,7.747881305372793,1.0,0.5151741293532338,5.107675876567203e-10,0.5319442113408456,0.0,0.033202332554105735,"[[3105, 0], [0, 2853]]","[[190, 155], [166, 151]]"
disclosure_x_bias,162,init_knn1,N2,log_loss,1.1241920147936036e-07,7.7479013954591025,1.0,0.5151741293532338,5.107301566560944e-10,0.5320437770865157,0.0,0.033202332554105735,"[[3105, 0], [0, 2853]]","[[190, 155], [166, 151]]"
disclosure_x_bias,163,init_knn1,N2,log_loss,1.1240045116868162e-07,7.7479065972497505,1.0,0.5151741293532338,5.145398058933452e-10,0.5321415948218933,0.0,0.033202332554105735,"[[3105, 0], [0, 2853]]","[[190, 155], [166, 151]]"
disclosure_x_bias,164,init_knn1,N2,log_loss,1.1238425749693411e-07,7.748022794844507,1.0,0.5151741293532338,5.144366954492369e-10,0.5321722561976588,0.0,0.033202332554105735,"[[3105, 0], [0, 2853]]","[[190, 155], [166, 151]]"
disclosure_x_bias,165,init_knn1,N2,log_loss,1.1236813366469315e-07,7.74785787214868,1.0,0.5151741293532338,5.144386247787983e-10,0.5321650202123135,0.0,0.033202332554105735,"[[3105, 0], [0, 2853]]","[[190, 155], [166, 151]]"
disclosure_x_bias,166,init_knn1,N2,log_loss,1.12347282617356e-07,7.747906866116189,1.0,0.5151741293532338,5.12234422685119e-10,0.5320512031698005,0.0,0.033202332554105735,"[[3105, 0], [0, 2853]]","[[190, 155], [166, 151]]"
disclosure_x_bias,167,init_knn1,N2,log_loss,1.1233135106196062e-07,7.74790532146424,1.0,0.5151741293532338,5.123043232104133e-10,0.5319374559551938,0.0,0.033202332554105735,"[[3105, 0], [0, 2853]]","[[190, 155], [166, 151]]"
disclosure_x_bias,168,init_knn1,N2,log_loss,1.123148640067154e-07,7.748058690361726,1.0,0.5151741293532338,5.124259333417702e-10,0.5316700810417109,0.0,0.033202332554105735,"[[3105, 0], [0, 2853]]","[[190, 155], [166, 151]]"
disclosure_x_bias,169,init_knn1,N2,log_loss,1.1229905006975638e-07,7.7480924547996395,1.0,0.5151741293532338,5.12248913091632e-10,0.5318233347156769,0.0,0.033202332554105735,"[[3105, 0], [0, 2853]]","[[190, 155], [166, 151]]"
disclosure_x_bias,170,init_knn1,N2,log_loss,1.1228108170904003e-07,7.74807478180153,1.0,0.5151741293532338,5.108450855805592e-10,0.5316362039230973,0.0,0.033202332554105735,"[[3105, 0], [0, 2853]]","[[190, 155], [166, 151]]"
disclosure_x_bias,171,init_knn1,N2,log_loss,1.1226475668987422e-07,7.7482726274194444,1.0,0.5151741293532338,5.11347405101897e-10,0.5318944872506803,0.0,0.033202332554105735,"[[3105, 0], [0, 2853]]","[[190, 155], [166, 151]]"
disclosure_x_bias,172,init_knn1,N2,log_loss,1.1224853323547122e-07,7.748058004408655,1.0,0.5151741293532338,5.11852099604939e-10,0.531784118210965,0.0,0.033202332554105735,"[[3105, 0], [0, 2853]]","[[190, 155], [166, 151]]"
disclosure_x_bias,173,init_knn1,N2,log_loss,1.1222902261065054e-07,7.748210660408253,1.0,0.5151741293532338,5.113839031017665e-10,0.5318198686010882,0.0,0.033202332554105735,"[[3105, 0], [0, 2853]]","[[190, 155], [166, 151]]"
disclosure_x_bias,174,init_knn1,N2,log_loss,1.1221253181675113e-07,7.748117922032367,1.0,0.5151741293532338,5.110856670411869e-10,0.5319376286859732,0.0,0.033202332554105735,"[[3105, 0], [0, 2853]]","[[190, 155], [166, 151]]"
disclosure_x_bias,175,init_knn1,N2,log_loss,1.1219673840656807e-07,7.748145788068891,1.0,0.5151741293532338,5.108872630382709e-10,0.5318831258571632,0.0,0.033202332554105735,"[[3105, 0], [0, 2853]]","[[190, 155], [166, 151]]"
disclosure_x_bias,176,init_knn1,N2,log_loss,1.1217934217120031e-07,7.7480894371799565,1.0,0.5151741293532338,5.095050438856463e-10,0.531850909107042,0.0,0.033202332554105735,"[[3105, 0], [0, 2853]]","[[190, 155], [166, 151]]"
disclosure_x_bias,177,init_knn1,N2,log_loss,1.1216320469343385e-07,7.748219394038213,1.0,0.5151741293532338,5.092782124727448e-10,0.5319162096898361,0.0,0.033202332554105735,"[[3105, 0], [0, 2853]]","[[190, 155], [166, 151]]"
disclosure_x_bias,178,init_knn1,N2,log_loss,1.1214508894868718e-07,7.748314048526579,1.0,0.5151741293532338,5.110052874856269e-10,0.531845910786144,0.0,0.033202332554105735,"[[3105, 0], [0, 2853]]","[[190, 155], [166, 151]]"
disclosure_x_bias,179,init_knn1,N2,log_loss,1.1212657036526367e-07,7.748356632590308,1.0,0.5151741293532338,5.123016398824207e-10,0.5319613765972028,0.0,0.033202332554105735,"[[3105, 0], [0, 2853]]","[[190, 155], [166, 151]]"
disclosure_x_bias,180,init_knn1,N2,log_loss,1.1210914275164597e-07,7.748422758791523,1.0,0.5151741293532338,5.129435344389018e-10,0.5319494882822006,0.0,0.033202332554105735,"[[3105, 0], [0, 2853]]","[[190, 155], [166, 151]]"
disclosure_x_bias,181,init_knn1,N2,log_loss,1.1209374578981389e-07,7.748544162707974,1.0,0.5151741293532338,5.130935190522234e-10,0.5320980759425916,0.0,0.033202332554105735,"[[3105, 0], [0, 2853]]","[[190, 155], [166, 151]]"
disclosure_x_bias,182,init_knn1,N2,log_loss,1.1207712041406118e-07,7.74845768378824,1.0,0.5151741293532338,5.110484319678508e-10,0.5319918809921923,0.0,0.033202332554105735,"[[3105, 0], [0, 2853]]","[[190, 155], [166, 151]]"
disclosure_x_bias,183,init_knn1,N2,log_loss,1.1206203102679956e-07,7.7486725814478365,1.0,0.5151741293532338,5.11634222501743e-10,0.5321568187135924,0.0,0.033202332554105735,"[[3105, 0], [0, 2853]]","[[190, 155], [166, 151]]"
disclosure_x_bias,184,init_knn1,N2,log_loss,1.1204533327007083e-07,7.748603654479888,1.0,0.5151741293532338,5.125880787062105e-10,0.5321046418627624,0.0,0.033202332554105735,"[[3105, 0], [0, 2853]]","[[190, 155], [166, 151]]"
disclosure_x_bias,185,init_knn1,N2,log_loss,1.1203045626692122e-07,7.748608806800331,1.0,0.5151741293532338,5.129082638506666e-10,0.5321826299733661,0.0,0.033202332554105735,"[[3105, 0], [0, 2853]]","[[190, 155], [166, 151]]"
disclosure_x_bias,186,init_knn1,N2,log_loss,1.1201540806156168e-07,7.748566179705648,1.0,0.5151741293532338,5.134530517683905e-10,0.5322762448167789,0.0,0.033202332554105735,"[[3105, 0], [0, 2853]]","[[190, 155], [166, 151]]"
disclosure_x_bias,187,init_knn1,N2,log_loss,1.1199674634537345e-07,7.749028968005824,1.0,0.5151741293532338,5.227245618866993e-10,0.5321332445368631,0.0,0.033202332554105735,"[[3105, 0], [0, 2853]]","[[190, 155], [166, 151]]"
disclosure_x_bias,188,init_knn1,N2,log_loss,1.119817080658275e-07,7.74885680588889,1.0,0.5151741293532338,5.22894936692407e-10,0.5321109165664574,0.0,0.033202332554105735,"[[3105, 0], [0, 2853]]","[[190, 155], [166, 151]]"
disclosure_x_bias,189,init_knn1,N2,log_loss,1.1196244839707845e-07,7.748854040356544,1.0,0.5151741293532338,5.180876801503453e-10,0.532215160067635,0.0,0.033202332554105735,"[[3105, 0], [0, 2853]]","[[190, 155], [166, 151]]"
disclosure_x_bias,190,init_knn1,N2,log_loss,1.1194535302589272e-07,7.748915590201564,1.0,0.5151741293532338,5.162489612849978e-10,0.5322106924468084,0.0,0.033202332554105735,"[[3105, 0], [0, 2853]]","[[190, 155], [166, 151]]"
disclosure_x_bias,191,init_knn1,N2,log_loss,1.1192854982323622e-07,7.749013531592402,1.0,0.5151741293532338,5.175906890873266e-10,0.5323610201017175,0.0,0.033202332554105735,"[[3105, 0], [0, 2853]]","[[190, 155], [166, 151]]"
disclosure_x_bias,192,init_knn1,N2,log_loss,1.1191347930753615e-07,7.748784996724474,1.0,0.5151741293532338,5.182238908371039e-10,0.5322611034148965,0.0,0.033202332554105735,"[[3105, 0], [0, 2853]]","[[190, 155], [166, 151]]"
disclosure_x_bias,193,init_knn1,N2,log_loss,1.118989097957157e-07,7.748996182071904,1.0,0.5151741293532338,5.182852856921693e-10,0.5323082517044071,0.0,0.033202332554105735,"[[3105, 0], [0, 2853]]","[[190, 155], [166, 151]]"
disclosure_x_bias,194,init_knn1,N2,log_loss,1.1188357761422536e-07,7.748925462218997,1.0,0.5151741293532338,5.176007522227101e-10,0.5323268163682812,0.0,0.033202332554105735,"[[3105, 0], [0, 2853]]","[[190, 155], [166, 151]]"
disclosure_x_bias,195,init_knn1,N2,log_loss,1.1186772163451251e-07,7.7490767866814085,1.0,0.5151741293532338,5.175960199583681e-10,0.5322789841522038,0.0,0.033202332554105735,"[[3105, 0], [0, 2853]]","[[190, 155], [166, 151]]"
disclosure_x_bias,196,init_knn1,N2,log_loss,1.1185144304355975e-07,7.748948676194422,1.0,0.5151741293532338,5.171586951392492e-10,0.5322851725571124,0.0,0.033202332554105735,"[[3105, 0], [0, 2853]]","[[190, 155], [166, 151]]"
disclosure_x_bias,197,init_knn1,N2,log_loss,1.1183264746062457e-07,7.748822942125737,1.0,0.5151741293532338,5.18089836194468e-10,0.5322423683538552,0.0,0.033202332554105735,"[[3105, 0], [0, 2853]]","[[190, 155], [166, 151]]"
disclosure_x_bias,198,init_knn1,N2,log_loss,1.1181670854444779e-07,7.748681196540798,1.0,0.5151741293532338,5.187408933047137e-10,0.5323479374912478,0.0,0.033202332554105735,"[[3105, 0], [0, 2853]]","[[190, 155], [166, 151]]"
disclosure_x_bias,199,init_knn1,N2,log_loss,1.1180176960335423e-07,7.748836205862571,1.0,0.5151741293532338,5.1915297028083e-10,0.5322402420589616,0.0,0.033202332554105735,"[[3105, 0], [0, 2853]]","[[190, 155], [166, 151]]"
disclosure_x_bias,200,init_knn1,N2,log_loss,1.117830938871562e-07,7.748796872923522,1.0,0.5151741293532338,5.187314958062254e-10,0.5323287325455207,0.0,0.033202332554105735,"[[3105, 0], [0, 2853]]","[[190, 155], [166, 151]]"
disclosure_x_bias,201,init_knn1,N2,log_loss,1.1176912566828326e-07,7.74886773949873,1.0,0.5151741293532338,5.186257917597662e-10,0.5323971092461555,0.0,0.033202332554105735,"[[3105, 0], [0, 2853]]","[[190, 155], [166, 151]]"
disclosure_x_bias,202,init_knn1,N2,log_loss,1.1175375029079441e-07,7.748950402142478,1.0,0.5151741293532338,5.175201069265261e-10,0.5323880622104323,0.0,0.033202332554105735,"[[3105, 0], [0, 2853]]","[[190, 155], [166, 151]]"
disclosure_x_bias,203,init_knn1,N2,log_loss,1.1173818249621009e-07,7.748790470573839,1.0,0.5151741293532338,5.169925228945732e-10,0.5323632952725091,0.0,0.033202332554105735,"[[3105, 0], [0, 2853]]","[[190, 155], [166, 151]]"
disclosure_x_bias,204,init_knn1,N2,log_loss,1.1172425137932502e-07,7.748704133298038,1.0,0.5151741293532338,5.171176581695353e-10,0.5325393436391777,0.0,0.033202332554105735,"[[3105, 0], [0, 2853]]","[[190, 155], [166, 151]]"
disclosure_x_bias,205,init_knn1,N2,log_loss,1.1170775434726391e-07,7.748832551154145,1.0,0.5151741293532338,5.190688504219404e-10,0.5324279351529386,0.0,0.033202332554105735,"[[3105, 0], [0, 2853]]","[[190, 155], [166, 151]]"
disclosure_x_bias,206,init_knn1,N2,log_loss,1.1169284478921833e-07,7.748857790897643,1.0,0.5151741293532338,5.196626905668876e-10,0.5324994632422315,0.0,0.033202332554105735,"[[3105, 0], [0, 2853]]","[[190, 155], [166, 151]]"
disclosure_x_bias,207,init_knn1,N2,log_loss,1.1167896834690869e-07,7.749062992980917,1.0,0.5151741293532338,5.198477293868603e-10,0.5325358095249042,0.0,0.033202332554105735,"[[3105, 0], [0, 2853]]","[[190, 155], [166, 151]]"
disclosure_x_bias,208,init_knn1,N2,log_loss,1.1166539555032356e-07,7.748891355975308,1.0,0.5151741293532338,5.201030029958238e-10,0.5323793251162388,0.0,0.033202332554105735,"[[3105, 0], [0, 2853]]","[[190, 155], [166, 151]]"
disclosure_x_bias,209,init_knn1,N2,log_loss,1.1164981742872919e-07,7.749086033245755,1.0,0.5151741293532338,5.21676752330901e-10,0.5322629586042488,0.0,0.033202332554105735,"[[3105, 0], [0, 2853]]","[[190, 155], [166, 151]]"
disclosure_x_bias,210,init_knn1,N2,log_loss,1.1163387992669268e-07,7.749103769350197,1.0,0.5151741293532338,5.207715469876445e-10,0.532149510382623,0.0,0.033202332554105735,"[[3105, 0], [0, 2853]]","[[190, 155], [166, 151]]"
disclosure_x_bias,211,init_knn1,N2,log_loss,1.1161612555278559e-07,7.749194267542353,1.0,0.5151741293532338,5.238240782780048e-10,0.5323486718821581,0.0,0.033202332554105735,"[[3105, 0], [0, 2853]]","[[190, 155], [166, 151]]"
disclosure_x_bias,212,init_knn1,N2,log_loss,1.1159968310077839e-07,7.749190998910629,1.0,0.5151741293532338,5.237074334648834e-10,0.5324694283081848,0.0,0.033202332554105735,"[[3105, 0], [0, 2853]]","[[190, 155], [166, 151]]"
disclosure_x_bias,213,init_knn1,N2,log_loss,1.1158557218586578e-07,7.7492465574251,1.0,0.5151741293532338,5.240044445996838e-10,0.5324553480815665,0.0,0.033202332554105735,"[[3105, 0], [0, 2853]]","[[190, 155], [166, 151]]"
disclosure_x_bias,214,init_knn1,N2,log_loss,1.1157155378852435e-07,7.749283097072949,1.0,0.5151741293532338,5.231586489327142e-10,0.5326203934038296,0.0,0.033202332554105735,"[[3105, 0], [0, 2853]]","[[190, 155], [166, 151]]"
disclosure_x_bias,215,init_knn1,N2,log_loss,1.1155762148500534e-07,7.749359037026418,1.0,0.5151741293532338,5.228344332383586e-10,0.5324977184054528,0.0,0.033202332554105735,"[[3105, 0], [0, 2853]]","[[190, 155], [166, 151]]"
disclosure_x_bias,216,init_knn1,N2,log_loss,1.1154137218435714e-07,7.749378923703429,1.0,0.5151741293532338,5.219045350029431e-10,0.5326185144601067,0.0,0.033202332554105735,"[[3105, 0], [0, 2853]]","[[190, 155], [166, 151]]"
disclosure_x_bias,217,init_knn1,N2,log_loss,1.1152641334225051e-07,7.7493973187527985,1.0,0.5151741293532338,5.219087088820674e-10,0.5327339656648311,0.0,0.033202332554105735,"[[3105, 0], [0, 2853]]","[[190, 155], [166, 151]]"
disclosure_x_bias,218,init_knn1,N2,log_loss,1.1151209047072116e-07,7.749444397365712,1.0,0.5151741293532338,5.228442657088906e-10,0.5326305183290188,0.0,0.033202332554105735,"[[3105, 0], [0, 2853]]","[[190, 155], [166, 151]]"
disclosure_x_bias,219,init_knn1,N2,log_loss,1.1149790612816224e-07,7.749365329292021,1.0,0.5151741293532338,5.235319573995492e-10,0.5325882870459869,0.0,0.033202332554105735,"[[3105, 0], [0, 2853]]","[[190, 155], [166, 151]]"
disclosure_x_bias,220,init_knn1,N2,log_loss,1.1148453407739004e-07,7.749521527057077,1.0,0.5151741293532338,5.235841966337556e-10,0.5327390360899996,0.0,0.033202332554105735,"[[3105, 0], [0, 2853]]","[[190, 155], [166, 151]]"
disclosure_x_bias,221,init_knn1,N2,log_loss,1.1147071746961415e-07,7.749531598120329,1.0,0.5151741293532338,5.239890757387421e-10,0.5326996596886027,0.0,0.033202332554105735,"[[3105, 0], [0, 2853]]","[[190, 155], [166, 151]]"
disclosure_x_bias,222,init_knn1,N2,log_loss,1.1145689062169994e-07,7.749440863159864,1.0,0.5151741293532338,5.24375817754254e-10,0.5328775906983718,0.0,0.033202332554105735,"[[3105, 0], [0, 2853]]","[[190, 155], [166, 151]]"
disclosure_x_bias,223,init_knn1,N2,log_loss,1.1144217274702566e-07,7.7493391828808225,1.0,0.5151741293532338,5.239890238805555e-10,0.5327707303264982,0.0,0.033202332554105735,"[[3105, 0], [0, 2853]]","[[190, 155], [166, 151]]"
disclosure_x_bias,224,init_knn1,N2,log_loss,1.1142652429383065e-07,7.749317227436602,1.0,0.5151741293532338,5.230519343004435e-10,0.5330002961678727,0.0,0.033202332554105735,"[[3105, 0], [0, 2853]]","[[190, 155], [166, 151]]"
disclosure_x_bias,225,init_knn1,N2,log_loss,1.1141111344381609e-07,7.749251723006789,1.0,0.5151741293532338,5.264349088892552e-10,0.5331025296365239,0.0,0.033202332554105735,"[[3105, 0], [0, 2853]]","[[190, 155], [166, 151]]"
disclosure_x_bias,226,init_knn1,N2,log_loss,1.1139760758930973e-07,7.749281239959392,1.0,0.5151741293532338,5.268345930025287e-10,0.53312620695179,0.0,0.033202332554105735,"[[3105, 0], [0, 2853]]","[[190, 155], [166, 151]]"
disclosure_x_bias,227,init_knn1,N2,log_loss,1.1138444664612963e-07,7.749276638762962,1.0,0.5151741293532338,5.270696094482269e-10,0.5331741667206849,0.0,0.033202332554105735,"[[3105, 0], [0, 2853]]","[[190, 155], [166, 151]]"
disclosure_x_bias,228,init_knn1,N2,log_loss,1.1137135984015897e-07,7.749511188159181,1.0,0.5151741293532338,5.275814986385582e-10,0.5333184200895067,0.0,0.033202332554105735,"[[3105, 0], [0, 2853]]","[[190, 155], [166, 151]]"
disclosure_x_bias,229,init_knn1,N2,log_loss,1.1135248208623622e-07,7.749460180546558,1.0,0.5151741293532338,5.282065620674569e-10,0.5332402887533407,0.0,0.033202332554105735,"[[3105, 0], [0, 2853]]","[[190, 155], [166, 151]]"
disclosure_x_bias,230,init_knn1,N2,log_loss,1.1133918332942185e-07,7.749566607473224,1.0,0.5151741293532338,5.284552839237339e-10,0.533345099071586,0.0,0.033202332554105735,"[[3105, 0], [0, 2853]]","[[190, 155], [166, 151]]"
disclosure_x_bias,231,init_knn1,N2,log_loss,1.113261279006037e-07,7.749447400779007,1.0,0.5151741293532338,5.290732802571996e-10,0.5333426016818095,0.0,0.033202332554105735,"[[3105, 0], [0, 2853]]","[[190, 155], [166, 151]]"
disclosure_x_bias,232,init_knn1,N2,log_loss,1.1131291863911822e-07,7.749487037771044,1.0,0.5151741293532338,5.291183354183506e-10,0.5333677069389582,0.0,0.033202332554105735,"[[3105, 0], [0, 2853]]","[[190, 155], [166, 151]]"
disclosure_x_bias,233,init_knn1,N2,log_loss,1.1129861533566166e-07,7.749528746150718,1.0,0.5151741293532338,5.293208907408331e-10,0.5333471216442536,0.0,0.033202332554105735,"[[3105, 0], [0, 2853]]","[[190, 155], [166, 151]]"
disclosure_x_bias,234,init_knn1,N2,log_loss,1.1128262566084145e-07,7.749418562821409,1.0,0.5151741293532338,5.288619617709775e-10,0.5333570536691167,0.0,0.033202332554105735,"[[3105, 0], [0, 2853]]","[[190, 155], [166, 151]]"
disclosure_x_bias,235,init_knn1,N2,log_loss,1.1126904835033873e-07,7.749510673616157,1.0,0.5151741293532338,5.286225788707017e-10,0.5334008507126506,0.0,0.033202332554105735,"[[3105, 0], [0, 2853]]","[[190, 155], [166, 151]]"
disclosure_x_bias,236,init_knn1,N2,log_loss,1.1125562616133578e-07,7.749403499131352,1.0,0.5151741293532338,5.290844384407059e-10,0.5333459937713468,0.0,0.033202332554105735,"[[3105, 0], [0, 2853]]","[[190, 155], [166, 151]]"
disclosure_x_bias,237,init_knn1,N2,log_loss,1.1124280699242228e-07,7.749416389510467,1.0,0.5151741293532338,5.290780943658492e-10,0.5333833759922109,0.0,0.033202332554105735,"[[3105, 0], [0, 2853]]","[[190, 155], [166, 151]]"
disclosure_x_bias,238,init_knn1,N2,log_loss,1.1122958169121454e-07,7.749483584481003,1.0,0.5151741293532338,5.291842839489862e-10,0.5333529975531576,0.0,0.033202332554105735,"[[3105, 0], [0, 2853]]","[[190, 155], [166, 151]]"
disclosure_x_bias,239,init_knn1,N2,log_loss,1.112162493142219e-07,7.749455962668328,1.0,0.5151741293532338,5.293005874313393e-10,0.5332046198747037,0.0,0.033202332554105735,"[[3105, 0], [0, 2853]]","[[190, 155], [166, 151]]"
disclosure_x_bias,240,init_knn1,N2,log_loss,1.1120092733481818e-07,7.749411300466106,1.0,0.5151741293532338,5.257266661580039e-10,0.5332045939768636,0.0,0.033202332554105735,"[[3105, 0], [0, 2853]]","[[190, 155], [166, 151]]"
disclosure_x_bias,241,init_knn1,N2,log_loss,1.1118725257812052e-07,7.749358989977996,1.0,0.5151741293532338,5.250485065992449e-10,0.5332931078124912,0.0,0.033202332554105735,"[[3105, 0], [0, 2853]]","[[190, 155], [166, 151]]"
disclosure_x_bias,242,init_knn1,N2,log_loss,1.1116583663871163e-07,7.749664889706239,1.0,0.5151741293532338,5.310917901711956e-10,0.5330100755595197,0.0,0.033202332554105735,"[[3105, 0], [0, 2853]]","[[190, 155], [166, 151]]"
disclosure_x_bias,243,init_knn1,N2,log_loss,1.1115114797021972e-07,7.749599073487026,1.0,0.5151741293532338,5.344452031662933e-10,0.5330300848835052,0.0,0.033202332554105735,"[[3105, 0], [0, 2853]]","[[190, 155], [166, 151]]"
disclosure_x_bias,244,init_knn1,N2,log_loss,1.1113652803295233e-07,7.749719822820604,1.0,0.5151741293532338,5.335195785120165e-10,0.532951148103901,0.0,0.033202332554105735,"[[3105, 0], [0, 2853]]","[[190, 155], [166, 151]]"
disclosure_x_bias,245,init_knn1,N2,log_loss,1.1112368577628466e-07,7.749651810344744,1.0,0.5151741293532338,5.339630267619184e-10,0.5329997563307773,0.0,0.033202332554105735,"[[3105, 0], [0, 2853]]","[[190, 155], [166, 151]]"
disclosure_x_bias,246,init_knn1,N2,log_loss,1.1111030172123413e-07,7.749870958715723,1.0,0.5151741293532338,5.337968347057245e-10,0.5330839335419404,0.0,0.033202332554105735,"[[3105, 0], [0, 2853]]","[[190, 155], [166, 151]]"
disclosure_x_bias,247,init_knn1,N2,log_loss,1.1109647758561742e-07,7.749817729864823,1.0,0.5151741293532338,5.346202500960597e-10,0.5330775171547073,0.0,0.033202332554105735,"[[3105, 0], [0, 2853]]","[[190, 155], [166, 151]]"
disclosure_x_bias,248,init_knn1,N2,log_loss,1.1108345211867346e-07,7.750054347564114,1.0,0.5151741293532338,5.345705702819864e-10,0.5331913541963961,0.0,0.033202332554105735,"[[3105, 0], [0, 2853]]","[[190, 155], [166, 151]]"
disclosure_x_bias,249,init_knn1,N2,log_loss,1.1106897850219345e-07,7.749815010895463,1.0,0.5151741293532338,5.338116230181983e-10,0.533355884788435,0.0,0.033202332554105735,"[[3105, 0], [0, 2853]]","[[190, 155], [166, 151]]"
disclosure_x_bias,250,init_knn1,N2,log_loss,1.1105672384916264e-07,7.749960713670592,1.0,0.5151741293532338,5.337622909273208e-10,0.5332676922401007,0.0,0.033202332554105735,"[[3105, 0], [0, 2853]]","[[190, 155], [166, 151]]"
disclosure_x_bias,251,init_knn1,N2,log_loss,1.1104412760433861e-07,7.749879887856747,1.0,0.5151741293532338,5.335416763191805e-10,0.5334443991031671,0.0,0.033202332554105735,"[[3105, 0], [0, 2853]]","[[190, 155], [166, 151]]"
disclosure_x_bias,252,init_knn1,N2,log_loss,1.110315152222936e-07,7.749968015924354,1.0,0.5151741293532338,5.328743580353601e-10,0.5334150167310897,0.0,0.033202332554105735,"[[3105, 0], [0, 2853]]","[[190, 155], [166, 151]]"
disclosure_x_bias,253,init_knn1,N2,log_loss,1.1101752634792763e-07,7.750089071235737,1.0,0.5151741293532338,5.322775828067883e-10,0.5333446318057108,0.0,0.033202332554105735,"[[3105, 0], [0, 2853]]","[[190, 155], [166, 151]]"
disclosure_x_bias,254,init_knn1,N2,log_loss,1.1100485323067537e-07,7.750219162700816,1.0,0.5151741293532338,5.317483361562287e-10,0.5332160060092741,0.0,0.033202332554105735,"[[3105, 0], [0, 2853]]","[[190, 155], [166, 151]]"
disclosure_x_bias,255,init_knn1,N2,log_loss,1.1099225623702047e-07,7.75022393404538,1.0,0.5151741293532338,5.31743588408761e-10,0.5333201904068121,0.0,0.033202332554105735,"[[3105, 0], [0, 2853]]","[[190, 155], [166, 151]]"
disclosure_x_bias,256,init_knn1,N2,log_loss,1.1097724962731973e-07,7.750286763749571,1.0,0.5151741293532338,5.310899492005655e-10,0.5332742757892406,0.0,0.033202332554105735,"[[3105, 0], [0, 2853]]","[[190, 155], [166, 151]]"
disclosure_x_bias,257,init_knn1,N2,log_loss,1.1096501589390766e-07,7.750285367058669,1.0,0.5151741293532338,5.311659522011548e-10,0.5333274935793173,0.0,0.033202332554105735,"[[3105, 0], [0, 2853]]","[[190, 155], [166, 151]]"
disclosure_x_bias,258,init_knn1,N2,log_loss,1.1094919294636542e-07,7.750336462473659,1.0,0.5151741293532338,5.300447963239154e-10,0.5332610107067411,0.0,0.033202332554105735,"[[3105, 0], [0, 2853]]","[[190, 155], [166, 151]]"
disclosure_x_bias,259,init_knn1,N2,log_loss,1.1093589624965468e-07,7.7505020086536405,1.0,0.5151741293532338,5.311976138326862e-10,0.533390921694431,0.0,0.033202332554105735,"[[3105, 0], [0, 2853]]","[[190, 155], [166, 151]]"
disclosure_x_bias,260,init_knn1,N2,log_loss,1.1092244241924798e-07,7.750549718066606,1.0,0.5151741293532338,5.32200672586333e-10,0.5333871613991436,0.0,0.033202332554105735,"[[3105, 0], [0, 2853]]","[[190, 155], [166, 151]]"
disclosure_x_bias,261,init_knn1,N2,log_loss,1.1090741970421034e-07,7.750497031204394,1.0,0.5151741293532338,5.325085319078605e-10,0.533323130670969,0.0,0.033202332554105735,"[[3105, 0], [0, 2853]]","[[190, 155], [166, 151]]"
disclosure_x_bias,262,init_knn1,N2,log_loss,1.1089491473614283e-07,7.75066686474653,1.0,0.5151741293532338,5.320561261553244e-10,0.533387288831575,0.0,0.033202332554105735,"[[3105, 0], [0, 2853]]","[[190, 155], [166, 151]]"
disclosure_x_bias,263,init_knn1,N2,log_loss,1.1088235244483278e-07,7.750630227536368,1.0,0.5151741293532338,5.32267104800875e-10,0.5333580033477154,0.0,0.033202332554105735,"[[3105, 0], [0, 2853]]","[[190, 155], [166, 151]]"
disclosure_x_bias,264,init_knn1,N2,log_loss,1.1086884246449047e-07,7.7509337551207595,1.0,0.5151741293532338,5.322933679648546e-10,0.5331935889706071,0.0,0.033202332554105735,"[[3105, 0], [0, 2853]]","[[190, 155], [166, 151]]"
disclosure_x_bias,265,init_knn1,N2,log_loss,1.1085209647946538e-07,7.750898413004371,1.0,0.5151741293532338,5.267571937708318e-10,0.5332686556967815,0.0,0.033202332554105735,"[[3105, 0], [0, 2853]]","[[190, 155], [166, 151]]"
disclosure_x_bias,266,init_knn1,N2,log_loss,1.1083943403512089e-07,7.750804811501126,1.0,0.5151741293532338,5.267409611769061e-10,0.5333187303569606,0.0,0.033202332554105735,"[[3105, 0], [0, 2853]]","[[190, 155], [166, 151]]"
disclosure_x_bias,267,init_knn1,N2,log_loss,1.1082656397313467e-07,7.750809993863754,1.0,0.5151741293532338,5.272292323287683e-10,0.5332406271284768,0.0,0.033202332554105735,"[[3105, 0], [0, 2853]]","[[190, 155], [166, 151]]"
disclosure_x_bias,268,init_knn1,N2,log_loss,1.108145437128081e-07,7.750886033813563,1.0,0.5151741293532338,5.272488247063215e-10,0.5333837877683428,0.0,0.033202332554105735,"[[3105, 0], [0, 2853]]","[[190, 155], [166, 151]]"
disclosure_x_bias,269,init_knn1,N2,log_loss,1.1080200181477545e-07,7.750895173277054,1.0,0.5151741293532338,5.278791589100274e-10,0.5335322600928337,0.0,0.033202332554105735,"[[3105, 0], [0, 2853]]","[[190, 155], [166, 151]]"
disclosure_x_bias,270,init_knn1,N2,log_loss,1.1078879090656909e-07,7.750891940376016,1.0,0.5151741293532338,5.272891251430121e-10,0.533479736250927,0.0,0.033202332554105735,"[[3105, 0], [0, 2853]]","[[190, 155], [166, 151]]"
disclosure_x_bias,271,init_knn1,N2,log_loss,1.1077692030785655e-07,7.750890318891197,1.0,0.5151741293532338,5.273273358162223e-10,0.5335529412799818,0.0,0.033202332554105735,"[[3105, 0], [0, 2853]]","[[190, 155], [166, 151]]"
disclosure_x_bias,272,init_knn1,N2,log_loss,1.1076507993371176e-07,7.750948115756424,1.0,0.5151741293532338,5.276154186434339e-10,0.5334836852706715,0.0,0.033202332554105735,"[[3105, 0], [0, 2853]]","[[190, 155], [166, 151]]"
disclosure_x_bias,273,init_knn1,N2,log_loss,1.1075321593056311e-07,7.751073190390722,1.0,0.5151741293532338,5.282369330228917e-10,0.5335730224036899,0.0,0.033202332554105735,"[[3105, 0], [0, 2853]]","[[190, 155], [166, 151]]"
disclosure_x_bias,274,init_knn1,N2,log_loss,1.1074120257869843e-07,7.751003111283571,1.0,0.5151741293532338,5.283338804125212e-10,0.5335977230951224,0.0,0.033202332554105735,"[[3105, 0], [0, 2853]]","[[190, 155], [166, 151]]"
disclosure_x_bias,275,init_knn1,N2,log_loss,1.1072523288302939e-07,7.7510592085535235,1.0,0.5151741293532338,5.279820689818216e-10,0.5336129037922196,0.0,0.033202332554105735,"[[3105, 0], [0, 2853]]","[[190, 155], [166, 151]]"
disclosure_x_bias,276,init_knn1,N2,log_loss,1.1071352956898952e-07,7.751115763009937,1.0,0.5151741293532338,5.281601743510435e-10,0.5336372935477803,0.0,0.033202332554105735,"[[3105, 0], [0, 2853]]","[[190, 155], [166, 151]]"
disclosure_x_bias,277,init_knn1,N2,log_loss,1.1069905789670396e-07,7.7511610460995115,1.0,0.5151741293532338,5.28787704443954e-10,0.533719606375806,0.0,0.033202332554105735,"[[3105, 0], [0, 2853]]","[[190, 155], [166, 151]]"
disclosure_x_bias,278,init_knn1,N2,log_loss,1.106856689531844e-07,7.7510638013918465,1.0,0.5151741293532338,5.264188764461319e-10,0.5336850728654523,0.0,0.033202332554105735,"[[3105, 0], [0, 2853]]","[[190, 155], [166, 151]]"
disclosure_x_bias,279,init_knn1,N2,log_loss,1.106739167202225e-07,7.7512264624477165,1.0,0.5151741293532338,5.266633532843336e-10,0.5338384007978606,0.0,0.033202332554105735,"[[3105, 0], [0, 2853]]","[[190, 155], [166, 151]]"
disclosure_x_bias,280,init_knn1,N2,log_loss,1.1066156281850191e-07,7.751160165221551,1.0,0.5151741293532338,5.269487551871497e-10,0.5337790968958644,0.0,0.033202332554105735,"[[3105, 0], [0, 2853]]","[[190, 155], [166, 151]]"
disclosure_x_bias,281,init_knn1,N2,log_loss,1.1064878728660118e-07,7.751143516340674,1.0,0.5151741293532338,5.261388956377271e-10,0.5338962736419739,0.0,0.033202332554105735,"[[3105, 0], [0, 2853]]","[[190, 155], [166, 151]]"
disclosure_x_bias,282,init_knn1,N2,log_loss,1.1063674880405346e-07,7.751178640778616,1.0,0.5151741293532338,5.25871984362274e-10,0.5338755098781703,0.0,0.033202332554105735,"[[3105, 0], [0, 2853]]","[[190, 155], [166, 151]]"
disclosure_x_bias,283,init_knn1,N2,log_loss,1.1062524181311496e-07,7.751033079460418,1.0,0.5151741293532338,5.257393393235608e-10,0.5339259756907561,0.0,0.033202332554105735,"[[3105, 0], [0, 2853]]","[[190, 155], [166, 151]]"
disclosure_x_bias,284,init_knn1,N2,log_loss,1.1061153262068755e-07,7.7510830355651565,1.0,0.5151741293532338,5.244356089349153e-10,0.5338431868088488,0.0,0.033202332554105735,"[[3105, 0], [0, 2853]]","[[190, 155], [166, 151]]"
disclosure_x_bias,285,init_knn1,N2,log_loss,1.1059897370092149e-07,7.751030441555845,1.0,0.5151741293532338,5.244035172328402e-10,0.534002078396856,0.0,0.033202332554105735,"[[3105, 0], [0, 2853]]","[[190, 155], [166, 151]]"
disclosure_x_bias,286,init_knn1,N2,log_loss,1.1058716849359376e-07,7.751072778804708,1.0,0.5151741293532338,5.240517444944408e-10,0.5339536158911512,0.0,0.033202332554105735,"[[3105, 0], [0, 2853]]","[[190, 155], [166, 151]]"
disclosure_x_bias,287,init_knn1,N2,log_loss,1.105758172683744e-07,7.751100241167611,1.0,0.5151741293532338,5.240915592860921e-10,0.5340456364060759,0.0,0.033202332554105735,"[[3105, 0], [0, 2853]]","[[190, 155], [166, 151]]"
disclosure_x_bias,288,init_knn1,N2,log_loss,1.1056378664097013e-07,7.751146253042977,1.0,0.5151741293532338,5.244726265818737e-10,0.5339858211619462,0.0,0.033202332554105735,"[[3105, 0], [0, 2853]]","[[190, 155], [166, 151]]"
disclosure_x_bias,289,init_knn1,N2,log_loss,1.1055079948532307e-07,7.751185563758307,1.0,0.5151741293532338,5.286231904545703e-10,0.5340500898415961,0.0,0.033202332554105735,"[[3105, 0], [0, 2853]]","[[190, 155], [166, 151]]"
disclosure_x_bias,290,init_knn1,N2,log_loss,1.1053892939609157e-07,7.751090462754592,1.0,0.5151741293532338,5.290536631706687e-10,0.5340786579895727,0.0,0.033202332554105735,"[[3105, 0], [0, 2853]]","[[190, 155], [166, 151]]"
disclosure_x_bias,291,init_knn1,N2,log_loss,1.105264500041184e-07,7.751160555275564,1.0,0.5151741293532338,5.292077588876959e-10,0.5342119808560218,0.0,0.033202332554105735,"[[3105, 0], [0, 2853]]","[[190, 155], [166, 151]]"
disclosure_x_bias,292,init_knn1,N2,log_loss,1.1051446218539684e-07,7.751221446294137,1.0,0.5151741293532338,5.297643819442756e-10,0.5341787010261512,0.0,0.033202332554105735,"[[3105, 0], [0, 2853]]","[[190, 155], [166, 151]]"
disclosure_x_bias,293,init_knn1,N2,log_loss,1.1049819032470491e-07,7.751231627937597,1.0,0.5151741293532338,5.310716462011124e-10,0.5341290403030087,0.0,0.033202332554105735,"[[3105, 0], [0, 2853]]","[[190, 155], [166, 151]]"
disclosure_x_bias,294,init_knn1,N2,log_loss,1.1048634096118311e-07,7.751142610788916,1.0,0.5151741293532338,5.317525167428649e-10,0.5341281246203511,0.0,0.033202332554105735,"[[3105, 0], [0, 2853]]","[[190, 155], [166, 151]]"
disclosure_x_bias,295,init_knn1,N2,log_loss,1.1047397786259487e-07,7.751219261412674,1.0,0.5151741293532338,5.317409566186158e-10,0.5342052170263868,0.0,0.033202332554105735,"[[3105, 0], [0, 2853]]","[[190, 155], [166, 151]]"
disclosure_x_bias,296,init_knn1,N2,log_loss,1.1046081243385851e-07,7.751208537592373,1.0,0.5151741293532338,5.325064158947488e-10,0.5342174869779079,0.0,0.033202332554105735,"[[3105, 0], [0, 2853]]","[[190, 155], [166, 151]]"
disclosure_x_bias,297,init_knn1,N2,log_loss,1.1044928543068191e-07,7.751188333997445,1.0,0.5151741293532338,5.323233123800073e-10,0.5341029844420043,0.0,0.033202332554105735,"[[3105, 0], [0, 2853]]","[[190, 155], [166, 151]]"
disclosure_x_bias,298,init_knn1,N2,log_loss,1.1043797588401483e-07,7.7512079480819605,1.0,0.5151741293532338,5.328074350374568e-10,0.534062684675693,0.0,0.033202332554105735,"[[3105, 0], [0, 2853]]","[[190, 155], [166, 151]]"
disclosure_x_bias,299,init_knn1,N2,log_loss,1.1042586438706528e-07,7.751221514197331,1.0,0.5151741293532338,5.328792611934354e-10,0.5342443662300417,0.0,0.033202332554105735,"[[3105, 0], [0, 2853]]","[[190, 155], [166, 151]]"
disclosure_x_bias,300,init_knn1,N2,log_loss,1.104102753233608e-07,7.751372276817155,1.0,0.5151741293532338,5.326992691776117e-10,0.5341669932334894,0.0,0.033202332554105735,"[[3105, 0], [0, 2853]]","[[190, 155], [166, 151]]"
disclosure_x_bias,1,init_knn1,N2,exponential,727.5255609880654,750.0759503063601,1.0,0.5151741293532338,0.25294781071330313,105.13494751349423,0.0,0.033202332554105735,"[[3105, 0], [0, 2853]]","[[190, 155], [166, 151]]"
disclosure_x_bias,2,init_knn1,N2,exponential,731.4465830213627,753.2056077050959,1.0,0.5151741293532338,0.4949917961360722,104.92773649467667,0.0,0.033202332554105735,"[[3105, 0], [0, 2853]]","[[190, 155], [166, 151]]"
disclosure_x_bias,3,init_knn1,N2,exponential,735.0311545064471,756.4694181803918,1.0,0.5151741293532338,0.7488291374412673,105.83129778029536,0.0,0.033202332554105735,"[[3105, 0], [0, 2853]]","[[190, 155], [166, 151]]"
disclosure_x_bias,4,init_knn1,N2,exponential,738.366267512428,760.5088197342645,1.0,0.5151741293532338,1.024002460988598,106.65611443669685,0.0,0.033202332554105735,"[[3105, 0], [0, 2853]]","[[190, 155], [166, 151]]"
disclosure_x_bias,5,init_knn1,N2,exponential,741.4229112679684,763.2986986920039,1.0,0.5151741293532338,1.2223148696193786,107.34888205624159,0.0,0.033202332554105735,"[[3105, 0], [0, 2853]]","[[190, 155], [166, 151]]"
disclosure_x_bias,6,init_knn1,N2,exponential,744.190181303933,765.78054567436,1.0,0.5151741293532338,1.2243465515051404,107.12124376501372,0.0,0.033202332554105735,"[[3105, 0], [0, 2853]]","[[190, 155], [166, 151]]"
disclosure_x_bias,7,init_knn1,N2,exponential,746.7642518201085,768.8819831143671,1.0,0.5151741293532338,1.4024441813396542,108.1023192774501,0.0,0.033202332554105735,"[[3105, 0], [0, 2853]]","[[190, 155], [166, 151]]"
disclosure_x_bias,8,init_knn1,N2,exponential,749.2796040516876,770.7787535771538,1.0,0.5151741293532338,1.625812864494868,109.48146014943295,0.0,0.033202332554105735,"[[3105, 0], [0, 2853]]","[[190, 155], [166, 151]]"
disclosure_x_bias,9,init_knn1,N2,exponential,751.5545076157715,773.0245395437418,1.0,0.5151741293532338,1.776497249305289,109.94509078788485,0.0,0.033202332554105735,"[[3105, 0], [0, 2853]]","[[190, 155], [166, 151]]"
disclosure_x_bias,10,init_knn1,N2,exponential,753.7326442913201,775.2605736555471,1.0,0.5151741293532338,1.867204830497884,110.01137329442948,0.0,0.033202332554105735,"[[3105, 0], [0, 2853]]","[[190, 155], [166, 151]]"
disclosure_x_bias,11,init_knn1,N2,exponential,755.6599623588456,776.5690567873323,1.0,0.5151741293532338,1.9793399090226211,111.24582093128994,0.0,0.033202332554105735,"[[3105, 0], [0, 2853]]","[[190, 155], [166, 151]]"
disclosure_x_bias,12,init_knn1,N2,exponential,757.6565519264177,780.1110632387606,1.0,0.5151741293532338,2.373089563223975,112.83964707323084,0.0,0.033202332554105735,"[[3105, 0], [0, 2853]]","[[190, 155], [166, 151]]"
disclosure_x_bias,13,init_knn1,N2,exponential,759.4964124517354,782.0281349756481,1.0,0.5151741293532338,2.6215432746279115,112.56445826022987,0.0,0.033202332554105735,"[[3105, 0], [0, 2853]]","[[190, 155], [166, 151]]"
disclosure_x_bias,14,init_knn1,N2,exponential,761.1185798981298,783.4040286765253,1.0,0.5151741293532338,2.656353404201433,113.2179938004398,0.0,0.033202332554105735,"[[3105, 0], [0, 2853]]","[[190, 155], [166, 151]]"
disclosure_x_bias,15,init_knn1,N2,exponential,762.6513807723888,785.0161706845112,1.0,0.5151741293532338,2.7430312524297196,113.03036948082917,0.0,0.033202332554105735,"[[3105, 0], [0, 2853]]","[[190, 155], [166, 151]]"
disclosure_x_bias,16,init_knn1,N2,exponential,764.200305967685,786.3621334481661,1.0,0.5151741293532338,2.8277343848949,112.47648851354674,0.0,0.033202332554105735,"[[3105, 0], [0, 2853]]","[[190, 155], [166, 151]]"
disclosure_x_bias,17,init_knn1,N2,exponential,765.7104064107018,787.6476503339743,1.0,0.5151741293532338,2.8147720250539017,112.82785923891713,0.0,0.033202332554105735,"[[3105, 0], [0, 2853]]","[[190, 155], [166, 151]]"
disclosure_x_bias,18,init_knn1,N2,exponential,766.9259707856211,787.6025398467743,1.0,0.5151741293532338,2.79639411508021,112.92996560481866,0.0,0.033202332554105735,"[[3105, 0], [0, 2853]]","[[190, 155], [166, 151]]"
disclosure_x_bias,19,init_knn1,N2,exponential,768.4283332928762,789.3656718185326,1.0,0.5151741293532338,3.4808252077833437,115.26610500899216,0.0,0.033202332554105735,"[[3105, 0], [0, 2853]]","[[190, 155], [166, 151]]"
disclosure_x_bias,20,init_knn1,N2,exponential,769.673667572966,790.5952671575317,1.0,0.5151741293532338,3.589843360964988,116.09273739921863,0.0,0.033202332554105735,"[[3105, 0], [0, 2853]]","[[190, 155], [166, 151]]"
disclosure_x_bias,21,init_knn1,N2,exponential,770.9697462298192,791.7041268777799,1.0,0.5151741293532338,3.716711515258135,116.50765542452181,0.0,0.033202332554105735,"[[3105, 0], [0, 2853]]","[[190, 155], [166, 151]]"
disclosure_x_bias,22,init_knn1,N2,exponential,772.0902461888028,792.9748111952856,1.0,0.5151741293532338,3.81505303407519,116.37522745973244,0.0,0.033202332554105735,"[[3105, 0], [0, 2853]]","[[190, 155], [166, 151]]"
disclosure_x_bias,23,init_knn1,N2,exponential,773.026785289029,793.9012180115208,1.0,0.5151741293532338,3.765228191289702,115.90988737468389,0.0,0.033202332554105735,"[[3105, 0], [0, 2853]]","[[190, 155], [166, 151]]"
disclosure_x_bias,24,init_knn1,N2,exponential,774.1964611150163,795.2334127840237,1.0,0.5151741293532338,3.859791179188146,116.25693796846575,0.0,0.033202332554105735,"[[3105, 0], [0, 2853]]","[[190, 155], [166, 151]]"
disclosure_x_bias,25,init_knn1,N2,exponential,775.279275349311,796.5325230340047,1.0,0.5151741293532338,3.8651708551095045,115.60302819768924,0.0,0.033202332554105735,"[[3105, 0], [0, 2853]]","[[190, 155], [166, 151]]"
disclosure_x_bias,26,init_knn1,N2,exponential,776.5891357173126,797.9048407414014,1.0,0.5151741293532338,4.69353198784153,117.90974963796667,0.0,0.033202332554105735,"[[3105, 0], [0, 2853]]","[[190, 155], [166, 151]]"
disclosure_x_bias,27,init_knn1,N2,exponential,777.7183140453343,798.808728165886,1.0,0.5151741293532338,4.658915939089153,117.42263899587708,0.0,0.033202332554105735,"[[3105, 0], [0, 2853]]","[[190, 155], [166, 151]]"
disclosure_x_bias,28,init_knn1,N2,exponential,778.6498783861728,799.3401333565084,1.0,0.5151741293532338,4.774943733729885,117.96395320812832,0.0,0.033202332554105735,"[[3105, 0], [0, 2853]]","[[190, 155], [166, 151]]"
disclosure_x_bias,29,init_knn1,N2,exponential,779.5439797653754,800.0528831442147,1.0,0.5151741293532338,4.802607546832524,117.85640029483447,0.0,0.033202332554105735,"[[3105, 0], [0, 2853]]","[[190, 155], [166, 151]]"
disclosure_x_bias,30,init_knn1,N2,exponential,780.4488405446295,800.1581171592912,1.0,0.5151741293532338,4.998839787765305,117.98129977850061,0.0,0.033202332554105735,"[[3105, 0], [0, 2853]]","[[190, 155], [166, 151]]"
disclosure_x_bias,31,init_knn1,N2,exponential,781.2843257683016,801.178994119213,1.0,0.5151741293532338,4.985949339430141,118.61622733547551,0.0,0.033202332554105735,"[[3105, 0], [0, 2853]]","[[190, 155], [166, 151]]"
disclosure_x_bias,32,init_knn1,N2,exponential,782.197387910526,801.5610606819008,1.0,0.5151741293532338,5.286611834956578,119.01744221483214,0.0,0.033202332554105735,"[[3105, 0], [0, 2853]]","[[190, 155], [166, 151]]"
disclosure_x_bias,33,init_knn1,N2,exponential,783.189447112504,802.1623951768295,1.0,0.5151741293532338,5.174868897611257,119.09361015487487,0.0,0.033202332554105735,"[[3105, 0], [0, 2853]]","[[190, 155], [166, 151]]"
disclosure_x_bias,34,init_knn1,N2,exponential,784.0915734176406,803.3403763396374,1.0,0.5151741293532338,5.254067102055511,119.41279474796762,0.0,0.033202332554105735,"[[3105, 0], [0, 2853]]","[[190, 155], [166, 151]]"
disclosure_x_bias,35,init_knn1,N2,exponential,784.9146699080097,803.8890390127955,1.0,0.5151741293532338,5.213276756246395,119.10205457931758,0.0,0.033202332554105735,"[[3105, 0], [0, 2853]]","[[190, 155], [166, 151]]"
disclosure_x_bias,36,init_knn1,N2,exponential,785.6455161762951,804.5008836488499,1.0,0.5151741293532338,5.377801812137998,118.92829993596496,0.0,0.033202332554105735,"[[3105, 0], [0, 2853]]","[[190, 155], [166, 151]]"
disclosure_x_bias,37,init_knn1,N2,exponential,786.4767783493778,804.8564159301837,1.0,0.5151741293532338,5.497140544431763,119.05548054469287,0.0,0.033202332554105735,"[[3105, 0], [0, 2853]]","[[190, 155], [166, 151]]"
disclosure_x_bias,38,init_knn1,N2,exponential,787.5394443473538,805.9458584569045,1.0,0.5151741293532338,5.26290665027339,118.5712509936908,0.0,0.033202332554105735,"[[3105, 0], [0, 2853]]","[[190, 155], [166, 151]]"
disclosure_x_bias,39,init_knn1,N2,exponential,788.5962630754046,807.4584809655126,1.0,0.5151741293532338,6.359866506281704,121.46446953775941,0.0,0.033202332554105735,"[[3105, 0], [0, 2853]]","[[190, 155], [166, 151]]"
disclosure_x_bias,40,init_knn1,N2,exponential,789.3752443871319,807.9405477820585,1.0,0.5151741293532338,6.497538234312786,121.33086314833031,0.0,0.033202332554105735,"[[3105, 0], [0, 2853]]","[[190, 155], [166, 151]]"
disclosure_x_bias,41,init_knn1,N2,exponential,790.0171494561727,808.026169317298,1.0,0.5151741293532338,6.543019791565928,121.82160837192953,0.0,0.033202332554105735,"[[3105, 0], [0, 2853]]","[[190, 155], [166, 151]]"
disclosure_x_bias,42,init_knn1,N2,exponential,790.7385902239946,808.6132008313577,1.0,0.5151741293532338,6.416089682446699,121.27045832581358,0.0,0.033202332554105735,"[[3105, 0], [0, 2853]]","[[190, 155], [166, 151]]"
disclosure_x_bias,43,init_knn1,N2,exponential,791.5060639040837,809.0393014240038,1.0,0.5151741293532338,6.310114178871795,121.24962582415606,0.0,0.033202332554105735,"[[3105, 0], [0, 2853]]","[[190, 155], [166, 151]]"
disclosure_x_bias,44,init_knn1,N2,exponential,792.4673969507465,809.7554994451696,1.0,0.5151741293532338,6.534174992985008,120.8882486781784,0.0,0.033202332554105735,"[[3105, 0], [0, 2853]]","[[190, 155], [166, 151]]"
disclosure_x_bias,45,init_knn1,N2,exponential,793.2191052646384,811.0431666613115,1.0,0.5151741293532338,6.588945901388275,121.15580016994576,0.0,0.033202332554105735,"[[3105, 0], [0, 2853]]","[[190, 155], [166, 151]]"
disclosure_x_bias,46,init_knn1,N2,exponential,794.1438543902393,811.7989602509826,1.0,0.5151741293532338,6.740289702457913,121.8562675683833,0.0,0.033202332554105735,"[[3105, 0], [0, 2853]]","[[190, 155], [166, 151]]"
disclosure_x_bias,47,init_knn1,N2,exponential,795.3475227388496,813.8824197850242,1.0,0.5151741293532338,7.9336441335169425,124.41368025847727,0.0,0.033202332554105735,"[[3105, 0], [0, 2853]]","[[190, 155], [166, 151]]"
disclosure_x_bias,48,init_knn1,N2,exponential,796.1367239012847,814.5362848145004,1.0,0.5151741293532338,7.800863517328292,124.59093465133955,0.0,0.033202332554105735,"[[3105, 0], [0, 2853]]","[[190, 155], [166, 151]]"
disclosure_x_bias,49,init_knn1,N2,exponential,796.8776762091354,814.4231510626964,1.0,0.5151741293532338,7.853627712677048,124.49751349393517,0.0,0.033202332554105735,"[[3105, 0], [0, 2853]]","[[190, 155], [166, 151]]"
disclosure_x_bias,50,init_knn1,N2,exponential,797.5993914878434,814.6777378931716,1.0,0.5151741293532338,7.78319404686268,124.8428779956547,0.0,0.033202332554105735,"[[3105, 0], [0, 2853]]","[[190, 155], [166, 151]]"
disclosure_x_bias,51,init_knn1,N2,exponential,798.1043088452352,815.0225990432909,1.0,0.5151741293532338,7.616239380893741,124.62868991370098,0.0,0.033202332554105735,"[[3105, 0], [0, 2853]]","[[190, 155], [166, 151]]"
disclosure_x_bias,52,init_knn1,N2,exponential,798.7722415754208,815.718903344286,1.0,0.5151741293532338,7.732020114989105,123.87148257647725,0.0,0.033202332554105735,"[[3105, 0], [0, 2853]]","[[190, 155], [166, 151]]"
disclosure_x_bias,53,init_knn1,N2,exponential,799.5545156857863,816.0922104334595,1.0,0.5151741293532338,7.880151737416026,123.79471955105085,0.0,0.033202332554105735,"[[3105, 0], [0, 2853]]","[[190, 155], [166, 151]]"
disclosure_x_bias,54,init_knn1,N2,exponential,800.3616155704012,817.1203173870766,1.0,0.5151741293532338,7.724903628410739,123.45727294401193,0.0,0.033202332554105735,"[[3105, 0], [0, 2853]]","[[190, 155], [166, 151]]"
disclosure_x_bias,55,init_knn1,N2,exponential,800.8598644333891,817.8926124490904,1.0,0.5151741293532338,7.676299863619032,123.81782124004067,0.0,0.033202332554105735,"[[3105, 0], [0, 2853]]","[[190, 155], [166, 151]]"
disclosure_x_bias,56,init_knn1,N2,exponential,801.545209212056,818.1221600979649,1.0,0.5151741293532338,7.631058304591297,123.45587192680635,0.0,0.033202332554105735,"[[3105, 0], [0, 2853]]","[[190, 155], [166, 151]]"
disclosure_x_bias,57,init_knn1,N2,exponential,802.1116105880647,818.5956409047251,1.0,0.5151741293532338,7.6207849485454995,124.02799205430195,0.0,0.033202332554105735,"[[3105, 0], [0, 2853]]","[[190, 155], [166, 151]]"
disclosure_x_bias,58,init_knn1,N2,exponential,802.975126713809,819.9109029338551,1.0,0.5151741293532338,7.6401928521919595,123.41828308343797,0.0,0.033202332554105735,"[[3105, 0], [0, 2853]]","[[190, 155], [166, 151]]"
disclosure_x_bias,59,init_knn1,N2,exponential,803.9811396024995,820.9761276279766,1.0,0.5151741293532338,7.7301762587406335,124.52269443308903,0.0,0.033202332554105735,"[[3105, 0], [0, 2853]]","[[190, 155], [166, 151]]"
disclosure_x_bias,60,init_knn1,N2,exponential,804.691640909599,820.9675896943265,1.0,0.5151741293532338,7.490087687774575,124.70951362579,0.0,0.033202332554105735,"[[3105, 0], [0, 2853]]","[[190, 155], [166, 151]]"
disclosure_x_bias,61,init_knn1,N2,exponential,805.3237558860076,821.688221634915,1.0,0.5151741293532338,7.6402497252929455,124.92113628552318,0.0,0.033202332554105735,"[[3105, 0], [0, 2853]]","[[190, 155], [166, 151]]"
disclosure_x_bias,62,init_knn1,N2,exponential,805.8380483260902,822.3266198217731,1.0,0.5151741293532338,7.556982010042531,125.18255928279622,0.0,0.033202332554105735,"[[3105, 0], [0, 2853]]","[[190, 155], [166, 151]]"
disclosure_x_bias,63,init_knn1,N2,exponential,806.5225587669822,822.3991054144365,1.0,0.5151741293532338,7.661489751435764,125.64933572118288,0.0,0.033202332554105735,"[[3105, 0], [0, 2853]]","[[190, 155], [166, 151]]"
disclosure_x_bias,64,init_knn1,N2,exponential,807.0552770472275,822.5837809198061,1.0,0.5151741293532338,7.667571146628558,125.76633767152536,0.0,0.033202332554105735,"[[3105, 0], [0, 2853]]","[[190, 155], [166, 151]]"
disclosure_x_bias,65,init_knn1,N2,exponential,808.1941329834046,823.9925035938392,1.0,0.5151741293532338,9.551434088563921,129.15274461571764,0.0,0.033202332554105735,"[[3105, 0], [0, 2853]]","[[190, 155], [166, 151]]"
disclosure_x_bias,66,init_knn1,N2,exponential,808.7890912073627,824.3653916470814,1.0,0.5151741293532338,9.592526493773285,128.6524008905648,0.0,0.033202332554105735,"[[3105, 0], [0, 2853]]","[[190, 155], [166, 151]]"
disclosure_x_bias,67,init_knn1,N2,exponential,809.1611366609161,825.1517500849392,1.0,0.5151741293532338,9.610573948180715,128.5299384306947,0.0,0.033202332554105735,"[[3105, 0], [0, 2853]]","[[190, 155], [166, 151]]"
disclosure_x_bias,68,init_knn1,N2,exponential,809.5769195990008,825.7775625848001,1.0,0.5151741293532338,9.483007984251465,128.29508289817556,0.0,0.033202332554105735,"[[3105, 0], [0, 2853]]","[[190, 155], [166, 151]]"
disclosure_x_bias,69,init_knn1,N2,exponential,810.1957103125527,825.7554796002329,1.0,0.5151741293532338,9.33476299917204,128.05715445187275,0.0,0.033202332554105735,"[[3105, 0], [0, 2853]]","[[190, 155], [166, 151]]"
disclosure_x_bias,70,init_knn1,N2,exponential,810.6664452169025,826.0280934561011,1.0,0.5151741293532338,9.374921338929164,127.96878710759636,0.0,0.033202332554105735,"[[3105, 0], [0, 2853]]","[[190, 155], [166, 151]]"
disclosure_x_bias,71,init_knn1,N2,exponential,811.6596307106346,826.7110708564711,1.0,0.5151741293532338,9.265837871763814,127.69881238879198,0.0,0.033202332554105735,"[[3105, 0], [0, 2853]]","[[190, 155], [166, 151]]"
disclosure_x_bias,72,init_knn1,N2,exponential,812.2176667710859,827.5874602423935,1.0,0.5151741293532338,9.182806719583688,128.3334437423864,0.0,0.033202332554105735,"[[3105, 0], [0, 2853]]","[[190, 155], [166, 151]]"
disclosure_x_bias,73,init_knn1,N2,exponential,812.863697970016,828.2711106550236,1.0,0.5151741293532338,9.315456333276556,128.05956546313064,0.0,0.033202332554105735,"[[3105, 0], [0, 2853]]","[[190, 155], [166, 151]]"
disclosure_x_bias,74,init_knn1,N2,exponential,813.3207469890737,828.7604805273729,1.0,0.5151741293532338,9.360263682757575,128.44500043264748,0.0,0.033202332554105735,"[[3105, 0], [0, 2853]]","[[190, 155], [166, 151]]"
disclosure_x_bias,75,init_knn1,N2,exponential,813.6866042109284,829.2215499981432,1.0,0.5151741293532338,9.24291623377052,128.23301447209954,0.0,0.033202332554105735,"[[3105, 0], [0, 2853]]","[[190, 155], [166, 151]]"
disclosure_x_bias,76,init_knn1,N2,exponential,814.404768516746,829.2042217649357,1.0,0.5151741293532338,9.279337767791201,128.36476687417576,0.0,0.033202332554105735,"[[3105, 0], [0, 2853]]","[[190, 155], [166, 151]]"
disclosure_x_bias,77,init_knn1,N2,exponential,815.0603969916563,829.6234192844167,1.0,0.5151741293532338,9.419745786159794,128.23238736150546,0.0,0.033202332554105735,"[[3105, 0], [0, 2853]]","[[190, 155], [166, 151]]"
disclosure_x_bias,78,init_knn1,N2,exponential,815.2703918229909,830.2095929223018,1.0,0.5151741293532338,9.348235712099369,129.0709681371307,0.0,0.033202332554105735,"[[3105, 0], [0, 2853]]","[[190, 155], [166, 151]]"
disclosure_x_bias,79,init_knn1,N2,exponential,816.8232106675549,832.1230608575967,1.0,0.5151741293532338,11.077917870089548,133.03075404349153,0.0,0.033202332554105735,"[[3105, 0], [0, 2853]]","[[190, 155], [166, 151]]"
disclosure_x_bias,80,init_knn1,N2,exponential,817.6353563001705,832.3131444976128,1.0,0.5151741293532338,11.040279652088621,132.76809090272522,0.0,0.033202332554105735,"[[3105, 0], [0, 2853]]","[[190, 155], [166, 151]]"
disclosure_x_bias,81,init_knn1,N2,exponential,818.1230478834389,832.7318757942696,1.0,0.5151741293532338,11.187485315921554,132.78805801058311,0.0,0.033202332554105735,"[[3105, 0], [0, 2853]]","[[190, 155], [166, 151]]"
disclosure_x_bias,82,init_knn1,N2,exponential,818.6751235040068,833.2923737179732,1.0,0.5151741293532338,11.167471119204652,132.72116643868108,0.0,0.033202332554105735,"[[3105, 0], [0, 2853]]","[[190, 155], [166, 151]]"
disclosure_x_bias,83,init_knn1,N2,exponential,819.1886838690431,833.3697195695258,1.0,0.5151741293532338,11.177321166318352,132.68220120772418,0.0,0.033202332554105735,"[[3105, 0], [0, 2853]]","[[190, 155], [166, 151]]"
disclosure_x_bias,84,init_knn1,N2,exponential,819.847011251061,834.1158839292272,1.0,0.5151741293532338,11.180189464472345,132.43986155970472,0.0,0.033202332554105735,"[[3105, 0], [0, 2853]]","[[190, 155], [166, 151]]"
disclosure_x_bias,85,init_knn1,N2,exponential,820.6086499291077,834.0926122366254,1.0,0.5151741293532338,11.443560027578975,132.3104068135372,0.0,0.033202332554105735,"[[3105, 0], [0, 2853]]","[[190, 155], [166, 151]]"
disclosure_x_bias,86,init_knn1,N2,exponential,821.0425750150882,834.0536340953471,1.0,0.5151741293532338,11.351289624443915,132.11000127840032,0.0,0.033202332554105735,"[[3105, 0], [0, 2853]]","[[190, 155], [166, 151]]"
disclosure_x_bias,87,init_knn1,N2,exponential,821.7371280001238,834.8729760149633,1.0,0.5151741293532338,11.346585977960633,131.9362277510414,0.0,0.033202332554105735,"[[3105, 0], [0, 2853]]","[[190, 155], [166, 151]]"
disclosure_x_bias,88,init_knn1,N2,exponential,822.2011004441935,835.274387275034,1.0,0.5151741293532338,11.35009445508455,132.10163298737746,0.0,0.033202332554105735,"[[3105, 0], [0, 2853]]","[[190, 155], [166, 151]]"
disclosure_x_bias,89,init_knn1,N2,exponential,822.7622121421764,835.1528196975853,1.0,0.5151741293532338,11.406784321942933,132.0449778563559,0.0,0.033202332554105735,"[[3105, 0], [0, 2853]]","[[190, 155], [166, 151]]"
disclosure_x_bias,90,init_knn1,N2,exponential,823.4408947884764,836.5948277357566,1.0,0.5151741293532338,11.301943695120137,132.1225001845011,0.0,0.033202332554105735,"[[3105, 0], [0, 2853]]","[[190, 155], [166, 151]]"
disclosure_x_bias,91,init_knn1,N2,exponential,823.9072763271035,837.1603976700617,1.0,0.5151741293532338,11.42754566287809,132.03907760616906,0.0,0.033202332554105735,"[[3105, 0], [0, 2853]]","[[190, 155], [166, 151]]"
disclosure_x_bias,92,init_knn1,N2,exponential,824.5458233752848,837.2630929413148,1.0,0.5151741293532338,11.331988826462918,131.84910111652937,0.0,0.033202332554105735,"[[3105, 0], [0, 2853]]","[[190, 155], [166, 151]]"
disclosure_x_bias,93,init_knn1,N2,exponential,824.9787650034041,837.9171119951491,1.0,0.5151741293532338,11.282652441389873,132.76338869973992,0.0,0.033202332554105735,"[[3105, 0], [0, 2853]]","[[190, 155], [166, 151]]"
disclosure_x_bias,94,init_knn1,N2,exponential,825.2561719608559,837.833813427627,1.0,0.5151741293532338,11.353002041100668,132.47608879697256,0.0,0.033202332554105735,"[[3105, 0], [0, 2853]]","[[190, 155], [166, 151]]"
disclosure_x_bias,95,init_knn1,N2,exponential,825.6767411616763,838.2937264444327,1.0,0.5151741293532338,11.463535201293096,132.82559603626967,0.0,0.033202332554105735,"[[3105, 0], [0, 2853]]","[[190, 155], [166, 151]]"
disclosure_x_bias,96,init_knn1,N2,exponential,826.1284701407901,838.4461963638275,1.0,0.5151741293532338,11.536773476381057,133.35202805406348,0.0,0.033202332554105735,"[[3105, 0], [0, 2853]]","[[190, 155], [166, 151]]"
disclosure_x_bias,97,init_knn1,N2,exponential,826.6124133419959,838.2786873507221,1.0,0.5151741293532338,11.281812769832591,133.34635573263313,0.0,0.033202332554105735,"[[3105, 0], [0, 2853]]","[[190, 155], [166, 151]]"
disclosure_x_bias,98,init_knn1,N2,exponential,827.4886877452133,839.3525094364865,1.0,0.5151741293532338,11.225420390803128,133.4733290143666,0.0,0.033202332554105735,"[[3105, 0], [0, 2853]]","[[190, 155], [166, 151]]"
disclosure_x_bias,99,init_knn1,N2,exponential,827.7573715787033,839.2446167274065,1.0,0.5151741293532338,11.389664396977086,133.36862225603264,0.0,0.033202332554105735,"[[3105, 0], [0, 2853]]","[[190, 155], [166, 151]]"
disclosure_x_bias,100,init_knn1,N2,exponential,828.5294795242064,839.42967866198,1.0,0.5151741293532338,11.291003948675899,133.44490657502914,0.0,0.033202332554105735,"[[3105, 0], [0, 2853]]","[[190, 155], [166, 151]]"
disclosure_x_bias,101,init_knn1,N2,exponential,829.1032092376487,839.465863160934,1.0,0.5151741293532338,11.469787601087356,133.39557975265296,0.0,0.033202332554105735,"[[3105, 0], [0, 2853]]","[[190, 155], [166, 151]]"
disclosure_x_bias,102,init_knn1,N2,exponential,830.4717602865678,841.3205468343891,1.0,0.5151741293532338,13.420493668887751,137.2880771244181,0.0,0.033202332554105735,"[[3105, 0], [0, 2853]]","[[190, 155], [166, 151]]"
disclosure_x_bias,103,init_knn1,N2,exponential,831.0297877027499,842.065513959497,1.0,0.5151741293532338,13.499851015214094,136.561501956754,0.0,0.033202332554105735,"[[3105, 0], [0, 2853]]","[[190, 155], [166, 151]]"
disclosure_x_bias,104,init_knn1,N2,exponential,831.8047052114487,842.24043151776,1.0,0.5151741293532338,13.539383072964299,137.17136704007564,0.0,0.033202332554105735,"[[3105, 0], [0, 2853]]","[[190, 155], [166, 151]]"
disclosure_x_bias,105,init_knn1,N2,exponential,832.1787152172976,842.422849677481,1.0,0.5151741293532338,13.671015314186299,137.30351298748838,0.0,0.033202332554105735,"[[3105, 0], [0, 2853]]","[[190, 155], [166, 151]]"
disclosure_x_bias,106,init_knn1,N2,exponential,832.5579787668499,842.9355180500552,1.0,0.5151741293532338,13.51010163799972,137.23919998699208,0.0,0.033202332554105735,"[[3105, 0], [0, 2853]]","[[190, 155], [166, 151]]"
disclosure_x_bias,107,init_knn1,N2,exponential,832.7574364065471,843.0161129734921,1.0,0.5151741293532338,13.52436394100273,137.2874168755511,0.0,0.033202332554105735,"[[3105, 0], [0, 2853]]","[[190, 155], [166, 151]]"
disclosure_x_bias,108,init_knn1,N2,exponential,833.1483682227581,843.7747477594187,1.0,0.5151741293532338,13.40921626661708,138.0662712793389,0.0,0.033202332554105735,"[[3105, 0], [0, 2853]]","[[190, 155], [166, 151]]"
disclosure_x_bias,109,init_knn1,N2,exponential,833.440160706485,843.8029594259708,1.0,0.5151741293532338,13.602153036020606,137.92545511996187,0.0,0.033202332554105735,"[[3105, 0], [0, 2853]]","[[190, 155], [166, 151]]"
disclosure_x_bias,110,init_knn1,N2,exponential,833.9322283539232,844.636379584681,1.0,0.5151741293532338,13.963858483788428,138.40987291631507,0.0,0.033202332554105735,"[[3105, 0], [0, 2853]]","[[190, 155], [166, 151]]"
disclosure_x_bias,111,init_knn1,N2,exponential,834.5105963369045,845.5507113932683,1.0,0.5151741293532338,14.387038142275731,137.70704372441048,0.0,0.033202332554105735,"[[3105, 0], [0, 2853]]","[[190, 155], [166, 151]]"
disclosure_x_bias,112,init_knn1,N2,exponential,835.0393265322851,846.39932833814,1.0,0.5151741293532338,14.384381709872251,138.24688463568017,0.0,0.033202332554105735,"[[3105, 0], [0, 2853]]","[[190, 155], [166, 151]]"
disclosure_x_bias,113,init_knn1,N2,exponential,835.5642927555542,846.764546412743,1.0,0.5151741293532338,14.335093392878688,138.48758879499502,0.0,0.033202332554105735,"[[3105, 0], [0, 2853]]","[[190, 155], [166, 151]]"
disclosure_x_bias,114,init_knn1,N2,exponential,835.6445843349113,846.7965503252799,1.0,0.5151741293532338,14.248985157774905,138.49147417017804,0.0,0.033202332554105735,"[[3105, 0], [0, 2853]]","[[190, 155], [166, 151]]"
disclosure_x_bias,115,init_knn1,N2,exponential,836.0812920181336,846.6586108111536,1.0,0.5151741293532338,14.226276501097823,138.52341462632566,0.0,0.033202332554105735,"[[3105, 0], [0, 2853]]","[[190, 155], [166, 151]]"
disclosure_x_bias,116,init_knn1,N2,exponential,836.3699075525863,846.6439504677348,1.0,0.5151741293532338,14.316613372491148,138.69860133313085,0.0,0.033202332554105735,"[[3105, 0], [0, 2853]]","[[190, 155], [166, 151]]"
disclosure_x_bias,117,init_knn1,N2,exponential,836.5506347074337,846.8008643501462,1.0,0.5151741293532338,14.235743099379722,138.66811624340016,0.0,0.033202332554105735,"[[3105, 0], [0, 2853]]","[[190, 155], [166, 151]]"
disclosure_x_bias,118,init_knn1,N2,exponential,837.1452229357453,847.3180848979357,1.0,0.5151741293532338,14.205782894671021,138.26561382647168,0.0,0.033202332554105735,"[[3105, 0], [0, 2853]]","[[190, 155], [166, 151]]"
disclosure_x_bias,119,init_knn1,N2,exponential,837.26275931151,846.9815401394035,1.0,0.5151741293532338,14.105177930514289,138.30810080859524,0.0,0.033202332554105735,"[[3105, 0], [0, 2853]]","[[190, 155], [166, 151]]"
disclosure_x_bias,120,init_knn1,N2,exponential,837.931442792843,847.7475474836128,1.0,0.5151741293532338,14.12204369334571,138.00061604271173,0.0,0.033202332554105735,"[[3105, 0], [0, 2853]]","[[190, 155], [166, 151]]"
disclosure_x_bias,121,init_knn1,N2,exponential,838.55031809874,848.3246535081568,1.0,0.5151741293532338,14.010420088597876,137.89974035606306,0.0,0.033202332554105735,"[[3105, 0], [0, 2853]]","[[190, 155], [166, 151]]"
disclosure_x_bias,122,init_knn1,N2,exponential,838.7153673488885,848.4096858532239,1.0,0.5151741293532338,14.064739243694635,138.5431553942236,0.0,0.033202332554105735,"[[3105, 0], [0, 2853]]","[[190, 155], [166, 151]]"
disclosure_x_bias,123,init_knn1,N2,exponential,838.9357386878453,848.6697081102363,1.0,0.5151741293532338,14.239741516212538,138.9459784099883,0.0,0.033202332554105735,"[[3105, 0], [0, 2853]]","[[190, 155], [166, 151]]"
disclosure_x_bias,124,init_knn1,N2,exponential,839.46009274634,849.2995670517082,1.0,0.5151741293532338,14.087713050633853,138.54077457898939,0.0,0.033202332554105735,"[[3105, 0], [0, 2853]]","[[190, 155], [166, 151]]"
disclosure_x_bias,125,init_knn1,N2,exponential,839.5712652426315,849.280852257579,1.0,0.5151741293532338,14.188339238932409,138.92285686390937,0.0,0.033202332554105735,"[[3105, 0], [0, 2853]]","[[190, 155], [166, 151]]"
disclosure_x_bias,126,init_knn1,N2,exponential,840.0816523453374,849.8002669193456,1.0,0.5151741293532338,14.343756712647057,138.78959906322433,0.0,0.033202332554105735,"[[3105, 0], [0, 2853]]","[[190, 155], [166, 151]]"
disclosure_x_bias,127,init_knn1,N2,exponential,840.180978384964,849.6501762509181,1.0,0.5151741293532338,14.448953540997692,138.98606800857,0.0,0.033202332554105735,"[[3105, 0], [0, 2853]]","[[190, 155], [166, 151]]"
disclosure_x_bias,128,init_knn1,N2,exponential,840.3063191827563,849.6448645583405,1.0,0.5151741293532338,14.400964966818918,139.05487018681208,0.0,0.033202332554105735,"[[3105, 0], [0, 2853]]","[[190, 155], [166, 151]]"
disclosure_x_bias,129,init_knn1,N2,exponential,840.5629488193454,849.5530254816204,1.0,0.5151741293532338,14.50422526153769,139.38695879926414,0.0,0.033202332554105735,"[[3105, 0], [0, 2853]]","[[190, 155], [166, 151]]"
disclosure_x_bias,130,init_knn1,N2,exponential,841.1649426290854,849.398829329211,1.0,0.5151741293532338,13.987528584679854,139.2129687999316,0.0,0.033202332554105735,"[[3105, 0], [0, 2853]]","[[190, 155], [166, 151]]"
disclosure_x_bias,131,init_knn1,N2,exponential,841.6943955586978,849.7015023059105,1.0,0.5151741293532338,13.980292295384505,139.3805273742082,0.0,0.033202332554105735,"[[3105, 0], [0, 2853]]","[[190, 155], [166, 151]]"
disclosure_x_bias,132,init_knn1,N2,exponential,841.9001074479596,849.8658133636056,1.0,0.5151741293532338,13.965431418917152,139.30835673770522,0.0,0.033202332554105735,"[[3105, 0], [0, 2853]]","[[190, 155], [166, 151]]"
disclosure_x_bias,133,init_knn1,N2,exponential,842.4402276234174,849.9494040555697,1.0,0.5151741293532338,13.792004201742074,139.15837156340731,0.0,0.033202332554105735,"[[3105, 0], [0, 2853]]","[[190, 155], [166, 151]]"
disclosure_x_bias,134,init_knn1,N2,exponential,842.5609366947319,849.5959006745231,1.0,0.5151741293532338,13.73623107693992,139.16998756639498,0.0,0.033202332554105735,"[[3105, 0], [0, 2853]]","[[190, 155], [166, 151]]"
disclosure_x_bias,135,init_knn1,N2,exponential,843.8377367268537,849.728182032695,1.0,0.5151741293532338,14.00953722652824,139.5085791393835,0.0,0.033202332554105735,"[[3105, 0], [0, 2853]]","[[190, 155], [166, 151]]"
disclosure_x_bias,136,init_knn1,N2,exponential,844.5272330578221,850.2565031498432,1.0,0.5151741293532338,14.065507029295864,139.52210721002206,0.0,0.033202332554105735,"[[3105, 0], [0, 2853]]","[[190, 155], [166, 151]]"
disclosure_x_bias,137,init_knn1,N2,exponential,845.590928899726,852.1651712040579,1.0,0.5151741293532338,16.517092675681127,144.39464024794793,0.0,0.033202332554105735,"[[3105, 0], [0, 2853]]","[[190, 155], [166, 151]]"
disclosure_x_bias,138,init_knn1,N2,exponential,845.7923482019899,852.4762640437508,1.0,0.5151741293532338,16.452071671998908,144.49269325220695,0.0,0.033202332554105735,"[[3105, 0], [0, 2853]]","[[190, 155], [166, 151]]"
disclosure_x_bias,139,init_knn1,N2,exponential,845.8607753953268,852.4342083890609,1.0,0.5151741293532338,16.541478315657884,144.69620482637654,0.0,0.033202332554105735,"[[3105, 0], [0, 2853]]","[[190, 155], [166, 151]]"
disclosure_x_bias,140,init_knn1,N2,exponential,846.2390985105334,852.6426141328923,1.0,0.5151741293532338,16.546786376371415,145.0539064735172,0.0,0.033202332554105735,"[[3105, 0], [0, 2853]]","[[190, 155], [166, 151]]"
disclosure_x_bias,141,init_knn1,N2,exponential,846.3918262867626,852.4490368837453,1.0,0.5151741293532338,16.70298577269429,145.24126644865666,0.0,0.033202332554105735,"[[3105, 0], [0, 2853]]","[[190, 155], [166, 151]]"
disclosure_x_bias,142,init_knn1,N2,exponential,846.7530035682094,853.1453543717162,1.0,0.5151741293532338,16.33754269142353,144.57445479958287,0.0,0.033202332554105735,"[[3105, 0], [0, 2853]]","[[190, 155], [166, 151]]"
disclosure_x_bias,143,init_knn1,N2,exponential,846.8152380973136,852.7660211694347,1.0,0.5151741293532338,16.34663610244444,144.6387934091056,0.0,0.033202332554105735,"[[3105, 0], [0, 2853]]","[[190, 155], [166, 151]]"
disclosure_x_bias,144,init_knn1,N2,exponential,847.0690450780021,853.3339406717536,1.0,0.5151741293532338,16.373574366580204,144.22129113767616,0.0,0.033202332554105735,"[[3105, 0], [0, 2853]]","[[190, 155], [166, 151]]"
disclosure_x_bias,145,init_knn1,N2,exponential,847.5620256955465,853.0867742321825,1.0,0.5151741293532338,16.40490029058186,144.2388447637656,0.0,0.033202332554105735,"[[3105, 0], [0, 2853]]","[[190, 155], [166, 151]]"
disclosure_x_bias,146,init_knn1,N2,exponential,847.6820359364195,853.1839066357494,1.0,0.5151741293532338,16.516635002744184,144.0538187260914,0.0,0.033202332554105735,"[[3105, 0], [0, 2853]]","[[190, 155], [166, 151]]"
disclosure_x_bias,147,init_knn1,N2,exponential,847.9264060833782,853.0188336570676,1.0,0.5151741293532338,16.956804105388212,144.12734728174317,0.0,0.033202332554105735,"[[3105, 0], [0, 2853]]","[[190, 155], [166, 151]]"
disclosure_x_bias,148,init_knn1,N2,exponential,848.1073387295116,853.3627827429422,1.0,0.5151741293532338,16.821092480654524,143.99120543546587,0.0,0.033202332554105735,"[[3105, 0], [0, 2853]]","[[190, 155], [166, 151]]"
disclosure_x_bias,149,init_knn1,N2,exponential,848.5856192046494,853.3609113009716,1.0,0.5151741293532338,16.83445002416976,143.94567799058208,0.0,0.033202332554105735,"[[3105, 0], [0, 2853]]","[[190, 155], [166, 151]]"
disclosure_x_bias,150,init_knn1,N2,exponential,849.2105422172057,854.2141092638676,1.0,0.5151741293532338,16.762452121851315,144.09973564785815,0.0,0.033202332554105735,"[[3105, 0], [0, 2853]]","[[190, 155], [166, 151]]"
disclosure_x_bias,151,init_knn1,N2,exponential,849.4986903973997,854.370162176138,1.0,0.5151741293532338,16.576384841503923,144.11686654183768,0.0,0.033202332554105735,"[[3105, 0], [0, 2853]]","[[190, 155], [166, 151]]"
disclosure_x_bias,152,init_knn1,N2,exponential,849.6433333443294,854.3479773416836,1.0,0.5151741293532338,16.534242657472337,144.09658191713606,0.0,0.033202332554105735,"[[3105, 0], [0, 2853]]","[[190, 155], [166, 151]]"
disclosure_x_bias,153,init_knn1,N2,exponential,850.0821345232847,854.697819260813,1.0,0.5151741293532338,16.521886607467717,144.97110046134577,0.0,0.033202332554105735,"[[3105, 0], [0, 2853]]","[[190, 155], [166, 151]]"
disclosure_x_bias,154,init_knn1,N2,exponential,850.3009229992655,854.7304853855442,1.0,0.5151741293532338,16.593167126161724,145.31324122341525,0.0,0.033202332554105735,"[[3105, 0], [0, 2853]]","[[190, 155], [166, 151]]"
disclosure_x_bias,155,init_knn1,N2,exponential,850.384194209463,854.6428357980965,1.0,0.5151741293532338,16.507830332191144,145.23196930885877,0.0,0.033202332554105735,"[[3105, 0], [0, 2853]]","[[190, 155], [166, 151]]"
disclosure_x_bias,156,init_knn1,N2,exponential,850.6670373491928,854.8016695356542,1.0,0.5151741293532338,16.603796713537186,145.54722442675697,0.0,0.033202332554105735,"[[3105, 0], [0, 2853]]","[[190, 155], [166, 151]]"
disclosure_x_bias,157,init_knn1,N2,exponential,851.0296104166922,854.6105374864503,1.0,0.5151741293532338,16.375224605830436,144.7569197879886,0.0,0.033202332554105735,"[[3105, 0], [0, 2853]]","[[190, 155], [166, 151]]"
disclosure_x_bias,158,init_knn1,N2,exponential,851.6131705766077,855.527388971352,1.0,0.5151741293532338,16.67448097573701,145.30034861730007,0.0,0.033202332554105735,"[[3105, 0], [0, 2853]]","[[190, 155], [166, 151]]"
disclosure_x_bias,159,init_knn1,N2,exponential,852.0116992310889,855.2205508568538,1.0,0.5151741293532338,16.65858149023148,145.1685752872346,0.0,0.033202332554105735,"[[3105, 0], [0, 2853]]","[[190, 155], [166, 151]]"
disclosure_x_bias,160,init_knn1,N2,exponential,852.1578465772687,855.4706166332659,1.0,0.5151741293532338,16.523855365511725,145.20548771841706,0.0,0.033202332554105735,"[[3105, 0], [0, 2853]]","[[190, 155], [166, 151]]"
disclosure_x_bias,161,init_knn1,N2,exponential,852.4009564896851,855.3971763994159,1.0,0.5151741293532338,16.737652536411836,145.01715038068642,0.0,0.033202332554105735,"[[3105, 0], [0, 2853]]","[[190, 155], [166, 151]]"
disclosure_x_bias,162,init_knn1,N2,exponential,852.5197581649863,855.4189032065326,1.0,0.5151741293532338,16.545226732140833,145.16330462056382,0.0,0.033202332554105735,"[[3105, 0], [0, 2853]]","[[190, 155], [166, 151]]"
disclosure_x_bias,163,init_knn1,N2,exponential,852.9605156913606,855.3790939094433,1.0,0.5151741293532338,16.894861497232572,145.24013460247605,0.0,0.033202332554105735,"[[3105, 0], [0, 2853]]","[[190, 155], [166, 151]]"
disclosure_x_bias,164,init_knn1,N2,exponential,853.0915217481031,855.6011947279782,1.0,0.5151741293532338,16.953193672153784,145.8818951245206,0.0,0.033202332554105735,"[[3105, 0], [0, 2853]]","[[190, 155], [166, 151]]"
disclosure_x_bias,165,init_knn1,N2,exponential,853.3839342138095,855.6316144727878,1.0,0.5151741293532338,17.13147232697043,146.02341270306277,0.0,0.033202332554105735,"[[3105, 0], [0, 2853]]","[[190, 155], [166, 151]]"
disclosure_x_bias,166,init_knn1,N2,exponential,853.8861100642118,856.2997033599461,1.0,0.5151741293532338,16.778099641019967,146.0755702502844,0.0,0.033202332554105735,"[[3105, 0], [0, 2853]]","[[190, 155], [166, 151]]"
disclosure_x_bias,167,init_knn1,N2,exponential,854.080535163939,856.4044923469776,1.0,0.5151741293532338,16.976415553377286,146.3563561146931,0.0,0.033202332554105735,"[[3105, 0], [0, 2853]]","[[190, 155], [166, 151]]"
disclosure_x_bias,168,init_knn1,N2,exponential,854.2117406248628,856.635674664255,1.0,0.5151741293532338,16.846521143764498,146.41432941940448,0.0,0.033202332554105735,"[[3105, 0], [0, 2853]]","[[190, 155], [166, 151]]"
disclosure_x_bias,169,init_knn1,N2,exponential,854.4846298674844,856.7088348584706,1.0,0.5151741293532338,16.93833827029887,146.33289336863075,0.0,0.033202332554105735,"[[3105, 0], [0, 2853]]","[[190, 155], [166, 151]]"
disclosure_x_bias,170,init_knn1,N2,exponential,854.9838154826696,857.321337512269,1.0,0.5151741293532338,16.798823088441836,145.97935678119464,0.0,0.033202332554105735,"[[3105, 0], [0, 2853]]","[[190, 155], [166, 151]]"
disclosure_x_bias,171,init_knn1,N2,exponential,855.2426325099502,857.5141145671435,1.0,0.5151741293532338,16.852746722659067,146.2387048216357,0.0,0.033202332554105735,"[[3105, 0], [0, 2853]]","[[190, 155], [166, 151]]"
disclosure_x_bias,172,init_knn1,N2,exponential,855.324275526515,857.5840861700214,1.0,0.5151741293532338,16.92245143728977,146.7922086496602,0.0,0.033202332554105735,"[[3105, 0], [0, 2853]]","[[190, 155], [166, 151]]"
disclosure_x_bias,173,init_knn1,N2,exponential,855.956977665038,858.1506933366711,1.0,0.5151741293532338,16.542829293537654,146.47800353777725,0.0,0.033202332554105735,"[[3105, 0], [0, 2853]]","[[190, 155], [166, 151]]"
disclosure_x_bias,174,init_knn1,N2,exponential,856.0917659142648,858.012549971649,1.0,0.5151741293532338,16.60894408886565,146.39274028832904,0.0,0.033202332554105735,"[[3105, 0], [0, 2853]]","[[190, 155], [166, 151]]"
disclosure_x_bias,175,init_knn1,N2,exponential,856.3971518116807,858.5092342342459,1.0,0.5151741293532338,16.438497705285073,146.5011534477003,0.0,0.033202332554105735,"[[3105, 0], [0, 2853]]","[[190, 155], [166, 151]]"
disclosure_x_bias,176,init_knn1,N2,exponential,856.5553005432063,858.2426594637175,1.0,0.5151741293532338,16.504250130520873,146.50249509659227,0.0,0.033202332554105735,"[[3105, 0], [0, 2853]]","[[190, 155], [166, 151]]"
disclosure_x_bias,177,init_knn1,N2,exponential,856.784496726819,858.5564286862336,1.0,0.5151741293532338,16.464188659365604,146.48101433115764,0.0,0.033202332554105735,"[[3105, 0], [0, 2853]]","[[190, 155], [166, 151]]"
disclosure_x_bias,178,init_knn1,N2,exponential,857.2190302320708,858.5319307045007,1.0,0.5151741293532338,16.544542673951153,147.44228494639987,0.0,0.033202332554105735,"[[3105, 0], [0, 2853]]","[[190, 155], [166, 151]]"
disclosure_x_bias,179,init_knn1,N2,exponential,857.59621207813,859.0430360178518,1.0,0.5151741293532338,16.468692038451817,147.18080958254794,0.0,0.033202332554105735,"[[3105, 0], [0, 2853]]","[[190, 155], [166, 151]]"
disclosure_x_bias,180,init_knn1,N2,exponential,857.9910373808112,859.5568970422994,1.0,0.5151741293532338,16.308294466556152,147.096767338309,0.0,0.033202332554105735,"[[3105, 0], [0, 2853]]","[[190, 155], [166, 151]]"
disclosure_x_bias,181,init_knn1,N2,exponential,858.1314913573231,859.9228829443251,1.0,0.5151741293532338,16.267746187812534,147.45791675151162,0.0,0.033202332554105735,"[[3105, 0], [0, 2853]]","[[190, 155], [166, 151]]"
disclosure_x_bias,182,init_knn1,N2,exponential,858.4063301771436,859.7224052118536,1.0,0.5151741293532338,16.168456301503685,147.32737572511718,0.0,0.033202332554105735,"[[3105, 0], [0, 2853]]","[[190, 155], [166, 151]]"
disclosure_x_bias,183,init_knn1,N2,exponential,858.5746795220206,860.1045005180131,1.0,0.5151741293532338,16.176999280374073,147.42847125485918,0.0,0.033202332554105735,"[[3105, 0], [0, 2853]]","[[190, 155], [166, 151]]"
disclosure_x_bias,184,init_knn1,N2,exponential,858.8524244468423,860.2696941495562,1.0,0.5151741293532338,16.171730865091313,146.87699817552416,0.0,0.033202332554105735,"[[3105, 0], [0, 2853]]","[[190, 155], [166, 151]]"
disclosure_x_bias,185,init_knn1,N2,exponential,858.9828146663707,860.2829536713076,1.0,0.5151741293532338,15.901294209692944,146.69364723831407,0.0,0.033202332554105735,"[[3105, 0], [0, 2853]]","[[190, 155], [166, 151]]"
disclosure_x_bias,186,init_knn1,N2,exponential,859.2518372663393,860.5352084745093,1.0,0.5151741293532338,16.280412260990826,147.15674045872058,0.0,0.033202332554105735,"[[3105, 0], [0, 2853]]","[[190, 155], [166, 151]]"
disclosure_x_bias,187,init_knn1,N2,exponential,860.6245058136423,862.880383607371,1.0,0.5151741293532338,19.316071671089706,152.70175696284073,0.0,0.033202332554105735,"[[3105, 0], [0, 2853]]","[[190, 155], [166, 151]]"
disclosure_x_bias,188,init_knn1,N2,exponential,860.6034135333773,862.6784616026977,1.0,0.5151741293532338,19.322076582322,152.85932187738996,0.0,0.033202332554105735,"[[3105, 0], [0, 2853]]","[[190, 155], [166, 151]]"
disclosure_x_bias,189,init_knn1,N2,exponential,861.4910210695771,863.0941813126271,1.0,0.5151741293532338,19.188695195709112,152.48003907994385,0.0,0.033202332554105735,"[[3105, 0], [0, 2853]]","[[190, 155], [166, 151]]"
disclosure_x_bias,190,init_knn1,N2,exponential,861.7062655754393,862.9694151303544,1.0,0.5151741293532338,18.89596510460963,152.61421981940794,0.0,0.033202332554105735,"[[3105, 0], [0, 2853]]","[[190, 155], [166, 151]]"
disclosure_x_bias,191,init_knn1,N2,exponential,861.9059507118785,863.0660461067944,1.0,0.5151741293532338,19.029892536874097,152.34081199651828,0.0,0.033202332554105735,"[[3105, 0], [0, 2853]]","[[190, 155], [166, 151]]"
disclosure_x_bias,192,init_knn1,N2,exponential,861.8635805861777,862.4324103328867,1.0,0.5151741293532338,18.803490568552373,152.09151530050937,0.0,0.033202332554105735,"[[3105, 0], [0, 2853]]","[[190, 155], [166, 151]]"
disclosure_x_bias,193,init_knn1,N2,exponential,862.2087286477184,862.7335232231919,1.0,0.5151741293532338,18.9416455719849,152.34746392467352,0.0,0.033202332554105735,"[[3105, 0], [0, 2853]]","[[190, 155], [166, 151]]"
disclosure_x_bias,194,init_knn1,N2,exponential,862.1754563087936,862.5789775059538,1.0,0.5151741293532338,18.915117386112538,152.40067295119547,0.0,0.033202332554105735,"[[3105, 0], [0, 2853]]","[[190, 155], [166, 151]]"
disclosure_x_bias,195,init_knn1,N2,exponential,862.6797102388757,863.0671834042129,1.0,0.5151741293532338,18.89398078951554,152.37998199140668,0.0,0.033202332554105735,"[[3105, 0], [0, 2853]]","[[190, 155], [166, 151]]"
disclosure_x_bias,196,init_knn1,N2,exponential,862.9955495836087,863.7009159584628,1.0,0.5151741293532338,18.979606251310788,152.43916258897573,0.0,0.033202332554105735,"[[3105, 0], [0, 2853]]","[[190, 155], [166, 151]]"
disclosure_x_bias,197,init_knn1,N2,exponential,863.3967603318054,863.535344288782,1.0,0.5151741293532338,18.938398840029215,152.3190614330392,0.0,0.033202332554105735,"[[3105, 0], [0, 2853]]","[[190, 155], [166, 151]]"
disclosure_x_bias,198,init_knn1,N2,exponential,863.5721952722646,863.8772707823589,1.0,0.5151741293532338,18.880552190921456,152.32638482772805,0.0,0.033202332554105735,"[[3105, 0], [0, 2853]]","[[190, 155], [166, 151]]"
disclosure_x_bias,199,init_knn1,N2,exponential,863.934203786492,864.260954369974,1.0,0.5151741293532338,18.74191933462258,152.27803107849715,0.0,0.033202332554105735,"[[3105, 0], [0, 2853]]","[[190, 155], [166, 151]]"
disclosure_x_bias,200,init_knn1,N2,exponential,864.5843723714122,864.016112638479,1.0,0.5151741293532338,18.764933818507068,152.43705089346898,0.0,0.033202332554105735,"[[3105, 0], [0, 2853]]","[[190, 155], [166, 151]]"
disclosure_x_bias,201,init_knn1,N2,exponential,864.8125097349891,864.28406788889,1.0,0.5151741293532338,18.85394952517114,152.70611092378,0.0,0.033202332554105735,"[[3105, 0], [0, 2853]]","[[190, 155], [166, 151]]"
disclosure_x_bias,202,init_knn1,N2,exponential,865.0862963493792,864.3319095762442,1.0,0.5151741293532338,18.82512808066846,152.31932348797298,0.0,0.033202332554105735,"[[3105, 0], [0, 2853]]","[[190, 155], [166, 151]]"
disclosure_x_bias,203,init_knn1,N2,exponential,865.5074546257489,864.0828465376462,1.0,0.5151741293532338,18.775784810256656,152.78984707043995,0.0,0.033202332554105735,"[[3105, 0], [0, 2853]]","[[190, 155], [166, 151]]"
disclosure_x_bias,204,init_knn1,N2,exponential,865.6260885320942,864.1002641217816,1.0,0.5151741293532338,18.512017394987865,152.46928297406944,0.0,0.033202332554105735,"[[3105, 0], [0, 2853]]","[[190, 155], [166, 151]]"
disclosure_x_bias,205,init_knn1,N2,exponential,866.2506903720383,863.9622277644654,1.0,0.5151741293532338,18.580420997447092,152.314079260175,0.0,0.033202332554105735,"[[3105, 0], [0, 2853]]","[[190, 155], [166, 151]]"
disclosure_x_bias,206,init_knn1,N2,exponential,866.4329550754135,864.6697824526989,1.0,0.5151741293532338,18.588977211069988,152.46739961736878,0.0,0.033202332554105735,"[[3105, 0], [0, 2853]]","[[190, 155], [166, 151]]"
disclosure_x_bias,207,init_knn1,N2,exponential,866.7819642217904,865.3050935207182,1.0,0.5151741293532338,18.77117153265572,152.2252825574916,0.0,0.033202332554105735,"[[3105, 0], [0, 2853]]","[[190, 155], [166, 151]]"
disclosure_x_bias,208,init_knn1,N2,exponential,866.8372009085699,865.0257635340437,1.0,0.5151741293532338,18.608039599680023,152.36961212830226,0.0,0.033202332554105735,"[[3105, 0], [0, 2853]]","[[190, 155], [166, 151]]"
disclosure_x_bias,209,init_knn1,N2,exponential,866.9574654818425,865.0549967247522,1.0,0.5151741293532338,18.9247077049858,151.8940430797698,0.0,0.033202332554105735,"[[3105, 0], [0, 2853]]","[[190, 155], [166, 151]]"
disclosure_x_bias,210,init_knn1,N2,exponential,867.3993471887355,864.8661637993007,1.0,0.5151741293532338,18.733885997774806,151.90270252879563,0.0,0.033202332554105735,"[[3105, 0], [0, 2853]]","[[190, 155], [166, 151]]"
disclosure_x_bias,211,init_knn1,N2,exponential,867.9071497709768,865.0472169619276,1.0,0.5151741293532338,19.307023044025108,151.7314276704113,0.0,0.033202332554105735,"[[3105, 0], [0, 2853]]","[[190, 155], [166, 151]]"
disclosure_x_bias,212,init_knn1,N2,exponential,868.2284124633616,864.9900132996993,1.0,0.5151741293532338,19.219022270365375,151.71444122207672,0.0,0.033202332554105735,"[[3105, 0], [0, 2853]]","[[190, 155], [166, 151]]"
disclosure_x_bias,213,init_knn1,N2,exponential,868.4417557545481,864.8736408015733,1.0,0.5151741293532338,19.253472448686786,151.9536370820224,0.0,0.033202332554105735,"[[3105, 0], [0, 2853]]","[[190, 155], [166, 151]]"
disclosure_x_bias,214,init_knn1,N2,exponential,868.5527928962443,865.0760701642266,1.0,0.5151741293532338,19.48003958128552,152.42917589168346,0.0,0.033202332554105735,"[[3105, 0], [0, 2853]]","[[190, 155], [166, 151]]"
disclosure_x_bias,215,init_knn1,N2,exponential,868.6783967050205,865.2775204321149,1.0,0.5151741293532338,19.351663298564766,152.32511058972776,0.0,0.033202332554105735,"[[3105, 0], [0, 2853]]","[[190, 155], [166, 151]]"
disclosure_x_bias,216,init_knn1,N2,exponential,869.3166063318822,866.261943737962,1.0,0.5151741293532338,19.159810642829807,152.5155462030118,0.0,0.033202332554105735,"[[3105, 0], [0, 2853]]","[[190, 155], [166, 151]]"
disclosure_x_bias,217,init_knn1,N2,exponential,869.5145586439918,866.3424653050624,1.0,0.5151741293532338,19.20743253596978,152.21657031725982,0.0,0.033202332554105735,"[[3105, 0], [0, 2853]]","[[190, 155], [166, 151]]"
disclosure_x_bias,218,init_knn1,N2,exponential,869.6199636505328,866.6282426299201,1.0,0.5151741293532338,19.2798880186454,153.3897393520596,0.0,0.033202332554105735,"[[3105, 0], [0, 2853]]","[[190, 155], [166, 151]]"
disclosure_x_bias,219,init_knn1,N2,exponential,869.7517765124837,866.7882430436739,1.0,0.5151741293532338,19.284600175766503,153.48355434253804,0.0,0.033202332554105735,"[[3105, 0], [0, 2853]]","[[190, 155], [166, 151]]"
disclosure_x_bias,220,init_knn1,N2,exponential,869.9505345087737,866.9488484307046,1.0,0.5151741293532338,19.22887299755227,153.45977959590562,0.0,0.033202332554105735,"[[3105, 0], [0, 2853]]","[[190, 155], [166, 151]]"
disclosure_x_bias,221,init_knn1,N2,exponential,870.1211067776421,867.1453161819702,1.0,0.5151741293532338,19.264298078118188,153.6367268084761,0.0,0.033202332554105735,"[[3105, 0], [0, 2853]]","[[190, 155], [166, 151]]"
disclosure_x_bias,222,init_knn1,N2,exponential,870.4200309780342,867.5005145754973,1.0,0.5151741293532338,19.637648585733572,154.39105939852809,0.0,0.033202332554105735,"[[3105, 0], [0, 2853]]","[[190, 155], [166, 151]]"
disclosure_x_bias,223,init_knn1,N2,exponential,870.5092228571215,867.1529634202558,1.0,0.5151741293532338,19.421488571630913,153.85960169862622,0.0,0.033202332554105735,"[[3105, 0], [0, 2853]]","[[190, 155], [166, 151]]"
disclosure_x_bias,224,init_knn1,N2,exponential,870.9861037960761,867.8423399578958,1.0,0.5151741293532338,19.443429370196196,153.66756012155633,0.0,0.033202332554105735,"[[3105, 0], [0, 2853]]","[[190, 155], [166, 151]]"
disclosure_x_bias,225,init_knn1,N2,exponential,871.1512437014159,867.5933079089039,1.0,0.5151741293532338,19.512452566138975,153.6201829015264,0.0,0.033202332554105735,"[[3105, 0], [0, 2853]]","[[190, 155], [166, 151]]"
disclosure_x_bias,226,init_knn1,N2,exponential,871.2822589481315,867.8973281356363,1.0,0.5151741293532338,19.407096782123325,153.51033538992763,0.0,0.033202332554105735,"[[3105, 0], [0, 2853]]","[[190, 155], [166, 151]]"
disclosure_x_bias,227,init_knn1,N2,exponential,871.5984649059026,868.0237737301107,1.0,0.5151741293532338,19.579599913925552,153.65876799093985,0.0,0.033202332554105735,"[[3105, 0], [0, 2853]]","[[190, 155], [166, 151]]"
disclosure_x_bias,228,init_knn1,N2,exponential,871.8180651773753,868.4929186364432,1.0,0.5151741293532338,19.871554222754582,153.15892356790607,0.0,0.033202332554105735,"[[3105, 0], [0, 2853]]","[[190, 155], [166, 151]]"
disclosure_x_bias,229,init_knn1,N2,exponential,872.2131760988999,868.8093210033963,1.0,0.5151741293532338,19.666081288941204,153.0838177434243,0.0,0.033202332554105735,"[[3105, 0], [0, 2853]]","[[190, 155], [166, 151]]"
disclosure_x_bias,230,init_knn1,N2,exponential,872.2662451260583,868.7364742903368,1.0,0.5151741293532338,19.681932952359578,153.1853825860692,0.0,0.033202332554105735,"[[3105, 0], [0, 2853]]","[[190, 155], [166, 151]]"
disclosure_x_bias,231,init_knn1,N2,exponential,872.4481195569278,868.6997705389091,1.0,0.5151741293532338,19.881398854220944,153.07110956791215,0.0,0.033202332554105735,"[[3105, 0], [0, 2853]]","[[190, 155], [166, 151]]"
disclosure_x_bias,232,init_knn1,N2,exponential,872.5500661073307,868.6769156742854,1.0,0.5151741293532338,19.706140583873495,153.00331500270374,0.0,0.033202332554105735,"[[3105, 0], [0, 2853]]","[[190, 155], [166, 151]]"
disclosure_x_bias,233,init_knn1,N2,exponential,872.8529782078031,868.785946249703,1.0,0.5151741293532338,19.779958632546816,152.8992178160426,0.0,0.033202332554105735,"[[3105, 0], [0, 2853]]","[[190, 155], [166, 151]]"
disclosure_x_bias,234,init_knn1,N2,exponential,873.3969435840188,869.522993123522,1.0,0.5151741293532338,19.636252420168717,153.84246882822532,0.0,0.033202332554105735,"[[3105, 0], [0, 2853]]","[[190, 155], [166, 151]]"
disclosure_x_bias,235,init_knn1,N2,exponential,873.751122452713,869.6538608436398,1.0,0.5151741293532338,19.57365283028425,153.81568486062528,0.0,0.033202332554105735,"[[3105, 0], [0, 2853]]","[[190, 155], [166, 151]]"
disclosure_x_bias,236,init_knn1,N2,exponential,873.8238332233392,869.7821445490779,1.0,0.5151741293532338,19.552823021627255,154.04718878749662,0.0,0.033202332554105735,"[[3105, 0], [0, 2853]]","[[190, 155], [166, 151]]"
disclosure_x_bias,237,init_knn1,N2,exponential,874.0745696116707,869.7416009721521,1.0,0.5151741293532338,19.796844292633292,154.0181113320006,0.0,0.033202332554105735,"[[3105, 0], [0, 2853]]","[[190, 155], [166, 151]]"
disclosure_x_bias,238,init_knn1,N2,exponential,874.2012988048873,869.5906587344456,1.0,0.5151741293532338,19.559816664128956,154.24336327520007,0.0,0.033202332554105735,"[[3105, 0], [0, 2853]]","[[190, 155], [166, 151]]"
disclosure_x_bias,239,init_knn1,N2,exponential,874.2784090342999,869.3595500044117,1.0,0.5151741293532338,19.57502120152754,154.1795885042177,0.0,0.033202332554105735,"[[3105, 0], [0, 2853]]","[[190, 155], [166, 151]]"
disclosure_x_bias,240,init_knn1,N2,exponential,874.5431084264774,869.565460183168,1.0,0.5151741293532338,19.41311385588171,154.14041327784597,0.0,0.033202332554105735,"[[3105, 0], [0, 2853]]","[[190, 155], [166, 151]]"
disclosure_x_bias,241,init_knn1,N2,exponential,874.7204862829249,869.4939199415337,1.0,0.5151741293532338,19.568693741176464,154.22105729784482,0.0,0.033202332554105735,"[[3105, 0], [0, 2853]]","[[190, 155], [166, 151]]"
disclosure_x_bias,242,init_knn1,N2,exponential,876.351570985869,872.0439709935297,1.0,0.5151741293532338,22.76618018574093,160.03325670652347,0.0,0.033202332554105735,"[[3105, 0], [0, 2853]]","[[190, 155], [166, 151]]"
disclosure_x_bias,243,init_knn1,N2,exponential,876.6731885747813,872.0798206199764,1.0,0.5151741293532338,23.13066312846838,160.1606190422404,0.0,0.033202332554105735,"[[3105, 0], [0, 2853]]","[[190, 155], [166, 151]]"
disclosure_x_bias,244,init_knn1,N2,exponential,876.858210054493,872.4826794379973,1.0,0.5151741293532338,22.703201989670138,159.67115800206142,0.0,0.033202332554105735,"[[3105, 0], [0, 2853]]","[[190, 155], [166, 151]]"
disclosure_x_bias,245,init_knn1,N2,exponential,876.8926764995322,872.5627897907098,1.0,0.5151741293532338,23.003473646849482,159.83614302512248,0.0,0.033202332554105735,"[[3105, 0], [0, 2853]]","[[190, 155], [166, 151]]"
disclosure_x_bias,246,init_knn1,N2,exponential,877.1022815506625,872.5569054451571,1.0,0.5151741293532338,22.812608945374475,159.87587621713448,0.0,0.033202332554105735,"[[3105, 0], [0, 2853]]","[[190, 155], [166, 151]]"
disclosure_x_bias,247,init_knn1,N2,exponential,877.4274919249698,873.2404855425968,1.0,0.5151741293532338,22.94505898129866,159.54640204130217,0.0,0.033202332554105735,"[[3105, 0], [0, 2853]]","[[190, 155], [166, 151]]"
disclosure_x_bias,248,init_knn1,N2,exponential,877.5430997763369,873.5954114804475,1.0,0.5151741293532338,22.865479887757388,159.47072135325445,0.0,0.033202332554105735,"[[3105, 0], [0, 2853]]","[[190, 155], [166, 151]]"
disclosure_x_bias,249,init_knn1,N2,exponential,877.691526571869,873.4681803965652,1.0,0.5151741293532338,22.92226248721603,159.75090358576637,0.0,0.033202332554105735,"[[3105, 0], [0, 2853]]","[[190, 155], [166, 151]]"
disclosure_x_bias,250,init_knn1,N2,exponential,877.8183309452177,873.5302170417605,1.0,0.5151741293532338,22.871937077164638,159.90243130957475,0.0,0.033202332554105735,"[[3105, 0], [0, 2853]]","[[190, 155], [166, 151]]"
disclosure_x_bias,251,init_knn1,N2,exponential,877.9947175816202,873.4192041340006,1.0,0.5151741293532338,22.909152016433715,160.09695172555814,0.0,0.033202332554105735,"[[3105, 0], [0, 2853]]","[[190, 155], [166, 151]]"
disclosure_x_bias,252,init_knn1,N2,exponential,878.1309364277838,873.4124156969572,1.0,0.5151741293532338,22.802624789434706,160.14419348178427,0.0,0.033202332554105735,"[[3105, 0], [0, 2853]]","[[190, 155], [166, 151]]"
disclosure_x_bias,253,init_knn1,N2,exponential,878.3168640375804,873.9145891994807,1.0,0.5151741293532338,22.907026542003127,160.03606624702363,0.0,0.033202332554105735,"[[3105, 0], [0, 2853]]","[[190, 155], [166, 151]]"
disclosure_x_bias,254,init_knn1,N2,exponential,878.69367688126,873.9363695915966,1.0,0.5151741293532338,22.88125398866647,159.75618714620842,0.0,0.033202332554105735,"[[3105, 0], [0, 2853]]","[[190, 155], [166, 151]]"
disclosure_x_bias,255,init_knn1,N2,exponential,878.6022593829782,874.181801366583,1.0,0.5151741293532338,22.7819489957486,159.85616588652837,0.0,0.033202332554105735,"[[3105, 0], [0, 2853]]","[[190, 155], [166, 151]]"
disclosure_x_bias,256,init_knn1,N2,exponential,879.2107027013686,873.9962299275574,1.0,0.5151741293532338,22.55981710648231,159.96346241379516,0.0,0.033202332554105735,"[[3105, 0], [0, 2853]]","[[190, 155], [166, 151]]"
disclosure_x_bias,257,init_knn1,N2,exponential,879.2760647344782,874.2411237384551,1.0,0.5151741293532338,22.622733283200564,160.23830527677816,0.0,0.033202332554105735,"[[3105, 0], [0, 2853]]","[[190, 155], [166, 151]]"
disclosure_x_bias,258,init_knn1,N2,exponential,879.9118963926155,874.0586714213608,1.0,0.5151741293532338,22.49333137183732,159.93023677398182,0.0,0.033202332554105735,"[[3105, 0], [0, 2853]]","[[190, 155], [166, 151]]"
disclosure_x_bias,259,init_knn1,N2,exponential,880.2341621249836,874.5131991494809,1.0,0.5151741293532338,22.423921563118558,160.29225351456856,0.0,0.033202332554105735,"[[3105, 0], [0, 2853]]","[[190, 155], [166, 151]]"
disclosure_x_bias,260,init_knn1,N2,exponential,880.4736147107567,875.1561583212927,1.0,0.5151741293532338,22.645981307915527,161.09815045513835,0.0,0.033202332554105735,"[[3105, 0], [0, 2853]]","[[190, 155], [166, 151]]"
disclosure_x_bias,261,init_knn1,N2,exponential,880.9564372740233,875.6660245496208,1.0,0.5151741293532338,22.28114346025243,160.9689517191977,0.0,0.033202332554105735,"[[3105, 0], [0, 2853]]","[[190, 155], [166, 151]]"
disclosure_x_bias,262,init_knn1,N2,exponential,881.1834514956379,876.1182691647961,1.0,0.5151741293532338,22.44049138513655,160.87939920752714,0.0,0.033202332554105735,"[[3105, 0], [0, 2853]]","[[190, 155], [166, 151]]"
disclosure_x_bias,263,init_knn1,N2,exponential,881.1640744819891,876.1264810108316,1.0,0.5151741293532338,22.33707743062188,160.6614492204357,0.0,0.033202332554105735,"[[3105, 0], [0, 2853]]","[[190, 155], [166, 151]]"
disclosure_x_bias,264,init_knn1,N2,exponential,881.318652935063,876.2770878682562,1.0,0.5151741293532338,22.30290661935986,160.60467329169498,0.0,0.033202332554105735,"[[3105, 0], [0, 2853]]","[[190, 155], [166, 151]]"
disclosure_x_bias,265,init_knn1,N2,exponential,882.038374086974,876.2471826206854,1.0,0.5151741293532338,21.922439944329525,160.8537624145899,0.0,0.033202332554105735,"[[3105, 0], [0, 2853]]","[[190, 155], [166, 151]]"
disclosure_x_bias,266,init_knn1,N2,exponential,882.2738548454278,876.1401683567734,1.0,0.5151741293532338,22.035745251699524,160.5865267455251,0.0,0.033202332554105735,"[[3105, 0], [0, 2853]]","[[190, 155], [166, 151]]"
disclosure_x_bias,267,init_knn1,N2,exponential,882.3567807250813,876.1341765968442,1.0,0.5151741293532338,21.840021769334918,160.60977459576492,0.0,0.033202332554105735,"[[3105, 0], [0, 2853]]","[[190, 155], [166, 151]]"
disclosure_x_bias,268,init_knn1,N2,exponential,882.4933909774066,876.1033860650456,1.0,0.5151741293532338,21.846138144826224,160.58130196550877,0.0,0.033202332554105735,"[[3105, 0], [0, 2853]]","[[190, 155], [166, 151]]"
disclosure_x_bias,269,init_knn1,N2,exponential,882.5966100946746,876.3740039370352,1.0,0.5151741293532338,21.775459558746054,160.82694290280824,0.0,0.033202332554105735,"[[3105, 0], [0, 2853]]","[[190, 155], [166, 151]]"
disclosure_x_bias,270,init_knn1,N2,exponential,882.8061138877396,876.2153609124537,1.0,0.5151741293532338,21.754365144013352,160.67752376527332,0.0,0.033202332554105735,"[[3105, 0], [0, 2853]]","[[190, 155], [166, 151]]"
disclosure_x_bias,271,init_knn1,N2,exponential,882.8751575639335,876.4011683806506,1.0,0.5151741293532338,21.558073686672298,160.92683672508312,0.0,0.033202332554105735,"[[3105, 0], [0, 2853]]","[[190, 155], [166, 151]]"
disclosure_x_bias,272,init_knn1,N2,exponential,883.0316327213513,876.2871221381589,1.0,0.5151741293532338,21.724790012906276,160.52382031530652,0.0,0.033202332554105735,"[[3105, 0], [0, 2853]]","[[190, 155], [166, 151]]"
disclosure_x_bias,273,init_knn1,N2,exponential,883.2671471777792,876.9418008457953,1.0,0.5151741293532338,21.687232687021993,161.0266593125903,0.0,0.033202332554105735,"[[3105, 0], [0, 2853]]","[[190, 155], [166, 151]]"
disclosure_x_bias,274,init_knn1,N2,exponential,883.3059604092311,876.9267794539994,1.0,0.5151741293532338,21.570528474573177,161.1059778697089,0.0,0.033202332554105735,"[[3105, 0], [0, 2853]]","[[190, 155], [166, 151]]"
disclosure_x_bias,275,init_knn1,N2,exponential,884.1085823887021,877.7817095292432,1.0,0.5151741293532338,21.730125876142885,160.84863705345973,0.0,0.033202332554105735,"[[3105, 0], [0, 2853]]","[[190, 155], [166, 151]]"
disclosure_x_bias,276,init_knn1,N2,exponential,884.1489745978164,877.7944977785677,1.0,0.5151741293532338,21.61288297877719,160.63140162960727,0.0,0.033202332554105735,"[[3105, 0], [0, 2853]]","[[190, 155], [166, 151]]"
disclosure_x_bias,277,init_knn1,N2,exponential,884.4293012895523,878.198199500284,1.0,0.5151741293532338,21.952617098111944,161.51587218595978,0.0,0.033202332554105735,"[[3105, 0], [0, 2853]]","[[190, 155], [166, 151]]"
disclosure_x_bias,278,init_knn1,N2,exponential,884.5378172029874,878.0421480834408,1.0,0.5151741293532338,21.64510896106445,160.79278293342495,0.0,0.033202332554105735,"[[3105, 0], [0, 2853]]","[[190, 155], [166, 151]]"
disclosure_x_bias,279,init_knn1,N2,exponential,884.6925687239527,878.0735911595608,1.0,0.5151741293532338,21.76387434754812,161.15386397864634,0.0,0.033202332554105735,"[[3105, 0], [0, 2853]]","[[190, 155], [166, 151]]"
disclosure_x_bias,280,init_knn1,N2,exponential,884.7973823010132,878.3138379125487,1.0,0.5151741293532338,21.738472620806476,161.0041310016988,0.0,0.033202332554105735,"[[3105, 0], [0, 2853]]","[[190, 155], [166, 151]]"
disclosure_x_bias,281,init_knn1,N2,exponential,885.0502375011295,878.3939859255709,1.0,0.5151741293532338,21.7525449038146,161.1823240956772,0.0,0.033202332554105735,"[[3105, 0], [0, 2853]]","[[190, 155], [166, 151]]"
disclosure_x_bias,282,init_knn1,N2,exponential,885.4138850925353,878.6638199691695,1.0,0.5151741293532338,21.54386651868627,161.08886686770958,0.0,0.033202332554105735,"[[3105, 0], [0, 2853]]","[[190, 155], [166, 151]]"
disclosure_x_bias,283,init_knn1,N2,exponential,885.4591043964971,878.6032070743425,1.0,0.5151741293532338,21.653932313416963,161.3286478460332,0.0,0.033202332554105735,"[[3105, 0], [0, 2853]]","[[190, 155], [166, 151]]"
disclosure_x_bias,284,init_knn1,N2,exponential,885.9530067900884,878.9037961254395,1.0,0.5151741293532338,21.853014711723137,161.26791709668197,0.0,0.033202332554105735,"[[3105, 0], [0, 2853]]","[[190, 155], [166, 151]]"
disclosure_x_bias,285,init_knn1,N2,exponential,886.1334786850703,878.8999302252435,1.0,0.5151741293532338,21.96758609582805,161.5388018211358,0.0,0.033202332554105735,"[[3105, 0], [0, 2853]]","[[190, 155], [166, 151]]"
disclosure_x_bias,286,init_knn1,N2,exponential,886.2867639656184,879.244106483737,1.0,0.5151741293532338,21.861010942474557,161.282870470329,0.0,0.033202332554105735,"[[3105, 0], [0, 2853]]","[[190, 155], [166, 151]]"
disclosure_x_bias,287,init_knn1,N2,exponential,886.4079098389591,879.2688570686278,1.0,0.5151741293532338,21.89582255663636,161.18823919406157,0.0,0.033202332554105735,"[[3105, 0], [0, 2853]]","[[190, 155], [166, 151]]"
disclosure_x_bias,288,init_knn1,N2,exponential,886.5225987831678,879.3073856888101,1.0,0.5151741293532338,21.982511487306194,161.57056858596025,0.0,0.033202332554105735,"[[3105, 0], [0, 2853]]","[[190, 155], [166, 151]]"
disclosure_x_bias,289,init_knn1,N2,exponential,886.9504133090464,879.5106318762055,1.0,0.5151741293532338,22.658170950048977,161.29616099923774,0.0,0.033202332554105735,"[[3105, 0], [0, 2853]]","[[190, 155], [166, 151]]"
disclosure_x_bias,290,init_knn1,N2,exponential,886.9387235421106,879.5087165437201,1.0,0.5151741293532338,22.488824894744273,161.44163316106813,0.0,0.033202332554105735,"[[3105, 0], [0, 2853]]","[[190, 155], [166, 151]]"
disclosure_x_bias,291,init_knn1,N2,exponential,887.1898273779556,879.560722763024,1.0,0.5151741293532338,22.625827034325695,160.85827841805033,0.0,0.033202332554105735,"[[3105, 0], [0, 2853]]","[[190, 155], [166, 151]]"
disclosure_x_bias,292,init_knn1,N2,exponential,887.1909851139906,879.4051089685352,1.0,0.5151741293532338,22.65269271142076,161.18301119905976,0.0,0.033202332554105735,"[[3105, 0], [0, 2853]]","[[190, 155], [166, 151]]"
disclosure_x_bias,293,init_knn1,N2,exponential,888.021994063303,879.391328593043,1.0,0.5151741293532338,22.603211830113565,161.2891169149571,0.0,0.033202332554105735,"[[3105, 0], [0, 2853]]","[[190, 155], [166, 151]]"
disclosure_x_bias,294,init_knn1,N2,exponential,888.0633215054329,879.5476208747565,1.0,0.5151741293532338,22.60795436455757,161.48184053548698,0.0,0.033202332554105735,"[[3105, 0], [0, 2853]]","[[190, 155], [166, 151]]"
disclosure_x_bias,295,init_knn1,N2,exponential,888.3354290630359,879.8356181844662,1.0,0.5151741293532338,22.62290374211271,161.19255994976808,0.0,0.033202332554105735,"[[3105, 0], [0, 2853]]","[[190, 155], [166, 151]]"
disclosure_x_bias,296,init_knn1,N2,exponential,888.7060346013456,880.8389448161249,1.0,0.5151741293532338,22.658233914870223,160.9170803365772,0.0,0.033202332554105735,"[[3105, 0], [0, 2853]]","[[190, 155], [166, 151]]"
disclosure_x_bias,297,init_knn1,N2,exponential,888.7306817784229,880.4883755775242,1.0,0.5151741293532338,22.519750641171797,160.88272682160334,0.0,0.033202332554105735,"[[3105, 0], [0, 2853]]","[[190, 155], [166, 151]]"
disclosure_x_bias,298,init_knn1,N2,exponential,888.9239816458264,880.5081073312198,1.0,0.5151741293532338,22.640593403772854,161.01179548357084,0.0,0.033202332554105735,"[[3105, 0], [0, 2853]]","[[190, 155], [166, 151]]"
disclosure_x_bias,299,init_knn1,N2,exponential,889.2191400098405,880.8641631032272,1.0,0.5151741293532338,22.592751196700352,161.28690201793725,0.0,0.033202332554105735,"[[3105, 0], [0, 2853]]","[[190, 155], [166, 151]]"
disclosure_x_bias,300,init_knn1,N2,exponential,890.1097549956228,881.0295951951687,1.0,0.5151741293532338,22.586669047679543,161.2594191234086,0.0,0.033202332554105735,"[[3105, 0], [0, 2853]]","[[190, 155], [166, 151]]"
disclosure_x_bias,1,init_knn1,LSC,log_loss,1.1901107006047788e-07,7.730124990636815,1.0,0.5151741293532338,3.8803399514536554e-11,0.5288059921312618,0.0,0.033202332554105735,"[[3105, 0], [0, 2853]]","[[190, 155], [166, 151]]"
disclosure_x_bias,2,init_knn1,LSC,log_loss,1.1883851837037129e-07,7.73093802364432,1.0,0.5151741293532338,6.816413067864612e-11,0.5288423670212298,0.0,0.033202332554105735,"[[3105, 0], [0, 2853]]","[[190, 155], [166, 151]]"
disclosure_x_bias,3,init_knn1,LSC,log_loss,1.1868663923256258e-07,7.731669816274388,1.0,0.5151741293532338,9.292333875370826e-11,0.5293346059343557,0.0,0.033202332554105735,"[[3105, 0], [0, 2853]]","[[190, 155], [166, 151]]"
disclosure_x_bias,4,init_knn1,LSC,log_loss,1.185442135057983e-07,7.7321798832705095,1.0,0.5151741293532338,1.1526923761992336e-10,0.5289511075667916,0.0,0.033202332554105735,"[[3105, 0], [0, 2853]]","[[190, 155], [166, 151]]"
disclosure_x_bias,5,init_knn1,LSC,log_loss,1.1841653337860861e-07,7.732953772899774,1.0,0.5151741293532338,1.3129988579848846e-10,0.5292266835524371,0.0,0.033202332554105735,"[[3105, 0], [0, 2853]]","[[190, 155], [166, 151]]"
disclosure_x_bias,6,init_knn1,LSC,log_loss,1.1829300654481654e-07,7.733151025181333,1.0,0.5151741293532338,1.4471419368949383e-10,0.5294759784858605,0.0,0.033202332554105735,"[[3105, 0], [0, 2853]]","[[190, 155], [166, 151]]"
disclosure_x_bias,7,init_knn1,LSC,log_loss,1.1817607232795211e-07,7.733584258196602,1.0,0.5151741293532338,1.5991090409202532e-10,0.5295306850436394,0.0,0.033202332554105735,"[[3105, 0], [0, 2853]]","[[190, 155], [166, 151]]"
disclosure_x_bias,8,init_knn1,LSC,log_loss,1.1806379625434363e-07,7.73385401543135,1.0,0.5151741293532338,1.7755820595830396e-10,0.529244728187833,0.0,0.033202332554105735,"[[3105, 0], [0, 2853]]","[[190, 155], [166, 151]]"
disclosure_x_bias,9,init_knn1,LSC,log_loss,1.1795926421842518e-07,7.734002227881183,1.0,0.5151741293532338,1.8880546000964173e-10,0.5291918006990963,0.0,0.033202332554105735,"[[3105, 0], [0, 2853]]","[[190, 155], [166, 151]]"
disclosure_x_bias,10,init_knn1,LSC,log_loss,1.1785835758973497e-07,7.734633572187403,1.0,0.5151741293532338,2.0116642684682476e-10,0.5294713443063065,0.0,0.033202332554105735,"[[3105, 0], [0, 2853]]","[[190, 155], [166, 151]]"
disclosure_x_bias,11,init_knn1,LSC,log_loss,1.1776165189863505e-07,7.7348508335341055,1.0,0.5151741293532338,2.1367671735179318e-10,0.5294797785303951,0.0,0.033202332554105735,"[[3105, 0], [0, 2853]]","[[190, 155], [166, 151]]"
disclosure_x_bias,12,init_knn1,LSC,log_loss,1.1766572031789588e-07,7.735628551817102,1.0,0.5151741293532338,2.3105251821835034e-10,0.5294564341969128,0.0,0.033202332554105735,"[[3105, 0], [0, 2853]]","[[190, 155], [166, 151]]"
disclosure_x_bias,13,init_knn1,LSC,log_loss,1.1757424256753433e-07,7.735671366778902,1.0,0.5151741293532338,2.397916171804938e-10,0.529374429814951,0.0,0.033202332554105735,"[[3105, 0], [0, 2853]]","[[190, 155], [166, 151]]"
disclosure_x_bias,14,init_knn1,LSC,log_loss,1.1748526691842556e-07,7.7359724965332575,1.0,0.5151741293532338,2.496703371614732e-10,0.5293379951172053,0.0,0.033202332554105735,"[[3105, 0], [0, 2853]]","[[190, 155], [166, 151]]"
disclosure_x_bias,15,init_knn1,LSC,log_loss,1.1739828860823583e-07,7.73606617629422,1.0,0.5151741293532338,2.57371132310167e-10,0.5293024236143885,0.0,0.033202332554105735,"[[3105, 0], [0, 2853]]","[[190, 155], [166, 151]]"
disclosure_x_bias,16,init_knn1,LSC,log_loss,1.1731641759105769e-07,7.7362504041981905,1.0,0.5151741293532338,2.6347743395772157e-10,0.5294921334466753,0.0,0.033202332554105735,"[[3105, 0], [0, 2853]]","[[190, 155], [166, 151]]"
disclosure_x_bias,17,init_knn1,LSC,log_loss,1.1723491594754463e-07,7.7365979015400965,1.0,0.5151741293532338,2.682651592946476e-10,0.5295942345439053,0.0,0.033202332554105735,"[[3105, 0], [0, 2853]]","[[190, 155], [166, 151]]"
disclosure_x_bias,18,init_knn1,LSC,log_loss,1.1715792942102547e-07,7.736358576681641,1.0,0.5151741293532338,2.750530826342825e-10,0.529631225472375,0.0,0.033202332554105735,"[[3105, 0], [0, 2853]]","[[190, 155], [166, 151]]"
disclosure_x_bias,19,init_knn1,LSC,log_loss,1.1707634337170812e-07,7.73686611251978,1.0,0.5151741293532338,2.9104608482276133e-10,0.5296222637954301,0.0,0.033202332554105735,"[[3105, 0], [0, 2853]]","[[190, 155], [166, 151]]"
disclosure_x_bias,20,init_knn1,LSC,log_loss,1.1700371804375855e-07,7.737397182006964,1.0,0.5151741293532338,2.9729729035663114e-10,0.5297960747990738,0.0,0.033202332554105735,"[[3105, 0], [0, 2853]]","[[190, 155], [166, 151]]"
disclosure_x_bias,21,init_knn1,LSC,log_loss,1.1693413710533718e-07,7.7374466377204225,1.0,0.5151741293532338,3.035296935216249e-10,0.5296291884184343,0.0,0.033202332554105735,"[[3105, 0], [0, 2853]]","[[190, 155], [166, 151]]"
disclosure_x_bias,22,init_knn1,LSC,log_loss,1.1686456039329914e-07,7.7374488413632445,1.0,0.5151741293532338,3.0951943348332335e-10,0.5296751974795679,0.0,0.033202332554105735,"[[3105, 0], [0, 2853]]","[[190, 155], [166, 151]]"
disclosure_x_bias,23,init_knn1,LSC,log_loss,1.1679221133109156e-07,7.7375957516936635,1.0,0.5151741293532338,3.1618590380792203e-10,0.5298089561116381,0.0,0.033202332554105735,"[[3105, 0], [0, 2853]]","[[190, 155], [166, 151]]"
disclosure_x_bias,24,init_knn1,LSC,log_loss,1.1671837162542494e-07,7.7378056809847,1.0,0.5151741293532338,3.207970537227836e-10,0.5295381297377113,0.0,0.033202332554105735,"[[3105, 0], [0, 2853]]","[[190, 155], [166, 151]]"
disclosure_x_bias,25,init_knn1,LSC,log_loss,1.1664980248119482e-07,7.738092393669857,1.0,0.5151741293532338,3.2230627067038147e-10,0.5295548051986004,0.0,0.033202332554105735,"[[3105, 0], [0, 2853]]","[[190, 155], [166, 151]]"
disclosure_x_bias,26,init_knn1,LSC,log_loss,1.165775043150077e-07,7.738476211370698,1.0,0.5151741293532338,3.346166054651429e-10,0.5292946203188846,0.0,0.033202332554105735,"[[3105, 0], [0, 2853]]","[[190, 155], [166, 151]]"
disclosure_x_bias,27,init_knn1,LSC,log_loss,1.1651593873026035e-07,7.738594145160873,1.0,0.5151741293532338,3.4002208835768747e-10,0.529467765828562,0.0,0.033202332554105735,"[[3105, 0], [0, 2853]]","[[190, 155], [166, 151]]"
disclosure_x_bias,28,init_knn1,LSC,log_loss,1.164548695826424e-07,7.738560785057727,1.0,0.5151741293532338,3.4193345180736595e-10,0.52965268937499,0.0,0.033202332554105735,"[[3105, 0], [0, 2853]]","[[190, 155], [166, 151]]"
disclosure_x_bias,29,init_knn1,LSC,log_loss,1.1639641644924387e-07,7.738681720329855,1.0,0.5151741293532338,3.467918185761181e-10,0.5299835121280457,0.0,0.033202332554105735,"[[3105, 0], [0, 2853]]","[[190, 155], [166, 151]]"
disclosure_x_bias,30,init_knn1,LSC,log_loss,1.1633399911106448e-07,7.738545888189241,1.0,0.5151741293532338,3.5141918477553767e-10,0.5301847624858576,0.0,0.033202332554105735,"[[3105, 0], [0, 2853]]","[[190, 155], [166, 151]]"
disclosure_x_bias,31,init_knn1,LSC,log_loss,1.1627679197223618e-07,7.738709125975385,1.0,0.5151741293532338,3.532014058737961e-10,0.5301701928243061,0.0,0.033202332554105735,"[[3105, 0], [0, 2853]]","[[190, 155], [166, 151]]"
disclosure_x_bias,32,init_knn1,LSC,log_loss,1.1621795335653166e-07,7.738672213956957,1.0,0.5151741293532338,3.5911089881850866e-10,0.5302010504041389,0.0,0.033202332554105735,"[[3105, 0], [0, 2853]]","[[190, 155], [166, 151]]"
disclosure_x_bias,33,init_knn1,LSC,log_loss,1.1615630599197036e-07,7.738609717451152,1.0,0.5151741293532338,3.634790062918548e-10,0.5302177686678536,0.0,0.033202332554105735,"[[3105, 0], [0, 2853]]","[[190, 155], [166, 151]]"
disclosure_x_bias,34,init_knn1,LSC,log_loss,1.1610278839284716e-07,7.739064936704535,1.0,0.5151741293532338,3.66232405641416e-10,0.530542149609326,0.0,0.033202332554105735,"[[3105, 0], [0, 2853]]","[[190, 155], [166, 151]]"
disclosure_x_bias,35,init_knn1,LSC,log_loss,1.1604738671595373e-07,7.7391320602532305,1.0,0.5151741293532338,3.656936174389309e-10,0.530674819592825,0.0,0.033202332554105735,"[[3105, 0], [0, 2853]]","[[190, 155], [166, 151]]"
disclosure_x_bias,36,init_knn1,LSC,log_loss,1.1599309777923217e-07,7.739402662522027,1.0,0.5151741293532338,3.689967044368319e-10,0.5308056120177247,0.0,0.033202332554105735,"[[3105, 0], [0, 2853]]","[[190, 155], [166, 151]]"
disclosure_x_bias,37,init_knn1,LSC,log_loss,1.1594145549155352e-07,7.739463022909954,1.0,0.5151741293532338,3.720579861532098e-10,0.5308409512095722,0.0,0.033202332554105735,"[[3105, 0], [0, 2853]]","[[190, 155], [166, 151]]"
disclosure_x_bias,38,init_knn1,LSC,log_loss,1.158878309553985e-07,7.73945460689188,1.0,0.5151741293532338,3.708481650324754e-10,0.5308956661337291,0.0,0.033202332554105735,"[[3105, 0], [0, 2853]]","[[190, 155], [166, 151]]"
disclosure_x_bias,39,init_knn1,LSC,log_loss,1.1583360599101247e-07,7.739742143035332,1.0,0.5151741293532338,3.825416724833674e-10,0.5303166476803594,0.0,0.033202332554105735,"[[3105, 0], [0, 2853]]","[[190, 155], [166, 151]]"
disclosure_x_bias,40,init_knn1,LSC,log_loss,1.1578011195074476e-07,7.739902841243991,1.0,0.5151741293532338,3.9056636885105005e-10,0.5303933005798306,0.0,0.033202332554105735,"[[3105, 0], [0, 2853]]","[[190, 155], [166, 151]]"
disclosure_x_bias,41,init_knn1,LSC,log_loss,1.1573045955153513e-07,7.739865798352591,1.0,0.5151741293532338,3.896628658004785e-10,0.5307021755163663,0.0,0.033202332554105735,"[[3105, 0], [0, 2853]]","[[190, 155], [166, 151]]"
disclosure_x_bias,42,init_knn1,LSC,log_loss,1.1567825327658411e-07,7.739996835836787,1.0,0.5151741293532338,3.927322767825754e-10,0.5306264922740972,0.0,0.033202332554105735,"[[3105, 0], [0, 2853]]","[[190, 155], [166, 151]]"
disclosure_x_bias,43,init_knn1,LSC,log_loss,1.1563179612156659e-07,7.740001316672831,1.0,0.5151741293532338,3.929602685725245e-10,0.5307588341292616,0.0,0.033202332554105735,"[[3105, 0], [0, 2853]]","[[190, 155], [166, 151]]"
disclosure_x_bias,44,init_knn1,LSC,log_loss,1.1558192643950826e-07,7.739894221207935,1.0,0.5151741293532338,3.9732143610834976e-10,0.5307941407397341,0.0,0.033202332554105735,"[[3105, 0], [0, 2853]]","[[190, 155], [166, 151]]"
disclosure_x_bias,45,init_knn1,LSC,log_loss,1.1554001642111022e-07,7.7401984247785505,1.0,0.5151741293532338,3.98930524712332e-10,0.5307993958088394,0.0,0.033202332554105735,"[[3105, 0], [0, 2853]]","[[190, 155], [166, 151]]"
disclosure_x_bias,46,init_knn1,LSC,log_loss,1.1549341315859706e-07,7.74046227726415,1.0,0.5151741293532338,3.999038041705874e-10,0.530880607792129,0.0,0.033202332554105735,"[[3105, 0], [0, 2853]]","[[190, 155], [166, 151]]"
disclosure_x_bias,47,init_knn1,LSC,log_loss,1.154431447140136e-07,7.74087561882232,1.0,0.5151741293532338,4.100398150319257e-10,0.5308690760343803,0.0,0.033202332554105735,"[[3105, 0], [0, 2853]]","[[190, 155], [166, 151]]"
disclosure_x_bias,48,init_knn1,LSC,log_loss,1.1539771201898291e-07,7.740830790511157,1.0,0.5151741293532338,4.13610909692791e-10,0.5309504100455895,0.0,0.033202332554105735,"[[3105, 0], [0, 2853]]","[[190, 155], [166, 151]]"
disclosure_x_bias,49,init_knn1,LSC,log_loss,1.1535192036114556e-07,7.740855211405297,1.0,0.5151741293532338,4.142804370888062e-10,0.5310712120297368,0.0,0.033202332554105735,"[[3105, 0], [0, 2853]]","[[190, 155], [166, 151]]"
disclosure_x_bias,50,init_knn1,LSC,log_loss,1.1530639667759483e-07,7.740883447432607,1.0,0.5151741293532338,4.147727114973279e-10,0.5313156822553831,0.0,0.033202332554105735,"[[3105, 0], [0, 2853]]","[[190, 155], [166, 151]]"
disclosure_x_bias,51,init_knn1,LSC,log_loss,1.1526723683312029e-07,7.740867860134371,1.0,0.5151741293532338,4.152975588238323e-10,0.5313884509113143,0.0,0.033202332554105735,"[[3105, 0], [0, 2853]]","[[190, 155], [166, 151]]"
disclosure_x_bias,52,init_knn1,LSC,log_loss,1.1522753525028516e-07,7.741042289657034,1.0,0.5151741293532338,4.189792754575993e-10,0.5313230457929982,0.0,0.033202332554105735,"[[3105, 0], [0, 2853]]","[[190, 155], [166, 151]]"
disclosure_x_bias,53,init_knn1,LSC,log_loss,1.151864690617003e-07,7.741283175483193,1.0,0.5151741293532338,4.23273328321321e-10,0.5310220579246491,0.0,0.033202332554105735,"[[3105, 0], [0, 2853]]","[[190, 155], [166, 151]]"
disclosure_x_bias,54,init_knn1,LSC,log_loss,1.1514393642670195e-07,7.741650905061702,1.0,0.5151741293532338,4.213426132528737e-10,0.5308453635427915,0.0,0.033202332554105735,"[[3105, 0], [0, 2853]]","[[190, 155], [166, 151]]"
disclosure_x_bias,55,init_knn1,LSC,log_loss,1.1510555486917093e-07,7.741669545626218,1.0,0.5151741293532338,4.194981815056973e-10,0.5311147521230689,0.0,0.033202332554105735,"[[3105, 0], [0, 2853]]","[[190, 155], [166, 151]]"
disclosure_x_bias,56,init_knn1,LSC,log_loss,1.1506345023698271e-07,7.741572898207062,1.0,0.5151741293532338,4.198217124324698e-10,0.5311196887660605,0.0,0.033202332554105735,"[[3105, 0], [0, 2853]]","[[190, 155], [166, 151]]"
disclosure_x_bias,57,init_knn1,LSC,log_loss,1.1502756466432218e-07,7.741828378871537,1.0,0.5151741293532338,4.209626910733305e-10,0.5310130845744131,0.0,0.033202332554105735,"[[3105, 0], [0, 2853]]","[[190, 155], [166, 151]]"
disclosure_x_bias,58,init_knn1,LSC,log_loss,1.1498642454427678e-07,7.741835979394321,1.0,0.5151741293532338,4.223821298826545e-10,0.531053106281499,0.0,0.033202332554105735,"[[3105, 0], [0, 2853]]","[[190, 155], [166, 151]]"
disclosure_x_bias,59,init_knn1,LSC,log_loss,1.1494588784857851e-07,7.741840093457301,1.0,0.5151741293532338,4.2267447702034763e-10,0.5312240969930087,0.0,0.033202332554105735,"[[3105, 0], [0, 2853]]","[[190, 155], [166, 151]]"
disclosure_x_bias,60,init_knn1,LSC,log_loss,1.1490447015829101e-07,7.742038398548925,1.0,0.5151741293532338,4.2338452978614745e-10,0.5310753914791234,0.0,0.033202332554105735,"[[3105, 0], [0, 2853]]","[[190, 155], [166, 151]]"
disclosure_x_bias,61,init_knn1,LSC,log_loss,1.1486930729373525e-07,7.742236579497899,1.0,0.5151741293532338,4.2481718079903645e-10,0.5312981877830826,0.0,0.033202332554105735,"[[3105, 0], [0, 2853]]","[[190, 155], [166, 151]]"
disclosure_x_bias,62,init_knn1,LSC,log_loss,1.1483554914883228e-07,7.742378337428209,1.0,0.5151741293532338,4.2647253620279294e-10,0.5314283463094605,0.0,0.033202332554105735,"[[3105, 0], [0, 2853]]","[[190, 155], [166, 151]]"
disclosure_x_bias,63,init_knn1,LSC,log_loss,1.1480222773973115e-07,7.742493366624673,1.0,0.5151741293532338,4.27037151375786e-10,0.5311708636486795,0.0,0.033202332554105735,"[[3105, 0], [0, 2853]]","[[190, 155], [166, 151]]"
disclosure_x_bias,64,init_knn1,LSC,log_loss,1.1476692467904408e-07,7.742588442096431,1.0,0.5151741293532338,4.306339848827688e-10,0.5313685734823111,0.0,0.033202332554105735,"[[3105, 0], [0, 2853]]","[[190, 155], [166, 151]]"
disclosure_x_bias,65,init_knn1,LSC,log_loss,1.1472841160959244e-07,7.74304127626183,1.0,0.5151741293532338,4.448032238583642e-10,0.5310943844628612,0.0,0.033202332554105735,"[[3105, 0], [0, 2853]]","[[190, 155], [166, 151]]"
disclosure_x_bias,66,init_knn1,LSC,log_loss,1.1469422065296683e-07,7.742960165052797,1.0,0.5151741293532338,4.45163782184468e-10,0.5313862789772151,0.0,0.033202332554105735,"[[3105, 0], [0, 2853]]","[[190, 155], [166, 151]]"
disclosure_x_bias,67,init_knn1,LSC,log_loss,1.1466137379073932e-07,7.743160943026103,1.0,0.5151741293532338,4.465808315569898e-10,0.5312655026870978,0.0,0.033202332554105735,"[[3105, 0], [0, 2853]]","[[190, 155], [166, 151]]"
disclosure_x_bias,68,init_knn1,LSC,log_loss,1.1462782458737438e-07,7.743212723582056,1.0,0.5151741293532338,4.4921644119436183e-10,0.5310521023566614,0.0,0.033202332554105735,"[[3105, 0], [0, 2853]]","[[190, 155], [166, 151]]"
disclosure_x_bias,69,init_knn1,LSC,log_loss,1.1459428148335333e-07,7.743368969686062,1.0,0.5151741293532338,4.484358209613681e-10,0.5309262030198494,0.0,0.033202332554105735,"[[3105, 0], [0, 2853]]","[[190, 155], [166, 151]]"
disclosure_x_bias,70,init_knn1,LSC,log_loss,1.145611221275464e-07,7.743093412106687,1.0,0.5151741293532338,4.457100788311645e-10,0.5310078176988559,0.0,0.033202332554105735,"[[3105, 0], [0, 2853]]","[[190, 155], [166, 151]]"
disclosure_x_bias,71,init_knn1,LSC,log_loss,1.1452571705175178e-07,7.743411008423361,1.0,0.5151741293532338,4.4405796869991555e-10,0.5310969674510866,0.0,0.033202332554105735,"[[3105, 0], [0, 2853]]","[[190, 155], [166, 151]]"
disclosure_x_bias,72,init_knn1,LSC,log_loss,1.1448973845418112e-07,7.743293058493698,1.0,0.5151741293532338,4.4468253453132534e-10,0.5310203221468814,0.0,0.033202332554105735,"[[3105, 0], [0, 2853]]","[[190, 155], [166, 151]]"
disclosure_x_bias,73,init_knn1,LSC,log_loss,1.1445926191531713e-07,7.743412660457727,1.0,0.5151741293532338,4.4908680267702303e-10,0.5310824547312611,0.0,0.033202332554105735,"[[3105, 0], [0, 2853]]","[[190, 155], [166, 151]]"
disclosure_x_bias,74,init_knn1,LSC,log_loss,1.1442947111430669e-07,7.743363812443597,1.0,0.5151741293532338,4.5056046999726867e-10,0.5310706878072674,0.0,0.033202332554105735,"[[3105, 0], [0, 2853]]","[[190, 155], [166, 151]]"
disclosure_x_bias,75,init_knn1,LSC,log_loss,1.1440097389465154e-07,7.743470944631122,1.0,0.5151741293532338,4.5199067264755383e-10,0.5310958529320267,0.0,0.033202332554105735,"[[3105, 0], [0, 2853]]","[[190, 155], [166, 151]]"
disclosure_x_bias,76,init_knn1,LSC,log_loss,1.1436903116956038e-07,7.743449892581529,1.0,0.5151741293532338,4.5075662771562047e-10,0.5309818840961769,0.0,0.033202332554105735,"[[3105, 0], [0, 2853]]","[[190, 155], [166, 151]]"
disclosure_x_bias,77,init_knn1,LSC,log_loss,1.1433913726324841e-07,7.743499407258257,1.0,0.5151741293532338,4.50525999522402e-10,0.5312557038825219,0.0,0.033202332554105735,"[[3105, 0], [0, 2853]]","[[190, 155], [166, 151]]"
disclosure_x_bias,78,init_knn1,LSC,log_loss,1.1431161996088796e-07,7.743907201907069,1.0,0.5151741293532338,4.5133990032808184e-10,0.5310571348500054,0.0,0.033202332554105735,"[[3105, 0], [0, 2853]]","[[190, 155], [166, 151]]"
disclosure_x_bias,79,init_knn1,LSC,log_loss,1.1426989806382717e-07,7.74418567603319,1.0,0.5151741293532338,4.593074813939451e-10,0.5306546988466676,0.0,0.033202332554105735,"[[3105, 0], [0, 2853]]","[[190, 155], [166, 151]]"
disclosure_x_bias,80,init_knn1,LSC,log_loss,1.1423588431056411e-07,7.7441951594544705,1.0,0.5151741293532338,4.6380048621464967e-10,0.5307101662503007,0.0,0.033202332554105735,"[[3105, 0], [0, 2853]]","[[190, 155], [166, 151]]"
disclosure_x_bias,81,init_knn1,LSC,log_loss,1.1420745144743707e-07,7.74411258177336,1.0,0.5151741293532338,4.64850224302805e-10,0.5307155259352104,0.0,0.033202332554105735,"[[3105, 0], [0, 2853]]","[[190, 155], [166, 151]]"
disclosure_x_bias,82,init_knn1,LSC,log_loss,1.1417994277164935e-07,7.744100230887734,1.0,0.5151741293532338,4.655596667774135e-10,0.530730910898178,0.0,0.033202332554105735,"[[3105, 0], [0, 2853]]","[[190, 155], [166, 151]]"
disclosure_x_bias,83,init_knn1,LSC,log_loss,1.1415134872179328e-07,7.744225201262364,1.0,0.5151741293532338,4.669212267249759e-10,0.5306591825648201,0.0,0.033202332554105735,"[[3105, 0], [0, 2853]]","[[190, 155], [166, 151]]"
disclosure_x_bias,84,init_knn1,LSC,log_loss,1.1412371079544367e-07,7.744367858491984,1.0,0.5151741293532338,4.684871043812228e-10,0.5309107362621912,0.0,0.033202332554105735,"[[3105, 0], [0, 2853]]","[[190, 155], [166, 151]]"
disclosure_x_bias,85,init_knn1,LSC,log_loss,1.1409440170948218e-07,7.74432101917063,1.0,0.5151741293532338,4.739137480801162e-10,0.5307378008202247,0.0,0.033202332554105735,"[[3105, 0], [0, 2853]]","[[190, 155], [166, 151]]"
disclosure_x_bias,86,init_knn1,LSC,log_loss,1.1406660841033031e-07,7.744308489600551,1.0,0.5151741293532338,4.759771026539693e-10,0.5305589143811686,0.0,0.033202332554105735,"[[3105, 0], [0, 2853]]","[[190, 155], [166, 151]]"
disclosure_x_bias,87,init_knn1,LSC,log_loss,1.1403773291273828e-07,7.744387445011964,1.0,0.5151741293532338,4.732373146962741e-10,0.5306997359309265,0.0,0.033202332554105735,"[[3105, 0], [0, 2853]]","[[190, 155], [166, 151]]"
disclosure_x_bias,88,init_knn1,LSC,log_loss,1.1401107733479331e-07,7.74446624124145,1.0,0.5151741293532338,4.736149309587483e-10,0.5309225127616155,0.0,0.033202332554105735,"[[3105, 0], [0, 2853]]","[[190, 155], [166, 151]]"
disclosure_x_bias,89,init_knn1,LSC,log_loss,1.1398266183701102e-07,7.744328353616963,1.0,0.5151741293532338,4.752381086113116e-10,0.530936891085691,0.0,0.033202332554105735,"[[3105, 0], [0, 2853]]","[[190, 155], [166, 151]]"
disclosure_x_bias,90,init_knn1,LSC,log_loss,1.1395283162431253e-07,7.744543785528352,1.0,0.5151741293532338,4.749102941389217e-10,0.530612649690962,0.0,0.033202332554105735,"[[3105, 0], [0, 2853]]","[[190, 155], [166, 151]]"
disclosure_x_bias,91,init_knn1,LSC,log_loss,1.1392686262854158e-07,7.744638495645903,1.0,0.5151741293532338,4.754208276929737e-10,0.530658176197921,0.0,0.033202332554105735,"[[3105, 0], [0, 2853]]","[[190, 155], [166, 151]]"
disclosure_x_bias,92,init_knn1,LSC,log_loss,1.1390000205238385e-07,7.744658391286656,1.0,0.5151741293532338,4.715913433020079e-10,0.5306790619200757,0.0,0.033202332554105735,"[[3105, 0], [0, 2853]]","[[190, 155], [166, 151]]"
disclosure_x_bias,93,init_knn1,LSC,log_loss,1.1387523420531026e-07,7.745077262591133,1.0,0.5151741293532338,4.733292570059005e-10,0.5305276762269135,0.0,0.033202332554105735,"[[3105, 0], [0, 2853]]","[[190, 155], [166, 151]]"
disclosure_x_bias,94,init_knn1,LSC,log_loss,1.1384740781840757e-07,7.744941317561486,1.0,0.5151741293532338,4.795346912012989e-10,0.5305982064496239,0.0,0.033202332554105735,"[[3105, 0], [0, 2853]]","[[190, 155], [166, 151]]"
disclosure_x_bias,95,init_knn1,LSC,log_loss,1.1382496822998897e-07,7.7450242188516825,1.0,0.5151741293532338,4.810205989576127e-10,0.5308168646444456,0.0,0.033202332554105735,"[[3105, 0], [0, 2853]]","[[190, 155], [166, 151]]"
disclosure_x_bias,96,init_knn1,LSC,log_loss,1.1379930216668741e-07,7.744876801077245,1.0,0.5151741293532338,4.806490337051976e-10,0.5307938383146569,0.0,0.033202332554105735,"[[3105, 0], [0, 2853]]","[[190, 155], [166, 151]]"
disclosure_x_bias,97,init_knn1,LSC,log_loss,1.1377281780317242e-07,7.745055236541444,1.0,0.5151741293532338,4.801233074104522e-10,0.530836132886054,0.0,0.033202332554105735,"[[3105, 0], [0, 2853]]","[[190, 155], [166, 151]]"
disclosure_x_bias,98,init_knn1,LSC,log_loss,1.1374560417404884e-07,7.745226238969698,1.0,0.5151741293532338,4.791734300918997e-10,0.5308607816279185,0.0,0.033202332554105735,"[[3105, 0], [0, 2853]]","[[190, 155], [166, 151]]"
disclosure_x_bias,99,init_knn1,LSC,log_loss,1.1372168268994693e-07,7.745252630671791,1.0,0.5151741293532338,4.798419967217379e-10,0.531047304744841,0.0,0.033202332554105735,"[[3105, 0], [0, 2853]]","[[190, 155], [166, 151]]"
disclosure_x_bias,100,init_knn1,LSC,log_loss,1.1369508787478443e-07,7.7452174369367786,1.0,0.5151741293532338,4.803528021973768e-10,0.5309000906498261,0.0,0.033202332554105735,"[[3105, 0], [0, 2853]]","[[190, 155], [166, 151]]"
disclosure_x_bias,101,init_knn1,LSC,log_loss,1.1366942739698082e-07,7.7451681742951966,1.0,0.5151741293532338,4.798775742984365e-10,0.5307768657339151,0.0,0.033202332554105735,"[[3105, 0], [0, 2853]]","[[190, 155], [166, 151]]"
disclosure_x_bias,102,init_knn1,LSC,log_loss,1.1363956998966769e-07,7.745537392380163,1.0,0.5151741293532338,4.85790189042251e-10,0.5305737488822715,0.0,0.033202332554105735,"[[3105, 0], [0, 2853]]","[[190, 155], [166, 151]]"
disclosure_x_bias,103,init_knn1,LSC,log_loss,1.1361476841440799e-07,7.745708590186213,1.0,0.5151741293532338,4.853689938534356e-10,0.5306971855317009,0.0,0.033202332554105735,"[[3105, 0], [0, 2853]]","[[190, 155], [166, 151]]"
disclosure_x_bias,104,init_knn1,LSC,log_loss,1.135867259638173e-07,7.74561402465554,1.0,0.5151741293532338,4.873271901151462e-10,0.5307271025848155,0.0,0.033202332554105735,"[[3105, 0], [0, 2853]]","[[190, 155], [166, 151]]"
disclosure_x_bias,105,init_knn1,LSC,log_loss,1.1356499664951362e-07,7.745641256003071,1.0,0.5151741293532338,4.873272357231878e-10,0.5307516393368907,0.0,0.033202332554105735,"[[3105, 0], [0, 2853]]","[[190, 155], [166, 151]]"
disclosure_x_bias,106,init_knn1,LSC,log_loss,1.1354430196441894e-07,7.745636403788569,1.0,0.5151741293532338,4.875456678540433e-10,0.5305740894197633,0.0,0.033202332554105735,"[[3105, 0], [0, 2853]]","[[190, 155], [166, 151]]"
disclosure_x_bias,107,init_knn1,LSC,log_loss,1.1352277630799938e-07,7.745900952673409,1.0,0.5151741293532338,4.878098128329747e-10,0.5304918332891879,0.0,0.033202332554105735,"[[3105, 0], [0, 2853]]","[[190, 155], [166, 151]]"
disclosure_x_bias,108,init_knn1,LSC,log_loss,1.1349982646006879e-07,7.746143610282258,1.0,0.5151741293532338,4.884205251885084e-10,0.5304200841307736,0.0,0.033202332554105735,"[[3105, 0], [0, 2853]]","[[190, 155], [166, 151]]"
disclosure_x_bias,109,init_knn1,LSC,log_loss,1.1347521937710953e-07,7.7463082978827655,1.0,0.5151741293532338,4.924917664528557e-10,0.53043241481295,0.0,0.033202332554105735,"[[3105, 0], [0, 2853]]","[[190, 155], [166, 151]]"
disclosure_x_bias,110,init_knn1,LSC,log_loss,1.134527095441149e-07,7.746430751684993,1.0,0.5151741293532338,4.928795893200501e-10,0.5305232513749492,0.0,0.033202332554105735,"[[3105, 0], [0, 2853]]","[[190, 155], [166, 151]]"
disclosure_x_bias,111,init_knn1,LSC,log_loss,1.1342950561246136e-07,7.746647134369749,1.0,0.5151741293532338,4.977407695282575e-10,0.5303176470639317,0.0,0.033202332554105735,"[[3105, 0], [0, 2853]]","[[190, 155], [166, 151]]"
disclosure_x_bias,112,init_knn1,LSC,log_loss,1.1340712395355339e-07,7.746728073831212,1.0,0.5151741293532338,4.962672213892151e-10,0.5303227884845325,0.0,0.033202332554105735,"[[3105, 0], [0, 2853]]","[[190, 155], [166, 151]]"
disclosure_x_bias,113,init_knn1,LSC,log_loss,1.1338565371937798e-07,7.746764887885824,1.0,0.5151741293532338,4.96034219295965e-10,0.530535644907824,0.0,0.033202332554105735,"[[3105, 0], [0, 2853]]","[[190, 155], [166, 151]]"
disclosure_x_bias,114,init_knn1,LSC,log_loss,1.1336640026969572e-07,7.746728351274035,1.0,0.5151741293532338,4.9708412179292e-10,0.5304341466961973,0.0,0.033202332554105735,"[[3105, 0], [0, 2853]]","[[190, 155], [166, 151]]"
disclosure_x_bias,115,init_knn1,LSC,log_loss,1.1334418737594787e-07,7.746683874849053,1.0,0.5151741293532338,5.006102564025311e-10,0.5305918171935673,0.0,0.033202332554105735,"[[3105, 0], [0, 2853]]","[[190, 155], [166, 151]]"
disclosure_x_bias,116,init_knn1,LSC,log_loss,1.133233658665988e-07,7.746788423750199,1.0,0.5151741293532338,5.007345483086175e-10,0.5308843849712287,0.0,0.033202332554105735,"[[3105, 0], [0, 2853]]","[[190, 155], [166, 151]]"
disclosure_x_bias,117,init_knn1,LSC,log_loss,1.1330398743017334e-07,7.746877184092251,1.0,0.5151741293532338,5.013604785861878e-10,0.5306627670651474,0.0,0.033202332554105735,"[[3105, 0], [0, 2853]]","[[190, 155], [166, 151]]"
disclosure_x_bias,118,init_knn1,LSC,log_loss,1.1328202066151149e-07,7.74689320275313,1.0,0.5151741293532338,5.013550678474533e-10,0.5307017964109007,0.0,0.033202332554105735,"[[3105, 0], [0, 2853]]","[[190, 155], [166, 151]]"
disclosure_x_bias,119,init_knn1,LSC,log_loss,1.1326020806352502e-07,7.746973972843111,1.0,0.5151741293532338,5.011608439571204e-10,0.5307354726308867,0.0,0.033202332554105735,"[[3105, 0], [0, 2853]]","[[190, 155], [166, 151]]"
disclosure_x_bias,120,init_knn1,LSC,log_loss,1.1323615605261773e-07,7.747067773433166,1.0,0.5151741293532338,4.989963457214793e-10,0.5309314648234026,0.0,0.033202332554105735,"[[3105, 0], [0, 2853]]","[[190, 155], [166, 151]]"
disclosure_x_bias,121,init_knn1,LSC,log_loss,1.1321077169507588e-07,7.747057230568591,1.0,0.5151741293532338,5.023674420334971e-10,0.5311207011501262,0.0,0.033202332554105735,"[[3105, 0], [0, 2853]]","[[190, 155], [166, 151]]"
disclosure_x_bias,122,init_knn1,LSC,log_loss,1.1318849606321581e-07,7.7470484348822195,1.0,0.5151741293532338,5.044523631006662e-10,0.5310764312466438,0.0,0.033202332554105735,"[[3105, 0], [0, 2853]]","[[190, 155], [166, 151]]"
disclosure_x_bias,123,init_knn1,LSC,log_loss,1.1316881501329438e-07,7.747073014738794,1.0,0.5151741293532338,5.037044529382294e-10,0.5312021127682114,0.0,0.033202332554105735,"[[3105, 0], [0, 2853]]","[[190, 155], [166, 151]]"
disclosure_x_bias,124,init_knn1,LSC,log_loss,1.1314785390772905e-07,7.747115860728132,1.0,0.5151741293532338,5.034944458749586e-10,0.531296622255588,0.0,0.033202332554105735,"[[3105, 0], [0, 2853]]","[[190, 155], [166, 151]]"
disclosure_x_bias,125,init_knn1,LSC,log_loss,1.1312913011022364e-07,7.7471926136011735,1.0,0.5151741293532338,5.039563846827386e-10,0.5313209916675237,0.0,0.033202332554105735,"[[3105, 0], [0, 2853]]","[[190, 155], [166, 151]]"
disclosure_x_bias,126,init_knn1,LSC,log_loss,1.1311103997320897e-07,7.74726432584824,1.0,0.5151741293532338,5.045501782510162e-10,0.5314320109591611,0.0,0.033202332554105735,"[[3105, 0], [0, 2853]]","[[190, 155], [166, 151]]"
disclosure_x_bias,127,init_knn1,LSC,log_loss,1.1309241872704591e-07,7.747122208575464,1.0,0.5151741293532338,5.045709768433762e-10,0.531385259248661,0.0,0.033202332554105735,"[[3105, 0], [0, 2853]]","[[190, 155], [166, 151]]"
disclosure_x_bias,128,init_knn1,LSC,log_loss,1.1307370242236133e-07,7.747169047323919,1.0,0.5151741293532338,5.048109737341633e-10,0.5313109263961748,0.0,0.033202332554105735,"[[3105, 0], [0, 2853]]","[[190, 155], [166, 151]]"
disclosure_x_bias,129,init_knn1,LSC,log_loss,1.1305475056067114e-07,7.746941091392772,1.0,0.5151741293532338,5.043782354270734e-10,0.531312411659159,0.0,0.033202332554105735,"[[3105, 0], [0, 2853]]","[[190, 155], [166, 151]]"
disclosure_x_bias,130,init_knn1,LSC,log_loss,1.1303293027971361e-07,7.746931081706267,1.0,0.5151741293532338,4.99086669814921e-10,0.5311760062448081,0.0,0.033202332554105735,"[[3105, 0], [0, 2853]]","[[190, 155], [166, 151]]"
disclosure_x_bias,131,init_knn1,LSC,log_loss,1.1301240152091794e-07,7.7470321874188866,1.0,0.5151741293532338,4.982802182813688e-10,0.5314353873237332,0.0,0.033202332554105735,"[[3105, 0], [0, 2853]]","[[190, 155], [166, 151]]"
disclosure_x_bias,132,init_knn1,LSC,log_loss,1.1299186529837675e-07,7.747013660639792,1.0,0.5151741293532338,4.972488960307433e-10,0.5313868890785299,0.0,0.033202332554105735,"[[3105, 0], [0, 2853]]","[[190, 155], [166, 151]]"
disclosure_x_bias,133,init_knn1,LSC,log_loss,1.1297085287699351e-07,7.74717008268162,1.0,0.5151741293532338,4.97295214958437e-10,0.5313901292216965,0.0,0.033202332554105735,"[[3105, 0], [0, 2853]]","[[190, 155], [166, 151]]"
disclosure_x_bias,134,init_knn1,LSC,log_loss,1.1295142218703643e-07,7.746969577248743,1.0,0.5151741293532338,4.98332497545768e-10,0.5313380264966967,0.0,0.033202332554105735,"[[3105, 0], [0, 2853]]","[[190, 155], [166, 151]]"
disclosure_x_bias,135,init_knn1,LSC,log_loss,1.1292597551899113e-07,7.746910041384503,1.0,0.5151741293532338,5.019720781185939e-10,0.5314311483459311,0.0,0.033202332554105735,"[[3105, 0], [0, 2853]]","[[190, 155], [166, 151]]"
disclosure_x_bias,136,init_knn1,LSC,log_loss,1.1290684192407188e-07,7.747119537063389,1.0,0.5151741293532338,5.01405650118775e-10,0.5315470093468679,0.0,0.033202332554105735,"[[3105, 0], [0, 2853]]","[[190, 155], [166, 151]]"
disclosure_x_bias,137,init_knn1,LSC,log_loss,1.128837838268134e-07,7.747301704764228,1.0,0.5151741293532338,5.101506163947361e-10,0.5312549343600509,0.0,0.033202332554105735,"[[3105, 0], [0, 2853]]","[[190, 155], [166, 151]]"
disclosure_x_bias,138,init_knn1,LSC,log_loss,1.1286615776392045e-07,7.7473536207993146,1.0,0.5151741293532338,5.104580231272127e-10,0.5313970571629648,0.0,0.033202332554105735,"[[3105, 0], [0, 2853]]","[[190, 155], [166, 151]]"
disclosure_x_bias,139,init_knn1,LSC,log_loss,1.1284600116211478e-07,7.747362637296521,1.0,0.5151741293532338,5.110021145191073e-10,0.530995767921327,0.0,0.033202332554105735,"[[3105, 0], [0, 2853]]","[[190, 155], [166, 151]]"
disclosure_x_bias,140,init_knn1,LSC,log_loss,1.1282701406922531e-07,7.747427138235146,1.0,0.5151741293532338,5.114747697615241e-10,0.5312922768945472,0.0,0.033202332554105735,"[[3105, 0], [0, 2853]]","[[190, 155], [166, 151]]"
disclosure_x_bias,141,init_knn1,LSC,log_loss,1.1280965915591465e-07,7.747276613970247,1.0,0.5151741293532338,5.114501815155084e-10,0.5312373047497353,0.0,0.033202332554105735,"[[3105, 0], [0, 2853]]","[[190, 155], [166, 151]]"
disclosure_x_bias,142,init_knn1,LSC,log_loss,1.1278985330922877e-07,7.747370428243282,1.0,0.5151741293532338,5.109730955661247e-10,0.5313404446986753,0.0,0.033202332554105735,"[[3105, 0], [0, 2853]]","[[190, 155], [166, 151]]"
disclosure_x_bias,143,init_knn1,LSC,log_loss,1.1277247987343562e-07,7.747382519620366,1.0,0.5151741293532338,5.111248156709243e-10,0.5312324702709097,0.0,0.033202332554105735,"[[3105, 0], [0, 2853]]","[[190, 155], [166, 151]]"
disclosure_x_bias,144,init_knn1,LSC,log_loss,1.1275426896841572e-07,7.74746145522266,1.0,0.5151741293532338,5.118785265935402e-10,0.5313814130886728,0.0,0.033202332554105735,"[[3105, 0], [0, 2853]]","[[190, 155], [166, 151]]"
disclosure_x_bias,145,init_knn1,LSC,log_loss,1.1273292353903677e-07,7.747395898144077,1.0,0.5151741293532338,5.084677329294498e-10,0.5312497298458806,0.0,0.033202332554105735,"[[3105, 0], [0, 2853]]","[[190, 155], [166, 151]]"
disclosure_x_bias,146,init_knn1,LSC,log_loss,1.1271161141125022e-07,7.747290606850631,1.0,0.5151741293532338,5.124386658578414e-10,0.5315985652037919,0.0,0.033202332554105735,"[[3105, 0], [0, 2853]]","[[190, 155], [166, 151]]"
disclosure_x_bias,147,init_knn1,LSC,log_loss,1.1269240612014543e-07,7.747268623288818,1.0,0.5151741293532338,5.164713626059988e-10,0.5315661822094475,0.0,0.033202332554105735,"[[3105, 0], [0, 2853]]","[[190, 155], [166, 151]]"
disclosure_x_bias,148,init_knn1,LSC,log_loss,1.1267555866337195e-07,7.747394243624152,1.0,0.5151741293532338,5.162905059517181e-10,0.5316651896436169,0.0,0.033202332554105735,"[[3105, 0], [0, 2853]]","[[190, 155], [166, 151]]"
disclosure_x_bias,149,init_knn1,LSC,log_loss,1.1265658892907528e-07,7.7474695165918375,1.0,0.5151741293532338,5.149161541985766e-10,0.5316164929956803,0.0,0.033202332554105735,"[[3105, 0], [0, 2853]]","[[190, 155], [166, 151]]"
disclosure_x_bias,150,init_knn1,LSC,log_loss,1.1263450917505134e-07,7.747395337088956,1.0,0.5151741293532338,5.133251658059871e-10,0.5315832203160775,0.0,0.033202332554105735,"[[3105, 0], [0, 2853]]","[[190, 155], [166, 151]]"
disclosure_x_bias,151,init_knn1,LSC,log_loss,1.1261605662011409e-07,7.747523379039757,1.0,0.5151741293532338,5.123224834221831e-10,0.5315660462150356,0.0,0.033202332554105735,"[[3105, 0], [0, 2853]]","[[190, 155], [166, 151]]"
disclosure_x_bias,152,init_knn1,LSC,log_loss,1.1259784070897662e-07,7.747556397960119,1.0,0.5151741293532338,5.113161532211795e-10,0.5316600955841452,0.0,0.033202332554105735,"[[3105, 0], [0, 2853]]","[[190, 155], [166, 151]]"
disclosure_x_bias,153,init_knn1,LSC,log_loss,1.1257874301905633e-07,7.747698139194496,1.0,0.5151741293532338,5.089725887543059e-10,0.5316791027572035,0.0,0.033202332554105735,"[[3105, 0], [0, 2853]]","[[190, 155], [166, 151]]"
disclosure_x_bias,154,init_knn1,LSC,log_loss,1.1256100351784313e-07,7.7479277601806285,1.0,0.5151741293532338,5.086696102902734e-10,0.5318378056137627,0.0,0.033202332554105735,"[[3105, 0], [0, 2853]]","[[190, 155], [166, 151]]"
disclosure_x_bias,155,init_knn1,LSC,log_loss,1.1254437819789805e-07,7.747785970368445,1.0,0.5151741293532338,5.093433169600007e-10,0.5317664330773405,0.0,0.033202332554105735,"[[3105, 0], [0, 2853]]","[[190, 155], [166, 151]]"
disclosure_x_bias,156,init_knn1,LSC,log_loss,1.1252621678531614e-07,7.7478275757711215,1.0,0.5151741293532338,5.094275815294697e-10,0.531811290599654,0.0,0.033202332554105735,"[[3105, 0], [0, 2853]]","[[190, 155], [166, 151]]"
disclosure_x_bias,157,init_knn1,LSC,log_loss,1.1250884716159548e-07,7.747850150347871,1.0,0.5151741293532338,5.105752652329893e-10,0.531943423483878,0.0,0.033202332554105735,"[[3105, 0], [0, 2853]]","[[190, 155], [166, 151]]"
disclosure_x_bias,158,init_knn1,LSC,log_loss,1.1248989328243299e-07,7.747769669044457,1.0,0.5151741293532338,5.115027725759181e-10,0.5318439790896744,0.0,0.033202332554105735,"[[3105, 0], [0, 2853]]","[[190, 155], [166, 151]]"
disclosure_x_bias,159,init_knn1,LSC,log_loss,1.1247148670381854e-07,7.747761094390327,1.0,0.5151741293532338,5.112317216526871e-10,0.5319233977512516,0.0,0.033202332554105735,"[[3105, 0], [0, 2853]]","[[190, 155], [166, 151]]"
disclosure_x_bias,160,init_knn1,LSC,log_loss,1.1245226051919175e-07,7.747830595734472,1.0,0.5151741293532338,5.110455297640964e-10,0.5319044800196123,0.0,0.033202332554105735,"[[3105, 0], [0, 2853]]","[[190, 155], [166, 151]]"
disclosure_x_bias,161,init_knn1,LSC,log_loss,1.1243575228241867e-07,7.747881305372793,1.0,0.5151741293532338,5.107675876567203e-10,0.5319442113408456,0.0,0.033202332554105735,"[[3105, 0], [0, 2853]]","[[190, 155], [166, 151]]"
disclosure_x_bias,162,init_knn1,LSC,log_loss,1.1241920147936036e-07,7.7479013954591025,1.0,0.5151741293532338,5.107301566560944e-10,0.5320437770865157,0.0,0.033202332554105735,"[[3105, 0], [0, 2853]]","[[190, 155], [166, 151]]"
disclosure_x_bias,163,init_knn1,LSC,log_loss,1.1240045116868162e-07,7.7479065972497505,1.0,0.5151741293532338,5.145398058933452e-10,0.5321415948218933,0.0,0.033202332554105735,"[[3105, 0], [0, 2853]]","[[190, 155], [166, 151]]"
disclosure_x_bias,164,init_knn1,LSC,log_loss,1.1238425749693411e-07,7.748022794844507,1.0,0.5151741293532338,5.144366954492369e-10,0.5321722561976588,0.0,0.033202332554105735,"[[3105, 0], [0, 2853]]","[[190, 155], [166, 151]]"
disclosure_x_bias,165,init_knn1,LSC,log_loss,1.1236813366469315e-07,7.74785787214868,1.0,0.5151741293532338,5.144386247787983e-10,0.5321650202123135,0.0,0.033202332554105735,"[[3105, 0], [0, 2853]]","[[190, 155], [166, 151]]"
disclosure_x_bias,166,init_knn1,LSC,log_loss,1.12347282617356e-07,7.747906866116189,1.0,0.5151741293532338,5.12234422685119e-10,0.5320512031698005,0.0,0.033202332554105735,"[[3105, 0], [0, 2853]]","[[190, 155], [166, 151]]"
disclosure_x_bias,167,init_knn1,LSC,log_loss,1.1233135106196062e-07,7.74790532146424,1.0,0.5151741293532338,5.123043232104133e-10,0.5319374559551938,0.0,0.033202332554105735,"[[3105, 0], [0, 2853]]","[[190, 155], [166, 151]]"
disclosure_x_bias,168,init_knn1,LSC,log_loss,1.123148640067154e-07,7.748058690361726,1.0,0.5151741293532338,5.124259333417702e-10,0.5316700810417109,0.0,0.033202332554105735,"[[3105, 0], [0, 2853]]","[[190, 155], [166, 151]]"
disclosure_x_bias,169,init_knn1,LSC,log_loss,1.1229905006975638e-07,7.7480924547996395,1.0,0.5151741293532338,5.12248913091632e-10,0.5318233347156769,0.0,0.033202332554105735,"[[3105, 0], [0, 2853]]","[[190, 155], [166, 151]]"
disclosure_x_bias,170,init_knn1,LSC,log_loss,1.1228108170904003e-07,7.74807478180153,1.0,0.5151741293532338,5.108450855805592e-10,0.5316362039230973,0.0,0.033202332554105735,"[[3105, 0], [0, 2853]]","[[190, 155], [166, 151]]"
disclosure_x_bias,171,init_knn1,LSC,log_loss,1.1226475668987422e-07,7.7482726274194444,1.0,0.5151741293532338,5.11347405101897e-10,0.5318944872506803,0.0,0.033202332554105735,"[[3105, 0], [0, 2853]]","[[190, 155], [166, 151]]"
disclosure_x_bias,172,init_knn1,LSC,log_loss,1.1224853323547122e-07,7.748058004408655,1.0,0.5151741293532338,5.11852099604939e-10,0.531784118210965,0.0,0.033202332554105735,"[[3105, 0], [0, 2853]]","[[190, 155], [166, 151]]"
disclosure_x_bias,173,init_knn1,LSC,log_loss,1.1222902261065054e-07,7.748210660408253,1.0,0.5151741293532338,5.113839031017665e-10,0.5318198686010882,0.0,0.033202332554105735,"[[3105, 0], [0, 2853]]","[[190, 155], [166, 151]]"
disclosure_x_bias,174,init_knn1,LSC,log_loss,1.1221253181675113e-07,7.748117922032367,1.0,0.5151741293532338,5.110856670411869e-10,0.5319376286859732,0.0,0.033202332554105735,"[[3105, 0], [0, 2853]]","[[190, 155], [166, 151]]"
disclosure_x_bias,175,init_knn1,LSC,log_loss,1.1219673840656807e-07,7.748145788068891,1.0,0.5151741293532338,5.108872630382709e-10,0.5318831258571632,0.0,0.033202332554105735,"[[3105, 0], [0, 2853]]","[[190, 155], [166, 151]]"
disclosure_x_bias,176,init_knn1,LSC,log_loss,1.1217934217120031e-07,7.7480894371799565,1.0,0.5151741293532338,5.095050438856463e-10,0.531850909107042,0.0,0.033202332554105735,"[[3105, 0], [0, 2853]]","[[190, 155], [166, 151]]"
disclosure_x_bias,177,init_knn1,LSC,log_loss,1.1216320469343385e-07,7.748219394038213,1.0,0.5151741293532338,5.092782124727448e-10,0.5319162096898361,0.0,0.033202332554105735,"[[3105, 0], [0, 2853]]","[[190, 155], [166, 151]]"
disclosure_x_bias,178,init_knn1,LSC,log_loss,1.1214508894868718e-07,7.748314048526579,1.0,0.5151741293532338,5.110052874856269e-10,0.531845910786144,0.0,0.033202332554105735,"[[3105, 0], [0, 2853]]","[[190, 155], [166, 151]]"
disclosure_x_bias,179,init_knn1,LSC,log_loss,1.1212657036526367e-07,7.748356632590308,1.0,0.5151741293532338,5.123016398824207e-10,0.5319613765972028,0.0,0.033202332554105735,"[[3105, 0], [0, 2853]]","[[190, 155], [166, 151]]"
disclosure_x_bias,180,init_knn1,LSC,log_loss,1.1210914275164597e-07,7.748422758791523,1.0,0.5151741293532338,5.129435344389018e-10,0.5319494882822006,0.0,0.033202332554105735,"[[3105, 0], [0, 2853]]","[[190, 155], [166, 151]]"
disclosure_x_bias,181,init_knn1,LSC,log_loss,1.1209374578981389e-07,7.748544162707974,1.0,0.5151741293532338,5.130935190522234e-10,0.5320980759425916,0.0,0.033202332554105735,"[[3105, 0], [0, 2853]]","[[190, 155], [166, 151]]"
disclosure_x_bias,182,init_knn1,LSC,log_loss,1.1207712041406118e-07,7.74845768378824,1.0,0.5151741293532338,5.110484319678508e-10,0.5319918809921923,0.0,0.033202332554105735,"[[3105, 0], [0, 2853]]","[[190, 155], [166, 151]]"
disclosure_x_bias,183,init_knn1,LSC,log_loss,1.1206203102679956e-07,7.7486725814478365,1.0,0.5151741293532338,5.11634222501743e-10,0.5321568187135924,0.0,0.033202332554105735,"[[3105, 0], [0, 2853]]","[[190, 155], [166, 151]]"
disclosure_x_bias,184,init_knn1,LSC,log_loss,1.1204533327007083e-07,7.748603654479888,1.0,0.5151741293532338,5.125880787062105e-10,0.5321046418627624,0.0,0.033202332554105735,"[[3105, 0], [0, 2853]]","[[190, 155], [166, 151]]"
disclosure_x_bias,185,init_knn1,LSC,log_loss,1.1203045626692122e-07,7.748608806800331,1.0,0.5151741293532338,5.129082638506666e-10,0.5321826299733661,0.0,0.033202332554105735,"[[3105, 0], [0, 2853]]","[[190, 155], [166, 151]]"
disclosure_x_bias,186,init_knn1,LSC,log_loss,1.1201540806156168e-07,7.748566179705648,1.0,0.5151741293532338,5.134530517683905e-10,0.5322762448167789,0.0,0.033202332554105735,"[[3105, 0], [0, 2853]]","[[190, 155], [166, 151]]"
disclosure_x_bias,187,init_knn1,LSC,log_loss,1.1199674634537345e-07,7.749028968005824,1.0,0.5151741293532338,5.227245618866993e-10,0.5321332445368631,0.0,0.033202332554105735,"[[3105, 0], [0, 2853]]","[[190, 155], [166, 151]]"
disclosure_x_bias,188,init_knn1,LSC,log_loss,1.119817080658275e-07,7.74885680588889,1.0,0.5151741293532338,5.22894936692407e-10,0.5321109165664574,0.0,0.033202332554105735,"[[3105, 0], [0, 2853]]","[[190, 155], [166, 151]]"
disclosure_x_bias,189,init_knn1,LSC,log_loss,1.1196244839707845e-07,7.748854040356544,1.0,0.5151741293532338,5.180876801503453e-10,0.532215160067635,0.0,0.033202332554105735,"[[3105, 0], [0, 2853]]","[[190, 155], [166, 151]]"
disclosure_x_bias,190,init_knn1,LSC,log_loss,1.1194535302589272e-07,7.748915590201564,1.0,0.5151741293532338,5.162489612849978e-10,0.5322106924468084,0.0,0.033202332554105735,"[[3105, 0], [0, 2853]]","[[190, 155], [166, 151]]"
disclosure_x_bias,191,init_knn1,LSC,log_loss,1.1192854982323622e-07,7.749013531592402,1.0,0.5151741293532338,5.175906890873266e-10,0.5323610201017175,0.0,0.033202332554105735,"[[3105, 0], [0, 2853]]","[[190, 155], [166, 151]]"
disclosure_x_bias,192,init_knn1,LSC,log_loss,1.1191347930753615e-07,7.748784996724474,1.0,0.5151741293532338,5.182238908371039e-10,0.5322611034148965,0.0,0.033202332554105735,"[[3105, 0], [0, 2853]]","[[190, 155], [166, 151]]"
disclosure_x_bias,193,init_knn1,LSC,log_loss,1.118989097957157e-07,7.748996182071904,1.0,0.5151741293532338,5.182852856921693e-10,0.5323082517044071,0.0,0.033202332554105735,"[[3105, 0], [0, 2853]]","[[190, 155], [166, 151]]"
disclosure_x_bias,194,init_knn1,LSC,log_loss,1.1188357761422536e-07,7.748925462218997,1.0,0.5151741293532338,5.176007522227101e-10,0.5323268163682812,0.0,0.033202332554105735,"[[3105, 0], [0, 2853]]","[[190, 155], [166, 151]]"
disclosure_x_bias,195,init_knn1,LSC,log_loss,1.1186772163451251e-07,7.7490767866814085,1.0,0.5151741293532338,5.175960199583681e-10,0.5322789841522038,0.0,0.033202332554105735,"[[3105, 0], [0, 2853]]","[[190, 155], [166, 151]]"
disclosure_x_bias,196,init_knn1,LSC,log_loss,1.1185144304355975e-07,7.748948676194422,1.0,0.5151741293532338,5.171586951392492e-10,0.5322851725571124,0.0,0.033202332554105735,"[[3105, 0], [0, 2853]]","[[190, 155], [166, 151]]"
disclosure_x_bias,197,init_knn1,LSC,log_loss,1.1183264746062457e-07,7.748822942125737,1.0,0.5151741293532338,5.18089836194468e-10,0.5322423683538552,0.0,0.033202332554105735,"[[3105, 0], [0, 2853]]","[[190, 155], [166, 151]]"
disclosure_x_bias,198,init_knn1,LSC,log_loss,1.1181670854444779e-07,7.748681196540798,1.0,0.5151741293532338,5.187408933047137e-10,0.5323479374912478,0.0,0.033202332554105735,"[[3105, 0], [0, 2853]]","[[190, 155], [166, 151]]"
disclosure_x_bias,199,init_knn1,LSC,log_loss,1.1180176960335423e-07,7.748836205862571,1.0,0.5151741293532338,5.1915297028083e-10,0.5322402420589616,0.0,0.033202332554105735,"[[3105, 0], [0, 2853]]","[[190, 155], [166, 151]]"
disclosure_x_bias,200,init_knn1,LSC,log_loss,1.117830938871562e-07,7.748796872923522,1.0,0.5151741293532338,5.187314958062254e-10,0.5323287325455207,0.0,0.033202332554105735,"[[3105, 0], [0, 2853]]","[[190, 155], [166, 151]]"
disclosure_x_bias,201,init_knn1,LSC,log_loss,1.1176912566828326e-07,7.74886773949873,1.0,0.5151741293532338,5.186257917597662e-10,0.5323971092461555,0.0,0.033202332554105735,"[[3105, 0], [0, 2853]]","[[190, 155], [166, 151]]"
disclosure_x_bias,202,init_knn1,LSC,log_loss,1.1175375029079441e-07,7.748950402142478,1.0,0.5151741293532338,5.175201069265261e-10,0.5323880622104323,0.0,0.033202332554105735,"[[3105, 0], [0, 2853]]","[[190, 155], [166, 151]]"
disclosure_x_bias,203,init_knn1,LSC,log_loss,1.1173818249621009e-07,7.748790470573839,1.0,0.5151741293532338,5.169925228945732e-10,0.5323632952725091,0.0,0.033202332554105735,"[[3105, 0], [0, 2853]]","[[190, 155], [166, 151]]"
disclosure_x_bias,204,init_knn1,LSC,log_loss,1.1172425137932502e-07,7.748704133298038,1.0,0.5151741293532338,5.171176581695353e-10,0.5325393436391777,0.0,0.033202332554105735,"[[3105, 0], [0, 2853]]","[[190, 155], [166, 151]]"
disclosure_x_bias,205,init_knn1,LSC,log_loss,1.1170775434726391e-07,7.748832551154145,1.0,0.5151741293532338,5.190688504219404e-10,0.5324279351529386,0.0,0.033202332554105735,"[[3105, 0], [0, 2853]]","[[190, 155], [166, 151]]"
disclosure_x_bias,206,init_knn1,LSC,log_loss,1.1169284478921833e-07,7.748857790897643,1.0,0.5151741293532338,5.196626905668876e-10,0.5324994632422315,0.0,0.033202332554105735,"[[3105, 0], [0, 2853]]","[[190, 155], [166, 151]]"
disclosure_x_bias,207,init_knn1,LSC,log_loss,1.1167896834690869e-07,7.749062992980917,1.0,0.5151741293532338,5.198477293868603e-10,0.5325358095249042,0.0,0.033202332554105735,"[[3105, 0], [0, 2853]]","[[190, 155], [166, 151]]"
disclosure_x_bias,208,init_knn1,LSC,log_loss,1.1166539555032356e-07,7.748891355975308,1.0,0.5151741293532338,5.201030029958238e-10,0.5323793251162388,0.0,0.033202332554105735,"[[3105, 0], [0, 2853]]","[[190, 155], [166, 151]]"
disclosure_x_bias,209,init_knn1,LSC,log_loss,1.1164981742872919e-07,7.749086033245755,1.0,0.5151741293532338,5.21676752330901e-10,0.5322629586042488,0.0,0.033202332554105735,"[[3105, 0], [0, 2853]]","[[190, 155], [166, 151]]"
disclosure_x_bias,210,init_knn1,LSC,log_loss,1.1163387992669268e-07,7.749103769350197,1.0,0.5151741293532338,5.207715469876445e-10,0.532149510382623,0.0,0.033202332554105735,"[[3105, 0], [0, 2853]]","[[190, 155], [166, 151]]"
disclosure_x_bias,211,init_knn1,LSC,log_loss,1.1161612555278559e-07,7.749194267542353,1.0,0.5151741293532338,5.238240782780048e-10,0.5323486718821581,0.0,0.033202332554105735,"[[3105, 0], [0, 2853]]","[[190, 155], [166, 151]]"
disclosure_x_bias,212,init_knn1,LSC,log_loss,1.1159968310077839e-07,7.749190998910629,1.0,0.5151741293532338,5.237074334648834e-10,0.5324694283081848,0.0,0.033202332554105735,"[[3105, 0], [0, 2853]]","[[190, 155], [166, 151]]"
disclosure_x_bias,213,init_knn1,LSC,log_loss,1.1158557218586578e-07,7.7492465574251,1.0,0.5151741293532338,5.240044445996838e-10,0.5324553480815665,0.0,0.033202332554105735,"[[3105, 0], [0, 2853]]","[[190, 155], [166, 151]]"
disclosure_x_bias,214,init_knn1,LSC,log_loss,1.1157155378852435e-07,7.749283097072949,1.0,0.5151741293532338,5.231586489327142e-10,0.5326203934038296,0.0,0.033202332554105735,"[[3105, 0], [0, 2853]]","[[190, 155], [166, 151]]"
disclosure_x_bias,215,init_knn1,LSC,log_loss,1.1155762148500534e-07,7.749359037026418,1.0,0.5151741293532338,5.228344332383586e-10,0.5324977184054528,0.0,0.033202332554105735,"[[3105, 0], [0, 2853]]","[[190, 155], [166, 151]]"
disclosure_x_bias,216,init_knn1,LSC,log_loss,1.1154137218435714e-07,7.749378923703429,1.0,0.5151741293532338,5.219045350029431e-10,0.5326185144601067,0.0,0.033202332554105735,"[[3105, 0], [0, 2853]]","[[190, 155], [166, 151]]"
disclosure_x_bias,217,init_knn1,LSC,log_loss,1.1152641334225051e-07,7.7493973187527985,1.0,0.5151741293532338,5.219087088820674e-10,0.5327339656648311,0.0,0.033202332554105735,"[[3105, 0], [0, 2853]]","[[190, 155], [166, 151]]"
disclosure_x_bias,218,init_knn1,LSC,log_loss,1.1151209047072116e-07,7.749444397365712,1.0,0.5151741293532338,5.228442657088906e-10,0.5326305183290188,0.0,0.033202332554105735,"[[3105, 0], [0, 2853]]","[[190, 155], [166, 151]]"
disclosure_x_bias,219,init_knn1,LSC,log_loss,1.1149790612816224e-07,7.749365329292021,1.0,0.5151741293532338,5.235319573995492e-10,0.5325882870459869,0.0,0.033202332554105735,"[[3105, 0], [0, 2853]]","[[190, 155], [166, 151]]"
disclosure_x_bias,220,init_knn1,LSC,log_loss,1.1148453407739004e-07,7.749521527057077,1.0,0.5151741293532338,5.235841966337556e-10,0.5327390360899996,0.0,0.033202332554105735,"[[3105, 0], [0, 2853]]","[[190, 155], [166, 151]]"
disclosure_x_bias,221,init_knn1,LSC,log_loss,1.1147071746961415e-07,7.749531598120329,1.0,0.5151741293532338,5.239890757387421e-10,0.5326996596886027,0.0,0.033202332554105735,"[[3105, 0], [0, 2853]]","[[190, 155], [166, 151]]"
disclosure_x_bias,222,init_knn1,LSC,log_loss,1.1145689062169994e-07,7.749440863159864,1.0,0.5151741293532338,5.24375817754254e-10,0.5328775906983718,0.0,0.033202332554105735,"[[3105, 0], [0, 2853]]","[[190, 155], [166, 151]]"
disclosure_x_bias,223,init_knn1,LSC,log_loss,1.1144217274702566e-07,7.7493391828808225,1.0,0.5151741293532338,5.239890238805555e-10,0.5327707303264982,0.0,0.033202332554105735,"[[3105, 0], [0, 2853]]","[[190, 155], [166, 151]]"
disclosure_x_bias,224,init_knn1,LSC,log_loss,1.1142652429383065e-07,7.749317227436602,1.0,0.5151741293532338,5.230519343004435e-10,0.5330002961678727,0.0,0.033202332554105735,"[[3105, 0], [0, 2853]]","[[190, 155], [166, 151]]"
disclosure_x_bias,225,init_knn1,LSC,log_loss,1.1141111344381609e-07,7.749251723006789,1.0,0.5151741293532338,5.264349088892552e-10,0.5331025296365239,0.0,0.033202332554105735,"[[3105, 0], [0, 2853]]","[[190, 155], [166, 151]]"
disclosure_x_bias,226,init_knn1,LSC,log_loss,1.1139760758930973e-07,7.749281239959392,1.0,0.5151741293532338,5.268345930025287e-10,0.53312620695179,0.0,0.033202332554105735,"[[3105, 0], [0, 2853]]","[[190, 155], [166, 151]]"
disclosure_x_bias,227,init_knn1,LSC,log_loss,1.1138444664612963e-07,7.749276638762962,1.0,0.5151741293532338,5.270696094482269e-10,0.5331741667206849,0.0,0.033202332554105735,"[[3105, 0], [0, 2853]]","[[190, 155], [166, 151]]"
disclosure_x_bias,228,init_knn1,LSC,log_loss,1.1137135984015897e-07,7.749511188159181,1.0,0.5151741293532338,5.275814986385582e-10,0.5333184200895067,0.0,0.033202332554105735,"[[3105, 0], [0, 2853]]","[[190, 155], [166, 151]]"
disclosure_x_bias,229,init_knn1,LSC,log_loss,1.1135248208623622e-07,7.749460180546558,1.0,0.5151741293532338,5.282065620674569e-10,0.5332402887533407,0.0,0.033202332554105735,"[[3105, 0], [0, 2853]]","[[190, 155], [166, 151]]"
disclosure_x_bias,230,init_knn1,LSC,log_loss,1.1133918332942185e-07,7.749566607473224,1.0,0.5151741293532338,5.284552839237339e-10,0.533345099071586,0.0,0.033202332554105735,"[[3105, 0], [0, 2853]]","[[190, 155], [166, 151]]"
disclosure_x_bias,231,init_knn1,LSC,log_loss,1.113261279006037e-07,7.749447400779007,1.0,0.5151741293532338,5.290732802571996e-10,0.5333426016818095,0.0,0.033202332554105735,"[[3105, 0], [0, 2853]]","[[190, 155], [166, 151]]"
disclosure_x_bias,232,init_knn1,LSC,log_loss,1.1131291863911822e-07,7.749487037771044,1.0,0.5151741293532338,5.291183354183506e-10,0.5333677069389582,0.0,0.033202332554105735,"[[3105, 0], [0, 2853]]","[[190, 155], [166, 151]]"
disclosure_x_bias,233,init_knn1,LSC,log_loss,1.1129861533566166e-07,7.749528746150718,1.0,0.5151741293532338,5.293208907408331e-10,0.5333471216442536,0.0,0.033202332554105735,"[[3105, 0], [0, 2853]]","[[190, 155], [166, 151]]"
disclosure_x_bias,234,init_knn1,LSC,log_loss,1.1128262566084145e-07,7.749418562821409,1.0,0.5151741293532338,5.288619617709775e-10,0.5333570536691167,0.0,0.033202332554105735,"[[3105, 0], [0, 2853]]","[[190, 155], [166, 151]]"
disclosure_x_bias,235,init_knn1,LSC,log_loss,1.1126904835033873e-07,7.749510673616157,1.0,0.5151741293532338,5.286225788707017e-10,0.5334008507126506,0.0,0.033202332554105735,"[[3105, 0], [0, 2853]]","[[190, 155], [166, 151]]"
disclosure_x_bias,236,init_knn1,LSC,log_loss,1.1125562616133578e-07,7.749403499131352,1.0,0.5151741293532338,5.290844384407059e-10,0.5333459937713468,0.0,0.033202332554105735,"[[3105, 0], [0, 2853]]","[[190, 155], [166, 151]]"
disclosure_x_bias,237,init_knn1,LSC,log_loss,1.1124280699242228e-07,7.749416389510467,1.0,0.5151741293532338,5.290780943658492e-10,0.5333833759922109,0.0,0.033202332554105735,"[[3105, 0], [0, 2853]]","[[190, 155], [166, 151]]"
disclosure_x_bias,238,init_knn1,LSC,log_loss,1.1122958169121454e-07,7.749483584481003,1.0,0.5151741293532338,5.291842839489862e-10,0.5333529975531576,0.0,0.033202332554105735,"[[3105, 0], [0, 2853]]","[[190, 155], [166, 151]]"
disclosure_x_bias,239,init_knn1,LSC,log_loss,1.112162493142219e-07,7.749455962668328,1.0,0.5151741293532338,5.293005874313393e-10,0.5332046198747037,0.0,0.033202332554105735,"[[3105, 0], [0, 2853]]","[[190, 155], [166, 151]]"
disclosure_x_bias,240,init_knn1,LSC,log_loss,1.1120092733481818e-07,7.749411300466106,1.0,0.5151741293532338,5.257266661580039e-10,0.5332045939768636,0.0,0.033202332554105735,"[[3105, 0], [0, 2853]]","[[190, 155], [166, 151]]"
disclosure_x_bias,241,init_knn1,LSC,log_loss,1.1118725257812052e-07,7.749358989977996,1.0,0.5151741293532338,5.250485065992449e-10,0.5332931078124912,0.0,0.033202332554105735,"[[3105, 0], [0, 2853]]","[[190, 155], [166, 151]]"
disclosure_x_bias,242,init_knn1,LSC,log_loss,1.1116583663871163e-07,7.749664889706239,1.0,0.5151741293532338,5.310917901711956e-10,0.5330100755595197,0.0,0.033202332554105735,"[[3105, 0], [0, 2853]]","[[190, 155], [166, 151]]"
disclosure_x_bias,243,init_knn1,LSC,log_loss,1.1115114797021972e-07,7.749599073487026,1.0,0.5151741293532338,5.344452031662933e-10,0.5330300848835052,0.0,0.033202332554105735,"[[3105, 0], [0, 2853]]","[[190, 155], [166, 151]]"
disclosure_x_bias,244,init_knn1,LSC,log_loss,1.1113652803295233e-07,7.749719822820604,1.0,0.5151741293532338,5.335195785120165e-10,0.532951148103901,0.0,0.033202332554105735,"[[3105, 0], [0, 2853]]","[[190, 155], [166, 151]]"
disclosure_x_bias,245,init_knn1,LSC,log_loss,1.1112368577628466e-07,7.749651810344744,1.0,0.5151741293532338,5.339630267619184e-10,0.5329997563307773,0.0,0.033202332554105735,"[[3105, 0], [0, 2853]]","[[190, 155], [166, 151]]"
disclosure_x_bias,246,init_knn1,LSC,log_loss,1.1111030172123413e-07,7.749870958715723,1.0,0.5151741293532338,5.337968347057245e-10,0.5330839335419404,0.0,0.033202332554105735,"[[3105, 0], [0, 2853]]","[[190, 155], [166, 151]]"
disclosure_x_bias,247,init_knn1,LSC,log_loss,1.1109647758561742e-07,7.749817729864823,1.0,0.5151741293532338,5.346202500960597e-10,0.5330775171547073,0.0,0.033202332554105735,"[[3105, 0], [0, 2853]]","[[190, 155], [166, 151]]"
disclosure_x_bias,248,init_knn1,LSC,log_loss,1.1108345211867346e-07,7.750054347564114,1.0,0.5151741293532338,5.345705702819864e-10,0.5331913541963961,0.0,0.033202332554105735,"[[3105, 0], [0, 2853]]","[[190, 155], [166, 151]]"
disclosure_x_bias,249,init_knn1,LSC,log_loss,1.1106897850219345e-07,7.749815010895463,1.0,0.5151741293532338,5.338116230181983e-10,0.533355884788435,0.0,0.033202332554105735,"[[3105, 0], [0, 2853]]","[[190, 155], [166, 151]]"
disclosure_x_bias,250,init_knn1,LSC,log_loss,1.1105672384916264e-07,7.749960713670592,1.0,0.5151741293532338,5.337622909273208e-10,0.5332676922401007,0.0,0.033202332554105735,"[[3105, 0], [0, 2853]]","[[190, 155], [166, 151]]"
disclosure_x_bias,251,init_knn1,LSC,log_loss,1.1104412760433861e-07,7.749879887856747,1.0,0.5151741293532338,5.335416763191805e-10,0.5334443991031671,0.0,0.033202332554105735,"[[3105, 0], [0, 2853]]","[[190, 155], [166, 151]]"
disclosure_x_bias,252,init_knn1,LSC,log_loss,1.110315152222936e-07,7.749968015924354,1.0,0.5151741293532338,5.328743580353601e-10,0.5334150167310897,0.0,0.033202332554105735,"[[3105, 0], [0, 2853]]","[[190, 155], [166, 151]]"
disclosure_x_bias,253,init_knn1,LSC,log_loss,1.1101752634792763e-07,7.750089071235737,1.0,0.5151741293532338,5.322775828067883e-10,0.5333446318057108,0.0,0.033202332554105735,"[[3105, 0], [0, 2853]]","[[190, 155], [166, 151]]"
disclosure_x_bias,254,init_knn1,LSC,log_loss,1.1100485323067537e-07,7.750219162700816,1.0,0.5151741293532338,5.317483361562287e-10,0.5332160060092741,0.0,0.033202332554105735,"[[3105, 0], [0, 2853]]","[[190, 155], [166, 151]]"
disclosure_x_bias,255,init_knn1,LSC,log_loss,1.1099225623702047e-07,7.75022393404538,1.0,0.5151741293532338,5.31743588408761e-10,0.5333201904068121,0.0,0.033202332554105735,"[[3105, 0], [0, 2853]]","[[190, 155], [166, 151]]"
disclosure_x_bias,256,init_knn1,LSC,log_loss,1.1097724962731973e-07,7.750286763749571,1.0,0.5151741293532338,5.310899492005655e-10,0.5332742757892406,0.0,0.033202332554105735,"[[3105, 0], [0, 2853]]","[[190, 155], [166, 151]]"
disclosure_x_bias,257,init_knn1,LSC,log_loss,1.1096501589390766e-07,7.750285367058669,1.0,0.5151741293532338,5.311659522011548e-10,0.5333274935793173,0.0,0.033202332554105735,"[[3105, 0], [0, 2853]]","[[190, 155], [166, 151]]"
disclosure_x_bias,258,init_knn1,LSC,log_loss,1.1094919294636542e-07,7.750336462473659,1.0,0.5151741293532338,5.300447963239154e-10,0.5332610107067411,0.0,0.033202332554105735,"[[3105, 0], [0, 2853]]","[[190, 155], [166, 151]]"
disclosure_x_bias,259,init_knn1,LSC,log_loss,1.1093589624965468e-07,7.7505020086536405,1.0,0.5151741293532338,5.311976138326862e-10,0.533390921694431,0.0,0.033202332554105735,"[[3105, 0], [0, 2853]]","[[190, 155], [166, 151]]"
disclosure_x_bias,260,init_knn1,LSC,log_loss,1.1092244241924798e-07,7.750549718066606,1.0,0.5151741293532338,5.32200672586333e-10,0.5333871613991436,0.0,0.033202332554105735,"[[3105, 0], [0, 2853]]","[[190, 155], [166, 151]]"
disclosure_x_bias,261,init_knn1,LSC,log_loss,1.1090741970421034e-07,7.750497031204394,1.0,0.5151741293532338,5.325085319078605e-10,0.533323130670969,0.0,0.033202332554105735,"[[3105, 0], [0, 2853]]","[[190, 155], [166, 151]]"
disclosure_x_bias,262,init_knn1,LSC,log_loss,1.1089491473614283e-07,7.75066686474653,1.0,0.5151741293532338,5.320561261553244e-10,0.533387288831575,0.0,0.033202332554105735,"[[3105, 0], [0, 2853]]","[[190, 155], [166, 151]]"
disclosure_x_bias,263,init_knn1,LSC,log_loss,1.1088235244483278e-07,7.750630227536368,1.0,0.5151741293532338,5.32267104800875e-10,0.5333580033477154,0.0,0.033202332554105735,"[[3105, 0], [0, 2853]]","[[190, 155], [166, 151]]"
disclosure_x_bias,264,init_knn1,LSC,log_loss,1.1086884246449047e-07,7.7509337551207595,1.0,0.5151741293532338,5.322933679648546e-10,0.5331935889706071,0.0,0.033202332554105735,"[[3105, 0], [0, 2853]]","[[190, 155], [166, 151]]"
disclosure_x_bias,265,init_knn1,LSC,log_loss,1.1085209647946538e-07,7.750898413004371,1.0,0.5151741293532338,5.267571937708318e-10,0.5332686556967815,0.0,0.033202332554105735,"[[3105, 0], [0, 2853]]","[[190, 155], [166, 151]]"
disclosure_x_bias,266,init_knn1,LSC,log_loss,1.1083943403512089e-07,7.750804811501126,1.0,0.5151741293532338,5.267409611769061e-10,0.5333187303569606,0.0,0.033202332554105735,"[[3105, 0], [0, 2853]]","[[190, 155], [166, 151]]"
disclosure_x_bias,267,init_knn1,LSC,log_loss,1.1082656397313467e-07,7.750809993863754,1.0,0.5151741293532338,5.272292323287683e-10,0.5332406271284768,0.0,0.033202332554105735,"[[3105, 0], [0, 2853]]","[[190, 155], [166, 151]]"
disclosure_x_bias,268,init_knn1,LSC,log_loss,1.108145437128081e-07,7.750886033813563,1.0,0.5151741293532338,5.272488247063215e-10,0.5333837877683428,0.0,0.033202332554105735,"[[3105, 0], [0, 2853]]","[[190, 155], [166, 151]]"
disclosure_x_bias,269,init_knn1,LSC,log_loss,1.1080200181477545e-07,7.750895173277054,1.0,0.5151741293532338,5.278791589100274e-10,0.5335322600928337,0.0,0.033202332554105735,"[[3105, 0], [0, 2853]]","[[190, 155], [166, 151]]"
disclosure_x_bias,270,init_knn1,LSC,log_loss,1.1078879090656909e-07,7.750891940376016,1.0,0.5151741293532338,5.272891251430121e-10,0.533479736250927,0.0,0.033202332554105735,"[[3105, 0], [0, 2853]]","[[190, 155], [166, 151]]"
disclosure_x_bias,271,init_knn1,LSC,log_loss,1.1077692030785655e-07,7.750890318891197,1.0,0.5151741293532338,5.273273358162223e-10,0.5335529412799818,0.0,0.033202332554105735,"[[3105, 0], [0, 2853]]","[[190, 155], [166, 151]]"
disclosure_x_bias,272,init_knn1,LSC,log_loss,1.1076507993371176e-07,7.750948115756424,1.0,0.5151741293532338,5.276154186434339e-10,0.5334836852706715,0.0,0.033202332554105735,"[[3105, 0], [0, 2853]]","[[190, 155], [166, 151]]"
disclosure_x_bias,273,init_knn1,LSC,log_loss,1.1075321593056311e-07,7.751073190390722,1.0,0.5151741293532338,5.282369330228917e-10,0.5335730224036899,0.0,0.033202332554105735,"[[3105, 0], [0, 2853]]","[[190, 155], [166, 151]]"
disclosure_x_bias,274,init_knn1,LSC,log_loss,1.1074120257869843e-07,7.751003111283571,1.0,0.5151741293532338,5.283338804125212e-10,0.5335977230951224,0.0,0.033202332554105735,"[[3105, 0], [0, 2853]]","[[190, 155], [166, 151]]"
disclosure_x_bias,275,init_knn1,LSC,log_loss,1.1072523288302939e-07,7.7510592085535235,1.0,0.5151741293532338,5.279820689818216e-10,0.5336129037922196,0.0,0.033202332554105735,"[[3105, 0], [0, 2853]]","[[190, 155], [166, 151]]"
disclosure_x_bias,276,init_knn1,LSC,log_loss,1.1071352956898952e-07,7.751115763009937,1.0,0.5151741293532338,5.281601743510435e-10,0.5336372935477803,0.0,0.033202332554105735,"[[3105, 0], [0, 2853]]","[[190, 155], [166, 151]]"
disclosure_x_bias,277,init_knn1,LSC,log_loss,1.1069905789670396e-07,7.7511610460995115,1.0,0.5151741293532338,5.28787704443954e-10,0.533719606375806,0.0,0.033202332554105735,"[[3105, 0], [0, 2853]]","[[190, 155], [166, 151]]"
disclosure_x_bias,278,init_knn1,LSC,log_loss,1.106856689531844e-07,7.7510638013918465,1.0,0.5151741293532338,5.264188764461319e-10,0.5336850728654523,0.0,0.033202332554105735,"[[3105, 0], [0, 2853]]","[[190, 155], [166, 151]]"
disclosure_x_bias,279,init_knn1,LSC,log_loss,1.106739167202225e-07,7.7512264624477165,1.0,0.5151741293532338,5.266633532843336e-10,0.5338384007978606,0.0,0.033202332554105735,"[[3105, 0], [0, 2853]]","[[190, 155], [166, 151]]"
disclosure_x_bias,280,init_knn1,LSC,log_loss,1.1066156281850191e-07,7.751160165221551,1.0,0.5151741293532338,5.269487551871497e-10,0.5337790968958644,0.0,0.033202332554105735,"[[3105, 0], [0, 2853]]","[[190, 155], [166, 151]]"
disclosure_x_bias,281,init_knn1,LSC,log_loss,1.1064878728660118e-07,7.751143516340674,1.0,0.5151741293532338,5.261388956377271e-10,0.5338962736419739,0.0,0.033202332554105735,"[[3105, 0], [0, 2853]]","[[190, 155], [166, 151]]"
disclosure_x_bias,282,init_knn1,LSC,log_loss,1.1063674880405346e-07,7.751178640778616,1.0,0.5151741293532338,5.25871984362274e-10,0.5338755098781703,0.0,0.033202332554105735,"[[3105, 0], [0, 2853]]","[[190, 155], [166, 151]]"
disclosure_x_bias,283,init_knn1,LSC,log_loss,1.1062524181311496e-07,7.751033079460418,1.0,0.5151741293532338,5.257393393235608e-10,0.5339259756907561,0.0,0.033202332554105735,"[[3105, 0], [0, 2853]]","[[190, 155], [166, 151]]"
disclosure_x_bias,284,init_knn1,LSC,log_loss,1.1061153262068755e-07,7.7510830355651565,1.0,0.5151741293532338,5.244356089349153e-10,0.5338431868088488,0.0,0.033202332554105735,"[[3105, 0], [0, 2853]]","[[190, 155], [166, 151]]"
disclosure_x_bias,285,init_knn1,LSC,log_loss,1.1059897370092149e-07,7.751030441555845,1.0,0.5151741293532338,5.244035172328402e-10,0.534002078396856,0.0,0.033202332554105735,"[[3105, 0], [0, 2853]]","[[190, 155], [166, 151]]"
disclosure_x_bias,286,init_knn1,LSC,log_loss,1.1058716849359376e-07,7.751072778804708,1.0,0.5151741293532338,5.240517444944408e-10,0.5339536158911512,0.0,0.033202332554105735,"[[3105, 0], [0, 2853]]","[[190, 155], [166, 151]]"
disclosure_x_bias,287,init_knn1,LSC,log_loss,1.105758172683744e-07,7.751100241167611,1.0,0.5151741293532338,5.240915592860921e-10,0.5340456364060759,0.0,0.033202332554105735,"[[3105, 0], [0, 2853]]","[[190, 155], [166, 151]]"
disclosure_x_bias,288,init_knn1,LSC,log_loss,1.1056378664097013e-07,7.751146253042977,1.0,0.5151741293532338,5.244726265818737e-10,0.5339858211619462,0.0,0.033202332554105735,"[[3105, 0], [0, 2853]]","[[190, 155], [166, 151]]"
disclosure_x_bias,289,init_knn1,LSC,log_loss,1.1055079948532307e-07,7.751185563758307,1.0,0.5151741293532338,5.286231904545703e-10,0.5340500898415961,0.0,0.033202332554105735,"[[3105, 0], [0, 2853]]","[[190, 155], [166, 151]]"
disclosure_x_bias,290,init_knn1,LSC,log_loss,1.1053892939609157e-07,7.751090462754592,1.0,0.5151741293532338,5.290536631706687e-10,0.5340786579895727,0.0,0.033202332554105735,"[[3105, 0], [0, 2853]]","[[190, 155], [166, 151]]"
disclosure_x_bias,291,init_knn1,LSC,log_loss,1.105264500041184e-07,7.751160555275564,1.0,0.5151741293532338,5.292077588876959e-10,0.5342119808560218,0.0,0.033202332554105735,"[[3105, 0], [0, 2853]]","[[190, 155], [166, 151]]"
disclosure_x_bias,292,init_knn1,LSC,log_loss,1.1051446218539684e-07,7.751221446294137,1.0,0.5151741293532338,5.297643819442756e-10,0.5341787010261512,0.0,0.033202332554105735,"[[3105, 0], [0, 2853]]","[[190, 155], [166, 151]]"
disclosure_x_bias,293,init_knn1,LSC,log_loss,1.1049819032470491e-07,7.751231627937597,1.0,0.5151741293532338,5.310716462011124e-10,0.5341290403030087,0.0,0.033202332554105735,"[[3105, 0], [0, 2853]]","[[190, 155], [166, 151]]"
disclosure_x_bias,294,init_knn1,LSC,log_loss,1.1048634096118311e-07,7.751142610788916,1.0,0.5151741293532338,5.317525167428649e-10,0.5341281246203511,0.0,0.033202332554105735,"[[3105, 0], [0, 2853]]","[[190, 155], [166, 151]]"
disclosure_x_bias,295,init_knn1,LSC,log_loss,1.1047397786259487e-07,7.751219261412674,1.0,0.5151741293532338,5.317409566186158e-10,0.5342052170263868,0.0,0.033202332554105735,"[[3105, 0], [0, 2853]]","[[190, 155], [166, 151]]"
disclosure_x_bias,296,init_knn1,LSC,log_loss,1.1046081243385851e-07,7.751208537592373,1.0,0.5151741293532338,5.325064158947488e-10,0.5342174869779079,0.0,0.033202332554105735,"[[3105, 0], [0, 2853]]","[[190, 155], [166, 151]]"
disclosure_x_bias,297,init_knn1,LSC,log_loss,1.1044928543068191e-07,7.751188333997445,1.0,0.5151741293532338,5.323233123800073e-10,0.5341029844420043,0.0,0.033202332554105735,"[[3105, 0], [0, 2853]]","[[190, 155], [166, 151]]"
disclosure_x_bias,298,init_knn1,LSC,log_loss,1.1043797588401483e-07,7.7512079480819605,1.0,0.5151741293532338,5.328074350374568e-10,0.534062684675693,0.0,0.033202332554105735,"[[3105, 0], [0, 2853]]","[[190, 155], [166, 151]]"
disclosure_x_bias,299,init_knn1,LSC,log_loss,1.1042586438706528e-07,7.751221514197331,1.0,0.5151741293532338,5.328792611934354e-10,0.5342443662300417,0.0,0.033202332554105735,"[[3105, 0], [0, 2853]]","[[190, 155], [166, 151]]"
disclosure_x_bias,300,init_knn1,LSC,log_loss,1.104102753233608e-07,7.751372276817155,1.0,0.5151741293532338,5.326992691776117e-10,0.5341669932334894,0.0,0.033202332554105735,"[[3105, 0], [0, 2853]]","[[190, 155], [166, 151]]"
disclosure_x_bias,1,init_knn1,LSC,exponential,727.5255609880654,750.0759503063601,1.0,0.5151741293532338,0.25294781071330313,105.13494751349423,0.0,0.033202332554105735,"[[3105, 0], [0, 2853]]","[[190, 155], [166, 151]]"
disclosure_x_bias,2,init_knn1,LSC,exponential,731.4465830213627,753.2056077050959,1.0,0.5151741293532338,0.4949917961360722,104.92773649467667,0.0,0.033202332554105735,"[[3105, 0], [0, 2853]]","[[190, 155], [166, 151]]"
disclosure_x_bias,3,init_knn1,LSC,exponential,735.0311545064471,756.4694181803918,1.0,0.5151741293532338,0.7488291374412673,105.83129778029536,0.0,0.033202332554105735,"[[3105, 0], [0, 2853]]","[[190, 155], [166, 151]]"
disclosure_x_bias,4,init_knn1,LSC,exponential,738.366267512428,760.5088197342645,1.0,0.5151741293532338,1.024002460988598,106.65611443669685,0.0,0.033202332554105735,"[[3105, 0], [0, 2853]]","[[190, 155], [166, 151]]"
disclosure_x_bias,5,init_knn1,LSC,exponential,741.4229112679684,763.2986986920039,1.0,0.5151741293532338,1.2223148696193786,107.34888205624159,0.0,0.033202332554105735,"[[3105, 0], [0, 2853]]","[[190, 155], [166, 151]]"
disclosure_x_bias,6,init_knn1,LSC,exponential,744.190181303933,765.78054567436,1.0,0.5151741293532338,1.2243465515051404,107.12124376501372,0.0,0.033202332554105735,"[[3105, 0], [0, 2853]]","[[190, 155], [166, 151]]"
disclosure_x_bias,7,init_knn1,LSC,exponential,746.7642518201085,768.8819831143671,1.0,0.5151741293532338,1.4024441813396542,108.1023192774501,0.0,0.033202332554105735,"[[3105, 0], [0, 2853]]","[[190, 155], [166, 151]]"
disclosure_x_bias,8,init_knn1,LSC,exponential,749.2796040516876,770.7787535771538,1.0,0.5151741293532338,1.625812864494868,109.48146014943295,0.0,0.033202332554105735,"[[3105, 0], [0, 2853]]","[[190, 155], [166, 151]]"
disclosure_x_bias,9,init_knn1,LSC,exponential,751.5545076157715,773.0245395437418,1.0,0.5151741293532338,1.776497249305289,109.94509078788485,0.0,0.033202332554105735,"[[3105, 0], [0, 2853]]","[[190, 155], [166, 151]]"
disclosure_x_bias,10,init_knn1,LSC,exponential,753.7326442913201,775.2605736555471,1.0,0.5151741293532338,1.867204830497884,110.01137329442948,0.0,0.033202332554105735,"[[3105, 0], [0, 2853]]","[[190, 155], [166, 151]]"
disclosure_x_bias,11,init_knn1,LSC,exponential,755.6599623588456,776.5690567873323,1.0,0.5151741293532338,1.9793399090226211,111.24582093128994,0.0,0.033202332554105735,"[[3105, 0], [0, 2853]]","[[190, 155], [166, 151]]"
disclosure_x_bias,12,init_knn1,LSC,exponential,757.6565519264177,780.1110632387606,1.0,0.5151741293532338,2.373089563223975,112.83964707323084,0.0,0.033202332554105735,"[[3105, 0], [0, 2853]]","[[190, 155], [166, 151]]"
disclosure_x_bias,13,init_knn1,LSC,exponential,759.4964124517354,782.0281349756481,1.0,0.5151741293532338,2.6215432746279115,112.56445826022987,0.0,0.033202332554105735,"[[3105, 0], [0, 2853]]","[[190, 155], [166, 151]]"
disclosure_x_bias,14,init_knn1,LSC,exponential,761.1185798981298,783.4040286765253,1.0,0.5151741293532338,2.656353404201433,113.2179938004398,0.0,0.033202332554105735,"[[3105, 0], [0, 2853]]","[[190, 155], [166, 151]]"
disclosure_x_bias,15,init_knn1,LSC,exponential,762.6513807723888,785.0161706845112,1.0,0.5151741293532338,2.7430312524297196,113.03036948082917,0.0,0.033202332554105735,"[[3105, 0], [0, 2853]]","[[190, 155], [166, 151]]"
disclosure_x_bias,16,init_knn1,LSC,exponential,764.200305967685,786.3621334481661,1.0,0.5151741293532338,2.8277343848949,112.47648851354674,0.0,0.033202332554105735,"[[3105, 0], [0, 2853]]","[[190, 155], [166, 151]]"
disclosure_x_bias,17,init_knn1,LSC,exponential,765.7104064107018,787.6476503339743,1.0,0.5151741293532338,2.8147720250539017,112.82785923891713,0.0,0.033202332554105735,"[[3105, 0], [0, 2853]]","[[190, 155], [166, 151]]"
disclosure_x_bias,18,init_knn1,LSC,exponential,766.9259707856211,787.6025398467743,1.0,0.5151741293532338,2.79639411508021,112.92996560481866,0.0,0.033202332554105735,"[[3105, 0], [0, 2853]]","[[190, 155], [166, 151]]"
disclosure_x_bias,19,init_knn1,LSC,exponential,768.4283332928762,789.3656718185326,1.0,0.5151741293532338,3.4808252077833437,115.26610500899216,0.0,0.033202332554105735,"[[3105, 0], [0, 2853]]","[[190, 155], [166, 151]]"
disclosure_x_bias,20,init_knn1,LSC,exponential,769.673667572966,790.5952671575317,1.0,0.5151741293532338,3.589843360964988,116.09273739921863,0.0,0.033202332554105735,"[[3105, 0], [0, 2853]]","[[190, 155], [166, 151]]"
disclosure_x_bias,21,init_knn1,LSC,exponential,770.9697462298192,791.7041268777799,1.0,0.5151741293532338,3.716711515258135,116.50765542452181,0.0,0.033202332554105735,"[[3105, 0], [0, 2853]]","[[190, 155], [166, 151]]"
disclosure_x_bias,22,init_knn1,LSC,exponential,772.0902461888028,792.9748111952856,1.0,0.5151741293532338,3.81505303407519,116.37522745973244,0.0,0.033202332554105735,"[[3105, 0], [0, 2853]]","[[190, 155], [166, 151]]"
disclosure_x_bias,23,init_knn1,LSC,exponential,773.026785289029,793.9012180115208,1.0,0.5151741293532338,3.765228191289702,115.90988737468389,0.0,0.033202332554105735,"[[3105, 0], [0, 2853]]","[[190, 155], [166, 151]]"
disclosure_x_bias,24,init_knn1,LSC,exponential,774.1964611150163,795.2334127840237,1.0,0.5151741293532338,3.859791179188146,116.25693796846575,0.0,0.033202332554105735,"[[3105, 0], [0, 2853]]","[[190, 155], [166, 151]]"
disclosure_x_bias,25,init_knn1,LSC,exponential,775.279275349311,796.5325230340047,1.0,0.5151741293532338,3.8651708551095045,115.60302819768924,0.0,0.033202332554105735,"[[3105, 0], [0, 2853]]","[[190, 155], [166, 151]]"
disclosure_x_bias,26,init_knn1,LSC,exponential,776.5891357173126,797.9048407414014,1.0,0.5151741293532338,4.69353198784153,117.90974963796667,0.0,0.033202332554105735,"[[3105, 0], [0, 2853]]","[[190, 155], [166, 151]]"
disclosure_x_bias,27,init_knn1,LSC,exponential,777.7183140453343,798.808728165886,1.0,0.5151741293532338,4.658915939089153,117.42263899587708,0.0,0.033202332554105735,"[[3105, 0], [0, 2853]]","[[190, 155], [166, 151]]"
disclosure_x_bias,28,init_knn1,LSC,exponential,778.6498783861728,799.3401333565084,1.0,0.5151741293532338,4.774943733729885,117.96395320812832,0.0,0.033202332554105735,"[[3105, 0], [0, 2853]]","[[190, 155], [166, 151]]"
disclosure_x_bias,29,init_knn1,LSC,exponential,779.5439797653754,800.0528831442147,1.0,0.5151741293532338,4.802607546832524,117.85640029483447,0.0,0.033202332554105735,"[[3105, 0], [0, 2853]]","[[190, 155], [166, 151]]"
disclosure_x_bias,30,init_knn1,LSC,exponential,780.4488405446295,800.1581171592912,1.0,0.5151741293532338,4.998839787765305,117.98129977850061,0.0,0.033202332554105735,"[[3105, 0], [0, 2853]]","[[190, 155], [166, 151]]"
disclosure_x_bias,31,init_knn1,LSC,exponential,781.2843257683016,801.178994119213,1.0,0.5151741293532338,4.985949339430141,118.61622733547551,0.0,0.033202332554105735,"[[3105, 0], [0, 2853]]","[[190, 155], [166, 151]]"
disclosure_x_bias,32,init_knn1,LSC,exponential,782.197387910526,801.5610606819008,1.0,0.5151741293532338,5.286611834956578,119.01744221483214,0.0,0.033202332554105735,"[[3105, 0], [0, 2853]]","[[190, 155], [166, 151]]"
disclosure_x_bias,33,init_knn1,LSC,exponential,783.189447112504,802.1623951768295,1.0,0.5151741293532338,5.174868897611257,119.09361015487487,0.0,0.033202332554105735,"[[3105, 0], [0, 2853]]","[[190, 155], [166, 151]]"
disclosure_x_bias,34,init_knn1,LSC,exponential,784.0915734176406,803.3403763396374,1.0,0.5151741293532338,5.254067102055511,119.41279474796762,0.0,0.033202332554105735,"[[3105, 0], [0, 2853]]","[[190, 155], [166, 151]]"
disclosure_x_bias,35,init_knn1,LSC,exponential,784.9146699080097,803.8890390127955,1.0,0.5151741293532338,5.213276756246395,119.10205457931758,0.0,0.033202332554105735,"[[3105, 0], [0, 2853]]","[[190, 155], [166, 151]]"
disclosure_x_bias,36,init_knn1,LSC,exponential,785.6455161762951,804.5008836488499,1.0,0.5151741293532338,5.377801812137998,118.92829993596496,0.0,0.033202332554105735,"[[3105, 0], [0, 2853]]","[[190, 155], [166, 151]]"
disclosure_x_bias,37,init_knn1,LSC,exponential,786.4767783493778,804.8564159301837,1.0,0.5151741293532338,5.497140544431763,119.05548054469287,0.0,0.033202332554105735,"[[3105, 0], [0, 2853]]","[[190, 155], [166, 151]]"
disclosure_x_bias,38,init_knn1,LSC,exponential,787.5394443473538,805.9458584569045,1.0,0.5151741293532338,5.26290665027339,118.5712509936908,0.0,0.033202332554105735,"[[3105, 0], [0, 2853]]","[[190, 155], [166, 151]]"
disclosure_x_bias,39,init_knn1,LSC,exponential,788.5962630754046,807.4584809655126,1.0,0.5151741293532338,6.359866506281704,121.46446953775941,0.0,0.033202332554105735,"[[3105, 0], [0, 2853]]","[[190, 155], [166, 151]]"
disclosure_x_bias,40,init_knn1,LSC,exponential,789.3752443871319,807.9405477820585,1.0,0.5151741293532338,6.497538234312786,121.33086314833031,0.0,0.033202332554105735,"[[3105, 0], [0, 2853]]","[[190, 155], [166, 151]]"
disclosure_x_bias,41,init_knn1,LSC,exponential,790.0171494561727,808.026169317298,1.0,0.5151741293532338,6.543019791565928,121.82160837192953,0.0,0.033202332554105735,"[[3105, 0], [0, 2853]]","[[190, 155], [166, 151]]"
disclosure_x_bias,42,init_knn1,LSC,exponential,790.7385902239946,808.6132008313577,1.0,0.5151741293532338,6.416089682446699,121.27045832581358,0.0,0.033202332554105735,"[[3105, 0], [0, 2853]]","[[190, 155], [166, 151]]"
disclosure_x_bias,43,init_knn1,LSC,exponential,791.5060639040837,809.0393014240038,1.0,0.5151741293532338,6.310114178871795,121.24962582415606,0.0,0.033202332554105735,"[[3105, 0], [0, 2853]]","[[190, 155], [166, 151]]"
disclosure_x_bias,44,init_knn1,LSC,exponential,792.4673969507465,809.7554994451696,1.0,0.5151741293532338,6.534174992985008,120.8882486781784,0.0,0.033202332554105735,"[[3105, 0], [0, 2853]]","[[190, 155], [166, 151]]"
disclosure_x_bias,45,init_knn1,LSC,exponential,793.2191052646384,811.0431666613115,1.0,0.5151741293532338,6.588945901388275,121.15580016994576,0.0,0.033202332554105735,"[[3105, 0], [0, 2853]]","[[190, 155], [166, 151]]"
disclosure_x_bias,46,init_knn1,LSC,exponential,794.1438543902393,811.7989602509826,1.0,0.5151741293532338,6.740289702457913,121.8562675683833,0.0,0.033202332554105735,"[[3105, 0], [0, 2853]]","[[190, 155], [166, 151]]"
disclosure_x_bias,47,init_knn1,LSC,exponential,795.3475227388496,813.8824197850242,1.0,0.5151741293532338,7.9336441335169425,124.41368025847727,0.0,0.033202332554105735,"[[3105, 0], [0, 2853]]","[[190, 155], [166, 151]]"
disclosure_x_bias,48,init_knn1,LSC,exponential,796.1367239012847,814.5362848145004,1.0,0.5151741293532338,7.800863517328292,124.59093465133955,0.0,0.033202332554105735,"[[3105, 0], [0, 2853]]","[[190, 155], [166, 151]]"
disclosure_x_bias,49,init_knn1,LSC,exponential,796.8776762091354,814.4231510626964,1.0,0.5151741293532338,7.853627712677048,124.49751349393517,0.0,0.033202332554105735,"[[3105, 0], [0, 2853]]","[[190, 155], [166, 151]]"
disclosure_x_bias,50,init_knn1,LSC,exponential,797.5993914878434,814.6777378931716,1.0,0.5151741293532338,7.78319404686268,124.8428779956547,0.0,0.033202332554105735,"[[3105, 0], [0, 2853]]","[[190, 155], [166, 151]]"
disclosure_x_bias,51,init_knn1,LSC,exponential,798.1043088452352,815.0225990432909,1.0,0.5151741293532338,7.616239380893741,124.62868991370098,0.0,0.033202332554105735,"[[3105, 0], [0, 2853]]","[[190, 155], [166, 151]]"
disclosure_x_bias,52,init_knn1,LSC,exponential,798.7722415754208,815.718903344286,1.0,0.5151741293532338,7.732020114989105,123.87148257647725,0.0,0.033202332554105735,"[[3105, 0], [0, 2853]]","[[190, 155], [166, 151]]"
disclosure_x_bias,53,init_knn1,LSC,exponential,799.5545156857863,816.0922104334595,1.0,0.5151741293532338,7.880151737416026,123.79471955105085,0.0,0.033202332554105735,"[[3105, 0], [0, 2853]]","[[190, 155], [166, 151]]"
disclosure_x_bias,54,init_knn1,LSC,exponential,800.3616155704012,817.1203173870766,1.0,0.5151741293532338,7.724903628410739,123.45727294401193,0.0,0.033202332554105735,"[[3105, 0], [0, 2853]]","[[190, 155], [166, 151]]"
disclosure_x_bias,55,init_knn1,LSC,exponential,800.8598644333891,817.8926124490904,1.0,0.5151741293532338,7.676299863619032,123.81782124004067,0.0,0.033202332554105735,"[[3105, 0], [0, 2853]]","[[190, 155], [166, 151]]"
disclosure_x_bias,56,init_knn1,LSC,exponential,801.545209212056,818.1221600979649,1.0,0.5151741293532338,7.631058304591297,123.45587192680635,0.0,0.033202332554105735,"[[3105, 0], [0, 2853]]","[[190, 155], [166, 151]]"
disclosure_x_bias,57,init_knn1,LSC,exponential,802.1116105880647,818.5956409047251,1.0,0.5151741293532338,7.6207849485454995,124.02799205430195,0.0,0.033202332554105735,"[[3105, 0], [0, 2853]]","[[190, 155], [166, 151]]"
disclosure_x_bias,58,init_knn1,LSC,exponential,802.975126713809,819.9109029338551,1.0,0.5151741293532338,7.6401928521919595,123.41828308343797,0.0,0.033202332554105735,"[[3105, 0], [0, 2853]]","[[190, 155], [166, 151]]"
disclosure_x_bias,59,init_knn1,LSC,exponential,803.9811396024995,820.9761276279766,1.0,0.5151741293532338,7.7301762587406335,124.52269443308903,0.0,0.033202332554105735,"[[3105, 0], [0, 2853]]","[[190, 155], [166, 151]]"
disclosure_x_bias,60,init_knn1,LSC,exponential,804.691640909599,820.9675896943265,1.0,0.5151741293532338,7.490087687774575,124.70951362579,0.0,0.033202332554105735,"[[3105, 0], [0, 2853]]","[[190, 155], [166, 151]]"
disclosure_x_bias,61,init_knn1,LSC,exponential,805.3237558860076,821.688221634915,1.0,0.5151741293532338,7.6402497252929455,124.92113628552318,0.0,0.033202332554105735,"[[3105, 0], [0, 2853]]","[[190, 155], [166, 151]]"
disclosure_x_bias,62,init_knn1,LSC,exponential,805.8380483260902,822.3266198217731,1.0,0.5151741293532338,7.556982010042531,125.18255928279622,0.0,0.033202332554105735,"[[3105, 0], [0, 2853]]","[[190, 155], [166, 151]]"
disclosure_x_bias,63,init_knn1,LSC,exponential,806.5225587669822,822.3991054144365,1.0,0.5151741293532338,7.661489751435764,125.64933572118288,0.0,0.033202332554105735,"[[3105, 0], [0, 2853]]","[[190, 155], [166, 151]]"
disclosure_x_bias,64,init_knn1,LSC,exponential,807.0552770472275,822.5837809198061,1.0,0.5151741293532338,7.667571146628558,125.76633767152536,0.0,0.033202332554105735,"[[3105, 0], [0, 2853]]","[[190, 155], [166, 151]]"
disclosure_x_bias,65,init_knn1,LSC,exponential,808.1941329834046,823.9925035938392,1.0,0.5151741293532338,9.551434088563921,129.15274461571764,0.0,0.033202332554105735,"[[3105, 0], [0, 2853]]","[[190, 155], [166, 151]]"
disclosure_x_bias,66,init_knn1,LSC,exponential,808.7890912073627,824.3653916470814,1.0,0.5151741293532338,9.592526493773285,128.6524008905648,0.0,0.033202332554105735,"[[3105, 0], [0, 2853]]","[[190, 155], [166, 151]]"
disclosure_x_bias,67,init_knn1,LSC,exponential,809.1611366609161,825.1517500849392,1.0,0.5151741293532338,9.610573948180715,128.5299384306947,0.0,0.033202332554105735,"[[3105, 0], [0, 2853]]","[[190, 155], [166, 151]]"
disclosure_x_bias,68,init_knn1,LSC,exponential,809.5769195990008,825.7775625848001,1.0,0.5151741293532338,9.483007984251465,128.29508289817556,0.0,0.033202332554105735,"[[3105, 0], [0, 2853]]","[[190, 155], [166, 151]]"
disclosure_x_bias,69,init_knn1,LSC,exponential,810.1957103125527,825.7554796002329,1.0,0.5151741293532338,9.33476299917204,128.05715445187275,0.0,0.033202332554105735,"[[3105, 0], [0, 2853]]","[[190, 155], [166, 151]]"
disclosure_x_bias,70,init_knn1,LSC,exponential,810.6664452169025,826.0280934561011,1.0,0.5151741293532338,9.374921338929164,127.96878710759636,0.0,0.033202332554105735,"[[3105, 0], [0, 2853]]","[[190, 155], [166, 151]]"
disclosure_x_bias,71,init_knn1,LSC,exponential,811.6596307106346,826.7110708564711,1.0,0.5151741293532338,9.265837871763814,127.69881238879198,0.0,0.033202332554105735,"[[3105, 0], [0, 2853]]","[[190, 155], [166, 151]]"
disclosure_x_bias,72,init_knn1,LSC,exponential,812.2176667710859,827.5874602423935,1.0,0.5151741293532338,9.182806719583688,128.3334437423864,0.0,0.033202332554105735,"[[3105, 0], [0, 2853]]","[[190, 155], [166, 151]]"
disclosure_x_bias,73,init_knn1,LSC,exponential,812.863697970016,828.2711106550236,1.0,0.5151741293532338,9.315456333276556,128.05956546313064,0.0,0.033202332554105735,"[[3105, 0], [0, 2853]]","[[190, 155], [166, 151]]"
disclosure_x_bias,74,init_knn1,LSC,exponential,813.3207469890737,828.7604805273729,1.0,0.5151741293532338,9.360263682757575,128.44500043264748,0.0,0.033202332554105735,"[[3105, 0], [0, 2853]]","[[190, 155], [166, 151]]"
disclosure_x_bias,75,init_knn1,LSC,exponential,813.6866042109284,829.2215499981432,1.0,0.5151741293532338,9.24291623377052,128.23301447209954,0.0,0.033202332554105735,"[[3105, 0], [0, 2853]]","[[190, 155], [166, 151]]"
disclosure_x_bias,76,init_knn1,LSC,exponential,814.404768516746,829.2042217649357,1.0,0.5151741293532338,9.279337767791201,128.36476687417576,0.0,0.033202332554105735,"[[3105, 0], [0, 2853]]","[[190, 155], [166, 151]]"
disclosure_x_bias,77,init_knn1,LSC,exponential,815.0603969916563,829.6234192844167,1.0,0.5151741293532338,9.419745786159794,128.23238736150546,0.0,0.033202332554105735,"[[3105, 0], [0, 2853]]","[[190, 155], [166, 151]]"
disclosure_x_bias,78,init_knn1,LSC,exponential,815.2703918229909,830.2095929223018,1.0,0.5151741293532338,9.348235712099369,129.0709681371307,0.0,0.033202332554105735,"[[3105, 0], [0, 2853]]","[[190, 155], [166, 151]]"
disclosure_x_bias,79,init_knn1,LSC,exponential,816.8232106675549,832.1230608575967,1.0,0.5151741293532338,11.077917870089548,133.03075404349153,0.0,0.033202332554105735,"[[3105, 0], [0, 2853]]","[[190, 155], [166, 151]]"
disclosure_x_bias,80,init_knn1,LSC,exponential,817.6353563001705,832.3131444976128,1.0,0.5151741293532338,11.040279652088621,132.76809090272522,0.0,0.033202332554105735,"[[3105, 0], [0, 2853]]","[[190, 155], [166, 151]]"
disclosure_x_bias,81,init_knn1,LSC,exponential,818.1230478834389,832.7318757942696,1.0,0.5151741293532338,11.187485315921554,132.78805801058311,0.0,0.033202332554105735,"[[3105, 0], [0, 2853]]","[[190, 155], [166, 151]]"
disclosure_x_bias,82,init_knn1,LSC,exponential,818.6751235040068,833.2923737179732,1.0,0.5151741293532338,11.167471119204652,132.72116643868108,0.0,0.033202332554105735,"[[3105, 0], [0, 2853]]","[[190, 155], [166, 151]]"
disclosure_x_bias,83,init_knn1,LSC,exponential,819.1886838690431,833.3697195695258,1.0,0.5151741293532338,11.177321166318352,132.68220120772418,0.0,0.033202332554105735,"[[3105, 0], [0, 2853]]","[[190, 155], [166, 151]]"
disclosure_x_bias,84,init_knn1,LSC,exponential,819.847011251061,834.1158839292272,1.0,0.5151741293532338,11.180189464472345,132.43986155970472,0.0,0.033202332554105735,"[[3105, 0], [0, 2853]]","[[190, 155], [166, 151]]"
disclosure_x_bias,85,init_knn1,LSC,exponential,820.6086499291077,834.0926122366254,1.0,0.5151741293532338,11.443560027578975,132.3104068135372,0.0,0.033202332554105735,"[[3105, 0], [0, 2853]]","[[190, 155], [166, 151]]"
disclosure_x_bias,86,init_knn1,LSC,exponential,821.0425750150882,834.0536340953471,1.0,0.5151741293532338,11.351289624443915,132.11000127840032,0.0,0.033202332554105735,"[[3105, 0], [0, 2853]]","[[190, 155], [166, 151]]"
disclosure_x_bias,87,init_knn1,LSC,exponential,821.7371280001238,834.8729760149633,1.0,0.5151741293532338,11.346585977960633,131.9362277510414,0.0,0.033202332554105735,"[[3105, 0], [0, 2853]]","[[190, 155], [166, 151]]"
disclosure_x_bias,88,init_knn1,LSC,exponential,822.2011004441935,835.274387275034,1.0,0.5151741293532338,11.35009445508455,132.10163298737746,0.0,0.033202332554105735,"[[3105, 0], [0, 2853]]","[[190, 155], [166, 151]]"
disclosure_x_bias,89,init_knn1,LSC,exponential,822.7622121421764,835.1528196975853,1.0,0.5151741293532338,11.406784321942933,132.0449778563559,0.0,0.033202332554105735,"[[3105, 0], [0, 2853]]","[[190, 155], [166, 151]]"
disclosure_x_bias,90,init_knn1,LSC,exponential,823.4408947884764,836.5948277357566,1.0,0.5151741293532338,11.301943695120137,132.1225001845011,0.0,0.033202332554105735,"[[3105, 0], [0, 2853]]","[[190, 155], [166, 151]]"
disclosure_x_bias,91,init_knn1,LSC,exponential,823.9072763271035,837.1603976700617,1.0,0.5151741293532338,11.42754566287809,132.03907760616906,0.0,0.033202332554105735,"[[3105, 0], [0, 2853]]","[[190, 155], [166, 151]]"
disclosure_x_bias,92,init_knn1,LSC,exponential,824.5458233752848,837.2630929413148,1.0,0.5151741293532338,11.331988826462918,131.84910111652937,0.0,0.033202332554105735,"[[3105, 0], [0, 2853]]","[[190, 155], [166, 151]]"
disclosure_x_bias,93,init_knn1,LSC,exponential,824.9787650034041,837.9171119951491,1.0,0.5151741293532338,11.282652441389873,132.76338869973992,0.0,0.033202332554105735,"[[3105, 0], [0, 2853]]","[[190, 155], [166, 151]]"
disclosure_x_bias,94,init_knn1,LSC,exponential,825.2561719608559,837.833813427627,1.0,0.5151741293532338,11.353002041100668,132.47608879697256,0.0,0.033202332554105735,"[[3105, 0], [0, 2853]]","[[190, 155], [166, 151]]"
disclosure_x_bias,95,init_knn1,LSC,exponential,825.6767411616763,838.2937264444327,1.0,0.5151741293532338,11.463535201293096,132.82559603626967,0.0,0.033202332554105735,"[[3105, 0], [0, 2853]]","[[190, 155], [166, 151]]"
disclosure_x_bias,96,init_knn1,LSC,exponential,826.1284701407901,838.4461963638275,1.0,0.5151741293532338,11.536773476381057,133.35202805406348,0.0,0.033202332554105735,"[[3105, 0], [0, 2853]]","[[190, 155], [166, 151]]"
disclosure_x_bias,97,init_knn1,LSC,exponential,826.6124133419959,838.2786873507221,1.0,0.5151741293532338,11.281812769832591,133.34635573263313,0.0,0.033202332554105735,"[[3105, 0], [0, 2853]]","[[190, 155], [166, 151]]"
disclosure_x_bias,98,init_knn1,LSC,exponential,827.4886877452133,839.3525094364865,1.0,0.5151741293532338,11.225420390803128,133.4733290143666,0.0,0.033202332554105735,"[[3105, 0], [0, 2853]]","[[190, 155], [166, 151]]"
disclosure_x_bias,99,init_knn1,LSC,exponential,827.7573715787033,839.2446167274065,1.0,0.5151741293532338,11.389664396977086,133.36862225603264,0.0,0.033202332554105735,"[[3105, 0], [0, 2853]]","[[190, 155], [166, 151]]"
disclosure_x_bias,100,init_knn1,LSC,exponential,828.5294795242064,839.42967866198,1.0,0.5151741293532338,11.291003948675899,133.44490657502914,0.0,0.033202332554105735,"[[3105, 0], [0, 2853]]","[[190, 155], [166, 151]]"
disclosure_x_bias,101,init_knn1,LSC,exponential,829.1032092376487,839.465863160934,1.0,0.5151741293532338,11.469787601087356,133.39557975265296,0.0,0.033202332554105735,"[[3105, 0], [0, 2853]]","[[190, 155], [166, 151]]"
disclosure_x_bias,102,init_knn1,LSC,exponential,830.4717602865678,841.3205468343891,1.0,0.5151741293532338,13.420493668887751,137.2880771244181,0.0,0.033202332554105735,"[[3105, 0], [0, 2853]]","[[190, 155], [166, 151]]"
disclosure_x_bias,103,init_knn1,LSC,exponential,831.0297877027499,842.065513959497,1.0,0.5151741293532338,13.499851015214094,136.561501956754,0.0,0.033202332554105735,"[[3105, 0], [0, 2853]]","[[190, 155], [166, 151]]"
disclosure_x_bias,104,init_knn1,LSC,exponential,831.8047052114487,842.24043151776,1.0,0.5151741293532338,13.539383072964299,137.17136704007564,0.0,0.033202332554105735,"[[3105, 0], [0, 2853]]","[[190, 155], [166, 151]]"
disclosure_x_bias,105,init_knn1,LSC,exponential,832.1787152172976,842.422849677481,1.0,0.5151741293532338,13.671015314186299,137.30351298748838,0.0,0.033202332554105735,"[[3105, 0], [0, 2853]]","[[190, 155], [166, 151]]"
disclosure_x_bias,106,init_knn1,LSC,exponential,832.5579787668499,842.9355180500552,1.0,0.5151741293532338,13.51010163799972,137.23919998699208,0.0,0.033202332554105735,"[[3105, 0], [0, 2853]]","[[190, 155], [166, 151]]"
disclosure_x_bias,107,init_knn1,LSC,exponential,832.7574364065471,843.0161129734921,1.0,0.5151741293532338,13.52436394100273,137.2874168755511,0.0,0.033202332554105735,"[[3105, 0], [0, 2853]]","[[190, 155], [166, 151]]"
disclosure_x_bias,108,init_knn1,LSC,exponential,833.1483682227581,843.7747477594187,1.0,0.5151741293532338,13.40921626661708,138.0662712793389,0.0,0.033202332554105735,"[[3105, 0], [0, 2853]]","[[190, 155], [166, 151]]"
disclosure_x_bias,109,init_knn1,LSC,exponential,833.440160706485,843.8029594259708,1.0,0.5151741293532338,13.602153036020606,137.92545511996187,0.0,0.033202332554105735,"[[3105, 0], [0, 2853]]","[[190, 155], [166, 151]]"
disclosure_x_bias,110,init_knn1,LSC,exponential,833.9322283539232,844.636379584681,1.0,0.5151741293532338,13.963858483788428,138.40987291631507,0.0,0.033202332554105735,"[[3105, 0], [0, 2853]]","[[190, 155], [166, 151]]"
disclosure_x_bias,111,init_knn1,LSC,exponential,834.5105963369045,845.5507113932683,1.0,0.5151741293532338,14.387038142275731,137.70704372441048,0.0,0.033202332554105735,"[[3105, 0], [0, 2853]]","[[190, 155], [166, 151]]"
disclosure_x_bias,112,init_knn1,LSC,exponential,835.0393265322851,846.39932833814,1.0,0.5151741293532338,14.384381709872251,138.24688463568017,0.0,0.033202332554105735,"[[3105, 0], [0, 2853]]","[[190, 155], [166, 151]]"
disclosure_x_bias,113,init_knn1,LSC,exponential,835.5642927555542,846.764546412743,1.0,0.5151741293532338,14.335093392878688,138.48758879499502,0.0,0.033202332554105735,"[[3105, 0], [0, 2853]]","[[190, 155], [166, 151]]"
disclosure_x_bias,114,init_knn1,LSC,exponential,835.6445843349113,846.7965503252799,1.0,0.5151741293532338,14.248985157774905,138.49147417017804,0.0,0.033202332554105735,"[[3105, 0], [0, 2853]]","[[190, 155], [166, 151]]"
disclosure_x_bias,115,init_knn1,LSC,exponential,836.0812920181336,846.6586108111536,1.0,0.5151741293532338,14.226276501097823,138.52341462632566,0.0,0.033202332554105735,"[[3105, 0], [0, 2853]]","[[190, 155], [166, 151]]"
disclosure_x_bias,116,init_knn1,LSC,exponential,836.3699075525863,846.6439504677348,1.0,0.5151741293532338,14.316613372491148,138.69860133313085,0.0,0.033202332554105735,"[[3105, 0], [0, 2853]]","[[190, 155], [166, 151]]"
disclosure_x_bias,117,init_knn1,LSC,exponential,836.5506347074337,846.8008643501462,1.0,0.5151741293532338,14.235743099379722,138.66811624340016,0.0,0.033202332554105735,"[[3105, 0], [0, 2853]]","[[190, 155], [166, 151]]"
disclosure_x_bias,118,init_knn1,LSC,exponential,837.1452229357453,847.3180848979357,1.0,0.5151741293532338,14.205782894671021,138.26561382647168,0.0,0.033202332554105735,"[[3105, 0], [0, 2853]]","[[190, 155], [166, 151]]"
disclosure_x_bias,119,init_knn1,LSC,exponential,837.26275931151,846.9815401394035,1.0,0.5151741293532338,14.105177930514289,138.30810080859524,0.0,0.033202332554105735,"[[3105, 0], [0, 2853]]","[[190, 155], [166, 151]]"
disclosure_x_bias,120,init_knn1,LSC,exponential,837.931442792843,847.7475474836128,1.0,0.5151741293532338,14.12204369334571,138.00061604271173,0.0,0.033202332554105735,"[[3105, 0], [0, 2853]]","[[190, 155], [166, 151]]"
disclosure_x_bias,121,init_knn1,LSC,exponential,838.55031809874,848.3246535081568,1.0,0.5151741293532338,14.010420088597876,137.89974035606306,0.0,0.033202332554105735,"[[3105, 0], [0, 2853]]","[[190, 155], [166, 151]]"
disclosure_x_bias,122,init_knn1,LSC,exponential,838.7153673488885,848.4096858532239,1.0,0.5151741293532338,14.064739243694635,138.5431553942236,0.0,0.033202332554105735,"[[3105, 0], [0, 2853]]","[[190, 155], [166, 151]]"
disclosure_x_bias,123,init_knn1,LSC,exponential,838.9357386878453,848.6697081102363,1.0,0.5151741293532338,14.239741516212538,138.9459784099883,0.0,0.033202332554105735,"[[3105, 0], [0, 2853]]","[[190, 155], [166, 151]]"
disclosure_x_bias,124,init_knn1,LSC,exponential,839.46009274634,849.2995670517082,1.0,0.5151741293532338,14.087713050633853,138.54077457898939,0.0,0.033202332554105735,"[[3105, 0], [0, 2853]]","[[190, 155], [166, 151]]"
disclosure_x_bias,125,init_knn1,LSC,exponential,839.5712652426315,849.280852257579,1.0,0.5151741293532338,14.188339238932409,138.92285686390937,0.0,0.033202332554105735,"[[3105, 0], [0, 2853]]","[[190, 155], [166, 151]]"
disclosure_x_bias,126,init_knn1,LSC,exponential,840.0816523453374,849.8002669193456,1.0,0.5151741293532338,14.343756712647057,138.78959906322433,0.0,0.033202332554105735,"[[3105, 0], [0, 2853]]","[[190, 155], [166, 151]]"
disclosure_x_bias,127,init_knn1,LSC,exponential,840.180978384964,849.6501762509181,1.0,0.5151741293532338,14.448953540997692,138.98606800857,0.0,0.033202332554105735,"[[3105, 0], [0, 2853]]","[[190, 155], [166, 151]]"
disclosure_x_bias,128,init_knn1,LSC,exponential,840.3063191827563,849.6448645583405,1.0,0.5151741293532338,14.400964966818918,139.05487018681208,0.0,0.033202332554105735,"[[3105, 0], [0, 2853]]","[[190, 155], [166, 151]]"
disclosure_x_bias,129,init_knn1,LSC,exponential,840.5629488193454,849.5530254816204,1.0,0.5151741293532338,14.50422526153769,139.38695879926414,0.0,0.033202332554105735,"[[3105, 0], [0, 2853]]","[[190, 155], [166, 151]]"
disclosure_x_bias,130,init_knn1,LSC,exponential,841.1649426290854,849.398829329211,1.0,0.5151741293532338,13.987528584679854,139.2129687999316,0.0,0.033202332554105735,"[[3105, 0], [0, 2853]]","[[190, 155], [166, 151]]"
disclosure_x_bias,131,init_knn1,LSC,exponential,841.6943955586978,849.7015023059105,1.0,0.5151741293532338,13.980292295384505,139.3805273742082,0.0,0.033202332554105735,"[[3105, 0], [0, 2853]]","[[190, 155], [166, 151]]"
disclosure_x_bias,132,init_knn1,LSC,exponential,841.9001074479596,849.8658133636056,1.0,0.5151741293532338,13.965431418917152,139.30835673770522,0.0,0.033202332554105735,"[[3105, 0], [0, 2853]]","[[190, 155], [166, 151]]"
disclosure_x_bias,133,init_knn1,LSC,exponential,842.4402276234174,849.9494040555697,1.0,0.5151741293532338,13.792004201742074,139.15837156340731,0.0,0.033202332554105735,"[[3105, 0], [0, 2853]]","[[190, 155], [166, 151]]"
disclosure_x_bias,134,init_knn1,LSC,exponential,842.5609366947319,849.5959006745231,1.0,0.5151741293532338,13.73623107693992,139.16998756639498,0.0,0.033202332554105735,"[[3105, 0], [0, 2853]]","[[190, 155], [166, 151]]"
disclosure_x_bias,135,init_knn1,LSC,exponential,843.8377367268537,849.728182032695,1.0,0.5151741293532338,14.00953722652824,139.5085791393835,0.0,0.033202332554105735,"[[3105, 0], [0, 2853]]","[[190, 155], [166, 151]]"
disclosure_x_bias,136,init_knn1,LSC,exponential,844.5272330578221,850.2565031498432,1.0,0.5151741293532338,14.065507029295864,139.52210721002206,0.0,0.033202332554105735,"[[3105, 0], [0, 2853]]","[[190, 155], [166, 151]]"
disclosure_x_bias,137,init_knn1,LSC,exponential,845.590928899726,852.1651712040579,1.0,0.5151741293532338,16.517092675681127,144.39464024794793,0.0,0.033202332554105735,"[[3105, 0], [0, 2853]]","[[190, 155], [166, 151]]"
disclosure_x_bias,138,init_knn1,LSC,exponential,845.7923482019899,852.4762640437508,1.0,0.5151741293532338,16.452071671998908,144.49269325220695,0.0,0.033202332554105735,"[[3105, 0], [0, 2853]]","[[190, 155], [166, 151]]"
disclosure_x_bias,139,init_knn1,LSC,exponential,845.8607753953268,852.4342083890609,1.0,0.5151741293532338,16.541478315657884,144.69620482637654,0.0,0.033202332554105735,"[[3105, 0], [0, 2853]]","[[190, 155], [166, 151]]"
disclosure_x_bias,140,init_knn1,LSC,exponential,846.2390985105334,852.6426141328923,1.0,0.5151741293532338,16.546786376371415,145.0539064735172,0.0,0.033202332554105735,"[[3105, 0], [0, 2853]]","[[190, 155], [166, 151]]"
disclosure_x_bias,141,init_knn1,LSC,exponential,846.3918262867626,852.4490368837453,1.0,0.5151741293532338,16.70298577269429,145.24126644865666,0.0,0.033202332554105735,"[[3105, 0], [0, 2853]]","[[190, 155], [166, 151]]"
disclosure_x_bias,142,init_knn1,LSC,exponential,846.7530035682094,853.1453543717162,1.0,0.5151741293532338,16.33754269142353,144.57445479958287,0.0,0.033202332554105735,"[[3105, 0], [0, 2853]]","[[190, 155], [166, 151]]"
disclosure_x_bias,143,init_knn1,LSC,exponential,846.8152380973136,852.7660211694347,1.0,0.5151741293532338,16.34663610244444,144.6387934091056,0.0,0.033202332554105735,"[[3105, 0], [0, 2853]]","[[190, 155], [166, 151]]"
disclosure_x_bias,144,init_knn1,LSC,exponential,847.0690450780021,853.3339406717536,1.0,0.5151741293532338,16.373574366580204,144.22129113767616,0.0,0.033202332554105735,"[[3105, 0], [0, 2853]]","[[190, 155], [166, 151]]"
disclosure_x_bias,145,init_knn1,LSC,exponential,847.5620256955465,853.0867742321825,1.0,0.5151741293532338,16.40490029058186,144.2388447637656,0.0,0.033202332554105735,"[[3105, 0], [0, 2853]]","[[190, 155], [166, 151]]"
disclosure_x_bias,146,init_knn1,LSC,exponential,847.6820359364195,853.1839066357494,1.0,0.5151741293532338,16.516635002744184,144.0538187260914,0.0,0.033202332554105735,"[[3105, 0], [0, 2853]]","[[190, 155], [166, 151]]"
disclosure_x_bias,147,init_knn1,LSC,exponential,847.9264060833782,853.0188336570676,1.0,0.5151741293532338,16.956804105388212,144.12734728174317,0.0,0.033202332554105735,"[[3105, 0], [0, 2853]]","[[190, 155], [166, 151]]"
disclosure_x_bias,148,init_knn1,LSC,exponential,848.1073387295116,853.3627827429422,1.0,0.5151741293532338,16.821092480654524,143.99120543546587,0.0,0.033202332554105735,"[[3105, 0], [0, 2853]]","[[190, 155], [166, 151]]"
disclosure_x_bias,149,init_knn1,LSC,exponential,848.5856192046494,853.3609113009716,1.0,0.5151741293532338,16.83445002416976,143.94567799058208,0.0,0.033202332554105735,"[[3105, 0], [0, 2853]]","[[190, 155], [166, 151]]"
disclosure_x_bias,150,init_knn1,LSC,exponential,849.2105422172057,854.2141092638676,1.0,0.5151741293532338,16.762452121851315,144.09973564785815,0.0,0.033202332554105735,"[[3105, 0], [0, 2853]]","[[190, 155], [166, 151]]"
disclosure_x_bias,151,init_knn1,LSC,exponential,849.4986903973997,854.370162176138,1.0,0.5151741293532338,16.576384841503923,144.11686654183768,0.0,0.033202332554105735,"[[3105, 0], [0, 2853]]","[[190, 155], [166, 151]]"
disclosure_x_bias,152,init_knn1,LSC,exponential,849.6433333443294,854.3479773416836,1.0,0.5151741293532338,16.534242657472337,144.09658191713606,0.0,0.033202332554105735,"[[3105, 0], [0, 2853]]","[[190, 155], [166, 151]]"
disclosure_x_bias,153,init_knn1,LSC,exponential,850.0821345232847,854.697819260813,1.0,0.5151741293532338,16.521886607467717,144.97110046134577,0.0,0.033202332554105735,"[[3105, 0], [0, 2853]]","[[190, 155], [166, 151]]"
disclosure_x_bias,154,init_knn1,LSC,exponential,850.3009229992655,854.7304853855442,1.0,0.5151741293532338,16.593167126161724,145.31324122341525,0.0,0.033202332554105735,"[[3105, 0], [0, 2853]]","[[190, 155], [166, 151]]"
disclosure_x_bias,155,init_knn1,LSC,exponential,850.384194209463,854.6428357980965,1.0,0.5151741293532338,16.507830332191144,145.23196930885877,0.0,0.033202332554105735,"[[3105, 0], [0, 2853]]","[[190, 155], [166, 151]]"
disclosure_x_bias,156,init_knn1,LSC,exponential,850.6670373491928,854.8016695356542,1.0,0.5151741293532338,16.603796713537186,145.54722442675697,0.0,0.033202332554105735,"[[3105, 0], [0, 2853]]","[[190, 155], [166, 151]]"
disclosure_x_bias,157,init_knn1,LSC,exponential,851.0296104166922,854.6105374864503,1.0,0.5151741293532338,16.375224605830436,144.7569197879886,0.0,0.033202332554105735,"[[3105, 0], [0, 2853]]","[[190, 155], [166, 151]]"
disclosure_x_bias,158,init_knn1,LSC,exponential,851.6131705766077,855.527388971352,1.0,0.5151741293532338,16.67448097573701,145.30034861730007,0.0,0.033202332554105735,"[[3105, 0], [0, 2853]]","[[190, 155], [166, 151]]"
disclosure_x_bias,159,init_knn1,LSC,exponential,852.0116992310889,855.2205508568538,1.0,0.5151741293532338,16.65858149023148,145.1685752872346,0.0,0.033202332554105735,"[[3105, 0], [0, 2853]]","[[190, 155], [166, 151]]"
disclosure_x_bias,160,init_knn1,LSC,exponential,852.1578465772687,855.4706166332659,1.0,0.5151741293532338,16.523855365511725,145.20548771841706,0.0,0.033202332554105735,"[[3105, 0], [0, 2853]]","[[190, 155], [166, 151]]"
disclosure_x_bias,161,init_knn1,LSC,exponential,852.4009564896851,855.3971763994159,1.0,0.5151741293532338,16.737652536411836,145.01715038068642,0.0,0.033202332554105735,"[[3105, 0], [0, 2853]]","[[190, 155], [166, 151]]"
disclosure_x_bias,162,init_knn1,LSC,exponential,852.5197581649863,855.4189032065326,1.0,0.5151741293532338,16.545226732140833,145.16330462056382,0.0,0.033202332554105735,"[[3105, 0], [0, 2853]]","[[190, 155], [166, 151]]"
disclosure_x_bias,163,init_knn1,LSC,exponential,852.9605156913606,855.3790939094433,1.0,0.5151741293532338,16.894861497232572,145.24013460247605,0.0,0.033202332554105735,"[[3105, 0], [0, 2853]]","[[190, 155], [166, 151]]"
disclosure_x_bias,164,init_knn1,LSC,exponential,853.0915217481031,855.6011947279782,1.0,0.5151741293532338,16.953193672153784,145.8818951245206,0.0,0.033202332554105735,"[[3105, 0], [0, 2853]]","[[190, 155], [166, 151]]"
disclosure_x_bias,165,init_knn1,LSC,exponential,853.3839342138095,855.6316144727878,1.0,0.5151741293532338,17.13147232697043,146.02341270306277,0.0,0.033202332554105735,"[[3105, 0], [0, 2853]]","[[190, 155], [166, 151]]"
disclosure_x_bias,166,init_knn1,LSC,exponential,853.8861100642118,856.2997033599461,1.0,0.5151741293532338,16.778099641019967,146.0755702502844,0.0,0.033202332554105735,"[[3105, 0], [0, 2853]]","[[190, 155], [166, 151]]"
disclosure_x_bias,167,init_knn1,LSC,exponential,854.080535163939,856.4044923469776,1.0,0.5151741293532338,16.976415553377286,146.3563561146931,0.0,0.033202332554105735,"[[3105, 0], [0, 2853]]","[[190, 155], [166, 151]]"
disclosure_x_bias,168,init_knn1,LSC,exponential,854.2117406248628,856.635674664255,1.0,0.5151741293532338,16.846521143764498,146.41432941940448,0.0,0.033202332554105735,"[[3105, 0], [0, 2853]]","[[190, 155], [166, 151]]"
disclosure_x_bias,169,init_knn1,LSC,exponential,854.4846298674844,856.7088348584706,1.0,0.5151741293532338,16.93833827029887,146.33289336863075,0.0,0.033202332554105735,"[[3105, 0], [0, 2853]]","[[190, 155], [166, 151]]"
disclosure_x_bias,170,init_knn1,LSC,exponential,854.9838154826696,857.321337512269,1.0,0.5151741293532338,16.798823088441836,145.97935678119464,0.0,0.033202332554105735,"[[3105, 0], [0, 2853]]","[[190, 155], [166, 151]]"
disclosure_x_bias,171,init_knn1,LSC,exponential,855.2426325099502,857.5141145671435,1.0,0.5151741293532338,16.852746722659067,146.2387048216357,0.0,0.033202332554105735,"[[3105, 0], [0, 2853]]","[[190, 155], [166, 151]]"
disclosure_x_bias,172,init_knn1,LSC,exponential,855.324275526515,857.5840861700214,1.0,0.5151741293532338,16.92245143728977,146.7922086496602,0.0,0.033202332554105735,"[[3105, 0], [0, 2853]]","[[190, 155], [166, 151]]"
disclosure_x_bias,173,init_knn1,LSC,exponential,855.956977665038,858.1506933366711,1.0,0.5151741293532338,16.542829293537654,146.47800353777725,0.0,0.033202332554105735,"[[3105, 0], [0, 2853]]","[[190, 155], [166, 151]]"
disclosure_x_bias,174,init_knn1,LSC,exponential,856.0917659142648,858.012549971649,1.0,0.5151741293532338,16.60894408886565,146.39274028832904,0.0,0.033202332554105735,"[[3105, 0], [0, 2853]]","[[190, 155], [166, 151]]"
disclosure_x_bias,175,init_knn1,LSC,exponential,856.3971518116807,858.5092342342459,1.0,0.5151741293532338,16.438497705285073,146.5011534477003,0.0,0.033202332554105735,"[[3105, 0], [0, 2853]]","[[190, 155], [166, 151]]"
disclosure_x_bias,176,init_knn1,LSC,exponential,856.5553005432063,858.2426594637175,1.0,0.5151741293532338,16.504250130520873,146.50249509659227,0.0,0.033202332554105735,"[[3105, 0], [0, 2853]]","[[190, 155], [166, 151]]"
disclosure_x_bias,177,init_knn1,LSC,exponential,856.784496726819,858.5564286862336,1.0,0.5151741293532338,16.464188659365604,146.48101433115764,0.0,0.033202332554105735,"[[3105, 0], [0, 2853]]","[[190, 155], [166, 151]]"
disclosure_x_bias,178,init_knn1,LSC,exponential,857.2190302320708,858.5319307045007,1.0,0.5151741293532338,16.544542673951153,147.44228494639987,0.0,0.033202332554105735,"[[3105, 0], [0, 2853]]","[[190, 155], [166, 151]]"
disclosure_x_bias,179,init_knn1,LSC,exponential,857.59621207813,859.0430360178518,1.0,0.5151741293532338,16.468692038451817,147.18080958254794,0.0,0.033202332554105735,"[[3105, 0], [0, 2853]]","[[190, 155], [166, 151]]"
disclosure_x_bias,180,init_knn1,LSC,exponential,857.9910373808112,859.5568970422994,1.0,0.5151741293532338,16.308294466556152,147.096767338309,0.0,0.033202332554105735,"[[3105, 0], [0, 2853]]","[[190, 155], [166, 151]]"
disclosure_x_bias,181,init_knn1,LSC,exponential,858.1314913573231,859.9228829443251,1.0,0.5151741293532338,16.267746187812534,147.45791675151162,0.0,0.033202332554105735,"[[3105, 0], [0, 2853]]","[[190, 155], [166, 151]]"
disclosure_x_bias,182,init_knn1,LSC,exponential,858.4063301771436,859.7224052118536,1.0,0.5151741293532338,16.168456301503685,147.32737572511718,0.0,0.033202332554105735,"[[3105, 0], [0, 2853]]","[[190, 155], [166, 151]]"
disclosure_x_bias,183,init_knn1,LSC,exponential,858.5746795220206,860.1045005180131,1.0,0.5151741293532338,16.176999280374073,147.42847125485918,0.0,0.033202332554105735,"[[3105, 0], [0, 2853]]","[[190, 155], [166, 151]]"
disclosure_x_bias,184,init_knn1,LSC,exponential,858.8524244468423,860.2696941495562,1.0,0.5151741293532338,16.171730865091313,146.87699817552416,0.0,0.033202332554105735,"[[3105, 0], [0, 2853]]","[[190, 155], [166, 151]]"
disclosure_x_bias,185,init_knn1,LSC,exponential,858.9828146663707,860.2829536713076,1.0,0.5151741293532338,15.901294209692944,146.69364723831407,0.0,0.033202332554105735,"[[3105, 0], [0, 2853]]","[[190, 155], [166, 151]]"
disclosure_x_bias,186,init_knn1,LSC,exponential,859.2518372663393,860.5352084745093,1.0,0.5151741293532338,16.280412260990826,147.15674045872058,0.0,0.033202332554105735,"[[3105, 0], [0, 2853]]","[[190, 155], [166, 151]]"
disclosure_x_bias,187,init_knn1,LSC,exponential,860.6245058136423,862.880383607371,1.0,0.5151741293532338,19.316071671089706,152.70175696284073,0.0,0.033202332554105735,"[[3105, 0], [0, 2853]]","[[190, 155], [166, 151]]"
disclosure_x_bias,188,init_knn1,LSC,exponential,860.6034135333773,862.6784616026977,1.0,0.5151741293532338,19.322076582322,152.85932187738996,0.0,0.033202332554105735,"[[3105, 0], [0, 2853]]","[[190, 155], [166, 151]]"
disclosure_x_bias,189,init_knn1,LSC,exponential,861.4910210695771,863.0941813126271,1.0,0.5151741293532338,19.188695195709112,152.48003907994385,0.0,0.033202332554105735,"[[3105, 0], [0, 2853]]","[[190, 155], [166, 151]]"
disclosure_x_bias,190,init_knn1,LSC,exponential,861.7062655754393,862.9694151303544,1.0,0.5151741293532338,18.89596510460963,152.61421981940794,0.0,0.033202332554105735,"[[3105, 0], [0, 2853]]","[[190, 155], [166, 151]]"
disclosure_x_bias,191,init_knn1,LSC,exponential,861.9059507118785,863.0660461067944,1.0,0.5151741293532338,19.029892536874097,152.34081199651828,0.0,0.033202332554105735,"[[3105, 0], [0, 2853]]","[[190, 155], [166, 151]]"
disclosure_x_bias,192,init_knn1,LSC,exponential,861.8635805861777,862.4324103328867,1.0,0.5151741293532338,18.803490568552373,152.09151530050937,0.0,0.033202332554105735,"[[3105, 0], [0, 2853]]","[[190, 155], [166, 151]]"
disclosure_x_bias,193,init_knn1,LSC,exponential,862.2087286477184,862.7335232231919,1.0,0.5151741293532338,18.9416455719849,152.34746392467352,0.0,0.033202332554105735,"[[3105, 0], [0, 2853]]","[[190, 155], [166, 151]]"
disclosure_x_bias,194,init_knn1,LSC,exponential,862.1754563087936,862.5789775059538,1.0,0.5151741293532338,18.915117386112538,152.40067295119547,0.0,0.033202332554105735,"[[3105, 0], [0, 2853]]","[[190, 155], [166, 151]]"
disclosure_x_bias,195,init_knn1,LSC,exponential,862.6797102388757,863.0671834042129,1.0,0.5151741293532338,18.89398078951554,152.37998199140668,0.0,0.033202332554105735,"[[3105, 0], [0, 2853]]","[[190, 155], [166, 151]]"
disclosure_x_bias,196,init_knn1,LSC,exponential,862.9955495836087,863.7009159584628,1.0,0.5151741293532338,18.979606251310788,152.43916258897573,0.0,0.033202332554105735,"[[3105, 0], [0, 2853]]","[[190, 155], [166, 151]]"
disclosure_x_bias,197,init_knn1,LSC,exponential,863.3967603318054,863.535344288782,1.0,0.5151741293532338,18.938398840029215,152.3190614330392,0.0,0.033202332554105735,"[[3105, 0], [0, 2853]]","[[190, 155], [166, 151]]"
disclosure_x_bias,198,init_knn1,LSC,exponential,863.5721952722646,863.8772707823589,1.0,0.5151741293532338,18.880552190921456,152.32638482772805,0.0,0.033202332554105735,"[[3105, 0], [0, 2853]]","[[190, 155], [166, 151]]"
disclosure_x_bias,199,init_knn1,LSC,exponential,863.934203786492,864.260954369974,1.0,0.5151741293532338,18.74191933462258,152.27803107849715,0.0,0.033202332554105735,"[[3105, 0], [0, 2853]]","[[190, 155], [166, 151]]"
disclosure_x_bias,200,init_knn1,LSC,exponential,864.5843723714122,864.016112638479,1.0,0.5151741293532338,18.764933818507068,152.43705089346898,0.0,0.033202332554105735,"[[3105, 0], [0, 2853]]","[[190, 155], [166, 151]]"
disclosure_x_bias,201,init_knn1,LSC,exponential,864.8125097349891,864.28406788889,1.0,0.5151741293532338,18.85394952517114,152.70611092378,0.0,0.033202332554105735,"[[3105, 0], [0, 2853]]","[[190, 155], [166, 151]]"
disclosure_x_bias,202,init_knn1,LSC,exponential,865.0862963493792,864.3319095762442,1.0,0.5151741293532338,18.82512808066846,152.31932348797298,0.0,0.033202332554105735,"[[3105, 0], [0, 2853]]","[[190, 155], [166, 151]]"
disclosure_x_bias,203,init_knn1,LSC,exponential,865.5074546257489,864.0828465376462,1.0,0.5151741293532338,18.775784810256656,152.78984707043995,0.0,0.033202332554105735,"[[3105, 0], [0, 2853]]","[[190, 155], [166, 151]]"
disclosure_x_bias,204,init_knn1,LSC,exponential,865.6260885320942,864.1002641217816,1.0,0.5151741293532338,18.512017394987865,152.46928297406944,0.0,0.033202332554105735,"[[3105, 0], [0, 2853]]","[[190, 155], [166, 151]]"
disclosure_x_bias,205,init_knn1,LSC,exponential,866.2506903720383,863.9622277644654,1.0,0.5151741293532338,18.580420997447092,152.314079260175,0.0,0.033202332554105735,"[[3105, 0], [0, 2853]]","[[190, 155], [166, 151]]"
disclosure_x_bias,206,init_knn1,LSC,exponential,866.4329550754135,864.6697824526989,1.0,0.5151741293532338,18.588977211069988,152.46739961736878,0.0,0.033202332554105735,"[[3105, 0], [0, 2853]]","[[190, 155], [166, 151]]"
disclosure_x_bias,207,init_knn1,LSC,exponential,866.7819642217904,865.3050935207182,1.0,0.5151741293532338,18.77117153265572,152.2252825574916,0.0,0.033202332554105735,"[[3105, 0], [0, 2853]]","[[190, 155], [166, 151]]"
disclosure_x_bias,208,init_knn1,LSC,exponential,866.8372009085699,865.0257635340437,1.0,0.5151741293532338,18.608039599680023,152.36961212830226,0.0,0.033202332554105735,"[[3105, 0], [0, 2853]]","[[190, 155], [166, 151]]"
disclosure_x_bias,209,init_knn1,LSC,exponential,866.9574654818425,865.0549967247522,1.0,0.5151741293532338,18.9247077049858,151.8940430797698,0.0,0.033202332554105735,"[[3105, 0], [0, 2853]]","[[190, 155], [166, 151]]"
disclosure_x_bias,210,init_knn1,LSC,exponential,867.3993471887355,864.8661637993007,1.0,0.5151741293532338,18.733885997774806,151.90270252879563,0.0,0.033202332554105735,"[[3105, 0], [0, 2853]]","[[190, 155], [166, 151]]"
disclosure_x_bias,211,init_knn1,LSC,exponential,867.9071497709768,865.0472169619276,1.0,0.5151741293532338,19.307023044025108,151.7314276704113,0.0,0.033202332554105735,"[[3105, 0], [0, 2853]]","[[190, 155], [166, 151]]"
disclosure_x_bias,212,init_knn1,LSC,exponential,868.2284124633616,864.9900132996993,1.0,0.5151741293532338,19.219022270365375,151.71444122207672,0.0,0.033202332554105735,"[[3105, 0], [0, 2853]]","[[190, 155], [166, 151]]"
disclosure_x_bias,213,init_knn1,LSC,exponential,868.4417557545481,864.8736408015733,1.0,0.5151741293532338,19.253472448686786,151.9536370820224,0.0,0.033202332554105735,"[[3105, 0], [0, 2853]]","[[190, 155], [166, 151]]"
disclosure_x_bias,214,init_knn1,LSC,exponential,868.5527928962443,865.0760701642266,1.0,0.5151741293532338,19.48003958128552,152.42917589168346,0.0,0.033202332554105735,"[[3105, 0], [0, 2853]]","[[190, 155], [166, 151]]"
disclosure_x_bias,215,init_knn1,LSC,exponential,868.6783967050205,865.2775204321149,1.0,0.5151741293532338,19.351663298564766,152.32511058972776,0.0,0.033202332554105735,"[[3105, 0], [0, 2853]]","[[190, 155], [166, 151]]"
disclosure_x_bias,216,init_knn1,LSC,exponential,869.3166063318822,866.261943737962,1.0,0.5151741293532338,19.159810642829807,152.5155462030118,0.0,0.033202332554105735,"[[3105, 0], [0, 2853]]","[[190, 155], [166, 151]]"
disclosure_x_bias,217,init_knn1,LSC,exponential,869.5145586439918,866.3424653050624,1.0,0.5151741293532338,19.20743253596978,152.21657031725982,0.0,0.033202332554105735,"[[3105, 0], [0, 2853]]","[[190, 155], [166, 151]]"
disclosure_x_bias,218,init_knn1,LSC,exponential,869.6199636505328,866.6282426299201,1.0,0.5151741293532338,19.2798880186454,153.3897393520596,0.0,0.033202332554105735,"[[3105, 0], [0, 2853]]","[[190, 155], [166, 151]]"
disclosure_x_bias,219,init_knn1,LSC,exponential,869.7517765124837,866.7882430436739,1.0,0.5151741293532338,19.284600175766503,153.48355434253804,0.0,0.033202332554105735,"[[3105, 0], [0, 2853]]","[[190, 155], [166, 151]]"
disclosure_x_bias,220,init_knn1,LSC,exponential,869.9505345087737,866.9488484307046,1.0,0.5151741293532338,19.22887299755227,153.45977959590562,0.0,0.033202332554105735,"[[3105, 0], [0, 2853]]","[[190, 155], [166, 151]]"
disclosure_x_bias,221,init_knn1,LSC,exponential,870.1211067776421,867.1453161819702,1.0,0.5151741293532338,19.264298078118188,153.6367268084761,0.0,0.033202332554105735,"[[3105, 0], [0, 2853]]","[[190, 155], [166, 151]]"
disclosure_x_bias,222,init_knn1,LSC,exponential,870.4200309780342,867.5005145754973,1.0,0.5151741293532338,19.637648585733572,154.39105939852809,0.0,0.033202332554105735,"[[3105, 0], [0, 2853]]","[[190, 155], [166, 151]]"
disclosure_x_bias,223,init_knn1,LSC,exponential,870.5092228571215,867.1529634202558,1.0,0.5151741293532338,19.421488571630913,153.85960169862622,0.0,0.033202332554105735,"[[3105, 0], [0, 2853]]","[[190, 155], [166, 151]]"
disclosure_x_bias,224,init_knn1,LSC,exponential,870.9861037960761,867.8423399578958,1.0,0.5151741293532338,19.443429370196196,153.66756012155633,0.0,0.033202332554105735,"[[3105, 0], [0, 2853]]","[[190, 155], [166, 151]]"
disclosure_x_bias,225,init_knn1,LSC,exponential,871.1512437014159,867.5933079089039,1.0,0.5151741293532338,19.512452566138975,153.6201829015264,0.0,0.033202332554105735,"[[3105, 0], [0, 2853]]","[[190, 155], [166, 151]]"
disclosure_x_bias,226,init_knn1,LSC,exponential,871.2822589481315,867.8973281356363,1.0,0.5151741293532338,19.407096782123325,153.51033538992763,0.0,0.033202332554105735,"[[3105, 0], [0, 2853]]","[[190, 155], [166, 151]]"
disclosure_x_bias,227,init_knn1,LSC,exponential,871.5984649059026,868.0237737301107,1.0,0.5151741293532338,19.579599913925552,153.65876799093985,0.0,0.033202332554105735,"[[3105, 0], [0, 2853]]","[[190, 155], [166, 151]]"
disclosure_x_bias,228,init_knn1,LSC,exponential,871.8180651773753,868.4929186364432,1.0,0.5151741293532338,19.871554222754582,153.15892356790607,0.0,0.033202332554105735,"[[3105, 0], [0, 2853]]","[[190, 155], [166, 151]]"
disclosure_x_bias,229,init_knn1,LSC,exponential,872.2131760988999,868.8093210033963,1.0,0.5151741293532338,19.666081288941204,153.0838177434243,0.0,0.033202332554105735,"[[3105, 0], [0, 2853]]","[[190, 155], [166, 151]]"
disclosure_x_bias,230,init_knn1,LSC,exponential,872.2662451260583,868.7364742903368,1.0,0.5151741293532338,19.681932952359578,153.1853825860692,0.0,0.033202332554105735,"[[3105, 0], [0, 2853]]","[[190, 155], [166, 151]]"
disclosure_x_bias,231,init_knn1,LSC,exponential,872.4481195569278,868.6997705389091,1.0,0.5151741293532338,19.881398854220944,153.07110956791215,0.0,0.033202332554105735,"[[3105, 0], [0, 2853]]","[[190, 155], [166, 151]]"
disclosure_x_bias,232,init_knn1,LSC,exponential,872.5500661073307,868.6769156742854,1.0,0.5151741293532338,19.706140583873495,153.00331500270374,0.0,0.033202332554105735,"[[3105, 0], [0, 2853]]","[[190, 155], [166, 151]]"
disclosure_x_bias,233,init_knn1,LSC,exponential,872.8529782078031,868.785946249703,1.0,0.5151741293532338,19.779958632546816,152.8992178160426,0.0,0.033202332554105735,"[[3105, 0], [0, 2853]]","[[190, 155], [166, 151]]"
disclosure_x_bias,234,init_knn1,LSC,exponential,873.3969435840188,869.522993123522,1.0,0.5151741293532338,19.636252420168717,153.84246882822532,0.0,0.033202332554105735,"[[3105, 0], [0, 2853]]","[[190, 155], [166, 151]]"
disclosure_x_bias,235,init_knn1,LSC,exponential,873.751122452713,869.6538608436398,1.0,0.5151741293532338,19.57365283028425,153.81568486062528,0.0,0.033202332554105735,"[[3105, 0], [0, 2853]]","[[190, 155], [166, 151]]"
disclosure_x_bias,236,init_knn1,LSC,exponential,873.8238332233392,869.7821445490779,1.0,0.5151741293532338,19.552823021627255,154.04718878749662,0.0,0.033202332554105735,"[[3105, 0], [0, 2853]]","[[190, 155], [166, 151]]"
disclosure_x_bias,237,init_knn1,LSC,exponential,874.0745696116707,869.7416009721521,1.0,0.5151741293532338,19.796844292633292,154.0181113320006,0.0,0.033202332554105735,"[[3105, 0], [0, 2853]]","[[190, 155], [166, 151]]"
disclosure_x_bias,238,init_knn1,LSC,exponential,874.2012988048873,869.5906587344456,1.0,0.5151741293532338,19.559816664128956,154.24336327520007,0.0,0.033202332554105735,"[[3105, 0], [0, 2853]]","[[190, 155], [166, 151]]"
disclosure_x_bias,239,init_knn1,LSC,exponential,874.2784090342999,869.3595500044117,1.0,0.5151741293532338,19.57502120152754,154.1795885042177,0.0,0.033202332554105735,"[[3105, 0], [0, 2853]]","[[190, 155], [166, 151]]"
disclosure_x_bias,240,init_knn1,LSC,exponential,874.5431084264774,869.565460183168,1.0,0.5151741293532338,19.41311385588171,154.14041327784597,0.0,0.033202332554105735,"[[3105, 0], [0, 2853]]","[[190, 155], [166, 151]]"
disclosure_x_bias,241,init_knn1,LSC,exponential,874.7204862829249,869.4939199415337,1.0,0.5151741293532338,19.568693741176464,154.22105729784482,0.0,0.033202332554105735,"[[3105, 0], [0, 2853]]","[[190, 155], [166, 151]]"
disclosure_x_bias,242,init_knn1,LSC,exponential,876.351570985869,872.0439709935297,1.0,0.5151741293532338,22.76618018574093,160.03325670652347,0.0,0.033202332554105735,"[[3105, 0], [0, 2853]]","[[190, 155], [166, 151]]"
disclosure_x_bias,243,init_knn1,LSC,exponential,876.6731885747813,872.0798206199764,1.0,0.5151741293532338,23.13066312846838,160.1606190422404,0.0,0.033202332554105735,"[[3105, 0], [0, 2853]]","[[190, 155], [166, 151]]"
disclosure_x_bias,244,init_knn1,LSC,exponential,876.858210054493,872.4826794379973,1.0,0.5151741293532338,22.703201989670138,159.67115800206142,0.0,0.033202332554105735,"[[3105, 0], [0, 2853]]","[[190, 155], [166, 151]]"
disclosure_x_bias,245,init_knn1,LSC,exponential,876.8926764995322,872.5627897907098,1.0,0.5151741293532338,23.003473646849482,159.83614302512248,0.0,0.033202332554105735,"[[3105, 0], [0, 2853]]","[[190, 155], [166, 151]]"
disclosure_x_bias,246,init_knn1,LSC,exponential,877.1022815506625,872.5569054451571,1.0,0.5151741293532338,22.812608945374475,159.87587621713448,0.0,0.033202332554105735,"[[3105, 0], [0, 2853]]","[[190, 155], [166, 151]]"
disclosure_x_bias,247,init_knn1,LSC,exponential,877.4274919249698,873.2404855425968,1.0,0.5151741293532338,22.94505898129866,159.54640204130217,0.0,0.033202332554105735,"[[3105, 0], [0, 2853]]","[[190, 155], [166, 151]]"
disclosure_x_bias,248,init_knn1,LSC,exponential,877.5430997763369,873.5954114804475,1.0,0.5151741293532338,22.865479887757388,159.47072135325445,0.0,0.033202332554105735,"[[3105, 0], [0, 2853]]","[[190, 155], [166, 151]]"
disclosure_x_bias,249,init_knn1,LSC,exponential,877.691526571869,873.4681803965652,1.0,0.5151741293532338,22.92226248721603,159.75090358576637,0.0,0.033202332554105735,"[[3105, 0], [0, 2853]]","[[190, 155], [166, 151]]"
disclosure_x_bias,250,init_knn1,LSC,exponential,877.8183309452177,873.5302170417605,1.0,0.5151741293532338,22.871937077164638,159.90243130957475,0.0,0.033202332554105735,"[[3105, 0], [0, 2853]]","[[190, 155], [166, 151]]"
disclosure_x_bias,251,init_knn1,LSC,exponential,877.9947175816202,873.4192041340006,1.0,0.5151741293532338,22.909152016433715,160.09695172555814,0.0,0.033202332554105735,"[[3105, 0], [0, 2853]]","[[190, 155], [166, 151]]"
disclosure_x_bias,252,init_knn1,LSC,exponential,878.1309364277838,873.4124156969572,1.0,0.5151741293532338,22.802624789434706,160.14419348178427,0.0,0.033202332554105735,"[[3105, 0], [0, 2853]]","[[190, 155], [166, 151]]"
disclosure_x_bias,253,init_knn1,LSC,exponential,878.3168640375804,873.9145891994807,1.0,0.5151741293532338,22.907026542003127,160.03606624702363,0.0,0.033202332554105735,"[[3105, 0], [0, 2853]]","[[190, 155], [166, 151]]"
disclosure_x_bias,254,init_knn1,LSC,exponential,878.69367688126,873.9363695915966,1.0,0.5151741293532338,22.88125398866647,159.75618714620842,0.0,0.033202332554105735,"[[3105, 0], [0, 2853]]","[[190, 155], [166, 151]]"
disclosure_x_bias,255,init_knn1,LSC,exponential,878.6022593829782,874.181801366583,1.0,0.5151741293532338,22.7819489957486,159.85616588652837,0.0,0.033202332554105735,"[[3105, 0], [0, 2853]]","[[190, 155], [166, 151]]"
disclosure_x_bias,256,init_knn1,LSC,exponential,879.2107027013686,873.9962299275574,1.0,0.5151741293532338,22.55981710648231,159.96346241379516,0.0,0.033202332554105735,"[[3105, 0], [0, 2853]]","[[190, 155], [166, 151]]"
disclosure_x_bias,257,init_knn1,LSC,exponential,879.2760647344782,874.2411237384551,1.0,0.5151741293532338,22.622733283200564,160.23830527677816,0.0,0.033202332554105735,"[[3105, 0], [0, 2853]]","[[190, 155], [166, 151]]"
disclosure_x_bias,258,init_knn1,LSC,exponential,879.9118963926155,874.0586714213608,1.0,0.5151741293532338,22.49333137183732,159.93023677398182,0.0,0.033202332554105735,"[[3105, 0], [0, 2853]]","[[190, 155], [166, 151]]"
disclosure_x_bias,259,init_knn1,LSC,exponential,880.2341621249836,874.5131991494809,1.0,0.5151741293532338,22.423921563118558,160.29225351456856,0.0,0.033202332554105735,"[[3105, 0], [0, 2853]]","[[190, 155], [166, 151]]"
disclosure_x_bias,260,init_knn1,LSC,exponential,880.4736147107567,875.1561583212927,1.0,0.5151741293532338,22.645981307915527,161.09815045513835,0.0,0.033202332554105735,"[[3105, 0], [0, 2853]]","[[190, 155], [166, 151]]"
disclosure_x_bias,261,init_knn1,LSC,exponential,880.9564372740233,875.6660245496208,1.0,0.5151741293532338,22.28114346025243,160.9689517191977,0.0,0.033202332554105735,"[[3105, 0], [0, 2853]]","[[190, 155], [166, 151]]"
disclosure_x_bias,262,init_knn1,LSC,exponential,881.1834514956379,876.1182691647961,1.0,0.5151741293532338,22.44049138513655,160.87939920752714,0.0,0.033202332554105735,"[[3105, 0], [0, 2853]]","[[190, 155], [166, 151]]"
disclosure_x_bias,263,init_knn1,LSC,exponential,881.1640744819891,876.1264810108316,1.0,0.5151741293532338,22.33707743062188,160.6614492204357,0.0,0.033202332554105735,"[[3105, 0], [0, 2853]]","[[190, 155], [166, 151]]"
disclosure_x_bias,264,init_knn1,LSC,exponential,881.318652935063,876.2770878682562,1.0,0.5151741293532338,22.30290661935986,160.60467329169498,0.0,0.033202332554105735,"[[3105, 0], [0, 2853]]","[[190, 155], [166, 151]]"
disclosure_x_bias,265,init_knn1,LSC,exponential,882.038374086974,876.2471826206854,1.0,0.5151741293532338,21.922439944329525,160.8537624145899,0.0,0.033202332554105735,"[[3105, 0], [0, 2853]]","[[190, 155], [166, 151]]"
disclosure_x_bias,266,init_knn1,LSC,exponential,882.2738548454278,876.1401683567734,1.0,0.5151741293532338,22.035745251699524,160.5865267455251,0.0,0.033202332554105735,"[[3105, 0], [0, 2853]]","[[190, 155], [166, 151]]"
disclosure_x_bias,267,init_knn1,LSC,exponential,882.3567807250813,876.1341765968442,1.0,0.5151741293532338,21.840021769334918,160.60977459576492,0.0,0.033202332554105735,"[[3105, 0], [0, 2853]]","[[190, 155], [166, 151]]"
disclosure_x_bias,268,init_knn1,LSC,exponential,882.4933909774066,876.1033860650456,1.0,0.5151741293532338,21.846138144826224,160.58130196550877,0.0,0.033202332554105735,"[[3105, 0], [0, 2853]]","[[190, 155], [166, 151]]"
disclosure_x_bias,269,init_knn1,LSC,exponential,882.5966100946746,876.3740039370352,1.0,0.5151741293532338,21.775459558746054,160.82694290280824,0.0,0.033202332554105735,"[[3105, 0], [0, 2853]]","[[190, 155], [166, 151]]"
disclosure_x_bias,270,init_knn1,LSC,exponential,882.8061138877396,876.2153609124537,1.0,0.5151741293532338,21.754365144013352,160.67752376527332,0.0,0.033202332554105735,"[[3105, 0], [0, 2853]]","[[190, 155], [166, 151]]"
disclosure_x_bias,271,init_knn1,LSC,exponential,882.8751575639335,876.4011683806506,1.0,0.5151741293532338,21.558073686672298,160.92683672508312,0.0,0.033202332554105735,"[[3105, 0], [0, 2853]]","[[190, 155], [166, 151]]"
disclosure_x_bias,272,init_knn1,LSC,exponential,883.0316327213513,876.2871221381589,1.0,0.5151741293532338,21.724790012906276,160.52382031530652,0.0,0.033202332554105735,"[[3105, 0], [0, 2853]]","[[190, 155], [166, 151]]"
disclosure_x_bias,273,init_knn1,LSC,exponential,883.2671471777792,876.9418008457953,1.0,0.5151741293532338,21.687232687021993,161.0266593125903,0.0,0.033202332554105735,"[[3105, 0], [0, 2853]]","[[190, 155], [166, 151]]"
disclosure_x_bias,274,init_knn1,LSC,exponential,883.3059604092311,876.9267794539994,1.0,0.5151741293532338,21.570528474573177,161.1059778697089,0.0,0.033202332554105735,"[[3105, 0], [0, 2853]]","[[190, 155], [166, 151]]"
disclosure_x_bias,275,init_knn1,LSC,exponential,884.1085823887021,877.7817095292432,1.0,0.5151741293532338,21.730125876142885,160.84863705345973,0.0,0.033202332554105735,"[[3105, 0], [0, 2853]]","[[190, 155], [166, 151]]"
disclosure_x_bias,276,init_knn1,LSC,exponential,884.1489745978164,877.7944977785677,1.0,0.5151741293532338,21.61288297877719,160.63140162960727,0.0,0.033202332554105735,"[[3105, 0], [0, 2853]]","[[190, 155], [166, 151]]"
disclosure_x_bias,277,init_knn1,LSC,exponential,884.4293012895523,878.198199500284,1.0,0.5151741293532338,21.952617098111944,161.51587218595978,0.0,0.033202332554105735,"[[3105, 0], [0, 2853]]","[[190, 155], [166, 151]]"
disclosure_x_bias,278,init_knn1,LSC,exponential,884.5378172029874,878.0421480834408,1.0,0.5151741293532338,21.64510896106445,160.79278293342495,0.0,0.033202332554105735,"[[3105, 0], [0, 2853]]","[[190, 155], [166, 151]]"
disclosure_x_bias,279,init_knn1,LSC,exponential,884.6925687239527,878.0735911595608,1.0,0.5151741293532338,21.76387434754812,161.15386397864634,0.0,0.033202332554105735,"[[3105, 0], [0, 2853]]","[[190, 155], [166, 151]]"
disclosure_x_bias,280,init_knn1,LSC,exponential,884.7973823010132,878.3138379125487,1.0,0.5151741293532338,21.738472620806476,161.0041310016988,0.0,0.033202332554105735,"[[3105, 0], [0, 2853]]","[[190, 155], [166, 151]]"
disclosure_x_bias,281,init_knn1,LSC,exponential,885.0502375011295,878.3939859255709,1.0,0.5151741293532338,21.7525449038146,161.1823240956772,0.0,0.033202332554105735,"[[3105, 0], [0, 2853]]","[[190, 155], [166, 151]]"
disclosure_x_bias,282,init_knn1,LSC,exponential,885.4138850925353,878.6638199691695,1.0,0.5151741293532338,21.54386651868627,161.08886686770958,0.0,0.033202332554105735,"[[3105, 0], [0, 2853]]","[[190, 155], [166, 151]]"
disclosure_x_bias,283,init_knn1,LSC,exponential,885.4591043964971,878.6032070743425,1.0,0.5151741293532338,21.653932313416963,161.3286478460332,0.0,0.033202332554105735,"[[3105, 0], [0, 2853]]","[[190, 155], [166, 151]]"
disclosure_x_bias,284,init_knn1,LSC,exponential,885.9530067900884,878.9037961254395,1.0,0.5151741293532338,21.853014711723137,161.26791709668197,0.0,0.033202332554105735,"[[3105, 0], [0, 2853]]","[[190, 155], [166, 151]]"
disclosure_x_bias,285,init_knn1,LSC,exponential,886.1334786850703,878.8999302252435,1.0,0.5151741293532338,21.96758609582805,161.5388018211358,0.0,0.033202332554105735,"[[3105, 0], [0, 2853]]","[[190, 155], [166, 151]]"
disclosure_x_bias,286,init_knn1,LSC,exponential,886.2867639656184,879.244106483737,1.0,0.5151741293532338,21.861010942474557,161.282870470329,0.0,0.033202332554105735,"[[3105, 0], [0, 2853]]","[[190, 155], [166, 151]]"
disclosure_x_bias,287,init_knn1,LSC,exponential,886.4079098389591,879.2688570686278,1.0,0.5151741293532338,21.89582255663636,161.18823919406157,0.0,0.033202332554105735,"[[3105, 0], [0, 2853]]","[[190, 155], [166, 151]]"
disclosure_x_bias,288,init_knn1,LSC,exponential,886.5225987831678,879.3073856888101,1.0,0.5151741293532338,21.982511487306194,161.57056858596025,0.0,0.033202332554105735,"[[3105, 0], [0, 2853]]","[[190, 155], [166, 151]]"
disclosure_x_bias,289,init_knn1,LSC,exponential,886.9504133090464,879.5106318762055,1.0,0.5151741293532338,22.658170950048977,161.29616099923774,0.0,0.033202332554105735,"[[3105, 0], [0, 2853]]","[[190, 155], [166, 151]]"
disclosure_x_bias,290,init_knn1,LSC,exponential,886.9387235421106,879.5087165437201,1.0,0.5151741293532338,22.488824894744273,161.44163316106813,0.0,0.033202332554105735,"[[3105, 0], [0, 2853]]","[[190, 155], [166, 151]]"
disclosure_x_bias,291,init_knn1,LSC,exponential,887.1898273779556,879.560722763024,1.0,0.5151741293532338,22.625827034325695,160.85827841805033,0.0,0.033202332554105735,"[[3105, 0], [0, 2853]]","[[190, 155], [166, 151]]"
disclosure_x_bias,292,init_knn1,LSC,exponential,887.1909851139906,879.4051089685352,1.0,0.5151741293532338,22.65269271142076,161.18301119905976,0.0,0.033202332554105735,"[[3105, 0], [0, 2853]]","[[190, 155], [166, 151]]"
disclosure_x_bias,293,init_knn1,LSC,exponential,888.021994063303,879.391328593043,1.0,0.5151741293532338,22.603211830113565,161.2891169149571,0.0,0.033202332554105735,"[[3105, 0], [0, 2853]]","[[190, 155], [166, 151]]"
disclosure_x_bias,294,init_knn1,LSC,exponential,888.0633215054329,879.5476208747565,1.0,0.5151741293532338,22.60795436455757,161.48184053548698,0.0,0.033202332554105735,"[[3105, 0], [0, 2853]]","[[190, 155], [166, 151]]"
disclosure_x_bias,295,init_knn1,LSC,exponential,888.3354290630359,879.8356181844662,1.0,0.5151741293532338,22.62290374211271,161.19255994976808,0.0,0.033202332554105735,"[[3105, 0], [0, 2853]]","[[190, 155], [166, 151]]"
disclosure_x_bias,296,init_knn1,LSC,exponential,888.7060346013456,880.8389448161249,1.0,0.5151741293532338,22.658233914870223,160.9170803365772,0.0,0.033202332554105735,"[[3105, 0], [0, 2853]]","[[190, 155], [166, 151]]"
disclosure_x_bias,297,init_knn1,LSC,exponential,888.7306817784229,880.4883755775242,1.0,0.5151741293532338,22.519750641171797,160.88272682160334,0.0,0.033202332554105735,"[[3105, 0], [0, 2853]]","[[190, 155], [166, 151]]"
disclosure_x_bias,298,init_knn1,LSC,exponential,888.9239816458264,880.5081073312198,1.0,0.5151741293532338,22.640593403772854,161.01179548357084,0.0,0.033202332554105735,"[[3105, 0], [0, 2853]]","[[190, 155], [166, 151]]"
disclosure_x_bias,299,init_knn1,LSC,exponential,889.2191400098405,880.8641631032272,1.0,0.5151741293532338,22.592751196700352,161.28690201793725,0.0,0.033202332554105735,"[[3105, 0], [0, 2853]]","[[190, 155], [166, 151]]"
disclosure_x_bias,300,init_knn1,LSC,exponential,890.1097549956228,881.0295951951687,1.0,0.5151741293532338,22.586669047679543,161.2594191234086,0.0,0.033202332554105735,"[[3105, 0], [0, 2853]]","[[190, 155], [166, 151]]"
disclosure_x_bias,1,init_knn1,F1,log_loss,1.1901107006047788e-07,7.730124990636815,1.0,0.5151741293532338,3.8803399514536554e-11,0.5288059921312618,0.0,0.033202332554105735,"[[3105, 0], [0, 2853]]","[[190, 155], [166, 151]]"
disclosure_x_bias,2,init_knn1,F1,log_loss,1.1883851837037129e-07,7.73093802364432,1.0,0.5151741293532338,6.816413067864612e-11,0.5288423670212298,0.0,0.033202332554105735,"[[3105, 0], [0, 2853]]","[[190, 155], [166, 151]]"
disclosure_x_bias,3,init_knn1,F1,log_loss,1.1868663923256258e-07,7.731669816274388,1.0,0.5151741293532338,9.292333875370826e-11,0.5293346059343557,0.0,0.033202332554105735,"[[3105, 0], [0, 2853]]","[[190, 155], [166, 151]]"
disclosure_x_bias,4,init_knn1,F1,log_loss,1.185442135057983e-07,7.7321798832705095,1.0,0.5151741293532338,1.1526923761992336e-10,0.5289511075667916,0.0,0.033202332554105735,"[[3105, 0], [0, 2853]]","[[190, 155], [166, 151]]"
disclosure_x_bias,5,init_knn1,F1,log_loss,1.1841653337860861e-07,7.732953772899774,1.0,0.5151741293532338,1.3129988579848846e-10,0.5292266835524371,0.0,0.033202332554105735,"[[3105, 0], [0, 2853]]","[[190, 155], [166, 151]]"
disclosure_x_bias,6,init_knn1,F1,log_loss,1.1829300654481654e-07,7.733151025181333,1.0,0.5151741293532338,1.4471419368949383e-10,0.5294759784858605,0.0,0.033202332554105735,"[[3105, 0], [0, 2853]]","[[190, 155], [166, 151]]"
disclosure_x_bias,7,init_knn1,F1,log_loss,1.1817607232795211e-07,7.733584258196602,1.0,0.5151741293532338,1.5991090409202532e-10,0.5295306850436394,0.0,0.033202332554105735,"[[3105, 0], [0, 2853]]","[[190, 155], [166, 151]]"
disclosure_x_bias,8,init_knn1,F1,log_loss,1.1806379625434363e-07,7.73385401543135,1.0,0.5151741293532338,1.7755820595830396e-10,0.529244728187833,0.0,0.033202332554105735,"[[3105, 0], [0, 2853]]","[[190, 155], [166, 151]]"
disclosure_x_bias,9,init_knn1,F1,log_loss,1.1795926421842518e-07,7.734002227881183,1.0,0.5151741293532338,1.8880546000964173e-10,0.5291918006990963,0.0,0.033202332554105735,"[[3105, 0], [0, 2853]]","[[190, 155], [166, 151]]"
disclosure_x_bias,10,init_knn1,F1,log_loss,1.1785835758973497e-07,7.734633572187403,1.0,0.5151741293532338,2.0116642684682476e-10,0.5294713443063065,0.0,0.033202332554105735,"[[3105, 0], [0, 2853]]","[[190, 155], [166, 151]]"
disclosure_x_bias,11,init_knn1,F1,log_loss,1.1776165189863505e-07,7.7348508335341055,1.0,0.5151741293532338,2.1367671735179318e-10,0.5294797785303951,0.0,0.033202332554105735,"[[3105, 0], [0, 2853]]","[[190, 155], [166, 151]]"
disclosure_x_bias,12,init_knn1,F1,log_loss,1.1766572031789588e-07,7.735628551817102,1.0,0.5151741293532338,2.3105251821835034e-10,0.5294564341969128,0.0,0.033202332554105735,"[[3105, 0], [0, 2853]]","[[190, 155], [166, 151]]"
disclosure_x_bias,13,init_knn1,F1,log_loss,1.1757424256753433e-07,7.735671366778902,1.0,0.5151741293532338,2.397916171804938e-10,0.529374429814951,0.0,0.033202332554105735,"[[3105, 0], [0, 2853]]","[[190, 155], [166, 151]]"
disclosure_x_bias,14,init_knn1,F1,log_loss,1.1748526691842556e-07,7.7359724965332575,1.0,0.5151741293532338,2.496703371614732e-10,0.5293379951172053,0.0,0.033202332554105735,"[[3105, 0], [0, 2853]]","[[190, 155], [166, 151]]"
disclosure_x_bias,15,init_knn1,F1,log_loss,1.1739828860823583e-07,7.73606617629422,1.0,0.5151741293532338,2.57371132310167e-10,0.5293024236143885,0.0,0.033202332554105735,"[[3105, 0], [0, 2853]]","[[190, 155], [166, 151]]"
disclosure_x_bias,16,init_knn1,F1,log_loss,1.1731641759105769e-07,7.7362504041981905,1.0,0.5151741293532338,2.6347743395772157e-10,0.5294921334466753,0.0,0.033202332554105735,"[[3105, 0], [0, 2853]]","[[190, 155], [166, 151]]"
disclosure_x_bias,17,init_knn1,F1,log_loss,1.1723491594754463e-07,7.7365979015400965,1.0,0.5151741293532338,2.682651592946476e-10,0.5295942345439053,0.0,0.033202332554105735,"[[3105, 0], [0, 2853]]","[[190, 155], [166, 151]]"
disclosure_x_bias,18,init_knn1,F1,log_loss,1.1715792942102547e-07,7.736358576681641,1.0,0.5151741293532338,2.750530826342825e-10,0.529631225472375,0.0,0.033202332554105735,"[[3105, 0], [0, 2853]]","[[190, 155], [166, 151]]"
disclosure_x_bias,19,init_knn1,F1,log_loss,1.1707634337170812e-07,7.73686611251978,1.0,0.5151741293532338,2.9104608482276133e-10,0.5296222637954301,0.0,0.033202332554105735,"[[3105, 0], [0, 2853]]","[[190, 155], [166, 151]]"
disclosure_x_bias,20,init_knn1,F1,log_loss,1.1700371804375855e-07,7.737397182006964,1.0,0.5151741293532338,2.9729729035663114e-10,0.5297960747990738,0.0,0.033202332554105735,"[[3105, 0], [0, 2853]]","[[190, 155], [166, 151]]"
disclosure_x_bias,21,init_knn1,F1,log_loss,1.1693413710533718e-07,7.7374466377204225,1.0,0.5151741293532338,3.035296935216249e-10,0.5296291884184343,0.0,0.033202332554105735,"[[3105, 0], [0, 2853]]","[[190, 155], [166, 151]]"
disclosure_x_bias,22,init_knn1,F1,log_loss,1.1686456039329914e-07,7.7374488413632445,1.0,0.5151741293532338,3.0951943348332335e-10,0.5296751974795679,0.0,0.033202332554105735,"[[3105, 0], [0, 2853]]","[[190, 155], [166, 151]]"
disclosure_x_bias,23,init_knn1,F1,log_loss,1.1679221133109156e-07,7.7375957516936635,1.0,0.5151741293532338,3.1618590380792203e-10,0.5298089561116381,0.0,0.033202332554105735,"[[3105, 0], [0, 2853]]","[[190, 155], [166, 151]]"
disclosure_x_bias,24,init_knn1,F1,log_loss,1.1671837162542494e-07,7.7378056809847,1.0,0.5151741293532338,3.207970537227836e-10,0.5295381297377113,0.0,0.033202332554105735,"[[3105, 0], [0, 2853]]","[[190, 155], [166, 151]]"
disclosure_x_bias,25,init_knn1,F1,log_loss,1.1664980248119482e-07,7.738092393669857,1.0,0.5151741293532338,3.2230627067038147e-10,0.5295548051986004,0.0,0.033202332554105735,"[[3105, 0], [0, 2853]]","[[190, 155], [166, 151]]"
disclosure_x_bias,26,init_knn1,F1,log_loss,1.165775043150077e-07,7.738476211370698,1.0,0.5151741293532338,3.346166054651429e-10,0.5292946203188846,0.0,0.033202332554105735,"[[3105, 0], [0, 2853]]","[[190, 155], [166, 151]]"
disclosure_x_bias,27,init_knn1,F1,log_loss,1.1651593873026035e-07,7.738594145160873,1.0,0.5151741293532338,3.4002208835768747e-10,0.529467765828562,0.0,0.033202332554105735,"[[3105, 0], [0, 2853]]","[[190, 155], [166, 151]]"
disclosure_x_bias,28,init_knn1,F1,log_loss,1.164548695826424e-07,7.738560785057727,1.0,0.5151741293532338,3.4193345180736595e-10,0.52965268937499,0.0,0.033202332554105735,"[[3105, 0], [0, 2853]]","[[190, 155], [166, 151]]"
disclosure_x_bias,29,init_knn1,F1,log_loss,1.1639641644924387e-07,7.738681720329855,1.0,0.5151741293532338,3.467918185761181e-10,0.5299835121280457,0.0,0.033202332554105735,"[[3105, 0], [0, 2853]]","[[190, 155], [166, 151]]"
disclosure_x_bias,30,init_knn1,F1,log_loss,1.1633399911106448e-07,7.738545888189241,1.0,0.5151741293532338,3.5141918477553767e-10,0.5301847624858576,0.0,0.033202332554105735,"[[3105, 0], [0, 2853]]","[[190, 155], [166, 151]]"
disclosure_x_bias,31,init_knn1,F1,log_loss,1.1627679197223618e-07,7.738709125975385,1.0,0.5151741293532338,3.532014058737961e-10,0.5301701928243061,0.0,0.033202332554105735,"[[3105, 0], [0, 2853]]","[[190, 155], [166, 151]]"
disclosure_x_bias,32,init_knn1,F1,log_loss,1.1621795335653166e-07,7.738672213956957,1.0,0.5151741293532338,3.5911089881850866e-10,0.5302010504041389,0.0,0.033202332554105735,"[[3105, 0], [0, 2853]]","[[190, 155], [166, 151]]"
disclosure_x_bias,33,init_knn1,F1,log_loss,1.1615630599197036e-07,7.738609717451152,1.0,0.5151741293532338,3.634790062918548e-10,0.5302177686678536,0.0,0.033202332554105735,"[[3105, 0], [0, 2853]]","[[190, 155], [166, 151]]"
disclosure_x_bias,34,init_knn1,F1,log_loss,1.1610278839284716e-07,7.739064936704535,1.0,0.5151741293532338,3.66232405641416e-10,0.530542149609326,0.0,0.033202332554105735,"[[3105, 0], [0, 2853]]","[[190, 155], [166, 151]]"
disclosure_x_bias,35,init_knn1,F1,log_loss,1.1604738671595373e-07,7.7391320602532305,1.0,0.5151741293532338,3.656936174389309e-10,0.530674819592825,0.0,0.033202332554105735,"[[3105, 0], [0, 2853]]","[[190, 155], [166, 151]]"
disclosure_x_bias,36,init_knn1,F1,log_loss,1.1599309777923217e-07,7.739402662522027,1.0,0.5151741293532338,3.689967044368319e-10,0.5308056120177247,0.0,0.033202332554105735,"[[3105, 0], [0, 2853]]","[[190, 155], [166, 151]]"
disclosure_x_bias,37,init_knn1,F1,log_loss,1.1594145549155352e-07,7.739463022909954,1.0,0.5151741293532338,3.720579861532098e-10,0.5308409512095722,0.0,0.033202332554105735,"[[3105, 0], [0, 2853]]","[[190, 155], [166, 151]]"
disclosure_x_bias,38,init_knn1,F1,log_loss,1.158878309553985e-07,7.73945460689188,1.0,0.5151741293532338,3.708481650324754e-10,0.5308956661337291,0.0,0.033202332554105735,"[[3105, 0], [0, 2853]]","[[190, 155], [166, 151]]"
disclosure_x_bias,39,init_knn1,F1,log_loss,1.1583360599101247e-07,7.739742143035332,1.0,0.5151741293532338,3.825416724833674e-10,0.5303166476803594,0.0,0.033202332554105735,"[[3105, 0], [0, 2853]]","[[190, 155], [166, 151]]"
disclosure_x_bias,40,init_knn1,F1,log_loss,1.1578011195074476e-07,7.739902841243991,1.0,0.5151741293532338,3.9056636885105005e-10,0.5303933005798306,0.0,0.033202332554105735,"[[3105, 0], [0, 2853]]","[[190, 155], [166, 151]]"
disclosure_x_bias,41,init_knn1,F1,log_loss,1.1573045955153513e-07,7.739865798352591,1.0,0.5151741293532338,3.896628658004785e-10,0.5307021755163663,0.0,0.033202332554105735,"[[3105, 0], [0, 2853]]","[[190, 155], [166, 151]]"
disclosure_x_bias,42,init_knn1,F1,log_loss,1.1567825327658411e-07,7.739996835836787,1.0,0.5151741293532338,3.927322767825754e-10,0.5306264922740972,0.0,0.033202332554105735,"[[3105, 0], [0, 2853]]","[[190, 155], [166, 151]]"
disclosure_x_bias,43,init_knn1,F1,log_loss,1.1563179612156659e-07,7.740001316672831,1.0,0.5151741293532338,3.929602685725245e-10,0.5307588341292616,0.0,0.033202332554105735,"[[3105, 0], [0, 2853]]","[[190, 155], [166, 151]]"
disclosure_x_bias,44,init_knn1,F1,log_loss,1.1558192643950826e-07,7.739894221207935,1.0,0.5151741293532338,3.9732143610834976e-10,0.5307941407397341,0.0,0.033202332554105735,"[[3105, 0], [0, 2853]]","[[190, 155], [166, 151]]"
disclosure_x_bias,45,init_knn1,F1,log_loss,1.1554001642111022e-07,7.7401984247785505,1.0,0.5151741293532338,3.98930524712332e-10,0.5307993958088394,0.0,0.033202332554105735,"[[3105, 0], [0, 2853]]","[[190, 155], [166, 151]]"
disclosure_x_bias,46,init_knn1,F1,log_loss,1.1549341315859706e-07,7.74046227726415,1.0,0.5151741293532338,3.999038041705874e-10,0.530880607792129,0.0,0.033202332554105735,"[[3105, 0], [0, 2853]]","[[190, 155], [166, 151]]"
disclosure_x_bias,47,init_knn1,F1,log_loss,1.154431447140136e-07,7.74087561882232,1.0,0.5151741293532338,4.100398150319257e-10,0.5308690760343803,0.0,0.033202332554105735,"[[3105, 0], [0, 2853]]","[[190, 155], [166, 151]]"
disclosure_x_bias,48,init_knn1,F1,log_loss,1.1539771201898291e-07,7.740830790511157,1.0,0.5151741293532338,4.13610909692791e-10,0.5309504100455895,0.0,0.033202332554105735,"[[3105, 0], [0, 2853]]","[[190, 155], [166, 151]]"
disclosure_x_bias,49,init_knn1,F1,log_loss,1.1535192036114556e-07,7.740855211405297,1.0,0.5151741293532338,4.142804370888062e-10,0.5310712120297368,0.0,0.033202332554105735,"[[3105, 0], [0, 2853]]","[[190, 155], [166, 151]]"
disclosure_x_bias,50,init_knn1,F1,log_loss,1.1530639667759483e-07,7.740883447432607,1.0,0.5151741293532338,4.147727114973279e-10,0.5313156822553831,0.0,0.033202332554105735,"[[3105, 0], [0, 2853]]","[[190, 155], [166, 151]]"
disclosure_x_bias,51,init_knn1,F1,log_loss,1.1526723683312029e-07,7.740867860134371,1.0,0.5151741293532338,4.152975588238323e-10,0.5313884509113143,0.0,0.033202332554105735,"[[3105, 0], [0, 2853]]","[[190, 155], [166, 151]]"
disclosure_x_bias,52,init_knn1,F1,log_loss,1.1522753525028516e-07,7.741042289657034,1.0,0.5151741293532338,4.189792754575993e-10,0.5313230457929982,0.0,0.033202332554105735,"[[3105, 0], [0, 2853]]","[[190, 155], [166, 151]]"
disclosure_x_bias,53,init_knn1,F1,log_loss,1.151864690617003e-07,7.741283175483193,1.0,0.5151741293532338,4.23273328321321e-10,0.5310220579246491,0.0,0.033202332554105735,"[[3105, 0], [0, 2853]]","[[190, 155], [166, 151]]"
disclosure_x_bias,54,init_knn1,F1,log_loss,1.1514393642670195e-07,7.741650905061702,1.0,0.5151741293532338,4.213426132528737e-10,0.5308453635427915,0.0,0.033202332554105735,"[[3105, 0], [0, 2853]]","[[190, 155], [166, 151]]"
disclosure_x_bias,55,init_knn1,F1,log_loss,1.1510555486917093e-07,7.741669545626218,1.0,0.5151741293532338,4.194981815056973e-10,0.5311147521230689,0.0,0.033202332554105735,"[[3105, 0], [0, 2853]]","[[190, 155], [166, 151]]"
disclosure_x_bias,56,init_knn1,F1,log_loss,1.1506345023698271e-07,7.741572898207062,1.0,0.5151741293532338,4.198217124324698e-10,0.5311196887660605,0.0,0.033202332554105735,"[[3105, 0], [0, 2853]]","[[190, 155], [166, 151]]"
disclosure_x_bias,57,init_knn1,F1,log_loss,1.1502756466432218e-07,7.741828378871537,1.0,0.5151741293532338,4.209626910733305e-10,0.5310130845744131,0.0,0.033202332554105735,"[[3105, 0], [0, 2853]]","[[190, 155], [166, 151]]"
disclosure_x_bias,58,init_knn1,F1,log_loss,1.1498642454427678e-07,7.741835979394321,1.0,0.5151741293532338,4.223821298826545e-10,0.531053106281499,0.0,0.033202332554105735,"[[3105, 0], [0, 2853]]","[[190, 155], [166, 151]]"
disclosure_x_bias,59,init_knn1,F1,log_loss,1.1494588784857851e-07,7.741840093457301,1.0,0.5151741293532338,4.2267447702034763e-10,0.5312240969930087,0.0,0.033202332554105735,"[[3105, 0], [0, 2853]]","[[190, 155], [166, 151]]"
disclosure_x_bias,60,init_knn1,F1,log_loss,1.1490447015829101e-07,7.742038398548925,1.0,0.5151741293532338,4.2338452978614745e-10,0.5310753914791234,0.0,0.033202332554105735,"[[3105, 0], [0, 2853]]","[[190, 155], [166, 151]]"
disclosure_x_bias,61,init_knn1,F1,log_loss,1.1486930729373525e-07,7.742236579497899,1.0,0.5151741293532338,4.2481718079903645e-10,0.5312981877830826,0.0,0.033202332554105735,"[[3105, 0], [0, 2853]]","[[190, 155], [166, 151]]"
disclosure_x_bias,62,init_knn1,F1,log_loss,1.1483554914883228e-07,7.742378337428209,1.0,0.5151741293532338,4.2647253620279294e-10,0.5314283463094605,0.0,0.033202332554105735,"[[3105, 0], [0, 2853]]","[[190, 155], [166, 151]]"
disclosure_x_bias,63,init_knn1,F1,log_loss,1.1480222773973115e-07,7.742493366624673,1.0,0.5151741293532338,4.27037151375786e-10,0.5311708636486795,0.0,0.033202332554105735,"[[3105, 0], [0, 2853]]","[[190, 155], [166, 151]]"
disclosure_x_bias,64,init_knn1,F1,log_loss,1.1476692467904408e-07,7.742588442096431,1.0,0.5151741293532338,4.306339848827688e-10,0.5313685734823111,0.0,0.033202332554105735,"[[3105, 0], [0, 2853]]","[[190, 155], [166, 151]]"
disclosure_x_bias,65,init_knn1,F1,log_loss,1.1472841160959244e-07,7.74304127626183,1.0,0.5151741293532338,4.448032238583642e-10,0.5310943844628612,0.0,0.033202332554105735,"[[3105, 0], [0, 2853]]","[[190, 155], [166, 151]]"
disclosure_x_bias,66,init_knn1,F1,log_loss,1.1469422065296683e-07,7.742960165052797,1.0,0.5151741293532338,4.45163782184468e-10,0.5313862789772151,0.0,0.033202332554105735,"[[3105, 0], [0, 2853]]","[[190, 155], [166, 151]]"
disclosure_x_bias,67,init_knn1,F1,log_loss,1.1466137379073932e-07,7.743160943026103,1.0,0.5151741293532338,4.465808315569898e-10,0.5312655026870978,0.0,0.033202332554105735,"[[3105, 0], [0, 2853]]","[[190, 155], [166, 151]]"
disclosure_x_bias,68,init_knn1,F1,log_loss,1.1462782458737438e-07,7.743212723582056,1.0,0.5151741293532338,4.4921644119436183e-10,0.5310521023566614,0.0,0.033202332554105735,"[[3105, 0], [0, 2853]]","[[190, 155], [166, 151]]"
disclosure_x_bias,69,init_knn1,F1,log_loss,1.1459428148335333e-07,7.743368969686062,1.0,0.5151741293532338,4.484358209613681e-10,0.5309262030198494,0.0,0.033202332554105735,"[[3105, 0], [0, 2853]]","[[190, 155], [166, 151]]"
disclosure_x_bias,70,init_knn1,F1,log_loss,1.145611221275464e-07,7.743093412106687,1.0,0.5151741293532338,4.457100788311645e-10,0.5310078176988559,0.0,0.033202332554105735,"[[3105, 0], [0, 2853]]","[[190, 155], [166, 151]]"
disclosure_x_bias,71,init_knn1,F1,log_loss,1.1452571705175178e-07,7.743411008423361,1.0,0.5151741293532338,4.4405796869991555e-10,0.5310969674510866,0.0,0.033202332554105735,"[[3105, 0], [0, 2853]]","[[190, 155], [166, 151]]"
disclosure_x_bias,72,init_knn1,F1,log_loss,1.1448973845418112e-07,7.743293058493698,1.0,0.5151741293532338,4.4468253453132534e-10,0.5310203221468814,0.0,0.033202332554105735,"[[3105, 0], [0, 2853]]","[[190, 155], [166, 151]]"
disclosure_x_bias,73,init_knn1,F1,log_loss,1.1445926191531713e-07,7.743412660457727,1.0,0.5151741293532338,4.4908680267702303e-10,0.5310824547312611,0.0,0.033202332554105735,"[[3105, 0], [0, 2853]]","[[190, 155], [166, 151]]"
disclosure_x_bias,74,init_knn1,F1,log_loss,1.1442947111430669e-07,7.743363812443597,1.0,0.5151741293532338,4.5056046999726867e-10,0.5310706878072674,0.0,0.033202332554105735,"[[3105, 0], [0, 2853]]","[[190, 155], [166, 151]]"
disclosure_x_bias,75,init_knn1,F1,log_loss,1.1440097389465154e-07,7.743470944631122,1.0,0.5151741293532338,4.5199067264755383e-10,0.5310958529320267,0.0,0.033202332554105735,"[[3105, 0], [0, 2853]]","[[190, 155], [166, 151]]"
disclosure_x_bias,76,init_knn1,F1,log_loss,1.1436903116956038e-07,7.743449892581529,1.0,0.5151741293532338,4.5075662771562047e-10,0.5309818840961769,0.0,0.033202332554105735,"[[3105, 0], [0, 2853]]","[[190, 155], [166, 151]]"
disclosure_x_bias,77,init_knn1,F1,log_loss,1.1433913726324841e-07,7.743499407258257,1.0,0.5151741293532338,4.50525999522402e-10,0.5312557038825219,0.0,0.033202332554105735,"[[3105, 0], [0, 2853]]","[[190, 155], [166, 151]]"
disclosure_x_bias,78,init_knn1,F1,log_loss,1.1431161996088796e-07,7.743907201907069,1.0,0.5151741293532338,4.5133990032808184e-10,0.5310571348500054,0.0,0.033202332554105735,"[[3105, 0], [0, 2853]]","[[190, 155], [166, 151]]"
disclosure_x_bias,79,init_knn1,F1,log_loss,1.1426989806382717e-07,7.74418567603319,1.0,0.5151741293532338,4.593074813939451e-10,0.5306546988466676,0.0,0.033202332554105735,"[[3105, 0], [0, 2853]]","[[190, 155], [166, 151]]"
disclosure_x_bias,80,init_knn1,F1,log_loss,1.1423588431056411e-07,7.7441951594544705,1.0,0.5151741293532338,4.6380048621464967e-10,0.5307101662503007,0.0,0.033202332554105735,"[[3105, 0], [0, 2853]]","[[190, 155], [166, 151]]"
disclosure_x_bias,81,init_knn1,F1,log_loss,1.1420745144743707e-07,7.74411258177336,1.0,0.5151741293532338,4.64850224302805e-10,0.5307155259352104,0.0,0.033202332554105735,"[[3105, 0], [0, 2853]]","[[190, 155], [166, 151]]"
disclosure_x_bias,82,init_knn1,F1,log_loss,1.1417994277164935e-07,7.744100230887734,1.0,0.5151741293532338,4.655596667774135e-10,0.530730910898178,0.0,0.033202332554105735,"[[3105, 0], [0, 2853]]","[[190, 155], [166, 151]]"
disclosure_x_bias,83,init_knn1,F1,log_loss,1.1415134872179328e-07,7.744225201262364,1.0,0.5151741293532338,4.669212267249759e-10,0.5306591825648201,0.0,0.033202332554105735,"[[3105, 0], [0, 2853]]","[[190, 155], [166, 151]]"
disclosure_x_bias,84,init_knn1,F1,log_loss,1.1412371079544367e-07,7.744367858491984,1.0,0.5151741293532338,4.684871043812228e-10,0.5309107362621912,0.0,0.033202332554105735,"[[3105, 0], [0, 2853]]","[[190, 155], [166, 151]]"
disclosure_x_bias,85,init_knn1,F1,log_loss,1.1409440170948218e-07,7.74432101917063,1.0,0.5151741293532338,4.739137480801162e-10,0.5307378008202247,0.0,0.033202332554105735,"[[3105, 0], [0, 2853]]","[[190, 155], [166, 151]]"
disclosure_x_bias,86,init_knn1,F1,log_loss,1.1406660841033031e-07,7.744308489600551,1.0,0.5151741293532338,4.759771026539693e-10,0.5305589143811686,0.0,0.033202332554105735,"[[3105, 0], [0, 2853]]","[[190, 155], [166, 151]]"
disclosure_x_bias,87,init_knn1,F1,log_loss,1.1403773291273828e-07,7.744387445011964,1.0,0.5151741293532338,4.732373146962741e-10,0.5306997359309265,0.0,0.033202332554105735,"[[3105, 0], [0, 2853]]","[[190, 155], [166, 151]]"
disclosure_x_bias,88,init_knn1,F1,log_loss,1.1401107733479331e-07,7.74446624124145,1.0,0.5151741293532338,4.736149309587483e-10,0.5309225127616155,0.0,0.033202332554105735,"[[3105, 0], [0, 2853]]","[[190, 155], [166, 151]]"
disclosure_x_bias,89,init_knn1,F1,log_loss,1.1398266183701102e-07,7.744328353616963,1.0,0.5151741293532338,4.752381086113116e-10,0.530936891085691,0.0,0.033202332554105735,"[[3105, 0], [0, 2853]]","[[190, 155], [166, 151]]"
disclosure_x_bias,90,init_knn1,F1,log_loss,1.1395283162431253e-07,7.744543785528352,1.0,0.5151741293532338,4.749102941389217e-10,0.530612649690962,0.0,0.033202332554105735,"[[3105, 0], [0, 2853]]","[[190, 155], [166, 151]]"
disclosure_x_bias,91,init_knn1,F1,log_loss,1.1392686262854158e-07,7.744638495645903,1.0,0.5151741293532338,4.754208276929737e-10,0.530658176197921,0.0,0.033202332554105735,"[[3105, 0], [0, 2853]]","[[190, 155], [166, 151]]"
disclosure_x_bias,92,init_knn1,F1,log_loss,1.1390000205238385e-07,7.744658391286656,1.0,0.5151741293532338,4.715913433020079e-10,0.5306790619200757,0.0,0.033202332554105735,"[[3105, 0], [0, 2853]]","[[190, 155], [166, 151]]"
disclosure_x_bias,93,init_knn1,F1,log_loss,1.1387523420531026e-07,7.745077262591133,1.0,0.5151741293532338,4.733292570059005e-10,0.5305276762269135,0.0,0.033202332554105735,"[[3105, 0], [0, 2853]]","[[190, 155], [166, 151]]"
disclosure_x_bias,94,init_knn1,F1,log_loss,1.1384740781840757e-07,7.744941317561486,1.0,0.5151741293532338,4.795346912012989e-10,0.5305982064496239,0.0,0.033202332554105735,"[[3105, 0], [0, 2853]]","[[190, 155], [166, 151]]"
disclosure_x_bias,95,init_knn1,F1,log_loss,1.1382496822998897e-07,7.7450242188516825,1.0,0.5151741293532338,4.810205989576127e-10,0.5308168646444456,0.0,0.033202332554105735,"[[3105, 0], [0, 2853]]","[[190, 155], [166, 151]]"
disclosure_x_bias,96,init_knn1,F1,log_loss,1.1379930216668741e-07,7.744876801077245,1.0,0.5151741293532338,4.806490337051976e-10,0.5307938383146569,0.0,0.033202332554105735,"[[3105, 0], [0, 2853]]","[[190, 155], [166, 151]]"
disclosure_x_bias,97,init_knn1,F1,log_loss,1.1377281780317242e-07,7.745055236541444,1.0,0.5151741293532338,4.801233074104522e-10,0.530836132886054,0.0,0.033202332554105735,"[[3105, 0], [0, 2853]]","[[190, 155], [166, 151]]"
disclosure_x_bias,98,init_knn1,F1,log_loss,1.1374560417404884e-07,7.745226238969698,1.0,0.5151741293532338,4.791734300918997e-10,0.5308607816279185,0.0,0.033202332554105735,"[[3105, 0], [0, 2853]]","[[190, 155], [166, 151]]"
disclosure_x_bias,99,init_knn1,F1,log_loss,1.1372168268994693e-07,7.745252630671791,1.0,0.5151741293532338,4.798419967217379e-10,0.531047304744841,0.0,0.033202332554105735,"[[3105, 0], [0, 2853]]","[[190, 155], [166, 151]]"
disclosure_x_bias,100,init_knn1,F1,log_loss,1.1369508787478443e-07,7.7452174369367786,1.0,0.5151741293532338,4.803528021973768e-10,0.5309000906498261,0.0,0.033202332554105735,"[[3105, 0], [0, 2853]]","[[190, 155], [166, 151]]"
disclosure_x_bias,101,init_knn1,F1,log_loss,1.1366942739698082e-07,7.7451681742951966,1.0,0.5151741293532338,4.798775742984365e-10,0.5307768657339151,0.0,0.033202332554105735,"[[3105, 0], [0, 2853]]","[[190, 155], [166, 151]]"
disclosure_x_bias,102,init_knn1,F1,log_loss,1.1363956998966769e-07,7.745537392380163,1.0,0.5151741293532338,4.85790189042251e-10,0.5305737488822715,0.0,0.033202332554105735,"[[3105, 0], [0, 2853]]","[[190, 155], [166, 151]]"
disclosure_x_bias,103,init_knn1,F1,log_loss,1.1361476841440799e-07,7.745708590186213,1.0,0.5151741293532338,4.853689938534356e-10,0.5306971855317009,0.0,0.033202332554105735,"[[3105, 0], [0, 2853]]","[[190, 155], [166, 151]]"
disclosure_x_bias,104,init_knn1,F1,log_loss,1.135867259638173e-07,7.74561402465554,1.0,0.5151741293532338,4.873271901151462e-10,0.5307271025848155,0.0,0.033202332554105735,"[[3105, 0], [0, 2853]]","[[190, 155], [166, 151]]"
disclosure_x_bias,105,init_knn1,F1,log_loss,1.1356499664951362e-07,7.745641256003071,1.0,0.5151741293532338,4.873272357231878e-10,0.5307516393368907,0.0,0.033202332554105735,"[[3105, 0], [0, 2853]]","[[190, 155], [166, 151]]"
disclosure_x_bias,106,init_knn1,F1,log_loss,1.1354430196441894e-07,7.745636403788569,1.0,0.5151741293532338,4.875456678540433e-10,0.5305740894197633,0.0,0.033202332554105735,"[[3105, 0], [0, 2853]]","[[190, 155], [166, 151]]"
disclosure_x_bias,107,init_knn1,F1,log_loss,1.1352277630799938e-07,7.745900952673409,1.0,0.5151741293532338,4.878098128329747e-10,0.5304918332891879,0.0,0.033202332554105735,"[[3105, 0], [0, 2853]]","[[190, 155], [166, 151]]"
disclosure_x_bias,108,init_knn1,F1,log_loss,1.1349982646006879e-07,7.746143610282258,1.0,0.5151741293532338,4.884205251885084e-10,0.5304200841307736,0.0,0.033202332554105735,"[[3105, 0], [0, 2853]]","[[190, 155], [166, 151]]"
disclosure_x_bias,109,init_knn1,F1,log_loss,1.1347521937710953e-07,7.7463082978827655,1.0,0.5151741293532338,4.924917664528557e-10,0.53043241481295,0.0,0.033202332554105735,"[[3105, 0], [0, 2853]]","[[190, 155], [166, 151]]"
disclosure_x_bias,110,init_knn1,F1,log_loss,1.134527095441149e-07,7.746430751684993,1.0,0.5151741293532338,4.928795893200501e-10,0.5305232513749492,0.0,0.033202332554105735,"[[3105, 0], [0, 2853]]","[[190, 155], [166, 151]]"
disclosure_x_bias,111,init_knn1,F1,log_loss,1.1342950561246136e-07,7.746647134369749,1.0,0.5151741293532338,4.977407695282575e-10,0.5303176470639317,0.0,0.033202332554105735,"[[3105, 0], [0, 2853]]","[[190, 155], [166, 151]]"
disclosure_x_bias,112,init_knn1,F1,log_loss,1.1340712395355339e-07,7.746728073831212,1.0,0.5151741293532338,4.962672213892151e-10,0.5303227884845325,0.0,0.033202332554105735,"[[3105, 0], [0, 2853]]","[[190, 155], [166, 151]]"
disclosure_x_bias,113,init_knn1,F1,log_loss,1.1338565371937798e-07,7.746764887885824,1.0,0.5151741293532338,4.96034219295965e-10,0.530535644907824,0.0,0.033202332554105735,"[[3105, 0], [0, 2853]]","[[190, 155], [166, 151]]"
disclosure_x_bias,114,init_knn1,F1,log_loss,1.1336640026969572e-07,7.746728351274035,1.0,0.5151741293532338,4.9708412179292e-10,0.5304341466961973,0.0,0.033202332554105735,"[[3105, 0], [0, 2853]]","[[190, 155], [166, 151]]"
disclosure_x_bias,115,init_knn1,F1,log_loss,1.1334418737594787e-07,7.746683874849053,1.0,0.5151741293532338,5.006102564025311e-10,0.5305918171935673,0.0,0.033202332554105735,"[[3105, 0], [0, 2853]]","[[190, 155], [166, 151]]"
disclosure_x_bias,116,init_knn1,F1,log_loss,1.133233658665988e-07,7.746788423750199,1.0,0.5151741293532338,5.007345483086175e-10,0.5308843849712287,0.0,0.033202332554105735,"[[3105, 0], [0, 2853]]","[[190, 155], [166, 151]]"
disclosure_x_bias,117,init_knn1,F1,log_loss,1.1330398743017334e-07,7.746877184092251,1.0,0.5151741293532338,5.013604785861878e-10,0.5306627670651474,0.0,0.033202332554105735,"[[3105, 0], [0, 2853]]","[[190, 155], [166, 151]]"
disclosure_x_bias,118,init_knn1,F1,log_loss,1.1328202066151149e-07,7.74689320275313,1.0,0.5151741293532338,5.013550678474533e-10,0.5307017964109007,0.0,0.033202332554105735,"[[3105, 0], [0, 2853]]","[[190, 155], [166, 151]]"
disclosure_x_bias,119,init_knn1,F1,log_loss,1.1326020806352502e-07,7.746973972843111,1.0,0.5151741293532338,5.011608439571204e-10,0.5307354726308867,0.0,0.033202332554105735,"[[3105, 0], [0, 2853]]","[[190, 155], [166, 151]]"
disclosure_x_bias,120,init_knn1,F1,log_loss,1.1323615605261773e-07,7.747067773433166,1.0,0.5151741293532338,4.989963457214793e-10,0.5309314648234026,0.0,0.033202332554105735,"[[3105, 0], [0, 2853]]","[[190, 155], [166, 151]]"
disclosure_x_bias,121,init_knn1,F1,log_loss,1.1321077169507588e-07,7.747057230568591,1.0,0.5151741293532338,5.023674420334971e-10,0.5311207011501262,0.0,0.033202332554105735,"[[3105, 0], [0, 2853]]","[[190, 155], [166, 151]]"
disclosure_x_bias,122,init_knn1,F1,log_loss,1.1318849606321581e-07,7.7470484348822195,1.0,0.5151741293532338,5.044523631006662e-10,0.5310764312466438,0.0,0.033202332554105735,"[[3105, 0], [0, 2853]]","[[190, 155], [166, 151]]"
disclosure_x_bias,123,init_knn1,F1,log_loss,1.1316881501329438e-07,7.747073014738794,1.0,0.5151741293532338,5.037044529382294e-10,0.5312021127682114,0.0,0.033202332554105735,"[[3105, 0], [0, 2853]]","[[190, 155], [166, 151]]"
disclosure_x_bias,124,init_knn1,F1,log_loss,1.1314785390772905e-07,7.747115860728132,1.0,0.5151741293532338,5.034944458749586e-10,0.531296622255588,0.0,0.033202332554105735,"[[3105, 0], [0, 2853]]","[[190, 155], [166, 151]]"
disclosure_x_bias,125,init_knn1,F1,log_loss,1.1312913011022364e-07,7.7471926136011735,1.0,0.5151741293532338,5.039563846827386e-10,0.5313209916675237,0.0,0.033202332554105735,"[[3105, 0], [0, 2853]]","[[190, 155], [166, 151]]"
disclosure_x_bias,126,init_knn1,F1,log_loss,1.1311103997320897e-07,7.74726432584824,1.0,0.5151741293532338,5.045501782510162e-10,0.5314320109591611,0.0,0.033202332554105735,"[[3105, 0], [0, 2853]]","[[190, 155], [166, 151]]"
disclosure_x_bias,127,init_knn1,F1,log_loss,1.1309241872704591e-07,7.747122208575464,1.0,0.5151741293532338,5.045709768433762e-10,0.531385259248661,0.0,0.033202332554105735,"[[3105, 0], [0, 2853]]","[[190, 155], [166, 151]]"
disclosure_x_bias,128,init_knn1,F1,log_loss,1.1307370242236133e-07,7.747169047323919,1.0,0.5151741293532338,5.048109737341633e-10,0.5313109263961748,0.0,0.033202332554105735,"[[3105, 0], [0, 2853]]","[[190, 155], [166, 151]]"
disclosure_x_bias,129,init_knn1,F1,log_loss,1.1305475056067114e-07,7.746941091392772,1.0,0.5151741293532338,5.043782354270734e-10,0.531312411659159,0.0,0.033202332554105735,"[[3105, 0], [0, 2853]]","[[190, 155], [166, 151]]"
disclosure_x_bias,130,init_knn1,F1,log_loss,1.1303293027971361e-07,7.746931081706267,1.0,0.5151741293532338,4.99086669814921e-10,0.5311760062448081,0.0,0.033202332554105735,"[[3105, 0], [0, 2853]]","[[190, 155], [166, 151]]"
disclosure_x_bias,131,init_knn1,F1,log_loss,1.1301240152091794e-07,7.7470321874188866,1.0,0.5151741293532338,4.982802182813688e-10,0.5314353873237332,0.0,0.033202332554105735,"[[3105, 0], [0, 2853]]","[[190, 155], [166, 151]]"
disclosure_x_bias,132,init_knn1,F1,log_loss,1.1299186529837675e-07,7.747013660639792,1.0,0.5151741293532338,4.972488960307433e-10,0.5313868890785299,0.0,0.033202332554105735,"[[3105, 0], [0, 2853]]","[[190, 155], [166, 151]]"
disclosure_x_bias,133,init_knn1,F1,log_loss,1.1297085287699351e-07,7.74717008268162,1.0,0.5151741293532338,4.97295214958437e-10,0.5313901292216965,0.0,0.033202332554105735,"[[3105, 0], [0, 2853]]","[[190, 155], [166, 151]]"
disclosure_x_bias,134,init_knn1,F1,log_loss,1.1295142218703643e-07,7.746969577248743,1.0,0.5151741293532338,4.98332497545768e-10,0.5313380264966967,0.0,0.033202332554105735,"[[3105, 0], [0, 2853]]","[[190, 155], [166, 151]]"
disclosure_x_bias,135,init_knn1,F1,log_loss,1.1292597551899113e-07,7.746910041384503,1.0,0.5151741293532338,5.019720781185939e-10,0.5314311483459311,0.0,0.033202332554105735,"[[3105, 0], [0, 2853]]","[[190, 155], [166, 151]]"
disclosure_x_bias,136,init_knn1,F1,log_loss,1.1290684192407188e-07,7.747119537063389,1.0,0.5151741293532338,5.01405650118775e-10,0.5315470093468679,0.0,0.033202332554105735,"[[3105, 0], [0, 2853]]","[[190, 155], [166, 151]]"
disclosure_x_bias,137,init_knn1,F1,log_loss,1.128837838268134e-07,7.747301704764228,1.0,0.5151741293532338,5.101506163947361e-10,0.5312549343600509,0.0,0.033202332554105735,"[[3105, 0], [0, 2853]]","[[190, 155], [166, 151]]"
disclosure_x_bias,138,init_knn1,F1,log_loss,1.1286615776392045e-07,7.7473536207993146,1.0,0.5151741293532338,5.104580231272127e-10,0.5313970571629648,0.0,0.033202332554105735,"[[3105, 0], [0, 2853]]","[[190, 155], [166, 151]]"
disclosure_x_bias,139,init_knn1,F1,log_loss,1.1284600116211478e-07,7.747362637296521,1.0,0.5151741293532338,5.110021145191073e-10,0.530995767921327,0.0,0.033202332554105735,"[[3105, 0], [0, 2853]]","[[190, 155], [166, 151]]"
disclosure_x_bias,140,init_knn1,F1,log_loss,1.1282701406922531e-07,7.747427138235146,1.0,0.5151741293532338,5.114747697615241e-10,0.5312922768945472,0.0,0.033202332554105735,"[[3105, 0], [0, 2853]]","[[190, 155], [166, 151]]"
disclosure_x_bias,141,init_knn1,F1,log_loss,1.1280965915591465e-07,7.747276613970247,1.0,0.5151741293532338,5.114501815155084e-10,0.5312373047497353,0.0,0.033202332554105735,"[[3105, 0], [0, 2853]]","[[190, 155], [166, 151]]"
disclosure_x_bias,142,init_knn1,F1,log_loss,1.1278985330922877e-07,7.747370428243282,1.0,0.5151741293532338,5.109730955661247e-10,0.5313404446986753,0.0,0.033202332554105735,"[[3105, 0], [0, 2853]]","[[190, 155], [166, 151]]"
disclosure_x_bias,143,init_knn1,F1,log_loss,1.1277247987343562e-07,7.747382519620366,1.0,0.5151741293532338,5.111248156709243e-10,0.5312324702709097,0.0,0.033202332554105735,"[[3105, 0], [0, 2853]]","[[190, 155], [166, 151]]"
disclosure_x_bias,144,init_knn1,F1,log_loss,1.1275426896841572e-07,7.74746145522266,1.0,0.5151741293532338,5.118785265935402e-10,0.5313814130886728,0.0,0.033202332554105735,"[[3105, 0], [0, 2853]]","[[190, 155], [166, 151]]"
disclosure_x_bias,145,init_knn1,F1,log_loss,1.1273292353903677e-07,7.747395898144077,1.0,0.5151741293532338,5.084677329294498e-10,0.5312497298458806,0.0,0.033202332554105735,"[[3105, 0], [0, 2853]]","[[190, 155], [166, 151]]"
disclosure_x_bias,146,init_knn1,F1,log_loss,1.1271161141125022e-07,7.747290606850631,1.0,0.5151741293532338,5.124386658578414e-10,0.5315985652037919,0.0,0.033202332554105735,"[[3105, 0], [0, 2853]]","[[190, 155], [166, 151]]"
disclosure_x_bias,147,init_knn1,F1,log_loss,1.1269240612014543e-07,7.747268623288818,1.0,0.5151741293532338,5.164713626059988e-10,0.5315661822094475,0.0,0.033202332554105735,"[[3105, 0], [0, 2853]]","[[190, 155], [166, 151]]"
disclosure_x_bias,148,init_knn1,F1,log_loss,1.1267555866337195e-07,7.747394243624152,1.0,0.5151741293532338,5.162905059517181e-10,0.5316651896436169,0.0,0.033202332554105735,"[[3105, 0], [0, 2853]]","[[190, 155], [166, 151]]"
disclosure_x_bias,149,init_knn1,F1,log_loss,1.1265658892907528e-07,7.7474695165918375,1.0,0.5151741293532338,5.149161541985766e-10,0.5316164929956803,0.0,0.033202332554105735,"[[3105, 0], [0, 2853]]","[[190, 155], [166, 151]]"
disclosure_x_bias,150,init_knn1,F1,log_loss,1.1263450917505134e-07,7.747395337088956,1.0,0.5151741293532338,5.133251658059871e-10,0.5315832203160775,0.0,0.033202332554105735,"[[3105, 0], [0, 2853]]","[[190, 155], [166, 151]]"
disclosure_x_bias,151,init_knn1,F1,log_loss,1.1261605662011409e-07,7.747523379039757,1.0,0.5151741293532338,5.123224834221831e-10,0.5315660462150356,0.0,0.033202332554105735,"[[3105, 0], [0, 2853]]","[[190, 155], [166, 151]]"
disclosure_x_bias,152,init_knn1,F1,log_loss,1.1259784070897662e-07,7.747556397960119,1.0,0.5151741293532338,5.113161532211795e-10,0.5316600955841452,0.0,0.033202332554105735,"[[3105, 0], [0, 2853]]","[[190, 155], [166, 151]]"
disclosure_x_bias,153,init_knn1,F1,log_loss,1.1257874301905633e-07,7.747698139194496,1.0,0.5151741293532338,5.089725887543059e-10,0.5316791027572035,0.0,0.033202332554105735,"[[3105, 0], [0, 2853]]","[[190, 155], [166, 151]]"
disclosure_x_bias,154,init_knn1,F1,log_loss,1.1256100351784313e-07,7.7479277601806285,1.0,0.5151741293532338,5.086696102902734e-10,0.5318378056137627,0.0,0.033202332554105735,"[[3105, 0], [0, 2853]]","[[190, 155], [166, 151]]"
disclosure_x_bias,155,init_knn1,F1,log_loss,1.1254437819789805e-07,7.747785970368445,1.0,0.5151741293532338,5.093433169600007e-10,0.5317664330773405,0.0,0.033202332554105735,"[[3105, 0], [0, 2853]]","[[190, 155], [166, 151]]"
disclosure_x_bias,156,init_knn1,F1,log_loss,1.1252621678531614e-07,7.7478275757711215,1.0,0.5151741293532338,5.094275815294697e-10,0.531811290599654,0.0,0.033202332554105735,"[[3105, 0], [0, 2853]]","[[190, 155], [166, 151]]"
disclosure_x_bias,157,init_knn1,F1,log_loss,1.1250884716159548e-07,7.747850150347871,1.0,0.5151741293532338,5.105752652329893e-10,0.531943423483878,0.0,0.033202332554105735,"[[3105, 0], [0, 2853]]","[[190, 155], [166, 151]]"
disclosure_x_bias,158,init_knn1,F1,log_loss,1.1248989328243299e-07,7.747769669044457,1.0,0.5151741293532338,5.115027725759181e-10,0.5318439790896744,0.0,0.033202332554105735,"[[3105, 0], [0, 2853]]","[[190, 155], [166, 151]]"
disclosure_x_bias,159,init_knn1,F1,log_loss,1.1247148670381854e-07,7.747761094390327,1.0,0.5151741293532338,5.112317216526871e-10,0.5319233977512516,0.0,0.033202332554105735,"[[3105, 0], [0, 2853]]","[[190, 155], [166, 151]]"
disclosure_x_bias,160,init_knn1,F1,log_loss,1.1245226051919175e-07,7.747830595734472,1.0,0.5151741293532338,5.110455297640964e-10,0.5319044800196123,0.0,0.033202332554105735,"[[3105, 0], [0, 2853]]","[[190, 155], [166, 151]]"
disclosure_x_bias,161,init_knn1,F1,log_loss,1.1243575228241867e-07,7.747881305372793,1.0,0.5151741293532338,5.107675876567203e-10,0.5319442113408456,0.0,0.033202332554105735,"[[3105, 0], [0, 2853]]","[[190, 155], [166, 151]]"
disclosure_x_bias,162,init_knn1,F1,log_loss,1.1241920147936036e-07,7.7479013954591025,1.0,0.5151741293532338,5.107301566560944e-10,0.5320437770865157,0.0,0.033202332554105735,"[[3105, 0], [0, 2853]]","[[190, 155], [166, 151]]"
disclosure_x_bias,163,init_knn1,F1,log_loss,1.1240045116868162e-07,7.7479065972497505,1.0,0.5151741293532338,5.145398058933452e-10,0.5321415948218933,0.0,0.033202332554105735,"[[3105, 0], [0, 2853]]","[[190, 155], [166, 151]]"
disclosure_x_bias,164,init_knn1,F1,log_loss,1.1238425749693411e-07,7.748022794844507,1.0,0.5151741293532338,5.144366954492369e-10,0.5321722561976588,0.0,0.033202332554105735,"[[3105, 0], [0, 2853]]","[[190, 155], [166, 151]]"
disclosure_x_bias,165,init_knn1,F1,log_loss,1.1236813366469315e-07,7.74785787214868,1.0,0.5151741293532338,5.144386247787983e-10,0.5321650202123135,0.0,0.033202332554105735,"[[3105, 0], [0, 2853]]","[[190, 155], [166, 151]]"
disclosure_x_bias,166,init_knn1,F1,log_loss,1.12347282617356e-07,7.747906866116189,1.0,0.5151741293532338,5.12234422685119e-10,0.5320512031698005,0.0,0.033202332554105735,"[[3105, 0], [0, 2853]]","[[190, 155], [166, 151]]"
disclosure_x_bias,167,init_knn1,F1,log_loss,1.1233135106196062e-07,7.74790532146424,1.0,0.5151741293532338,5.123043232104133e-10,0.5319374559551938,0.0,0.033202332554105735,"[[3105, 0], [0, 2853]]","[[190, 155], [166, 151]]"
disclosure_x_bias,168,init_knn1,F1,log_loss,1.123148640067154e-07,7.748058690361726,1.0,0.5151741293532338,5.124259333417702e-10,0.5316700810417109,0.0,0.033202332554105735,"[[3105, 0], [0, 2853]]","[[190, 155], [166, 151]]"
disclosure_x_bias,169,init_knn1,F1,log_loss,1.1229905006975638e-07,7.7480924547996395,1.0,0.5151741293532338,5.12248913091632e-10,0.5318233347156769,0.0,0.033202332554105735,"[[3105, 0], [0, 2853]]","[[190, 155], [166, 151]]"
disclosure_x_bias,170,init_knn1,F1,log_loss,1.1228108170904003e-07,7.74807478180153,1.0,0.5151741293532338,5.108450855805592e-10,0.5316362039230973,0.0,0.033202332554105735,"[[3105, 0], [0, 2853]]","[[190, 155], [166, 151]]"
disclosure_x_bias,171,init_knn1,F1,log_loss,1.1226475668987422e-07,7.7482726274194444,1.0,0.5151741293532338,5.11347405101897e-10,0.5318944872506803,0.0,0.033202332554105735,"[[3105, 0], [0, 2853]]","[[190, 155], [166, 151]]"
disclosure_x_bias,172,init_knn1,F1,log_loss,1.1224853323547122e-07,7.748058004408655,1.0,0.5151741293532338,5.11852099604939e-10,0.531784118210965,0.0,0.033202332554105735,"[[3105, 0], [0, 2853]]","[[190, 155], [166, 151]]"
disclosure_x_bias,173,init_knn1,F1,log_loss,1.1222902261065054e-07,7.748210660408253,1.0,0.5151741293532338,5.113839031017665e-10,0.5318198686010882,0.0,0.033202332554105735,"[[3105, 0], [0, 2853]]","[[190, 155], [166, 151]]"
disclosure_x_bias,174,init_knn1,F1,log_loss,1.1221253181675113e-07,7.748117922032367,1.0,0.5151741293532338,5.110856670411869e-10,0.5319376286859732,0.0,0.033202332554105735,"[[3105, 0], [0, 2853]]","[[190, 155], [166, 151]]"
disclosure_x_bias,175,init_knn1,F1,log_loss,1.1219673840656807e-07,7.748145788068891,1.0,0.5151741293532338,5.108872630382709e-10,0.5318831258571632,0.0,0.033202332554105735,"[[3105, 0], [0, 2853]]","[[190, 155], [166, 151]]"
disclosure_x_bias,176,init_knn1,F1,log_loss,1.1217934217120031e-07,7.7480894371799565,1.0,0.5151741293532338,5.095050438856463e-10,0.531850909107042,0.0,0.033202332554105735,"[[3105, 0], [0, 2853]]","[[190, 155], [166, 151]]"
disclosure_x_bias,177,init_knn1,F1,log_loss,1.1216320469343385e-07,7.748219394038213,1.0,0.5151741293532338,5.092782124727448e-10,0.5319162096898361,0.0,0.033202332554105735,"[[3105, 0], [0, 2853]]","[[190, 155], [166, 151]]"
disclosure_x_bias,178,init_knn1,F1,log_loss,1.1214508894868718e-07,7.748314048526579,1.0,0.5151741293532338,5.110052874856269e-10,0.531845910786144,0.0,0.033202332554105735,"[[3105, 0], [0, 2853]]","[[190, 155], [166, 151]]"
disclosure_x_bias,179,init_knn1,F1,log_loss,1.1212657036526367e-07,7.748356632590308,1.0,0.5151741293532338,5.123016398824207e-10,0.5319613765972028,0.0,0.033202332554105735,"[[3105, 0], [0, 2853]]","[[190, 155], [166, 151]]"
disclosure_x_bias,180,init_knn1,F1,log_loss,1.1210914275164597e-07,7.748422758791523,1.0,0.5151741293532338,5.129435344389018e-10,0.5319494882822006,0.0,0.033202332554105735,"[[3105, 0], [0, 2853]]","[[190, 155], [166, 151]]"
disclosure_x_bias,181,init_knn1,F1,log_loss,1.1209374578981389e-07,7.748544162707974,1.0,0.5151741293532338,5.130935190522234e-10,0.5320980759425916,0.0,0.033202332554105735,"[[3105, 0], [0, 2853]]","[[190, 155], [166, 151]]"
disclosure_x_bias,182,init_knn1,F1,log_loss,1.1207712041406118e-07,7.74845768378824,1.0,0.5151741293532338,5.110484319678508e-10,0.5319918809921923,0.0,0.033202332554105735,"[[3105, 0], [0, 2853]]","[[190, 155], [166, 151]]"
disclosure_x_bias,183,init_knn1,F1,log_loss,1.1206203102679956e-07,7.7486725814478365,1.0,0.5151741293532338,5.11634222501743e-10,0.5321568187135924,0.0,0.033202332554105735,"[[3105, 0], [0, 2853]]","[[190, 155], [166, 151]]"
disclosure_x_bias,184,init_knn1,F1,log_loss,1.1204533327007083e-07,7.748603654479888,1.0,0.5151741293532338,5.125880787062105e-10,0.5321046418627624,0.0,0.033202332554105735,"[[3105, 0], [0, 2853]]","[[190, 155], [166, 151]]"
disclosure_x_bias,185,init_knn1,F1,log_loss,1.1203045626692122e-07,7.748608806800331,1.0,0.5151741293532338,5.129082638506666e-10,0.5321826299733661,0.0,0.033202332554105735,"[[3105, 0], [0, 2853]]","[[190, 155], [166, 151]]"
disclosure_x_bias,186,init_knn1,F1,log_loss,1.1201540806156168e-07,7.748566179705648,1.0,0.5151741293532338,5.134530517683905e-10,0.5322762448167789,0.0,0.033202332554105735,"[[3105, 0], [0, 2853]]","[[190, 155], [166, 151]]"
disclosure_x_bias,187,init_knn1,F1,log_loss,1.1199674634537345e-07,7.749028968005824,1.0,0.5151741293532338,5.227245618866993e-10,0.5321332445368631,0.0,0.033202332554105735,"[[3105, 0], [0, 2853]]","[[190, 155], [166, 151]]"
disclosure_x_bias,188,init_knn1,F1,log_loss,1.119817080658275e-07,7.74885680588889,1.0,0.5151741293532338,5.22894936692407e-10,0.5321109165664574,0.0,0.033202332554105735,"[[3105, 0], [0, 2853]]","[[190, 155], [166, 151]]"
disclosure_x_bias,189,init_knn1,F1,log_loss,1.1196244839707845e-07,7.748854040356544,1.0,0.5151741293532338,5.180876801503453e-10,0.532215160067635,0.0,0.033202332554105735,"[[3105, 0], [0, 2853]]","[[190, 155], [166, 151]]"
disclosure_x_bias,190,init_knn1,F1,log_loss,1.1194535302589272e-07,7.748915590201564,1.0,0.5151741293532338,5.162489612849978e-10,0.5322106924468084,0.0,0.033202332554105735,"[[3105, 0], [0, 2853]]","[[190, 155], [166, 151]]"
disclosure_x_bias,191,init_knn1,F1,log_loss,1.1192854982323622e-07,7.749013531592402,1.0,0.5151741293532338,5.175906890873266e-10,0.5323610201017175,0.0,0.033202332554105735,"[[3105, 0], [0, 2853]]","[[190, 155], [166, 151]]"
disclosure_x_bias,192,init_knn1,F1,log_loss,1.1191347930753615e-07,7.748784996724474,1.0,0.5151741293532338,5.182238908371039e-10,0.5322611034148965,0.0,0.033202332554105735,"[[3105, 0], [0, 2853]]","[[190, 155], [166, 151]]"
disclosure_x_bias,193,init_knn1,F1,log_loss,1.118989097957157e-07,7.748996182071904,1.0,0.5151741293532338,5.182852856921693e-10,0.5323082517044071,0.0,0.033202332554105735,"[[3105, 0], [0, 2853]]","[[190, 155], [166, 151]]"
disclosure_x_bias,194,init_knn1,F1,log_loss,1.1188357761422536e-07,7.748925462218997,1.0,0.5151741293532338,5.176007522227101e-10,0.5323268163682812,0.0,0.033202332554105735,"[[3105, 0], [0, 2853]]","[[190, 155], [166, 151]]"
disclosure_x_bias,195,init_knn1,F1,log_loss,1.1186772163451251e-07,7.7490767866814085,1.0,0.5151741293532338,5.175960199583681e-10,0.5322789841522038,0.0,0.033202332554105735,"[[3105, 0], [0, 2853]]","[[190, 155], [166, 151]]"
disclosure_x_bias,196,init_knn1,F1,log_loss,1.1185144304355975e-07,7.748948676194422,1.0,0.5151741293532338,5.171586951392492e-10,0.5322851725571124,0.0,0.033202332554105735,"[[3105, 0], [0, 2853]]","[[190, 155], [166, 151]]"
disclosure_x_bias,197,init_knn1,F1,log_loss,1.1183264746062457e-07,7.748822942125737,1.0,0.5151741293532338,5.18089836194468e-10,0.5322423683538552,0.0,0.033202332554105735,"[[3105, 0], [0, 2853]]","[[190, 155], [166, 151]]"
disclosure_x_bias,198,init_knn1,F1,log_loss,1.1181670854444779e-07,7.748681196540798,1.0,0.5151741293532338,5.187408933047137e-10,0.5323479374912478,0.0,0.033202332554105735,"[[3105, 0], [0, 2853]]","[[190, 155], [166, 151]]"
disclosure_x_bias,199,init_knn1,F1,log_loss,1.1180176960335423e-07,7.748836205862571,1.0,0.5151741293532338,5.1915297028083e-10,0.5322402420589616,0.0,0.033202332554105735,"[[3105, 0], [0, 2853]]","[[190, 155], [166, 151]]"
disclosure_x_bias,200,init_knn1,F1,log_loss,1.117830938871562e-07,7.748796872923522,1.0,0.5151741293532338,5.187314958062254e-10,0.5323287325455207,0.0,0.033202332554105735,"[[3105, 0], [0, 2853]]","[[190, 155], [166, 151]]"
disclosure_x_bias,201,init_knn1,F1,log_loss,1.1176912566828326e-07,7.74886773949873,1.0,0.5151741293532338,5.186257917597662e-10,0.5323971092461555,0.0,0.033202332554105735,"[[3105, 0], [0, 2853]]","[[190, 155], [166, 151]]"
disclosure_x_bias,202,init_knn1,F1,log_loss,1.1175375029079441e-07,7.748950402142478,1.0,0.5151741293532338,5.175201069265261e-10,0.5323880622104323,0.0,0.033202332554105735,"[[3105, 0], [0, 2853]]","[[190, 155], [166, 151]]"
disclosure_x_bias,203,init_knn1,F1,log_loss,1.1173818249621009e-07,7.748790470573839,1.0,0.5151741293532338,5.169925228945732e-10,0.5323632952725091,0.0,0.033202332554105735,"[[3105, 0], [0, 2853]]","[[190, 155], [166, 151]]"
disclosure_x_bias,204,init_knn1,F1,log_loss,1.1172425137932502e-07,7.748704133298038,1.0,0.5151741293532338,5.171176581695353e-10,0.5325393436391777,0.0,0.033202332554105735,"[[3105, 0], [0, 2853]]","[[190, 155], [166, 151]]"
disclosure_x_bias,205,init_knn1,F1,log_loss,1.1170775434726391e-07,7.748832551154145,1.0,0.5151741293532338,5.190688504219404e-10,0.5324279351529386,0.0,0.033202332554105735,"[[3105, 0], [0, 2853]]","[[190, 155], [166, 151]]"
disclosure_x_bias,206,init_knn1,F1,log_loss,1.1169284478921833e-07,7.748857790897643,1.0,0.5151741293532338,5.196626905668876e-10,0.5324994632422315,0.0,0.033202332554105735,"[[3105, 0], [0, 2853]]","[[190, 155], [166, 151]]"
disclosure_x_bias,207,init_knn1,F1,log_loss,1.1167896834690869e-07,7.749062992980917,1.0,0.5151741293532338,5.198477293868603e-10,0.5325358095249042,0.0,0.033202332554105735,"[[3105, 0], [0, 2853]]","[[190, 155], [166, 151]]"
disclosure_x_bias,208,init_knn1,F1,log_loss,1.1166539555032356e-07,7.748891355975308,1.0,0.5151741293532338,5.201030029958238e-10,0.5323793251162388,0.0,0.033202332554105735,"[[3105, 0], [0, 2853]]","[[190, 155], [166, 151]]"
disclosure_x_bias,209,init_knn1,F1,log_loss,1.1164981742872919e-07,7.749086033245755,1.0,0.5151741293532338,5.21676752330901e-10,0.5322629586042488,0.0,0.033202332554105735,"[[3105, 0], [0, 2853]]","[[190, 155], [166, 151]]"
disclosure_x_bias,210,init_knn1,F1,log_loss,1.1163387992669268e-07,7.749103769350197,1.0,0.5151741293532338,5.207715469876445e-10,0.532149510382623,0.0,0.033202332554105735,"[[3105, 0], [0, 2853]]","[[190, 155], [166, 151]]"
disclosure_x_bias,211,init_knn1,F1,log_loss,1.1161612555278559e-07,7.749194267542353,1.0,0.5151741293532338,5.238240782780048e-10,0.5323486718821581,0.0,0.033202332554105735,"[[3105, 0], [0, 2853]]","[[190, 155], [166, 151]]"
disclosure_x_bias,212,init_knn1,F1,log_loss,1.1159968310077839e-07,7.749190998910629,1.0,0.5151741293532338,5.237074334648834e-10,0.5324694283081848,0.0,0.033202332554105735,"[[3105, 0], [0, 2853]]","[[190, 155], [166, 151]]"
disclosure_x_bias,213,init_knn1,F1,log_loss,1.1158557218586578e-07,7.7492465574251,1.0,0.5151741293532338,5.240044445996838e-10,0.5324553480815665,0.0,0.033202332554105735,"[[3105, 0], [0, 2853]]","[[190, 155], [166, 151]]"
disclosure_x_bias,214,init_knn1,F1,log_loss,1.1157155378852435e-07,7.749283097072949,1.0,0.5151741293532338,5.231586489327142e-10,0.5326203934038296,0.0,0.033202332554105735,"[[3105, 0], [0, 2853]]","[[190, 155], [166, 151]]"
disclosure_x_bias,215,init_knn1,F1,log_loss,1.1155762148500534e-07,7.749359037026418,1.0,0.5151741293532338,5.228344332383586e-10,0.5324977184054528,0.0,0.033202332554105735,"[[3105, 0], [0, 2853]]","[[190, 155], [166, 151]]"
disclosure_x_bias,216,init_knn1,F1,log_loss,1.1154137218435714e-07,7.749378923703429,1.0,0.5151741293532338,5.219045350029431e-10,0.5326185144601067,0.0,0.033202332554105735,"[[3105, 0], [0, 2853]]","[[190, 155], [166, 151]]"
disclosure_x_bias,217,init_knn1,F1,log_loss,1.1152641334225051e-07,7.7493973187527985,1.0,0.5151741293532338,5.219087088820674e-10,0.5327339656648311,0.0,0.033202332554105735,"[[3105, 0], [0, 2853]]","[[190, 155], [166, 151]]"
disclosure_x_bias,218,init_knn1,F1,log_loss,1.1151209047072116e-07,7.749444397365712,1.0,0.5151741293532338,5.228442657088906e-10,0.5326305183290188,0.0,0.033202332554105735,"[[3105, 0], [0, 2853]]","[[190, 155], [166, 151]]"
disclosure_x_bias,219,init_knn1,F1,log_loss,1.1149790612816224e-07,7.749365329292021,1.0,0.5151741293532338,5.235319573995492e-10,0.5325882870459869,0.0,0.033202332554105735,"[[3105, 0], [0, 2853]]","[[190, 155], [166, 151]]"
disclosure_x_bias,220,init_knn1,F1,log_loss,1.1148453407739004e-07,7.749521527057077,1.0,0.5151741293532338,5.235841966337556e-10,0.5327390360899996,0.0,0.033202332554105735,"[[3105, 0], [0, 2853]]","[[190, 155], [166, 151]]"
disclosure_x_bias,221,init_knn1,F1,log_loss,1.1147071746961415e-07,7.749531598120329,1.0,0.5151741293532338,5.239890757387421e-10,0.5326996596886027,0.0,0.033202332554105735,"[[3105, 0], [0, 2853]]","[[190, 155], [166, 151]]"
disclosure_x_bias,222,init_knn1,F1,log_loss,1.1145689062169994e-07,7.749440863159864,1.0,0.5151741293532338,5.24375817754254e-10,0.5328775906983718,0.0,0.033202332554105735,"[[3105, 0], [0, 2853]]","[[190, 155], [166, 151]]"
disclosure_x_bias,223,init_knn1,F1,log_loss,1.1144217274702566e-07,7.7493391828808225,1.0,0.5151741293532338,5.239890238805555e-10,0.5327707303264982,0.0,0.033202332554105735,"[[3105, 0], [0, 2853]]","[[190, 155], [166, 151]]"
disclosure_x_bias,224,init_knn1,F1,log_loss,1.1142652429383065e-07,7.749317227436602,1.0,0.5151741293532338,5.230519343004435e-10,0.5330002961678727,0.0,0.033202332554105735,"[[3105, 0], [0, 2853]]","[[190, 155], [166, 151]]"
disclosure_x_bias,225,init_knn1,F1,log_loss,1.1141111344381609e-07,7.749251723006789,1.0,0.5151741293532338,5.264349088892552e-10,0.5331025296365239,0.0,0.033202332554105735,"[[3105, 0], [0, 2853]]","[[190, 155], [166, 151]]"
disclosure_x_bias,226,init_knn1,F1,log_loss,1.1139760758930973e-07,7.749281239959392,1.0,0.5151741293532338,5.268345930025287e-10,0.53312620695179,0.0,0.033202332554105735,"[[3105, 0], [0, 2853]]","[[190, 155], [166, 151]]"
disclosure_x_bias,227,init_knn1,F1,log_loss,1.1138444664612963e-07,7.749276638762962,1.0,0.5151741293532338,5.270696094482269e-10,0.5331741667206849,0.0,0.033202332554105735,"[[3105, 0], [0, 2853]]","[[190, 155], [166, 151]]"
disclosure_x_bias,228,init_knn1,F1,log_loss,1.1137135984015897e-07,7.749511188159181,1.0,0.5151741293532338,5.275814986385582e-10,0.5333184200895067,0.0,0.033202332554105735,"[[3105, 0], [0, 2853]]","[[190, 155], [166, 151]]"
disclosure_x_bias,229,init_knn1,F1,log_loss,1.1135248208623622e-07,7.749460180546558,1.0,0.5151741293532338,5.282065620674569e-10,0.5332402887533407,0.0,0.033202332554105735,"[[3105, 0], [0, 2853]]","[[190, 155], [166, 151]]"
disclosure_x_bias,230,init_knn1,F1,log_loss,1.1133918332942185e-07,7.749566607473224,1.0,0.5151741293532338,5.284552839237339e-10,0.533345099071586,0.0,0.033202332554105735,"[[3105, 0], [0, 2853]]","[[190, 155], [166, 151]]"
disclosure_x_bias,231,init_knn1,F1,log_loss,1.113261279006037e-07,7.749447400779007,1.0,0.5151741293532338,5.290732802571996e-10,0.5333426016818095,0.0,0.033202332554105735,"[[3105, 0], [0, 2853]]","[[190, 155], [166, 151]]"
disclosure_x_bias,232,init_knn1,F1,log_loss,1.1131291863911822e-07,7.749487037771044,1.0,0.5151741293532338,5.291183354183506e-10,0.5333677069389582,0.0,0.033202332554105735,"[[3105, 0], [0, 2853]]","[[190, 155], [166, 151]]"
disclosure_x_bias,233,init_knn1,F1,log_loss,1.1129861533566166e-07,7.749528746150718,1.0,0.5151741293532338,5.293208907408331e-10,0.5333471216442536,0.0,0.033202332554105735,"[[3105, 0], [0, 2853]]","[[190, 155], [166, 151]]"
disclosure_x_bias,234,init_knn1,F1,log_loss,1.1128262566084145e-07,7.749418562821409,1.0,0.5151741293532338,5.288619617709775e-10,0.5333570536691167,0.0,0.033202332554105735,"[[3105, 0], [0, 2853]]","[[190, 155], [166, 151]]"
disclosure_x_bias,235,init_knn1,F1,log_loss,1.1126904835033873e-07,7.749510673616157,1.0,0.5151741293532338,5.286225788707017e-10,0.5334008507126506,0.0,0.033202332554105735,"[[3105, 0], [0, 2853]]","[[190, 155], [166, 151]]"
disclosure_x_bias,236,init_knn1,F1,log_loss,1.1125562616133578e-07,7.749403499131352,1.0,0.5151741293532338,5.290844384407059e-10,0.5333459937713468,0.0,0.033202332554105735,"[[3105, 0], [0, 2853]]","[[190, 155], [166, 151]]"
disclosure_x_bias,237,init_knn1,F1,log_loss,1.1124280699242228e-07,7.749416389510467,1.0,0.5151741293532338,5.290780943658492e-10,0.5333833759922109,0.0,0.033202332554105735,"[[3105, 0], [0, 2853]]","[[190, 155], [166, 151]]"
disclosure_x_bias,238,init_knn1,F1,log_loss,1.1122958169121454e-07,7.749483584481003,1.0,0.5151741293532338,5.291842839489862e-10,0.5333529975531576,0.0,0.033202332554105735,"[[3105, 0], [0, 2853]]","[[190, 155], [166, 151]]"
disclosure_x_bias,239,init_knn1,F1,log_loss,1.112162493142219e-07,7.749455962668328,1.0,0.5151741293532338,5.293005874313393e-10,0.5332046198747037,0.0,0.033202332554105735,"[[3105, 0], [0, 2853]]","[[190, 155], [166, 151]]"
disclosure_x_bias,240,init_knn1,F1,log_loss,1.1120092733481818e-07,7.749411300466106,1.0,0.5151741293532338,5.257266661580039e-10,0.5332045939768636,0.0,0.033202332554105735,"[[3105, 0], [0, 2853]]","[[190, 155], [166, 151]]"
disclosure_x_bias,241,init_knn1,F1,log_loss,1.1118725257812052e-07,7.749358989977996,1.0,0.5151741293532338,5.250485065992449e-10,0.5332931078124912,0.0,0.033202332554105735,"[[3105, 0], [0, 2853]]","[[190, 155], [166, 151]]"
disclosure_x_bias,242,init_knn1,F1,log_loss,1.1116583663871163e-07,7.749664889706239,1.0,0.5151741293532338,5.310917901711956e-10,0.5330100755595197,0.0,0.033202332554105735,"[[3105, 0], [0, 2853]]","[[190, 155], [166, 151]]"
disclosure_x_bias,243,init_knn1,F1,log_loss,1.1115114797021972e-07,7.749599073487026,1.0,0.5151741293532338,5.344452031662933e-10,0.5330300848835052,0.0,0.033202332554105735,"[[3105, 0], [0, 2853]]","[[190, 155], [166, 151]]"
disclosure_x_bias,244,init_knn1,F1,log_loss,1.1113652803295233e-07,7.749719822820604,1.0,0.5151741293532338,5.335195785120165e-10,0.532951148103901,0.0,0.033202332554105735,"[[3105, 0], [0, 2853]]","[[190, 155], [166, 151]]"
disclosure_x_bias,245,init_knn1,F1,log_loss,1.1112368577628466e-07,7.749651810344744,1.0,0.5151741293532338,5.339630267619184e-10,0.5329997563307773,0.0,0.033202332554105735,"[[3105, 0], [0, 2853]]","[[190, 155], [166, 151]]"
disclosure_x_bias,246,init_knn1,F1,log_loss,1.1111030172123413e-07,7.749870958715723,1.0,0.5151741293532338,5.337968347057245e-10,0.5330839335419404,0.0,0.033202332554105735,"[[3105, 0], [0, 2853]]","[[190, 155], [166, 151]]"
disclosure_x_bias,247,init_knn1,F1,log_loss,1.1109647758561742e-07,7.749817729864823,1.0,0.5151741293532338,5.346202500960597e-10,0.5330775171547073,0.0,0.033202332554105735,"[[3105, 0], [0, 2853]]","[[190, 155], [166, 151]]"
disclosure_x_bias,248,init_knn1,F1,log_loss,1.1108345211867346e-07,7.750054347564114,1.0,0.5151741293532338,5.345705702819864e-10,0.5331913541963961,0.0,0.033202332554105735,"[[3105, 0], [0, 2853]]","[[190, 155], [166, 151]]"
disclosure_x_bias,249,init_knn1,F1,log_loss,1.1106897850219345e-07,7.749815010895463,1.0,0.5151741293532338,5.338116230181983e-10,0.533355884788435,0.0,0.033202332554105735,"[[3105, 0], [0, 2853]]","[[190, 155], [166, 151]]"
disclosure_x_bias,250,init_knn1,F1,log_loss,1.1105672384916264e-07,7.749960713670592,1.0,0.5151741293532338,5.337622909273208e-10,0.5332676922401007,0.0,0.033202332554105735,"[[3105, 0], [0, 2853]]","[[190, 155], [166, 151]]"
disclosure_x_bias,251,init_knn1,F1,log_loss,1.1104412760433861e-07,7.749879887856747,1.0,0.5151741293532338,5.335416763191805e-10,0.5334443991031671,0.0,0.033202332554105735,"[[3105, 0], [0, 2853]]","[[190, 155], [166, 151]]"
disclosure_x_bias,252,init_knn1,F1,log_loss,1.110315152222936e-07,7.749968015924354,1.0,0.5151741293532338,5.328743580353601e-10,0.5334150167310897,0.0,0.033202332554105735,"[[3105, 0], [0, 2853]]","[[190, 155], [166, 151]]"
disclosure_x_bias,253,init_knn1,F1,log_loss,1.1101752634792763e-07,7.750089071235737,1.0,0.5151741293532338,5.322775828067883e-10,0.5333446318057108,0.0,0.033202332554105735,"[[3105, 0], [0, 2853]]","[[190, 155], [166, 151]]"
disclosure_x_bias,254,init_knn1,F1,log_loss,1.1100485323067537e-07,7.750219162700816,1.0,0.5151741293532338,5.317483361562287e-10,0.5332160060092741,0.0,0.033202332554105735,"[[3105, 0], [0, 2853]]","[[190, 155], [166, 151]]"
disclosure_x_bias,255,init_knn1,F1,log_loss,1.1099225623702047e-07,7.75022393404538,1.0,0.5151741293532338,5.31743588408761e-10,0.5333201904068121,0.0,0.033202332554105735,"[[3105, 0], [0, 2853]]","[[190, 155], [166, 151]]"
disclosure_x_bias,256,init_knn1,F1,log_loss,1.1097724962731973e-07,7.750286763749571,1.0,0.5151741293532338,5.310899492005655e-10,0.5332742757892406,0.0,0.033202332554105735,"[[3105, 0], [0, 2853]]","[[190, 155], [166, 151]]"
disclosure_x_bias,257,init_knn1,F1,log_loss,1.1096501589390766e-07,7.750285367058669,1.0,0.5151741293532338,5.311659522011548e-10,0.5333274935793173,0.0,0.033202332554105735,"[[3105, 0], [0, 2853]]","[[190, 155], [166, 151]]"
disclosure_x_bias,258,init_knn1,F1,log_loss,1.1094919294636542e-07,7.750336462473659,1.0,0.5151741293532338,5.300447963239154e-10,0.5332610107067411,0.0,0.033202332554105735,"[[3105, 0], [0, 2853]]","[[190, 155], [166, 151]]"
disclosure_x_bias,259,init_knn1,F1,log_loss,1.1093589624965468e-07,7.7505020086536405,1.0,0.5151741293532338,5.311976138326862e-10,0.533390921694431,0.0,0.033202332554105735,"[[3105, 0], [0, 2853]]","[[190, 155], [166, 151]]"
disclosure_x_bias,260,init_knn1,F1,log_loss,1.1092244241924798e-07,7.750549718066606,1.0,0.5151741293532338,5.32200672586333e-10,0.5333871613991436,0.0,0.033202332554105735,"[[3105, 0], [0, 2853]]","[[190, 155], [166, 151]]"
disclosure_x_bias,261,init_knn1,F1,log_loss,1.1090741970421034e-07,7.750497031204394,1.0,0.5151741293532338,5.325085319078605e-10,0.533323130670969,0.0,0.033202332554105735,"[[3105, 0], [0, 2853]]","[[190, 155], [166, 151]]"
disclosure_x_bias,262,init_knn1,F1,log_loss,1.1089491473614283e-07,7.75066686474653,1.0,0.5151741293532338,5.320561261553244e-10,0.533387288831575,0.0,0.033202332554105735,"[[3105, 0], [0, 2853]]","[[190, 155], [166, 151]]"
disclosure_x_bias,263,init_knn1,F1,log_loss,1.1088235244483278e-07,7.750630227536368,1.0,0.5151741293532338,5.32267104800875e-10,0.5333580033477154,0.0,0.033202332554105735,"[[3105, 0], [0, 2853]]","[[190, 155], [166, 151]]"
disclosure_x_bias,264,init_knn1,F1,log_loss,1.1086884246449047e-07,7.7509337551207595,1.0,0.5151741293532338,5.322933679648546e-10,0.5331935889706071,0.0,0.033202332554105735,"[[3105, 0], [0, 2853]]","[[190, 155], [166, 151]]"
disclosure_x_bias,265,init_knn1,F1,log_loss,1.1085209647946538e-07,7.750898413004371,1.0,0.5151741293532338,5.267571937708318e-10,0.5332686556967815,0.0,0.033202332554105735,"[[3105, 0], [0, 2853]]","[[190, 155], [166, 151]]"
disclosure_x_bias,266,init_knn1,F1,log_loss,1.1083943403512089e-07,7.750804811501126,1.0,0.5151741293532338,5.267409611769061e-10,0.5333187303569606,0.0,0.033202332554105735,"[[3105, 0], [0, 2853]]","[[190, 155], [166, 151]]"
disclosure_x_bias,267,init_knn1,F1,log_loss,1.1082656397313467e-07,7.750809993863754,1.0,0.5151741293532338,5.272292323287683e-10,0.5332406271284768,0.0,0.033202332554105735,"[[3105, 0], [0, 2853]]","[[190, 155], [166, 151]]"
disclosure_x_bias,268,init_knn1,F1,log_loss,1.108145437128081e-07,7.750886033813563,1.0,0.5151741293532338,5.272488247063215e-10,0.5333837877683428,0.0,0.033202332554105735,"[[3105, 0], [0, 2853]]","[[190, 155], [166, 151]]"
disclosure_x_bias,269,init_knn1,F1,log_loss,1.1080200181477545e-07,7.750895173277054,1.0,0.5151741293532338,5.278791589100274e-10,0.5335322600928337,0.0,0.033202332554105735,"[[3105, 0], [0, 2853]]","[[190, 155], [166, 151]]"
disclosure_x_bias,270,init_knn1,F1,log_loss,1.1078879090656909e-07,7.750891940376016,1.0,0.5151741293532338,5.272891251430121e-10,0.533479736250927,0.0,0.033202332554105735,"[[3105, 0], [0, 2853]]","[[190, 155], [166, 151]]"
disclosure_x_bias,271,init_knn1,F1,log_loss,1.1077692030785655e-07,7.750890318891197,1.0,0.5151741293532338,5.273273358162223e-10,0.5335529412799818,0.0,0.033202332554105735,"[[3105, 0], [0, 2853]]","[[190, 155], [166, 151]]"
disclosure_x_bias,272,init_knn1,F1,log_loss,1.1076507993371176e-07,7.750948115756424,1.0,0.5151741293532338,5.276154186434339e-10,0.5334836852706715,0.0,0.033202332554105735,"[[3105, 0], [0, 2853]]","[[190, 155], [166, 151]]"
disclosure_x_bias,273,init_knn1,F1,log_loss,1.1075321593056311e-07,7.751073190390722,1.0,0.5151741293532338,5.282369330228917e-10,0.5335730224036899,0.0,0.033202332554105735,"[[3105, 0], [0, 2853]]","[[190, 155], [166, 151]]"
disclosure_x_bias,274,init_knn1,F1,log_loss,1.1074120257869843e-07,7.751003111283571,1.0,0.5151741293532338,5.283338804125212e-10,0.5335977230951224,0.0,0.033202332554105735,"[[3105, 0], [0, 2853]]","[[190, 155], [166, 151]]"
disclosure_x_bias,275,init_knn1,F1,log_loss,1.1072523288302939e-07,7.7510592085535235,1.0,0.5151741293532338,5.279820689818216e-10,0.5336129037922196,0.0,0.033202332554105735,"[[3105, 0], [0, 2853]]","[[190, 155], [166, 151]]"
disclosure_x_bias,276,init_knn1,F1,log_loss,1.1071352956898952e-07,7.751115763009937,1.0,0.5151741293532338,5.281601743510435e-10,0.5336372935477803,0.0,0.033202332554105735,"[[3105, 0], [0, 2853]]","[[190, 155], [166, 151]]"
disclosure_x_bias,277,init_knn1,F1,log_loss,1.1069905789670396e-07,7.7511610460995115,1.0,0.5151741293532338,5.28787704443954e-10,0.533719606375806,0.0,0.033202332554105735,"[[3105, 0], [0, 2853]]","[[190, 155], [166, 151]]"
disclosure_x_bias,278,init_knn1,F1,log_loss,1.106856689531844e-07,7.7510638013918465,1.0,0.5151741293532338,5.264188764461319e-10,0.5336850728654523,0.0,0.033202332554105735,"[[3105, 0], [0, 2853]]","[[190, 155], [166, 151]]"
disclosure_x_bias,279,init_knn1,F1,log_loss,1.106739167202225e-07,7.7512264624477165,1.0,0.5151741293532338,5.266633532843336e-10,0.5338384007978606,0.0,0.033202332554105735,"[[3105, 0], [0, 2853]]","[[190, 155], [166, 151]]"
disclosure_x_bias,280,init_knn1,F1,log_loss,1.1066156281850191e-07,7.751160165221551,1.0,0.5151741293532338,5.269487551871497e-10,0.5337790968958644,0.0,0.033202332554105735,"[[3105, 0], [0, 2853]]","[[190, 155], [166, 151]]"
disclosure_x_bias,281,init_knn1,F1,log_loss,1.1064878728660118e-07,7.751143516340674,1.0,0.5151741293532338,5.261388956377271e-10,0.5338962736419739,0.0,0.033202332554105735,"[[3105, 0], [0, 2853]]","[[190, 155], [166, 151]]"
disclosure_x_bias,282,init_knn1,F1,log_loss,1.1063674880405346e-07,7.751178640778616,1.0,0.5151741293532338,5.25871984362274e-10,0.5338755098781703,0.0,0.033202332554105735,"[[3105, 0], [0, 2853]]","[[190, 155], [166, 151]]"
disclosure_x_bias,283,init_knn1,F1,log_loss,1.1062524181311496e-07,7.751033079460418,1.0,0.5151741293532338,5.257393393235608e-10,0.5339259756907561,0.0,0.033202332554105735,"[[3105, 0], [0, 2853]]","[[190, 155], [166, 151]]"
disclosure_x_bias,284,init_knn1,F1,log_loss,1.1061153262068755e-07,7.7510830355651565,1.0,0.5151741293532338,5.244356089349153e-10,0.5338431868088488,0.0,0.033202332554105735,"[[3105, 0], [0, 2853]]","[[190, 155], [166, 151]]"
disclosure_x_bias,285,init_knn1,F1,log_loss,1.1059897370092149e-07,7.751030441555845,1.0,0.5151741293532338,5.244035172328402e-10,0.534002078396856,0.0,0.033202332554105735,"[[3105, 0], [0, 2853]]","[[190, 155], [166, 151]]"
disclosure_x_bias,286,init_knn1,F1,log_loss,1.1058716849359376e-07,7.751072778804708,1.0,0.5151741293532338,5.240517444944408e-10,0.5339536158911512,0.0,0.033202332554105735,"[[3105, 0], [0, 2853]]","[[190, 155], [166, 151]]"
disclosure_x_bias,287,init_knn1,F1,log_loss,1.105758172683744e-07,7.751100241167611,1.0,0.5151741293532338,5.240915592860921e-10,0.5340456364060759,0.0,0.033202332554105735,"[[3105, 0], [0, 2853]]","[[190, 155], [166, 151]]"
disclosure_x_bias,288,init_knn1,F1,log_loss,1.1056378664097013e-07,7.751146253042977,1.0,0.5151741293532338,5.244726265818737e-10,0.5339858211619462,0.0,0.033202332554105735,"[[3105, 0], [0, 2853]]","[[190, 155], [166, 151]]"
disclosure_x_bias,289,init_knn1,F1,log_loss,1.1055079948532307e-07,7.751185563758307,1.0,0.5151741293532338,5.286231904545703e-10,0.5340500898415961,0.0,0.033202332554105735,"[[3105, 0], [0, 2853]]","[[190, 155], [166, 151]]"
disclosure_x_bias,290,init_knn1,F1,log_loss,1.1053892939609157e-07,7.751090462754592,1.0,0.5151741293532338,5.290536631706687e-10,0.5340786579895727,0.0,0.033202332554105735,"[[3105, 0], [0, 2853]]","[[190, 155], [166, 151]]"
disclosure_x_bias,291,init_knn1,F1,log_loss,1.105264500041184e-07,7.751160555275564,1.0,0.5151741293532338,5.292077588876959e-10,0.5342119808560218,0.0,0.033202332554105735,"[[3105, 0], [0, 2853]]","[[190, 155], [166, 151]]"
disclosure_x_bias,292,init_knn1,F1,log_loss,1.1051446218539684e-07,7.751221446294137,1.0,0.5151741293532338,5.297643819442756e-10,0.5341787010261512,0.0,0.033202332554105735,"[[3105, 0], [0, 2853]]","[[190, 155], [166, 151]]"
disclosure_x_bias,293,init_knn1,F1,log_loss,1.1049819032470491e-07,7.751231627937597,1.0,0.5151741293532338,5.310716462011124e-10,0.5341290403030087,0.0,0.033202332554105735,"[[3105, 0], [0, 2853]]","[[190, 155], [166, 151]]"
disclosure_x_bias,294,init_knn1,F1,log_loss,1.1048634096118311e-07,7.751142610788916,1.0,0.5151741293532338,5.317525167428649e-10,0.5341281246203511,0.0,0.033202332554105735,"[[3105, 0], [0, 2853]]","[[190, 155], [166, 151]]"
disclosure_x_bias,295,init_knn1,F1,log_loss,1.1047397786259487e-07,7.751219261412674,1.0,0.5151741293532338,5.317409566186158e-10,0.5342052170263868,0.0,0.033202332554105735,"[[3105, 0], [0, 2853]]","[[190, 155], [166, 151]]"
disclosure_x_bias,296,init_knn1,F1,log_loss,1.1046081243385851e-07,7.751208537592373,1.0,0.5151741293532338,5.325064158947488e-10,0.5342174869779079,0.0,0.033202332554105735,"[[3105, 0], [0, 2853]]","[[190, 155], [166, 151]]"
disclosure_x_bias,297,init_knn1,F1,log_loss,1.1044928543068191e-07,7.751188333997445,1.0,0.5151741293532338,5.323233123800073e-10,0.5341029844420043,0.0,0.033202332554105735,"[[3105, 0], [0, 2853]]","[[190, 155], [166, 151]]"
disclosure_x_bias,298,init_knn1,F1,log_loss,1.1043797588401483e-07,7.7512079480819605,1.0,0.5151741293532338,5.328074350374568e-10,0.534062684675693,0.0,0.033202332554105735,"[[3105, 0], [0, 2853]]","[[190, 155], [166, 151]]"
disclosure_x_bias,299,init_knn1,F1,log_loss,1.1042586438706528e-07,7.751221514197331,1.0,0.5151741293532338,5.328792611934354e-10,0.5342443662300417,0.0,0.033202332554105735,"[[3105, 0], [0, 2853]]","[[190, 155], [166, 151]]"
disclosure_x_bias,300,init_knn1,F1,log_loss,1.104102753233608e-07,7.751372276817155,1.0,0.5151741293532338,5.326992691776117e-10,0.5341669932334894,0.0,0.033202332554105735,"[[3105, 0], [0, 2853]]","[[190, 155], [166, 151]]"
disclosure_x_bias,1,init_knn1,F1,exponential,727.5255609880654,750.0759503063601,1.0,0.5151741293532338,0.25294781071330313,105.13494751349423,0.0,0.033202332554105735,"[[3105, 0], [0, 2853]]","[[190, 155], [166, 151]]"
disclosure_x_bias,2,init_knn1,F1,exponential,731.4465830213627,753.2056077050959,1.0,0.5151741293532338,0.4949917961360722,104.92773649467667,0.0,0.033202332554105735,"[[3105, 0], [0, 2853]]","[[190, 155], [166, 151]]"
disclosure_x_bias,3,init_knn1,F1,exponential,735.0311545064471,756.4694181803918,1.0,0.5151741293532338,0.7488291374412673,105.83129778029536,0.0,0.033202332554105735,"[[3105, 0], [0, 2853]]","[[190, 155], [166, 151]]"
disclosure_x_bias,4,init_knn1,F1,exponential,738.366267512428,760.5088197342645,1.0,0.5151741293532338,1.024002460988598,106.65611443669685,0.0,0.033202332554105735,"[[3105, 0], [0, 2853]]","[[190, 155], [166, 151]]"
disclosure_x_bias,5,init_knn1,F1,exponential,741.4229112679684,763.2986986920039,1.0,0.5151741293532338,1.2223148696193786,107.34888205624159,0.0,0.033202332554105735,"[[3105, 0], [0, 2853]]","[[190, 155], [166, 151]]"
disclosure_x_bias,6,init_knn1,F1,exponential,744.190181303933,765.78054567436,1.0,0.5151741293532338,1.2243465515051404,107.12124376501372,0.0,0.033202332554105735,"[[3105, 0], [0, 2853]]","[[190, 155], [166, 151]]"
disclosure_x_bias,7,init_knn1,F1,exponential,746.7642518201085,768.8819831143671,1.0,0.5151741293532338,1.4024441813396542,108.1023192774501,0.0,0.033202332554105735,"[[3105, 0], [0, 2853]]","[[190, 155], [166, 151]]"
disclosure_x_bias,8,init_knn1,F1,exponential,749.2796040516876,770.7787535771538,1.0,0.5151741293532338,1.625812864494868,109.48146014943295,0.0,0.033202332554105735,"[[3105, 0], [0, 2853]]","[[190, 155], [166, 151]]"
disclosure_x_bias,9,init_knn1,F1,exponential,751.5545076157715,773.0245395437418,1.0,0.5151741293532338,1.776497249305289,109.94509078788485,0.0,0.033202332554105735,"[[3105, 0], [0, 2853]]","[[190, 155], [166, 151]]"
disclosure_x_bias,10,init_knn1,F1,exponential,753.7326442913201,775.2605736555471,1.0,0.5151741293532338,1.867204830497884,110.01137329442948,0.0,0.033202332554105735,"[[3105, 0], [0, 2853]]","[[190, 155], [166, 151]]"
disclosure_x_bias,11,init_knn1,F1,exponential,755.6599623588456,776.5690567873323,1.0,0.5151741293532338,1.9793399090226211,111.24582093128994,0.0,0.033202332554105735,"[[3105, 0], [0, 2853]]","[[190, 155], [166, 151]]"
disclosure_x_bias,12,init_knn1,F1,exponential,757.6565519264177,780.1110632387606,1.0,0.5151741293532338,2.373089563223975,112.83964707323084,0.0,0.033202332554105735,"[[3105, 0], [0, 2853]]","[[190, 155], [166, 151]]"
disclosure_x_bias,13,init_knn1,F1,exponential,759.4964124517354,782.0281349756481,1.0,0.5151741293532338,2.6215432746279115,112.56445826022987,0.0,0.033202332554105735,"[[3105, 0], [0, 2853]]","[[190, 155], [166, 151]]"
disclosure_x_bias,14,init_knn1,F1,exponential,761.1185798981298,783.4040286765253,1.0,0.5151741293532338,2.656353404201433,113.2179938004398,0.0,0.033202332554105735,"[[3105, 0], [0, 2853]]","[[190, 155], [166, 151]]"
disclosure_x_bias,15,init_knn1,F1,exponential,762.6513807723888,785.0161706845112,1.0,0.5151741293532338,2.7430312524297196,113.03036948082917,0.0,0.033202332554105735,"[[3105, 0], [0, 2853]]","[[190, 155], [166, 151]]"
disclosure_x_bias,16,init_knn1,F1,exponential,764.200305967685,786.3621334481661,1.0,0.5151741293532338,2.8277343848949,112.47648851354674,0.0,0.033202332554105735,"[[3105, 0], [0, 2853]]","[[190, 155], [166, 151]]"
disclosure_x_bias,17,init_knn1,F1,exponential,765.7104064107018,787.6476503339743,1.0,0.5151741293532338,2.8147720250539017,112.82785923891713,0.0,0.033202332554105735,"[[3105, 0], [0, 2853]]","[[190, 155], [166, 151]]"
disclosure_x_bias,18,init_knn1,F1,exponential,766.9259707856211,787.6025398467743,1.0,0.5151741293532338,2.79639411508021,112.92996560481866,0.0,0.033202332554105735,"[[3105, 0], [0, 2853]]","[[190, 155], [166, 151]]"
disclosure_x_bias,19,init_knn1,F1,exponential,768.4283332928762,789.3656718185326,1.0,0.5151741293532338,3.4808252077833437,115.26610500899216,0.0,0.033202332554105735,"[[3105, 0], [0, 2853]]","[[190, 155], [166, 151]]"
disclosure_x_bias,20,init_knn1,F1,exponential,769.673667572966,790.5952671575317,1.0,0.5151741293532338,3.589843360964988,116.09273739921863,0.0,0.033202332554105735,"[[3105, 0], [0, 2853]]","[[190, 155], [166, 151]]"
disclosure_x_bias,21,init_knn1,F1,exponential,770.9697462298192,791.7041268777799,1.0,0.5151741293532338,3.716711515258135,116.50765542452181,0.0,0.033202332554105735,"[[3105, 0], [0, 2853]]","[[190, 155], [166, 151]]"
disclosure_x_bias,22,init_knn1,F1,exponential,772.0902461888028,792.9748111952856,1.0,0.5151741293532338,3.81505303407519,116.37522745973244,0.0,0.033202332554105735,"[[3105, 0], [0, 2853]]","[[190, 155], [166, 151]]"
disclosure_x_bias,23,init_knn1,F1,exponential,773.026785289029,793.9012180115208,1.0,0.5151741293532338,3.765228191289702,115.90988737468389,0.0,0.033202332554105735,"[[3105, 0], [0, 2853]]","[[190, 155], [166, 151]]"
disclosure_x_bias,24,init_knn1,F1,exponential,774.1964611150163,795.2334127840237,1.0,0.5151741293532338,3.859791179188146,116.25693796846575,0.0,0.033202332554105735,"[[3105, 0], [0, 2853]]","[[190, 155], [166, 151]]"
disclosure_x_bias,25,init_knn1,F1,exponential,775.279275349311,796.5325230340047,1.0,0.5151741293532338,3.8651708551095045,115.60302819768924,0.0,0.033202332554105735,"[[3105, 0], [0, 2853]]","[[190, 155], [166, 151]]"
disclosure_x_bias,26,init_knn1,F1,exponential,776.5891357173126,797.9048407414014,1.0,0.5151741293532338,4.69353198784153,117.90974963796667,0.0,0.033202332554105735,"[[3105, 0], [0, 2853]]","[[190, 155], [166, 151]]"
disclosure_x_bias,27,init_knn1,F1,exponential,777.7183140453343,798.808728165886,1.0,0.5151741293532338,4.658915939089153,117.42263899587708,0.0,0.033202332554105735,"[[3105, 0], [0, 2853]]","[[190, 155], [166, 151]]"
disclosure_x_bias,28,init_knn1,F1,exponential,778.6498783861728,799.3401333565084,1.0,0.5151741293532338,4.774943733729885,117.96395320812832,0.0,0.033202332554105735,"[[3105, 0], [0, 2853]]","[[190, 155], [166, 151]]"
disclosure_x_bias,29,init_knn1,F1,exponential,779.5439797653754,800.0528831442147,1.0,0.5151741293532338,4.802607546832524,117.85640029483447,0.0,0.033202332554105735,"[[3105, 0], [0, 2853]]","[[190, 155], [166, 151]]"
disclosure_x_bias,30,init_knn1,F1,exponential,780.4488405446295,800.1581171592912,1.0,0.5151741293532338,4.998839787765305,117.98129977850061,0.0,0.033202332554105735,"[[3105, 0], [0, 2853]]","[[190, 155], [166, 151]]"
disclosure_x_bias,31,init_knn1,F1,exponential,781.2843257683016,801.178994119213,1.0,0.5151741293532338,4.985949339430141,118.61622733547551,0.0,0.033202332554105735,"[[3105, 0], [0, 2853]]","[[190, 155], [166, 151]]"
disclosure_x_bias,32,init_knn1,F1,exponential,782.197387910526,801.5610606819008,1.0,0.5151741293532338,5.286611834956578,119.01744221483214,0.0,0.033202332554105735,"[[3105, 0], [0, 2853]]","[[190, 155], [166, 151]]"
disclosure_x_bias,33,init_knn1,F1,exponential,783.189447112504,802.1623951768295,1.0,0.5151741293532338,5.174868897611257,119.09361015487487,0.0,0.033202332554105735,"[[3105, 0], [0, 2853]]","[[190, 155], [166, 151]]"
disclosure_x_bias,34,init_knn1,F1,exponential,784.0915734176406,803.3403763396374,1.0,0.5151741293532338,5.254067102055511,119.41279474796762,0.0,0.033202332554105735,"[[3105, 0], [0, 2853]]","[[190, 155], [166, 151]]"
disclosure_x_bias,35,init_knn1,F1,exponential,784.9146699080097,803.8890390127955,1.0,0.5151741293532338,5.213276756246395,119.10205457931758,0.0,0.033202332554105735,"[[3105, 0], [0, 2853]]","[[190, 155], [166, 151]]"
disclosure_x_bias,36,init_knn1,F1,exponential,785.6455161762951,804.5008836488499,1.0,0.5151741293532338,5.377801812137998,118.92829993596496,0.0,0.033202332554105735,"[[3105, 0], [0, 2853]]","[[190, 155], [166, 151]]"
disclosure_x_bias,37,init_knn1,F1,exponential,786.4767783493778,804.8564159301837,1.0,0.5151741293532338,5.497140544431763,119.05548054469287,0.0,0.033202332554105735,"[[3105, 0], [0, 2853]]","[[190, 155], [166, 151]]"
disclosure_x_bias,38,init_knn1,F1,exponential,787.5394443473538,805.9458584569045,1.0,0.5151741293532338,5.26290665027339,118.5712509936908,0.0,0.033202332554105735,"[[3105, 0], [0, 2853]]","[[190, 155], [166, 151]]"
disclosure_x_bias,39,init_knn1,F1,exponential,788.5962630754046,807.4584809655126,1.0,0.5151741293532338,6.359866506281704,121.46446953775941,0.0,0.033202332554105735,"[[3105, 0], [0, 2853]]","[[190, 155], [166, 151]]"
disclosure_x_bias,40,init_knn1,F1,exponential,789.3752443871319,807.9405477820585,1.0,0.5151741293532338,6.497538234312786,121.33086314833031,0.0,0.033202332554105735,"[[3105, 0], [0, 2853]]","[[190, 155], [166, 151]]"
disclosure_x_bias,41,init_knn1,F1,exponential,790.0171494561727,808.026169317298,1.0,0.5151741293532338,6.543019791565928,121.82160837192953,0.0,0.033202332554105735,"[[3105, 0], [0, 2853]]","[[190, 155], [166, 151]]"
disclosure_x_bias,42,init_knn1,F1,exponential,790.7385902239946,808.6132008313577,1.0,0.5151741293532338,6.416089682446699,121.27045832581358,0.0,0.033202332554105735,"[[3105, 0], [0, 2853]]","[[190, 155], [166, 151]]"
disclosure_x_bias,43,init_knn1,F1,exponential,791.5060639040837,809.0393014240038,1.0,0.5151741293532338,6.310114178871795,121.24962582415606,0.0,0.033202332554105735,"[[3105, 0], [0, 2853]]","[[190, 155], [166, 151]]"
disclosure_x_bias,44,init_knn1,F1,exponential,792.4673969507465,809.7554994451696,1.0,0.5151741293532338,6.534174992985008,120.8882486781784,0.0,0.033202332554105735,"[[3105, 0], [0, 2853]]","[[190, 155], [166, 151]]"
disclosure_x_bias,45,init_knn1,F1,exponential,793.2191052646384,811.0431666613115,1.0,0.5151741293532338,6.588945901388275,121.15580016994576,0.0,0.033202332554105735,"[[3105, 0], [0, 2853]]","[[190, 155], [166, 151]]"
disclosure_x_bias,46,init_knn1,F1,exponential,794.1438543902393,811.7989602509826,1.0,0.5151741293532338,6.740289702457913,121.8562675683833,0.0,0.033202332554105735,"[[3105, 0], [0, 2853]]","[[190, 155], [166, 151]]"
disclosure_x_bias,47,init_knn1,F1,exponential,795.3475227388496,813.8824197850242,1.0,0.5151741293532338,7.9336441335169425,124.41368025847727,0.0,0.033202332554105735,"[[3105, 0], [0, 2853]]","[[190, 155], [166, 151]]"
disclosure_x_bias,48,init_knn1,F1,exponential,796.1367239012847,814.5362848145004,1.0,0.5151741293532338,7.800863517328292,124.59093465133955,0.0,0.033202332554105735,"[[3105, 0], [0, 2853]]","[[190, 155], [166, 151]]"
disclosure_x_bias,49,init_knn1,F1,exponential,796.8776762091354,814.4231510626964,1.0,0.5151741293532338,7.853627712677048,124.49751349393517,0.0,0.033202332554105735,"[[3105, 0], [0, 2853]]","[[190, 155], [166, 151]]"
disclosure_x_bias,50,init_knn1,F1,exponential,797.5993914878434,814.6777378931716,1.0,0.5151741293532338,7.78319404686268,124.8428779956547,0.0,0.033202332554105735,"[[3105, 0], [0, 2853]]","[[190, 155], [166, 151]]"
disclosure_x_bias,51,init_knn1,F1,exponential,798.1043088452352,815.0225990432909,1.0,0.5151741293532338,7.616239380893741,124.62868991370098,0.0,0.033202332554105735,"[[3105, 0], [0, 2853]]","[[190, 155], [166, 151]]"
disclosure_x_bias,52,init_knn1,F1,exponential,798.7722415754208,815.718903344286,1.0,0.5151741293532338,7.732020114989105,123.87148257647725,0.0,0.033202332554105735,"[[3105, 0], [0, 2853]]","[[190, 155], [166, 151]]"
disclosure_x_bias,53,init_knn1,F1,exponential,799.5545156857863,816.0922104334595,1.0,0.5151741293532338,7.880151737416026,123.79471955105085,0.0,0.033202332554105735,"[[3105, 0], [0, 2853]]","[[190, 155], [166, 151]]"
disclosure_x_bias,54,init_knn1,F1,exponential,800.3616155704012,817.1203173870766,1.0,0.5151741293532338,7.724903628410739,123.45727294401193,0.0,0.033202332554105735,"[[3105, 0], [0, 2853]]","[[190, 155], [166, 151]]"
disclosure_x_bias,55,init_knn1,F1,exponential,800.8598644333891,817.8926124490904,1.0,0.5151741293532338,7.676299863619032,123.81782124004067,0.0,0.033202332554105735,"[[3105, 0], [0, 2853]]","[[190, 155], [166, 151]]"
disclosure_x_bias,56,init_knn1,F1,exponential,801.545209212056,818.1221600979649,1.0,0.5151741293532338,7.631058304591297,123.45587192680635,0.0,0.033202332554105735,"[[3105, 0], [0, 2853]]","[[190, 155], [166, 151]]"
disclosure_x_bias,57,init_knn1,F1,exponential,802.1116105880647,818.5956409047251,1.0,0.5151741293532338,7.6207849485454995,124.02799205430195,0.0,0.033202332554105735,"[[3105, 0], [0, 2853]]","[[190, 155], [166, 151]]"
disclosure_x_bias,58,init_knn1,F1,exponential,802.975126713809,819.9109029338551,1.0,0.5151741293532338,7.6401928521919595,123.41828308343797,0.0,0.033202332554105735,"[[3105, 0], [0, 2853]]","[[190, 155], [166, 151]]"
disclosure_x_bias,59,init_knn1,F1,exponential,803.9811396024995,820.9761276279766,1.0,0.5151741293532338,7.7301762587406335,124.52269443308903,0.0,0.033202332554105735,"[[3105, 0], [0, 2853]]","[[190, 155], [166, 151]]"
disclosure_x_bias,60,init_knn1,F1,exponential,804.691640909599,820.9675896943265,1.0,0.5151741293532338,7.490087687774575,124.70951362579,0.0,0.033202332554105735,"[[3105, 0], [0, 2853]]","[[190, 155], [166, 151]]"
disclosure_x_bias,61,init_knn1,F1,exponential,805.3237558860076,821.688221634915,1.0,0.5151741293532338,7.6402497252929455,124.92113628552318,0.0,0.033202332554105735,"[[3105, 0], [0, 2853]]","[[190, 155], [166, 151]]"
disclosure_x_bias,62,init_knn1,F1,exponential,805.8380483260902,822.3266198217731,1.0,0.5151741293532338,7.556982010042531,125.18255928279622,0.0,0.033202332554105735,"[[3105, 0], [0, 2853]]","[[190, 155], [166, 151]]"
disclosure_x_bias,63,init_knn1,F1,exponential,806.5225587669822,822.3991054144365,1.0,0.5151741293532338,7.661489751435764,125.64933572118288,0.0,0.033202332554105735,"[[3105, 0], [0, 2853]]","[[190, 155], [166, 151]]"
disclosure_x_bias,64,init_knn1,F1,exponential,807.0552770472275,822.5837809198061,1.0,0.5151741293532338,7.667571146628558,125.76633767152536,0.0,0.033202332554105735,"[[3105, 0], [0, 2853]]","[[190, 155], [166, 151]]"
disclosure_x_bias,65,init_knn1,F1,exponential,808.1941329834046,823.9925035938392,1.0,0.5151741293532338,9.551434088563921,129.15274461571764,0.0,0.033202332554105735,"[[3105, 0], [0, 2853]]","[[190, 155], [166, 151]]"
disclosure_x_bias,66,init_knn1,F1,exponential,808.7890912073627,824.3653916470814,1.0,0.5151741293532338,9.592526493773285,128.6524008905648,0.0,0.033202332554105735,"[[3105, 0], [0, 2853]]","[[190, 155], [166, 151]]"
disclosure_x_bias,67,init_knn1,F1,exponential,809.1611366609161,825.1517500849392,1.0,0.5151741293532338,9.610573948180715,128.5299384306947,0.0,0.033202332554105735,"[[3105, 0], [0, 2853]]","[[190, 155], [166, 151]]"
disclosure_x_bias,68,init_knn1,F1,exponential,809.5769195990008,825.7775625848001,1.0,0.5151741293532338,9.483007984251465,128.29508289817556,0.0,0.033202332554105735,"[[3105, 0], [0, 2853]]","[[190, 155], [166, 151]]"
disclosure_x_bias,69,init_knn1,F1,exponential,810.1957103125527,825.7554796002329,1.0,0.5151741293532338,9.33476299917204,128.05715445187275,0.0,0.033202332554105735,"[[3105, 0], [0, 2853]]","[[190, 155], [166, 151]]"
disclosure_x_bias,70,init_knn1,F1,exponential,810.6664452169025,826.0280934561011,1.0,0.5151741293532338,9.374921338929164,127.96878710759636,0.0,0.033202332554105735,"[[3105, 0], [0, 2853]]","[[190, 155], [166, 151]]"
disclosure_x_bias,71,init_knn1,F1,exponential,811.6596307106346,826.7110708564711,1.0,0.5151741293532338,9.265837871763814,127.69881238879198,0.0,0.033202332554105735,"[[3105, 0], [0, 2853]]","[[190, 155], [166, 151]]"
disclosure_x_bias,72,init_knn1,F1,exponential,812.2176667710859,827.5874602423935,1.0,0.5151741293532338,9.182806719583688,128.3334437423864,0.0,0.033202332554105735,"[[3105, 0], [0, 2853]]","[[190, 155], [166, 151]]"
disclosure_x_bias,73,init_knn1,F1,exponential,812.863697970016,828.2711106550236,1.0,0.5151741293532338,9.315456333276556,128.05956546313064,0.0,0.033202332554105735,"[[3105, 0], [0, 2853]]","[[190, 155], [166, 151]]"
disclosure_x_bias,74,init_knn1,F1,exponential,813.3207469890737,828.7604805273729,1.0,0.5151741293532338,9.360263682757575,128.44500043264748,0.0,0.033202332554105735,"[[3105, 0], [0, 2853]]","[[190, 155], [166, 151]]"
disclosure_x_bias,75,init_knn1,F1,exponential,813.6866042109284,829.2215499981432,1.0,0.5151741293532338,9.24291623377052,128.23301447209954,0.0,0.033202332554105735,"[[3105, 0], [0, 2853]]","[[190, 155], [166, 151]]"
disclosure_x_bias,76,init_knn1,F1,exponential,814.404768516746,829.2042217649357,1.0,0.5151741293532338,9.279337767791201,128.36476687417576,0.0,0.033202332554105735,"[[3105, 0], [0, 2853]]","[[190, 155], [166, 151]]"
disclosure_x_bias,77,init_knn1,F1,exponential,815.0603969916563,829.6234192844167,1.0,0.5151741293532338,9.419745786159794,128.23238736150546,0.0,0.033202332554105735,"[[3105, 0], [0, 2853]]","[[190, 155], [166, 151]]"
disclosure_x_bias,78,init_knn1,F1,exponential,815.2703918229909,830.2095929223018,1.0,0.5151741293532338,9.348235712099369,129.0709681371307,0.0,0.033202332554105735,"[[3105, 0], [0, 2853]]","[[190, 155], [166, 151]]"
disclosure_x_bias,79,init_knn1,F1,exponential,816.8232106675549,832.1230608575967,1.0,0.5151741293532338,11.077917870089548,133.03075404349153,0.0,0.033202332554105735,"[[3105, 0], [0, 2853]]","[[190, 155], [166, 151]]"
disclosure_x_bias,80,init_knn1,F1,exponential,817.6353563001705,832.3131444976128,1.0,0.5151741293532338,11.040279652088621,132.76809090272522,0.0,0.033202332554105735,"[[3105, 0], [0, 2853]]","[[190, 155], [166, 151]]"
disclosure_x_bias,81,init_knn1,F1,exponential,818.1230478834389,832.7318757942696,1.0,0.5151741293532338,11.187485315921554,132.78805801058311,0.0,0.033202332554105735,"[[3105, 0], [0, 2853]]","[[190, 155], [166, 151]]"
disclosure_x_bias,82,init_knn1,F1,exponential,818.6751235040068,833.2923737179732,1.0,0.5151741293532338,11.167471119204652,132.72116643868108,0.0,0.033202332554105735,"[[3105, 0], [0, 2853]]","[[190, 155], [166, 151]]"
disclosure_x_bias,83,init_knn1,F1,exponential,819.1886838690431,833.3697195695258,1.0,0.5151741293532338,11.177321166318352,132.68220120772418,0.0,0.033202332554105735,"[[3105, 0], [0, 2853]]","[[190, 155], [166, 151]]"
disclosure_x_bias,84,init_knn1,F1,exponential,819.847011251061,834.1158839292272,1.0,0.5151741293532338,11.180189464472345,132.43986155970472,0.0,0.033202332554105735,"[[3105, 0], [0, 2853]]","[[190, 155], [166, 151]]"
disclosure_x_bias,85,init_knn1,F1,exponential,820.6086499291077,834.0926122366254,1.0,0.5151741293532338,11.443560027578975,132.3104068135372,0.0,0.033202332554105735,"[[3105, 0], [0, 2853]]","[[190, 155], [166, 151]]"
disclosure_x_bias,86,init_knn1,F1,exponential,821.0425750150882,834.0536340953471,1.0,0.5151741293532338,11.351289624443915,132.11000127840032,0.0,0.033202332554105735,"[[3105, 0], [0, 2853]]","[[190, 155], [166, 151]]"
disclosure_x_bias,87,init_knn1,F1,exponential,821.7371280001238,834.8729760149633,1.0,0.5151741293532338,11.346585977960633,131.9362277510414,0.0,0.033202332554105735,"[[3105, 0], [0, 2853]]","[[190, 155], [166, 151]]"
disclosure_x_bias,88,init_knn1,F1,exponential,822.2011004441935,835.274387275034,1.0,0.5151741293532338,11.35009445508455,132.10163298737746,0.0,0.033202332554105735,"[[3105, 0], [0, 2853]]","[[190, 155], [166, 151]]"
disclosure_x_bias,89,init_knn1,F1,exponential,822.7622121421764,835.1528196975853,1.0,0.5151741293532338,11.406784321942933,132.0449778563559,0.0,0.033202332554105735,"[[3105, 0], [0, 2853]]","[[190, 155], [166, 151]]"
disclosure_x_bias,90,init_knn1,F1,exponential,823.4408947884764,836.5948277357566,1.0,0.5151741293532338,11.301943695120137,132.1225001845011,0.0,0.033202332554105735,"[[3105, 0], [0, 2853]]","[[190, 155], [166, 151]]"
disclosure_x_bias,91,init_knn1,F1,exponential,823.9072763271035,837.1603976700617,1.0,0.5151741293532338,11.42754566287809,132.03907760616906,0.0,0.033202332554105735,"[[3105, 0], [0, 2853]]","[[190, 155], [166, 151]]"
disclosure_x_bias,92,init_knn1,F1,exponential,824.5458233752848,837.2630929413148,1.0,0.5151741293532338,11.331988826462918,131.84910111652937,0.0,0.033202332554105735,"[[3105, 0], [0, 2853]]","[[190, 155], [166, 151]]"
disclosure_x_bias,93,init_knn1,F1,exponential,824.9787650034041,837.9171119951491,1.0,0.5151741293532338,11.282652441389873,132.76338869973992,0.0,0.033202332554105735,"[[3105, 0], [0, 2853]]","[[190, 155], [166, 151]]"
disclosure_x_bias,94,init_knn1,F1,exponential,825.2561719608559,837.833813427627,1.0,0.5151741293532338,11.353002041100668,132.47608879697256,0.0,0.033202332554105735,"[[3105, 0], [0, 2853]]","[[190, 155], [166, 151]]"
disclosure_x_bias,95,init_knn1,F1,exponential,825.6767411616763,838.2937264444327,1.0,0.5151741293532338,11.463535201293096,132.82559603626967,0.0,0.033202332554105735,"[[3105, 0], [0, 2853]]","[[190, 155], [166, 151]]"
disclosure_x_bias,96,init_knn1,F1,exponential,826.1284701407901,838.4461963638275,1.0,0.5151741293532338,11.536773476381057,133.35202805406348,0.0,0.033202332554105735,"[[3105, 0], [0, 2853]]","[[190, 155], [166, 151]]"
disclosure_x_bias,97,init_knn1,F1,exponential,826.6124133419959,838.2786873507221,1.0,0.5151741293532338,11.281812769832591,133.34635573263313,0.0,0.033202332554105735,"[[3105, 0], [0, 2853]]","[[190, 155], [166, 151]]"
disclosure_x_bias,98,init_knn1,F1,exponential,827.4886877452133,839.3525094364865,1.0,0.5151741293532338,11.225420390803128,133.4733290143666,0.0,0.033202332554105735,"[[3105, 0], [0, 2853]]","[[190, 155], [166, 151]]"
disclosure_x_bias,99,init_knn1,F1,exponential,827.7573715787033,839.2446167274065,1.0,0.5151741293532338,11.389664396977086,133.36862225603264,0.0,0.033202332554105735,"[[3105, 0], [0, 2853]]","[[190, 155], [166, 151]]"
disclosure_x_bias,100,init_knn1,F1,exponential,828.5294795242064,839.42967866198,1.0,0.5151741293532338,11.291003948675899,133.44490657502914,0.0,0.033202332554105735,"[[3105, 0], [0, 2853]]","[[190, 155], [166, 151]]"
disclosure_x_bias,101,init_knn1,F1,exponential,829.1032092376487,839.465863160934,1.0,0.5151741293532338,11.469787601087356,133.39557975265296,0.0,0.033202332554105735,"[[3105, 0], [0, 2853]]","[[190, 155], [166, 151]]"
disclosure_x_bias,102,init_knn1,F1,exponential,830.4717602865678,841.3205468343891,1.0,0.5151741293532338,13.420493668887751,137.2880771244181,0.0,0.033202332554105735,"[[3105, 0], [0, 2853]]","[[190, 155], [166, 151]]"
disclosure_x_bias,103,init_knn1,F1,exponential,831.0297877027499,842.065513959497,1.0,0.5151741293532338,13.499851015214094,136.561501956754,0.0,0.033202332554105735,"[[3105, 0], [0, 2853]]","[[190, 155], [166, 151]]"
disclosure_x_bias,104,init_knn1,F1,exponential,831.8047052114487,842.24043151776,1.0,0.5151741293532338,13.539383072964299,137.17136704007564,0.0,0.033202332554105735,"[[3105, 0], [0, 2853]]","[[190, 155], [166, 151]]"
disclosure_x_bias,105,init_knn1,F1,exponential,832.1787152172976,842.422849677481,1.0,0.5151741293532338,13.671015314186299,137.30351298748838,0.0,0.033202332554105735,"[[3105, 0], [0, 2853]]","[[190, 155], [166, 151]]"
disclosure_x_bias,106,init_knn1,F1,exponential,832.5579787668499,842.9355180500552,1.0,0.5151741293532338,13.51010163799972,137.23919998699208,0.0,0.033202332554105735,"[[3105, 0], [0, 2853]]","[[190, 155], [166, 151]]"
disclosure_x_bias,107,init_knn1,F1,exponential,832.7574364065471,843.0161129734921,1.0,0.5151741293532338,13.52436394100273,137.2874168755511,0.0,0.033202332554105735,"[[3105, 0], [0, 2853]]","[[190, 155], [166, 151]]"
disclosure_x_bias,108,init_knn1,F1,exponential,833.1483682227581,843.7747477594187,1.0,0.5151741293532338,13.40921626661708,138.0662712793389,0.0,0.033202332554105735,"[[3105, 0], [0, 2853]]","[[190, 155], [166, 151]]"
disclosure_x_bias,109,init_knn1,F1,exponential,833.440160706485,843.8029594259708,1.0,0.5151741293532338,13.602153036020606,137.92545511996187,0.0,0.033202332554105735,"[[3105, 0], [0, 2853]]","[[190, 155], [166, 151]]"
disclosure_x_bias,110,init_knn1,F1,exponential,833.9322283539232,844.636379584681,1.0,0.5151741293532338,13.963858483788428,138.40987291631507,0.0,0.033202332554105735,"[[3105, 0], [0, 2853]]","[[190, 155], [166, 151]]"
disclosure_x_bias,111,init_knn1,F1,exponential,834.5105963369045,845.5507113932683,1.0,0.5151741293532338,14.387038142275731,137.70704372441048,0.0,0.033202332554105735,"[[3105, 0], [0, 2853]]","[[190, 155], [166, 151]]"
disclosure_x_bias,112,init_knn1,F1,exponential,835.0393265322851,846.39932833814,1.0,0.5151741293532338,14.384381709872251,138.24688463568017,0.0,0.033202332554105735,"[[3105, 0], [0, 2853]]","[[190, 155], [166, 151]]"
disclosure_x_bias,113,init_knn1,F1,exponential,835.5642927555542,846.764546412743,1.0,0.5151741293532338,14.335093392878688,138.48758879499502,0.0,0.033202332554105735,"[[3105, 0], [0, 2853]]","[[190, 155], [166, 151]]"
disclosure_x_bias,114,init_knn1,F1,exponential,835.6445843349113,846.7965503252799,1.0,0.5151741293532338,14.248985157774905,138.49147417017804,0.0,0.033202332554105735,"[[3105, 0], [0, 2853]]","[[190, 155], [166, 151]]"
disclosure_x_bias,115,init_knn1,F1,exponential,836.0812920181336,846.6586108111536,1.0,0.5151741293532338,14.226276501097823,138.52341462632566,0.0,0.033202332554105735,"[[3105, 0], [0, 2853]]","[[190, 155], [166, 151]]"
disclosure_x_bias,116,init_knn1,F1,exponential,836.3699075525863,846.6439504677348,1.0,0.5151741293532338,14.316613372491148,138.69860133313085,0.0,0.033202332554105735,"[[3105, 0], [0, 2853]]","[[190, 155], [166, 151]]"
disclosure_x_bias,117,init_knn1,F1,exponential,836.5506347074337,846.8008643501462,1.0,0.5151741293532338,14.235743099379722,138.66811624340016,0.0,0.033202332554105735,"[[3105, 0], [0, 2853]]","[[190, 155], [166, 151]]"
disclosure_x_bias,118,init_knn1,F1,exponential,837.1452229357453,847.3180848979357,1.0,0.5151741293532338,14.205782894671021,138.26561382647168,0.0,0.033202332554105735,"[[3105, 0], [0, 2853]]","[[190, 155], [166, 151]]"
disclosure_x_bias,119,init_knn1,F1,exponential,837.26275931151,846.9815401394035,1.0,0.5151741293532338,14.105177930514289,138.30810080859524,0.0,0.033202332554105735,"[[3105, 0], [0, 2853]]","[[190, 155], [166, 151]]"
disclosure_x_bias,120,init_knn1,F1,exponential,837.931442792843,847.7475474836128,1.0,0.5151741293532338,14.12204369334571,138.00061604271173,0.0,0.033202332554105735,"[[3105, 0], [0, 2853]]","[[190, 155], [166, 151]]"
disclosure_x_bias,121,init_knn1,F1,exponential,838.55031809874,848.3246535081568,1.0,0.5151741293532338,14.010420088597876,137.89974035606306,0.0,0.033202332554105735,"[[3105, 0], [0, 2853]]","[[190, 155], [166, 151]]"
disclosure_x_bias,122,init_knn1,F1,exponential,838.7153673488885,848.4096858532239,1.0,0.5151741293532338,14.064739243694635,138.5431553942236,0.0,0.033202332554105735,"[[3105, 0], [0, 2853]]","[[190, 155], [166, 151]]"
disclosure_x_bias,123,init_knn1,F1,exponential,838.9357386878453,848.6697081102363,1.0,0.5151741293532338,14.239741516212538,138.9459784099883,0.0,0.033202332554105735,"[[3105, 0], [0, 2853]]","[[190, 155], [166, 151]]"
disclosure_x_bias,124,init_knn1,F1,exponential,839.46009274634,849.2995670517082,1.0,0.5151741293532338,14.087713050633853,138.54077457898939,0.0,0.033202332554105735,"[[3105, 0], [0, 2853]]","[[190, 155], [166, 151]]"
disclosure_x_bias,125,init_knn1,F1,exponential,839.5712652426315,849.280852257579,1.0,0.5151741293532338,14.188339238932409,138.92285686390937,0.0,0.033202332554105735,"[[3105, 0], [0, 2853]]","[[190, 155], [166, 151]]"
disclosure_x_bias,126,init_knn1,F1,exponential,840.0816523453374,849.8002669193456,1.0,0.5151741293532338,14.343756712647057,138.78959906322433,0.0,0.033202332554105735,"[[3105, 0], [0, 2853]]","[[190, 155], [166, 151]]"
disclosure_x_bias,127,init_knn1,F1,exponential,840.180978384964,849.6501762509181,1.0,0.5151741293532338,14.448953540997692,138.98606800857,0.0,0.033202332554105735,"[[3105, 0], [0, 2853]]","[[190, 155], [166, 151]]"
disclosure_x_bias,128,init_knn1,F1,exponential,840.3063191827563,849.6448645583405,1.0,0.5151741293532338,14.400964966818918,139.05487018681208,0.0,0.033202332554105735,"[[3105, 0], [0, 2853]]","[[190, 155], [166, 151]]"
disclosure_x_bias,129,init_knn1,F1,exponential,840.5629488193454,849.5530254816204,1.0,0.5151741293532338,14.50422526153769,139.38695879926414,0.0,0.033202332554105735,"[[3105, 0], [0, 2853]]","[[190, 155], [166, 151]]"
disclosure_x_bias,130,init_knn1,F1,exponential,841.1649426290854,849.398829329211,1.0,0.5151741293532338,13.987528584679854,139.2129687999316,0.0,0.033202332554105735,"[[3105, 0], [0, 2853]]","[[190, 155], [166, 151]]"
disclosure_x_bias,131,init_knn1,F1,exponential,841.6943955586978,849.7015023059105,1.0,0.5151741293532338,13.980292295384505,139.3805273742082,0.0,0.033202332554105735,"[[3105, 0], [0, 2853]]","[[190, 155], [166, 151]]"
disclosure_x_bias,132,init_knn1,F1,exponential,841.9001074479596,849.8658133636056,1.0,0.5151741293532338,13.965431418917152,139.30835673770522,0.0,0.033202332554105735,"[[3105, 0], [0, 2853]]","[[190, 155], [166, 151]]"
disclosure_x_bias,133,init_knn1,F1,exponential,842.4402276234174,849.9494040555697,1.0,0.5151741293532338,13.792004201742074,139.15837156340731,0.0,0.033202332554105735,"[[3105, 0], [0, 2853]]","[[190, 155], [166, 151]]"
disclosure_x_bias,134,init_knn1,F1,exponential,842.5609366947319,849.5959006745231,1.0,0.5151741293532338,13.73623107693992,139.16998756639498,0.0,0.033202332554105735,"[[3105, 0], [0, 2853]]","[[190, 155], [166, 151]]"
disclosure_x_bias,135,init_knn1,F1,exponential,843.8377367268537,849.728182032695,1.0,0.5151741293532338,14.00953722652824,139.5085791393835,0.0,0.033202332554105735,"[[3105, 0], [0, 2853]]","[[190, 155], [166, 151]]"
disclosure_x_bias,136,init_knn1,F1,exponential,844.5272330578221,850.2565031498432,1.0,0.5151741293532338,14.065507029295864,139.52210721002206,0.0,0.033202332554105735,"[[3105, 0], [0, 2853]]","[[190, 155], [166, 151]]"
disclosure_x_bias,137,init_knn1,F1,exponential,845.590928899726,852.1651712040579,1.0,0.5151741293532338,16.517092675681127,144.39464024794793,0.0,0.033202332554105735,"[[3105, 0], [0, 2853]]","[[190, 155], [166, 151]]"
disclosure_x_bias,138,init_knn1,F1,exponential,845.7923482019899,852.4762640437508,1.0,0.5151741293532338,16.452071671998908,144.49269325220695,0.0,0.033202332554105735,"[[3105, 0], [0, 2853]]","[[190, 155], [166, 151]]"
disclosure_x_bias,139,init_knn1,F1,exponential,845.8607753953268,852.4342083890609,1.0,0.5151741293532338,16.541478315657884,144.69620482637654,0.0,0.033202332554105735,"[[3105, 0], [0, 2853]]","[[190, 155], [166, 151]]"
disclosure_x_bias,140,init_knn1,F1,exponential,846.2390985105334,852.6426141328923,1.0,0.5151741293532338,16.546786376371415,145.0539064735172,0.0,0.033202332554105735,"[[3105, 0], [0, 2853]]","[[190, 155], [166, 151]]"
disclosure_x_bias,141,init_knn1,F1,exponential,846.3918262867626,852.4490368837453,1.0,0.5151741293532338,16.70298577269429,145.24126644865666,0.0,0.033202332554105735,"[[3105, 0], [0, 2853]]","[[190, 155], [166, 151]]"
disclosure_x_bias,142,init_knn1,F1,exponential,846.7530035682094,853.1453543717162,1.0,0.5151741293532338,16.33754269142353,144.57445479958287,0.0,0.033202332554105735,"[[3105, 0], [0, 2853]]","[[190, 155], [166, 151]]"
disclosure_x_bias,143,init_knn1,F1,exponential,846.8152380973136,852.7660211694347,1.0,0.5151741293532338,16.34663610244444,144.6387934091056,0.0,0.033202332554105735,"[[3105, 0], [0, 2853]]","[[190, 155], [166, 151]]"
disclosure_x_bias,144,init_knn1,F1,exponential,847.0690450780021,853.3339406717536,1.0,0.5151741293532338,16.373574366580204,144.22129113767616,0.0,0.033202332554105735,"[[3105, 0], [0, 2853]]","[[190, 155], [166, 151]]"
disclosure_x_bias,145,init_knn1,F1,exponential,847.5620256955465,853.0867742321825,1.0,0.5151741293532338,16.40490029058186,144.2388447637656,0.0,0.033202332554105735,"[[3105, 0], [0, 2853]]","[[190, 155], [166, 151]]"
disclosure_x_bias,146,init_knn1,F1,exponential,847.6820359364195,853.1839066357494,1.0,0.5151741293532338,16.516635002744184,144.0538187260914,0.0,0.033202332554105735,"[[3105, 0], [0, 2853]]","[[190, 155], [166, 151]]"
disclosure_x_bias,147,init_knn1,F1,exponential,847.9264060833782,853.0188336570676,1.0,0.5151741293532338,16.956804105388212,144.12734728174317,0.0,0.033202332554105735,"[[3105, 0], [0, 2853]]","[[190, 155], [166, 151]]"
disclosure_x_bias,148,init_knn1,F1,exponential,848.1073387295116,853.3627827429422,1.0,0.5151741293532338,16.821092480654524,143.99120543546587,0.0,0.033202332554105735,"[[3105, 0], [0, 2853]]","[[190, 155], [166, 151]]"
disclosure_x_bias,149,init_knn1,F1,exponential,848.5856192046494,853.3609113009716,1.0,0.5151741293532338,16.83445002416976,143.94567799058208,0.0,0.033202332554105735,"[[3105, 0], [0, 2853]]","[[190, 155], [166, 151]]"
disclosure_x_bias,150,init_knn1,F1,exponential,849.2105422172057,854.2141092638676,1.0,0.5151741293532338,16.762452121851315,144.09973564785815,0.0,0.033202332554105735,"[[3105, 0], [0, 2853]]","[[190, 155], [166, 151]]"
disclosure_x_bias,151,init_knn1,F1,exponential,849.4986903973997,854.370162176138,1.0,0.5151741293532338,16.576384841503923,144.11686654183768,0.0,0.033202332554105735,"[[3105, 0], [0, 2853]]","[[190, 155], [166, 151]]"
disclosure_x_bias,152,init_knn1,F1,exponential,849.6433333443294,854.3479773416836,1.0,0.5151741293532338,16.534242657472337,144.09658191713606,0.0,0.033202332554105735,"[[3105, 0], [0, 2853]]","[[190, 155], [166, 151]]"
disclosure_x_bias,153,init_knn1,F1,exponential,850.0821345232847,854.697819260813,1.0,0.5151741293532338,16.521886607467717,144.97110046134577,0.0,0.033202332554105735,"[[3105, 0], [0, 2853]]","[[190, 155], [166, 151]]"
disclosure_x_bias,154,init_knn1,F1,exponential,850.3009229992655,854.7304853855442,1.0,0.5151741293532338,16.593167126161724,145.31324122341525,0.0,0.033202332554105735,"[[3105, 0], [0, 2853]]","[[190, 155], [166, 151]]"
disclosure_x_bias,155,init_knn1,F1,exponential,850.384194209463,854.6428357980965,1.0,0.5151741293532338,16.507830332191144,145.23196930885877,0.0,0.033202332554105735,"[[3105, 0], [0, 2853]]","[[190, 155], [166, 151]]"
disclosure_x_bias,156,init_knn1,F1,exponential,850.6670373491928,854.8016695356542,1.0,0.5151741293532338,16.603796713537186,145.54722442675697,0.0,0.033202332554105735,"[[3105, 0], [0, 2853]]","[[190, 155], [166, 151]]"
disclosure_x_bias,157,init_knn1,F1,exponential,851.0296104166922,854.6105374864503,1.0,0.5151741293532338,16.375224605830436,144.7569197879886,0.0,0.033202332554105735,"[[3105, 0], [0, 2853]]","[[190, 155], [166, 151]]"
disclosure_x_bias,158,init_knn1,F1,exponential,851.6131705766077,855.527388971352,1.0,0.5151741293532338,16.67448097573701,145.30034861730007,0.0,0.033202332554105735,"[[3105, 0], [0, 2853]]","[[190, 155], [166, 151]]"
disclosure_x_bias,159,init_knn1,F1,exponential,852.0116992310889,855.2205508568538,1.0,0.5151741293532338,16.65858149023148,145.1685752872346,0.0,0.033202332554105735,"[[3105, 0], [0, 2853]]","[[190, 155], [166, 151]]"
disclosure_x_bias,160,init_knn1,F1,exponential,852.1578465772687,855.4706166332659,1.0,0.5151741293532338,16.523855365511725,145.20548771841706,0.0,0.033202332554105735,"[[3105, 0], [0, 2853]]","[[190, 155], [166, 151]]"
disclosure_x_bias,161,init_knn1,F1,exponential,852.4009564896851,855.3971763994159,1.0,0.5151741293532338,16.737652536411836,145.01715038068642,0.0,0.033202332554105735,"[[3105, 0], [0, 2853]]","[[190, 155], [166, 151]]"
disclosure_x_bias,162,init_knn1,F1,exponential,852.5197581649863,855.4189032065326,1.0,0.5151741293532338,16.545226732140833,145.16330462056382,0.0,0.033202332554105735,"[[3105, 0], [0, 2853]]","[[190, 155], [166, 151]]"
disclosure_x_bias,163,init_knn1,F1,exponential,852.9605156913606,855.3790939094433,1.0,0.5151741293532338,16.894861497232572,145.24013460247605,0.0,0.033202332554105735,"[[3105, 0], [0, 2853]]","[[190, 155], [166, 151]]"
disclosure_x_bias,164,init_knn1,F1,exponential,853.0915217481031,855.6011947279782,1.0,0.5151741293532338,16.953193672153784,145.8818951245206,0.0,0.033202332554105735,"[[3105, 0], [0, 2853]]","[[190, 155], [166, 151]]"
disclosure_x_bias,165,init_knn1,F1,exponential,853.3839342138095,855.6316144727878,1.0,0.5151741293532338,17.13147232697043,146.02341270306277,0.0,0.033202332554105735,"[[3105, 0], [0, 2853]]","[[190, 155], [166, 151]]"
disclosure_x_bias,166,init_knn1,F1,exponential,853.8861100642118,856.2997033599461,1.0,0.5151741293532338,16.778099641019967,146.0755702502844,0.0,0.033202332554105735,"[[3105, 0], [0, 2853]]","[[190, 155], [166, 151]]"
disclosure_x_bias,167,init_knn1,F1,exponential,854.080535163939,856.4044923469776,1.0,0.5151741293532338,16.976415553377286,146.3563561146931,0.0,0.033202332554105735,"[[3105, 0], [0, 2853]]","[[190, 155], [166, 151]]"
disclosure_x_bias,168,init_knn1,F1,exponential,854.2117406248628,856.635674664255,1.0,0.5151741293532338,16.846521143764498,146.41432941940448,0.0,0.033202332554105735,"[[3105, 0], [0, 2853]]","[[190, 155], [166, 151]]"
disclosure_x_bias,169,init_knn1,F1,exponential,854.4846298674844,856.7088348584706,1.0,0.5151741293532338,16.93833827029887,146.33289336863075,0.0,0.033202332554105735,"[[3105, 0], [0, 2853]]","[[190, 155], [166, 151]]"
disclosure_x_bias,170,init_knn1,F1,exponential,854.9838154826696,857.321337512269,1.0,0.5151741293532338,16.798823088441836,145.97935678119464,0.0,0.033202332554105735,"[[3105, 0], [0, 2853]]","[[190, 155], [166, 151]]"
disclosure_x_bias,171,init_knn1,F1,exponential,855.2426325099502,857.5141145671435,1.0,0.5151741293532338,16.852746722659067,146.2387048216357,0.0,0.033202332554105735,"[[3105, 0], [0, 2853]]","[[190, 155], [166, 151]]"
disclosure_x_bias,172,init_knn1,F1,exponential,855.324275526515,857.5840861700214,1.0,0.5151741293532338,16.92245143728977,146.7922086496602,0.0,0.033202332554105735,"[[3105, 0], [0, 2853]]","[[190, 155], [166, 151]]"
disclosure_x_bias,173,init_knn1,F1,exponential,855.956977665038,858.1506933366711,1.0,0.5151741293532338,16.542829293537654,146.47800353777725,0.0,0.033202332554105735,"[[3105, 0], [0, 2853]]","[[190, 155], [166, 151]]"
disclosure_x_bias,174,init_knn1,F1,exponential,856.0917659142648,858.012549971649,1.0,0.5151741293532338,16.60894408886565,146.39274028832904,0.0,0.033202332554105735,"[[3105, 0], [0, 2853]]","[[190, 155], [166, 151]]"
disclosure_x_bias,175,init_knn1,F1,exponential,856.3971518116807,858.5092342342459,1.0,0.5151741293532338,16.438497705285073,146.5011534477003,0.0,0.033202332554105735,"[[3105, 0], [0, 2853]]","[[190, 155], [166, 151]]"
disclosure_x_bias,176,init_knn1,F1,exponential,856.5553005432063,858.2426594637175,1.0,0.5151741293532338,16.504250130520873,146.50249509659227,0.0,0.033202332554105735,"[[3105, 0], [0, 2853]]","[[190, 155], [166, 151]]"
disclosure_x_bias,177,init_knn1,F1,exponential,856.784496726819,858.5564286862336,1.0,0.5151741293532338,16.464188659365604,146.48101433115764,0.0,0.033202332554105735,"[[3105, 0], [0, 2853]]","[[190, 155], [166, 151]]"
disclosure_x_bias,178,init_knn1,F1,exponential,857.2190302320708,858.5319307045007,1.0,0.5151741293532338,16.544542673951153,147.44228494639987,0.0,0.033202332554105735,"[[3105, 0], [0, 2853]]","[[190, 155], [166, 151]]"
disclosure_x_bias,179,init_knn1,F1,exponential,857.59621207813,859.0430360178518,1.0,0.5151741293532338,16.468692038451817,147.18080958254794,0.0,0.033202332554105735,"[[3105, 0], [0, 2853]]","[[190, 155], [166, 151]]"
disclosure_x_bias,180,init_knn1,F1,exponential,857.9910373808112,859.5568970422994,1.0,0.5151741293532338,16.308294466556152,147.096767338309,0.0,0.033202332554105735,"[[3105, 0], [0, 2853]]","[[190, 155], [166, 151]]"
disclosure_x_bias,181,init_knn1,F1,exponential,858.1314913573231,859.9228829443251,1.0,0.5151741293532338,16.267746187812534,147.45791675151162,0.0,0.033202332554105735,"[[3105, 0], [0, 2853]]","[[190, 155], [166, 151]]"
disclosure_x_bias,182,init_knn1,F1,exponential,858.4063301771436,859.7224052118536,1.0,0.5151741293532338,16.168456301503685,147.32737572511718,0.0,0.033202332554105735,"[[3105, 0], [0, 2853]]","[[190, 155], [166, 151]]"
disclosure_x_bias,183,init_knn1,F1,exponential,858.5746795220206,860.1045005180131,1.0,0.5151741293532338,16.176999280374073,147.42847125485918,0.0,0.033202332554105735,"[[3105, 0], [0, 2853]]","[[190, 155], [166, 151]]"
disclosure_x_bias,184,init_knn1,F1,exponential,858.8524244468423,860.2696941495562,1.0,0.5151741293532338,16.171730865091313,146.87699817552416,0.0,0.033202332554105735,"[[3105, 0], [0, 2853]]","[[190, 155], [166, 151]]"
disclosure_x_bias,185,init_knn1,F1,exponential,858.9828146663707,860.2829536713076,1.0,0.5151741293532338,15.901294209692944,146.69364723831407,0.0,0.033202332554105735,"[[3105, 0], [0, 2853]]","[[190, 155], [166, 151]]"
disclosure_x_bias,186,init_knn1,F1,exponential,859.2518372663393,860.5352084745093,1.0,0.5151741293532338,16.280412260990826,147.15674045872058,0.0,0.033202332554105735,"[[3105, 0], [0, 2853]]","[[190, 155], [166, 151]]"
disclosure_x_bias,187,init_knn1,F1,exponential,860.6245058136423,862.880383607371,1.0,0.5151741293532338,19.316071671089706,152.70175696284073,0.0,0.033202332554105735,"[[3105, 0], [0, 2853]]","[[190, 155], [166, 151]]"
disclosure_x_bias,188,init_knn1,F1,exponential,860.6034135333773,862.6784616026977,1.0,0.5151741293532338,19.322076582322,152.85932187738996,0.0,0.033202332554105735,"[[3105, 0], [0, 2853]]","[[190, 155], [166, 151]]"
disclosure_x_bias,189,init_knn1,F1,exponential,861.4910210695771,863.0941813126271,1.0,0.5151741293532338,19.188695195709112,152.48003907994385,0.0,0.033202332554105735,"[[3105, 0], [0, 2853]]","[[190, 155], [166, 151]]"
disclosure_x_bias,190,init_knn1,F1,exponential,861.7062655754393,862.9694151303544,1.0,0.5151741293532338,18.89596510460963,152.61421981940794,0.0,0.033202332554105735,"[[3105, 0], [0, 2853]]","[[190, 155], [166, 151]]"
disclosure_x_bias,191,init_knn1,F1,exponential,861.9059507118785,863.0660461067944,1.0,0.5151741293532338,19.029892536874097,152.34081199651828,0.0,0.033202332554105735,"[[3105, 0], [0, 2853]]","[[190, 155], [166, 151]]"
disclosure_x_bias,192,init_knn1,F1,exponential,861.8635805861777,862.4324103328867,1.0,0.5151741293532338,18.803490568552373,152.09151530050937,0.0,0.033202332554105735,"[[3105, 0], [0, 2853]]","[[190, 155], [166, 151]]"
disclosure_x_bias,193,init_knn1,F1,exponential,862.2087286477184,862.7335232231919,1.0,0.5151741293532338,18.9416455719849,152.34746392467352,0.0,0.033202332554105735,"[[3105, 0], [0, 2853]]","[[190, 155], [166, 151]]"
disclosure_x_bias,194,init_knn1,F1,exponential,862.1754563087936,862.5789775059538,1.0,0.5151741293532338,18.915117386112538,152.40067295119547,0.0,0.033202332554105735,"[[3105, 0], [0, 2853]]","[[190, 155], [166, 151]]"
disclosure_x_bias,195,init_knn1,F1,exponential,862.6797102388757,863.0671834042129,1.0,0.5151741293532338,18.89398078951554,152.37998199140668,0.0,0.033202332554105735,"[[3105, 0], [0, 2853]]","[[190, 155], [166, 151]]"
disclosure_x_bias,196,init_knn1,F1,exponential,862.9955495836087,863.7009159584628,1.0,0.5151741293532338,18.979606251310788,152.43916258897573,0.0,0.033202332554105735,"[[3105, 0], [0, 2853]]","[[190, 155], [166, 151]]"
disclosure_x_bias,197,init_knn1,F1,exponential,863.3967603318054,863.535344288782,1.0,0.5151741293532338,18.938398840029215,152.3190614330392,0.0,0.033202332554105735,"[[3105, 0], [0, 2853]]","[[190, 155], [166, 151]]"
disclosure_x_bias,198,init_knn1,F1,exponential,863.5721952722646,863.8772707823589,1.0,0.5151741293532338,18.880552190921456,152.32638482772805,0.0,0.033202332554105735,"[[3105, 0], [0, 2853]]","[[190, 155], [166, 151]]"
disclosure_x_bias,199,init_knn1,F1,exponential,863.934203786492,864.260954369974,1.0,0.5151741293532338,18.74191933462258,152.27803107849715,0.0,0.033202332554105735,"[[3105, 0], [0, 2853]]","[[190, 155], [166, 151]]"
disclosure_x_bias,200,init_knn1,F1,exponential,864.5843723714122,864.016112638479,1.0,0.5151741293532338,18.764933818507068,152.43705089346898,0.0,0.033202332554105735,"[[3105, 0], [0, 2853]]","[[190, 155], [166, 151]]"
disclosure_x_bias,201,init_knn1,F1,exponential,864.8125097349891,864.28406788889,1.0,0.5151741293532338,18.85394952517114,152.70611092378,0.0,0.033202332554105735,"[[3105, 0], [0, 2853]]","[[190, 155], [166, 151]]"
disclosure_x_bias,202,init_knn1,F1,exponential,865.0862963493792,864.3319095762442,1.0,0.5151741293532338,18.82512808066846,152.31932348797298,0.0,0.033202332554105735,"[[3105, 0], [0, 2853]]","[[190, 155], [166, 151]]"
disclosure_x_bias,203,init_knn1,F1,exponential,865.5074546257489,864.0828465376462,1.0,0.5151741293532338,18.775784810256656,152.78984707043995,0.0,0.033202332554105735,"[[3105, 0], [0, 2853]]","[[190, 155], [166, 151]]"
disclosure_x_bias,204,init_knn1,F1,exponential,865.6260885320942,864.1002641217816,1.0,0.5151741293532338,18.512017394987865,152.46928297406944,0.0,0.033202332554105735,"[[3105, 0], [0, 2853]]","[[190, 155], [166, 151]]"
disclosure_x_bias,205,init_knn1,F1,exponential,866.2506903720383,863.9622277644654,1.0,0.5151741293532338,18.580420997447092,152.314079260175,0.0,0.033202332554105735,"[[3105, 0], [0, 2853]]","[[190, 155], [166, 151]]"
disclosure_x_bias,206,init_knn1,F1,exponential,866.4329550754135,864.6697824526989,1.0,0.5151741293532338,18.588977211069988,152.46739961736878,0.0,0.033202332554105735,"[[3105, 0], [0, 2853]]","[[190, 155], [166, 151]]"
disclosure_x_bias,207,init_knn1,F1,exponential,866.7819642217904,865.3050935207182,1.0,0.5151741293532338,18.77117153265572,152.2252825574916,0.0,0.033202332554105735,"[[3105, 0], [0, 2853]]","[[190, 155], [166, 151]]"
disclosure_x_bias,208,init_knn1,F1,exponential,866.8372009085699,865.0257635340437,1.0,0.5151741293532338,18.608039599680023,152.36961212830226,0.0,0.033202332554105735,"[[3105, 0], [0, 2853]]","[[190, 155], [166, 151]]"
disclosure_x_bias,209,init_knn1,F1,exponential,866.9574654818425,865.0549967247522,1.0,0.5151741293532338,18.9247077049858,151.8940430797698,0.0,0.033202332554105735,"[[3105, 0], [0, 2853]]","[[190, 155], [166, 151]]"
disclosure_x_bias,210,init_knn1,F1,exponential,867.3993471887355,864.8661637993007,1.0,0.5151741293532338,18.733885997774806,151.90270252879563,0.0,0.033202332554105735,"[[3105, 0], [0, 2853]]","[[190, 155], [166, 151]]"
disclosure_x_bias,211,init_knn1,F1,exponential,867.9071497709768,865.0472169619276,1.0,0.5151741293532338,19.307023044025108,151.7314276704113,0.0,0.033202332554105735,"[[3105, 0], [0, 2853]]","[[190, 155], [166, 151]]"
disclosure_x_bias,212,init_knn1,F1,exponential,868.2284124633616,864.9900132996993,1.0,0.5151741293532338,19.219022270365375,151.71444122207672,0.0,0.033202332554105735,"[[3105, 0], [0, 2853]]","[[190, 155], [166, 151]]"
disclosure_x_bias,213,init_knn1,F1,exponential,868.4417557545481,864.8736408015733,1.0,0.5151741293532338,19.253472448686786,151.9536370820224,0.0,0.033202332554105735,"[[3105, 0], [0, 2853]]","[[190, 155], [166, 151]]"
disclosure_x_bias,214,init_knn1,F1,exponential,868.5527928962443,865.0760701642266,1.0,0.5151741293532338,19.48003958128552,152.42917589168346,0.0,0.033202332554105735,"[[3105, 0], [0, 2853]]","[[190, 155], [166, 151]]"
disclosure_x_bias,215,init_knn1,F1,exponential,868.6783967050205,865.2775204321149,1.0,0.5151741293532338,19.351663298564766,152.32511058972776,0.0,0.033202332554105735,"[[3105, 0], [0, 2853]]","[[190, 155], [166, 151]]"
disclosure_x_bias,216,init_knn1,F1,exponential,869.3166063318822,866.261943737962,1.0,0.5151741293532338,19.159810642829807,152.5155462030118,0.0,0.033202332554105735,"[[3105, 0], [0, 2853]]","[[190, 155], [166, 151]]"
disclosure_x_bias,217,init_knn1,F1,exponential,869.5145586439918,866.3424653050624,1.0,0.5151741293532338,19.20743253596978,152.21657031725982,0.0,0.033202332554105735,"[[3105, 0], [0, 2853]]","[[190, 155], [166, 151]]"
disclosure_x_bias,218,init_knn1,F1,exponential,869.6199636505328,866.6282426299201,1.0,0.5151741293532338,19.2798880186454,153.3897393520596,0.0,0.033202332554105735,"[[3105, 0], [0, 2853]]","[[190, 155], [166, 151]]"
disclosure_x_bias,219,init_knn1,F1,exponential,869.7517765124837,866.7882430436739,1.0,0.5151741293532338,19.284600175766503,153.48355434253804,0.0,0.033202332554105735,"[[3105, 0], [0, 2853]]","[[190, 155], [166, 151]]"
disclosure_x_bias,220,init_knn1,F1,exponential,869.9505345087737,866.9488484307046,1.0,0.5151741293532338,19.22887299755227,153.45977959590562,0.0,0.033202332554105735,"[[3105, 0], [0, 2853]]","[[190, 155], [166, 151]]"
disclosure_x_bias,221,init_knn1,F1,exponential,870.1211067776421,867.1453161819702,1.0,0.5151741293532338,19.264298078118188,153.6367268084761,0.0,0.033202332554105735,"[[3105, 0], [0, 2853]]","[[190, 155], [166, 151]]"
disclosure_x_bias,222,init_knn1,F1,exponential,870.4200309780342,867.5005145754973,1.0,0.5151741293532338,19.637648585733572,154.39105939852809,0.0,0.033202332554105735,"[[3105, 0], [0, 2853]]","[[190, 155], [166, 151]]"
disclosure_x_bias,223,init_knn1,F1,exponential,870.5092228571215,867.1529634202558,1.0,0.5151741293532338,19.421488571630913,153.85960169862622,0.0,0.033202332554105735,"[[3105, 0], [0, 2853]]","[[190, 155], [166, 151]]"
disclosure_x_bias,224,init_knn1,F1,exponential,870.9861037960761,867.8423399578958,1.0,0.5151741293532338,19.443429370196196,153.66756012155633,0.0,0.033202332554105735,"[[3105, 0], [0, 2853]]","[[190, 155], [166, 151]]"
disclosure_x_bias,225,init_knn1,F1,exponential,871.1512437014159,867.5933079089039,1.0,0.5151741293532338,19.512452566138975,153.6201829015264,0.0,0.033202332554105735,"[[3105, 0], [0, 2853]]","[[190, 155], [166, 151]]"
disclosure_x_bias,226,init_knn1,F1,exponential,871.2822589481315,867.8973281356363,1.0,0.5151741293532338,19.407096782123325,153.51033538992763,0.0,0.033202332554105735,"[[3105, 0], [0, 2853]]","[[190, 155], [166, 151]]"
disclosure_x_bias,227,init_knn1,F1,exponential,871.5984649059026,868.0237737301107,1.0,0.5151741293532338,19.579599913925552,153.65876799093985,0.0,0.033202332554105735,"[[3105, 0], [0, 2853]]","[[190, 155], [166, 151]]"
disclosure_x_bias,228,init_knn1,F1,exponential,871.8180651773753,868.4929186364432,1.0,0.5151741293532338,19.871554222754582,153.15892356790607,0.0,0.033202332554105735,"[[3105, 0], [0, 2853]]","[[190, 155], [166, 151]]"
disclosure_x_bias,229,init_knn1,F1,exponential,872.2131760988999,868.8093210033963,1.0,0.5151741293532338,19.666081288941204,153.0838177434243,0.0,0.033202332554105735,"[[3105, 0], [0, 2853]]","[[190, 155], [166, 151]]"
disclosure_x_bias,230,init_knn1,F1,exponential,872.2662451260583,868.7364742903368,1.0,0.5151741293532338,19.681932952359578,153.1853825860692,0.0,0.033202332554105735,"[[3105, 0], [0, 2853]]","[[190, 155], [166, 151]]"
disclosure_x_bias,231,init_knn1,F1,exponential,872.4481195569278,868.6997705389091,1.0,0.5151741293532338,19.881398854220944,153.07110956791215,0.0,0.033202332554105735,"[[3105, 0], [0, 2853]]","[[190, 155], [166, 151]]"
disclosure_x_bias,232,init_knn1,F1,exponential,872.5500661073307,868.6769156742854,1.0,0.5151741293532338,19.706140583873495,153.00331500270374,0.0,0.033202332554105735,"[[3105, 0], [0, 2853]]","[[190, 155], [166, 151]]"
disclosure_x_bias,233,init_knn1,F1,exponential,872.8529782078031,868.785946249703,1.0,0.5151741293532338,19.779958632546816,152.8992178160426,0.0,0.033202332554105735,"[[3105, 0], [0, 2853]]","[[190, 155], [166, 151]]"
disclosure_x_bias,234,init_knn1,F1,exponential,873.3969435840188,869.522993123522,1.0,0.5151741293532338,19.636252420168717,153.84246882822532,0.0,0.033202332554105735,"[[3105, 0], [0, 2853]]","[[190, 155], [166, 151]]"
disclosure_x_bias,235,init_knn1,F1,exponential,873.751122452713,869.6538608436398,1.0,0.5151741293532338,19.57365283028425,153.81568486062528,0.0,0.033202332554105735,"[[3105, 0], [0, 2853]]","[[190, 155], [166, 151]]"
disclosure_x_bias,236,init_knn1,F1,exponential,873.8238332233392,869.7821445490779,1.0,0.5151741293532338,19.552823021627255,154.04718878749662,0.0,0.033202332554105735,"[[3105, 0], [0, 2853]]","[[190, 155], [166, 151]]"
disclosure_x_bias,237,init_knn1,F1,exponential,874.0745696116707,869.7416009721521,1.0,0.5151741293532338,19.796844292633292,154.0181113320006,0.0,0.033202332554105735,"[[3105, 0], [0, 2853]]","[[190, 155], [166, 151]]"
disclosure_x_bias,238,init_knn1,F1,exponential,874.2012988048873,869.5906587344456,1.0,0.5151741293532338,19.559816664128956,154.24336327520007,0.0,0.033202332554105735,"[[3105, 0], [0, 2853]]","[[190, 155], [166, 151]]"
disclosure_x_bias,239,init_knn1,F1,exponential,874.2784090342999,869.3595500044117,1.0,0.5151741293532338,19.57502120152754,154.1795885042177,0.0,0.033202332554105735,"[[3105, 0], [0, 2853]]","[[190, 155], [166, 151]]"
disclosure_x_bias,240,init_knn1,F1,exponential,874.5431084264774,869.565460183168,1.0,0.5151741293532338,19.41311385588171,154.14041327784597,0.0,0.033202332554105735,"[[3105, 0], [0, 2853]]","[[190, 155], [166, 151]]"
disclosure_x_bias,241,init_knn1,F1,exponential,874.7204862829249,869.4939199415337,1.0,0.5151741293532338,19.568693741176464,154.22105729784482,0.0,0.033202332554105735,"[[3105, 0], [0, 2853]]","[[190, 155], [166, 151]]"
disclosure_x_bias,242,init_knn1,F1,exponential,876.351570985869,872.0439709935297,1.0,0.5151741293532338,22.76618018574093,160.03325670652347,0.0,0.033202332554105735,"[[3105, 0], [0, 2853]]","[[190, 155], [166, 151]]"
disclosure_x_bias,243,init_knn1,F1,exponential,876.6731885747813,872.0798206199764,1.0,0.5151741293532338,23.13066312846838,160.1606190422404,0.0,0.033202332554105735,"[[3105, 0], [0, 2853]]","[[190, 155], [166, 151]]"
disclosure_x_bias,244,init_knn1,F1,exponential,876.858210054493,872.4826794379973,1.0,0.5151741293532338,22.703201989670138,159.67115800206142,0.0,0.033202332554105735,"[[3105, 0], [0, 2853]]","[[190, 155], [166, 151]]"
disclosure_x_bias,245,init_knn1,F1,exponential,876.8926764995322,872.5627897907098,1.0,0.5151741293532338,23.003473646849482,159.83614302512248,0.0,0.033202332554105735,"[[3105, 0], [0, 2853]]","[[190, 155], [166, 151]]"
disclosure_x_bias,246,init_knn1,F1,exponential,877.1022815506625,872.5569054451571,1.0,0.5151741293532338,22.812608945374475,159.87587621713448,0.0,0.033202332554105735,"[[3105, 0], [0, 2853]]","[[190, 155], [166, 151]]"
disclosure_x_bias,247,init_knn1,F1,exponential,877.4274919249698,873.2404855425968,1.0,0.5151741293532338,22.94505898129866,159.54640204130217,0.0,0.033202332554105735,"[[3105, 0], [0, 2853]]","[[190, 155], [166, 151]]"
disclosure_x_bias,248,init_knn1,F1,exponential,877.5430997763369,873.5954114804475,1.0,0.5151741293532338,22.865479887757388,159.47072135325445,0.0,0.033202332554105735,"[[3105, 0], [0, 2853]]","[[190, 155], [166, 151]]"
disclosure_x_bias,249,init_knn1,F1,exponential,877.691526571869,873.4681803965652,1.0,0.5151741293532338,22.92226248721603,159.75090358576637,0.0,0.033202332554105735,"[[3105, 0], [0, 2853]]","[[190, 155], [166, 151]]"
disclosure_x_bias,250,init_knn1,F1,exponential,877.8183309452177,873.5302170417605,1.0,0.5151741293532338,22.871937077164638,159.90243130957475,0.0,0.033202332554105735,"[[3105, 0], [0, 2853]]","[[190, 155], [166, 151]]"
disclosure_x_bias,251,init_knn1,F1,exponential,877.9947175816202,873.4192041340006,1.0,0.5151741293532338,22.909152016433715,160.09695172555814,0.0,0.033202332554105735,"[[3105, 0], [0, 2853]]","[[190, 155], [166, 151]]"
disclosure_x_bias,252,init_knn1,F1,exponential,878.1309364277838,873.4124156969572,1.0,0.5151741293532338,22.802624789434706,160.14419348178427,0.0,0.033202332554105735,"[[3105, 0], [0, 2853]]","[[190, 155], [166, 151]]"
disclosure_x_bias,253,init_knn1,F1,exponential,878.3168640375804,873.9145891994807,1.0,0.5151741293532338,22.907026542003127,160.03606624702363,0.0,0.033202332554105735,"[[3105, 0], [0, 2853]]","[[190, 155], [166, 151]]"
disclosure_x_bias,254,init_knn1,F1,exponential,878.69367688126,873.9363695915966,1.0,0.5151741293532338,22.88125398866647,159.75618714620842,0.0,0.033202332554105735,"[[3105, 0], [0, 2853]]","[[190, 155], [166, 151]]"
disclosure_x_bias,255,init_knn1,F1,exponential,878.6022593829782,874.181801366583,1.0,0.5151741293532338,22.7819489957486,159.85616588652837,0.0,0.033202332554105735,"[[3105, 0], [0, 2853]]","[[190, 155], [166, 151]]"
disclosure_x_bias,256,init_knn1,F1,exponential,879.2107027013686,873.9962299275574,1.0,0.5151741293532338,22.55981710648231,159.96346241379516,0.0,0.033202332554105735,"[[3105, 0], [0, 2853]]","[[190, 155], [166, 151]]"
disclosure_x_bias,257,init_knn1,F1,exponential,879.2760647344782,874.2411237384551,1.0,0.5151741293532338,22.622733283200564,160.23830527677816,0.0,0.033202332554105735,"[[3105, 0], [0, 2853]]","[[190, 155], [166, 151]]"
disclosure_x_bias,258,init_knn1,F1,exponential,879.9118963926155,874.0586714213608,1.0,0.5151741293532338,22.49333137183732,159.93023677398182,0.0,0.033202332554105735,"[[3105, 0], [0, 2853]]","[[190, 155], [166, 151]]"
disclosure_x_bias,259,init_knn1,F1,exponential,880.2341621249836,874.5131991494809,1.0,0.5151741293532338,22.423921563118558,160.29225351456856,0.0,0.033202332554105735,"[[3105, 0], [0, 2853]]","[[190, 155], [166, 151]]"
disclosure_x_bias,260,init_knn1,F1,exponential,880.4736147107567,875.1561583212927,1.0,0.5151741293532338,22.645981307915527,161.09815045513835,0.0,0.033202332554105735,"[[3105, 0], [0, 2853]]","[[190, 155], [166, 151]]"
disclosure_x_bias,261,init_knn1,F1,exponential,880.9564372740233,875.6660245496208,1.0,0.5151741293532338,22.28114346025243,160.9689517191977,0.0,0.033202332554105735,"[[3105, 0], [0, 2853]]","[[190, 155], [166, 151]]"
disclosure_x_bias,262,init_knn1,F1,exponential,881.1834514956379,876.1182691647961,1.0,0.5151741293532338,22.44049138513655,160.87939920752714,0.0,0.033202332554105735,"[[3105, 0], [0, 2853]]","[[190, 155], [166, 151]]"
disclosure_x_bias,263,init_knn1,F1,exponential,881.1640744819891,876.1264810108316,1.0,0.5151741293532338,22.33707743062188,160.6614492204357,0.0,0.033202332554105735,"[[3105, 0], [0, 2853]]","[[190, 155], [166, 151]]"
disclosure_x_bias,264,init_knn1,F1,exponential,881.318652935063,876.2770878682562,1.0,0.5151741293532338,22.30290661935986,160.60467329169498,0.0,0.033202332554105735,"[[3105, 0], [0, 2853]]","[[190, 155], [166, 151]]"
disclosure_x_bias,265,init_knn1,F1,exponential,882.038374086974,876.2471826206854,1.0,0.5151741293532338,21.922439944329525,160.8537624145899,0.0,0.033202332554105735,"[[3105, 0], [0, 2853]]","[[190, 155], [166, 151]]"
disclosure_x_bias,266,init_knn1,F1,exponential,882.2738548454278,876.1401683567734,1.0,0.5151741293532338,22.035745251699524,160.5865267455251,0.0,0.033202332554105735,"[[3105, 0], [0, 2853]]","[[190, 155], [166, 151]]"
disclosure_x_bias,267,init_knn1,F1,exponential,882.3567807250813,876.1341765968442,1.0,0.5151741293532338,21.840021769334918,160.60977459576492,0.0,0.033202332554105735,"[[3105, 0], [0, 2853]]","[[190, 155], [166, 151]]"
disclosure_x_bias,268,init_knn1,F1,exponential,882.4933909774066,876.1033860650456,1.0,0.5151741293532338,21.846138144826224,160.58130196550877,0.0,0.033202332554105735,"[[3105, 0], [0, 2853]]","[[190, 155], [166, 151]]"
disclosure_x_bias,269,init_knn1,F1,exponential,882.5966100946746,876.3740039370352,1.0,0.5151741293532338,21.775459558746054,160.82694290280824,0.0,0.033202332554105735,"[[3105, 0], [0, 2853]]","[[190, 155], [166, 151]]"
disclosure_x_bias,270,init_knn1,F1,exponential,882.8061138877396,876.2153609124537,1.0,0.5151741293532338,21.754365144013352,160.67752376527332,0.0,0.033202332554105735,"[[3105, 0], [0, 2853]]","[[190, 155], [166, 151]]"
disclosure_x_bias,271,init_knn1,F1,exponential,882.8751575639335,876.4011683806506,1.0,0.5151741293532338,21.558073686672298,160.92683672508312,0.0,0.033202332554105735,"[[3105, 0], [0, 2853]]","[[190, 155], [166, 151]]"
disclosure_x_bias,272,init_knn1,F1,exponential,883.0316327213513,876.2871221381589,1.0,0.5151741293532338,21.724790012906276,160.52382031530652,0.0,0.033202332554105735,"[[3105, 0], [0, 2853]]","[[190, 155], [166, 151]]"
disclosure_x_bias,273,init_knn1,F1,exponential,883.2671471777792,876.9418008457953,1.0,0.5151741293532338,21.687232687021993,161.0266593125903,0.0,0.033202332554105735,"[[3105, 0], [0, 2853]]","[[190, 155], [166, 151]]"
disclosure_x_bias,274,init_knn1,F1,exponential,883.3059604092311,876.9267794539994,1.0,0.5151741293532338,21.570528474573177,161.1059778697089,0.0,0.033202332554105735,"[[3105, 0], [0, 2853]]","[[190, 155], [166, 151]]"
disclosure_x_bias,275,init_knn1,F1,exponential,884.1085823887021,877.7817095292432,1.0,0.5151741293532338,21.730125876142885,160.84863705345973,0.0,0.033202332554105735,"[[3105, 0], [0, 2853]]","[[190, 155], [166, 151]]"
disclosure_x_bias,276,init_knn1,F1,exponential,884.1489745978164,877.7944977785677,1.0,0.5151741293532338,21.61288297877719,160.63140162960727,0.0,0.033202332554105735,"[[3105, 0], [0, 2853]]","[[190, 155], [166, 151]]"
disclosure_x_bias,277,init_knn1,F1,exponential,884.4293012895523,878.198199500284,1.0,0.5151741293532338,21.952617098111944,161.51587218595978,0.0,0.033202332554105735,"[[3105, 0], [0, 2853]]","[[190, 155], [166, 151]]"
disclosure_x_bias,278,init_knn1,F1,exponential,884.5378172029874,878.0421480834408,1.0,0.5151741293532338,21.64510896106445,160.79278293342495,0.0,0.033202332554105735,"[[3105, 0], [0, 2853]]","[[190, 155], [166, 151]]"
disclosure_x_bias,279,init_knn1,F1,exponential,884.6925687239527,878.0735911595608,1.0,0.5151741293532338,21.76387434754812,161.15386397864634,0.0,0.033202332554105735,"[[3105, 0], [0, 2853]]","[[190, 155], [166, 151]]"
disclosure_x_bias,280,init_knn1,F1,exponential,884.7973823010132,878.3138379125487,1.0,0.5151741293532338,21.738472620806476,161.0041310016988,0.0,0.033202332554105735,"[[3105, 0], [0, 2853]]","[[190, 155], [166, 151]]"
disclosure_x_bias,281,init_knn1,F1,exponential,885.0502375011295,878.3939859255709,1.0,0.5151741293532338,21.7525449038146,161.1823240956772,0.0,0.033202332554105735,"[[3105, 0], [0, 2853]]","[[190, 155], [166, 151]]"
disclosure_x_bias,282,init_knn1,F1,exponential,885.4138850925353,878.6638199691695,1.0,0.5151741293532338,21.54386651868627,161.08886686770958,0.0,0.033202332554105735,"[[3105, 0], [0, 2853]]","[[190, 155], [166, 151]]"
disclosure_x_bias,283,init_knn1,F1,exponential,885.4591043964971,878.6032070743425,1.0,0.5151741293532338,21.653932313416963,161.3286478460332,0.0,0.033202332554105735,"[[3105, 0], [0, 2853]]","[[190, 155], [166, 151]]"
disclosure_x_bias,284,init_knn1,F1,exponential,885.9530067900884,878.9037961254395,1.0,0.5151741293532338,21.853014711723137,161.26791709668197,0.0,0.033202332554105735,"[[3105, 0], [0, 2853]]","[[190, 155], [166, 151]]"
disclosure_x_bias,285,init_knn1,F1,exponential,886.1334786850703,878.8999302252435,1.0,0.5151741293532338,21.96758609582805,161.5388018211358,0.0,0.033202332554105735,"[[3105, 0], [0, 2853]]","[[190, 155], [166, 151]]"
disclosure_x_bias,286,init_knn1,F1,exponential,886.2867639656184,879.244106483737,1.0,0.5151741293532338,21.861010942474557,161.282870470329,0.0,0.033202332554105735,"[[3105, 0], [0, 2853]]","[[190, 155], [166, 151]]"
disclosure_x_bias,287,init_knn1,F1,exponential,886.4079098389591,879.2688570686278,1.0,0.5151741293532338,21.89582255663636,161.18823919406157,0.0,0.033202332554105735,"[[3105, 0], [0, 2853]]","[[190, 155], [166, 151]]"
disclosure_x_bias,288,init_knn1,F1,exponential,886.5225987831678,879.3073856888101,1.0,0.5151741293532338,21.982511487306194,161.57056858596025,0.0,0.033202332554105735,"[[3105, 0], [0, 2853]]","[[190, 155], [166, 151]]"
disclosure_x_bias,289,init_knn1,F1,exponential,886.9504133090464,879.5106318762055,1.0,0.5151741293532338,22.658170950048977,161.29616099923774,0.0,0.033202332554105735,"[[3105, 0], [0, 2853]]","[[190, 155], [166, 151]]"
disclosure_x_bias,290,init_knn1,F1,exponential,886.9387235421106,879.5087165437201,1.0,0.5151741293532338,22.488824894744273,161.44163316106813,0.0,0.033202332554105735,"[[3105, 0], [0, 2853]]","[[190, 155], [166, 151]]"
disclosure_x_bias,291,init_knn1,F1,exponential,887.1898273779556,879.560722763024,1.0,0.5151741293532338,22.625827034325695,160.85827841805033,0.0,0.033202332554105735,"[[3105, 0], [0, 2853]]","[[190, 155], [166, 151]]"
disclosure_x_bias,292,init_knn1,F1,exponential,887.1909851139906,879.4051089685352,1.0,0.5151741293532338,22.65269271142076,161.18301119905976,0.0,0.033202332554105735,"[[3105, 0], [0, 2853]]","[[190, 155], [166, 151]]"
disclosure_x_bias,293,init_knn1,F1,exponential,888.021994063303,879.391328593043,1.0,0.5151741293532338,22.603211830113565,161.2891169149571,0.0,0.033202332554105735,"[[3105, 0], [0, 2853]]","[[190, 155], [166, 151]]"
disclosure_x_bias,294,init_knn1,F1,exponential,888.0633215054329,879.5476208747565,1.0,0.5151741293532338,22.60795436455757,161.48184053548698,0.0,0.033202332554105735,"[[3105, 0], [0, 2853]]","[[190, 155], [166, 151]]"
disclosure_x_bias,295,init_knn1,F1,exponential,888.3354290630359,879.8356181844662,1.0,0.5151741293532338,22.62290374211271,161.19255994976808,0.0,0.033202332554105735,"[[3105, 0], [0, 2853]]","[[190, 155], [166, 151]]"
disclosure_x_bias,296,init_knn1,F1,exponential,888.7060346013456,880.8389448161249,1.0,0.5151741293532338,22.658233914870223,160.9170803365772,0.0,0.033202332554105735,"[[3105, 0], [0, 2853]]","[[190, 155], [166, 151]]"
disclosure_x_bias,297,init_knn1,F1,exponential,888.7306817784229,880.4883755775242,1.0,0.5151741293532338,22.519750641171797,160.88272682160334,0.0,0.033202332554105735,"[[3105, 0], [0, 2853]]","[[190, 155], [166, 151]]"
disclosure_x_bias,298,init_knn1,F1,exponential,888.9239816458264,880.5081073312198,1.0,0.5151741293532338,22.640593403772854,161.01179548357084,0.0,0.033202332554105735,"[[3105, 0], [0, 2853]]","[[190, 155], [166, 151]]"
disclosure_x_bias,299,init_knn1,F1,exponential,889.2191400098405,880.8641631032272,1.0,0.5151741293532338,22.592751196700352,161.28690201793725,0.0,0.033202332554105735,"[[3105, 0], [0, 2853]]","[[190, 155], [166, 151]]"
disclosure_x_bias,300,init_knn1,F1,exponential,890.1097549956228,881.0295951951687,1.0,0.5151741293532338,22.586669047679543,161.2594191234086,0.0,0.033202332554105735,"[[3105, 0], [0, 2853]]","[[190, 155], [166, 151]]"
